 1.000000e-02  5.423999e+03  9.835360e+03  1.326396e+04  1.971316e+04 
 1.013939e-02  5.452852e+03  9.887874e+03  1.333479e+04  1.981828e+04 
 1.028073e-02  5.481244e+03  9.939520e+03  1.340446e+04  1.992168e+04 
 1.042404e-02  5.509157e+03  9.990312e+03  1.347298e+04  2.002332e+04 
 1.056935e-02  5.536584e+03  1.004020e+04  1.354025e+04  2.012314e+04 
 1.071668e-02  5.563498e+03  1.008916e+04  1.360626e+04  2.022107e+04 
 1.086606e-02  5.589870e+03  1.013710e+04  1.367094e+04  2.031697e+04 
 1.101753e-02  5.615690e+03  1.018406e+04  1.373422e+04  2.041082e+04 
 1.117111e-02  5.640934e+03  1.022994e+04  1.379608e+04  2.050255e+04 
 1.132683e-02  5.665580e+03  1.027475e+04  1.385649e+04  2.059209e+04 
 1.148472e-02  5.689606e+03  1.031840e+04  1.391533e+04  2.067932e+04 
 1.164481e-02  5.712990e+03  1.036090e+04  1.397259e+04  2.076415e+04 
 1.180713e-02  5.735708e+03  1.040217e+04  1.402821e+04  2.084655e+04 
 1.197171e-02  5.757752e+03  1.044221e+04  1.408214e+04  2.092646e+04 
 1.213859e-02  5.779083e+03  1.048094e+04  1.413434e+04  2.100373e+04 
 1.230780e-02  5.799687e+03  1.051835e+04  1.418471e+04  2.107831e+04 
 1.247936e-02  5.819534e+03  1.055438e+04  1.423324e+04  2.115011e+04 
 1.265332e-02  5.838615e+03  1.058902e+04  1.427986e+04  2.121908e+04 
 1.282970e-02  5.856905e+03  1.062218e+04  1.432451e+04  2.128514e+04 
 1.300854e-02  5.874381e+03  1.065388e+04  1.436718e+04  2.134819e+04 
 1.318987e-02  5.891016e+03  1.068405e+04  1.440777e+04  2.140819e+04 
 1.337373e-02  5.906797e+03  1.071266e+04  1.444625e+04  2.146502e+04 
 1.356015e-02  5.921702e+03  1.073966e+04  1.448255e+04  2.151861e+04 
 1.374917e-02  5.935707e+03  1.076502e+04  1.451667e+04  2.156891e+04 
 1.394083e-02  5.948781e+03  1.078871e+04  1.454846e+04  2.161582e+04 
 1.413516e-02  5.960907e+03  1.081063e+04  1.457794e+04  2.165921e+04 
 1.433219e-02  5.972058e+03  1.083080e+04  1.460499e+04  2.169905e+04 
 1.453198e-02  5.982214e+03  1.084915e+04  1.462960e+04  2.173521e+04 
 1.473454e-02  5.991352e+03  1.086564e+04  1.465171e+04  2.176766e+04 
 1.493993e-02  5.999443e+03  1.088022e+04  1.467123e+04  2.179625e+04 
 1.514819e-02  6.006501e+03  1.089295e+04  1.468827e+04  2.182115e+04 
 1.535935e-02  6.012479e+03  1.090372e+04  1.470265e+04  2.184213e+04 
 1.557345e-02  6.017355e+03  1.091248e+04  1.471434e+04  2.185910e+04 
 1.579053e-02  6.021101e+03  1.091918e+04  1.472324e+04  2.187192e+04 
 1.601064e-02  6.023699e+03  1.092380e+04  1.472931e+04  2.188054e+04 
 1.623382e-02  6.025119e+03  1.092627e+04  1.473250e+04  2.188485e+04 
 1.646012e-02  6.025356e+03  1.092659e+04  1.473277e+04  2.188484e+04 
 1.668956e-02  6.024387e+03  1.092471e+04  1.473008e+04  2.188041e+04 
 1.692220e-02  6.022203e+03  1.092062e+04  1.472440e+04  2.187154e+04 
 1.715809e-02  6.018775e+03  1.091427e+04  1.471568e+04  2.185814e+04 
 1.739726e-02  6.014084e+03  1.090562e+04  1.470384e+04  2.184012e+04 
 1.763977e-02  6.008111e+03  1.089464e+04  1.468886e+04  2.181740e+04 
 1.788566e-02  6.000842e+03  1.088130e+04  1.467070e+04  2.178997e+04 
 1.813498e-02  5.992246e+03  1.086556e+04  1.464929e+04  2.175771e+04 
 1.838777e-02  5.982321e+03  1.084738e+04  1.462461e+04  2.172057e+04 
 1.864409e-02  5.971040e+03  1.082675e+04  1.459660e+04  2.167849e+04 
 1.890397e-02  5.958392e+03  1.080363e+04  1.456524e+04  2.163143e+04 
 1.916748e-02  5.944362e+03  1.077800e+04  1.453049e+04  2.157933e+04 
 1.943467e-02  5.928943e+03  1.074985e+04  1.449234e+04  2.152217e+04 
 1.970558e-02  5.912131e+03  1.071915e+04  1.445074e+04  2.145991e+04 
 1.998026e-02  5.893900e+03  1.068588e+04  1.440570e+04  2.139250e+04 
 2.025878e-02  5.874258e+03  1.065006e+04  1.435719e+04  2.131999e+04 
 2.054117e-02  5.853196e+03  1.061165e+04  1.430520e+04  2.124228e+04 
 2.082751e-02  5.830714e+03  1.057068e+04  1.424974e+04  2.115942e+04 
 2.111783e-02  5.806819e+03  1.052713e+04  1.419082e+04  2.107142e+04 
 2.141220e-02  5.781614e+03  1.048117e+04  1.412861e+04  2.097845e+04 
 2.171068e-02  5.755609e+03  1.043355e+04  1.406396e+04  2.088130e+04 
 2.201331e-02  5.728191e+03  1.038338e+04  1.399585e+04  2.077903e+04 
 2.232016e-02  5.699354e+03  1.033063e+04  1.392429e+04  2.067159e+04 
 2.263130e-02  5.669107e+03  1.027530e+04  1.384923e+04  2.055901e+04 
 2.294676e-02  5.637440e+03  1.021742e+04  1.377074e+04  2.044130e+04 
 2.326663e-02  5.604369e+03  1.015697e+04  1.368880e+04  2.031850e+04 
 2.359095e-02  5.569907e+03  1.009400e+04  1.360346e+04  2.019062e+04 
 2.391980e-02  5.534056e+03  1.002854e+04  1.351472e+04  2.005774e+04 
 2.425323e-02  5.496841e+03  9.960579e+03  1.342266e+04  1.991991e+04 
 2.459130e-02  5.458279e+03  9.890201e+03  1.332732e+04  1.977721e+04 
 2.493409e-02  5.418403e+03  9.817408e+03  1.322874e+04  1.962972e+04 
 2.528166e-02  5.377228e+03  9.742286e+03  1.312701e+04  1.947756e+04 
 2.563407e-02  5.334797e+03  9.664883e+03  1.302222e+04  1.932085e+04 
 2.599140e-02  5.291149e+03  9.585276e+03  1.291446e+04  1.915974e+04 
 2.635371e-02  5.246326e+03  9.503538e+03  1.280382e+04  1.899440e+04 
 2.672106e-02  5.200377e+03  9.419777e+03  1.269047e+04  1.882499e+04 
 2.709354e-02  5.153350e+03  9.334044e+03  1.257446e+04  1.865167e+04 
 2.747121e-02  5.105271e+03  9.246417e+03  1.245590e+04  1.847456e+04 
 2.785414e-02  5.056107e+03  9.156839e+03  1.233474e+04  1.829369e+04 
 2.824241e-02  5.005643e+03  9.065036e+03  1.221068e+04  1.810880e+04 
 2.863610e-02  4.954217e+03  8.971495e+03  1.208430e+04  1.792049e+04 
 2.903527e-02  4.901885e+03  8.876311e+03  1.195571e+04  1.772887e+04 
 2.944000e-02  4.848685e+03  8.779539e+03  1.182498e+04  1.753414e+04 
 2.985038e-02  4.794658e+03  8.681290e+03  1.169228e+04  1.733646e+04 
 3.026648e-02  4.739867e+03  8.581658e+03  1.155770e+04  1.713599e+04 
 3.068838e-02  4.684379e+03  8.480762e+03  1.142143e+04  1.693305e+04 
 3.111616e-02  4.628246e+03  8.378712e+03  1.128361e+04  1.672783e+04 
 3.154990e-02  4.571552e+03  8.275645e+03  1.114442e+04  1.652057e+04 
 3.198969e-02  4.514370e+03  8.171696e+03  1.100405e+04  1.631157e+04 
 3.243561e-02  4.456796e+03  8.067033e+03  1.086273e+04  1.610119e+04 
 3.288774e-02  4.398912e+03  7.961826e+03  1.072067e+04  1.588969e+04 
 3.334618e-02  4.340827e+03  7.856257e+03  1.057814e+04  1.567752e+04 
 3.381101e-02  4.282639e+03  7.750513e+03  1.043535e+04  1.546499e+04 
 3.428231e-02  4.224425e+03  7.644714e+03  1.029252e+04  1.525238e+04 
 3.476019e-02  4.166111e+03  7.539055e+03  1.015021e+04  1.504153e+04 
 3.524473e-02  4.107865e+03  7.433518e+03  1.000808e+04  1.483101e+04 
 3.573602e-02  4.049739e+03  7.328211e+03  9.866261e+03  1.462092e+04 
 3.623416e-02  3.991800e+03  7.223237e+03  9.724878e+03  1.441150e+04 
 3.673925e-02  3.934106e+03  7.118712e+03  9.584107e+03  1.420294e+04 
 3.725137e-02  3.876714e+03  7.014738e+03  9.444085e+03  1.399551e+04 
 3.777064e-02  3.819698e+03  6.911443e+03  9.304977e+03  1.378943e+04 
 3.829714e-02  3.763128e+03  6.808967e+03  9.166961e+03  1.358496e+04 
 3.883098e-02  3.707084e+03  6.707431e+03  9.030223e+03  1.338237e+04 
 3.937226e-02  3.651640e+03  6.606998e+03  8.894970e+03  1.318198e+04 
 3.992109e-02  3.596885e+03  6.507814e+03  8.761389e+03  1.298408e+04 
 4.047757e-02  3.542904e+03  6.409991e+03  8.629619e+03  1.278876e+04 
 4.104181e-02  3.489645e+03  6.312982e+03  8.498379e+03  1.259261e+04 
 4.161391e-02  3.437369e+03  6.217757e+03  8.369548e+03  1.240006e+04 
 4.219398e-02  3.386160e+03  6.124469e+03  8.243327e+03  1.221137e+04 
 4.278214e-02  3.336069e+03  6.033211e+03  8.119853e+03  1.202679e+04 
 4.337850e-02  3.287134e+03  5.944055e+03  7.999210e+03  1.184640e+04 
 4.398317e-02  3.239377e+03  5.857035e+03  7.881447e+03  1.167029e+04 
 4.459628e-02  3.192822e+03  5.772202e+03  7.766642e+03  1.149859e+04 
 4.521792e-02  3.147507e+03  5.689623e+03  7.654875e+03  1.133138e+04 
 4.584824e-02  3.103454e+03  5.609330e+03  7.546191e+03  1.116877e+04 
 4.648734e-02  3.060685e+03  5.531372e+03  7.440654e+03  1.101084e+04 
 4.713535e-02  3.019297e+03  5.456576e+03  7.340097e+03  1.086221e+04 
 4.779239e-02  2.979276e+03  5.384663e+03  7.243831e+03  1.072106e+04 
 4.845859e-02  2.940609e+03  5.315194e+03  7.150848e+03  1.058475e+04 
 4.913407e-02  2.903305e+03  5.248186e+03  7.061158e+03  1.045331e+04 
 4.981898e-02  2.867363e+03  5.183631e+03  6.974779e+03  1.032674e+04 
 5.051342e-02  2.832770e+03  5.121514e+03  6.891664e+03  1.020499e+04 
 5.121755e-02  2.799499e+03  5.061786e+03  6.811765e+03  1.008797e+04 
 5.193150e-02  2.767521e+03  5.004388e+03  6.735000e+03  9.975602e+03 
 5.265540e-02  2.736801e+03  4.949268e+03  6.661285e+03  9.867728e+03 
 5.338938e-02  2.707082e+03  4.895532e+03  6.589005e+03  9.760799e+03 
 5.413360e-02  2.678270e+03  4.842943e+03  6.517751e+03  9.653995e+03 
 5.488820e-02  2.650574e+03  4.792381e+03  6.449219e+03  9.551243e+03 
 5.565331e-02  2.623929e+03  4.743719e+03  6.383251e+03  9.452306e+03 
 5.642908e-02  2.598247e+03  4.696807e+03  6.319636e+03  9.356858e+03 
 5.721568e-02  2.573441e+03  4.651476e+03  6.258153e+03  9.264558e+03 
 5.801323e-02  2.549397e+03  4.607527e+03  6.198538e+03  9.175059e+03 
 5.882190e-02  2.526061e+03  4.564886e+03  6.140700e+03  9.088225e+03 
 5.964185e-02  2.503445e+03  4.523822e+03  6.085283e+03  9.005793e+03 
 6.047322e-02  2.481651e+03  4.484993e+03  6.033642e+03  8.931053e+03 
 6.131619e-02  2.460200e+03  4.446771e+03  5.982807e+03  8.857509e+03 
 6.217090e-02  2.438898e+03  4.408806e+03  5.932304e+03  8.784392e+03 
 6.303753e-02  2.417674e+03  4.370968e+03  5.881959e+03  8.711475e+03 
 6.391624e-02  2.396373e+03  4.332980e+03  5.831405e+03  8.638231e+03 
 6.480720e-02  2.374890e+03  4.294665e+03  5.780405e+03  8.564320e+03 
 6.571058e-02  2.353041e+03  4.255694e+03  5.728531e+03  8.489137e+03 
 6.662655e-02  2.329629e+03  4.212148e+03  5.668646e+03  8.396932e+03 
 6.755528e-02  2.305556e+03  4.167351e+03  5.607032e+03  8.302023e+03 
 6.849697e-02  2.280734e+03  4.121215e+03  5.543615e+03  8.204465e+03 
 6.945178e-02  2.255032e+03  4.073492e+03  5.478078e+03  8.103794e+03 
 7.041990e-02  2.228340e+03  4.023986e+03  5.410146e+03  7.999616e+03 
 7.140151e-02  2.200557e+03  3.972519e+03  5.339595e+03  7.891589e+03 
 7.239681e-02  2.171845e+03  3.919641e+03  5.267464e+03  7.782241e+03 
 7.340598e-02  2.142181e+03  3.865359e+03  5.193821e+03  7.671871e+03 
 7.442922e-02  2.111189e+03  3.808689e+03  5.116974e+03  7.556771e+03 
 7.546673e-02  2.078819e+03  3.749532e+03  5.036793e+03  7.436764e+03 
 7.651869e-02  2.045049e+03  3.687859e+03  4.953240e+03  7.311799e+03 
 7.758532e-02  2.009889e+03  3.623684e+03  4.866334e+03  7.181902e+03 
 7.866682e-02  1.974123e+03  3.559449e+03  4.780387e+03  7.056058e+03 
 7.976339e-02  1.938278e+03  3.496737e+03  4.698140e+03  6.939925e+03 
 8.087525e-02  1.901137e+03  3.431624e+03  4.612618e+03  6.818796e+03 
 8.200261e-02  1.862790e+03  3.364274e+03  4.524025e+03  6.692963e+03 
 8.314568e-02  1.823359e+03  3.294901e+03  4.432645e+03  6.562845e+03 
 8.430468e-02  1.782986e+03  3.223756e+03  4.338816e+03  6.428919e+03 
 8.547985e-02  1.741280e+03  3.149190e+03  4.239407e+03  6.284342e+03 
 8.667139e-02  1.698737e+03  3.072640e+03  4.136859e+03  6.133961e+03 
 8.787954e-02  1.655842e+03  2.995421e+03  4.033389e+03  5.982135e+03 
 8.910453e-02  1.612804e+03  2.917923e+03  3.929522e+03  5.829648e+03 
 9.034660e-02  1.569853e+03  2.840562e+03  3.825810e+03  5.677311e+03 
 9.160598e-02  1.527930e+03  2.766022e+03  3.726801e+03  5.534117e+03 
 9.288292e-02  1.487188e+03  2.694445e+03  3.632564e+03  5.399882e+03 
 9.417766e-02  1.447180e+03  2.624099e+03  3.539884e+03  5.267708e+03 
 9.549045e-02  1.408143e+03  2.555415e+03  3.449354e+03  5.138469e+03 
 9.682153e-02  1.370288e+03  2.488787e+03  3.361499e+03  5.012971e+03 
 9.817117e-02  1.334156e+03  2.425678e+03  3.278763e+03  4.895943e+03 
 9.953962e-02  1.299712e+03  2.365711e+03  3.200335e+03  4.785466e+03 
 1.009272e-01  1.266998e+03  2.308787e+03  3.125909e+03  4.680693e+03 
 1.023340e-01  1.236147e+03  2.255161e+03  3.055848e+03  4.582188e+03 
 1.037605e-01  1.206708e+03  2.203326e+03  2.987493e+03  4.484561e+03 
 1.052069e-01  1.177212e+03  2.148754e+03  2.913031e+03  4.372219e+03 
 1.066734e-01  1.149918e+03  2.098236e+03  2.844086e+03  4.268186e+03 
 1.081604e-01  1.124819e+03  2.051759e+03  2.780635e+03  4.172416e+03 
 1.096681e-01  1.101890e+03  2.009269e+03  2.722603e+03  4.084793e+03 
 1.111968e-01  1.081078e+03  1.970782e+03  2.669965e+03  4.004661e+03 
 1.127468e-01  1.062258e+03  1.935959e+03  2.622309e+03  3.932010e+03 
 1.143184e-01  1.045284e+03  1.904524e+03  2.579258e+03  3.866290e+03 
 1.159120e-01  1.029978e+03  1.876147e+03  2.540360e+03  3.806826e+03 
 1.175277e-01  1.016577e+03  1.851675e+03  2.507041e+03  3.756172e+03 
 1.191660e-01  1.004427e+03  1.829526e+03  2.476899e+03  3.710330e+03 
 1.208271e-01  9.932212e+02  1.809107e+03  2.449107e+03  3.668026e+03 
 1.225114e-01  9.826115e+02  1.789730e+03  2.422697e+03  3.627782e+03 
 1.242191e-01  9.717820e+02  1.769444e+03  2.394761e+03  3.584997e+03 
 1.259506e-01  9.610001e+02  1.749250e+03  2.366953e+03  3.542420e+03 
 1.277063e-01  9.499554e+02  1.728586e+03  2.338515e+03  3.498918e+03 
 1.294865e-01  9.386047e+02  1.707505e+03  2.309528e+03  3.454347e+03 
 1.312915e-01  9.267244e+02  1.685621e+03  2.279469e+03  3.407869e+03 
 1.331216e-01  9.137667e+02  1.661774e+03  2.246763e+03  3.357468e+03 
 1.349772e-01  8.995608e+02  1.635696e+03  2.211087e+03  3.302771e+03 
 1.368587e-01  8.850268e+02  1.610724e+03  2.178850e+03  3.258718e+03 
 1.387665e-01  8.689742e+02  1.582941e+03  2.142769e+03  3.208817e+03 
 1.407008e-01  8.513860e+02  1.552309e+03  2.102782e+03  3.152955e+03 
 1.426621e-01  8.333400e+02  1.521469e+03  2.062726e+03  3.096715e+03 
 1.446507e-01  8.142293e+02  1.488814e+03  2.020222e+03  3.036602e+03 
 1.466671e-01  7.938828e+02  1.453790e+03  1.974422e+03  2.971372e+03 
 1.487115e-01  7.710470e+02  1.412732e+03  1.919474e+03  2.891086e+03 
 1.507845e-01  7.465727e+02  1.367694e+03  1.858487e+03  2.800826e+03 
 1.528864e-01  7.218599e+02  1.322216e+03  1.796884e+03  2.709549e+03 
 1.550175e-01  6.991025e+02  1.282318e+03  1.744465e+03  2.635308e+03 
 1.571784e-01  6.780096e+02  1.246762e+03  1.698970e+03  2.573544e+03 
 1.593694e-01  6.575604e+02  1.212202e+03  1.654669e+03  2.513190e+03 
 1.615909e-01  6.386541e+02  1.180767e+03  1.614714e+03  2.459202e+03 
 1.638434e-01  6.212247e+02  1.152064e+03  1.578432e+03  2.410485e+03 
 1.661273e-01  6.052336e+02  1.125844e+03  1.545398e+03  2.366391e+03 
 1.684430e-01  5.880232e+02  1.094778e+03  1.503963e+03  2.306759e+03 
 1.707910e-01  5.722912e+02  1.066122e+03  1.465584e+03  2.251340e+03 
 1.731717e-01  5.587496e+02  1.041760e+03  1.433157e+03  2.204788e+03 
 1.755856e-01  5.483524e+02  1.024211e+03  1.410424e+03  2.172476e+03 
 1.780332e-01  5.395383e+02  1.009583e+03  1.391683e+03  2.146240e+03 
 1.805149e-01  5.303542e+02  9.921134e+02  1.367192e+03  2.107467e+03 
 1.830312e-01  5.213114e+02  9.736390e+02  1.340237e+03  2.062720e+03 
 1.855825e-01  5.131887e+02  9.570478e+02  1.316081e+03  2.022801e+03 
 1.881694e-01  5.057105e+02  9.425580e+02  1.296021e+03  1.992191e+03 
 1.907924e-01  4.983688e+02  9.283428e+02  1.276352e+03  1.962206e+03 
 1.934520e-01  4.902809e+02  9.125132e+02  1.254493e+03  1.929746e+03 
 1.961486e-01  4.814667e+02  8.952759e+02  1.230723e+03  1.894668e+03 
 1.988828e-01  4.729248e+02  8.792998e+02  1.208987e+03  1.862615e+03 
 2.016551e-01  4.649960e+02  8.655437e+02  1.190730e+03  1.835739e+03 
 2.044661e-01  4.558574e+02  8.493714e+02  1.169028e+03  1.803377e+03 
 2.073162e-01  4.451624e+02  8.293646e+02  1.141325e+03  1.760626e+03 
 2.102061e-01  4.334604e+02  8.074731e+02  1.111029e+03  1.713886e+03 
 2.131362e-01  4.245856e+02  7.950721e+02  1.096953e+03  1.697093e+03 
 2.161073e-01  4.152028e+02  7.817543e+02  1.081647e+03  1.678450e+03 
 2.191197e-01  4.031816e+02  7.615966e+02  1.056137e+03  1.644911e+03 
 2.221741e-01  3.906494e+02  7.399434e+02  1.028282e+03  1.607660e+03 
 2.252711e-01  3.790636e+02  7.206291e+02  1.004027e+03  1.576087e+03 
 2.284112e-01  3.683159e+02  7.029787e+02  9.820987e+02  1.547932e+03 
 2.315951e-01  3.586516e+02  6.864913e+02  9.604470e+02  1.516229e+03 
 2.348235e-01  3.501403e+02  6.718404e+02  9.408638e+02  1.486366e+03 
 2.380968e-01  3.408180e+02  6.541722e+02  9.164308e+02  1.449215e+03 
 2.414157e-01  3.322076e+02  6.374969e+02  8.932182e+02  1.414024e+03 
 2.447809e-01  3.239817e+02  6.216057e+02  8.713134e+02  1.380639e+03 
 2.481930e-01  3.167091e+02  6.075938e+02  8.520587e+02  1.351349e+03 
 2.516527e-01  3.125068e+02  6.002685e+02  8.419962e+02  1.335301e+03 
 2.551606e-01  3.078395e+02  5.916404e+02  8.300368e+02  1.316674e+03 
 2.587174e-01  3.005960e+02  5.767623e+02  8.090996e+02  1.285203e+03 
 2.623238e-01  2.947036e+02  5.655302e+02  7.937121e+02  1.262521e+03 
 2.659804e-01  2.900314e+02  5.577871e+02  7.836947e+02  1.248337e+03 
 2.696881e-01  2.835172e+02  5.458523e+02  7.676622e+02  1.224454e+03 
 2.734474e-01  2.760913e+02  5.320301e+02  7.489853e+02  1.196444e+03 
 2.772591e-01  2.703131e+02  5.228016e+02  7.377386e+02  1.182648e+03 
 2.811239e-01  2.638391e+02  5.118168e+02  7.238835e+02  1.165449e+03 
 2.850426e-01  2.568222e+02  4.992451e+02  7.076297e+02  1.145515e+03 
 2.890160e-01  2.500989e+02  4.882191e+02  6.937410e+02  1.126409e+03 
 2.930447e-01  2.435921e+02  4.773440e+02  6.794935e+02  1.104875e+03 
 2.971296e-01  2.374126e+02  4.657648e+02  6.625213e+02  1.075699e+03 
 3.012714e-01  2.317522e+02  4.561340e+02  6.499086e+02  1.057246e+03 
 3.054710e-01  2.263659e+02  4.471410e+02  6.386746e+02  1.042411e+03 
 3.097291e-01  2.203153e+02  4.359076e+02  6.237541e+02  1.021585e+03 
 3.140465e-01  2.150661e+02  4.254067e+02  6.086968e+02  9.968919e+02 
 3.184242e-01  2.106250e+02  4.165583e+02  5.959406e+02  9.758339e+02 
 3.228628e-01  2.071714e+02  4.106102e+02  5.882937e+02  9.662416e+02 
 3.273634e-01  2.025161e+02  4.011540e+02  5.746465e+02  9.443191e+02 
 3.319266e-01  1.977249e+02  3.917902e+02  5.616962e+02  9.249230e+02 
 3.365535e-01  1.930403e+02  3.834057e+02  5.509587e+02  9.108302e+02 
 3.412449e-01  1.897090e+02  3.791461e+02  5.461176e+02  9.032803e+02 
 3.460016e-01  1.859375e+02  3.731514e+02  5.385231e+02  8.928318e+02 
 3.508247e-01  1.820479e+02  3.663590e+02  5.295431e+02  8.798149e+02 
 3.557150e-01  1.781112e+02  3.592004e+02  5.199274e+02  8.651446e+02 
 3.606735e-01  1.734992e+02  3.511243e+02  5.093920e+02  8.504920e+02 
 3.657011e-01  1.680727e+02  3.409814e+02  4.955065e+02  8.309830e+02 
 3.707988e-01  1.636369e+02  3.325337e+02  4.839672e+02  8.138468e+02 
 3.759675e-01  1.596811e+02  3.249904e+02  4.736054e+02  7.982061e+02 
 3.812083e-01  1.558149e+02  3.179917e+02  4.641422e+02  7.841550e+02 
 3.865221e-01  1.526506e+02  3.132700e+02  4.587247e+02  7.755731e+02 
 3.919100e-01  1.494948e+02  3.059910e+02  4.475566e+02  7.598250e+02 
 3.973730e-01  1.459967e+02  3.001087e+02  4.402883e+02  7.484971e+02 
 4.029122e-01  1.431748e+02  2.957697e+02  4.343976e+02  7.377436e+02 
 4.085286e-01  1.403672e+02  2.898187e+02  4.258542e+02  7.255682e+02 
 4.142232e-01  1.368815e+02  2.827327e+02  4.164322e+02  7.138929e+02 
 4.199973e-01  1.333292e+02  2.766114e+02  4.087079e+02  7.027688e+02 
 4.258518e-01  1.303653e+02  2.712095e+02  4.011427e+02  6.898819e+02 
 4.317880e-01  1.271818e+02  2.651442e+02  3.922029e+02  6.760258e+02 
 4.378069e-01  1.243688e+02  2.595854e+02  3.843050e+02  6.631016e+02 
 4.439097e-01  1.220339e+02  2.559179e+02  3.797887e+02  6.583351e+02 
 4.500975e-01  1.185980e+02  2.495521e+02  3.711463e+02  6.455388e+02 
 4.563716e-01  1.157723e+02  2.437727e+02  3.628468e+02  6.308912e+02 
 4.627332e-01  1.139568e+02  2.412750e+02  3.601749e+02  6.285288e+02 
 4.691835e-01  1.110687e+02  2.356115e+02  3.521460e+02  6.151968e+02 
 4.757236e-01  1.089995e+02  2.315733e+02  3.466353e+02  6.068464e+02 
 4.823549e-01  1.061141e+02  2.257760e+02  3.384069e+02  5.956459e+02 
 4.890787e-01  1.037528e+02  2.211891e+02  3.322506e+02  5.860802e+02 
 4.958962e-01  1.018986e+02  2.176595e+02  3.268565e+02  5.762395e+02 
 5.028087e-01  9.942229e+01  2.134092e+02  3.211184e+02  5.678334e+02 
 5.098176e-01  9.741942e+01  2.097534e+02  3.159557e+02  5.578564e+02 
 5.169242e-01  9.560525e+01  2.063587e+02  3.113448e+02  5.517606e+02 
 5.241298e-01  9.240394e+01  2.008547e+02  3.045219e+02  5.434048e+02 
 5.314359e-01  9.071792e+01  1.983540e+02  3.012107e+02  5.379440e+02 
 5.388438e-01  8.878132e+01  1.940194e+02  2.947272e+02  5.280904e+02 
 5.463550e-01  8.713492e+01  1.908548e+02  2.900565e+02  5.202656e+02 
 5.539709e-01  8.471491e+01  1.865605e+02  2.846645e+02  5.119922e+02 
 5.616930e-01  8.311510e+01  1.834890e+02  2.803149e+02  5.055180e+02 
 5.695227e-01  8.134500e+01  1.805278e+02  2.767413e+02  4.985054e+02 
 5.774615e-01  7.942061e+01  1.761394e+02  2.701577e+02  4.889785e+02 
 5.855110e-01  7.790000e+01  1.734120e+02  2.660377e+02  4.818712e+02 
 5.936727e-01  7.605151e+01  1.691997e+02  2.601471e+02  4.730557e+02 
 6.019482e-01  7.465942e+01  1.670888e+02  2.568117e+02  4.669882e+02 
 6.103390e-01  7.281549e+01  1.639449e+02  2.528296e+02  4.602398e+02 
 6.188468e-01  7.114326e+01  1.610418e+02  2.500956e+02  4.583306e+02 
 6.274732e-01  6.988438e+01  1.579499e+02  2.447666e+02  4.495934e+02 
 6.362198e-01  6.836495e+01  1.553950e+02  2.411383e+02  4.425658e+02 
 6.450884e-01  6.666883e+01  1.523450e+02  2.369537e+02  4.354985e+02 
 6.540806e-01  6.522111e+01  1.489374e+02  2.317859e+02  4.278391e+02 
 6.631981e-01  6.366519e+01  1.463905e+02  2.290485e+02  4.233245e+02 
 6.724427e-01  6.237489e+01  1.436513e+02  2.251649e+02  4.185342e+02 
 6.818162e-01  6.092854e+01  1.409736e+02  2.205290e+02  4.099380e+02 
 6.913204e-01  5.954300e+01  1.381568e+02  2.169532e+02  4.039656e+02 
 7.009570e-01  5.864405e+01  1.359764e+02  2.137594e+02  3.985516e+02 
 7.107280e-01  5.703981e+01  1.334918e+02  2.103873e+02  3.920798e+02 
 7.206351e-01  5.610379e+01  1.312978e+02  2.074001e+02  3.884719e+02 
 7.306804e-01  5.488698e+01  1.292059e+02  2.040591e+02  3.815555e+02 
 7.408657e-01  5.361864e+01  1.265524e+02  2.002593e+02  3.763691e+02 
 7.511929e-01  5.242889e+01  1.240990e+02  1.971303e+02  3.712921e+02 
 7.616642e-01  5.138400e+01  1.217525e+02  1.938054e+02  3.661889e+02 
 7.722814e-01  5.062217e+01  1.204528e+02  1.916357e+02  3.611673e+02 
 7.830465e-01  4.952534e+01  1.180394e+02  1.882414e+02  3.563996e+02 
 7.939618e-01  4.853607e+01  1.164138e+02  1.856862e+02  3.524761e+02 
 8.050292e-01  4.741980e+01  1.140868e+02  1.829899e+02  3.478324e+02 
 8.162509e-01  4.651614e+01  1.123569e+02  1.799343e+02  3.415943e+02 
 8.276289e-01  4.533466e+01  1.099823e+02  1.768359e+02  3.371272e+02 
 8.391656e-01  4.468760e+01  1.086263e+02  1.742215e+02  3.331800e+02 
 8.508632e-01  4.384129e+01  1.066468e+02  1.717283e+02  3.286788e+02 
 8.627237e-01  4.280342e+01  1.048219e+02  1.690448e+02  3.232784e+02 
 8.747496e-01  4.197106e+01  1.029236e+02  1.664017e+02  3.189930e+02 
 8.869432e-01  4.118009e+01  1.013603e+02  1.640415e+02  3.149416e+02 
 8.993067e-01  4.028638e+01  9.964841e+01  1.614559e+02  3.102780e+02 
 9.118425e-01  3.961890e+01  9.787132e+01  1.586764e+02  3.047866e+02 
 9.245531e-01  3.869363e+01  9.614175e+01  1.560560e+02  3.011549e+02 
 9.374409e-01  3.789521e+01  9.453314e+01  1.539083e+02  2.972252e+02 
 9.505083e-01  3.720628e+01  9.293753e+01  1.515939e+02  2.928404e+02 
 9.637579e-01  3.636951e+01  9.108472e+01  1.488060e+02  2.885140e+02 
 9.771921e-01  3.580030e+01  9.046341e+01  1.473619e+02  2.846504e+02 
 9.908137e-01  3.505913e+01  8.866584e+01  1.448382e+02  2.808542e+02 
 1.004625e+00  3.433923e+01  8.694661e+01  1.422559e+02  2.760234e+02 
 1.018629e+00  3.371579e+01  8.565861e+01  1.402161e+02  2.719711e+02 
 1.032828e+00  3.300800e+01  8.418498e+01  1.382323e+02  2.689450e+02 
 1.047225e+00  3.230509e+01  8.289512e+01  1.359654e+02  2.642824e+02 
 1.061823e+00  3.174404e+01  8.170451e+01  1.340613e+02  2.605479e+02 
 1.076624e+00  3.110506e+01  8.032752e+01  1.319848e+02  2.566665e+02 
 1.091632e+00  3.054737e+01  7.895219e+01  1.300920e+02  2.527520e+02 
 1.106848e+00  2.990905e+01  7.751250e+01  1.279898e+02  2.491735e+02 
 1.122277e+00  2.932630e+01  7.639090e+01  1.258786e+02  2.451206e+02 
 1.137921e+00  2.874987e+01  7.500101e+01  1.238862e+02  2.414647e+02 
 1.153783e+00  2.824055e+01  7.380676e+01  1.220132e+02  2.380911e+02 
 1.169866e+00  2.771593e+01  7.268282e+01  1.201315e+02  2.348039e+02 
 1.186174e+00  2.716786e+01  7.157440e+01  1.183135e+02  2.311332e+02 
 1.202708e+00  2.668294e+01  7.040037e+01  1.165857e+02  2.277021e+02 
 1.219473e+00  2.620207e+01  6.931716e+01  1.149225e+02  2.239807e+02 
 1.236472e+00  2.569913e+01  6.822251e+01  1.132456e+02  2.208239e+02 
 1.253708e+00  2.523450e+01  6.709488e+01  1.113119e+02  2.174825e+02 
 1.271184e+00  2.477516e+01  6.625350e+01  1.099665e+02  2.141677e+02 
 1.288904e+00  2.431225e+01  6.494512e+01  1.079651e+02  2.111219e+02 
 1.306870e+00  2.384174e+01  6.389852e+01  1.062681e+02  2.076131e+02 
 1.325087e+00  2.344264e+01  6.292248e+01  1.047007e+02  2.041079e+02 
 1.343558e+00  2.301156e+01  6.189454e+01  1.030156e+02  2.009293e+02 
 1.362287e+00  2.261387e+01  6.087350e+01  1.012787e+02  1.976335e+02 
 1.381276e+00  2.218390e+01  5.991464e+01  9.950567e+01  1.944185e+02 
 1.400531e+00  2.179595e+01  5.895022e+01  9.801074e+01  1.910374e+02 
 1.420053e+00  2.138395e+01  5.790964e+01  9.651574e+01  1.878496e+02 
 1.439848e+00  2.100461e+01  5.705509e+01  9.484695e+01  1.848292e+02 
 1.459919e+00  2.060282e+01  5.610265e+01  9.331554e+01  1.815598e+02 
 1.480269e+00  2.028460e+01  5.509854e+01  9.170495e+01  1.782047e+02 
 1.500903e+00  1.991373e+01  5.424831e+01  9.015180e+01  1.755410e+02 
 1.521825e+00  1.954518e+01  5.341412e+01  8.878219e+01  1.724420e+02 
 1.543038e+00  1.918574e+01  5.251312e+01  8.737492e+01  1.696599e+02 
 1.564548e+00  1.887557e+01  5.165905e+01  8.588609e+01  1.665707e+02 
 1.586357e+00  1.854125e+01  5.086172e+01  8.447163e+01  1.635754e+02 
 1.608469e+00  1.819199e+01  5.002159e+01  8.304709e+01  1.608286e+02 
 1.630891e+00  1.792910e+01  4.911006e+01  8.147304e+01  1.576887e+02 
 1.653624e+00  1.758341e+01  4.827243e+01  8.016841e+01  1.550735e+02 
 1.676675e+00  1.726752e+01  4.754826e+01  7.885517e+01  1.521369e+02 
 1.700047e+00  1.695851e+01  4.675501e+01  7.745832e+01  1.493987e+02 
 1.723745e+00  1.668285e+01  4.593993e+01  7.611122e+01  1.464787e+02 
 1.747773e+00  1.636895e+01  4.513435e+01  7.472871e+01  1.437419e+02 
 1.772136e+00  1.608287e+01  4.437296e+01  7.338893e+01  1.411646e+02 
 1.796838e+00  1.583001e+01  4.359959e+01  7.210461e+01  1.384546e+02 
 1.821885e+00  1.556427e+01  4.285386e+01  7.077279e+01  1.358630e+02 
 1.847281e+00  1.528358e+01  4.218284e+01  6.958760e+01  1.332957e+02 
 1.873032e+00  1.502386e+01  4.143379e+01  6.819423e+01  1.307689e+02 
 1.899141e+00  1.476376e+01  4.067146e+01  6.700274e+01  1.282469e+02 
 1.925614e+00  1.452080e+01  3.998613e+01  6.581025e+01  1.256624e+02 
 1.952456e+00  1.431105e+01  3.933277e+01  6.463816e+01  1.232003e+02 
 1.979672e+00  1.403250e+01  3.867132e+01  6.345074e+01  1.207718e+02 
 2.007267e+00  1.381110e+01  3.798468e+01  6.215482e+01  1.184194e+02 
 2.035248e+00  1.355876e+01  3.726803e+01  6.097601e+01  1.159565e+02 
 2.063618e+00  1.332456e+01  3.657044e+01  5.981103e+01  1.135453e+02 
 2.092383e+00  1.310494e+01  3.591574e+01  5.862570e+01  1.112052e+02 
 2.121550e+00  1.287202e+01  3.524051e+01  5.749002e+01  1.088684e+02 
 2.151123e+00  1.265649e+01  3.460412e+01  5.633228e+01  1.065296e+02 
 2.181109e+00  1.243635e+01  3.393882e+01  5.522575e+01  1.043505e+02 
 2.211512e+00  1.222697e+01  3.328643e+01  5.407932e+01  1.019980e+02 
 2.242340e+00  1.201659e+01  3.269570e+01  5.301621e+01  9.986752e+01 
 2.273597e+00  1.179862e+01  3.207425e+01  5.189586e+01  9.772402e+01 
 2.305289e+00  1.161268e+01  3.146213e+01  5.085692e+01  9.562633e+01 
 2.337424e+00  1.141394e+01  3.084624e+01  4.980394e+01  9.357457e+01 
 2.370006e+00  1.121486e+01  3.025410e+01  4.878369e+01  9.154707e+01 
 2.403043e+00  1.101043e+01  2.967369e+01  4.774115e+01  8.950163e+01 
 2.436540e+00  1.082993e+01  2.910756e+01  4.675312e+01  8.750598e+01 
 2.470504e+00  1.064260e+01  2.854225e+01  4.574154e+01  8.555341e+01 
 2.504942e+00  1.045980e+01  2.799180e+01  4.478064e+01  8.364053e+01 
 2.539859e+00  1.028521e+01  2.742248e+01  4.380321e+01  8.170875e+01 
 2.575263e+00  1.009645e+01  2.685560e+01  4.288322e+01  7.988648e+01 
 2.611161e+00  9.928022e+00  2.631941e+01  4.191720e+01  7.804646e+01 
 2.647559e+00  9.754344e+00  2.578009e+01  4.097760e+01  7.620790e+01 
 2.684465e+00  9.584703e+00  2.526997e+01  4.006725e+01  7.442892e+01 
 2.721885e+00  9.408165e+00  2.472110e+01  3.917536e+01  7.268898e+01 
 2.759826e+00  9.243542e+00  2.419216e+01  3.828279e+01  7.098601e+01 
 2.798297e+00  9.076696e+00  2.369945e+01  3.741435e+01  6.933914e+01 
 2.837304e+00  8.916147e+00  2.319356e+01  3.656150e+01  6.768811e+01 
 2.876854e+00  8.755339e+00  2.269456e+01  3.572146e+01  6.609469e+01 
 2.916956e+00  8.599823e+00  2.221941e+01  3.490422e+01  6.449580e+01 
 2.957617e+00  8.448465e+00  2.174583e+01  3.411348e+01  6.295875e+01 
 2.998844e+00  8.296107e+00  2.128365e+01  3.332031e+01  6.144765e+01 
 3.040646e+00  8.146199e+00  2.081680e+01  3.254098e+01  6.000632e+01 
 3.083031e+00  7.999390e+00  2.035925e+01  3.178028e+01  5.855178e+01 
 3.126007e+00  7.856796e+00  1.991885e+01  3.103392e+01  5.711840e+01 
 3.169582e+00  7.711539e+00  1.946806e+01  3.028151e+01  5.572071e+01 
 3.213764e+00  7.569078e+00  1.903480e+01  2.955840e+01  5.435699e+01 
 3.258562e+00  7.426703e+00  1.861372e+01  2.885039e+01  5.301352e+01 
 3.303985e+00  7.288465e+00  1.818374e+01  2.814760e+01  5.170003e+01 
 3.350041e+00  7.153726e+00  1.776332e+01  2.745737e+01  5.041012e+01 
 3.396739e+00  7.016265e+00  1.735511e+01  2.679251e+01  4.913337e+01 
 3.444087e+00  6.883925e+00  1.695061e+01  2.612035e+01  4.790643e+01 
 3.492096e+00  6.754377e+00  1.656150e+01  2.548245e+01  4.671606e+01 
 3.540774e+00  6.621053e+00  1.617623e+01  2.485911e+01  4.554656e+01 
 3.590130e+00  6.495535e+00  1.579471e+01  2.423843e+01  4.440801e+01 
 3.640175e+00  6.372260e+00  1.542530e+01  2.364780e+01  4.329105e+01 
 3.690917e+00  6.246913e+00  1.507214e+01  2.304814e+01  4.220223e+01 
 3.742366e+00  6.125073e+00  1.470766e+01  2.247942e+01  4.115144e+01 
 3.794533e+00  6.007896e+00  1.436310e+01  2.192001e+01  4.011104e+01 
 3.847427e+00  5.889028e+00  1.401797e+01  2.136880e+01  3.910432e+01 
 3.901058e+00  5.770731e+00  1.368267e+01  2.083352e+01  3.810501e+01 
 3.955436e+00  5.658765e+00  1.335208e+01  2.029837e+01  3.712764e+01 
 4.010573e+00  5.543212e+00  1.302708e+01  1.978746e+01  3.618619e+01 
 4.066478e+00  5.430299e+00  1.270443e+01  1.927939e+01  3.525039e+01 
 4.123163e+00  5.318243e+00  1.239568e+01  1.878358e+01  3.433723e+01 
 4.180637e+00  5.210842e+00  1.209252e+01  1.830391e+01  3.344698e+01 
 4.238913e+00  5.102812e+00  1.179083e+01  1.782883e+01  3.258705e+01 
 4.298001e+00  4.994651e+00  1.149780e+01  1.737213e+01  3.174166e+01 
 4.357913e+00  4.893538e+00  1.121053e+01  1.692781e+01  3.092900e+01 
 4.418660e+00  4.790188e+00  1.093519e+01  1.648753e+01  3.013728e+01 
 4.480254e+00  4.689200e+00  1.066180e+01  1.606386e+01  2.935862e+01 
 4.542706e+00  4.591421e+00  1.039501e+01  1.564912e+01  2.860218e+01 
 4.606029e+00  4.494141e+00  1.013863e+01  1.524704e+01  2.787241e+01 
 4.670234e+00  4.398398e+00  9.885127e+00  1.485955e+01  2.715967e+01 
 4.735335e+00  4.305150e+00  9.639128e+00  1.447626e+01  2.646156e+01 
 4.801343e+00  4.214120e+00  9.399547e+00  1.410439e+01  2.577635e+01 
 4.868271e+00  4.122614e+00  9.161960e+00  1.373860e+01  2.510844e+01 
 4.936132e+00  4.033133e+00  8.929281e+00  1.338016e+01  2.445548e+01 
 5.004939e+00  3.944243e+00  8.702370e+00  1.303178e+01  2.381682e+01 
 5.074705e+00  3.856713e+00  8.480260e+00  1.268927e+01  2.319471e+01 
 5.145444e+00  3.771796e+00  8.263290e+00  1.235841e+01  2.258672e+01 
 5.217169e+00  3.687010e+00  8.051012e+00  1.203247e+01  2.199249e+01 
 5.289893e+00  3.605797e+00  7.845266e+00  1.172058e+01  2.141942e+01 
 5.363631e+00  3.523866e+00  7.644180e+00  1.141129e+01  2.085856e+01 
 5.438397e+00  3.445150e+00  7.447663e+00  1.111408e+01  2.031060e+01 
 5.514206e+00  3.367592e+00  7.257294e+00  1.082384e+01  1.978072e+01 
 5.591071e+00  3.290751e+00  7.072218e+00  1.054205e+01  1.926510e+01 
 5.669007e+00  3.217212e+00  6.892083e+00  1.026848e+01  1.876743e+01 
 5.748030e+00  3.144305e+00  6.716360e+00  1.000127e+01  1.827748e+01 
 5.828155e+00  3.072947e+00  6.545380e+00  9.742692e+00  1.780240e+01 
 5.909396e+00  3.004996e+00  6.378726e+00  9.490255e+00  1.734193e+01 
 5.991770e+00  2.934086e+00  6.215476e+00  9.242245e+00  1.689203e+01 
 6.075292e+00  2.866556e+00  6.056462e+00  9.001642e+00  1.644687e+01 
 6.159978e+00  2.799923e+00  5.899873e+00  8.766492e+00  1.601555e+01 
 6.245845e+00  2.734816e+00  5.747316e+00  8.537016e+00  1.559349e+01 
 6.332908e+00  2.670539e+00  5.598214e+00  8.311608e+00  1.517930e+01 
 6.421186e+00  2.607974e+00  5.453299e+00  8.092304e+00  1.477712e+01 
 6.510694e+00  2.546405e+00  5.311768e+00  7.879447e+00  1.438649e+01 
 6.601449e+00  2.486636e+00  5.174386e+00  7.672264e+00  1.400483e+01 
 6.693470e+00  2.427602e+00  5.040135e+00  7.470087e+00  1.363341e+01 
 6.786773e+00  2.370356e+00  4.909691e+00  7.273642e+00  1.327396e+01 
 6.881377e+00  2.314619e+00  4.783368e+00  7.082867e+00  1.292243e+01 
 6.977300e+00  2.260000e+00  4.660458e+00  6.898865e+00  1.258151e+01 
 7.074559e+00  2.206988e+00  4.540807e+00  6.718255e+00  1.224982e+01 
 7.173175e+00  2.154876e+00  4.424621e+00  6.543295e+00  1.192789e+01 
 7.273165e+00  2.104355e+00  4.311482e+00  6.373682e+00  1.161490e+01 
 7.374549e+00  2.054642e+00  4.201148e+00  6.207650e+00  1.131022e+01 
 7.477346e+00  2.005883e+00  4.093558e+00  6.046387e+00  1.101121e+01 
 7.581576e+00  1.958351e+00  3.987892e+00  5.887764e+00  1.071939e+01 
 7.687260e+00  1.911514e+00  3.885082e+00  5.733127e+00  1.043430e+01 
 7.794416e+00  1.865766e+00  3.784703e+00  5.581444e+00  1.015505e+01 
 7.903066e+00  1.821063e+00  3.686022e+00  5.433553e+00  9.882177e+00 
 8.013230e+00  1.777267e+00  3.590697e+00  5.290380e+00  9.617048e+00 
 8.124930e+00  1.734505e+00  3.497444e+00  5.150599e+00  9.358157e+00 
 8.238187e+00  1.692968e+00  3.406762e+00  5.014140e+00  9.106265e+00 
 8.353023e+00  1.652335e+00  3.318609e+00  4.881683e+00  8.861205e+00 
 8.469460e+00  1.612872e+00  3.233079e+00  4.753214e+00  8.623429e+00 
 8.587519e+00  1.574460e+00  3.149771e+00  4.628109e+00  8.392245e+00 
 8.707225e+00  1.537011e+00  3.068829e+00  4.506851e+00  8.167965e+00 
 8.828599e+00  1.500613e+00  2.990456e+00  4.389206e+00  7.949569e+00 
 8.951665e+00  1.465062e+00  2.914309e+00  4.274466e+00  7.738223e+00 
 9.076446e+00  1.430580e+00  2.840090e+00  4.163267e+00  7.532266e+00 
 9.202967e+00  1.396818e+00  2.767813e+00  4.055148e+00  7.331584e+00 
 9.331251e+00  1.363784e+00  2.697206e+00  3.949158e+00  7.135750e+00 
 9.461324e+00  0.000000e+00  0.000000e+00  0.000000e+00  0.000000e+00 
 9.593209e+00  0.000000e+00  0.000000e+00  0.000000e+00  0.000000e+00 
 9.726934e+00  0.000000e+00  0.000000e+00  0.000000e+00  0.000000e+00 
 9.862522e+00  0.000000e+00  0.000000e+00  0.000000e+00  0.000000e+00 
 1.000000e+01  0.000000e+00  0.000000e+00  0.000000e+00  0.000000e+00 
