 1.000000e-02  5.660420e+03  1.026970e+04  1.384822e+04  2.056889e+04 
 1.013939e-02  5.688156e+03  1.032021e+04  1.391636e+04  2.066999e+04 
 1.028073e-02  5.715399e+03  1.036982e+04  1.398327e+04  2.076924e+04 
 1.042404e-02  5.742132e+03  1.041850e+04  1.404892e+04  2.086658e+04 
 1.056935e-02  5.768335e+03  1.046620e+04  1.411325e+04  2.096197e+04 
 1.071668e-02  5.793992e+03  1.051290e+04  1.417623e+04  2.105533e+04 
 1.086606e-02  5.819093e+03  1.055857e+04  1.423780e+04  2.114662e+04 
 1.101753e-02  5.843603e+03  1.060318e+04  1.429794e+04  2.123576e+04 
 1.117111e-02  5.867508e+03  1.064666e+04  1.435658e+04  2.132264e+04 
 1.132683e-02  5.890792e+03  1.068902e+04  1.441365e+04  2.140723e+04 
 1.148472e-02  5.913426e+03  1.073020e+04  1.446913e+04  2.148943e+04 
 1.164481e-02  5.935400e+03  1.077014e+04  1.452297e+04  2.156918e+04 
 1.180713e-02  5.956681e+03  1.080884e+04  1.457510e+04  2.164639e+04 
 1.197171e-02  5.977260e+03  1.084624e+04  1.462549e+04  2.172100e+04 
 1.213859e-02  5.997109e+03  1.088231e+04  1.467409e+04  2.179292e+04 
 1.230780e-02  6.016217e+03  1.091701e+04  1.472081e+04  2.186210e+04 
 1.247936e-02  6.034552e+03  1.095033e+04  1.476567e+04  2.192845e+04 
 1.265332e-02  6.052106e+03  1.098220e+04  1.480858e+04  2.199193e+04 
 1.282970e-02  6.068851e+03  1.101260e+04  1.484948e+04  2.205242e+04 
 1.300854e-02  6.084777e+03  1.104150e+04  1.488837e+04  2.210988e+04 
 1.318987e-02  6.099856e+03  1.106886e+04  1.492517e+04  2.216428e+04 
 1.337373e-02  6.114082e+03  1.109464e+04  1.495986e+04  2.221553e+04 
 1.356015e-02  6.127427e+03  1.111883e+04  1.499237e+04  2.226352e+04 
 1.374917e-02  6.139868e+03  1.114138e+04  1.502268e+04  2.230823e+04 
 1.394083e-02  6.151396e+03  1.116224e+04  1.505071e+04  2.234957e+04 
 1.413516e-02  6.161973e+03  1.118137e+04  1.507640e+04  2.238742e+04 
 1.433219e-02  6.171576e+03  1.119874e+04  1.509971e+04  2.242170e+04 
 1.453198e-02  6.180197e+03  1.121430e+04  1.512057e+04  2.245239e+04 
 1.473454e-02  6.187811e+03  1.122803e+04  1.513895e+04  2.247938e+04 
 1.493993e-02  6.194394e+03  1.123988e+04  1.515482e+04  2.250262e+04 
 1.514819e-02  6.199952e+03  1.124990e+04  1.516818e+04  2.252219e+04 
 1.535935e-02  6.204465e+03  1.125800e+04  1.517900e+04  2.253794e+04 
 1.557345e-02  6.207894e+03  1.126413e+04  1.518713e+04  2.254973e+04 
 1.579053e-02  6.210215e+03  1.126824e+04  1.519255e+04  2.255749e+04 
 1.601064e-02  6.211419e+03  1.127032e+04  1.519521e+04  2.256115e+04 
 1.623382e-02  6.211478e+03  1.127030e+04  1.519507e+04  2.256064e+04 
 1.646012e-02  6.210392e+03  1.126820e+04  1.519211e+04  2.255596e+04 
 1.668956e-02  6.208139e+03  1.126398e+04  1.518628e+04  2.254700e+04 
 1.692220e-02  6.204720e+03  1.125764e+04  1.517758e+04  2.253379e+04 
 1.715809e-02  6.200102e+03  1.124911e+04  1.516595e+04  2.251622e+04 
 1.739726e-02  6.194274e+03  1.123838e+04  1.515134e+04  2.249424e+04 
 1.763977e-02  6.187211e+03  1.122542e+04  1.513370e+04  2.246776e+04 
 1.788566e-02  6.178924e+03  1.121021e+04  1.511304e+04  2.243681e+04 
 1.813498e-02  6.169371e+03  1.119272e+04  1.508929e+04  2.240125e+04 
 1.838777e-02  6.158552e+03  1.117291e+04  1.506242e+04  2.236111e+04 
 1.864409e-02  6.146435e+03  1.115073e+04  1.503238e+04  2.231622e+04 
 1.890397e-02  6.133043e+03  1.112624e+04  1.499920e+04  2.226667e+04 
 1.916748e-02  6.118340e+03  1.109938e+04  1.496281e+04  2.221237e+04 
 1.943467e-02  6.102335e+03  1.107013e+04  1.492322e+04  2.215335e+04 
 1.970558e-02  6.085007e+03  1.103849e+04  1.488040e+04  2.208951e+04 
 1.998026e-02  6.066366e+03  1.100445e+04  1.483435e+04  2.202089e+04 
 2.025878e-02  6.046415e+03  1.096804e+04  1.478508e+04  2.194749e+04 
 2.054117e-02  6.025145e+03  1.092923e+04  1.473260e+04  2.186933e+04 
 2.082751e-02  6.002565e+03  1.088804e+04  1.467689e+04  2.178642e+04 
 2.111783e-02  5.978684e+03  1.084448e+04  1.461801e+04  2.169878e+04 
 2.141220e-02  5.953598e+03  1.079869e+04  1.455608e+04  2.160649e+04 
 2.171068e-02  5.927749e+03  1.075127e+04  1.449168e+04  2.150992e+04 
 2.201331e-02  5.900612e+03  1.070151e+04  1.442414e+04  2.140867e+04 
 2.232016e-02  5.872179e+03  1.064939e+04  1.435342e+04  2.130271e+04 
 2.263130e-02  5.842467e+03  1.059495e+04  1.427956e+04  2.119210e+04 
 2.294676e-02  5.811468e+03  1.053817e+04  1.420257e+04  2.107684e+04 
 2.326663e-02  5.779205e+03  1.047908e+04  1.412245e+04  2.095698e+04 
 2.359095e-02  5.745685e+03  1.041774e+04  1.403928e+04  2.083256e+04 
 2.391980e-02  5.710917e+03  1.035412e+04  1.395306e+04  2.070362e+04 
 2.425323e-02  5.674928e+03  1.028827e+04  1.386385e+04  2.057026e+04 
 2.459130e-02  5.637736e+03  1.022025e+04  1.377169e+04  2.043253e+04 
 2.493409e-02  5.599374e+03  1.015011e+04  1.367667e+04  2.029059e+04 
 2.528166e-02  5.559871e+03  1.007789e+04  1.357888e+04  2.014451e+04 
 2.563407e-02  5.519253e+03  1.000367e+04  1.347837e+04  1.999442e+04 
 2.599140e-02  5.477572e+03  9.927495e+03  1.337524e+04  1.984046e+04 
 2.635371e-02  5.434869e+03  9.849483e+03  1.326963e+04  1.968281e+04 
 2.672106e-02  5.391201e+03  9.769717e+03  1.316167e+04  1.952167e+04 
 2.709354e-02  5.346601e+03  9.688268e+03  1.305142e+04  1.935717e+04 
 2.747121e-02  5.301096e+03  9.605179e+03  1.293899e+04  1.918941e+04 
 2.785414e-02  5.254646e+03  9.520391e+03  1.282430e+04  1.901836e+04 
 2.824241e-02  5.207005e+03  9.433547e+03  1.270694e+04  1.884359e+04 
 2.863610e-02  5.158545e+03  9.345236e+03  1.258759e+04  1.866588e+04 
 2.903527e-02  5.109308e+03  9.255517e+03  1.246634e+04  1.848538e+04 
 2.944000e-02  5.059331e+03  9.164450e+03  1.234329e+04  1.830219e+04 
 2.985038e-02  5.008658e+03  9.072135e+03  1.221856e+04  1.811652e+04 
 3.026648e-02  4.957346e+03  8.978646e+03  1.209226e+04  1.792851e+04 
 3.068838e-02  4.905441e+03  8.884105e+03  1.196453e+04  1.773842e+04 
 3.111616e-02  4.853007e+03  8.788602e+03  1.183552e+04  1.754641e+04 
 3.154990e-02  4.800099e+03  8.692253e+03  1.170538e+04  1.735270e+04 
 3.198969e-02  4.746799e+03  8.595185e+03  1.157427e+04  1.715757e+04 
 3.243561e-02  4.693184e+03  8.497551e+03  1.144239e+04  1.696132e+04 
 3.288774e-02  4.639329e+03  8.399499e+03  1.130995e+04  1.676422e+04 
 3.334618e-02  4.585329e+03  8.301182e+03  1.117716e+04  1.656661e+04 
 3.381101e-02  4.531262e+03  8.202760e+03  1.104423e+04  1.636877e+04 
 3.428231e-02  4.477203e+03  8.104339e+03  1.091131e+04  1.617093e+04 
 3.476019e-02  4.423070e+03  8.006110e+03  1.077899e+04  1.597503e+04 
 3.524473e-02  4.369018e+03  7.908031e+03  1.064689e+04  1.577947e+04 
 3.573602e-02  4.315092e+03  7.810187e+03  1.051510e+04  1.558434e+04 
 3.623416e-02  4.261343e+03  7.712661e+03  1.038374e+04  1.538983e+04 
 3.673925e-02  4.207813e+03  7.615531e+03  1.025293e+04  1.519610e+04 
 3.725137e-02  4.154562e+03  7.518917e+03  1.012279e+04  1.500336e+04 
 3.777064e-02  4.101642e+03  7.422902e+03  9.993453e+03  1.481181e+04 
 3.829714e-02  4.049114e+03  7.327598e+03  9.865070e+03  1.462164e+04 
 3.883098e-02  3.997042e+03  7.233111e+03  9.737796e+03  1.443309e+04 
 3.937226e-02  3.945482e+03  7.139565e+03  9.611798e+03  1.424638e+04 
 3.992109e-02  3.894509e+03  7.047092e+03  9.487209e+03  1.406179e+04 
 4.047757e-02  3.844182e+03  6.955747e+03  9.364112e+03  1.387926e+04 
 4.104181e-02  3.794337e+03  6.864654e+03  9.240681e+03  1.369428e+04 
 4.161391e-02  3.745316e+03  6.775049e+03  9.119241e+03  1.351228e+04 
 4.219398e-02  3.697172e+03  6.687041e+03  8.999964e+03  1.333345e+04 
 4.278214e-02  3.649932e+03  6.600678e+03  8.882894e+03  1.315790e+04 
 4.337850e-02  3.603614e+03  6.515988e+03  8.768079e+03  1.298569e+04 
 4.398317e-02  3.558234e+03  6.433002e+03  8.655571e+03  1.281689e+04 
 4.459628e-02  3.513807e+03  6.351755e+03  8.545389e+03  1.265154e+04 
 4.521792e-02  3.470349e+03  6.272263e+03  8.437587e+03  1.248971e+04 
 4.584824e-02  3.427876e+03  6.194552e+03  8.332180e+03  1.233144e+04 
 4.648734e-02  3.386391e+03  6.118648e+03  8.229207e+03  1.217676e+04 
 4.713535e-02  3.346134e+03  6.045779e+03  8.131181e+03  1.203172e+04 
 4.779239e-02  3.307016e+03  5.975470e+03  8.037091e+03  1.189391e+04 
 4.845859e-02  3.268900e+03  5.906969e+03  7.945441e+03  1.175967e+04 
 4.913407e-02  3.231781e+03  5.840265e+03  7.856193e+03  1.162895e+04 
 4.981898e-02  3.195630e+03  5.775301e+03  7.769279e+03  1.150168e+04 
 5.051342e-02  3.160418e+03  5.712037e+03  7.684640e+03  1.137775e+04 
 5.121755e-02  3.126113e+03  5.650409e+03  7.602199e+03  1.125706e+04 
 5.193150e-02  3.092680e+03  5.590350e+03  7.521865e+03  1.113946e+04 
 5.265540e-02  3.060072e+03  5.531777e+03  7.443521e+03  1.102480e+04 
 5.338938e-02  3.027979e+03  5.473659e+03  7.365294e+03  1.090902e+04 
 5.413360e-02  2.996294e+03  5.415705e+03  7.286709e+03  1.079112e+04 
 5.488820e-02  2.965258e+03  5.358936e+03  7.209714e+03  1.067560e+04 
 5.565331e-02  2.934816e+03  5.303244e+03  7.134172e+03  1.056225e+04 
 5.642908e-02  2.904872e+03  5.248449e+03  7.059839e+03  1.045069e+04 
 5.721568e-02  2.875328e+03  5.194376e+03  6.986470e+03  1.034056e+04 
 5.801323e-02  2.846067e+03  5.140818e+03  6.913806e+03  1.023149e+04 
 5.882190e-02  2.817091e+03  5.087808e+03  6.841908e+03  1.012366e+04 
 5.964185e-02  2.788505e+03  5.035900e+03  6.771905e+03  1.001977e+04 
 6.047322e-02  2.760599e+03  4.986236e+03  6.705972e+03  9.924739e+03 
 6.131619e-02  2.732497e+03  4.936193e+03  6.639493e+03  9.828799e+03 
 6.217090e-02  2.704225e+03  4.885792e+03  6.572494e+03  9.732017e+03 
 6.303753e-02  2.675652e+03  4.834831e+03  6.504732e+03  9.634030e+03 
 6.391624e-02  2.646696e+03  4.783173e+03  6.436021e+03  9.534638e+03 
 6.480720e-02  2.617259e+03  4.730641e+03  6.366132e+03  9.433518e+03 
 6.571058e-02  2.587227e+03  4.677030e+03  6.294792e+03  9.330238e+03 
 6.662655e-02  2.555276e+03  4.617961e+03  6.214014e+03  9.207133e+03 
 6.755528e-02  2.522525e+03  4.557392e+03  6.131155e+03  9.080805e+03 
 6.849697e-02  2.488952e+03  4.495341e+03  6.046320e+03  8.951574e+03 
 6.945178e-02  2.454496e+03  4.431704e+03  5.959366e+03  8.819234e+03 
 7.041990e-02  2.419103e+03  4.366390e+03  5.870165e+03  8.683623e+03 
 7.140151e-02  2.382734e+03  4.299326e+03  5.778637e+03  8.544598e+03 
 7.239681e-02  2.345632e+03  4.231222e+03  5.686063e+03  8.405175e+03 
 7.340598e-02  2.307827e+03  4.162184e+03  5.592647e+03  8.265875e+03 
 7.442922e-02  2.269024e+03  4.091350e+03  5.496831e+03  8.123025e+03 
 7.546673e-02  2.229259e+03  4.018784e+03  5.398689e+03  7.976736e+03 
 7.651869e-02  2.188573e+03  3.944569e+03  5.298347e+03  7.827185e+03 
 7.758532e-02  2.147037e+03  3.868823e+03  5.195957e+03  7.674625e+03 
 7.866682e-02  2.105611e+03  3.794475e+03  5.096609e+03  7.529423e+03 
 7.976339e-02  2.064932e+03  3.723390e+03  5.003509e+03  7.398082e+03 
 8.087525e-02  2.023639e+03  3.651125e+03  4.908758e+03  7.264097e+03 
 8.200261e-02  1.981868e+03  3.577921e+03  4.812666e+03  7.127912e+03 
 8.314568e-02  1.939762e+03  3.504041e+03  4.715587e+03  6.990045e+03 
 8.430468e-02  1.897485e+03  3.429767e+03  4.617903e+03  6.851067e+03 
 8.547985e-02  1.854264e+03  3.352384e+03  4.514696e+03  6.700684e+03 
 8.667139e-02  1.810809e+03  3.273920e+03  4.409409e+03  6.545698e+03 
 8.787954e-02  1.767754e+03  3.196174e+03  4.305064e+03  6.392033e+03 
 8.910453e-02  1.725287e+03  3.119484e+03  4.202126e+03  6.240382e+03 
 9.034660e-02  1.683587e+03  3.044177e+03  4.101035e+03  6.091402e+03 
 9.160598e-02  1.643500e+03  2.972686e+03  4.005871e+03  5.952980e+03 
 9.288292e-02  1.605114e+03  2.905063e+03  3.916608e+03  5.824867e+03 
 9.417766e-02  1.567950e+03  2.839589e+03  3.830176e+03  5.700770e+03 
 9.549045e-02  1.532149e+03  2.776528e+03  3.746930e+03  5.581234e+03 
 9.682153e-02  1.497829e+03  2.716100e+03  3.667169e+03  5.466722e+03 
 9.817117e-02  1.465372e+03  2.659410e+03  3.592771e+03  5.360929e+03 
 9.953962e-02  1.434681e+03  2.606016e+03  3.522891e+03  5.262030e+03 
 1.009272e-01  1.405704e+03  2.555682e+03  3.457081e+03  5.169025e+03 
 1.023340e-01  1.378458e+03  2.508443e+03  3.395383e+03  5.082009e+03 
 1.037605e-01  1.352285e+03  2.462323e+03  3.334441e+03  4.994406e+03 
 1.052069e-01  1.325323e+03  2.411801e+03  3.264885e+03  4.888018e+03 
 1.066734e-01  1.300085e+03  2.364470e+03  3.199686e+03  4.788201e+03 
 1.081604e-01  1.276467e+03  2.320136e+03  3.138565e+03  4.694550e+03 
 1.096681e-01  1.254342e+03  2.278563e+03  3.081200e+03  4.606560e+03 
 1.111968e-01  1.234004e+03  2.240777e+03  3.029259e+03  4.526835e+03 
 1.127468e-01  1.214841e+03  2.205180e+03  2.980306e+03  4.451624e+03 
 1.143184e-01  1.196634e+03  2.171346e+03  2.933755e+03  4.380051e+03 
 1.159120e-01  1.179170e+03  2.138888e+03  2.889076e+03  4.311321e+03 
 1.175277e-01  1.163290e+03  2.110460e+03  2.850818e+03  4.254145e+03 
 1.191660e-01  1.147764e+03  2.082774e+03  2.813644e+03  4.198776e+03 
 1.208271e-01  1.132260e+03  2.055127e+03  2.776514e+03  4.143488e+03 
 1.225114e-01  1.116525e+03  2.027041e+03  2.738808e+03  4.087459e+03 
 1.242191e-01  1.100078e+03  1.997556e+03  2.699339e+03  4.029804e+03 
 1.259506e-01  1.083015e+03  1.966945e+03  2.658342e+03  3.969868e+03 
 1.277063e-01  1.065177e+03  1.934908e+03  2.615410e+03  3.907028e+03 
 1.294865e-01  1.046763e+03  1.901963e+03  2.571229e+03  3.841891e+03 
 1.312915e-01  1.027731e+03  1.868056e+03  2.525728e+03  3.774287e+03 
 1.331216e-01  1.007660e+03  1.832230e+03  2.477620e+03  3.702796e+03 
 1.349772e-01  9.865827e+02  1.794582e+03  2.427079e+03  3.627795e+03 
 1.368587e-01  9.656686e+02  1.759114e+03  2.381638e+03  3.566623e+03 
 1.387665e-01  9.438605e+02  1.721911e+03  2.333750e+03  3.501554e+03 
 1.407008e-01  9.213203e+02  1.683259e+03  2.283797e+03  3.433137e+03 
 1.426621e-01  8.989709e+02  1.644972e+03  2.233919e+03  3.362740e+03 
 1.446507e-01  8.765173e+02  1.606405e+03  2.183461e+03  3.290687e+03 
 1.466671e-01  8.539708e+02  1.567534e+03  2.132495e+03  3.217684e+03 
 1.487115e-01  8.294497e+02  1.523049e+03  2.072582e+03  3.129302e+03 
 1.507845e-01  8.039996e+02  1.475550e+03  2.007709e+03  3.032176e+03 
 1.528864e-01  7.793932e+02  1.429616e+03  1.944966e+03  2.938209e+03 
 1.550175e-01  7.577321e+02  1.390975e+03  1.893568e+03  2.863921e+03 
 1.571784e-01  7.385604e+02  1.358167e+03  1.851047e+03  2.804721e+03 
 1.593694e-01  7.206424e+02  1.327540e+03  1.811398e+03  2.749617e+03 
 1.615909e-01  7.046178e+02  1.300632e+03  1.776859e+03  2.702067e+03 
 1.638434e-01  6.902189e+02  1.276764e+03  1.746443e+03  2.660592e+03 
 1.661273e-01  6.771963e+02  1.255341e+03  1.719286e+03  2.623888e+03 
 1.684430e-01  6.623092e+02  1.227912e+03  1.682319e+03  2.570074e+03 
 1.707910e-01  6.483149e+02  1.201830e+03  1.646996e+03  2.518449e+03 
 1.731717e-01  6.359784e+02  1.179237e+03  1.616641e+03  2.474386e+03 
 1.755856e-01  6.268111e+02  1.164176e+03  1.597394e+03  2.447375e+03 
 1.780332e-01  6.182193e+02  1.150160e+03  1.579562e+03  2.422496e+03 
 1.805149e-01  6.082239e+02  1.131469e+03  1.553617e+03  2.382031e+03 
 1.830312e-01  5.972941e+02  1.109825e+03  1.522624e+03  2.331986e+03 
 1.855825e-01  5.863400e+02  1.088456e+03  1.492362e+03  2.283869e+03 
 1.881694e-01  5.756679e+02  1.069380e+03  1.467214e+03  2.248106e+03 
 1.907924e-01  5.644476e+02  1.049275e+03  1.440641e+03  2.210127e+03 
 1.934520e-01  5.520447e+02  1.026762e+03  1.410844e+03  2.168308e+03 
 1.961486e-01  5.387532e+02  1.002531e+03  1.378703e+03  2.123212e+03 
 1.988828e-01  5.259621e+02  9.798622e+02  1.348842e+03  2.081022e+03 
 2.016551e-01  5.142560e+02  9.601006e+02  1.323162e+03  2.044429e+03 
 2.044661e-01  5.018663e+02  9.387106e+02  1.294977e+03  2.003572e+03 
 2.073162e-01  4.880539e+02  9.129415e+02  1.259452e+03  1.949477e+03 
 2.102061e-01  4.742202e+02  8.871060e+02  1.223819e+03  1.895154e+03 
 2.131362e-01  4.643559e+02  8.727282e+02  1.206683e+03  1.872341e+03 
 2.161073e-01  4.550092e+02  8.593497e+02  1.190949e+03  1.851665e+03 
 2.191197e-01  4.430115e+02  8.386939e+02  1.164418e+03  1.816152e+03 
 2.221741e-01  4.310683e+02  8.175613e+02  1.136989e+03  1.779452e+03 
 2.252711e-01  4.205490e+02  7.996180e+02  1.114199e+03  1.749300e+03 
 2.284112e-01  4.111131e+02  7.838386e+02  1.094423e+03  1.723483e+03 
 2.315951e-01  4.030043e+02  7.696272e+02  1.075312e+03  1.694280e+03 
 2.348235e-01  3.958320e+02  7.568531e+02  1.057668e+03  1.665842e+03 
 2.380968e-01  3.873147e+02  7.404413e+02  1.034843e+03  1.631223e+03 
 2.414157e-01  3.787749e+02  7.237238e+02  1.011565e+03  1.596365e+03 
 2.447809e-01  3.701891e+02  7.075457e+02  9.896146e+02  1.563588e+03 
 2.481930e-01  3.617936e+02  6.918541e+02  9.684033e+02  1.531906e+03 
 2.516527e-01  3.567299e+02  6.837338e+02  9.577277e+02  1.515777e+03 
 2.551606e-01  3.504065e+02  6.727879e+02  9.431013e+02  1.494069e+03 
 2.587174e-01  3.407405e+02  6.541912e+02  9.177983e+02  1.457610e+03 
 2.623238e-01  3.325038e+02  6.393720e+02  8.980941e+02  1.429528e+03 
 2.659804e-01  3.258487e+02  6.286827e+02  8.844961e+02  1.410578e+03 
 2.696881e-01  3.170876e+02  6.129377e+02  8.634302e+02  1.379092e+03 
 2.734474e-01  3.078003e+02  5.959011e+02  8.404591e+02  1.344462e+03 
 2.772591e-01  3.008669e+02  5.846340e+02  8.265219e+02  1.326661e+03 
 2.811239e-01  2.936606e+02  5.722500e+02  8.109511e+02  1.307531e+03 
 2.850426e-01  2.861620e+02  5.585422e+02  7.934737e+02  1.287218e+03 
 2.890160e-01  2.795909e+02  5.474975e+02  7.792989e+02  1.266840e+03 
 2.930447e-01  2.735620e+02  5.371278e+02  7.653399e+02  1.244756e+03 
 2.971296e-01  2.678683e+02  5.257398e+02  7.480928e+02  1.215121e+03 
 3.012714e-01  2.628002e+02  5.171187e+02  7.367178e+02  1.198300e+03 
 3.054710e-01  2.577622e+02  5.089846e+02  7.267707e+02  1.185370e+03 
 3.097291e-01  2.515441e+02  4.978716e+02  7.125001e+02  1.166571e+03 
 3.140465e-01  2.457819e+02  4.864606e+02  6.961634e+02  1.139840e+03 
 3.184242e-01  2.405913e+02  4.762994e+02  6.815655e+02  1.115774e+03 
 3.228628e-01  2.364451e+02  4.696341e+02  6.733785e+02  1.106007e+03 
 3.273634e-01  2.304295e+02  4.577778e+02  6.565063e+02  1.079268e+03 
 3.319266e-01  2.242070e+02  4.459645e+02  6.403602e+02  1.055250e+03 
 3.365535e-01  2.183317e+02  4.357290e+02  6.273694e+02  1.038126e+03 
 3.412449e-01  2.143295e+02  4.303343e+02  6.207088e+02  1.027022e+03 
 3.460016e-01  2.099641e+02  4.232005e+02  6.114715e+02  1.013886e+03 
 3.508247e-01  2.057376e+02  4.156782e+02  6.014539e+02  9.993462e+02 
 3.557150e-01  2.016836e+02  4.081707e+02  5.913144e+02  9.839436e+02 
 3.606735e-01  1.970607e+02  4.000104e+02  5.806849e+02  9.689949e+02 
 3.657011e-01  1.915174e+02  3.896894e+02  5.668185e+02  9.503871e+02 
 3.707988e-01  1.871045e+02  3.814083e+02  5.556826e+02  9.340686e+02 
 3.759675e-01  1.830493e+02  3.738120e+02  5.453821e+02  9.188881e+02 
 3.812083e-01  1.788158e+02  3.662774e+02  5.352671e+02  9.044010e+02 
 3.865221e-01  1.751955e+02  3.610190e+02  5.289424e+02  8.931320e+02 
 3.919100e-01  1.714297e+02  3.523582e+02  5.160852e+02  8.764019e+02 
 3.973730e-01  1.671778e+02  3.454751e+02  5.074400e+02  8.623841e+02 
 4.029122e-01  1.638287e+02  3.401615e+02  4.999243e+02  8.484052e+02 
 4.085286e-01  1.603913e+02  3.328416e+02  4.896087e+02  8.339100e+02 
 4.142232e-01  1.562690e+02  3.246173e+02  4.789877e+02  8.210669e+02 
 4.199973e-01  1.523462e+02  3.180030e+02  4.706580e+02  8.087268e+02 
 4.258518e-01  1.492619e+02  3.122803e+02  4.624855e+02  7.944754e+02 
 4.317880e-01  1.460053e+02  3.058627e+02  4.530989e+02  7.805669e+02 
 4.378069e-01  1.431399e+02  3.002770e+02  4.451996e+02  7.674968e+02 
 4.439097e-01  1.407544e+02  2.966329e+02  4.409236e+02  7.639205e+02 
 4.500975e-01  1.369299e+02  2.896335e+02  4.313752e+02  7.498691e+02 
 4.563716e-01  1.336543e+02  2.830028e+02  4.217658e+02  7.327286e+02 
 4.627332e-01  1.315748e+02  2.801291e+02  4.186685e+02  7.295715e+02 
 4.691835e-01  1.281685e+02  2.734257e+02  4.090147e+02  7.133561e+02 
 4.757236e-01  1.256887e+02  2.686669e+02  4.026195e+02  7.037403e+02 
 4.823549e-01  1.223766e+02  2.619611e+02  3.934043e+02  6.918236e+02 
 4.890787e-01  1.197647e+02  2.569817e+02  3.866547e+02  6.811365e+02 
 4.958962e-01  1.178256e+02  2.531780e+02  3.807208e+02  6.703300e+02 
 5.028087e-01  1.152548e+02  2.487466e+02  3.747808e+02  6.618238e+02 
 5.098176e-01  1.131293e+02  2.448686e+02  3.690291e+02  6.504163e+02 
 5.169242e-01  1.111631e+02  2.411876e+02  3.641875e+02  6.438780e+02 
 5.241298e-01  1.075352e+02  2.351703e+02  3.569134e+02  6.350374e+02 
 5.314359e-01  1.056366e+02  2.321678e+02  3.526897e+02  6.283023e+02 
 5.388438e-01  1.033936e+02  2.271610e+02  3.453371e+02  6.174607e+02 
 5.463550e-01  1.015362e+02  2.234863e+02  3.398494e+02  6.085375e+02 
 5.539709e-01  9.884675e+01  2.189119e+02  3.340147e+02  5.993081e+02 
 5.616930e-01  9.709123e+01  2.154949e+02  3.292014e+02  5.919883e+02 
 5.695227e-01  9.518182e+01  2.124967e+02  3.254158e+02  5.835271e+02 
 5.774615e-01  9.298898e+01  2.075057e+02  3.182154e+02  5.736268e+02 
 5.855110e-01  9.130747e+01  2.043168e+02  3.132530e+02  5.655679e+02 
 5.936727e-01  8.918465e+01  1.994725e+02  3.067664e+02  5.559652e+02 
 6.019482e-01  8.768821e+01  1.971598e+02  3.028880e+02  5.489743e+02 
 6.103390e-01  8.561027e+01  1.936789e+02  2.982936e+02  5.405296e+02 
 6.188468e-01  8.367744e+01  1.906800e+02  2.957611e+02  5.384071e+02 
 6.274732e-01  8.228578e+01  1.870606e+02  2.896781e+02  5.290737e+02 
 6.362198e-01  8.065314e+01  1.841389e+02  2.852708e+02  5.206748e+02 
 6.450884e-01  7.876476e+01  1.808587e+02  2.807506e+02  5.127325e+02 
 6.540806e-01  7.710100e+01  1.769581e+02  2.749697e+02  5.048205e+02 
 6.631981e-01  7.541293e+01  1.744466e+02  2.722134e+02  4.994013e+02 
 6.724427e-01  7.396869e+01  1.713570e+02  2.680689e+02  4.945237e+02 
 6.818162e-01  7.238533e+01  1.681829e+02  2.624614e+02  4.846499e+02 
 6.913204e-01  7.083058e+01  1.651462e+02  2.585799e+02  4.779217e+02 
 7.009570e-01  6.980227e+01  1.626191e+02  2.549665e+02  4.715902e+02 
 7.107280e-01  6.802692e+01  1.599031e+02  2.510391e+02  4.640511e+02 
 7.206351e-01  6.696315e+01  1.574332e+02  2.478450e+02  4.601715e+02 
 7.306804e-01  6.560957e+01  1.549778e+02  2.437398e+02  4.518224e+02 
 7.408657e-01  6.414042e+01  1.519147e+02  2.394027e+02  4.460379e+02 
 7.511929e-01  6.277397e+01  1.491688e+02  2.359231e+02  4.396969e+02 
 7.616642e-01  6.152412e+01  1.464742e+02  2.321778e+02  4.342510e+02 
 7.722814e-01  6.072030e+01  1.448641e+02  2.293475e+02  4.275523e+02 
 7.830465e-01  5.942358e+01  1.421029e+02  2.255333e+02  4.218387e+02 
 7.939618e-01  5.832110e+01  1.402125e+02  2.225323e+02  4.177651e+02 
 8.050292e-01  5.702682e+01  1.376793e+02  2.195943e+02  4.121597e+02 
 8.162509e-01  5.605209e+01  1.355976e+02  2.157568e+02  4.049730e+02 
 8.276289e-01  5.468611e+01  1.329722e+02  2.124050e+02  3.998635e+02 
 8.391656e-01  5.402361e+01  1.313539e+02  2.094345e+02  3.955876e+02 
 8.508632e-01  5.300694e+01  1.291083e+02  2.065595e+02  3.901364e+02 
 8.627237e-01  5.186077e+01  1.270638e+02  2.034475e+02  3.839641e+02 
 8.747496e-01  5.089808e+01  1.249394e+02  2.004618e+02  3.788439e+02 
 8.869432e-01  5.001594e+01  1.231082e+02  1.976739e+02  3.738518e+02 
 8.993067e-01  4.901245e+01  1.211301e+02  1.946625e+02  3.684929e+02 
 9.118425e-01  4.822033e+01  1.190313e+02  1.913646e+02  3.619119e+02 
 9.245531e-01  4.717114e+01  1.170228e+02  1.883607e+02  3.579690e+02 
 9.374409e-01  4.627082e+01  1.152401e+02  1.859494e+02  3.530052e+02 
 9.505083e-01  4.550290e+01  1.134068e+02  1.831964e+02  3.479531e+02 
 9.637579e-01  4.451565e+01  1.112095e+02  1.800027e+02  3.429688e+02 
 9.771921e-01  4.395314e+01  1.104872e+02  1.780884e+02  3.381835e+02 
 9.908137e-01  4.310166e+01  1.084229e+02  1.753121e+02  3.338175e+02 
 1.004625e+00  4.225525e+01  1.064000e+02  1.722386e+02  3.281288e+02 
 1.018629e+00  4.153862e+01  1.049201e+02  1.697906e+02  3.233342e+02 
 1.032828e+00  4.074798e+01  1.032969e+02  1.676486e+02  3.200009e+02 
 1.047225e+00  3.996955e+01  1.017987e+02  1.649271e+02  3.144840e+02 
 1.061823e+00  3.935379e+01  1.003908e+02  1.626401e+02  3.098497e+02 
 1.076624e+00  3.861299e+01  9.879007e+01  1.602160e+02  3.051847e+02 
 1.091632e+00  3.793902e+01  9.722240e+01  1.578987e+02  3.004665e+02 
 1.106848e+00  3.721593e+01  9.554079e+01  1.555191e+02  2.964174e+02 
 1.122277e+00  3.656202e+01  9.417595e+01  1.529523e+02  2.915438e+02 
 1.137921e+00  3.589589e+01  9.256769e+01  1.506581e+02  2.871749e+02 
 1.153783e+00  3.531699e+01  9.111181e+01  1.483510e+02  2.830202e+02 
 1.169866e+00  3.466550e+01  8.972905e+01  1.460559e+02  2.789959e+02 
 1.186174e+00  3.403202e+01  8.842260e+01  1.438931e+02  2.744860e+02 
 1.202708e+00  3.348444e+01  8.703283e+01  1.417140e+02  2.702195e+02 
 1.219473e+00  3.290869e+01  8.572964e+01  1.396537e+02  2.656838e+02 
 1.236472e+00  3.231721e+01  8.444591e+01  1.376291e+02  2.617237e+02 
 1.253708e+00  3.178931e+01  8.305875e+01  1.353535e+02  2.579429e+02 
 1.271184e+00  3.125113e+01  8.211505e+01  1.336378e+02  2.537481e+02 
 1.288904e+00  3.071628e+01  8.052528e+01  1.313720e+02  2.501680e+02 
 1.306870e+00  3.015029e+01  7.930715e+01  1.293159e+02  2.459419e+02 
 1.325087e+00  2.968910e+01  7.813412e+01  1.273723e+02  2.418301e+02 
 1.343558e+00  2.918991e+01  7.689137e+01  1.253761e+02  2.378946e+02 
 1.362287e+00  2.873300e+01  7.563257e+01  1.232401e+02  2.340873e+02 
 1.381276e+00  2.824505e+01  7.445620e+01  1.211191e+02  2.302672e+02 
 1.400531e+00  2.777640e+01  7.330510e+01  1.192702e+02  2.261057e+02 
 1.420053e+00  2.728448e+01  7.208187e+01  1.174088e+02  2.222028e+02 
 1.439848e+00  2.684111e+01  7.098450e+01  1.153964e+02  2.185424e+02 
 1.459919e+00  2.635290e+01  6.982227e+01  1.134728e+02  2.145439e+02 
 1.480269e+00  2.596496e+01  6.859209e+01  1.115084e+02  2.104674e+02 
 1.500903e+00  2.551801e+01  6.751819e+01  1.096038e+02  2.072324e+02 
 1.521825e+00  2.509072e+01  6.652105e+01  1.078891e+02  2.034118e+02 
 1.543038e+00  2.466170e+01  6.542700e+01  1.061678e+02  1.999900e+02 
 1.564548e+00  2.428678e+01  6.435979e+01  1.043334e+02  1.962834e+02 
 1.586357e+00  2.388882e+01  6.338117e+01  1.025922e+02  1.927409e+02 
 1.608469e+00  2.347841e+01  6.238177e+01  1.008713e+02  1.894862e+02 
 1.630891e+00  2.316016e+01  6.125688e+01  9.897994e+01  1.857548e+02 
 1.653624e+00  2.275233e+01  6.024727e+01  9.740571e+01  1.826555e+02 
 1.676675e+00  2.238416e+01  5.935672e+01  9.576612e+01  1.790709e+02 
 1.700047e+00  2.200623e+01  5.836763e+01  9.406793e+01  1.758083e+02 
 1.723745e+00  2.165305e+01  5.736435e+01  9.237656e+01  1.722361e+02 
 1.747773e+00  2.127708e+01  5.636872e+01  9.070500e+01  1.689003e+02 
 1.772136e+00  2.093552e+01  5.539908e+01  8.902082e+01  1.657937e+02 
 1.796838e+00  2.060296e+01  5.445091e+01  8.742110e+01  1.624774e+02 
 1.821885e+00  2.027455e+01  5.349730e+01  8.577615e+01  1.593635e+02 
 1.847281e+00  1.994381e+01  5.264965e+01  8.427304e+01  1.562165e+02 
 1.873032e+00  1.961995e+01  5.166240e+01  8.259027e+01  1.531893e+02 
 1.899141e+00  1.928667e+01  5.073346e+01  8.109042e+01  1.501097e+02 
 1.925614e+00  1.898678e+01  4.987403e+01  7.958543e+01  1.470225e+02 
 1.952456e+00  1.873125e+01  4.903341e+01  7.809732e+01  1.440378e+02 
 1.979672e+00  1.838753e+01  4.820031e+01  7.663074e+01  1.411441e+02 
 2.007267e+00  1.811482e+01  4.731550e+01  7.509517e+01  1.383954e+02 
 2.035248e+00  1.779916e+01  4.645706e+01  7.363504e+01  1.354460e+02 
 2.063618e+00  1.751052e+01  4.560337e+01  7.222938e+01  1.326115e+02 
 2.092383e+00  1.723000e+01  4.477823e+01  7.078405e+01  1.298723e+02 
 2.121550e+00  1.693888e+01  4.393297e+01  6.936674e+01  1.270764e+02 
 2.151123e+00  1.666462e+01  4.312258e+01  6.794084e+01  1.243065e+02 
 2.181109e+00  1.638627e+01  4.229541e+01  6.658976e+01  1.216755e+02 
 2.211512e+00  1.611408e+01  4.147263e+01  6.518708e+01  1.189402e+02 
 2.242340e+00  1.585227e+01  4.069832e+01  6.385788e+01  1.163573e+02 
 2.273597e+00  1.556968e+01  3.990976e+01  6.247342e+01  1.137639e+02 
 2.305289e+00  1.532585e+01  3.912854e+01  6.119668e+01  1.112592e+02 
 2.337424e+00  1.506725e+01  3.835080e+01  5.988594e+01  1.087797e+02 
 2.370006e+00  1.481322e+01  3.760197e+01  5.863885e+01  1.064379e+02 
 2.403043e+00  1.455483e+01  3.686174e+01  5.735542e+01  1.040021e+02 
 2.436540e+00  1.431710e+01  3.614145e+01  5.613638e+01  1.016515e+02 
 2.470504e+00  1.407658e+01  3.543281e+01  5.491953e+01  9.933956e+01 
 2.504942e+00  1.383902e+01  3.474159e+01  5.375386e+01  9.712527e+01 
 2.539859e+00  1.361595e+01  3.403224e+01  5.256988e+01  9.487950e+01 
 2.575263e+00  1.337484e+01  3.333430e+01  5.146671e+01  9.273935e+01 
 2.611161e+00  1.315441e+01  3.265248e+01  5.028698e+01  9.059754e+01 
 2.647559e+00  1.292910e+01  3.196937e+01  4.914658e+01  8.845756e+01 
 2.684465e+00  1.270484e+01  3.132200e+01  4.802949e+01  8.637587e+01 
 2.721885e+00  1.247347e+01  3.063453e+01  4.695080e+01  8.432849e+01 
 2.759826e+00  1.225301e+01  2.996856e+01  4.585989e+01  8.231024e+01 
 2.798297e+00  1.203520e+01  2.933583e+01  4.480679e+01  8.039089e+01 
 2.837304e+00  1.182072e+01  2.869457e+01  4.376464e+01  7.845424e+01 
 2.876854e+00  1.160702e+01  2.806036e+01  4.274197e+01  7.657750e+01 
 2.916956e+00  1.139876e+01  2.745481e+01  4.173809e+01  7.470196e+01 
 2.957617e+00  1.119558e+01  2.685997e+01  4.077106e+01  7.292000e+01 
 2.998844e+00  1.099107e+01  2.627342e+01  3.980820e+01  7.114435e+01 
 3.040646e+00  1.079237e+01  2.568975e+01  3.887002e+01  6.946616e+01 
 3.083031e+00  1.059618e+01  2.511935e+01  3.795433e+01  6.779240e+01 
 3.126007e+00  1.040789e+01  2.457032e+01  3.705640e+01  6.614518e+01 
 3.169582e+00  1.021652e+01  2.400874e+01  3.616735e+01  6.454879e+01 
 3.213764e+00  1.002860e+01  2.347075e+01  3.530169e+01  6.297708e+01 
 3.258562e+00  9.838613e+00  2.294707e+01  3.444746e+01  6.143481e+01 
 3.303985e+00  9.652718e+00  2.241096e+01  3.361554e+01  5.992402e+01 
 3.350041e+00  9.471141e+00  2.188656e+01  3.278176e+01  5.842688e+01 
 3.396739e+00  9.284477e+00  2.137867e+01  3.198210e+01  5.697125e+01 
 3.444087e+00  9.108096e+00  2.086615e+01  3.117927e+01  5.553059e+01 
 3.492096e+00  8.930567e+00  2.037668e+01  3.041348e+01  5.415635e+01 
 3.540774e+00  8.752190e+00  1.989869e+01  2.965973e+01  5.279183e+01 
 3.590130e+00  8.581096e+00  1.942034e+01  2.891116e+01  5.147858e+01 
 3.640175e+00  8.413542e+00  1.895660e+01  2.819749e+01  5.017970e+01 
 3.690917e+00  8.242899e+00  1.850859e+01  2.748354e+01  4.892084e+01 
 3.742366e+00  8.078712e+00  1.805678e+01  2.679942e+01  4.770926e+01 
 3.794533e+00  7.918585e+00  1.763103e+01  2.613314e+01  4.650710e+01 
 3.847427e+00  7.760359e+00  1.720114e+01  2.548181e+01  4.535795e+01 
 3.901058e+00  7.600394e+00  1.679207e+01  2.484686e+01  4.421761e+01 
 3.955436e+00  7.450998e+00  1.638499e+01  2.421722e+01  4.310596e+01 
 4.010573e+00  7.295279e+00  1.598383e+01  2.361287e+01  4.202999e+01 
 4.066478e+00  7.144587e+00  1.559117e+01  2.301009e+01  4.095737e+01 
 4.123163e+00  6.994640e+00  1.520853e+01  2.242292e+01  3.991444e+01 
 4.180637e+00  6.848441e+00  1.483211e+01  2.184966e+01  3.888903e+01 
 4.238913e+00  6.702654e+00  1.445787e+01  2.128727e+01  3.789970e+01 
 4.298001e+00  6.556401e+00  1.409592e+01  2.074068e+01  3.692191e+01 
 4.357913e+00  6.418582e+00  1.374179e+01  2.020689e+01  3.597916e+01 
 4.418660e+00  6.278507e+00  1.339695e+01  1.968467e+01  3.505946e+01 
 4.480254e+00  6.140410e+00  1.305839e+01  1.917542e+01  3.415813e+01 
 4.542706e+00  6.007277e+00  1.272578e+01  1.867826e+01  3.327900e+01 
 4.606029e+00  5.875247e+00  1.240805e+01  1.819954e+01  3.243287e+01 
 4.670234e+00  5.745955e+00  1.209500e+01  1.773618e+01  3.160967e+01 
 4.735335e+00  5.619571e+00  1.179108e+01  1.728043e+01  3.080192e+01 
 4.801343e+00  5.497557e+00  1.149656e+01  1.683895e+01  3.001254e+01 
 4.868271e+00  5.375845e+00  1.120604e+01  1.640658e+01  2.924803e+01 
 4.936132e+00  5.256565e+00  1.092223e+01  1.598695e+01  2.850154e+01 
 5.004939e+00  5.138645e+00  1.064603e+01  1.557467e+01  2.776932e+01 
 5.074705e+00  5.021651e+00  1.037386e+01  1.517042e+01  2.705522e+01 
 5.145444e+00  4.907784e+00  1.010876e+01  1.477538e+01  2.635732e+01 
 5.217169e+00  4.794371e+00  9.847265e+00  1.438978e+01  2.566652e+01 
 5.289893e+00  4.684943e+00  9.593927e+00  1.401649e+01  2.499957e+01 
 5.363631e+00  4.575495e+00  9.346037e+00  1.364680e+01  2.434763e+01 
 5.438397e+00  4.469294e+00  9.103594e+00  1.328944e+01  2.370935e+01 
 5.514206e+00  4.364723e+00  8.867583e+00  1.294160e+01  2.309123e+01 
 5.591071e+00  4.261296e+00  8.639177e+00  1.260169e+01  2.248984e+01 
 5.669007e+00  4.162390e+00  8.414844e+00  1.227406e+01  2.190346e+01 
 5.748030e+00  4.064493e+00  8.198180e+00  1.195352e+01  2.133208e+01 
 5.828155e+00  3.969146e+00  7.987413e+00  1.164297e+01  2.077774e+01 
 5.909396e+00  3.875991e+00  7.781765e+00  1.134066e+01  2.024139e+01 
 5.991770e+00  3.784616e+00  7.581379e+00  1.104632e+01  1.971644e+01 
 6.075292e+00  3.695777e+00  7.387707e+00  1.076065e+01  1.920586e+01 
 6.159978e+00  3.608384e+00  7.198246e+00  1.048171e+01  1.870845e+01 
 6.245845e+00  3.522660e+00  7.013009e+00  1.020909e+01  1.821926e+01 
 6.332908e+00  3.438014e+00  6.830336e+00  9.941260e+00  1.774190e+01 
 6.421186e+00  3.355688e+00  6.653086e+00  9.679128e+00  1.727358e+01 
 6.510694e+00  3.274263e+00  6.479231e+00  9.424719e+00  1.681665e+01 
 6.601449e+00  3.195144e+00  6.310306e+00  9.175674e+00  1.637179e+01 
 6.693470e+00  3.117291e+00  6.144651e+00  8.932019e+00  1.593652e+01 
 6.786773e+00  3.041058e+00  5.984288e+00  8.695293e+00  1.551267e+01 
 6.881377e+00  2.967086e+00  5.827483e+00  8.465352e+00  1.509899e+01 
 6.977300e+00  2.894730e+00  5.675627e+00  8.242210e+00  1.469830e+01 
 7.074559e+00  2.824329e+00  5.527348e+00  8.024136e+00  1.430756e+01 
 7.173175e+00  2.755398e+00  5.383862e+00  7.813134e+00  1.392897e+01 
 7.273165e+00  2.688599e+00  5.244648e+00  7.608468e+00  1.356012e+01 
 7.374549e+00  2.623376e+00  5.108644e+00  7.408470e+00  1.320240e+01 
 7.477346e+00  2.559701e+00  4.977400e+00  7.215913e+00  1.285463e+01 
 7.581576e+00  2.498119e+00  4.848599e+00  7.027069e+00  1.251552e+01 
 7.687260e+00  2.437652e+00  4.723708e+00  6.843440e+00  1.218564e+01 
 7.794416e+00  2.378360e+00  4.601579e+00  6.663078e+00  1.186235e+01 
 7.903066e+00  2.320347e+00  4.481802e+00  6.486722e+00  1.154490e+01 
 8.013230e+00  2.263566e+00  4.365206e+00  6.315909e+00  1.123558e+01 
 8.124930e+00  2.207825e+00  4.251323e+00  6.148105e+00  1.093288e+01 
 8.238187e+00  2.153640e+00  4.139802e+00  5.984298e+00  1.063839e+01 
 8.353023e+00  2.100562e+00  4.031570e+00  5.825231e+00  1.035072e+01 
 8.469460e+00  2.048948e+00  3.926213e+00  5.670272e+00  1.007120e+01 
 8.587519e+00  1.998646e+00  3.823494e+00  5.519554e+00  9.799350e+00 
 8.707225e+00  1.949666e+00  3.723493e+00  5.373158e+00  9.534862e+00 
 8.828599e+00  1.902006e+00  3.627023e+00  5.230780e+00  9.277698e+00 
 8.951665e+00  1.855553e+00  3.533095e+00  5.092786e+00  9.028577e+00 
 9.076446e+00  1.810538e+00  3.442022e+00  4.959228e+00  8.787167e+00 
 9.202967e+00  1.766802e+00  3.353476e+00  4.829278e+00  8.552105e+00 
 9.331251e+00  1.724255e+00  3.267375e+00  4.702877e+00  8.323871e+00 
 9.461324e+00  0.000000e+00  0.000000e+00  0.000000e+00  0.000000e+00 
 9.593209e+00  0.000000e+00  0.000000e+00  0.000000e+00  0.000000e+00 
 9.726934e+00  0.000000e+00  0.000000e+00  0.000000e+00  0.000000e+00 
 9.862522e+00  0.000000e+00  0.000000e+00  0.000000e+00  0.000000e+00 
 1.000000e+01  0.000000e+00  0.000000e+00  0.000000e+00  0.000000e+00 
