0.010000 5239.812043 9686.469765 13269.428845 21357.147507
0.010139 5271.011642 9740.666374 13337.904957 21415.825088
0.010281 5301.767471 9794.088425 13404.337283 21466.177436
0.010424 5331.986487 9846.674940 13468.843281 21508.766849
0.010569 5361.594200 9898.469702 13531.619527 21544.047101
0.010717 5390.490195 9949.428694 13593.050434 21574.032427
0.010866 5418.582574 9999.532459 13653.328896 21600.138415
0.011018 5445.860438 10048.809431 13712.787558 21624.452527
0.011171 5472.281457 10097.206640 13771.569103 21648.714688
0.011327 5497.816676 10144.708004 13829.948315 21674.584314
0.011485 5522.486967 10191.300033 13888.237332 21703.653540
0.011645 5546.335884 10236.935706 13946.408446 21736.524948
0.011807 5569.453852 10281.552211 14004.376704 21774.064420
0.011972 5591.912302 10325.175001 14061.856995 21815.575817
0.012139 5613.830470 10367.723936 14118.656378 21860.604278
0.012308 5635.288188 10409.145836 14174.523943 21908.242637
0.012479 5656.347589 10449.395769 14229.065496 21957.322281
0.012653 5677.064824 10488.397103 14281.769168 22006.678137
0.012830 5697.463817 10526.073593 14332.172730 22055.193964
0.013009 5717.551805 10562.423419 14380.093893 22102.077800
0.013190 5737.313692 10597.394637 14425.418366 22146.662315
0.013374 5756.720962 10630.948011 14468.053549 22188.696197
0.013560 5775.629796 10662.986044 14507.903026 22227.517319
0.013749 5793.944496 10693.443862 14544.997182 22262.634598
0.013941 5811.596693 10722.358630 14579.563362 22294.147465
0.014135 5828.500172 10749.667319 14611.829169 22322.158946
0.014332 5844.590165 10775.338294 14642.110880 22346.814227
0.014532 5859.775279 10799.266707 14670.497599 22367.476446
0.014735 5874.014016 10821.418764 14697.023542 22383.662310
0.014940 5887.278581 10841.819984 14721.851139 22395.043279
0.015148 5899.695705 10860.586154 14745.310600 22401.747305
0.015359 5911.228057 10877.529786 14767.121807 22403.100124
0.015573 5921.868012 10892.567303 14787.031336 22398.185697
0.015791 5931.626988 10905.637215 14804.818018 22386.561457
0.016011 5940.493279 10916.698617 14820.155812 22367.687190
0.016234 5948.485374 10925.723321 14832.932617 22341.837417
0.016460 5955.594723 10932.684998 14843.020020 22309.782776
0.016690 5961.804576 10937.530934 14850.143626 22272.053690
0.016922 5967.052757 10940.292388 14854.124738 22229.593404
0.017158 5971.250301 10940.911581 14854.962075 22184.015792
0.017397 5974.319418 10939.371596 14852.762053 22137.403370
0.017640 5976.208547 10935.655753 14847.508268 22091.053160
0.017886 5976.862625 10929.720185 14839.310619 22046.721122
0.018135 5976.192586 10921.563948 14828.275854 22005.781768
0.018388 5974.175927 10911.167790 14814.484910 21969.149853
0.018644 5970.717326 10898.583510 14798.113092 21938.074203
0.018904 5965.789238 10883.772785 14779.277403 21913.172614
0.019167 5959.362939 10866.707186 14757.887262 21893.786631
0.019435 5951.406710 10847.398784 14733.771275 21878.444679
0.019706 5941.870316 10825.870358 14706.790817 21866.183385
0.019980 5930.727306 10802.101060 14676.790887 21855.472820
0.020259 5917.933809 10776.085461 14643.461181 21844.078226
0.020541 5903.474827 10747.833276 14606.559240 21830.264411
0.020828 5887.363512 10717.328017 14565.857322 21811.942520
0.021118 5869.617357 10684.616914 14521.023577 21786.988976
0.021412 5850.293023 10649.731165 14472.129850 21753.864520
0.021711 5829.889525 10613.301015 14419.895868 21712.101863
0.022013 5807.876878 10574.546598 14363.639909 21660.446235
0.022320 5784.315176 10533.480561 14303.608926 21598.717247
0.022631 5759.252728 10490.062209 14240.212780 21527.333276
0.022947 5732.729366 10444.279316 14173.760742 21446.420470
0.023267 5704.752399 10396.019207 14104.578613 21356.479572
0.023591 5675.382271 10345.301659 14033.121374 21258.715820
0.023920 5644.685652 10292.168282 13959.800214 21154.077226
0.024253 5612.716853 10236.603372 13884.791287 21043.363493
0.024591 5579.506829 10178.596211 13808.111614 20926.765992
0.024934 5545.104858 10118.140337 13729.736507 20804.589113
0.025282 5509.544213 10055.309668 13649.518711 20676.648142
0.025634 5472.871329 9990.099864 13567.149782 20542.746011
0.025991 5435.140584 9922.544333 13482.302467 20402.522895
0.026354 5396.392112 9852.685950 13394.531353 20255.066802
0.026721 5356.657401 9780.568623 13303.469458 20099.560470
0.027094 5315.997649 9706.256717 13208.684372 19934.951983
0.027471 5274.487217 9629.815254 13109.881661 19760.881818
0.027854 5232.095838 9551.222157 13006.676908 19576.964431
0.028242 5188.596800 9470.145587 12898.467745 19382.738969
0.028636 5144.363727 9387.169265 12785.825334 19179.165325
0.029035 5099.437825 9302.391378 12668.921777 18966.991860
0.029440 5053.838836 9215.916810 12547.972381 18747.346660
0.029850 5007.576442 9127.828192 12423.293235 18521.717806
0.030266 4960.660767 9038.243160 12295.298555 18291.866261
0.030688 4913.082895 8947.269496 12164.469034 18059.457253
0.031116 4864.841075 8855.011366 12031.317781 17826.062434
0.031550 4815.932781 8761.588431 11896.408757 17593.241199
0.031990 4766.392398 8667.118219 11760.211264 17362.079921
0.032436 4716.207795 8571.736698 11623.074701 17133.369389
0.032888 4665.406527 8475.546929 11485.332556 16907.627395
0.033346 4614.041328 8378.694778 11347.220395 16685.121471
0.033811 4562.168476 8281.293818 11209.022836 16466.012722
0.034282 4509.837128 8183.478034 11070.824282 16250.322490
0.034760 4457.084483 8085.550491 10933.360670 16039.923519
0.035245 4404.077483 7987.455335 10796.100654 15832.821798
0.035736 4350.889333 7889.334795 10659.132708 15628.991368
0.036234 4297.628081 7791.311795 10522.609313 15428.588719
0.036739 4244.409600 7693.517611 10386.753577 15231.988955
0.037251 4191.312087 7596.090761 10251.845907 15039.570488
0.037771 4138.413470 7499.173217 10118.016108 14851.332205
0.038297 4085.788131 7402.863921 9985.438407 14667.118514
0.038831 4033.488462 7307.295319 9854.269579 14486.807927
0.039372 3981.540724 7212.585399 9724.680398 14310.362553
0.039921 3929.998252 7118.837091 9596.880371 14137.643432
0.040478 3878.876056 7026.120212 9470.853430 13968.093587
0.041042 3828.010318 6933.672505 9344.817647 13796.875133
0.041614 3777.657499 6842.527863 9220.631691 13628.051860
0.042194 3727.853433 6752.789976 9098.332678 13461.472944
0.042782 3678.646817 6664.558619 8977.986074 13297.303948
0.043379 3630.084664 6577.908264 8859.701724 13135.862582
0.043983 3582.245602 6492.930485 8743.589017 12977.396834
0.044596 3535.180155 6409.681644 8629.678174 12822.085979
0.045218 3488.961667 6328.231034 8518.081929 12670.093567
0.045848 3443.638056 6248.634674 8409.011674 12521.904822
0.046487 3399.290653 6170.952741 8302.716126 12378.033217
0.047135 3356.129550 6096.251082 8201.518711 12244.226638
0.047792 3314.151719 6024.139526 8104.626460 12118.083015
0.048459 3273.330233 5954.040966 8010.764321 11995.844686
0.049134 3233.707818 5885.946399 7919.958321 11877.069131
0.049819 3195.335482 5819.850035 7832.304691 11761.469389
0.050513 3158.257716 5755.748691 7747.858122 11648.742503
0.051218 3122.512395 5693.624073 7666.539496 11538.499458
0.051931 3088.110379 5633.446649 7588.231743 11430.321099
0.052655 3055.046228 5575.140225 7512.821002 11323.859485
0.053389 3023.071508 5517.732006 7438.525466 11215.205889
0.054134 2992.116196 5460.999883 7364.983445 11103.880053
0.054888 2962.437743 5405.980848 7294.231600 10994.950093
0.055653 2933.941693 5352.530095 7226.078142 10888.580230
0.056429 2906.428695 5300.368907 7160.117990 10784.564892
0.057216 2879.747100 5249.292102 7096.063508 10682.873718
0.058013 2854.021211 5199.604482 7034.329291 10584.415285
0.058822 2829.452552 5151.743879 6975.458270 10490.307945
0.059642 2805.974194 5105.978211 6920.092963 10402.588709
0.060473 2783.253933 5062.327524 6868.768801 10323.838069
0.061316 2760.324512 5018.200165 6816.828973 10244.442735
0.062171 2737.186908 4973.623292 6764.136018 10164.177988
0.063038 2713.936470 4928.792833 6710.825578 10083.174865
0.063916 2690.626805 4883.845982 6656.943661 10001.602121
0.064807 2667.123047 4838.577610 6602.061165 9918.951908
0.065711 2643.223501 4792.648892 6545.602499 9834.531147
0.066627 2617.489558 4741.550041 6479.225749 9729.883575
0.067555 2590.949401 4689.124066 6410.171375 9621.781143
0.068497 2563.527381 4635.330134 6338.532490 9510.609573
0.069452 2535.110349 4579.995244 6264.151374 9396.280692
0.070420 2505.598394 4522.969967 6186.879347 9278.626438
0.071402 2474.895064 4464.091531 6106.564715 9157.347598
0.072397 2443.168533 4403.929052 6024.393374 9035.136455
0.073406 2410.407585 4342.518139 5940.591681 8912.265650
0.074429 2376.251918 4278.915607 5853.583863 8784.818602
0.075467 2340.683401 4213.073146 5763.352515 8652.648321
0.076519 2303.720436 4144.993490 5669.991765 8515.592713
0.077585 2265.366479 4074.701247 5573.566252 8373.508075
0.078667 2226.527349 4005.013487 5479.165690 8236.865693
0.079763 2187.801872 3937.721124 5389.984890 8112.162043
0.080875 2147.793208 3868.377882 5297.921025 7982.015159
0.082003 2106.610871 3797.175061 5203.168633 7846.735671
0.083146 2064.390602 3724.313817 5105.981433 7706.702719
0.084305 2021.282004 3650.048378 5006.684466 7562.396060
0.085480 1976.694641 3572.070881 4900.916982 7404.497829
0.086671 1931.251186 3492.143267 4791.692183 7239.288839
0.087880 1885.552469 3411.873271 4681.711375 7072.416124
0.089105 1839.824451 3331.645060 4571.451795 6904.816154
0.090347 1794.298799 3251.827644 4461.450228 6737.477051
0.091606 1749.968100 3175.231457 4356.566838 6580.224579
0.092883 1706.957734 3101.953103 4256.775061 6432.877250
0.094178 1664.776712 3030.088703 4158.540419 6288.001902
0.095490 1623.642801 2960.018891 4062.459163 6146.574666
0.096822 1583.781168 2892.111232 3969.122674 6009.540609
0.098171 1545.732054 2827.854997 3881.130727 5882.080266
0.099540 1509.425919 2766.799428 3797.612271 5762.101766
0.100927 1474.882727 2708.766678 3718.209227 5648.618502
0.102334 1442.234800 2653.963363 3643.312405 5542.218039
0.103761 1410.928796 2600.558317 3569.778136 5436.409648
0.105207 1379.251761 2543.217925 3488.382854 5312.534981
0.106673 1349.778605 2489.723310 3412.626013 5197.551371
0.108160 1322.504884 2440.023402 3342.456328 5091.302517
0.109668 1297.357819 2394.009578 3277.753547 4993.556913
0.111197 1274.464642 2352.226091 3219.325610 4905.041568
0.112747 1253.496166 2313.744717 3165.792981 4823.887203
0.114318 1234.298799 2278.222227 3116.655030 4749.181693
0.115912 1216.668525 2245.333057 3071.349850 4680.097241
0.117528 1201.143706 2216.871975 3032.900627 4622.505789
0.119166 1186.821819 2190.340327 2997.279848 4569.013686
0.120827 1173.373710 2165.063648 2963.468094 4517.890613
0.122511 1160.460066 2140.414758 2930.486414 4467.619510
0.124219 1147.387877 2114.729806 2895.910512 4414.798602
0.125951 1134.391548 2088.771125 2860.892748 4360.946736
0.127706 1121.178853 2062.042488 2824.704703 4305.097788
0.129487 1107.745515 2034.707073 2787.559521 4247.150351
0.131292 1093.879446 2006.444522 2749.057284 4186.499088
0.133122 1079.007035 1976.177024 2707.709720 4121.530616
0.134977 1062.971851 1943.729599 2663.367652 4052.306869
0.136859 1046.832535 1913.113288 2623.893996 3997.699592
0.138766 1029.246142 1879.901191 2580.800443 3937.900190
0.140701 1010.171252 1844.132028 2534.168303 3872.963553
0.142662 990.615412 1808.182239 2487.273872 3806.663927
0.144651 970.025754 1770.754192 2438.311758 3737.112055
0.146667 948.262775 1731.467765 2386.769962 3663.778379
0.148711 923.629021 1685.473518 2324.851603 3573.017830
0.150784 897.138243 1635.225001 2256.324070 3471.003580
0.152886 870.502340 1585.118080 2187.958687 3369.046110
0.155018 846.214655 1541.889020 2130.830336 3287.698351
0.157178 823.904183 1503.990326 2082.217009 3221.518934
0.159369 802.322866 1467.443919 2035.293498 3157.350205
0.161591 782.425445 1434.465893 1993.338305 3100.515715
0.163843 764.052334 1404.474056 1955.416348 3049.439339
0.166127 747.106086 1377.074978 1920.928443 3003.094027
0.168443 728.261556 1343.334497 1875.526328 2936.375072
0.170791 710.700207 1311.696312 1832.708186 2873.184985
0.173172 695.321903 1284.527516 1796.215634 2819.730422
0.175586 683.506788 1265.461661 1771.663330 2784.625312
0.178033 673.019758 1248.917689 1750.559840 2754.860224
0.180515 661.630132 1228.324845 1721.634240 2708.388658
0.183031 649.898256 1205.719116 1688.625645 2652.912220
0.185583 638.799394 1184.629828 1658.092356 2602.118493
0.188169 628.342426 1166.288147 1633.297824 2564.888367
0.190792 617.831988 1147.814338 1608.306408 2527.197071
0.193452 606.348102 1127.114576 1580.159308 2485.453574
0.196149 594.086252 1104.730945 1549.635381 2440.181487
0.198883 582.427681 1084.180293 1522.027908 2399.162172
0.201655 571.860252 1066.728942 1499.286038 2365.427560
0.204466 560.201017 1046.797721 1472.942769 2325.652466
0.207316 546.811861 1021.994667 1438.714532 2271.569116
0.210206 532.706954 995.679597 1402.494087 2214.370254
0.213136 522.444693 981.273375 1386.764994 2194.499348
0.216107 511.997211 966.506057 1370.803148 2174.302840
0.219120 498.310617 943.207739 1342.125580 2135.765231
0.222174 484.214390 918.463036 1311.283937 2093.877431
0.225271 471.314063 896.483333 1284.798775 2058.326674
0.228411 459.428981 876.491520 1261.217875 2026.918660
0.231595 448.983912 858.149147 1238.277297 1991.128494
0.234823 439.766945 841.747604 1217.470391 1956.750837
0.238097 429.264602 821.318253 1190.223983 1913.197863
0.241416 419.296668 801.520540 1163.572417 1870.764175
0.244781 409.568967 782.515312 1138.256565 1830.334385
0.248193 400.619346 765.124396 1115.015541 1793.051697
0.251653 395.531665 756.448446 1104.067504 1774.011947
0.255161 389.574250 745.726494 1089.719710 1750.084410
0.258717 380.248142 727.189432 1063.403751 1709.049059
0.262324 372.481023 713.024041 1043.562621 1678.247796
0.265980 366.306915 703.430548 1030.517268 1658.160178
0.269688 357.711501 688.433359 1008.808437 1623.706824
0.273447 348.086060 671.401015 983.662571 1583.828245
0.277259 340.703289 660.494161 968.290549 1562.892642
0.281124 332.522993 647.572381 949.515712 1537.965350
0.285043 323.611615 632.542898 927.273790 1509.557367
0.289016 315.293536 619.889029 908.160870 1481.198122
0.293045 307.366021 607.725278 888.880822 1450.482426
0.297130 299.729474 594.409964 865.746167 1410.554027
0.301271 292.678498 583.673974 848.539298 1384.676139
0.305471 285.889021 573.754355 833.388639 1364.288817
0.309729 278.111033 560.911324 813.946655 1338.168097
0.314047 271.227281 548.502003 793.642793 1305.552501
0.318424 265.304226 538.075728 776.482621 1277.985695
0.322863 260.720602 531.826399 767.230149 1267.812114
0.327363 254.368823 520.236679 749.367098 1240.312576
0.331927 247.867171 508.683902 732.756185 1216.550223
0.336554 241.733287 498.733457 719.928416 1200.940468
0.341245 237.458810 493.960843 714.620140 1193.040913
0.346002 232.665843 486.840921 706.069176 1181.468233
0.350825 227.883030 478.810031 696.288186 1167.333486
0.355715 223.202985 470.433471 686.166129 1151.621994
0.360673 217.812958 460.942762 675.081029 1135.265066
0.365701 211.399112 448.737386 659.913959 1113.239697
0.370799 206.369817 438.988830 648.174418 1094.403149
0.375968 201.919001 430.327013 637.850620 1077.308913
0.381208 197.440107 422.032267 628.130002 1061.383690
0.386522 193.765506 416.493640 623.101887 1050.486492
0.391910 190.180014 407.904024 611.124309 1032.586225
0.397373 186.011810 401.044355 603.855795 1019.159162
0.402912 182.714993 396.027075 597.895054 1005.596418
0.408529 179.331557 388.707096 588.086210 990.059996
0.414223 175.045516 379.945896 577.068449 975.458671
0.419997 170.738545 372.607922 568.225334 961.229600
0.425852 167.236977 366.196366 559.289123 944.199717
0.431788 163.518101 358.954111 548.583497 926.863589
0.437807 160.324877 352.711722 539.740988 911.363163
0.443910 157.713351 348.743228 535.034923 906.611020
0.450097 153.654499 341.043572 524.247383 890.182494
0.456372 150.402407 334.157634 513.890271 871.324513
0.462733 148.488181 331.542694 511.105140 869.004818
0.469183 145.196700 324.476031 500.310713 850.924612
0.475724 142.977329 319.635427 493.296534 840.782139
0.482355 139.813052 312.297926 482.267378 826.848579
0.489079 137.439572 306.814962 474.044150 814.368839
0.495896 135.791327 302.680137 466.720313 801.590535
0.502809 133.412485 297.597872 458.926081 790.876225
0.509818 131.669208 293.345283 451.767806 777.423860
0.516924 130.195346 289.429966 445.604808 769.737392
0.524130 126.785037 282.494572 436.095447 758.616965
0.531436 125.393317 279.409313 430.960846 750.697633
0.538844 123.660491 274.081016 422.013000 737.445266
0.546355 122.308302 270.152060 415.231541 726.312150
0.553971 119.860457 264.848862 407.756253 714.496526
0.561693 118.501174 261.052597 401.654198 705.077294
0.569523 116.875247 257.548317 396.835909 694.878156
0.577461 114.954623 251.901588 388.019304 682.477514
0.585511 113.569836 248.435745 382.222211 672.855178
0.593673 111.634691 242.991629 374.636590 661.887058
0.601948 110.373669 240.603565 370.541186 654.762257
0.610339 108.347613 236.646289 365.437239 646.426057
0.618847 106.452888 233.071276 362.594199 645.595255
0.627473 105.195476 229.170236 356.064213 636.454486
0.636220 103.525086 225.890192 351.441634 628.764786
0.645088 101.518434 222.103361 346.756300 622.539072
0.654081 99.823735 217.712843 340.618062 615.877188
0.663198 97.981413 214.811550 338.249141 613.200113
0.672443 96.476193 211.301849 334.083892 610.712189
0.681816 94.727746 207.848902 328.617448 602.411463
0.691320 93.001347 204.317747 325.048014 597.999564
0.700957 91.969181 201.596283 322.016536 594.138664
0.710728 89.873023 198.396250 318.538986 588.535498
0.720635 88.737936 195.682580 316.005827 587.298832
0.730680 87.134168 192.932510 312.654913 580.680695
0.740866 85.386728 189.423162 308.758720 576.295761
0.751193 83.706272 186.236383 305.904845 571.780943
0.761664 82.183223 183.172234 302.827908 567.272616
0.772281 81.115523 181.493111 301.055125 561.645160
0.783046 79.409880 178.288227 297.761061 556.531778
0.793962 77.848271 176.142048 295.435199 553.176474
0.805029 76.033849 173.104990 292.853976 547.251565
0.816251 74.557994 170.764952 289.227856 538.773113
0.827629 72.561852 167.573071 285.783551 532.615653
0.839166 71.448268 165.815056 282.845248 527.319532
0.850863 69.935530 163.071916 279.588745 519.939893
0.862724 68.168060 160.641726 275.930242 511.195347
0.874750 66.699020 158.081329 272.079420 503.778203
0.886943 65.322324 155.881530 268.298823 496.012524
0.899307 63.824808 153.493060 263.984977 487.778261
0.911843 62.632246 150.983454 259.138345 477.857030
0.924553 61.110107 148.466853 254.356193 471.095198
0.937441 59.821231 146.258192 250.262502 463.462381
0.950508 58.706953 144.025358 245.711396 455.487844
0.963758 57.370693 141.266817 240.324271 447.934734
0.977192 56.547270 140.437241 236.885842 440.920344
0.990814 55.407554 137.858520 232.022675 434.731953
1.004625 54.332059 135.331358 226.827112 426.699092
1.018629 53.400857 133.441276 222.558825 420.434740
1.032828 52.405043 131.346893 218.510012 416.225018
1.047225 51.420359 129.472735 213.968202 409.346449
1.061823 50.653323 127.691498 209.997810 403.717372
1.076624 49.763785 125.623193 205.826365 398.259444
1.091632 48.964588 123.623146 201.976156 392.859657
1.106848 48.085609 121.470451 197.972979 388.020041
1.122277 47.286673 119.745625 193.928519 382.350691
1.137921 46.475324 117.689455 190.126420 377.069576
1.153783 45.767691 115.841945 186.402247 372.059484
1.169866 44.950187 114.086733 182.727960 366.752706
1.186174 44.131846 112.396275 179.270252 360.877839
1.202708 43.402422 110.608875 175.812873 354.845854
1.219473 42.629931 108.945097 172.515192 348.497502
1.236472 41.821103 107.260488 169.295105 342.561313
1.253708 41.058748 105.507220 165.878014 336.611811
1.271184 40.282547 104.252245 163.113035 330.000392
1.288904 39.501997 102.226274 159.592570 324.061725
1.306870 38.682475 100.608981 156.558333 317.328235
1.325087 37.986876 99.084110 153.634112 310.453460
1.343558 37.236036 97.489871 150.694078 303.994876
1.362287 36.548066 95.883346 147.707946 297.637979
1.381276 35.812948 94.351304 144.790351 291.350377
1.400531 35.136211 92.841061 142.222961 284.653910
1.420053 34.426751 91.255248 139.710487 278.457781
1.439848 33.788132 89.857752 137.013466 272.472028
1.459919 33.108670 88.336302 134.505058 266.157731
1.480269 32.574383 86.755433 131.965772 259.845180
1.500903 31.968053 85.353264 129.459191 254.530191
1.521825 31.388221 84.050677 127.214893 248.610948
1.543038 30.819197 82.602452 124.943142 243.169651
1.564548 30.332562 81.206559 122.530231 237.455227
1.586357 29.812580 79.929385 120.259833 231.921320
1.608469 29.273162 78.593639 117.986658 226.865328
1.630891 28.859919 77.107413 115.515595 221.415944
1.653624 28.310337 75.761949 113.374917 216.711811
1.676675 27.809882 74.589546 111.214517 211.684334
1.700047 27.299001 73.266254 108.947807 207.035986
1.723745 26.815455 71.945291 106.734898 202.287341
1.747773 26.296557 70.626520 104.535122 198.020363
1.772136 25.807265 69.347820 102.388633 194.046099
1.796838 25.331765 68.092467 100.356306 189.996942
1.821885 24.866002 66.851344 98.269308 186.194157
1.847281 24.391285 65.752638 96.378646 182.537728
1.873032 23.918818 64.476279 94.292505 179.056891
1.899141 23.438904 63.255179 92.484046 175.646446
1.925614 22.995030 62.129368 90.700983 172.228854
1.952456 22.607565 61.041361 88.965350 168.950255
1.979672 22.118346 59.950559 87.307575 165.813743
2.007267 21.723173 58.812756 85.541487 162.793783
2.035248 21.270469 57.662078 83.962743 159.683111
2.063618 20.864321 56.538766 82.483806 156.641711
2.092383 20.475265 55.470486 80.978533 153.751599
2.121550 20.083261 54.369546 79.557694 150.773052
2.151123 19.723178 53.315433 78.143019 147.913325
2.181109 19.365350 52.257762 76.829248 145.246862
2.211512 19.025067 51.195436 75.463062 142.340279
2.242340 18.700147 50.224976 74.189551 139.734685
2.273597 18.364967 49.213659 72.843174 137.104743
2.305289 18.088204 48.241312 71.617854 134.521669
2.337424 17.791877 47.261679 70.344313 131.963950
2.370006 17.510687 46.326598 69.129882 129.456894
2.403043 17.227708 45.410039 67.846090 126.860358
2.436540 16.977972 44.522113 66.611226 124.310305
2.470504 16.723158 43.653713 65.335090 121.765167
2.504942 16.477571 42.802640 64.096284 119.227682
2.539859 16.248812 41.933857 62.810732 116.656466
2.575263 16.002083 41.079064 61.581882 114.139019
2.611161 15.785494 40.241215 60.259601 111.586086
2.647559 15.563030 39.414290 58.952619 109.004707
2.684465 15.351346 38.632198 57.663999 106.470497
2.721885 15.127017 37.802021 56.401170 103.966871
2.759826 14.921556 36.991474 55.125329 101.531678
2.798297 14.714721 36.242500 53.891799 99.184252
2.837304 14.513296 35.470355 52.674723 96.827477
2.876854 14.309252 34.710025 51.475303 94.579548
2.916956 14.108426 33.980570 50.316146 92.372139
2.957617 13.910012 33.261426 49.203472 90.252195
2.998844 13.701243 32.551549 48.095346 88.178190
3.040646 13.491145 31.839236 47.027531 86.220932
3.083031 13.276437 31.145071 45.976203 84.252899
3.126007 13.063069 30.465025 44.940896 82.305858
3.169582 12.833622 29.775654 43.905538 80.397167
3.213764 12.602942 29.110671 42.886447 78.507381
3.258562 12.362928 28.459671 41.875302 76.624309
3.303985 12.122933 27.796386 40.872173 74.761156
3.350041 11.883702 27.146426 39.853126 72.897614
3.396739 11.634531 26.516869 38.870264 71.038604
3.444087 11.393819 25.887199 37.872359 69.216754
3.492096 11.152745 25.285423 36.901856 67.430973
3.540774 10.908578 24.693969 35.949412 65.661101
3.590130 10.673338 24.102304 34.994239 63.915956
3.640175 10.446134 23.532679 34.076960 62.183886
3.690917 10.215419 22.985585 33.160116 60.502009
3.742366 9.993582 22.428569 32.276679 58.867025
3.794533 9.783278 21.902552 31.416021 57.250340
3.847427 9.574913 21.373567 30.579143 55.693014
3.901058 9.369069 20.865889 29.770763 54.162631
3.955436 9.176450 20.360796 28.971155 52.675878
4.010573 8.983142 19.865360 28.213427 51.245393
4.066478 8.795734 19.376021 27.470135 49.847782
4.123163 8.611436 18.903601 26.754322 48.499934
4.180637 8.434914 18.438938 26.066225 47.195879
4.238913 8.259840 17.979290 25.396285 45.948306
4.298001 8.085948 17.533895 24.754481 44.727813
4.357913 7.924558 17.098043 24.138333 43.560009
4.418660 7.759758 16.678141 23.530329 42.423936
4.480254 7.600746 16.262795 22.947557 41.313171
4.542706 7.447581 15.858213 22.378321 40.231757
4.606029 7.297448 15.470381 21.831055 39.192046
4.670234 7.150850 15.088180 21.300134 38.177920
4.735335 7.009327 14.717028 20.780769 37.191322
4.801343 6.872835 14.356072 20.282338 36.236003
4.868271 6.737211 14.000331 19.796279 35.318926
4.936132 6.603880 13.650834 19.324997 34.434816
5.004939 6.472318 13.309845 18.868386 33.585409
5.074705 6.341860 12.973380 18.423676 32.769761
5.145444 6.213758 12.645776 17.998925 31.995340
5.217169 6.086066 12.324105 17.583015 31.251093
5.289893 5.961762 12.011818 17.189592 30.549009
5.363631 5.835033 11.706156 16.799579 29.874737
5.438397 5.711856 11.407178 16.425234 29.222846
5.514206 5.588329 11.116666 16.059768 28.596181
5.591071 5.464419 10.834147 15.702044 27.988287
5.669007 5.343710 10.557388 15.351914 27.392873
5.748030 5.222291 10.289320 15.003936 26.801459
5.828155 5.101396 10.027052 14.660831 26.216121
5.909396 4.980842 9.771129 14.318646 25.637735
5.991770 4.860557 9.520331 13.975388 25.059823
6.075292 4.741229 9.276480 13.634153 24.478996
6.159978 4.621715 9.036213 13.292365 23.899155
6.245845 4.503242 8.800567 12.948110 23.317524
6.332908 4.385432 8.569173 12.600870 22.734688
6.421186 4.270128 8.343845 12.255097 22.155661
6.510694 4.155883 8.123424 11.912168 21.580611
6.601449 4.044827 7.909359 11.571926 21.007359
6.693470 3.935748 7.699621 11.234168 20.435362
6.786773 3.829690 7.496748 10.902047 19.867691
6.881377 3.727101 7.299976 10.576108 19.300230
6.977300 3.627100 7.108749 10.259029 18.738757
7.074559 3.530072 6.922480 9.947601 18.180459
7.173175 3.435470 6.742149 9.646395 17.627792
7.273165 3.344243 6.566986 9.354729 17.081513
7.374549 3.255745 6.396481 9.070315 16.544648
7.477346 3.169822 6.230777 8.797210 16.017009
7.581576 3.087373 6.068155 8.532130 15.501346
7.687260 3.007416 5.909562 8.276271 14.998823
7.794416 2.930643 5.753952 8.029104 14.510698
7.903066 2.857071 5.601337 7.792363 14.039821
8.013230 2.786706 5.453204 7.567751 13.591019
8.124930 2.719566 5.308110 7.353183 13.163125
8.238187 2.655722 5.166588 7.149071 12.758580
8.353023 2.594600 5.029232 6.956642 12.376270
8.469460 2.536178 4.895964 6.774274 12.016509
8.587519 2.479757 4.766431 6.601587 11.678316
8.707225 2.425069 4.640716 6.437702 11.360056
8.828599 2.371824 4.519502 6.281541 11.057739
8.951665 2.319488 4.401989 6.131367 10.770829
9.076446 2.267970 4.288258 5.986866 10.496045
9.202967 2.216983 4.178052 5.846311 10.231152
9.331251 2.166395 4.071021 5.708416 9.974783
9.461324 0.000000 0.000000 0.000000 0.000000
9.593209 0.000000 0.000000 0.000000 0.000000
9.726934 0.000000 0.000000 0.000000 0.000000
9.862522 0.000000 0.000000 0.000000 0.000000
10.000000 0.000000 0.000000 0.000000 0.000000
