0.010000 5603.495056 10276.710216 13988.153579 22452.428025
0.010139 5634.750108 10333.252285 14063.570665 22563.465861
0.010281 5665.555346 10388.950256 14137.885931 22672.908547
0.010424 5695.904868 10443.758310 14211.181280 22780.616480
0.010569 5725.772353 10497.634956 14283.362701 22886.571608
0.010717 5755.135685 10550.590449 14354.295049 22990.755041
0.010866 5783.981055 10602.635200 14423.905613 23093.069459
0.011018 5812.276271 10653.697306 14492.194377 23193.272879
0.011171 5840.008723 10703.705024 14559.130404 23291.245050
0.011327 5867.158697 10752.597069 14624.703586 23386.920731
0.011485 5893.700390 10800.405030 14688.821105 23480.422456
0.011645 5919.616280 10847.067840 14751.431641 23571.661824
0.011807 5944.888901 10892.545144 14812.473583 23660.395400
0.011972 5969.487507 10936.806964 14871.771560 23746.446242
0.012139 5993.400892 10979.802791 14929.398516 23829.747983
0.012308 6016.612767 11021.513068 14985.385936 23910.245262
0.012479 6039.104828 11061.928573 15039.661821 23987.904804
0.012653 6060.832132 11100.947427 15092.092090 24062.693383
0.012830 6081.790802 11138.519277 15142.573648 24134.423511
0.013009 6101.962623 11174.655557 15191.168726 24203.018397
0.013190 6121.315040 11209.316208 15237.805047 24268.346501
0.013374 6139.820645 11242.481752 15282.379231 24330.265774
0.013560 6157.479733 11274.050350 15324.818816 24388.755826
0.013749 6174.237229 11303.971618 15364.999567 24443.642660
0.013941 6190.074984 11332.226022 15402.910810 24494.808021
0.014135 6205.014850 11358.866018 15438.748342 24542.310234
0.014332 6219.032524 11383.820523 15472.366882 24586.109176
0.014532 6232.053462 11406.946410 15503.476482 24625.813964
0.014735 6244.077972 11428.265139 15532.086671 24661.485110
0.014940 6255.103281 11447.736388 15558.217188 24693.139795
0.015148 6265.125578 11465.432929 15581.939286 24720.828766
0.015359 6274.112338 11481.273183 15603.158903 24744.285507
0.015573 6282.044354 11495.144684 15621.823223 24763.398141
0.015791 6288.889084 11507.048060 15637.838082 24778.033862
0.016011 6294.612955 11516.911907 15651.067995 24788.203203
0.016234 6299.194684 11524.695631 15661.398120 24793.818999
0.016460 6302.601705 11530.358597 15668.806503 24794.696633
0.016690 6304.833216 11533.890975 15673.353746 24790.772879
0.016922 6305.878155 11535.252049 15675.007553 24781.974519
0.017158 6305.712125 11534.411351 15673.632456 24768.251110
0.017397 6304.323023 11531.307541 15669.206549 24749.596761
0.017640 6301.691558 11525.982037 15661.697651 24726.028183
0.017886 6297.790241 11518.363161 15651.114910 24697.519198
0.018135 6292.606946 11508.389494 15637.323093 24663.815577
0.018388 6286.124417 11496.030429 15620.259287 24624.795033
0.018644 6278.326424 11481.275890 15599.943195 24580.434206
0.018904 6269.210050 11464.115776 15576.332717 24530.688702
0.019167 6258.755985 11444.539962 15549.447743 24475.710601
0.019435 6246.963358 11422.528033 15519.267004 24415.489240
0.019706 6233.829251 11398.069826 15485.697150 24349.938515
0.019980 6219.334354 11371.124343 15448.717147 24278.918766
0.020259 6203.453215 11341.671120 15408.316391 24202.443055
0.020541 6186.195215 11309.699950 15364.494707 24120.492358
0.020828 6167.537984 11275.180066 15317.200471 24033.113158
0.021118 6147.498084 11238.142316 15266.474980 23940.438891
0.021412 6126.164805 11198.720232 15212.483358 23842.548917
0.021711 6104.016658 11157.540288 15155.823827 23739.717496
0.022013 6080.481224 11113.852663 15095.723414 23631.439915
0.022320 6055.583279 11067.657315 15032.192880 23517.764062
0.022631 6029.295371 11018.943916 14965.212143 23398.662308
0.022947 6001.620781 10967.702116 14894.792128 23274.312366
0.023267 5972.597619 10914.024232 14821.046905 23144.880878
0.023591 5942.239418 10857.889600 14743.977208 23010.361664
0.023920 5910.517729 10799.256995 14663.511669 22870.694731
0.024253 5877.472727 10738.187855 14579.743884 22725.906413
0.024591 5843.136392 10674.794927 14492.798378 22576.216723
0.024934 5807.523302 10609.108783 14402.676015 22421.737540
0.025282 5770.639844 10541.077834 14309.418890 22262.494400
0.025634 5732.505722 10470.763408 14213.058793 22098.544914
0.025991 5693.155998 10398.206274 14113.668716 21930.075294
0.026354 5652.621640 10323.498504 14011.342235 21757.217497
0.026721 5610.930541 10246.711613 13906.203796 21580.156629
0.027094 5568.118784 10167.890398 13798.305671 21398.991404
0.027471 5524.230638 10087.063210 13687.689783 21213.809374
0.027854 5479.233581 10004.213212 13574.356788 21024.654827
0.028242 5432.860631 9918.982736 13457.895201 20831.165072
0.028636 5385.519510 9832.010891 13339.078240 20634.272016
0.029035 5337.264697 9743.377283 13217.999053 20434.135565
0.029440 5288.153735 9653.147134 13094.791914 20230.914969
0.029850 5238.234943 9561.431851 12969.591008 20024.822188
0.030266 5187.554582 9468.325381 12842.499522 19816.132411
0.030688 5136.160947 9373.946306 12713.692659 19605.034576
0.031116 5084.119728 9278.369064 12583.304323 19391.727538
0.031550 5031.486363 9181.699920 12451.427122 19176.462646
0.031990 4978.322419 9084.058486 12318.246274 18959.447785
0.032436 4924.693544 8985.543854 12183.936603 18740.953902
0.032888 4870.666399 8886.289000 12048.631641 18521.229763
0.033346 4816.296365 8786.441285 11912.516331 18300.544539
0.033811 4761.653147 8686.107030 11775.765234 18079.155891
0.034282 4706.818719 8585.406944 11638.521929 17857.352482
0.034760 4651.776757 8484.607519 11501.558164 17637.374396
0.035245 4596.672685 8383.695046 11364.450921 17417.522293
0.035736 4541.575130 8282.787235 11227.374473 17198.008071
0.036234 4486.550658 8182.020299 11090.492734 16979.074723
0.036739 4431.680163 8081.510982 10953.959270 16760.975093
0.037251 4377.041453 7981.382220 10817.979093 16543.993035
0.037771 4322.701069 7881.777516 10682.715980 16328.432777
0.038297 4268.715303 7782.845539 10548.364573 16114.523744
0.038831 4215.161942 7684.704206 10415.098889 15902.537003
0.039372 4162.103411 7587.442730 10283.042465 15692.711247
0.039921 4109.604176 7491.180133 10152.362076 15485.284569
0.040478 4057.711291 7395.976966 10023.094726 15280.146278
0.041042 4006.267985 7300.979202 9893.410192 15072.661164
0.041614 3955.576312 7207.339663 9765.576217 14868.301716
0.042194 3905.682295 7115.161109 9639.723531 14667.293201
0.042782 3856.641178 7024.513492 9515.984941 14469.776166
0.043379 3808.494888 6935.480151 9394.441774 14275.911926
0.043983 3761.273058 6848.151648 9275.206281 14085.798353
0.044596 3715.017617 6762.592925 9158.377349 13899.648848
0.045218 3669.778693 6678.886411 9044.055959 13717.571315
0.045848 3625.583877 6597.074536 8932.302953 13539.673499
0.046487 3582.442313 6517.178207 8823.148308 13365.968452
0.047135 3540.576338 6440.404138 8719.107529 13202.696794
0.047792 3499.910068 6366.316504 8619.210600 13047.428915
0.048459 3460.335804 6294.215629 8521.998198 12896.406547
0.049134 3421.843200 6224.085590 8427.427322 12749.611634
0.049819 3384.429075 6155.895091 8335.465306 12606.942338
0.050513 3348.076906 6089.613880 8246.058926 12468.328500
0.051218 3312.757843 6025.204536 8159.175597 12333.700148
0.051931 3278.440963 5962.623493 8074.749818 12202.997970
0.052655 3245.076847 5901.792279 7992.657407 12076.026701
0.053389 3212.370802 5841.642495 7910.985821 11948.435645
0.054134 3180.229094 5781.928159 7829.271954 11819.270302
0.054888 3148.918176 5723.731127 7749.591196 11693.393770
0.055653 3118.361774 5666.904072 7671.743330 11570.465385
0.056429 3088.392171 5611.154821 7595.318020 11449.894052
0.057216 3058.867197 5556.235293 7519.971944 11331.131245
0.058013 3029.940356 5502.434554 7446.118050 11214.788967
0.058822 3001.897740 5450.237913 7374.421790 11101.854649
0.059642 2974.806790 5400.129750 7305.915491 10994.943922
0.060473 2948.371218 5352.229835 7241.417278 10897.097898
0.061316 2921.447628 5303.460523 7175.695484 10797.566104
0.062171 2894.039992 5253.819673 7108.773959 10696.326276
0.063038 2866.295166 5203.572236 7040.998109 10593.940336
0.063916 2838.333347 5152.939995 6972.668116 10490.844433
0.064807 2810.060865 5101.754165 6903.567049 10386.707786
0.065711 2781.284170 5049.665931 6833.211233 10280.813058
0.066627 2750.493504 4991.894600 6752.918974 10153.864771
0.067555 2718.850628 4932.548353 6670.418356 10023.584816
0.068497 2686.327243 4871.658015 6585.808165 9890.290738
0.069452 2652.855899 4809.075370 6498.923529 9753.729872
0.070420 2618.361895 4744.679776 6409.605858 9613.674642
0.071402 2582.772542 4678.351434 6317.688407 9469.888161
0.072397 2546.289158 4610.719246 6224.346974 9325.299014
0.073406 2508.931900 4541.877327 6129.780702 9180.416408
0.074429 2470.363355 4470.893851 6032.332231 9031.344049
0.075467 2430.582970 4397.761546 5931.996827 8878.091917
0.076519 2389.625312 4322.551243 5828.872808 8720.777066
0.077585 2347.531230 4245.335766 5723.076018 8559.582973
0.078667 2305.276203 4169.138686 5619.899391 8405.555336
0.079763 2263.515712 4095.885662 5522.705148 8265.615120
0.080875 2220.814202 4020.886355 5423.119706 8122.004735
0.082003 2177.300751 3944.370148 5321.450483 7975.161401
0.083146 2133.107726 3866.598471 5218.045013 7825.597992
0.084305 2088.400734 3787.860720 5113.300209 7673.890552
0.085480 2042.462687 3705.488512 5002.314969 7509.564834
0.086671 1995.989001 3621.502838 4888.556124 7339.556440
0.087880 1949.618870 3537.718930 4775.092852 7169.993834
0.089105 1903.561179 3454.509687 4662.451452 7001.650321
0.090347 1858.017798 3372.255564 4551.133424 6835.271005
0.091606 1813.957646 3293.755547 4445.843582 6680.114233
0.092883 1771.499584 3219.082728 4346.574894 6535.895846
0.094178 1730.132981 3146.316424 4249.861685 6395.342174
0.095490 1690.043813 3075.795156 4156.155035 6259.168484
0.096822 1651.394392 3007.827864 4065.879287 6127.982048
0.098171 1614.669791 2943.819534 3981.421610 6006.505358
0.099540 1579.785397 2883.288230 3901.778280 5892.509966
0.100927 1546.722734 2826.000686 3826.467005 5784.841345
0.102334 1515.542947 2772.061420 3755.694193 5683.821904
0.103761 1485.579809 2719.435582 3685.978509 5582.483721
0.105207 1454.944778 2662.413493 3607.464472 5461.296466
0.106673 1426.323633 2609.125296 3534.045232 5347.872465
0.108160 1399.640858 2559.412415 3465.557092 5241.944353
0.109668 1374.800151 2513.093425 3401.764188 5143.129705
0.111197 1352.043576 2471.069087 3344.089362 5053.490752
0.112747 1330.836860 2431.932041 3290.393044 4969.889603
0.114318 1310.958160 2395.239535 3240.071645 4891.440420
0.115912 1292.203132 2360.609542 3192.602749 4817.300009
0.117528 1275.328042 2330.467204 3152.119904 4755.423940
0.119166 1259.142904 2301.677433 3113.609252 4696.646727
0.120827 1243.287844 2273.494684 3075.978718 4639.200911
0.122511 1227.469189 2245.332387 3038.412014 4581.950663
0.124219 1211.037091 2215.780574 2998.993170 4522.526267
0.125951 1194.160611 2185.418541 2958.524780 4461.483648
0.127706 1176.599879 2153.791313 2916.384869 4397.925639
0.129487 1158.466002 2121.236954 2873.016814 4332.013529
0.131292 1139.644405 2087.574182 2828.182716 4263.258153
0.133122 1119.643716 2051.747072 2780.445970 4190.146796
0.134977 1098.429168 2013.732482 2729.796942 4112.843370
0.136859 1077.203043 1977.754095 2684.300685 4050.153333
0.138766 1054.759794 1939.437794 2635.610308 3982.465462
0.140701 1031.195085 1898.955780 2583.925683 3910.040824
0.142662 1007.541770 1858.531210 2532.048805 3835.505050
0.144651 983.406579 1817.178763 2478.772257 3758.240028
0.146667 958.740351 1774.701964 2423.902979 3678.395986
0.148711 931.649702 1725.672909 2358.728360 3580.939132
0.150784 903.243954 1672.863303 2287.423594 3472.981449
0.152886 875.371149 1621.018815 2217.502645 3367.064317
0.155018 850.456264 1576.870533 2159.807794 3283.007658
0.157178 828.049393 1538.854697 2111.573443 3215.546644
0.159369 806.806432 1502.805904 2065.957623 3151.799566
0.161591 787.568810 1470.796268 2025.980480 3096.577935
0.163843 770.102760 1442.142550 1990.572408 3048.218705
0.166127 754.202490 1416.269300 1958.895646 3005.308925
0.168443 736.435712 1383.924366 1916.328007 2942.909714
0.170791 719.883018 1353.475209 1876.071983 2883.737932
0.173172 705.399295 1327.300549 1841.938260 2833.868242
0.175586 694.503143 1309.534269 1820.185940 2803.031672
0.178033 684.638310 1293.647800 1801.018044 2776.167540
0.180515 673.562422 1273.017372 1773.146377 2731.848351
0.183031 661.792931 1249.622694 1740.151952 2677.316679
0.185583 650.298784 1227.050168 1708.644003 2625.965348
0.188169 639.207322 1206.982061 1682.658347 2588.014890
0.190792 627.729472 1186.164477 1655.579698 2548.402968
0.193452 615.025556 1162.705986 1624.774839 2504.108981
0.196149 601.370390 1137.322226 1591.226757 2455.938228
0.198883 588.218570 1113.681697 1560.313523 2411.439148
0.201655 576.126956 1093.177830 1534.093166 2373.577222
0.204466 563.042299 1070.439974 1504.437131 2330.049896
0.207316 548.245419 1042.736630 1466.406642 2271.513000
0.210206 533.050420 1014.258816 1427.227742 2211.266885
0.213136 521.951785 998.336829 1409.069175 2187.908880
0.216107 511.071737 982.882799 1391.581797 2165.727263
0.219120 497.171827 959.131597 1361.435441 2125.759409
0.222174 483.180354 934.545066 1329.759991 2083.618296
0.225271 470.668242 913.366694 1303.158972 2048.924002
0.228411 459.337364 894.566200 1279.902605 2019.134782
0.231595 449.562520 877.708115 1257.631267 1985.781827
0.234823 440.991090 862.778030 1237.444863 1953.938954
0.238097 431.077216 843.785228 1211.030798 1913.969413
0.241416 421.427538 824.935990 1184.672608 1874.504055
0.244781 411.853501 806.695054 1159.672988 1837.228779
0.248193 402.735967 789.436764 1136.079765 1802.109190
0.251653 397.336636 780.812891 1124.820352 1785.182996
0.255161 390.785299 769.415782 1109.470922 1762.450340
0.258717 380.649656 749.433690 1081.586635 1722.008547
0.262324 372.032486 733.669048 1060.185019 1691.541996
0.265980 365.089236 722.523045 1045.890553 1672.003966
0.269688 355.791005 705.637321 1022.851991 1637.828838
0.273447 345.720918 686.924153 997.033827 1599.113731
0.277259 338.138982 674.691608 981.721281 1580.215037
0.281124 330.117296 660.915411 964.007328 1558.813299
0.285043 321.672735 645.430260 943.653858 1535.137919
0.289016 314.114941 632.782818 927.109528 1512.036775
0.293045 307.165481 620.957760 910.917593 1487.097246
0.297130 300.630672 608.117230 891.024402 1452.996186
0.301271 294.778041 598.194292 877.557753 1433.481833
0.305471 289.103346 588.991205 865.903490 1418.802209
0.309729 282.276662 576.568809 849.279032 1397.108226
0.314047 276.113016 564.141043 830.729016 1366.843467
0.318424 270.672467 553.306619 814.433226 1340.024369
0.322863 266.428280 546.509800 805.668370 1330.055696
0.327363 260.177582 533.891987 786.854219 1300.231297
0.331927 253.644432 521.180489 768.657885 1273.275806
0.336554 247.438209 510.154399 754.003403 1254.307540
0.341245 243.208595 504.658624 747.004286 1243.171262
0.346002 238.500558 497.010438 736.614033 1228.735193
0.350825 233.880808 488.758642 725.040335 1212.177414
0.355715 229.451996 480.498878 713.283089 1194.616425
0.360673 224.352233 471.385658 700.755787 1177.252229
0.365701 218.193954 459.651829 684.140843 1154.713066
0.370799 213.377662 450.380083 670.943779 1135.502785
0.375968 209.047486 442.059924 658.984477 1118.004257
0.381208 204.562346 433.891656 647.389825 1101.478851
0.386522 200.783172 428.337470 640.372151 1089.609105
0.391910 196.943995 419.165068 625.777452 1070.142263
0.397373 192.496523 411.781649 616.080494 1054.972510
0.402912 188.986792 406.236311 607.800609 1039.757055
0.408529 185.411240 398.334907 595.915886 1022.999750
0.414223 181.013137 389.174783 583.353241 1007.850752
0.419997 176.748057 381.740944 573.490949 993.639699
0.425852 173.404946 375.363308 563.848749 976.968310
0.431788 169.855383 368.179521 552.705152 960.269827
0.437807 166.818078 362.013358 543.474675 945.203021
0.443910 164.325624 358.138387 538.535660 941.343921
0.450097 160.185588 350.234553 527.263482 924.864345
0.456372 156.728294 342.898995 516.130198 905.065081
0.462733 154.602573 339.987299 512.806574 902.437172
0.469183 150.939300 332.434584 501.457239 883.420328
0.475724 148.328697 327.180754 494.004280 872.463943
0.482355 144.701942 319.467471 482.871055 858.025901
0.489079 141.892419 313.796320 474.825227 845.551409
0.495896 139.820785 309.561213 467.860030 832.927527
0.502809 136.961367 304.426860 460.646355 822.779119
0.509818 134.672369 300.041344 453.923598 809.662170
0.516924 132.585022 295.921089 448.198023 802.380832
0.524130 128.493896 288.743862 439.199917 791.750782
0.531436 126.431457 285.357438 434.298783 784.242843
0.538844 123.985745 279.589355 425.486095 771.230878
0.546355 121.967024 275.357883 418.943065 760.724082
0.553971 118.907696 269.818343 411.716572 749.674852
0.561693 116.965668 265.804530 405.856054 741.100942
0.569523 114.813363 262.154303 401.176041 731.426546
0.577461 112.365034 256.218871 392.340384 719.292553
0.585511 110.492133 252.475015 386.385365 709.727275
0.593673 108.077495 246.650095 378.351352 698.094112
0.601948 106.383931 243.906449 373.727463 689.963947
0.610339 103.980956 239.605093 367.998599 680.073268
0.618847 101.755993 235.784611 364.556110 677.856968
0.627473 100.178045 231.474840 357.161014 666.280192
0.636220 98.260410 227.882110 351.720614 656.134490
0.645088 96.046070 223.755700 346.031897 646.677232
0.654081 94.130854 218.973807 338.840083 636.782334
0.663198 92.127886 215.744549 335.291735 630.611078
0.672443 90.440119 211.881408 329.952517 624.519462
0.681816 88.554458 207.990077 323.143243 612.380181
0.691320 86.710177 203.709185 318.191684 604.263979
0.700957 85.513786 201.012719 313.648968 596.617874
0.710728 83.364225 197.482761 308.685424 587.449975
0.720635 82.106146 194.377223 304.547944 582.714263
0.730680 80.461041 191.265620 299.501058 572.596423
0.740866 78.699946 187.813574 293.983693 565.186398
0.751193 77.040110 183.859170 289.454696 557.601300
0.761664 75.550838 180.437668 284.704986 550.617597
0.772281 74.550271 178.397136 281.202070 542.615857
0.783046 72.982476 174.861076 276.323908 535.508735
0.793962 71.616250 172.395910 272.505493 530.332004
0.805029 70.026335 169.087073 268.601541 523.350459
0.816251 68.802348 166.437500 263.833606 514.207015
0.827629 67.111572 163.006055 259.430741 507.648853
0.839166 66.260381 160.946552 255.687387 502.187804
0.850863 65.023852 158.013981 251.925172 495.295624
0.862724 63.569810 155.361401 247.977262 487.469034
0.874750 62.378242 152.614306 244.112590 480.994503
0.886943 61.264053 150.249046 240.578565 474.622420
0.899307 60.007927 147.707646 236.769490 467.812436
0.911843 59.024506 145.062007 232.629138 459.485497
0.924553 57.709795 142.478088 228.812600 454.300796
0.937441 56.582126 140.177048 225.718813 448.102769
0.950508 55.605525 137.864330 222.287613 441.635347
0.963758 54.384571 135.075926 218.229972 435.233953
0.977192 53.644648 134.134185 215.964455 429.222413
0.990814 52.572661 131.537051 212.421403 423.639897
1.004625 51.525837 129.004296 208.602539 416.266002
1.018629 50.617876 127.104449 205.574856 410.136199
1.032828 49.617378 125.012741 202.775599 405.792661
1.047225 48.620598 123.114232 199.444723 398.665431
1.061823 47.822802 121.342559 196.591625 392.656606
1.076624 46.888930 119.301957 193.537130 386.621260
1.091632 46.040035 117.315348 190.675017 380.587442
1.106848 45.118500 115.212967 187.661691 375.231517
1.122277 44.278309 113.498428 184.543521 368.934715
1.137921 43.430534 111.494771 181.669636 363.259428
1.153783 42.691312 109.682517 178.818062 357.914609
1.169866 41.874909 107.961832 176.013661 352.633307
1.186174 41.065437 106.316295 173.365421 346.831253
1.202708 40.356166 104.584682 170.689839 341.281222
1.219473 39.625909 102.970752 168.164363 335.489176
1.236472 38.874984 101.347633 165.670650 330.381115
1.253708 38.187813 99.648484 162.898075 325.392228
1.271184 37.497465 98.433663 160.813282 319.963077
1.288904 36.807011 96.487851 157.943726 315.202716
1.306870 36.088273 94.932299 155.444532 309.751989
1.325087 35.488526 93.475018 153.040787 304.332004
1.343558 34.840216 91.935216 150.579527 299.212595
1.362287 34.246532 90.389387 147.971765 294.180712
1.381276 33.610658 88.942490 145.394130 289.191510
1.400531 33.016131 87.503937 143.137386 283.828741
1.420053 32.385718 85.986545 140.859654 278.843895
1.439848 31.816750 84.654578 138.409870 274.075005
1.459919 31.197090 83.213100 136.099146 268.936472
1.480269 30.700614 81.713623 133.704272 263.725044
1.500903 30.130979 80.390478 131.400705 259.507929
1.521825 29.579815 79.163165 129.327305 254.616995
1.543038 29.030836 77.811898 127.228687 250.243205
1.564548 28.552127 76.502724 125.006374 245.480284
1.586357 28.045568 75.299277 122.903238 240.895893
1.608469 27.519182 74.055015 120.816628 236.683191
1.630891 27.108113 72.672280 118.507607 231.889343
1.653624 26.584133 71.422929 116.557799 227.869958
1.676675 26.110156 70.324593 114.576511 223.304769
1.700047 25.632705 69.101171 112.504759 219.073598
1.723745 25.185918 67.863089 110.447269 214.518232
1.747773 24.710508 66.636708 108.401170 210.314726
1.772136 24.275437 65.458387 106.373043 206.335019
1.796838 23.852471 64.287072 104.434358 202.149822
1.821885 23.445485 63.121148 102.438728 198.161802
1.847281 23.026959 62.086482 100.624100 194.181163
1.873032 22.620572 60.894090 98.575418 190.335825
1.899141 22.205788 59.747638 96.756447 186.469162
1.925614 21.829208 58.692970 94.937358 182.571567
1.952456 21.501498 57.672279 93.139098 178.790031
1.979672 21.076759 56.648990 91.365976 175.157355
2.007267 20.735987 55.573512 89.478046 171.631802
2.035248 20.341308 54.501219 87.692860 167.922999
2.063618 19.982770 53.449465 85.972395 164.332646
2.092383 19.635159 52.435962 84.207857 160.864586
2.121550 19.275004 51.401347 82.493914 157.334565
2.151123 18.938817 50.409477 80.764695 153.868907
2.181109 18.596607 49.401350 79.118897 150.588443
2.211512 18.265620 48.396975 77.416560 147.135312
2.242340 17.943861 47.466580 75.811485 143.928618
2.273597 17.603766 46.506963 74.139182 140.710924
2.305289 17.310503 45.564223 72.595681 137.603436
2.337424 16.998359 44.624840 71.011222 134.539165
2.370006 16.692644 43.718525 69.514686 131.610601
2.403043 16.383375 42.828259 67.972508 128.594272
2.436540 16.101159 41.963125 66.508733 125.683117
2.470504 15.812963 41.106017 65.036634 122.810326
2.504942 15.529738 40.268250 63.630457 120.041651
2.539859 15.260646 39.410787 62.196730 117.251167
2.575263 14.972264 38.563955 60.850147 114.587586
2.611161 14.708418 37.738962 59.430669 111.923420
2.647559 14.439602 36.918739 58.054841 109.256112
2.684465 14.176342 36.140067 56.718262 106.671697
2.721885 13.904179 35.318729 55.418268 104.137661
2.759826 13.648559 34.525418 54.112637 101.658350
2.798297 13.393753 33.776230 52.859826 99.286616
2.837304 13.146163 33.019714 51.622176 96.894524
2.876854 12.899822 32.274527 50.403635 94.584199
2.916956 12.661350 31.560124 49.218274 92.280390
2.957617 12.429812 30.863448 48.076262 90.081226
2.998844 12.197148 30.175330 46.937499 87.903598
3.040646 11.970664 29.492114 45.829031 85.840541
3.083031 11.748036 28.823533 44.746689 83.774032
3.126007 11.533513 28.179913 43.686833 81.737305
3.169582 11.314359 27.523301 42.630539 79.756300
3.213764 11.100317 26.893418 41.606073 77.809854
3.258562 10.884610 26.279687 40.598390 75.896114
3.303985 10.674862 25.656398 39.615586 74.024507
3.350041 10.470261 25.048373 38.632784 72.179435
3.396739 10.262559 24.460984 37.697727 70.373765
3.444087 10.065570 23.875008 36.757613 68.604525
3.492096 9.869854 23.315661 35.864137 66.912937
3.540774 9.672955 22.770169 34.990370 65.241623
3.590130 9.485396 22.225814 34.122570 63.624853
3.640175 9.303082 21.701909 33.297207 62.032074
3.690917 9.117662 21.197049 32.473842 60.487469
3.742366 8.938914 20.687389 31.683601 59.002103
3.794533 8.766239 20.207665 30.914330 57.530563
3.847427 8.594222 19.725059 30.160984 56.114327
3.901058 8.421021 19.263096 29.428644 54.709904
3.955436 8.257996 18.804245 28.696217 53.332864
4.010573 8.089260 18.352765 27.995818 52.001814
4.066478 7.925439 17.909007 27.297441 50.677684
4.123163 7.762903 17.480278 26.618501 49.388134
4.180637 7.605074 17.058961 25.957212 48.123782
4.238913 7.448287 16.641778 25.307573 46.904205
4.298001 7.291489 16.238908 24.678448 45.702692
4.357913 7.144644 15.845297 24.067457 44.546780
4.418660 6.995494 15.465226 23.467803 43.420250
4.480254 6.849333 15.090596 22.886099 42.317659
4.542706 6.708682 14.724921 22.317587 41.242655
4.606029 6.569407 14.375112 21.771087 40.209672
4.670234 6.432782 14.031388 21.240689 39.202441
4.735335 6.299538 13.697376 20.859666 38.214410
4.801343 6.170732 13.372778 20.213077 37.248188
4.868271 6.041579 13.052278 19.716081 36.309547
4.936132 5.914326 12.737950 19.230643 35.389870
5.004939 5.788455 12.431554 18.754118 34.488970
5.074705 5.663699 12.129516 18.285883 33.608421
5.145444 5.542319 11.835209 17.829909 32.750200
5.217169 5.421611 11.545618 17.382327 31.901220
5.289893 5.305318 11.265209 16.951548 31.085761
5.363631 5.188705 10.991190 16.524364 30.287071
5.438397 5.076335 10.723158 16.111951 29.506990
5.514206 4.965678 10.462963 15.710850 28.753395
5.591071 4.856466 10.210855 15.319267 28.020576
5.669007 4.751939 9.963557 14.940860 27.307677
5.748030 4.648763 9.724892 14.570361 26.612299
5.828155 4.547947 9.492156 14.211523 25.937676
5.909396 4.449324 9.264713 13.861677 25.284435
5.991770 4.352352 9.042320 13.519075 24.644741
6.075292 4.257702 8.826549 13.185801 24.019831
6.159978 4.164041 8.613997 12.859010 23.409255
6.245845 4.071840 8.405625 12.538296 22.809262
6.332908 3.980756 8.200055 12.222725 22.221565
6.421186 3.892036 8.000115 11.914021 21.647274
6.510694 3.804174 7.804009 11.613591 21.087517
6.601449 3.718904 7.613209 11.319969 20.542283
6.693470 3.634818 7.425953 11.032319 20.009957
6.786773 3.552776 7.244616 10.753011 19.492519
6.881377 3.473235 7.067762 10.481430 18.987441
6.977300 3.395365 6.896019 10.218161 18.498712
7.074559 3.319709 6.728192 9.960270 18.022454
7.173175 3.245455 6.565619 9.710599 17.560691
7.273165 3.173438 6.407431 9.468367 17.110937
7.374549 3.102960 6.252672 9.230595 16.674173
7.477346 3.033883 6.102626 9.000904 16.247908
7.581576 2.966725 5.954693 8.774722 15.831516
7.687260 2.900367 5.810420 8.553519 15.424744
7.794416 2.835186 5.668636 8.335686 15.025017
7.903066 2.771198 5.529237 8.122353 14.632623
8.013230 2.708393 5.393567 7.915542 14.250486
8.124930 2.646763 5.260617 7.712265 13.876457
8.238187 2.586784 5.130428 7.513448 13.512481
8.353023 2.528010 5.003931 7.320555 13.157253
8.469460 2.470890 4.880813 7.132637 12.812095
8.587519 2.415214 4.760753 6.949724 12.476454
8.707225 2.361006 4.643771 6.772025 12.150236
8.828599 2.308281 4.530751 6.599375 11.832621
8.951665 2.256827 4.420687 6.431638 11.524894
9.076446 2.206912 4.313664 6.269105 11.226148
9.202967 2.158264 4.209462 6.110877 10.934846
9.331251 2.110766 4.107727 5.956307 10.651133
9.461324 0.000000 0.000000 0.000000 0.000000
9.593209 0.000000 0.000000 0.000000 0.000000
9.726934 0.000000 0.000000 0.000000 0.000000
9.862522 0.000000 0.000000 0.000000 0.000000
10.000000 0.000000 0.000000 0.000000 0.000000
