0.010000 5548.375253 10156.123746 13819.140739 24474.833886
0.010139 5574.873328 10202.207247 13882.921161 24467.907410
0.010281 5600.842982 10247.424471 13945.486121 24459.763522
0.010424 5626.299461 10291.702269 14006.846262 24450.523198
0.010569 5651.218485 10335.045379 14066.940216 24440.219938
0.010717 5675.565636 10377.417613 14125.665247 24428.942629
0.010866 5699.321646 10418.762207 14183.040315 24416.868349
0.011018 5722.472264 10459.082887 14239.012195 24404.083723
0.011171 5745.024415 10498.362732 14293.587942 24390.702557
0.011327 5766.956664 10536.554102 14346.722740 24376.748371
0.011485 5788.231381 10573.588825 14398.401368 24362.155576
0.011645 5808.821009 10609.469225 14448.516027 24346.919899
0.011807 5828.726213 10644.156819 14496.988511 24331.176263
0.011972 5847.930438 10677.622915 14543.749804 24314.955984
0.012139 5866.367650 10709.747626 14588.668908 24298.108968
0.012308 5884.025267 10740.501752 14631.817122 24280.724849
0.012479 5900.975344 10769.986965 14673.335714 24263.071566
0.012653 5917.253502 10798.314560 14713.263220 24245.266639
0.012830 5932.979911 10825.676046 14751.830066 24227.793966
0.013009 5947.970308 10851.748368 14788.656486 24209.960783
0.013190 5961.855237 10875.835886 14822.854790 24190.417211
0.013374 5974.654217 10897.978937 14854.460556 24169.235004
0.013560 5986.531643 10918.499517 14883.782412 24147.013067
0.013749 5997.508772 10937.386840 14910.773055 24123.759370
0.013941 6007.581626 10954.650106 14935.556971 24099.514484
0.014135 6016.732088 10970.278255 14958.126221 24074.078258
0.014332 6024.897749 10984.129396 14978.330523 24047.231721
0.014532 6032.052398 10996.162264 14996.070016 24018.770395
0.014735 6038.189901 11006.355685 15011.244637 23988.613137
0.014940 6043.316139 11014.738719 15023.835246 23956.833750
0.015148 6047.435931 11021.320293 15033.842875 23923.454721
0.015359 6050.500796 11025.998856 15041.197655 23888.082105
0.015573 6052.524524 11028.773404 15045.951336 23850.470102
0.015791 6053.416395 11029.492405 15047.912826 23810.251700
0.016011 6053.022447 11027.874064 15046.557374 23766.844038
0.016234 6051.431754 11024.068387 15042.109776 23720.467312
0.016460 6048.728263 11018.245390 15034.815289 23671.476150
0.016690 6044.884413 11010.354394 15024.555251 23619.623820
0.016922 6039.936847 11000.455180 15011.474570 23564.972923
0.017158 6033.882011 10988.547453 14995.546691 23507.170918
0.017397 6026.580878 10974.370448 14976.412001 23445.645040
0.017640 6018.020856 10957.884212 14954.015083 23380.261468
0.017886 6008.218401 10939.149150 14928.402321 23311.153360
0.018135 5997.175882 10918.135597 14899.550043 23238.159533
0.018388 5984.860535 10894.794017 14867.394923 23161.133123
0.018644 5971.274660 10869.125106 14831.914852 23079.952519
0.018904 5956.374404 10841.059607 14793.058213 22994.374280
0.019167 5940.191068 10810.658560 14750.865089 22904.370720
0.019435 5922.731844 10777.933032 14705.356119 22809.981904
0.019706 5904.009894 10742.924212 14656.572886 22711.137279
0.019980 5883.993242 10705.563300 14604.436609 22607.677564
0.020259 5862.641871 10665.781628 14548.849151 22499.460110
0.020541 5839.918739 10623.510640 14489.723286 22386.254456
0.020828 5815.845878 10578.751882 14427.093586 22268.170868
0.021118 5790.460291 10531.626926 14361.096080 22145.376927
0.021412 5763.856014 10482.247306 14291.857236 22017.909789
0.021711 5736.486553 10431.274297 14220.078319 21886.165728
0.022013 5707.792805 10377.919585 14144.929307 21749.433281
0.022320 5677.790565 10322.194740 14066.457711 21607.860626
0.022631 5646.482561 10264.111294 13984.630942 21461.538405
0.022947 5613.889500 10203.670729 13899.497412 21310.458489
0.023267 5580.004010 10140.924415 13811.115942 21154.628066
0.023591 5544.836699 10075.863679 13719.495342 20994.058988
0.023920 5508.431167 10008.599614 13624.775444 20828.932491
0.024253 5470.818958 9939.153274 13527.005689 20659.412461
0.024591 5431.995531 9867.550570 13426.195462 20485.542349
0.024934 5391.995352 9793.822259 13322.434662 20307.420253
0.025282 5350.834828 9717.994941 13215.793096 20125.146936
0.025634 5308.536339 9640.145967 13106.340535 19938.886960
0.025991 5265.131236 9560.326530 12994.226976 19748.796274
0.026354 5220.646840 9478.600610 12879.431593 19555.001457
0.026721 5175.112439 9395.007023 12762.083977 19357.691447
0.027094 5128.571314 9309.644276 12642.303397 19157.055609
0.027471 5081.095751 9222.604670 12520.248912 18953.273187
0.027854 5032.647902 9133.863495 12395.898757 18746.482510
0.028242 4983.003704 9043.076398 12268.930339 18536.384612
0.028636 4932.511670 8950.798219 12139.952754 18323.707073
0.029035 4881.234014 8857.135371 12009.123426 18108.656645
0.029440 4829.231944 8762.230998 11876.609267 17891.549875
0.029850 4776.555657 8666.148193 11742.556614 17672.599827
0.030266 4723.258352 8568.968832 11607.081236 17452.027576
0.030688 4669.385229 8470.795580 11470.348388 17230.072039
0.031116 4615.010530 8371.727948 11332.472729 17006.959452
0.031550 4560.196502 8271.905239 11193.628356 16782.953614
0.031990 4505.000401 8171.445666 11053.978765 16558.305267
0.032436 4449.495529 8070.456351 10913.736818 16333.302282
0.032888 4393.745201 7969.063299 10773.034814 16108.209190
0.033346 4337.814766 7867.371470 10632.044456 15883.257241
0.033811 4281.776618 7765.493763 10490.906910 15658.684600
0.034282 4225.693172 7663.568016 10349.782783 15434.776310
0.034760 4169.512668 7561.817987 10209.351294 15213.452488
0.035245 4113.423817 7460.280646 10069.342528 14993.320204
0.035736 4057.510203 7359.073902 9929.897584 14774.625206
0.036234 4001.847449 7258.320715 9791.168101 14557.540614
0.036739 3946.488178 7158.137121 9653.334244 14342.376374
0.037251 3891.501103 7058.651247 9516.573782 14129.360000
0.037771 3836.959001 6959.989337 9381.051160 13918.726500
0.038297 3782.943735 6862.289773 9246.947466 13710.708577
0.038831 3729.520189 6765.674092 9114.411588 13505.526882
0.039372 3676.736263 6670.226984 8983.586204 13303.400150
0.039921 3624.653954 6576.067319 8854.624764 13104.505764
0.040478 3573.337330 6483.256111 8727.575867 12908.861266
0.041042 3522.671954 6391.114748 8600.956435 12712.644185
0.041614 3472.901556 6300.607264 8476.663570 12520.347030
0.042194 3424.081384 6211.800289 8354.808381 12332.082589
0.042782 3376.254707 6124.788702 8235.522927 12148.022395
0.043379 3329.466870 6039.656591 8118.882465 11968.278271
0.043983 3283.744205 5956.477253 8004.999221 11793.001332
0.044596 3239.128167 5875.324209 7893.949624 11622.263683
0.045218 3195.659270 5796.241132 7785.806246 11456.177068
0.045848 3153.370064 5719.273906 7680.617872 11294.774638
0.046487 3112.267039 5644.464609 7578.444432 11138.109766
0.047135 3072.497423 5572.775729 7481.320557 10991.123087
0.047792 3034.022653 5503.841989 7388.431371 10851.806990
0.048459 2996.770001 5437.096083 7298.580594 10717.182484
0.049134 2960.736103 5372.538684 7211.750300 10587.227970
0.049819 2925.898523 5310.128428 7127.900803 10461.824372
0.050513 2892.241893 5249.841137 7047.002595 10340.902901
0.051218 2859.746842 5191.642702 6968.994405 10224.376156
0.051931 2828.380939 5135.471964 6893.791150 10112.108635
0.052655 2798.102695 5081.250729 6821.289894 10003.965969
0.053389 2768.645031 5028.087820 6749.855170 9896.341337
0.054134 2739.915886 4975.729150 6679.048740 9788.395096
0.054888 2712.128436 4925.049098 6610.591708 9684.019416
0.055653 2685.204830 4875.919116 6544.294142 9582.957853
0.056429 2659.033873 4828.128969 6479.877903 9484.747337
0.057216 2633.488117 4781.467209 6417.035525 9388.941455
0.058013 2608.590292 4735.962143 6355.820869 9295.603526
0.058822 2584.454003 4691.825775 6296.514516 9205.162153
0.059642 2561.200090 4649.573236 6240.127737 9119.893527
0.060473 2538.809197 4609.679147 6187.818324 9042.954154
0.061316 2516.453659 4569.840768 6135.650139 8966.278271
0.062171 2493.804879 4529.443968 6082.782748 8888.651147
0.063038 2470.807729 4488.405231 6029.092309 8809.878468
0.063916 2447.506058 4446.783425 5974.681736 8730.119053
0.064807 2423.919434 4404.622289 5919.589571 8649.435620
0.065711 2399.950953 4361.747986 5863.574393 8567.474991
0.066627 2374.311246 4314.028357 5799.211331 8468.224304
0.067555 2347.924772 4264.893522 5732.910760 8366.113687
0.068497 2320.713829 4214.255949 5664.642054 8261.231201
0.069452 2292.596387 4161.978095 5594.195519 8153.317090
0.070420 2263.494187 4107.903715 5521.377698 8042.067403
0.071402 2233.330705 4051.908538 5446.013417 7927.248468
0.072397 2202.294286 3994.572598 5369.176670 7811.409015
0.073406 2170.370235 3935.921158 5290.948346 7694.877092
0.074429 2137.232453 3875.060323 5209.761317 7574.182531
0.075467 2102.871477 3811.985063 5125.600351 7449.295856
0.076519 2067.300066 3746.708393 5038.485300 7320.254038
0.077585 2030.549191 3679.296043 4948.499698 7187.190398
0.078667 1993.439927 3612.327401 4860.138383 7059.261001
0.079763 1956.537185 3547.456975 4776.281898 6942.255864
0.080875 1918.625795 3480.683178 4689.775758 6821.391815
0.082003 1879.817420 3412.211496 4600.872130 6697.039681
0.083146 1840.241283 3342.279371 4509.897325 6569.646964
0.084305 1800.054484 3271.168595 4417.233834 6439.744215
0.085480 1758.724472 3196.832430 4319.077801 6299.317956
0.086671 1716.834794 3120.940081 4218.242666 6153.871196
0.087880 1674.926539 3045.002228 4117.261633 6008.288995
0.089105 1633.205840 2969.389749 4016.635728 5863.295902
0.090347 1591.882546 2894.482741 3916.885557 5719.633802
0.091606 1551.840287 2822.826296 3822.299328 5585.550177
0.092883 1513.212725 2754.563139 3732.950992 5460.903039
0.094178 1475.565890 2688.001538 3645.756569 5339.310012
0.095490 1439.092890 2623.478810 3561.205234 5221.484701
0.096822 1403.975199 2561.337559 3479.759588 5108.107985
0.098171 1370.680850 2502.924291 3403.632002 5003.390355
0.099540 1339.143590 2447.827496 3331.991492 4905.485705
0.100927 1309.371507 2395.852359 3264.448542 4813.473739
0.102334 1281.450449 2347.181729 3201.250776 4727.742716
0.103761 1254.840210 2300.153788 3139.472422 4642.524162
0.105207 1227.956066 2249.917315 3070.747553 4541.515301
0.106673 1203.126975 2203.432781 3007.128732 4448.102987
0.108160 1180.282520 2160.603996 2948.466524 4362.070493
0.109668 1159.319933 2121.285910 2894.517435 4283.076709
0.111197 1140.327600 2085.897023 2845.961393 4211.850717
0.112747 1122.981987 2053.546968 2801.529520 4146.768948
0.114318 1107.103310 2023.883314 2760.714552 4087.109767
0.115912 1092.487178 1996.543149 2723.002065 4032.126422
0.117528 1079.596843 1973.111159 2691.161702 3986.967640
0.119166 1067.523852 1951.267454 2661.479903 3945.151331
0.120827 1055.936993 1930.311415 2632.920569 3905.102128
0.122511 1044.510083 1909.617253 2604.659753 3865.588751
0.124219 1032.552946 1887.620772 2574.492921 3823.535601
0.125951 1020.253924 1865.017612 2543.450013 3780.248096
0.127706 1007.348960 1841.322941 2510.847533 3734.709544
0.129487 993.860258 1816.713082 2476.959836 3686.979012
0.131292 979.645424 1790.961916 2441.486061 3636.557233
0.133122 964.222311 1763.012334 2402.986727 3581.666428
0.134977 947.504612 1732.727914 2361.317610 3522.182617
0.136859 930.512880 1703.751606 2323.470671 3474.218014
0.138766 912.114167 1672.151302 2281.973664 3420.616330
0.140701 892.393959 1638.064542 2236.980070 3361.606408
0.142662 872.402636 1603.899571 2191.777042 3301.281358
0.144651 851.675422 1568.437187 2144.716390 3237.640819
0.146667 830.132157 1531.335913 2095.367983 3170.227895
0.148711 806.288879 1488.302547 2036.702280 3087.005252
0.150784 781.130799 1441.716488 1972.412821 2993.986532
0.152886 756.238732 1395.608374 1908.793936 2901.695557
0.155018 733.766104 1355.925744 1855.509169 2827.962799
0.157178 713.403104 1321.432524 1810.294492 2768.272583
0.159369 694.062540 1288.668906 1767.289148 2711.432894
0.161591 676.525355 1259.495664 1729.260099 2661.843939
0.163843 660.646479 1233.420848 1695.429780 2618.281547
0.166127 646.308811 1210.066922 1665.196168 2579.782661
0.168443 630.571377 1181.437922 1625.883484 2524.447421
0.170791 616.161103 1154.935075 1589.264019 2472.629437
0.173172 603.807601 1132.581674 1558.464462 2429.508620
0.175586 594.681653 1117.551655 1538.259811 2402.385866
0.178033 586.757796 1104.744901 1521.066390 2379.738150
0.180515 578.013930 1088.227813 1496.918553 2342.438308
0.183031 568.875301 1069.693181 1468.916258 2296.775712
0.185583 560.143017 1052.175802 1442.613314 2254.325545
0.188169 551.746611 1036.638982 1420.632726 2222.410862
0.190792 543.059077 1020.583758 1397.963219 2189.270964
0.193452 533.268256 1002.255577 1372.253444 2152.311912
0.196149 522.543504 982.121747 1344.123078 2111.694456
0.198883 512.050359 963.187202 1317.936872 2073.760522
0.201655 502.270203 946.679894 1295.470442 2041.210577
0.204466 491.358254 927.806854 1269.621543 2002.921785
0.207316 478.833374 904.610182 1236.924015 1952.161142
0.210206 465.629371 880.129404 1202.513600 1898.575517
0.213136 455.786819 866.305000 1185.789160 1877.249968
0.216107 445.882680 852.419369 1169.031781 1855.786203
0.219120 433.324486 831.294362 1141.582803 1818.447661
0.222174 420.620345 809.287654 1112.676766 1778.655801
0.225271 409.169391 790.174730 1088.053577 1745.301282
0.228411 398.823431 773.243399 1066.451932 1716.318364
0.231595 389.854034 757.970649 1045.686760 1684.128691
0.234823 382.062552 744.582079 1027.000972 1653.579028
0.238097 373.278217 727.843710 1003.251915 1615.689015
0.241416 364.964981 711.655295 980.167571 1578.956980
0.244781 356.830037 696.084836 958.340917 1544.073230
0.248193 349.272207 681.717552 938.244663 1511.827458
0.251653 344.936878 674.736204 928.278124 1494.609616
0.255161 339.677684 665.534200 915.250451 1472.946490
0.258717 331.274434 648.838997 891.840428 1436.285065
0.262324 324.162465 635.827408 873.992868 1408.449996
0.265980 318.399793 626.708654 862.016610 1389.898125
0.269688 310.486507 612.522190 842.879925 1359.433639
0.273447 301.738078 596.481235 821.213538 1324.912194
0.277259 295.029888 585.910124 808.121370 1306.718159
0.281124 287.808260 573.777755 792.791876 1285.852228
0.285043 280.180306 560.125893 775.263576 1262.806853
0.289016 273.197931 548.700801 760.782375 1240.747355
0.293045 266.714240 537.914683 746.562858 1217.114400
0.297130 260.621179 526.320333 729.426043 1185.729780
0.301271 255.178024 517.219135 717.519095 1166.500758
0.305471 250.001670 508.863358 707.256950 1151.452303
0.309729 243.914011 497.757872 692.869512 1130.154009
0.314047 238.478682 486.929473 677.503545 1103.224524
0.318424 233.733067 477.615594 664.240628 1079.647040
0.322863 229.982409 471.596285 656.811737 1069.088569
0.327363 224.589752 460.852188 641.720096 1043.499526
0.331927 218.939424 450.012432 627.172896 1020.419928
0.336554 213.486285 440.466608 615.363541 1003.663929
0.341245 209.614482 435.629228 609.954667 993.732178
0.346002 205.294943 428.860106 601.670084 981.029508
0.350825 201.015551 421.497390 592.338113 966.470515
0.355715 196.865076 414.050675 582.778941 950.997911
0.360673 192.093466 405.753893 572.488471 935.863107
0.365701 186.466299 395.213983 558.788990 916.287014
0.370799 182.009643 386.800597 547.940075 899.690990
0.375968 178.005853 379.268951 538.215601 884.647720
0.381208 173.944915 372.029171 529.054531 870.826090
0.386522 170.558099 367.218733 524.058154 861.974578
0.391910 167.104395 359.266405 512.623979 846.138348
0.397373 163.155326 352.797682 505.258395 834.329528
0.402912 159.942303 347.943726 499.204340 822.841017
0.408529 156.718386 341.176743 490.245166 810.150095
0.414223 152.793215 333.256268 480.587193 798.582114
0.419997 148.914056 326.667706 473.053786 787.908558
0.425852 145.787596 321.005221 465.790238 775.543854
0.431788 142.500979 314.698130 457.275731 762.912062
0.437807 139.652329 309.137775 450.144218 751.547386
0.443910 137.286730 305.650144 446.767361 749.306060
0.450097 133.613749 298.822106 438.317624 737.610658
0.456372 130.552333 292.538961 430.043824 723.472770
0.462733 128.592751 290.079972 428.344791 723.220831
0.469183 125.354516 283.649131 419.975690 710.016309
0.475724 123.025329 279.193434 414.741574 702.906081
0.482355 119.836914 272.672357 406.431929 692.920956
0.489079 117.300498 267.774324 400.666830 684.864543
0.495896 115.368534 264.137024 395.830560 676.621521
0.502809 112.786593 259.730368 390.756104 670.356292
0.509818 110.722510 256.017691 386.241234 662.118676
0.516924 108.832410 252.539132 382.434437 658.355616
0.524130 105.322205 246.442261 375.828097 651.842046
0.531436 103.505995 243.772669 373.082139 648.396620
0.538844 101.383371 238.950228 366.666116 639.929171
0.546355 99.600114 235.493418 362.325844 633.736722
0.553971 96.954697 230.766613 357.164525 626.995983
0.561693 95.251703 227.486876 353.332694 622.473678
0.569523 93.391880 224.467223 350.488720 617.174105
0.577461 91.317400 219.578158 343.951306 609.215407
0.585511 89.708177 216.623379 340.170978 603.787021
0.593673 87.671480 211.828170 334.224923 596.204974
0.601948 86.211350 209.653366 331.448695 591.846841
0.610339 84.196567 206.157236 327.685632 586.195878
0.618847 82.353676 203.030075 325.719080 586.873255
0.627473 81.009703 199.537027 320.283851 578.975390
0.636220 79.394984 196.729147 316.853486 572.950695
0.645088 77.566136 193.362089 312.875066 566.976752
0.654081 76.001755 189.493960 307.571097 560.396023
0.663198 74.345091 186.839175 305.445374 557.443027
0.672443 72.963672 183.774513 301.735776 554.114715
0.681816 71.414798 180.695680 296.805466 545.558834
0.691320 69.918391 177.566109 293.343188 540.401751
0.700957 68.960939 175.135567 290.271539 535.658114
0.710728 67.212479 172.305712 286.854391 529.421498
0.720635 66.205503 169.841960 284.026835 526.946786
0.730680 64.883606 167.420097 280.464938 519.635009
0.740866 63.480196 164.276699 276.323800 514.601367
0.751193 62.160191 161.415891 273.016231 509.402770
0.761664 60.994719 158.655598 269.449629 504.390734
0.772281 60.197298 157.173029 267.228307 498.826290
0.783046 58.969029 154.282093 263.426072 493.684810
0.793962 57.892549 152.369324 260.704095 489.861754
0.805029 56.638837 149.631657 257.765315 484.705725
0.816251 55.668740 147.551927 254.132416 477.298153
0.827629 54.342464 144.695118 250.563296 472.143631
0.839166 53.676244 143.102999 247.662249 467.741893
0.850863 52.733135 140.728366 244.766925 462.239230
0.862724 51.587239 138.543349 241.594330 455.626656
0.874750 50.672546 136.264308 238.438230 450.187759
0.886943 49.813053 134.375852 235.638415 444.954154
0.899307 48.831432 132.293473 232.486562 438.917008
0.911843 48.100016 130.110797 228.959119 431.503635
0.924553 47.077262 127.985265 225.711057 426.824013
0.937441 46.202155 126.049606 223.085945 421.299820
0.950508 45.455725 124.114040 220.123923 415.368761
0.963758 44.520370 121.772317 216.486979 409.269839
0.977192 43.948173 121.073204 214.699878 403.726594
0.990814 43.128057 118.843645 211.414719 398.257062
1.004625 42.328495 116.688171 207.943717 391.253412
1.018629 41.650757 115.089504 205.201125 385.257861
1.032828 40.875767 113.266050 202.580402 380.752413
1.047225 40.104537 111.636592 199.477532 373.704898
1.061823 39.503123 110.142594 196.820604 367.825779
1.076624 38.791985 108.376689 193.909476 361.727849
1.091632 38.163975 106.625717 191.164868 355.607399
1.106848 37.455293 104.781379 188.174353 349.986755
1.122277 36.812472 103.296365 185.107233 343.456103
1.137921 36.166943 101.512906 182.214398 337.543225
1.153783 35.604871 99.925878 179.388998 331.898330
1.169866 35.006229 98.416094 176.592823 326.336585
1.186174 34.386653 96.945517 173.861380 320.187568
1.202708 33.846724 95.393301 171.150900 314.371708
1.219473 33.302852 93.948723 168.558241 308.217278
1.236472 32.732635 92.477172 165.953091 302.770142
1.253708 32.211609 90.950818 162.999935 297.201575
1.271184 31.693522 89.825772 160.829085 291.475968
1.288904 31.167614 88.061852 157.755951 286.175121
1.306870 30.626257 86.630579 155.091868 280.293233
1.325087 30.178024 85.302369 152.541186 274.469142
1.343558 29.685774 83.889818 149.891924 268.945575
1.362287 29.236672 82.475067 147.100165 263.409208
1.381276 28.749535 81.152271 144.294495 257.936674
1.400531 28.303757 79.820201 141.846665 252.274046
1.420053 27.824597 78.398147 139.363731 246.901627
1.439848 27.393663 77.182684 136.699124 241.733899
1.459919 26.921913 75.848911 134.192383 236.278422
1.480269 26.554684 74.455276 131.556980 230.772909
1.500903 26.121824 73.236926 129.053837 226.128297
1.521825 25.696411 72.080249 126.764153 221.001884
1.543038 25.274931 70.821211 124.454083 216.327258
1.564548 24.914344 69.610464 122.030401 211.306963
1.586357 24.526638 68.480921 119.718540 206.482897
1.608469 24.116336 67.307256 117.414548 202.007068
1.630891 23.809580 66.023670 114.889716 197.043196
1.653624 23.400104 64.856011 112.738771 192.819682
1.676675 23.029835 63.823464 111.033275 188.179030
1.700047 22.661477 62.693539 108.326609 183.851132
1.723745 22.323958 61.537267 106.111111 179.300791
1.747773 21.946897 60.397655 103.888896 175.073885
1.772136 21.606393 59.319538 101.717783 171.080593
1.796838 21.276469 58.228238 99.624512 166.973520
1.821885 20.969016 57.156872 97.495315 163.063616
1.847281 20.630420 56.200286 95.564413 159.203787
1.873032 20.312248 55.124499 93.395201 155.482045
1.899141 19.986366 54.062500 91.466095 151.816815
1.925614 19.689652 53.096396 89.556145 148.143634
1.952456 19.433382 52.172669 87.688095 144.626222
1.979672 19.088845 51.241668 85.836793 141.266363
2.007267 18.818099 50.275418 83.881724 138.015154
2.035248 18.500542 49.292997 82.040814 134.681745
2.063618 18.210204 48.340668 80.255566 131.473561
2.092383 17.932008 47.426545 78.458817 128.395514
2.121550 17.637497 46.501032 76.727022 125.348142
2.151123 17.365219 45.619758 74.988313 122.361639
2.181109 17.084791 44.715055 73.330477 119.576578
2.211512 16.815878 43.823789 71.633676 116.678856
2.242340 16.549856 43.011446 70.054082 114.027151
2.273597 16.268496 42.167680 68.412952 111.397588
2.305289 16.028613 41.337508 66.897531 108.887390
2.337424 15.771785 40.514156 65.356841 106.454822
2.370006 15.515504 39.721965 63.903497 104.126274
2.403043 15.253927 38.950271 62.420714 101.776531
2.436540 15.020084 38.201567 61.020202 99.528583
2.470504 14.776934 37.454887 59.609746 97.335644
2.504942 14.537979 36.730071 58.274193 95.243347
2.539859 14.309608 35.985654 56.914920 93.146708
2.575263 14.060907 35.248352 55.642212 91.186798
2.611161 13.835817 34.541149 54.314298 89.235636
2.647559 13.604554 33.835609 53.029576 87.290140
2.684465 13.377088 33.167985 51.793576 85.433733
2.721885 13.140792 32.458071 50.586642 83.632352
2.759826 12.920004 31.777768 49.383608 81.883210
2.798297 12.696659 31.134780 48.232979 80.222984
2.837304 12.480617 30.486826 47.100937 78.560881
2.876854 12.263663 29.847421 45.989339 76.963269
2.916956 12.053634 29.235461 44.912504 75.368335
2.957617 11.849011 28.636446 43.877187 73.861825
2.998844 11.642417 28.045183 42.845532 72.377355
3.040646 11.439500 27.455284 41.836447 70.982473
3.083031 11.239984 26.874097 40.857252 69.576586
3.126007 11.045666 26.318826 39.899921 68.187171
3.169582 10.846395 25.745566 38.938139 66.840853
3.213764 10.650642 25.195122 38.012840 65.517903
3.258562 10.452862 24.657965 37.104541 64.213151
3.303985 10.260178 24.109706 36.212270 62.935509
3.350041 10.071115 23.573413 35.328239 61.674681
3.396739 9.879447 23.053555 34.483814 60.427665
3.444087 9.695596 22.535587 33.630005 59.212405
3.492096 9.513302 22.038165 32.823843 58.046001
3.540774 9.327492 21.549595 32.032686 56.886206
3.590130 9.151448 21.061308 31.246713 55.757702
3.640175 8.978766 20.589816 30.498484 54.640775
3.690917 8.803175 20.134418 29.746842 53.544845
3.742366 8.632557 19.669366 29.027582 52.489380
3.794533 8.467303 19.229766 28.324203 51.432126
3.847427 8.300998 18.786863 27.631100 50.405740
3.901058 8.133780 18.357513 26.957758 49.373611
3.955436 7.975314 17.930690 26.280336 48.349282
4.010573 7.810585 17.508580 25.633111 47.355966
4.066478 7.650135 17.089566 24.985768 46.352987
4.123163 7.490554 16.685751 24.354779 45.365437
4.180637 7.335601 16.286924 23.740469 44.389080
4.238913 7.181153 15.889798 23.133685 43.438539
4.298001 7.026282 15.504166 22.546120 42.491679
4.357913 6.880765 15.125343 21.973255 41.573671
4.418660 6.732996 14.760058 21.409584 40.669599
4.480254 6.587639 14.397124 20.862411 39.774345
4.542706 6.447617 14.041947 20.326323 38.893461
4.606029 6.308265 13.700041 19.808457 38.038477
4.670234 6.171250 13.362800 19.305636 37.195061
4.735335 6.037524 13.033998 18.809241 36.358534
4.801343 5.907702 12.712761 18.326658 35.531278
4.868271 5.777148 12.394096 17.850899 34.717685
4.936132 5.648429 12.080550 17.384489 33.912030
5.004939 5.520892 11.773912 16.927256 33.114778
5.074705 5.394602 11.471670 16.477246 32.329289
5.145444 5.271984 11.175931 16.039492 31.555748
5.217169 5.149736 10.885074 15.608908 30.784610
5.289893 5.032104 10.602777 15.194886 30.040016
5.363631 4.914005 10.326514 14.784333 29.302502
5.438397 4.800339 10.055900 14.387806 28.577211
5.514206 4.688462 9.793183 14.001822 27.871790
5.591071 4.578048 9.537885 13.625546 27.179866
5.669007 4.472346 9.287942 13.261098 26.504815
5.748030 4.367831 9.045707 12.904637 25.839134
5.828155 4.265687 8.809550 12.559584 25.189933
5.909396 4.165807 8.578761 12.223244 24.556567
5.991770 4.067585 8.352899 11.893574 23.933120
6.075292 3.971562 8.133201 11.573285 23.317741
6.159978 3.876716 7.916796 11.259435 22.714709
6.245845 3.783545 7.705251 10.952384 22.120004
6.332908 3.691715 7.497363 10.651299 21.534062
6.421186 3.602281 7.295240 10.357674 20.960536
6.510694 3.514068 7.097677 10.072466 20.399885
6.601449 3.428563 6.905723 9.794945 19.851286
6.693470 3.344280 6.717993 9.524021 19.314664
6.786773 3.262448 6.536160 9.261516 18.792395
6.881377 3.183056 6.359717 9.007195 18.281175
6.977300 3.105417 6.188601 8.761723 17.784817
7.074559 3.030234 6.021959 8.521914 17.300488
7.173175 2.956479 5.860794 8.290249 16.830011
7.273165 2.885048 5.704223 8.066456 16.371320
7.374549 2.815103 5.551632 7.847762 15.924939
7.477346 2.746677 5.403779 7.636707 15.487931
7.581576 2.680103 5.258631 7.429745 15.060761
7.687260 2.614460 5.117521 7.228183 14.643156
7.794416 2.550232 4.979574 7.030826 14.233079
7.903066 2.487349 4.844420 6.838540 13.831333
8.013230 2.425767 4.713634 6.652941 13.440576
8.124930 2.365561 4.586024 6.471705 13.058790
8.238187 2.307092 4.461842 6.295338 12.687359
8.353023 2.249936 4.341564 6.124930 12.325786
8.469460 2.194496 4.225096 5.959958 11.975084
8.587519 2.140609 4.112043 5.799986 11.634553
8.707225 2.088206 4.002414 5.645424 11.304389
8.828599 2.037343 3.896829 5.496025 10.983629
8.951665 1.987415 3.794534 5.351316 10.673572
9.076446 1.939743 3.695334 5.211686 10.372825
9.202967 1.892934 3.599162 5.076388 10.080455
9.331251 1.847263 3.505591 4.944541 9.796284
9.461324 0.000000 0.000000 0.000000 0.000000
9.593209 0.000000 0.000000 0.000000 0.000000
9.726934 0.000000 0.000000 0.000000 0.000000
9.862522 0.000000 0.000000 0.000000 0.000000
10.000000 0.000000 0.000000 0.000000 0.000000
