0.010000 5638.898895 10335.227514 14151.791075 23002.378821
0.010139 5669.297838 10389.985948 14223.953911 23091.740779
0.010281 5699.274458 10444.000284 14295.134052 23179.985900
0.010424 5728.809599 10497.159214 14365.301891 23266.944870
0.010569 5757.891272 10549.475230 14434.365036 23352.425088
0.010717 5786.493091 10600.939998 14502.241461 23436.481820
0.010866 5814.586605 10651.493464 14568.890746 23518.976557
0.011018 5842.155664 10701.075474 14634.355637 23599.882486
0.011171 5869.166657 10749.666993 14698.574430 23679.272429
0.011327 5895.607504 10797.238531 14761.454071 23756.857947
0.011485 5921.475323 10843.729563 14822.911834 23832.529977
0.011645 5946.753873 10889.130937 14882.864902 23906.245635
0.011807 5971.396144 10933.402464 14941.271938 23978.072529
0.011972 5995.382793 10976.493537 14998.112224 24047.920120
0.012139 6018.691386 11018.353441 15053.375239 24115.551925
0.012308 6041.295373 11058.941629 15107.008722 24180.664398
0.012479 6063.187649 11098.227721 15158.949896 24243.332367
0.012653 6084.353910 11136.191488 15209.083978 24303.806838
0.012830 6104.758335 11172.761181 15257.337631 24361.814692
0.013009 6124.384541 11207.926621 15303.668517 24417.149387
0.013190 6143.184402 11241.615855 15348.023792 24469.559819
0.013374 6161.151744 11273.767123 15390.319390 24519.115807
0.013560 6178.263997 11304.359659 15430.502241 24565.808479
0.013749 6194.502669 11333.372589 15468.570953 24609.517585
0.013941 6209.830842 11360.733601 15504.482539 24650.001043
0.014135 6224.233064 11386.411376 15538.266376 24687.082986
0.014332 6237.683642 11410.384773 15569.786034 24720.818769
0.014532 6250.155851 11432.560731 15598.749833 24751.086710
0.014735 6261.635218 11452.897449 15625.197305 24777.808894
0.014940 6272.099080 11471.404349 15649.198848 24800.819154
0.015148 6281.579951 11488.172821 15670.835017 24820.357722
0.015359 6290.027534 11503.037743 15689.958696 24836.158811
0.015573 6297.390509 11515.936555 15706.443451 24848.011908
0.015791 6303.634930 11526.775903 15720.193853 24855.882151
0.016011 6308.745231 11535.554684 15731.104109 24859.646921
0.016234 6312.694597 11542.230740 15739.130413 24859.129030
0.016460 6315.468462 11546.751637 15744.280571 24854.086024
0.016690 6317.054291 11549.126412 15746.541657 24844.461835
0.016922 6317.438515 11549.292331 15745.828386 24830.331628
0.017158 6316.552401 11547.135423 15741.983172 24811.650357
0.017397 6314.396665 11542.654436 15734.962064 24788.253208
0.017640 6310.994474 11535.909575 15724.875991 24760.063192
0.017886 6306.310771 11526.807345 15711.639634 24726.862075
0.018135 6300.287008 11515.264516 15695.085107 24688.617591
0.018388 6292.923854 11501.279823 15675.189106 24645.352335
0.018644 6284.203589 11484.800793 15651.928335 24597.023981
0.018904 6274.141152 11465.867144 15625.341440 24543.492894
0.019167 6262.705528 11444.436668 15595.363869 24484.728931
0.019435 6249.883049 11420.446696 15561.910478 24420.593933
0.019706 6235.664118 11393.896030 15525.009683 24351.113478
0.019980 6220.035049 11364.773255 15484.597068 24276.357120
0.020259 6202.958661 11333.015778 15440.597963 24196.145468
0.020541 6184.450853 11298.653197 15393.061560 24110.462790
0.020828 6164.538738 11261.715129 15342.037094 24019.304926
0.021118 6143.204503 11222.180024 15287.501638 23922.538494
0.021412 6120.516074 11180.108269 15229.473597 23820.334204
0.021711 6096.988489 11136.256461 15168.775931 23713.523169
0.022013 6072.022037 11089.763593 15104.509155 23601.216196
0.022320 6045.638679 11040.679914 15036.691894 23483.499383
0.022631 6017.835872 10989.014749 14965.363471 23360.308165
0.022947 5988.599831 10934.736508 14890.480782 23231.600446
0.023267 5957.943301 10877.854579 14812.052363 23097.475263
0.023591 5925.892291 10818.409089 14730.159007 22958.042970
0.023920 5892.436050 10756.389007 14644.747527 22813.187967
0.024253 5857.588316 10691.814040 14555.878240 22663.054226
0.024591 5821.406721 10624.826758 14463.704322 22507.850736
0.024934 5783.891716 10555.385494 14368.224356 22347.635961
0.025282 5745.049871 10483.520258 14269.447304 22182.382742
0.025634 5704.915313 10409.291789 14167.444057 22012.301196
0.025991 5663.511954 10332.771081 14062.306185 21837.461777
0.026354 5620.870849 10253.988198 13954.125313 21657.978272
0.026721 5577.031217 10173.036682 13842.951884 21473.986176
0.027094 5532.018997 10089.926149 13728.898248 21285.685552
0.027471 5485.876466 10004.767568 13611.994329 21093.147643
0.027854 5438.578493 9917.511195 13492.280407 20896.486781
0.028242 5389.900765 9827.854417 13369.446307 20695.431331
0.028636 5340.232787 9736.382202 13244.181839 20490.739275
0.029035 5289.613772 9643.205544 13116.558312 20282.631732
0.029440 5238.090085 9548.414967 12986.739839 20071.329545
0.029850 5185.724440 9452.075400 12854.828706 19856.967622
0.030266 5132.569345 9354.275319 12720.937532 19639.755565
0.030688 5078.687531 9255.162585 12585.240802 19419.977458
0.031116 5024.146852 9154.860490 12447.964555 19197.948918
0.031550 4969.008020 9053.497448 12309.231764 18973.910153
0.031990 4913.328697 8951.160918 12169.196331 18748.090182
0.032436 4857.180867 8847.968052 12028.001862 18520.706835
0.032888 4800.629376 8744.056484 11885.833200 18292.020095
0.033346 4743.749315 8639.571024 11742.864884 18062.417301
0.033811 4686.613748 8534.626789 11599.292076 17832.082410
0.034282 4629.305993 8429.372698 11455.299631 17601.369348
0.034760 4571.778516 8324.044744 11311.587853 17372.473635
0.035245 4514.211800 8218.657701 11167.826172 17143.775809
0.035736 4456.676972 8113.372815 11024.199454 16915.510488
0.036234 4399.264621 8008.322668 10880.892573 16687.954225
0.036739 4342.060258 7903.674693 10738.111023 16461.457315
0.037251 4285.143299 7799.549222 10596.039690 16236.305492
0.037771 4228.581940 7696.074801 10454.853158 16012.720080
0.038297 4172.439300 7593.378981 10314.736332 15791.017406
0.038831 4116.795926 7491.590361 10175.879282 15571.470639
0.039372 4061.728315 7390.867291 10038.461788 15354.352335
0.039921 4007.310963 7291.322046 9902.673953 15139.955661
0.040478 3953.592816 7193.038236 9768.544023 14928.244545
0.041042 3900.439599 7095.203620 9634.345253 14714.700355
0.041614 3848.133713 6998.911390 9502.261924 14504.641445
0.042194 3796.746755 6904.298580 9372.452264 14298.295208
0.042782 3746.320673 6811.455115 9245.068347 14095.888614
0.043379 3696.904622 6720.482246 9120.221027 13897.595336
0.043983 3648.541647 6631.466917 8998.043877 13703.631054
0.044596 3601.277909 6544.471508 8878.616879 13514.063096
0.045218 3555.158584 6459.550238 8762.045828 13329.064378
0.045848 3510.218642 6376.775830 8648.404586 13148.744193
0.046487 3466.490014 6296.231321 8537.774268 12973.201151
0.047135 3424.119483 6218.973431 8432.427898 12808.235275
0.047792 3383.070409 6144.577717 8331.480392 12651.543328
0.048459 3343.262059 6072.427712 8233.585471 12499.664724
0.049134 3304.702896 6002.553274 8138.757347 12352.603277
0.049819 3267.384996 5934.939145 8046.998917 12210.310168
0.050513 3231.292241 5869.573170 7958.269784 12072.726202
0.051218 3196.407497 5806.391893 7872.494502 11939.781832
0.051931 3162.695165 5745.336997 7789.600740 11811.355042
0.052655 3130.110404 5686.327577 7709.470799 11687.260896
0.053389 3098.352749 5628.330723 7630.233911 11563.271850
0.054134 3067.333059 5571.102890 7551.438899 11438.417720
0.054888 3037.294863 5515.695771 7475.089482 11317.432636
0.055653 3008.143959 5461.909259 7400.933886 11199.911890
0.056429 2979.752197 5409.482558 7328.630550 11085.335660
0.057216 2952.059162 5358.302743 7258.028832 10973.479193
0.058013 2925.168827 5308.594993 7189.416743 10864.780290
0.058822 2899.162642 5260.513709 7123.006014 10759.518791
0.059642 2873.983348 5214.288456 7059.466748 10659.676366
0.060473 2849.580857 5170.420395 7000.066871 10568.892463
0.061316 2825.052537 5126.310625 6940.359915 10477.745276
0.062171 2800.220223 5081.644061 6879.889627 10385.572606
0.063038 2775.111369 5036.462381 6818.727254 10292.446550
0.063916 2749.759621 4990.830955 6756.936875 10198.492657
0.064807 2724.113226 4944.662925 6694.411237 10103.516364
0.065711 2698.000984 4897.654256 6630.741618 10006.903684
0.066627 2669.982084 4845.158441 6557.504604 9889.866287
0.067555 2641.112799 4791.076174 6482.091572 9769.474902
0.068497 2611.334759 4735.369435 6404.494310 9645.947080
0.069452 2580.549354 4677.844689 6324.473304 9518.917318
0.070420 2548.663031 4618.345344 6241.792112 9388.056931
0.071402 2515.595540 4556.710575 6156.261770 9253.068750
0.072397 2481.541791 4493.614928 6069.128935 9117.030057
0.073406 2446.510216 4429.111034 5980.549777 8980.400522
0.074429 2410.114237 4362.150913 5888.688956 8838.970538
0.075467 2372.327964 4292.711427 5793.490606 8692.679603
0.076519 2333.170858 4220.803407 5694.988695 8541.585317
0.077585 2292.672694 4146.481992 5593.275009 8385.780593
0.078667 2251.792300 4072.698132 5493.532846 8236.138754
0.079763 2211.161038 4001.349682 5399.082712 8099.539205
0.080875 2169.345339 3927.809693 5301.633555 7958.398783
0.082003 2126.469066 3852.296407 5201.475467 7813.123762
0.083146 2082.685113 3775.072562 5098.938835 7664.189048
0.084305 2038.159938 3696.425823 4994.429493 7512.182116
0.085480 1992.283779 3614.057790 4883.668004 7347.809711
0.086671 1945.700529 3529.823529 4769.838737 7177.462207
0.087880 1899.011264 3445.382232 4655.755756 7006.742252
0.089105 1852.448326 3361.149551 4541.961525 6836.497903
0.090347 1806.250498 3277.556952 4429.030654 6667.570680
0.091606 1761.429000 3197.518659 4321.867325 6509.642345
0.092883 1718.119162 3121.157264 4220.528495 6362.490921
0.094178 1675.810226 3046.523524 4121.487616 6218.604830
0.095490 1634.726419 2974.004744 4025.273386 6078.825766
0.096822 1595.072535 2904.005130 3932.391935 5943.894070
0.098171 1557.357313 2837.974225 3845.223175 5818.483016
0.099540 1521.529172 2775.466048 3762.917887 5700.623554
0.100927 1487.607026 2716.314765 3685.114946 5589.407458
0.102334 1455.705276 2660.754074 3612.121668 5485.279227
0.103761 1425.206910 2606.862897 3540.570104 5381.399668
0.105207 1394.239269 2548.984168 3460.732377 5258.387631
0.106673 1365.500232 2495.224864 3386.511964 5144.005752
0.108160 1338.971776 2445.523186 3317.875151 5038.138605
0.109668 1314.571478 2399.726116 3254.610182 4940.453491
0.111197 1292.355070 2358.209350 3197.231399 4851.271041
0.112747 1271.985427 2320.110687 3144.494498 4769.198011
0.114318 1253.283099 2285.088907 3095.951286 4693.560055
0.115912 1236.014349 2252.702863 3051.012420 4623.404350
0.117528 1220.722467 2224.728079 3012.734729 4564.603673
0.119166 1206.419260 2198.609426 2977.063424 4509.887740
0.120827 1192.734820 2173.621008 2942.946818 4457.578460
0.122511 1179.276897 2149.047576 2909.380148 4406.158139
0.124219 1165.335987 2123.263860 2874.071556 4352.541749
0.125951 1151.107372 2096.947121 2838.061944 4297.900817
0.127706 1136.269447 2069.517329 2800.561348 4241.052484
0.129487 1120.902753 2041.322499 2762.074488 4182.383292
0.131292 1104.857358 2012.111822 2722.277959 4121.312174
0.133122 1087.527033 1980.552993 2679.320412 4055.558445
0.134977 1068.801666 1946.490452 2633.043896 3985.010748
0.136859 1049.905696 1914.256123 2591.653911 3928.727405
0.138766 1029.500819 1879.229874 2546.425598 3866.433342
0.140701 1007.642921 1841.475429 2497.445538 3798.287903
0.142662 985.508075 1803.643225 2448.351050 3728.852107
0.144651 962.551919 1764.401525 2397.258560 3655.880292
0.146667 938.662665 1723.338832 2343.604745 3578.806402
0.148711 912.133690 1675.524448 2279.558323 3484.152782
0.150784 884.058959 1623.602159 2209.142080 3378.639454
0.152886 856.196745 1572.098755 2139.315914 3273.823883
0.155018 831.016509 1527.730729 2080.885043 3189.742146
0.157178 808.129800 1489.020291 2031.238106 3121.274914
0.159369 786.283597 1452.053762 1983.827427 3055.820362
0.161591 766.371316 1418.876590 1941.627894 2998.021894
0.163843 748.232582 1388.985100 1903.824890 2946.689804
0.166127 731.774607 1362.049650 1869.954434 2901.067152
0.168443 713.567171 1328.790980 1825.399596 2835.766676
0.170791 696.812968 1297.851801 1783.735204 2774.531082
0.173172 682.360230 1271.525175 1748.521874 2723.045971
0.175586 671.565345 1253.393592 1725.118514 2689.455597
0.178033 662.138051 1237.774885 1705.142020 2661.157335
0.180515 651.840562 1218.080225 1677.510841 2616.850640
0.183031 641.147044 1196.208878 1645.677074 2563.578543
0.185583 630.998640 1175.650381 1615.978366 2514.441620
0.188169 621.407648 1157.719728 1591.774561 2478.398913
0.190792 611.555954 1139.308665 1566.911120 2441.316717
0.193452 600.605241 1118.662794 1539.086149 2400.864514
0.196149 588.669431 1096.121323 1508.692404 2356.787717
0.198883 577.125695 1075.184573 1480.820559 2316.387011
0.201655 566.503697 1057.213906 1457.473664 2282.674586
0.204466 554.634001 1036.638534 1430.335435 2242.719316
0.207316 540.944885 1011.257352 1395.478870 2189.008885
0.210206 526.484260 984.424510 1358.619009 2132.107589
0.213136 515.830050 969.545936 1341.697973 2111.223138
0.216107 505.056383 954.498028 1324.588925 2090.078900
0.219120 491.135693 931.079857 1294.980296 2050.796506
0.222174 476.920875 906.460126 1263.398475 2008.435335
0.225271 463.984025 884.745969 1236.092740 1972.309415
0.228411 452.249312 865.380583 1212.045236 1940.948646
0.231595 441.956115 847.593033 1188.460482 1905.220639
0.234823 432.965043 831.853071 1167.119019 1871.285244
0.238097 422.790113 812.265031 1139.863380 1829.068701
0.241416 413.120949 792.940417 1113.287401 1788.202821
0.244781 403.711466 775.121391 1088.381158 1749.897408
0.248193 395.023668 758.465716 1065.594989 1714.898042
0.251653 390.114763 750.313498 1054.688774 1697.713485
0.255161 384.211193 739.803421 1040.442625 1675.807661
0.258717 374.882541 721.303178 1014.893657 1637.852514
0.262324 367.111812 707.090862 995.870784 1610.221536
0.265980 360.897009 697.269811 983.557305 1593.188201
0.269688 352.282073 681.918431 963.186181 1562.686029
0.273447 342.727848 664.530763 939.897044 1527.438390
0.277259 335.454500 653.146526 926.209030 1510.628577
0.281124 327.501755 639.822496 909.631391 1490.304161
0.285043 318.992924 624.607179 890.220142 1467.082381
0.289016 311.154513 611.727090 873.926795 1443.918154
0.293045 303.786976 599.365896 857.579599 1418.305622
0.297130 296.792301 585.907075 837.522227 1383.236879
0.301271 290.516877 575.249221 823.501968 1362.214411
0.305471 284.506341 565.396450 811.327023 1345.994776
0.309729 277.468135 552.567354 794.535610 1322.852489
0.314047 271.257877 540.195285 776.746377 1293.123128
0.318424 265.904839 529.669929 761.557075 1267.541056
0.322863 261.761543 523.034367 753.392235 1257.860453
0.327363 255.777937 511.215542 736.482128 1230.534591
0.331927 249.550801 499.422285 720.345926 1206.275747
0.336554 243.544491 489.088254 707.332078 1189.294916
0.341245 239.341339 483.908108 701.405263 1179.673428
0.346002 234.579416 476.476160 691.985373 1166.404244
0.350825 229.789469 468.233622 681.099706 1150.432759
0.355715 225.050178 459.703644 669.631217 1132.742654
0.360673 219.561144 450.154163 657.155000 1114.957777
0.365701 213.074532 438.108410 640.752454 1091.974569
0.370799 207.909358 428.416540 627.572139 1072.194018
0.375968 203.275704 419.749680 615.711891 1054.235817
0.381208 198.620323 411.510509 604.601526 1037.837818
0.386522 194.784441 406.078486 598.323016 1026.996548
0.391910 190.910911 397.266505 584.951158 1008.839511
0.397373 186.479989 390.199194 576.255055 994.887244
0.402912 182.934865 384.914169 568.961054 981.103389
0.408529 179.307557 377.367808 558.192886 965.698785
0.414223 174.818463 368.458764 546.487818 951.244065
0.419997 170.369731 361.000041 537.066763 937.281215
0.425852 166.769832 354.502949 527.811162 920.961380
0.431788 162.958701 347.214231 517.014512 904.267863
0.437807 159.626361 340.780151 507.840724 888.918211
0.443910 156.885361 336.699408 502.950410 884.468419
0.450097 152.674303 329.029437 492.455894 868.805811
0.456372 149.177213 322.025400 482.262445 850.296992
0.462733 146.946973 319.197550 479.351883 847.882215
0.469183 143.258113 312.034362 468.993955 830.228775
0.475724 140.588974 307.019684 462.164541 819.825481
0.482355 136.917899 299.664227 451.802617 805.915997
0.489079 133.969435 294.082151 444.191764 793.727504
0.495896 131.718802 289.853532 437.541591 781.331781
0.502809 128.732869 284.802739 430.659911 771.196891
0.509818 126.317561 280.508730 424.346247 758.491136
0.516924 124.119470 276.511866 418.945351 751.245680
0.524130 120.088523 269.720489 410.560900 740.985338
0.531436 118.000781 266.655477 406.317497 734.051643
0.538844 115.551164 261.242950 398.161637 721.641777
0.546355 113.478151 257.269074 392.136355 711.505154
0.553971 110.424333 251.979179 385.349734 700.733680
0.561693 108.432162 248.196566 379.892292 692.383730
0.569523 106.249613 244.719611 375.527212 682.993912
0.577461 103.825136 239.176756 367.237989 671.163122
0.585511 101.942422 235.760859 361.841252 661.981497
0.593673 99.596372 230.386788 354.393474 650.716175
0.601948 97.895330 227.881430 350.169830 642.905012
0.610339 95.559282 223.939027 344.956762 633.548747
0.618847 93.406428 220.404765 341.764237 631.106297
0.627473 91.833516 216.433711 334.846689 619.903025
0.636220 89.963041 213.202572 329.950127 610.248804
0.645088 87.830740 209.409228 324.654153 601.081871
0.654081 85.990369 205.025294 317.952003 591.373130
0.663198 84.056432 202.029379 314.642539 585.332014
0.672443 82.435822 198.524616 309.692134 579.249627
0.681816 80.635014 195.027933 303.423090 567.737219
0.691320 78.885164 191.486143 298.830177 559.801742
0.700957 77.746500 188.690100 294.655249 552.484734
0.710728 75.728281 185.514938 290.105197 543.635912
0.720635 74.542454 182.722621 286.285199 538.906634
0.730680 73.006046 179.954880 281.668043 529.349815
0.740866 71.372379 176.453034 276.583443 522.288605
0.751193 69.841887 173.261379 272.412706 515.090591
0.761664 68.477012 170.183370 268.012375 508.302693
0.772281 67.543276 168.426896 264.872574 500.827424
0.783046 66.110478 165.219749 260.343162 494.089632
0.793962 64.851158 163.039299 256.808116 489.014902
0.805029 63.402412 160.014782 253.182787 482.314225
0.816251 62.270699 157.640355 248.794554 473.681726
0.827629 60.730020 154.485457 244.654312 467.405638
0.839166 59.939125 152.631661 241.106171 462.111547
0.850863 58.823618 149.969769 237.617504 455.561262
0.862724 57.503990 147.536939 233.917138 448.085193
0.874750 56.427212 145.008419 230.308623 441.969228
0.886943 55.422404 142.871853 227.008459 436.035532
0.899307 54.287732 140.557400 223.428420 429.567540
0.911843 53.413698 138.122030 219.556654 421.784302
0.924553 52.232122 135.747237 215.952409 416.874321
0.937441 51.219768 133.617300 213.024067 411.088407
0.950508 50.347140 131.469059 209.804147 405.042792
0.963758 49.259058 128.891716 205.978318 398.991073
0.977192 48.588795 128.050174 203.830910 393.440883
0.990814 47.633722 125.608411 200.443817 388.185169
1.004625 46.701379 123.241470 196.829206 381.324801
1.018629 45.896092 121.457951 193.935183 375.627690
1.032828 44.997995 119.469000 191.231292 371.461737
1.047225 44.102608 117.682861 188.035103 364.832592
1.061823 43.395286 116.013443 185.313422 359.331333
1.076624 42.568704 114.088948 182.383843 353.741932
1.091632 41.826776 112.204859 179.660459 348.212037
1.106848 41.010393 110.199877 176.776774 343.196595
1.122277 40.267507 108.590646 173.792992 337.422409
1.137921 39.524367 106.673388 171.023807 332.232682
1.153783 38.875109 104.965626 168.323101 327.372579
1.169866 38.168264 103.344645 165.658863 322.552061
1.186174 37.459276 101.778282 163.101521 317.293354
1.202708 36.840132 100.128324 160.576553 312.264906
1.219473 36.207437 98.590811 158.166175 307.006511
1.236472 35.550488 97.040115 155.779623 302.395508
1.253708 34.950031 95.414021 153.117204 297.801660
1.271184 34.349132 94.237506 151.108207 292.891714
1.288904 33.744340 92.368297 148.336447 288.554191
1.306870 33.115820 90.879386 145.942557 283.581598
1.325087 32.596346 89.476480 143.647133 278.612047
1.343558 32.032082 88.006165 141.278548 273.987934
1.362287 31.518386 86.528422 138.807112 269.425628
1.381276 30.964182 85.131057 136.327935 264.898261
1.400531 30.450284 83.758336 134.182190 260.067284
1.420053 29.903904 82.304546 132.042715 255.575718
1.439848 29.409993 81.038412 129.705961 251.269867
1.459919 28.873519 79.671556 127.523341 246.637057
1.480269 28.451610 78.236678 125.274331 241.943493
1.500903 27.959230 76.985058 123.089313 238.131431
1.521825 27.478824 75.808376 121.127928 233.786950
1.543038 27.002698 74.518419 119.158759 229.799729
1.564548 26.590892 73.276854 117.052566 225.476325
1.586357 26.147284 72.127830 115.071931 221.276994
1.608469 25.684904 70.930139 113.085473 217.438420
1.630891 25.333876 69.605633 110.904771 213.073568
1.653624 24.872382 68.414436 109.076009 209.398624
1.676675 24.456222 67.369948 107.218020 205.258041
1.700047 24.038845 66.214034 105.262494 201.401834
1.723745 23.653910 65.044020 103.352949 197.279157
1.747773 23.236131 63.883589 101.435857 193.468162
1.772136 22.853570 62.768339 99.562359 189.866239
1.796838 22.486936 61.661689 97.769536 186.071840
1.821885 22.135579 60.571158 95.919496 182.444473
1.847281 21.766806 59.604521 94.242114 178.827705
1.873032 21.410710 58.488787 92.337902 175.307567
1.899141 21.047643 57.409228 90.666761 171.814305
1.925614 20.715041 56.418901 88.991318 168.251138
1.952456 20.429562 55.461828 87.336488 164.800974
1.979672 20.047302 54.496823 85.699424 161.444696
2.007267 19.743873 53.490553 83.926524 158.173427
2.035248 19.389516 52.468127 82.280548 154.785335
2.063618 19.066684 51.473186 80.687773 151.458616
2.092383 18.756077 50.523213 79.059595 148.261300
2.121550 18.433181 49.550314 77.482149 145.006518
2.151123 18.131249 48.620849 75.888050 141.812669
2.181109 17.823534 47.675202 74.373869 138.807315
2.211512 17.525439 46.731845 72.803763 135.593816
2.242340 17.233848 45.870087 71.334255 132.658095
2.273597 16.925201 44.968879 69.792518 129.710263
2.305289 16.661433 44.090505 68.375840 126.839152
2.337424 16.377167 43.205663 66.926210 124.025473
2.370006 16.097933 42.357603 65.548789 121.283900
2.403043 15.812487 41.522775 64.126517 118.498838
2.436540 15.554412 40.706606 62.774652 115.790373
2.470504 15.286918 39.898207 61.401373 113.124656
2.504942 15.023219 39.104945 60.091224 110.521726
2.539859 14.771604 38.289373 58.755158 107.915561
2.575263 14.500086 37.484199 57.504632 105.425041
2.611161 14.255149 36.700281 56.185823 102.935435
2.647559 14.003298 35.922287 54.901622 100.443235
2.684465 13.756848 35.185871 53.657016 98.033554
2.721885 13.500598 34.404043 52.445715 95.670890
2.759826 13.259946 33.646321 51.231451 93.367279
2.798297 13.019378 32.938382 50.060611 91.145540
2.837304 12.785826 32.216387 48.903690 88.915124
2.876854 12.552156 31.505568 47.762897 86.757480
2.916956 12.325498 30.825295 46.650871 84.616426
2.957617 12.105468 30.153702 45.578347 82.555812
2.998844 11.882416 29.493419 44.503737 80.521088
3.040646 11.664049 28.831036 43.455690 78.587353
3.083031 11.448664 28.181908 42.426427 76.641996
3.126007 11.239887 27.552465 41.413026 74.718168
3.169582 11.025561 26.910254 40.401149 72.851628
3.213764 10.816092 26.293423 39.418903 71.020400
3.258562 10.605158 25.692385 38.455212 69.220101
3.303985 10.399874 25.080564 37.508060 67.462540
3.350041 10.199918 24.482943 36.567917 65.730062
3.396739 9.995983 23.905323 35.666876 64.027611
3.444087 9.801997 23.328311 34.761663 62.384107
3.492096 9.609626 22.776999 33.898778 60.795622
3.540774 9.414995 22.235748 33.055428 59.235855
3.590130 9.229565 21.695780 32.217466 57.719777
3.640175 9.049073 21.174901 31.417667 56.229180
3.690917 8.865004 20.674000 30.615787 54.785282
3.742366 8.686145 20.163547 29.846390 53.392464
3.794533 8.513736 19.680203 29.093036 52.011753
3.847427 8.340043 19.193977 28.352266 50.677750
3.901058 8.165195 18.724610 27.630667 49.354534
3.955436 7.999506 18.258337 26.907885 48.058893
4.010573 7.829536 17.800725 26.217044 46.804955
4.066478 7.663485 17.349012 25.529703 45.564826
4.123163 7.498477 16.913769 24.859674 44.354893
4.180637 7.339087 16.485885 24.208606 43.172197
4.238913 7.180298 16.062399 23.567935 42.032839
4.298001 7.021654 15.652344 22.949156 40.912227
4.357913 6.873292 15.251003 22.348887 39.836496
4.418660 6.722049 14.865192 21.756730 38.787677
4.480254 6.574595 14.483520 21.185416 37.761500
4.542706 6.432113 14.111146 20.626406 36.762528
4.606029 6.290858 13.754037 20.086962 35.801723
4.670234 6.152038 13.402032 19.563419 34.863394
4.735335 6.016490 13.059847 19.048087 33.944000
4.801343 5.884383 12.726440 18.547841 33.044458
4.868271 5.752221 12.396812 18.055349 32.167069
4.936132 5.621953 12.073356 17.574072 31.309596
5.004939 5.493432 11.758387 17.103947 30.471129
5.074705 5.366473 11.448695 16.642603 29.653235
5.145444 5.243002 11.147448 16.196173 28.857319
5.217169 5.120519 10.852370 15.756664 28.075285
5.289893 5.002816 10.566834 15.336226 27.323143
5.363631 4.884766 10.287992 14.919869 26.588685
5.438397 4.771483 10.016093 14.519520 25.872539
5.514206 4.660068 9.752743 14.130290 25.180669
5.591071 4.550171 9.497358 13.751744 24.509065
5.669007 4.445101 9.248075 13.385444 23.858563
5.748030 4.341263 9.006871 13.027782 23.221987
5.828155 4.239769 8.771751 12.682121 22.605206
5.909396 4.140436 8.542562 12.344885 22.007345
5.991770 4.042728 8.318171 12.014364 21.423230
6.075292 3.947109 8.099949 11.693046 20.849346
6.159978 3.852643 7.885517 11.379331 20.290548
6.245845 3.760072 7.676080 11.072627 19.743613
6.332908 3.668883 7.470895 10.771830 19.208242
6.421186 3.580297 7.271617 10.479131 18.687900
6.510694 3.492947 7.077083 10.195275 18.182383
6.601449 3.408251 6.888489 9.919100 17.690280
6.693470 3.324994 6.704031 9.649684 17.211078
6.786773 3.244090 6.525597 9.388611 16.747367
6.881377 3.165708 6.352678 9.135540 16.295030
6.977300 3.089118 6.184902 8.891379 15.857779
7.074559 3.014779 6.021511 8.652399 15.432585
7.173175 2.941908 5.863263 8.421617 15.020552
7.273165 2.871280 5.709463 8.198081 14.619728
7.374549 2.802094 5.559514 7.979166 14.230478
7.477346 2.734190 5.413697 7.767323 13.849825
7.581576 2.668061 5.270303 7.559079 13.477988
7.687260 2.602874 5.130721 7.355847 13.115066
7.794416 2.539123 4.994187 7.156712 12.759590
7.903066 2.476755 4.860426 6.962643 12.412071
8.013230 2.415735 4.730967 6.774985 12.074710
8.124930 2.356121 4.604486 6.591515 11.745452
8.238187 2.298203 4.481334 6.412714 11.425617
8.353023 2.241669 4.361902 6.239702 11.114711
8.469460 2.186847 4.246137 6.071823 10.813038
8.587519 2.133507 4.133611 5.908815 10.520387
8.707225 2.081653 4.024326 5.750923 10.236794
8.828599 2.031347 3.918845 5.597940 9.960827
8.951665 1.982322 3.816324 5.449305 9.693963
9.076446 1.934729 3.716757 5.305501 9.434703
9.202967 1.888295 3.619857 5.165673 9.182101
9.331251 1.842902 3.525282 5.028924 8.935989
9.461324 0.000000 0.000000 0.000000 0.000000
9.593209 0.000000 0.000000 0.000000 0.000000
9.726934 0.000000 0.000000 0.000000 0.000000
9.862522 0.000000 0.000000 0.000000 0.000000
10.000000 0.000000 0.000000 0.000000 0.000000
