0.010000 5599.075290 10139.795106 14084.337646 22915.922869
0.010139 5628.498213 10186.711651 14151.120828 22987.985515
0.010281 5657.333167 10232.810513 14216.311799 23058.686063
0.010424 5685.552629 10278.101300 14279.986709 23128.648095
0.010569 5713.149019 10322.506842 14342.210915 23198.418983
0.010717 5740.108581 10366.114499 14402.899017 23268.609827
0.010866 5766.423870 10409.027037 14462.119636 23339.598314
0.011018 5792.068709 10451.224734 14519.964875 23412.067826
0.011171 5817.040847 10492.650472 14576.663262 23486.573514
0.011327 5841.315033 10533.315962 14632.228084 23563.501716
0.011485 5864.909508 10573.249371 14686.624150 23643.157084
0.011645 5887.799598 10612.433133 14739.744358 23725.625302
0.011807 5909.969634 10650.875478 14791.681185 23810.776352
0.011972 5931.401422 10688.548617 14842.618939 23898.520792
0.012139 5952.093826 10725.419514 14892.517101 23988.661723
0.012308 5972.033612 10761.449989 14941.278290 24080.898867
0.012479 5991.216067 10796.627645 14988.884469 24174.814029
0.012653 6009.646932 10830.935520 15035.354949 24269.814860
0.012830 6027.305048 10864.321956 15080.568888 24365.058862
0.013009 6044.177451 10896.731869 15124.465660 24459.821708
0.013190 6060.240666 10928.117570 15166.920520 24553.323820
0.013374 6075.489527 10958.408750 15207.882395 24644.716529
0.013560 6089.927745 10987.594702 15247.291944 24733.091214
0.013749 6103.539978 11015.582023 15284.958098 24817.556314
0.013941 6116.311373 11042.348106 15320.758822 24897.393278
0.014135 6128.222350 11067.839506 15354.580251 24971.744832
0.014332 6139.265006 11091.982446 15386.349853 25039.937829
0.014532 6149.428634 11114.733938 15415.923174 25101.280635
0.014735 6158.703790 11136.041076 15443.262864 25155.221925
0.014940 6167.067868 11155.830817 15468.147506 25201.222021
0.015148 6174.554915 11174.213626 15490.558863 25239.338911
0.015359 6181.118981 11191.045195 15510.400610 25269.068186
0.015573 6186.728662 11206.221663 15527.561361 25289.923602
0.015791 6191.367045 11219.699709 15542.039922 25301.878002
0.016011 6194.996826 11231.404552 15553.663439 25304.913322
0.016234 6197.607487 11241.290792 15562.170547 25299.081140
0.016460 6199.167118 11249.291187 15567.627789 25284.685981
0.016690 6199.678791 11255.377558 15570.011615 25261.899329
0.016922 6199.112980 11259.519840 15569.280487 25231.031587
0.017158 6197.453702 11261.614558 15565.342650 25192.349397
0.017397 6194.682181 11261.637686 15558.148911 25146.119822
0.017640 6190.764634 11259.491691 15547.639549 25092.654291
0.017886 6185.673830 11255.127991 15533.733031 25032.307578
0.018135 6179.393251 11248.465524 15516.356509 24965.432657
0.018388 6171.901824 11239.452218 15495.518082 24892.292320
0.018644 6163.171964 11228.065373 15471.129517 24813.196767
0.018904 6153.202378 11214.230391 15443.141479 24728.451584
0.019167 6141.975209 11197.882526 15411.533268 24638.174401
0.019435 6129.476578 11178.987901 15376.292464 24542.638031
0.019706 6115.669078 11157.452157 15337.259821 24441.912607
0.019980 6100.546007 11133.243754 15294.473214 24336.111731
0.020259 6084.099756 11106.343578 15247.836324 24225.339191
0.020541 6066.307577 11076.663774 15197.275919 24109.615872
0.020828 6047.154101 11044.191581 15142.805558 23988.797894
0.021118 6026.647716 11008.908112 15084.444001 23862.881601
0.021412 6004.862461 10970.942402 15022.268520 23731.976849
0.021711 5982.310768 10930.981435 14957.110012 23596.763070
0.022013 5958.379961 10888.171623 14888.005924 23456.381975
0.022320 5933.068380 10842.545046 14814.978534 23310.816882
0.022631 5906.396063 10794.087981 14738.133510 23159.966448
0.022947 5878.338336 10742.822647 14657.484346 23003.869440
0.023267 5848.909514 10688.796634 14573.117792 22842.589440
0.023591 5818.119959 10632.041449 14485.131250 22676.272818
0.023920 5785.988292 10572.623110 14393.662802 22505.020745
0.024253 5752.538287 10510.610681 14298.797070 22329.117233
0.024591 5717.754917 10446.024248 14200.697654 22148.649759
0.024934 5681.653765 10378.926227 14099.450606 21963.853052
0.025282 5644.254448 10309.399979 13995.227077 21775.018333
0.025634 5605.595928 10237.538689 13888.239635 21582.477345
0.025991 5565.707916 10163.436334 13778.637090 21386.585583
0.026354 5524.606798 10087.154158 13666.553690 21187.694322
0.026721 5482.313023 10008.767121 13552.188972 20986.133165
0.027094 5438.855227 9928.373603 13435.682540 20782.235178
0.027471 5394.261090 9846.029471 13317.184152 20576.393804
0.027854 5348.506315 9761.735545 13196.739571 20368.790735
0.028242 5301.362485 9675.174317 13074.043945 20159.317417
0.028636 5253.226565 9586.966350 12949.823091 19948.873681
0.029035 5204.138329 9497.203158 12824.204804 19737.750684
0.029440 5154.152222 9405.985036 12697.354012 19526.233797
0.029850 5103.308811 9313.393759 12569.370832 19314.558703
0.030266 5051.657299 9219.490944 12440.321967 19102.826619
0.030688 4999.236146 9124.375846 12310.303012 18891.237076
0.031116 4946.125186 9028.164335 12179.429368 18679.952048
0.031550 4892.389435 8930.979110 12047.858044 18469.087832
0.031990 4838.101553 8832.915282 11915.645898 18258.707659
0.032436 4783.330567 8734.084809 11782.863624 18048.909670
0.032888 4728.138752 8634.580939 11649.617763 17839.746779
0.033346 4672.590766 8534.510234 11515.980551 17631.188993
0.033811 4616.756627 8433.998923 11382.042549 17423.254474
0.034282 4560.710605 8333.157122 11247.903793 17215.993244
0.034760 4504.426932 8232.218449 11114.157182 17011.254180
0.035245 4448.085130 8131.203480 10980.433684 16807.289008
0.035736 4391.774696 8030.230563 10846.807628 16604.018209
0.036234 4335.561405 7929.423440 10713.357044 16401.432793
0.036739 4279.520928 7828.911180 10580.246757 16199.640543
0.037251 4223.738761 7728.817840 10447.564841 15998.689784
0.037771 4168.275428 7629.266508 10315.425966 15798.646228
0.038297 4113.225678 7530.362825 10183.976142 15599.553044
0.038831 4058.650019 7432.235069 10053.319094 15401.549389
0.039372 4004.613522 7334.990003 9923.617490 15204.744758
0.039921 3951.182762 7238.763350 9794.994349 15009.283489
0.040478 3898.425840 7143.619110 9667.490794 14815.079599
0.041042 3846.227550 7048.785806 9539.479281 14617.787538
0.041614 3794.844055 6955.311252 9413.006345 14422.447139
0.042194 3744.300322 6863.265619 9288.215853 14229.214859
0.042782 3694.650657 6772.744919 9165.242262 14038.268446
0.043379 3645.959378 6683.841396 9044.223519 13849.836945
0.043983 3598.285572 6596.647864 8925.314893 13664.166537
0.044596 3551.656624 6511.231111 8808.630407 13481.464790
0.045218 3506.099956 6427.647489 8694.290533 13301.897947
0.045848 3461.641057 6345.971869 8582.424401 13125.662633
0.046487 3418.301506 6266.243049 8473.109957 12952.940491
0.047135 3376.250193 6189.537899 8368.618732 12789.487821
0.047792 3335.440759 6115.460046 8268.137917 12633.156772
0.048459 3295.786301 6043.419852 8170.397813 12480.652825
0.049134 3257.292175 5973.419833 8075.430161 12332.017764
0.049819 3219.961016 5905.479142 7983.261550 12187.330862
0.050513 3183.770271 5839.587838 7893.896146 12046.611869
0.051218 3148.699776 5775.709592 7807.293377 11909.830705
0.051931 3114.721520 5713.797758 7723.427296 11776.917520
0.052655 3081.792494 5653.801137 7642.221155 11647.762544
0.053389 3049.630099 5594.742378 7561.850069 11518.303876
0.054134 3018.142980 5536.367643 7481.871039 11387.623094
0.054888 2987.571720 5479.695914 7404.256008 11260.309035
0.055653 2957.850855 5424.596307 7328.812665 11136.119533
0.056429 2928.860033 5370.856554 7255.235133 11014.608119
0.057216 2900.458710 5318.236476 7183.187938 10895.273790
0.058013 2872.662581 5266.750015 7112.675386 10778.162240
0.058822 2845.600590 5216.621819 7044.007731 10663.749039
0.059642 2819.447511 5168.490888 6978.383271 10554.795973
0.060473 2794.201702 5122.911331 6917.128934 10455.017539
0.061316 2769.001627 5077.382058 6855.910510 10355.263059
0.062171 2743.477598 5031.221962 6793.801072 10254.171446
0.063038 2717.563849 4984.290485 6730.601430 10151.505787
0.063916 2691.291488 4936.650356 6666.378053 10047.456609
0.064807 2664.698809 4888.349997 6601.193966 9942.200740
0.065711 2637.696963 4839.211445 6534.823716 9835.461101
0.066627 2608.910524 4784.741663 6459.121165 9709.167651
0.067555 2579.350438 4728.681655 6381.188549 9579.790085
0.068497 2548.935754 4670.938323 6300.950510 9447.486021
0.069452 2517.578598 4611.342545 6218.207090 9312.048193
0.070420 2485.199415 4549.760414 6132.750087 9173.244459
0.071402 2451.724917 4486.053495 6044.412349 9030.876288
0.072397 2417.358133 4420.863236 5954.396593 8887.887946
0.073406 2382.095818 4354.237631 5862.841928 8744.678623
0.074429 2345.580611 4285.207477 5768.036863 8597.422539
0.075467 2307.798431 4213.785189 5669.996720 8446.148274
0.076519 2268.760507 4140.003559 5568.769499 8290.927497
0.077585 2228.501268 4063.944843 5464.466671 8131.920748
0.078667 2187.931611 3988.438706 5362.073169 7979.451904
0.079763 2147.653199 3915.321378 5264.750204 7839.968832
0.080875 2106.320066 3840.216714 5164.648034 7696.812392
0.082003 2064.040629 3763.350741 5062.078322 7550.339237
0.083146 2020.959350 3685.004335 4957.392132 7401.037477
0.084305 1977.246543 3605.479847 4850.997290 7249.423116
0.085480 1932.321179 3522.575804 4738.810245 7086.585159
0.086671 1886.788052 3438.105367 4623.892903 6918.563830
0.087880 1841.217671 3353.693114 4508.969067 6750.667797
0.089105 1795.835887 3269.728776 4394.576214 6583.613538
0.090347 1750.873109 3186.630305 4281.259687 6418.169994
0.091606 1707.270121 3107.157712 4173.659212 6263.441477
0.092883 1665.153180 3031.443094 4071.821599 6119.139123
0.094178 1624.033669 2957.629944 3972.363232 5978.064854
0.095490 1584.125521 2886.092850 3875.804446 5840.939906
0.096822 1545.623272 2817.180463 3782.610146 5708.451390
0.098171 1509.026692 2752.283937 3695.089291 5585.150213
0.099540 1474.268393 2690.987807 3612.377909 5469.026566
0.100927 1441.357865 2633.116659 3534.089985 5359.071388
0.102334 1410.390641 2578.839091 3460.479828 5255.668251
0.103761 1380.774563 2526.311850 3388.377213 5152.402715
0.105207 1350.775819 2470.234612 3308.820864 5031.282238
0.106673 1322.947862 2418.265575 3234.789316 4918.287331
0.108160 1297.248168 2370.043475 3166.172429 4813.248529
0.109668 1273.588854 2325.985987 3102.751410 4715.872178
0.111197 1252.051368 2286.218158 3045.161156 4626.751509
0.112747 1232.305089 2249.863104 2992.159189 4544.362706
0.114318 1214.167147 2216.561836 2943.284054 4468.020122
0.115912 1197.444417 2186.225344 2898.047577 4396.980758
0.117528 1182.645926 2160.019698 2859.321483 4336.824207
0.119166 1168.802412 2135.758220 2823.274742 4280.647709
0.120827 1155.587830 2112.747031 2789.001606 4226.991761
0.122511 1142.676412 2090.351487 2755.654383 4174.584017
0.124219 1129.348819 2066.954033 2720.990309 4120.303130
0.125951 1115.776587 2043.201322 2686.025362 4065.448227
0.127706 1101.688384 2018.594182 2650.114241 4009.081808
0.129487 1087.144366 1993.424309 2613.656661 3951.464940
0.131292 1071.964947 1967.378838 2576.247676 3891.955239
0.133122 1055.600169 1939.222330 2536.303555 3828.601265
0.134977 1037.966293 1908.811222 2493.733703 3761.443674
0.136859 1020.193805 1880.198224 2455.940142 3707.833473
0.138766 1000.995214 1848.945555 2414.867003 3649.144504
0.140701 980.435270 1815.102735 2370.628931 3585.554480
0.142662 959.614276 1781.193138 2326.525772 3521.233307
0.144651 937.993288 1745.823738 2280.689617 3454.002300
0.146667 915.470952 1708.597640 2232.595491 3383.336698
0.148711 890.420661 1664.700573 2174.893085 3296.559608
0.150784 863.853424 1616.631535 2111.198850 3199.776489
0.152886 837.459538 1568.745530 2047.938241 3103.859891
0.155018 813.593653 1527.603026 1995.334646 3027.544122
0.157178 791.894459 1491.825923 1950.983582 2966.010781
0.159369 771.151463 1457.501282 1908.606226 2907.334247
0.161591 752.212540 1426.653414 1871.006408 2855.936275
0.163843 734.960609 1398.852170 1837.446145 2810.726061
0.166127 719.272851 1373.673000 1807.394488 2770.773330
0.168443 701.863007 1341.968858 1766.905576 2712.113994
0.170791 685.822245 1312.282752 1728.903394 2657.095161
0.173172 671.971799 1286.908688 1696.798822 2611.194702
0.175586 661.619917 1269.443865 1675.786534 2582.201247
0.178033 652.598389 1254.291213 1657.900635 2558.146924
0.180515 642.708956 1234.818275 1632.382138 2518.508653
0.183031 632.438540 1212.975052 1602.610448 2470.130837
0.185583 622.696604 1192.252449 1574.698132 2425.480727
0.188169 613.485818 1173.936119 1551.808842 2392.963429
0.190792 604.052786 1155.053481 1528.223129 2359.455522
0.193452 593.553420 1133.758643 1501.537294 2322.300436
0.196149 582.118969 1110.501069 1472.305139 2281.522285
0.198883 571.095394 1088.829764 1445.513936 2244.259215
0.201655 560.984282 1070.107214 1423.114350 2213.498910
0.204466 549.669646 1048.774745 1397.076552 2176.699147
0.207316 536.601710 1022.689868 1363.638257 2126.542604
0.210206 522.765373 995.174008 1328.287737 2073.277382
0.213136 512.661986 979.648576 1312.325108 2054.948405
0.216107 502.422560 963.991205 1296.255297 2036.374713
0.219120 489.069841 940.020635 1268.110899 2000.074240
0.222174 475.426959 914.965617 1238.184300 1960.836452
0.225271 463.014695 892.920571 1212.570713 1927.858241
0.228411 451.704286 873.207391 1190.093001 1899.336626
0.231595 441.832947 855.304636 1168.411295 1867.030745
0.234823 433.203892 839.523847 1149.010471 1836.469402
0.238097 423.344792 819.924771 1123.816938 1797.532282
0.241416 413.977190 801.036549 1099.413003 1759.924958
0.244781 404.815777 783.031916 1076.607071 1724.720501
0.248193 396.336082 766.589138 1055.936644 1692.709901
0.251653 391.596198 758.823432 1047.159563 1678.333950
0.255161 385.903121 748.881697 1035.294386 1659.461456
0.258717 376.793984 730.969001 1012.209870 1624.451600
0.262324 369.205271 717.433525 995.635631 1599.653418
0.265980 363.199387 708.502504 985.950325 1585.650230
0.269688 354.799754 694.397557 968.261684 1558.224983
0.273447 345.440268 677.612925 947.625641 1525.966012
0.277259 338.366571 667.350281 936.709191 1512.154620
0.281124 330.609607 655.177930 922.892989 1494.750107
0.285043 322.255575 641.042294 906.063224 1474.116202
0.289016 314.522991 629.257238 892.361765 1453.766008
0.293045 307.253622 618.032181 878.603810 1430.977409
0.297130 300.313768 605.657005 860.964995 1398.411981
0.301271 294.002576 595.909659 849.017880 1379.283812
0.305471 287.935341 586.905360 838.737134 1364.674944
0.309729 280.800955 574.714847 823.446992 1342.683020
0.314047 274.456770 562.858606 806.833976 1313.607924
0.318424 268.948988 552.797501 792.633309 1288.335717
0.322863 264.650374 546.688927 785.480131 1278.820897
0.327363 258.482025 535.041514 768.934473 1250.995644
0.331927 252.039107 523.229673 752.804655 1225.773075
0.336554 245.839380 512.855766 739.703869 1207.712442
0.341245 241.421058 507.735935 733.796850 1197.097654
0.346002 236.418053 500.120229 723.921737 1182.236084
0.350825 231.378247 491.522961 712.237881 1164.355113
0.355715 226.397300 482.521780 699.727495 1144.620136
0.360673 220.622689 472.251269 685.801314 1124.335803
0.365701 213.785509 459.126423 667.393580 1098.219795
0.370799 208.274540 448.350797 652.153664 1075.370043
0.375968 203.275782 438.498848 638.054676 1054.164949
0.381208 198.207592 428.883597 624.418190 1034.181842
0.386522 193.924332 421.973614 615.464665 1019.731850
0.391910 189.651678 411.662012 599.266150 997.643990
0.397373 184.810544 402.939990 587.655186 980.178711
0.402912 180.818443 395.970813 577.397385 962.880334
0.408529 176.792614 386.692630 563.552648 943.812862
0.414223 171.938859 375.972515 548.708250 925.769096
0.419997 167.102776 366.645458 536.138649 908.513883
0.425852 163.083101 358.262413 523.738607 889.056112
0.431788 158.863421 349.094911 509.872852 869.323501
0.437807 155.134704 340.808511 497.711881 851.309221
0.443910 151.943943 334.772341 489.618676 843.516334
0.450097 147.337598 325.175055 476.139941 825.222325
0.456372 143.456096 316.354142 463.181766 804.706060
0.462733 140.793387 311.664940 457.311297 799.686842
0.469183 136.764284 302.827275 444.480290 780.446061
0.475724 133.722760 296.172745 435.183266 768.378352
0.482355 129.760953 287.374693 422.731197 753.163516
0.489079 126.514044 280.400625 413.098981 740.000455
0.495896 123.913517 274.809615 404.567329 726.871486
0.502809 120.623135 268.487004 395.896666 715.917169
0.509818 117.903788 263.023429 388.026785 703.016827
0.516924 115.405276 257.950729 381.122114 695.271956
0.524130 111.217780 250.319493 371.582295 684.708573
0.531436 108.845235 246.291877 366.078569 677.540031
0.538844 106.188160 240.316257 357.324060 665.470314
0.546355 103.898233 235.757669 350.672128 655.733801
0.553971 100.726382 230.057208 343.438999 645.471131
0.561693 98.543383 225.870278 337.587959 637.534831
0.569523 96.206816 222.024047 332.842191 628.867445
0.577461 93.685923 216.456279 324.793584 617.760809
0.585511 91.660099 212.873580 319.435203 609.134846
0.593673 89.233476 207.608976 312.356499 598.611222
0.601948 87.409066 205.011240 308.325510 591.349112
0.610339 85.042544 201.157437 303.447848 582.684238
0.618847 82.863383 197.699162 300.362513 580.272037
0.627473 81.216309 194.005744 294.245666 569.644409
0.636220 79.311175 190.954213 289.889064 560.441440
0.645088 77.205458 187.425967 285.241403 551.726265
0.654081 75.387669 183.453047 279.436127 542.299200
0.663198 73.492462 180.700795 276.617448 536.345595
0.672443 71.891336 177.528950 272.348116 530.070447
0.681816 70.140968 174.394885 267.033302 518.810609
0.691320 68.452493 171.197309 263.108110 510.771507
0.700957 67.304323 168.691132 259.564522 503.176787
0.710728 65.402282 165.774892 255.655688 494.143772
0.720635 64.232628 163.244657 252.350555 488.688927
0.730680 62.763230 160.701415 248.374641 478.863590
0.740866 61.231512 157.486759 243.895032 471.026902
0.751193 59.788711 154.523060 240.158213 463.215423
0.761664 58.506900 151.649026 236.226685 455.540780
0.772281 57.584292 149.942412 233.393942 447.391779
0.783046 56.257563 146.899149 229.254283 439.745771
0.793962 55.078057 144.739737 225.969714 433.547131
0.805029 53.749074 141.801811 222.513792 425.922513
0.816251 52.692497 139.448765 218.435127 416.538530
0.827629 51.301998 136.346458 214.471875 409.227150
0.839166 50.544977 134.418780 211.077805 402.814928
0.850863 49.532487 131.707097 207.621237 395.312900
0.862724 48.334747 129.191024 204.002159 387.030721
0.874750 47.358256 126.573344 200.401464 379.940991
0.886943 46.439952 124.278642 197.085878 373.005719
0.899307 45.421015 121.813492 193.504427 365.709028
0.911843 44.627021 119.258322 189.674192 357.354811
0.924553 43.577818 116.725621 186.062424 351.434722
0.937441 42.676412 114.408061 183.034539 344.934234
0.950508 41.893073 112.100332 179.790586 338.259488
0.963758 40.943921 109.413190 176.008140 331.684770
0.977192 40.337636 108.230277 173.769343 325.654628
0.990814 39.505168 105.705824 170.418668 319.967697
1.004625 38.704489 103.267668 166.928307 313.027357
1.018629 38.008538 101.336055 164.103913 307.218030
1.032828 37.242568 99.255457 161.418992 302.783622
1.047225 36.480267 97.378486 158.415521 296.439777
1.061823 35.875860 95.628759 155.820146 291.105855
1.076624 35.181325 93.680996 153.069017 285.834763
1.091632 34.559322 91.802433 150.535519 280.732396
1.106848 33.876508 89.862213 147.879201 276.122126
1.122277 33.256680 88.267967 145.211559 271.021655
1.137921 32.640712 86.465002 142.728394 266.476780
1.153783 32.105808 84.855936 140.328869 262.317068
1.169866 31.527787 83.348655 138.002128 258.243020
1.186174 30.946248 81.910554 135.799427 253.926207
1.202708 30.440640 80.441362 133.640843 249.855300
1.219473 29.928635 79.097044 131.602516 245.716700
1.236472 29.399503 77.759280 129.610719 242.140292
1.253708 28.915018 76.405394 127.427220 238.635476
1.271184 28.434426 75.429715 125.812610 234.932708
1.288904 27.952281 73.940732 123.548289 231.731124
1.306870 27.453393 72.756868 121.653873 228.099097
1.325087 27.042832 71.682266 119.840084 224.465136
1.343558 26.592951 70.571992 117.982937 221.141966
1.362287 26.186716 69.477542 116.052774 217.878109
1.381276 25.744939 68.465492 114.141126 214.678203
1.400531 25.341916 67.481887 112.510510 211.242255
1.420053 24.908342 66.452184 110.888460 208.125303
1.439848 24.520196 65.595912 109.123898 205.136275
1.459919 24.095979 64.659893 107.501686 201.899628
1.480269 23.768608 63.690451 105.824840 198.626356
1.500903 23.382122 62.873716 104.217021 196.069249
1.521825 23.005375 62.134394 102.812325 193.086684
1.543038 22.633052 61.305273 101.403641 190.425247
1.564548 22.318409 60.526369 99.898276 187.475413
1.586357 21.978762 59.830929 98.510270 184.632815
1.608469 21.622311 59.096648 97.132622 182.087464
1.630891 21.361891 58.261710 95.580473 179.112109
1.653624 21.006648 57.533090 94.325073 176.693276
1.676675 20.690377 56.927306 93.062858 173.886550
1.700047 20.375304 56.219912 91.707899 171.276405
1.723745 20.087096 55.497179 90.386322 168.443040
1.747773 19.771487 54.774975 89.053710 165.869404
1.772136 19.486229 54.089701 87.763295 163.426314
1.796838 19.213279 53.398582 86.532036 160.814717
1.821885 18.957308 52.714412 85.238525 158.301633
1.847281 18.685265 52.132001 84.092702 155.787662
1.873032 18.424326 51.410643 82.728884 153.321062
1.899141 18.157812 50.705667 81.559840 150.854707
1.925614 17.918496 50.072882 80.375407 148.295436
1.952456 17.718638 49.464312 79.194978 145.799379
1.979672 17.438198 48.834772 78.019393 143.367710
2.007267 17.226337 48.160274 76.695403 140.952275
2.035248 16.967263 47.452148 75.465128 138.407844
2.063618 16.736236 46.756888 74.261938 135.875388
2.092383 16.513811 46.088063 73.001240 133.412350
2.121550 16.278631 45.385800 71.770198 130.845254
2.151123 16.061557 44.706558 70.496881 128.310556
2.181109 15.836305 44.000990 69.271053 125.902761
2.211512 15.618440 43.280230 67.973968 123.254158
2.242340 15.403120 42.624704 66.748957 120.837270
2.273597 15.171936 41.915359 65.439340 118.376217
2.305289 14.979247 41.216176 64.226298 115.958446
2.337424 14.764535 40.497613 62.968145 113.565305
2.370006 14.552417 39.799257 61.764835 111.215260
2.403043 14.332860 39.104284 60.506944 108.809374
2.436540 14.136966 38.418129 59.307942 106.466027
2.470504 13.929692 37.727881 58.078152 104.146705
2.504942 13.724658 37.043531 56.904842 101.880500
2.539859 13.527730 36.330059 55.697135 99.607516
2.575263 13.310398 35.615220 54.559716 97.431442
2.611161 13.114760 34.912179 53.358813 95.249611
2.647559 12.910256 34.209001 52.182893 93.059409
2.684465 12.709794 33.536697 51.043710 90.941289
2.721885 12.497331 32.816546 49.928120 88.866976
2.759826 12.298547 32.113694 48.806979 86.848618
2.798297 12.096959 31.454195 47.729070 84.902591
2.837304 11.901065 30.778998 46.659658 82.941480
2.876854 11.703783 30.110745 45.600850 81.051500
2.916956 11.512254 29.467305 44.571637 79.169255
2.957617 11.326331 28.833745 43.576261 77.361030
2.998844 11.137211 28.207725 42.576463 75.576155
3.040646 10.952015 27.580084 41.601325 73.879254
3.083031 10.769664 26.965817 40.641437 72.167747
3.126007 10.593547 26.370226 39.696667 70.469944
3.169582 10.411344 25.762928 38.746970 68.814614
3.213764 10.233589 25.178303 37.822132 67.183434
3.258562 10.053851 24.606692 36.910510 65.568020
3.303985 9.879196 24.026215 36.010354 63.981067
3.350041 9.708662 23.458348 35.110420 62.410275
3.396739 9.534778 22.909293 34.247873 60.852144
3.444087 9.369267 22.362241 33.376404 59.340024
3.492096 9.205231 21.839351 32.543066 57.873186
3.540774 9.038222 21.326296 31.727675 56.424393
3.590130 8.879760 20.814694 30.915275 55.007732
3.640175 8.725887 20.323703 30.138902 53.610160
3.690917 8.567915 19.851920 29.361813 52.252050
3.742366 8.414331 19.373176 28.614125 50.939007
3.794533 8.266884 18.922022 27.883915 49.636716
3.847427 8.117544 18.470484 27.167751 48.374424
3.901058 7.966612 18.036646 26.472187 47.122943
3.955436 7.823232 17.607014 25.775145 45.892576
4.010573 7.674947 17.187147 25.109636 44.700494
4.066478 7.529055 16.772937 24.447781 43.518087
4.123163 7.382992 16.376551 23.803693 42.361939
4.180637 7.240978 15.987881 23.178355 41.230137
4.238913 7.098499 15.604978 22.562803 40.136739
4.298001 6.954836 15.235688 21.968964 39.061122
4.357913 6.819913 14.875489 21.394127 38.025647
4.418660 6.681032 14.531678 20.827425 37.015522
4.480254 6.544806 14.191841 20.281253 36.026339
4.542706 6.412346 13.862467 19.747251 35.061859
4.606029 6.280154 13.547840 19.233247 34.134483
4.670234 6.149349 13.239106 18.734128 33.228190
4.735335 6.020891 12.939909 18.244070 32.341103
4.801343 5.895381 12.648967 17.769717 31.474660
4.868271 5.768867 12.361814 17.303910 30.630907
4.936132 5.643258 12.079499 16.848013 29.805863
5.004939 5.518527 11.803717 16.402890 29.000445
5.074705 5.394487 11.531123 15.965617 28.214363
5.145444 5.273083 11.264447 15.542594 27.451431
5.217169 5.152062 11.001828 15.125320 26.702817
5.289893 5.035006 10.745842 14.726820 25.986399
5.363631 4.916978 10.493962 14.330464 25.288892
5.438397 4.803328 10.245789 13.952235 24.612486
5.514206 4.691068 10.003399 13.583561 23.963926
5.591071 4.580134 9.765809 13.225313 23.339212
5.669007 4.473627 9.531471 12.879085 22.739335
5.748030 4.368294 9.302581 12.541561 22.158730
5.828155 4.265160 9.076820 12.216311 21.602579
5.909396 4.164241 8.854431 11.900240 21.071124
5.991770 4.065079 8.634337 11.591425 20.559225
6.075292 3.968139 8.418274 11.292789 20.063845
6.159978 3.872352 8.203205 11.001999 19.588086
6.245845 3.778289 7.990668 10.718290 19.128470
6.332908 3.685715 7.780155 10.440910 18.684306
6.421186 3.595715 7.573557 10.172014 18.258764
6.510694 3.506979 7.370020 9.912118 17.851236
6.601449 3.421055 7.170997 9.660591 17.459631
6.693470 3.336607 6.974951 9.416327 17.083392
6.786773 3.254713 6.784261 9.181178 16.723821
6.881377 3.175537 6.598648 8.954468 16.376624
6.977300 3.098314 6.417836 8.737436 16.045094
7.074559 3.023612 6.241508 8.526382 15.725345
7.173175 2.950599 6.070712 8.324358 15.417816
7.273165 2.880094 5.904939 8.130451 15.120339
7.374549 2.811387 5.743903 7.941770 14.832459
7.477346 2.744288 5.588029 7.761038 14.550745
7.581576 2.679280 5.435736 7.584672 14.274899
7.687260 2.615386 5.288246 7.413421 14.003585
7.794416 2.553116 5.144683 7.246210 13.734345
7.903066 2.492290 5.004984 7.083706 13.467538
8.013230 2.432919 4.870703 6.927321 13.205076
8.124930 2.375082 4.740414 6.774609 12.944533
8.238187 2.319028 4.614545 6.625747 12.687290
8.353023 2.264458 4.493505 6.482102 12.432512
8.469460 2.211677 4.377140 6.342627 12.180723
8.587519 2.160459 4.264966 6.207024 11.931726
8.707225 2.110813 4.156888 6.075470 11.685717
8.828599 2.062768 4.053401 5.947740 11.441231
8.951665 2.016098 3.953654 5.823151 11.200213
9.076446 1.970925 3.857476 5.702135 10.961391
9.202967 1.926993 3.764546 5.583865 10.723872
9.331251 1.884188 3.674367 5.467267 10.487765
9.461324 0.000000 0.000000 0.000000 0.000000
9.593209 0.000000 0.000000 0.000000 0.000000
9.726934 0.000000 0.000000 0.000000 0.000000
9.862522 0.000000 0.000000 0.000000 0.000000
10.000000 0.000000 0.000000 0.000000 0.000000
