0.010000 4891.708702 8724.196326 10962.135348 15361.716172
0.010139 4924.239441 8787.266043 11038.294002 15465.920422
0.010281 4956.314003 8849.393475 11113.742382 15566.400260
0.010424 4987.930338 8910.550289 11188.424968 15663.251901
0.010569 5019.066340 8970.709230 11262.322034 15756.649317
0.010717 5049.697313 9029.827476 11335.403919 15846.669984
0.010866 5079.810605 9087.868092 11407.594169 15933.407523
0.011018 5109.381222 9144.808889 11478.870666 16016.997573
0.011171 5138.402090 9200.614974 11549.219850 16097.547819
0.011327 5166.844964 9255.263243 11618.562883 16175.155075
0.011485 5194.698539 9308.695131 11686.866301 16249.904982
0.011645 5221.939088 9360.903159 11754.058958 16321.906578
0.011807 5248.544144 9411.840352 11820.115303 16391.265869
0.011972 5274.509166 9461.497056 11884.990694 16458.042010
0.012139 5299.808301 9509.830851 11948.639919 16522.334160
0.012308 5324.421810 9556.812865 12010.970696 16584.237664
0.012479 5348.328208 9602.422828 12071.973878 16643.791601
0.012653 5371.521939 9646.609383 12131.602717 16701.109123
0.012830 5393.982895 9689.376234 12189.772689 16756.255375
0.013009 5415.691120 9730.699868 12246.445457 16809.256062
0.013190 5436.631722 9770.521436 12301.573019 16860.210284
0.013374 5456.781061 9808.846008 12355.097699 16909.159929
0.013560 5476.138266 9845.637244 12406.989648 16956.159072
0.013749 5494.680872 9880.877932 12457.171922 17001.256437
0.013941 5512.391395 9914.549059 12505.595463 17044.477904
0.014135 5529.250422 9946.606810 12552.220474 17085.878474
0.014332 5545.244479 9977.047274 12596.959986 17125.446690
0.014532 5560.350228 10005.796715 12639.792803 17163.243395
0.014735 5574.545294 10032.877078 12680.612857 17199.210757
0.014940 5587.824081 10058.227369 12719.408340 17233.389107
0.015148 5600.260089 10082.036196 12756.328443 17266.116376
0.015359 5611.778477 10104.162386 12791.201289 17297.204029
0.015573 5622.329003 10124.484285 12823.892516 17326.500854
0.015791 5631.889029 10142.999849 12854.314999 17353.997033
0.016011 5640.443748 10159.666686 12882.410125 17379.633278
0.016234 5647.973314 10174.472052 12908.147966 17403.422351
0.016460 5654.465703 10187.362747 12931.460843 17425.318918
0.016690 5659.905823 10198.345246 12952.319358 17445.297726
0.016922 5664.276496 10207.395553 12970.665875 17463.336335
0.017158 5667.576294 10214.489221 12986.471659 17479.397825
0.017397 5669.776923 10219.611379 12999.689279 17493.413468
0.017640 5670.871787 10222.716591 13010.262108 17505.361161
0.017886 5670.843276 10223.799093 13018.143427 17515.143673
0.018135 5669.671690 10222.822550 13023.296489 17522.719416
0.018388 5667.343176 10219.770255 13025.675411 17528.015507
0.018644 5663.847755 10214.604969 13025.234742 17530.954051
0.018904 5659.173368 10207.319166 13021.939065 17531.469836
0.019167 5653.301916 10197.874768 13015.763052 17529.484326
0.019435 5646.222165 10186.273520 13006.653066 17524.923380
0.019706 5637.931746 10172.476590 12994.584761 17517.708739
0.019980 5628.416309 10156.485042 12979.553567 17507.784659
0.020259 5617.673365 10138.279519 12961.526609 17495.056668
0.020541 5605.696404 10117.860522 12940.481152 17479.470980
0.020828 5592.481854 10095.208174 12916.423914 17460.962071
0.021118 5578.035058 10070.341667 12889.352558 17439.461736
0.021412 5562.433905 10043.356629 12859.342548 17414.987999
0.021711 5546.105250 10014.834508 12826.982126 17387.725999
0.022013 5528.564401 9984.116045 12791.614445 17357.309518
0.022320 5509.793792 9951.196753 12753.248980 17323.689513
0.022631 5489.801715 9916.043836 12711.866692 17286.771252
0.022947 5468.578578 9878.695063 12667.468342 17246.485710
0.023267 5446.125752 9839.126665 12620.074527 17202.772158
0.023591 5422.457569 9797.349188 12569.677234 17155.569541
0.023920 5397.573480 9753.370194 12516.307634 17104.834706
0.024253 5371.481934 9707.216495 12459.977928 17050.524814
0.024591 5344.201377 9658.899849 12400.710397 16992.597577
0.024934 5315.732406 9608.446253 12338.576246 16931.029563
0.025282 5286.106521 9555.899010 12273.588789 16865.843754
0.025634 5255.346335 9501.290447 12205.839388 16797.028522
0.025991 5223.473532 9444.661125 12135.351695 16724.592016
0.026354 5190.517832 9386.077041 12062.207963 16648.571621
0.026721 5156.516989 9325.589198 11986.519934 16569.025253
0.027094 5121.507836 9263.276081 11908.350938 16486.022533
0.027471 5085.532256 9199.214337 11827.822932 16399.617501
0.027854 5048.559531 9133.355251 11744.892382 16309.747520
0.028242 5010.341948 9065.330185 11659.164594 16215.992909
0.028636 4971.237185 8995.692947 11571.258803 16118.910327
0.029035 4931.273460 8924.491392 11481.248607 16018.564419
0.029440 4890.485024 8851.785639 11389.197829 15915.041257
0.029850 4848.899212 8777.632874 11295.219072 15808.365063
0.030266 4806.561332 8702.100502 11199.376063 15698.636966
0.030688 4763.505783 8625.272232 11101.761731 15585.951905
0.031116 4719.788912 8547.217647 11002.508004 15470.426503
0.031550 4675.451162 8468.038835 10901.727168 15352.189852
0.031990 4630.556906 8387.832868 10799.560724 15231.411644
0.032436 4585.170534 8306.720190 10696.130478 15108.255541
0.032888 4539.346488 8224.800982 10591.607025 14982.888406
0.033346 4493.167103 8142.218070 10486.170638 14855.564988
0.033811 4446.714713 8059.121415 10379.991668 14726.496495
0.034282 4400.063671 7975.643727 10273.269724 14595.935133
0.034760 4353.237507 7892.117875 10166.714200 14465.831832
0.035245 4306.347387 7808.446994 10059.926635 14334.670672
0.035736 4259.432715 7724.717965 9952.988418 14202.560873
0.036234 4212.532850 7640.979955 9845.980637 14069.604025
0.036739 4165.696064 7557.330817 9739.014528 13935.951137
0.037251 4118.956622 7473.830668 9632.196160 13801.736061
0.037771 4072.371640 7390.575101 9525.611692 13667.132649
0.038297 4025.987207 7307.654513 9419.409926 13532.287861
0.038831 3979.856312 7225.161224 9313.693262 13397.407846
0.039372 3934.032864 7143.196608 9208.596335 13262.652508
0.039921 3888.579668 7061.862956 9104.253604 13128.269878
0.040478 3843.543497 6981.218638 9000.709783 12994.191484
0.041042 3798.762623 6900.407392 8896.247443 12856.358022
0.041614 3754.546867 6820.602104 8793.027963 12719.569597
0.042194 3710.983656 6741.929245 8691.214918 12584.129602
0.042782 3668.130432 6664.510156 8590.968879 12450.246111
0.043379 3626.038582 6588.434505 8492.387266 12318.099099
0.043983 3584.722499 6513.734718 8395.513119 12187.772026
0.044596 3544.199477 6440.428790 8300.381413 12059.319315
0.045218 3504.488721 6368.555018 8207.032881 11932.814898
0.045848 3465.599368 6298.126041 8115.495273 11808.332760
0.046487 3427.547455 6229.173800 8025.802122 11685.927324
0.047135 3390.547724 6162.891405 7940.296091 11571.206845
0.047792 3354.531267 6098.821732 7858.057808 11461.979916
0.048459 3319.380068 6036.268265 7777.710290 11354.953510
0.049134 3285.097868 5975.234956 7699.257898 11250.111453
0.049819 3251.678334 5915.718484 7622.687060 11147.505884
0.050513 3219.102045 5857.669292 7547.951397 11047.060599
0.051218 3187.343482 5801.049958 7474.986535 10948.708422
0.051931 3156.378019 5745.810601 7403.733875 10852.371529
0.052655 3126.163916 5691.879625 7334.104928 10757.941666
0.053389 3096.409944 5638.246557 7264.322975 10661.552020
0.054134 3067.027773 5584.662479 7193.966088 10562.350433
0.054888 3038.255569 5532.128950 7124.920334 10464.633230
0.055653 3010.057073 5480.577696 7057.081788 10368.279787
0.056429 2982.328718 5429.823003 6990.206393 10272.930702
0.057216 2955.007849 5379.737480 6924.139245 10178.344410
0.058013 2927.963401 5330.113174 6858.621986 10084.199049
0.058822 2901.258835 5281.070408 6793.831432 9990.827924
0.059642 2874.912456 5233.004934 6730.632755 9900.479715
0.060473 2849.245051 5187.109283 6671.167135 9817.969234
0.061316 2823.419685 5140.832370 6611.124880 9734.156463
0.062171 2797.475026 5094.239045 6550.612985 9649.206397
0.063038 2771.273648 5047.105254 6489.335766 9562.752745
0.063916 2744.760389 4999.341977 6427.203652 9474.692407
0.064807 2717.801381 4950.703097 6363.906341 9384.588837
0.065711 2690.293712 4901.001166 6299.194452 9292.059691
0.066627 2660.901194 4845.789697 6225.324911 9179.986001
0.067555 2630.751348 4789.085894 6149.446568 9064.444626
0.068497 2599.807226 4730.877048 6071.624380 8945.750958
0.069452 2567.989421 4671.037870 5991.697825 8823.696233
0.070420 2535.248704 4609.475321 5909.540872 8698.093222
0.071402 2501.522660 4546.084155 5825.056060 8568.787357
0.072397 2467.016775 4481.483876 5739.315287 8438.455559
0.073406 2431.751883 4415.769531 5652.524402 8307.582586
0.074429 2395.433161 4348.099088 5563.237093 8172.797586
0.075467 2358.062034 4278.489973 5471.476351 8034.148301
0.076519 2319.672483 4207.003703 5377.347648 7891.801038
0.077585 2280.305800 4133.726238 5280.953237 7745.929895
0.078667 2240.918199 4061.628289 5187.232783 7606.641266
0.079763 2202.151278 3992.616098 5099.349140 7480.305293
0.080875 2162.587556 3922.081159 5009.478834 7350.718329
0.082003 2122.343510 3850.231822 4917.902991 7218.281910
0.083146 2081.547201 3777.307194 4824.929020 7083.461821
0.084305 2040.340329 3703.563607 4730.889478 6946.769725
0.085480 1997.935832 3626.203784 4630.986992 6798.312759
0.086671 1955.027481 3547.259499 4528.518779 6644.555430
0.087880 1912.243212 3468.552793 4426.408884 6491.212334
0.089105 1869.770379 3390.418097 4325.085252 6338.944865
0.090347 1827.782522 3313.190101 4224.990173 6188.392118
0.091606 1787.199024 3239.509880 4130.327676 6047.640018
0.092883 1748.105152 3169.433437 4041.073909 5916.407169
0.094178 1709.980025 3101.086722 3954.044400 5788.267762
0.095490 1672.974926 3034.749076 3869.601421 5663.776531
0.096822 1637.236236 2970.690286 3788.090373 5543.453881
0.098171 1603.213303 2910.210250 3711.609676 5431.401141
0.099540 1570.794898 2852.801687 3639.221172 5325.592245
0.100927 1539.944106 2798.217974 3570.459960 5224.958003
0.102334 1510.710614 2746.561171 3505.456633 5129.700672
0.103761 1482.428964 2695.796288 3440.928382 5033.509406
0.105207 1453.194010 2640.227638 3367.715584 4918.889006
0.106673 1425.652375 2587.840458 3298.683745 4810.553291
0.108160 1399.739367 2538.501566 3233.666367 4708.237289
0.109668 1375.351400 2492.024748 3172.414204 4611.567138
0.111197 1352.809086 2449.483205 3116.545862 4522.847710
0.112747 1331.532210 2409.336864 3063.835129 4438.867574
0.114318 1311.320029 2371.186389 3013.773546 4358.865447
0.115912 1291.973891 2334.667151 2965.880403 4282.131148
0.117528 1274.335973 2302.428211 2924.433999 4216.631857
0.119166 1257.202347 2271.235388 2884.475193 4153.509129
0.120827 1240.252517 2240.406681 2845.044476 4091.232269
0.122511 1223.209229 2209.423769 2805.496431 4028.947866
0.124219 1205.534104 2177.156248 2764.450192 3965.408354
0.125951 1187.378731 2144.046245 2722.396409 3900.502375
0.127706 1168.553950 2109.745161 2678.883752 3833.603811
0.129487 1149.205703 2074.632066 2634.342082 3764.828414
0.131292 1129.262428 2038.591594 2588.606927 3693.887967
0.133122 1108.290314 2000.699230 2540.572009 3619.823076
0.134977 1086.300360 1961.022100 2490.360486 3542.976234
0.136859 1064.488887 1923.718593 2445.378277 3479.775551
0.138766 1041.686953 1884.552982 2397.988126 3413.115482
0.140701 1018.021635 1843.750212 2348.472135 3343.407476
0.142662 994.438657 1803.170048 2298.881507 3271.834282
0.144651 970.589870 1762.063581 2248.469621 3198.599487
0.146667 946.448054 1720.342210 2197.229027 3124.289927
0.148711 920.090427 1672.628425 2137.141214 3036.061896
0.150784 892.586750 1621.558039 2071.984742 2939.883369
0.152886 865.740737 1571.753156 2008.473809 2846.353370
0.155018 841.893046 1529.553880 1956.239352 2771.771763
0.157178 820.555687 1493.377975 1912.737914 2711.571972
0.159369 800.376184 1459.217170 1871.738677 2654.953580
0.161591 782.119422 1428.915424 1835.823807 2605.798830
0.163843 765.512804 1401.731630 1803.927461 2562.477937
0.166127 750.323361 1377.059923 1775.186809 2523.674477
0.168443 733.131690 1345.968267 1736.500149 2468.707782
0.170791 716.938149 1316.397494 1699.554095 2416.124784
0.173172 702.620986 1290.715431 1667.796531 2371.129338
0.175586 691.766892 1273.112680 1647.237360 2342.336233
0.178033 681.724154 1256.977517 1628.535457 2316.322584
0.180515 670.349514 1236.063425 1601.774960 2275.733603
0.183031 658.170367 1212.296925 1570.203890 2226.584832
0.185583 646.199208 1189.241289 1539.863996 2180.153735
0.188169 634.705888 1168.893219 1514.962879 2145.929243
0.190792 622.876646 1147.889586 1489.139557 2110.535071
0.193452 609.869742 1124.331515 1459.908627 2071.297041
0.196149 596.033484 1099.109163 1428.437419 2029.298455
0.198883 582.866961 1075.855792 1399.672133 1990.931148
0.201655 570.950150 1055.963749 1375.515352 1958.738359
0.204466 558.271634 1034.298297 1348.742689 1922.658378
0.207316 544.012151 1007.916725 1314.462486 1874.313607
0.210206 529.603820 981.227512 1279.720472 1825.451639
0.213136 519.504404 967.010153 1264.080876 1806.962434
0.216107 509.830107 953.631767 1249.526893 1790.190081
0.219120 497.199095 932.330398 1223.858685 1759.655536
0.222174 484.500108 910.282593 1196.927997 1727.702703
0.225271 473.302259 891.569985 1174.532031 1701.692349
0.228411 463.240524 875.098569 1155.040263 1679.620329
0.231595 454.699352 860.484589 1136.365758 1654.488339
0.234823 447.273940 847.596955 1119.358067 1630.361679
0.238097 438.344909 830.547946 1096.614521 1599.774626
0.241416 429.502117 813.315022 1073.526769 1569.181269
0.244781 420.631311 796.560581 1051.570949 1540.370642
0.248193 412.132755 780.600632 1030.667837 1513.082851
0.251653 407.487347 773.283915 1021.083425 1501.316111
0.255161 401.621954 763.137659 1007.683007 1484.614787
0.258717 392.123062 744.602986 983.136026 1453.553956
0.262324 384.239651 730.301050 964.518289 1430.861672
0.265980 378.120615 720.609320 952.345024 1417.280915
0.269688 369.636879 705.312347 932.364697 1391.481522
0.273447 360.471074 688.415126 910.175855 1362.282994
0.277259 353.983641 678.117103 897.703468 1350.157041
0.281124 347.050158 666.290968 883.144977 1336.270004
0.285043 339.634157 652.660731 866.172988 1320.722309
0.289016 333.269108 642.126375 852.831537 1305.084075
0.293045 327.493714 632.322334 839.661315 1287.550998
0.297130 322.092450 621.326125 822.912709 1262.202105
0.301271 317.345700 613.280114 812.111323 1249.167210
0.305471 312.636002 605.769702 802.811621 1240.043585
0.309729 306.539967 594.836410 788.977512 1225.382023
0.314047 301.075818 583.587723 772.809260 1201.926267
0.318424 296.348311 573.898625 758.645676 1181.204882
0.322863 292.924117 568.548639 751.859345 1176.006870
0.327363 287.137939 556.791446 735.267923 1152.598853
0.331927 281.052483 545.019136 719.442530 1131.942349
0.336554 275.341808 535.094340 707.105249 1118.553699
0.341245 271.856922 530.881976 701.691150 1111.466061
0.346002 267.844650 524.485742 693.280550 1101.618274
0.350825 263.914677 517.460071 683.859442 1090.098951
0.355715 260.135430 510.324693 674.210264 1077.605940
0.360673 255.564329 502.268538 663.810851 1064.782208
0.365701 249.683588 491.348305 649.616225 1047.661661
0.370799 245.255374 482.955061 638.555799 1033.085839
0.375968 241.275725 475.410802 628.499866 1019.777679
0.381208 236.992136 467.814327 618.550787 1006.981035
0.386522 233.414055 462.803328 612.585093 997.144200
0.391910 229.761279 453.968575 599.751611 981.657067
0.397373 225.285979 447.040099 591.568117 969.465172
0.402912 221.970604 442.091336 584.694420 956.981137
0.408529 218.484483 434.406771 574.302909 943.141279
0.414223 213.941643 425.286330 563.279002 930.806879
0.419997 209.551545 418.098061 554.870304 918.986179
0.425852 206.245330 412.004801 546.583172 904.579444
0.431788 202.643263 404.916770 536.804714 890.365859
0.437807 199.579095 399.006995 529.053213 877.551994
0.443910 197.096335 395.419965 525.221419 874.937310
0.450097 192.544615 387.300504 515.106423 859.953080
0.456372 188.744450 379.755595 505.134578 841.892985
0.462733 186.493445 376.918952 502.578615 839.368569
0.469183 182.370924 368.968776 492.210732 821.532877
0.475724 179.456811 363.569059 485.891342 811.829304
0.482355 175.298530 355.332560 475.858218 798.885536
0.489079 172.094488 349.370555 468.733850 786.995413
0.495896 169.772346 344.946275 462.665876 775.081499
0.502809 166.484401 339.500247 456.376688 765.537021
0.509818 163.806253 334.803844 450.389561 752.596747
0.516924 161.349089 330.377515 445.564095 745.503898
0.524130 156.402593 322.491953 437.436529 735.305540
0.531436 153.879038 318.640525 433.063219 727.503933
0.538844 150.882479 312.257825 425.093598 715.135260
0.546355 148.375776 307.431229 419.126346 704.661585
0.553971 144.613511 301.328426 412.735756 693.785237
0.561693 142.164261 296.710677 407.454375 684.892658
0.569523 139.419754 292.544430 403.453314 675.007789
0.577461 136.281657 285.682728 395.239236 663.295346
0.585511 133.831897 281.162737 389.592523 653.565401
0.593673 130.749277 274.457453 382.306231 642.474870
0.601948 128.520715 271.159340 378.152838 634.188512
0.610339 125.408239 266.077389 372.868337 624.055496
0.618847 122.462915 261.531192 370.081284 621.098534
0.627473 120.341661 256.383452 363.172954 610.194922
0.636220 117.804499 251.873265 357.831089 599.767877
0.645088 114.883438 246.952301 352.680936 590.664114
0.654081 112.298359 241.176357 345.801301 581.188096
0.663198 109.637327 237.240562 342.719869 574.644932
0.672443 107.343742 232.447420 337.751910 568.875473
0.681816 104.837894 227.619901 331.044323 557.230899
0.691320 102.353087 222.885635 326.437203 549.504756
0.700957 100.627747 218.877569 322.178974 542.137530
0.710728 97.806992 214.457145 317.335831 533.434755
0.720635 96.020410 210.480022 313.449133 528.866200
0.730680 93.774387 206.423477 308.452875 519.399977
0.740866 91.393055 201.584661 302.991327 512.462026
0.751193 89.141720 197.143099 298.609276 505.336942
0.761664 87.073583 192.790949 293.917719 499.047228
0.772281 85.600815 189.809168 290.261737 491.374671
0.783046 83.465659 185.382034 285.447296 484.841640
0.793962 81.577846 182.030732 281.572383 480.508003
0.805029 79.470264 177.869374 277.661546 474.185698
0.816251 77.797078 174.342833 272.679390 466.167691
0.827629 75.595606 170.138436 268.369601 460.629629
0.839166 74.386245 167.324274 264.619941 456.257064
0.850863 72.716526 163.589237 260.782668 450.424207
0.862724 70.862370 160.265000 256.789349 443.880614
0.874750 69.281642 156.845284 252.903169 438.689350
0.886943 67.803785 153.743365 249.176263 433.265408
0.899307 66.194478 150.507309 245.211069 427.796445
0.911843 64.851382 147.181984 240.882578 420.858717
0.924553 63.178415 143.897263 236.803695 416.763037
0.937441 61.740882 140.989344 233.507031 411.713833
0.950508 60.464106 138.056285 229.796251 406.311950
0.963758 58.923674 134.659103 225.463125 401.321951
0.977192 57.949742 133.108682 222.778865 396.302369
0.990814 56.603678 129.990084 219.025744 391.998796
1.004625 55.308067 126.916490 214.785675 385.801478
1.018629 54.154764 124.534061 211.439254 380.883741
1.032828 52.956850 122.042310 208.418601 377.810797
1.047225 51.785959 119.758507 204.735111 372.081206
1.061823 50.825094 117.586385 201.577439 367.217084
1.076624 49.741229 115.229021 198.240756 362.534046
1.091632 48.740298 112.974450 195.105881 357.702019
1.106848 47.697749 110.609011 191.845667 353.625492
1.122277 46.753282 108.649333 188.440397 348.692964
1.137921 45.802083 106.426952 185.273616 344.142379
1.153783 44.986656 104.403104 182.084806 339.866500
1.169866 44.056340 102.485764 178.888574 335.572955
1.186174 43.182707 100.697360 175.970796 330.935110
1.202708 42.428982 98.843636 172.927874 326.271253
1.219473 41.639007 97.109339 170.064249 321.456746
1.236472 40.853303 95.428607 167.267973 317.145018
1.253708 40.150217 93.694472 164.274555 313.191384
1.271184 39.442005 92.460987 161.850383 308.592886
1.288904 38.762648 90.549198 158.794434 304.812486
1.306870 38.053008 89.080855 156.076897 300.283652
1.325087 37.487905 87.696009 153.458865 295.794653
1.343558 36.885957 86.273874 150.819122 291.569862
1.362287 36.345831 84.864381 148.060793 287.456195
1.381276 35.766010 83.555544 145.362803 283.308614
1.400531 35.222655 82.273214 142.918525 278.624890
1.420053 34.651178 80.956849 140.487246 274.258187
1.439848 34.143518 79.778740 137.878705 270.109598
1.459919 33.581463 78.526675 135.390647 265.510686
1.480269 33.154162 77.246085 132.902615 260.830565
1.500903 32.651129 76.119678 130.446638 257.119921
1.521825 32.177597 75.113771 128.249461 252.572285
1.543038 31.703540 73.991740 126.017360 248.543844
1.564548 31.308266 72.911026 123.690476 244.196128
1.586357 30.885721 71.968386 121.509690 239.969421
1.608469 30.450732 71.004390 119.363250 236.089778
1.630891 30.142627 69.912201 117.081354 231.699148
1.653624 29.712687 68.956308 115.134955 227.993966
1.676675 29.342866 68.164345 113.153875 223.731027
1.700047 28.956959 67.229269 111.103787 219.791674
1.723745 28.597370 66.301313 109.073319 215.476795
1.747773 28.216447 65.370983 107.078810 211.455109
1.772136 27.869229 64.460690 105.053388 207.619826
1.796838 27.534565 63.584861 103.161884 203.514777
1.821885 27.197087 62.690642 101.201584 199.595120
1.847281 26.867521 61.920507 99.397805 195.664826
1.873032 26.529813 60.971548 97.391695 191.855643
1.899141 26.177315 60.092415 96.023752 187.936180
1.925614 25.867335 59.286407 93.849648 184.023870
1.952456 25.617081 58.496779 92.086355 180.200509
1.979672 25.242954 57.716810 90.366428 176.495794
2.007267 24.967636 56.866776 88.555653 172.970205
2.035248 24.621502 56.051153 86.880979 169.225877
2.063618 24.322519 55.241820 85.294365 165.618199
2.092383 24.027470 54.470093 83.644902 162.143162
2.121550 23.714217 53.649820 82.025413 158.544615
2.151123 23.418495 52.859181 80.401554 155.003000
2.181109 23.110293 52.050048 78.857995 151.612998
2.211512 22.803713 51.221605 77.249883 148.071984
2.242340 22.504739 50.438601 75.708837 144.707179
2.273597 22.171348 49.621836 74.107566 141.328132
2.305289 21.888611 48.814324 72.631653 138.041688
2.337424 21.572305 47.996497 71.103943 134.766074
2.370006 21.265407 47.203128 69.661577 131.681850
2.403043 20.945779 46.405414 68.169409 128.470142
2.436540 20.648670 45.623143 66.741708 125.361145
2.470504 20.343105 44.855360 65.324844 122.321105
2.504942 20.039103 44.092638 63.956482 119.382667
2.539859 19.752126 43.310409 62.586316 116.448563
2.575263 19.440658 42.539391 61.301457 113.638231
2.611161 19.153233 41.775974 59.935002 110.841715
2.647559 18.853499 41.005888 58.613812 108.068469
2.684465 18.556234 40.271404 57.303974 105.345276
2.721885 18.238703 39.478272 56.037150 102.663384
2.759826 17.934808 38.695693 54.752607 100.026237
2.798297 17.628153 37.959545 53.497641 97.495778
2.837304 17.322680 37.190605 52.251961 94.939921
2.876854 17.015315 36.425683 51.024185 92.467590
2.916956 16.711819 35.690575 49.813154 90.019448
2.957617 16.413148 34.962371 48.638595 87.662226
2.998844 16.108353 34.238888 47.466371 85.327834
3.040646 15.811032 33.516516 46.327297 83.114112
3.083031 15.514729 32.810040 45.205972 80.913120
3.126007 15.229282 32.118843 44.104609 78.772707
3.169582 14.937676 31.419828 43.021426 76.692877
3.213764 14.652713 30.749618 41.963719 74.665377
3.258562 14.364198 30.096446 40.923260 72.685023
3.303985 14.080861 29.424003 39.906926 70.751891
3.350041 13.803110 28.762786 38.878858 68.835594
3.396739 13.513815 28.118789 37.892011 66.978249
3.444087 13.238632 27.465897 36.903132 65.141904
3.492096 12.961699 26.838711 35.943967 63.377670
3.540774 12.683479 26.223332 35.003201 61.641262
3.590130 12.411979 25.603995 34.063098 59.960449
3.640175 12.146834 25.001820 33.161387 58.304864
3.690917 11.875608 24.419535 32.264244 56.707919
3.742366 11.613618 23.829289 31.395461 55.167985
3.794533 11.359105 23.273173 30.548659 53.648511
3.847427 11.106724 22.711488 29.722871 52.197699
3.901058 10.853963 22.177743 28.918001 50.772566
3.955436 10.616065 21.649639 28.125363 49.394272
4.010573 10.373918 21.131018 27.362202 48.063215
4.066478 10.138379 20.626677 26.608320 46.754353
4.123163 9.905271 20.132908 25.872585 45.485318
4.180637 9.677845 19.646652 25.151988 44.239427
4.238913 9.450574 19.162687 24.445254 43.039080
4.298001 9.224117 18.693964 23.756889 41.855322
4.357913 9.009923 18.234592 23.086775 40.716212
4.418660 8.792284 17.785236 22.425874 39.605869
4.480254 8.579116 17.343413 21.783704 38.520158
4.542706 8.372303 16.909403 21.155793 37.463993
4.606029 8.168992 16.494488 20.550926 36.450595
4.670234 7.969796 16.084935 19.965018 35.467942
4.735335 7.776331 15.687351 19.391327 34.509449
4.801343 7.589157 15.303940 18.837769 33.577794
4.868271 7.404447 14.928143 18.298046 32.681580
4.936132 7.224778 14.559781 17.777206 31.814827
5.004939 7.049118 14.204927 17.270189 30.973553
5.074705 6.876655 13.855975 16.776516 30.158021
5.145444 6.708677 13.517516 16.296886 29.366133
5.217169 6.542898 13.182153 15.828644 28.587113
5.289893 6.382495 12.856830 15.375020 27.832775
5.363631 6.222973 12.537801 14.928541 27.099556
5.438397 6.068513 12.225677 14.497798 26.383035
5.514206 5.916584 11.920878 14.079246 25.689203
5.591071 5.767014 11.625485 13.671750 25.017067
5.669007 5.623838 11.334706 13.279383 24.362675
5.748030 5.482774 11.053851 12.897447 23.728267
5.828155 5.346013 10.779956 12.529065 23.114849
5.909396 5.212573 10.513075 12.172295 22.523514
5.991770 5.082678 10.253328 11.827266 21.949134
6.075292 4.957058 10.002964 11.494999 21.393855
6.159978 4.834291 9.759176 11.174158 20.857095
6.245845 4.715299 9.521660 10.864019 20.334763
6.332908 4.598640 9.288479 10.561723 19.828129
6.421186 4.485757 9.062243 10.268811 19.333919
6.510694 4.374210 8.839780 9.985606 18.852377
6.601449 4.265852 8.622991 9.709499 18.383890
6.693470 4.159552 8.409804 9.440579 17.925606
6.786773 4.055560 8.202840 9.180526 17.479791
6.881377 3.954741 8.000236 8.929006 17.044634
6.977300 3.856349 7.803207 8.686136 16.623779
7.074559 3.760454 7.610350 8.449839 16.213452
7.173175 3.666876 7.423445 8.222720 15.816411
7.273165 3.576312 7.241940 8.003485 15.430030
7.374549 3.488206 7.064716 7.790920 15.056355
7.477346 3.402431 6.893628 7.587880 14.694429
7.581576 3.319815 6.726305 7.390636 14.342975
7.687260 3.239287 6.564494 7.200834 14.002733
7.794416 3.160902 6.406945 7.016635 13.671778
7.903066 3.084775 6.253105 6.838828 13.348261
8.013230 3.010392 6.103501 6.667685 13.033691
8.124930 2.937404 5.956754 6.500200 12.724477
8.238187 2.866349 5.812593 6.337240 12.423013
8.353023 2.796723 5.672244 6.179564 12.127561
8.469460 2.729015 5.535173 6.026516 11.839311
8.587519 2.662877 5.401277 5.878305 11.558018
8.707225 2.598462 5.270511 5.734742 11.283766
8.828599 2.535788 5.144074 5.595702 11.015840
8.951665 2.474672 5.020691 5.461322 10.755693
9.076446 2.415434 4.900900 5.331961 10.502957
9.202967 2.357943 4.784428 5.206726 10.256467
9.331251 2.302079 4.671349 5.085726 10.017087
9.461324 0.000000 0.000000 0.000000 0.000000
9.593209 0.000000 0.000000 0.000000 0.000000
9.726934 0.000000 0.000000 0.000000 0.000000
9.862522 0.000000 0.000000 0.000000 0.000000
10.000000 0.000000 0.000000 0.000000 0.000000
