 1.000000e-02  5.661456e+03  1.029733e+04  1.390086e+04  2.064267e+04 
 1.013939e-02  5.692497e+03  1.035368e+04  1.397680e+04  2.075516e+04 
 1.028073e-02  5.723030e+03  1.040910e+04  1.405150e+04  2.086584e+04 
 1.042404e-02  5.753056e+03  1.046352e+04  1.412489e+04  2.097451e+04 
 1.056935e-02  5.782541e+03  1.051697e+04  1.419694e+04  2.108121e+04 
 1.071668e-02  5.811450e+03  1.056948e+04  1.426763e+04  2.118589e+04 
 1.086606e-02  5.839767e+03  1.062097e+04  1.433689e+04  2.128850e+04 
 1.101753e-02  5.867480e+03  1.067131e+04  1.440466e+04  2.138883e+04 
 1.117111e-02  5.894571e+03  1.072041e+04  1.447085e+04  2.148678e+04 
 1.132683e-02  5.921007e+03  1.076828e+04  1.453546e+04  2.158223e+04 
 1.148472e-02  5.946772e+03  1.081499e+04  1.459841e+04  2.167521e+04 
 1.164481e-02  5.971855e+03  1.086049e+04  1.465968e+04  2.176571e+04 
 1.180713e-02  5.996210e+03  1.090467e+04  1.471920e+04  2.185362e+04 
 1.197171e-02  6.019837e+03  1.094750e+04  1.477690e+04  2.193890e+04 
 1.213859e-02  6.042692e+03  1.098891e+04  1.483266e+04  2.202144e+04 
 1.230780e-02  6.064735e+03  1.102885e+04  1.488638e+04  2.210086e+04 
 1.247936e-02  6.085959e+03  1.106729e+04  1.493802e+04  2.217719e+04 
 1.265332e-02  6.106362e+03  1.110424e+04  1.498768e+04  2.225048e+04 
 1.282970e-02  6.125917e+03  1.113964e+04  1.503530e+04  2.232065e+04 
 1.300854e-02  6.144577e+03  1.117343e+04  1.508072e+04  2.238761e+04 
 1.318987e-02  6.162321e+03  1.120555e+04  1.512389e+04  2.245133e+04 
 1.337373e-02  6.179139e+03  1.123597e+04  1.516475e+04  2.251169e+04 
 1.356015e-02  6.194997e+03  1.126464e+04  1.520325e+04  2.256850e+04 
 1.374917e-02  6.209878e+03  1.129152e+04  1.523936e+04  2.262163e+04 
 1.394083e-02  6.223753e+03  1.131655e+04  1.527304e+04  2.267105e+04 
 1.413516e-02  6.236586e+03  1.133969e+04  1.530419e+04  2.271665e+04 
 1.433219e-02  6.248356e+03  1.136091e+04  1.533270e+04  2.275838e+04 
 1.453198e-02  6.259035e+03  1.138015e+04  1.535844e+04  2.279618e+04 
 1.473454e-02  6.268611e+03  1.139737e+04  1.538138e+04  2.282993e+04 
 1.493993e-02  6.277054e+03  1.141256e+04  1.540160e+04  2.285951e+04 
 1.514819e-02  6.284360e+03  1.142568e+04  1.541918e+04  2.288497e+04 
 1.535935e-02  6.290496e+03  1.143669e+04  1.543394e+04  2.290620e+04 
 1.557345e-02  6.295439e+03  1.144550e+04  1.544573e+04  2.292308e+04 
 1.579053e-02  6.299149e+03  1.145208e+04  1.545448e+04  2.293556e+04 
 1.601064e-02  6.301601e+03  1.145637e+04  1.546007e+04  2.294349e+04 
 1.623382e-02  6.302771e+03  1.145834e+04  1.546246e+04  2.294679e+04 
 1.646012e-02  6.302653e+03  1.145796e+04  1.546173e+04  2.294531e+04 
 1.668956e-02  6.301225e+03  1.145519e+04  1.545780e+04  2.293882e+04 
 1.692220e-02  6.298462e+03  1.144997e+04  1.545062e+04  2.292743e+04 
 1.715809e-02  6.294354e+03  1.144233e+04  1.544015e+04  2.291136e+04 
 1.739726e-02  6.288876e+03  1.143217e+04  1.542629e+04  2.289036e+04 
 1.763977e-02  6.281989e+03  1.141947e+04  1.540895e+04  2.286416e+04 
 1.788566e-02  6.273682e+03  1.140420e+04  1.538811e+04  2.283265e+04 
 1.813498e-02  6.263947e+03  1.138631e+04  1.536377e+04  2.279589e+04 
 1.838777e-02  6.252778e+03  1.136580e+04  1.533589e+04  2.275395e+04 
 1.864409e-02  6.240145e+03  1.134264e+04  1.530445e+04  2.270675e+04 
 1.890397e-02  6.226042e+03  1.131681e+04  1.526938e+04  2.265414e+04 
 1.916748e-02  6.210457e+03  1.128828e+04  1.523066e+04  2.259611e+04 
 1.943467e-02  6.193364e+03  1.125703e+04  1.518828e+04  2.253270e+04 
 1.970558e-02  6.174762e+03  1.122300e+04  1.514217e+04  2.246384e+04 
 1.998026e-02  6.154634e+03  1.118620e+04  1.509230e+04  2.238931e+04 
 2.025878e-02  6.132982e+03  1.114663e+04  1.503870e+04  2.230916e+04 
 2.054117e-02  6.109801e+03  1.110427e+04  1.498134e+04  2.222340e+04 
 2.082751e-02  6.085080e+03  1.105911e+04  1.492020e+04  2.213203e+04 
 2.111783e-02  6.058814e+03  1.101118e+04  1.485530e+04  2.203522e+04 
 2.141220e-02  6.031130e+03  1.096062e+04  1.478682e+04  2.193307e+04 
 2.171068e-02  6.002579e+03  1.090827e+04  1.471571e+04  2.182643e+04 
 2.201331e-02  5.972491e+03  1.085313e+04  1.464083e+04  2.171407e+04 
 2.232016e-02  5.940876e+03  1.079522e+04  1.456222e+04  2.159613e+04 
 2.263130e-02  5.907732e+03  1.073452e+04  1.447988e+04  2.147257e+04 
 2.294676e-02  5.873075e+03  1.067107e+04  1.439381e+04  2.134354e+04 
 2.326663e-02  5.836931e+03  1.060490e+04  1.430406e+04  2.120925e+04 
 2.359095e-02  5.799311e+03  1.053605e+04  1.421068e+04  2.106962e+04 
 2.391980e-02  5.760220e+03  1.046455e+04  1.411375e+04  2.092460e+04 
 2.425323e-02  5.719689e+03  1.039043e+04  1.401328e+04  2.077429e+04 
 2.459130e-02  5.677730e+03  1.031372e+04  1.390933e+04  2.061883e+04 
 2.493409e-02  5.634379e+03  1.023449e+04  1.380194e+04  2.045828e+04 
 2.528166e-02  5.589650e+03  1.015274e+04  1.369117e+04  2.029276e+04 
 2.563407e-02  5.543571e+03  1.006852e+04  1.357711e+04  2.012232e+04 
 2.599140e-02  5.496181e+03  9.981922e+03  1.345983e+04  1.994711e+04 
 2.635371e-02  5.447533e+03  9.893026e+03  1.333947e+04  1.976732e+04 
 2.672106e-02  5.397657e+03  9.801922e+03  1.321611e+04  1.958313e+04 
 2.709354e-02  5.346587e+03  9.708669e+03  1.308983e+04  1.939462e+04 
 2.747121e-02  5.294362e+03  9.613309e+03  1.296075e+04  1.920196e+04 
 2.785414e-02  5.240969e+03  9.515857e+03  1.282886e+04  1.900526e+04 
 2.824241e-02  5.186225e+03  9.416082e+03  1.269396e+04  1.880438e+04 
 2.863610e-02  5.130487e+03  9.314523e+03  1.255663e+04  1.859993e+04 
 2.903527e-02  5.073818e+03  9.211277e+03  1.241705e+04  1.839213e+04 
 2.944000e-02  5.016277e+03  9.106449e+03  1.227533e+04  1.818116e+04 
 2.985038e-02  4.957929e+03  9.000142e+03  1.213164e+04  1.796731e+04 
 3.026648e-02  4.898832e+03  8.892468e+03  1.198612e+04  1.775077e+04 
 3.068838e-02  4.839057e+03  8.783547e+03  1.183895e+04  1.753176e+04 
 3.111616e-02  4.778661e+03  8.673535e+03  1.169026e+04  1.731056e+04 
 3.154990e-02  4.717720e+03  8.562546e+03  1.154028e+04  1.708742e+04 
 3.198969e-02  4.656317e+03  8.450715e+03  1.138915e+04  1.686261e+04 
 3.243561e-02  4.594521e+03  8.338190e+03  1.123711e+04  1.663641e+04 
 3.288774e-02  4.532419e+03  8.225112e+03  1.108431e+04  1.640916e+04 
 3.334618e-02  4.470097e+03  8.111617e+03  1.093097e+04  1.618112e+04 
 3.381101e-02  4.407628e+03  7.997850e+03  1.077729e+04  1.595259e+04 
 3.428231e-02  4.345090e+03  7.883974e+03  1.062348e+04  1.572384e+04 
 3.476019e-02  4.282401e+03  7.770185e+03  1.047012e+04  1.549685e+04 
 3.524473e-02  4.219803e+03  7.656580e+03  1.031702e+04  1.527026e+04 
 3.573602e-02  4.157404e+03  7.543328e+03  1.016437e+04  1.504436e+04 
 3.623416e-02  4.095287e+03  7.430575e+03  1.001240e+04  1.481947e+04 
 3.673925e-02  4.033536e+03  7.318457e+03  9.861303e+03  1.459587e+04 
 3.725137e-02  3.972225e+03  7.207136e+03  9.711293e+03  1.437389e+04 
 3.777064e-02  3.911440e+03  7.096776e+03  9.562582e+03  1.415378e+04 
 3.829714e-02  3.851248e+03  6.987520e+03  9.415337e+03  1.393586e+04 
 3.883098e-02  3.791731e+03  6.879500e+03  9.269764e+03  1.372039e+04 
 3.937226e-02  3.732987e+03  6.772877e+03  9.126077e+03  1.350774e+04 
 3.992109e-02  3.675100e+03  6.667782e+03  8.984458e+03  1.329815e+04 
 4.047757e-02  3.618118e+03  6.564317e+03  8.844984e+03  1.309167e+04 
 4.104181e-02  3.561990e+03  6.461874e+03  8.706299e+03  1.288472e+04 
 4.161391e-02  3.506919e+03  6.361370e+03  8.570230e+03  1.268167e+04 
 4.219398e-02  3.452971e+03  6.262909e+03  8.436955e+03  1.248275e+04 
 4.278214e-02  3.400208e+03  6.166601e+03  8.306601e+03  1.228818e+04 
 4.337850e-02  3.348699e+03  6.072570e+03  8.179310e+03  1.209819e+04 
 4.398317e-02  3.298481e+03  5.980903e+03  8.055201e+03  1.191295e+04 
 4.459628e-02  3.249606e+03  5.891676e+03  7.934383e+03  1.173259e+04 
 4.521792e-02  3.202101e+03  5.804953e+03  7.816972e+03  1.155730e+04 
 4.584824e-02  3.156013e+03  5.720814e+03  7.703049e+03  1.138718e+04 
 4.648734e-02  3.111380e+03  5.639304e+03  7.592668e+03  1.122232e+04 
 4.713535e-02  3.068270e+03  5.561241e+03  7.487641e+03  1.106733e+04 
 4.779239e-02  3.026674e+03  5.486327e+03  7.387298e+03  1.092041e+04 
 4.845859e-02  2.986562e+03  5.414106e+03  7.290596e+03  1.077885e+04 
 4.913407e-02  2.947942e+03  5.344590e+03  7.197531e+03  1.064263e+04 
 4.981898e-02  2.910827e+03  5.277795e+03  7.108094e+03  1.051178e+04 
 5.051342e-02  2.875198e+03  5.213683e+03  7.022245e+03  1.038622e+04 
 5.121755e-02  2.841006e+03  5.152187e+03  6.939922e+03  1.026586e+04 
 5.193150e-02  2.808226e+03  5.093251e+03  6.861055e+03  1.015062e+04 
 5.265540e-02  2.776826e+03  5.036812e+03  6.785557e+03  1.004034e+04 
 5.338938e-02  2.746549e+03  4.981972e+03  6.711755e+03  9.931375e+03 
 5.413360e-02  2.717302e+03  4.928482e+03  6.639235e+03  9.822884e+03 
 5.488820e-02  2.689292e+03  4.877236e+03  6.569743e+03  9.718888e+03 
 5.565331e-02  2.662412e+03  4.828052e+03  6.503040e+03  9.619015e+03 
 5.642908e-02  2.636524e+03  4.780669e+03  6.438774e+03  9.522750e+03 
 5.721568e-02  2.611536e+03  4.734924e+03  6.376714e+03  9.429756e+03 
 5.801323e-02  2.587541e+03  4.690973e+03  6.317074e+03  9.340332e+03 
 5.882190e-02  2.564624e+03  4.648980e+03  6.260066e+03  9.254808e+03 
 5.964185e-02  2.542728e+03  4.609095e+03  6.206173e+03  9.174660e+03 
 6.047322e-02  2.521714e+03  4.571550e+03  6.156168e+03  9.102319e+03 
 6.131619e-02  2.500813e+03  4.534214e+03  6.106446e+03  9.030399e+03 
 6.217090e-02  2.479784e+03  4.496648e+03  6.056423e+03  8.958008e+03 
 6.303753e-02  2.458621e+03  4.458846e+03  6.006081e+03  8.885127e+03 
 6.391624e-02  2.437337e+03  4.420811e+03  5.955430e+03  8.811793e+03 
 6.480720e-02  2.415883e+03  4.382471e+03  5.904369e+03  8.737835e+03 
 6.571058e-02  2.394086e+03  4.343502e+03  5.852462e+03  8.662622e+03 
 6.662655e-02  2.370634e+03  4.299741e+03  5.792206e+03  8.569842e+03 
 6.755528e-02  2.346412e+03  4.254532e+03  5.729939e+03  8.473969e+03 
 6.849697e-02  2.321325e+03  4.207764e+03  5.665583e+03  8.375024e+03 
 6.945178e-02  2.295253e+03  4.159218e+03  5.598840e+03  8.272584e+03 
 7.041990e-02  2.268077e+03  4.108668e+03  5.529430e+03  8.166226e+03 
 7.140151e-02  2.239684e+03  4.055936e+03  5.457082e+03  8.055558e+03 
 7.239681e-02  2.210253e+03  4.001612e+03  5.382948e+03  7.943305e+03 
 7.340598e-02  2.179748e+03  3.945705e+03  5.307076e+03  7.829756e+03 
 7.442922e-02  2.147768e+03  3.887140e+03  5.227636e+03  7.710963e+03 
 7.546673e-02  2.114269e+03  3.825824e+03  5.144503e+03  7.586772e+03 
 7.651869e-02  2.079236e+03  3.761735e+03  5.057658e+03  7.457146e+03 
 7.758532e-02  2.042676e+03  3.694895e+03  4.967120e+03  7.322113e+03 
 7.866682e-02  2.005402e+03  3.627820e+03  4.877336e+03  7.190879e+03 
 7.976339e-02  1.967961e+03  3.562152e+03  4.791146e+03  7.069264e+03 
 8.087525e-02  1.929117e+03  3.493882e+03  4.701401e+03  6.942242e+03 
 8.200261e-02  1.888975e+03  3.423207e+03  4.608350e+03  6.810178e+03 
 8.314568e-02  1.847666e+03  3.350362e+03  4.512312e+03  6.673535e+03 
 8.430468e-02  1.805355e+03  3.275624e+03  4.413648e+03  6.532860e+03 
 8.547985e-02  1.761689e+03  3.197425e+03  4.309345e+03  6.381478e+03 
 8.667139e-02  1.717187e+03  3.117224e+03  4.201901e+03  6.224295e+03 
 8.787954e-02  1.672337e+03  3.036369e+03  4.093555e+03  6.065686e+03 
 8.910453e-02  1.627381e+03  2.955303e+03  3.984889e+03  5.906527e+03 
 9.034660e-02  1.582566e+03  2.874482e+03  3.876507e+03  5.747710e+03 
 9.160598e-02  1.538868e+03  2.796668e+03  3.773094e+03  5.598491e+03 
 9.288292e-02  1.496454e+03  2.722012e+03  3.674751e+03  5.458709e+03 
 9.417766e-02  1.454892e+03  2.648788e+03  3.578249e+03  5.321377e+03 
 9.549045e-02  1.414432e+03  2.577454e+03  3.484209e+03  5.187432e+03 
 9.682153e-02  1.375304e+03  2.508443e+03  3.393195e+03  5.057725e+03 
 9.817117e-02  1.338052e+03  2.443234e+03  3.307641e+03  4.936948e+03 
 9.953962e-02  1.302648e+03  2.381467e+03  3.226782e+03  4.823266e+03 
 1.009272e-01  1.269141e+03  2.323051e+03  3.150368e+03  4.715925e+03 
 1.023340e-01  1.237682e+03  2.268261e+03  3.078774e+03  4.615504e+03 
 1.037605e-01  1.207810e+03  2.215564e+03  3.009254e+03  4.516462e+03 
 1.052069e-01  1.178019e+03  2.160304e+03  2.933788e+03  4.402825e+03 
 1.066734e-01  1.150613e+03  2.109425e+03  2.864291e+03  4.298177e+03 
 1.081604e-01  1.125566e+03  2.062903e+03  2.800730e+03  4.202440e+03 
 1.096681e-01  1.102828e+03  2.020653e+03  2.742973e+03  4.115422e+03 
 1.111968e-01  1.082307e+03  1.982538e+03  2.690762e+03  4.036031e+03 
 1.127468e-01  1.063900e+03  1.948296e+03  2.643832e+03  3.964544e+03 
 1.143184e-01  1.047443e+03  1.917638e+03  2.601772e+03  3.900356e+03 
 1.159120e-01  1.032729e+03  1.890189e+03  2.564060e+03  3.842694e+03 
 1.175277e-01  1.019951e+03  1.866672e+03  2.531912e+03  3.793712e+03 
 1.191660e-01  1.008445e+03  1.845526e+03  2.503001e+03  3.749630e+03 
 1.208271e-01  9.978841e+02  1.826110e+03  2.476454e+03  3.709094e+03 
 1.225114e-01  9.878870e+02  1.807654e+03  2.451185e+03  3.670450e+03 
 1.242191e-01  9.775974e+02  1.788118e+03  2.424125e+03  3.628828e+03 
 1.259506e-01  9.672779e+02  1.768557e+03  2.397015e+03  3.587134e+03 
 1.277063e-01  9.565930e+02  1.748327e+03  2.369011e+03  3.544099e+03 
 1.294865e-01  9.455029e+02  1.727511e+03  2.340277e+03  3.499797e+03 
 1.312915e-01  9.337725e+02  1.705731e+03  2.310295e+03  3.453428e+03 
 1.331216e-01  9.208126e+02  1.681716e+03  2.277289e+03  3.402558e+03 
 1.349772e-01  9.064457e+02  1.655169e+03  2.240904e+03  3.346784e+03 
 1.368587e-01  8.916367e+02  1.629586e+03  2.207822e+03  3.301551e+03 
 1.387665e-01  8.751541e+02  1.600898e+03  2.170498e+03  3.249897e+03 
 1.407008e-01  8.569859e+02  1.569077e+03  2.128883e+03  3.191698e+03 
 1.426621e-01  8.383007e+02  1.537058e+03  2.087308e+03  3.133468e+03 
 1.446507e-01  8.184712e+02  1.503105e+03  2.043136e+03  3.071261e+03 
 1.466671e-01  7.973364e+02  1.466650e+03  1.995465e+03  3.003637e+03 
 1.487115e-01  7.736530e+02  1.424023e+03  1.938430e+03  2.920529e+03 
 1.507845e-01  7.483307e+02  1.377371e+03  1.875313e+03  2.827361e+03 
 1.528864e-01  7.228036e+02  1.330350e+03  1.811658e+03  2.733295e+03 
 1.550175e-01  6.992914e+02  1.289060e+03  1.757416e+03  2.656620e+03 
 1.571784e-01  6.775351e+02  1.252299e+03  1.710380e+03  2.592842e+03 
 1.593694e-01  6.565400e+02  1.216749e+03  1.664798e+03  2.530881e+03 
 1.615909e-01  6.372066e+02  1.184531e+03  1.623835e+03  2.475559e+03 
 1.638434e-01  6.194877e+02  1.155298e+03  1.586892e+03  2.425989e+03 
 1.661273e-01  6.033626e+02  1.128843e+03  1.553589e+03  2.381654e+03 
 1.684430e-01  5.861172e+02  1.097624e+03  1.511907e+03  2.321683e+03 
 1.707910e-01  5.704924e+02  1.069077e+03  1.473640e+03  2.266462e+03 
 1.731717e-01  5.571859e+02  1.045075e+03  1.441673e+03  2.220604e+03 
 1.755856e-01  5.470795e+02  1.027980e+03  1.419516e+03  2.189107e+03 
 1.780332e-01  5.386612e+02  1.014008e+03  1.401631e+03  2.164160e+03 
 1.805149e-01  5.299293e+02  9.972579e+02  1.378053e+03  2.126707e+03 
 1.830312e-01  5.213172e+02  9.794453e+02  1.351910e+03  2.083082e+03 
 1.855825e-01  5.135552e+02  9.634005e+02  1.328415e+03  2.044083e+03 
 1.881694e-01  5.063331e+02  9.492472e+02  1.308719e+03  2.013934e+03 
 1.907924e-01  4.991790e+02  9.352277e+02  1.289213e+03  1.984044e+03 
 1.934520e-01  4.912275e+02  9.195316e+02  1.267464e+03  1.951698e+03 
 1.961486e-01  4.824774e+02  9.022848e+02  1.243600e+03  1.916429e+03 
 1.988828e-01  4.739123e+02  8.861507e+02  1.221576e+03  1.883876e+03 
 2.016551e-01  4.658708e+02  8.720965e+02  1.202860e+03  1.856241e+03 
 2.044661e-01  4.565221e+02  8.554310e+02  1.180418e+03  1.822661e+03 
 2.073162e-01  4.455896e+02  8.349273e+02  1.151990e+03  1.778771e+03 
 2.102061e-01  4.335598e+02  8.123649e+02  1.120733e+03  1.730512e+03 
 2.131362e-01  4.243036e+02  7.993089e+02  1.105847e+03  1.712730e+03 
 2.161073e-01  4.145123e+02  7.852971e+02  1.089680e+03  1.693032e+03 
 2.191197e-01  4.021148e+02  7.644446e+02  1.063227e+03  1.658086e+03 
 2.221741e-01  3.892726e+02  7.422120e+02  1.034570e+03  1.619595e+03 
 2.252711e-01  3.774632e+02  7.224880e+02  1.009765e+03  1.587251e+03 
 2.284112e-01  3.665965e+02  7.046271e+02  9.875669e+02  1.558784e+03 
 2.315951e-01  3.568720e+02  6.880094e+02  9.657463e+02  1.526934e+03 
 2.348235e-01  3.484249e+02  6.734694e+02  9.463368e+02  1.497477e+03 
 2.380968e-01  3.392546e+02  6.560003e+02  9.221222e+02  1.460611e+03 
 2.414157e-01  3.308649e+02  6.396533e+02  8.993030e+02  1.425964e+03 
 2.447809e-01  3.229079e+02  6.241740e+02  8.779029e+02  1.393304e+03 
 2.481930e-01  3.159157e+02  6.105933e+02  8.591812e+02  1.364788e+03 
 2.516527e-01  3.119212e+02  6.035839e+02  8.495190e+02  1.349343e+03 
 2.551606e-01  3.074159e+02  5.951723e+02  8.378115e+02  1.331072e+03 
 2.587174e-01  3.002793e+02  5.803535e+02  8.168644e+02  1.299492e+03 
 2.623238e-01  2.943974e+02  5.690484e+02  8.013197e+02  1.276522e+03 
 2.659804e-01  2.896720e+02  5.611689e+02  7.910973e+02  1.262027e+03 
 2.696881e-01  2.830688e+02  5.490147e+02  7.747339e+02  1.237659e+03 
 2.734474e-01  2.754801e+02  5.348141e+02  7.554891e+02  1.208769e+03 
 2.772591e-01  2.695124e+02  5.252014e+02  7.436996e+02  1.194138e+03 
 2.811239e-01  2.628737e+02  5.138776e+02  7.293372e+02  1.176056e+03 
 2.850426e-01  2.557556e+02  5.010960e+02  7.127275e+02  1.155354e+03 
 2.890160e-01  2.489006e+02  4.897948e+02  6.984497e+02  1.135695e+03 
 2.930447e-01  2.423109e+02  4.787468e+02  6.839703e+02  1.113878e+03 
 2.971296e-01  2.361229e+02  4.671511e+02  6.669684e+02  1.084586e+03 
 3.012714e-01  2.304923e+02  4.575572e+02  6.544112e+02  1.066305e+03 
 3.054710e-01  2.252006e+02  4.487072e+02  6.433722e+02  1.051873e+03 
 3.097291e-01  2.193006e+02  4.376576e+02  6.286211e+02  1.031163e+03 
 3.140465e-01  2.141854e+02  4.273794e+02  6.138688e+02  1.006995e+03 
 3.184242e-01  2.098435e+02  4.186964e+02  6.013522e+02  9.864006e+02 
 3.228628e-01  2.064380e+02  4.127679e+02  5.937012e+02  9.768234e+02 
 3.273634e-01  2.018630e+02  4.034118e+02  5.801511e+02  9.550230e+02 
 3.319266e-01  1.970808e+02  3.939937e+02  5.670741e+02  9.353743e+02 
 3.365535e-01  1.923486e+02  3.854373e+02  5.560500e+02  9.207835e+02 
 3.412449e-01  1.889439e+02  3.810497e+02  5.510712e+02  9.130815e+02 
 3.460016e-01  1.850854e+02  3.748673e+02  5.432148e+02  9.022631e+02 
 3.508247e-01  1.811099e+02  3.678876e+02  5.339501e+02  8.887556e+02 
 3.557150e-01  1.771120e+02  3.606014e+02  5.241288e+02  8.736703e+02 
 3.606735e-01  1.724806e+02  3.524605e+02  5.134962e+02  8.589365e+02 
 3.657011e-01  1.670743e+02  3.422827e+02  4.994994e+02  8.391666e+02 
 3.707988e-01  1.626646e+02  3.338316e+02  4.879155e+02  8.219472e+02 
 3.759675e-01  1.587694e+02  3.263656e+02  4.776345e+02  8.064147e+02 
 3.812083e-01  1.549827e+02  3.194858e+02  4.683218e+02  7.925665e+02 
 3.865221e-01  1.519001e+02  3.149309e+02  4.631935e+02  7.846349e+02 
 3.919100e-01  1.487691e+02  3.076502e+02  4.519724e+02  7.687033e+02 
 3.973730e-01  1.453193e+02  3.017773e+02  4.446784e+02  7.573308e+02 
 4.029122e-01  1.424753e+02  2.973753e+02  4.386979e+02  7.464415e+02 
 4.085286e-01  1.396282e+02  2.913365e+02  4.299932e+02  7.339502e+02 
 4.142232e-01  1.361331e+02  2.841881e+02  4.204244e+02  7.219521e+02 
 4.199973e-01  1.325674e+02  2.779945e+02  4.125719e+02  7.106134e+02 
 4.258518e-01  1.295800e+02  2.725387e+02  4.049307e+02  6.976383e+02 
 4.317880e-01  1.263836e+02  2.664439e+02  3.959307e+02  6.835985e+02 
 4.378069e-01  1.235852e+02  2.608664e+02  3.879579e+02  6.705009e+02 
 4.439097e-01  1.212783e+02  2.572594e+02  3.835364e+02  6.658514e+02 
 4.500975e-01  1.178904e+02  2.509430e+02  3.749541e+02  6.532081e+02 
 4.563716e-01  1.151026e+02  2.451829e+02  3.666521e+02  6.385729e+02 
 4.627332e-01  1.133158e+02  2.427574e+02  3.640993e+02  6.364285e+02 
 4.691835e-01  1.104362e+02  2.370835e+02  3.560592e+02  6.231472e+02 
 4.757236e-01  1.083637e+02  2.330001e+02  3.504176e+02  6.144702e+02 
 4.823549e-01  1.054739e+02  2.271718e+02  3.420933e+02  6.029482e+02 
 4.890787e-01  1.031038e+02  2.225356e+02  3.358631e+02  5.933177e+02 
 4.958962e-01  1.012459e+02  2.189890e+02  3.304337e+02  5.833847e+02 
 5.028087e-01  9.876486e+01  2.147137e+02  3.246589e+02  5.748883e+02 
 5.098176e-01  9.677812e+01  2.110714e+02  3.195240e+02  5.650287e+02 
 5.169242e-01  9.498109e+01  2.077005e+02  3.149277e+02  5.589333e+02 
 5.241298e-01  9.181016e+01  2.022017e+02  3.080988e+02  5.505642e+02 
 5.314359e-01  9.014097e+01  1.997659e+02  3.049018e+02  5.452665e+02 
 5.388438e-01  8.820894e+01  1.953853e+02  2.983049e+02  5.351845e+02 
 5.463550e-01  8.656339e+01  1.922292e+02  2.936468e+02  5.273435e+02 
 5.539709e-01  8.413822e+01  1.878614e+02  2.881348e+02  5.189414e+02 
 5.616930e-01  8.253658e+01  1.847746e+02  2.837647e+02  5.124542e+02 
 5.695227e-01  8.077640e+01  1.818049e+02  2.801705e+02  5.054685e+02 
 5.774615e-01  7.887269e+01  1.774372e+02  2.735622e+02  4.958105e+02 
 5.855110e-01  7.737178e+01  1.747619e+02  2.695537e+02  4.888632e+02 
 5.936727e-01  7.552991e+01  1.705445e+02  2.635729e+02  4.797995e+02 
 6.019482e-01  7.414131e+01  1.684079e+02  2.602235e+02  4.737084e+02 
 6.103390e-01  7.230861e+01  1.652625e+02  2.562546e+02  4.670623e+02 
 6.188468e-01  7.065990e+01  1.623686e+02  2.534955e+02  4.651850e+02 
 6.274732e-01  6.939497e+01  1.592447e+02  2.480707e+02  4.561921e+02 
 6.362198e-01  6.787429e+01  1.567071e+02  2.445198e+02  4.493466e+02 
 6.450884e-01  6.618464e+01  1.536224e+02  2.402573e+02  4.420854e+02 
 6.540806e-01  6.474449e+01  1.502028e+02  2.350337e+02  4.342678e+02 
 6.631981e-01  6.319260e+01  1.476122e+02  2.322185e+02  4.297592e+02 
 6.724427e-01  6.190818e+01  1.448868e+02  2.283342e+02  4.248828e+02 
 6.818162e-01  6.046668e+01  1.422002e+02  2.237023e+02  4.162602e+02 
 6.913204e-01  5.909154e+01  1.393829e+02  2.200951e+02  4.102503e+02 
 7.009570e-01  5.820293e+01  1.372160e+02  2.168839e+02  4.048171e+02 
 7.107280e-01  5.660928e+01  1.347337e+02  2.135441e+02  3.983753e+02 
 7.206351e-01  5.567983e+01  1.325367e+02  2.105256e+02  3.947363e+02 
 7.306804e-01  5.447631e+01  1.304724e+02  2.072099e+02  3.877970e+02 
 7.408657e-01  5.322167e+01  1.278146e+02  2.033992e+02  3.826294e+02 
 7.511929e-01  5.204581e+01  1.253627e+02  2.002525e+02  3.775545e+02 
 7.616642e-01  5.101633e+01  1.230181e+02  1.968979e+02  3.723814e+02 
 7.722814e-01  5.025894e+01  1.217606e+02  1.947994e+02  3.674907e+02 
 7.830465e-01  4.917673e+01  1.193402e+02  1.913622e+02  3.626884e+02 
 7.939618e-01  4.820115e+01  1.177305e+02  1.888246e+02  3.586676e+02 
 8.050292e-01  4.709044e+01  1.153925e+02  1.860990e+02  3.540674e+02 
 8.162509e-01  4.618974e+01  1.136709e+02  1.830720e+02  3.478323e+02 
 8.276289e-01  4.502250e+01  1.112806e+02  1.799167e+02  3.432857e+02 
 8.391656e-01  4.437431e+01  1.099243e+02  1.772820e+02  3.392275e+02 
 8.508632e-01  4.353859e+01  1.079655e+02  1.748084e+02  3.347693e+02 
 8.627237e-01  4.250781e+01  1.061240e+02  1.720955e+02  3.293360e+02 
 8.747496e-01  4.168527e+01  1.042107e+02  1.694171e+02  3.250039e+02 
 8.869432e-01  4.089993e+01  1.026663e+02  1.670744e+02  3.210180e+02 
 8.993067e-01  4.000865e+01  1.009485e+02  1.644727e+02  3.162707e+02 
 9.118425e-01  3.935567e+01  9.917434e+01  1.616669e+02  3.107352e+02 
 9.245531e-01  3.843556e+01  9.745503e+01  1.590522e+02  3.070786e+02 
 9.374409e-01  3.763778e+01  9.582728e+01  1.568697e+02  3.031233e+02 
 9.505083e-01  3.695275e+01  9.422998e+01  1.545294e+02  2.987490e+02 
 9.637579e-01  3.612595e+01  9.237767e+01  1.517222e+02  2.942962e+02 
 9.771921e-01  3.555273e+01  9.174924e+01  1.503106e+02  2.904812e+02 
 9.908137e-01  3.481845e+01  8.994478e+01  1.477210e+02  2.865662e+02 
 1.004625e+00  3.410137e+01  8.821472e+01  1.451341e+02  2.817414e+02 
 1.018629e+00  3.348840e+01  8.693397e+01  1.430786e+02  2.776541e+02 
 1.032828e+00  3.277984e+01  8.543791e+01  1.410606e+02  2.745454e+02 
 1.047225e+00  3.208091e+01  8.412918e+01  1.387818e+02  2.698374e+02 
 1.061823e+00  3.152448e+01  8.295117e+01  1.368772e+02  2.661457e+02 
 1.076624e+00  3.088972e+01  8.157193e+01  1.347990e+02  2.622360e+02 
 1.091632e+00  3.034253e+01  8.019307e+01  1.328742e+02  2.583167e+02 
 1.106848e+00  2.970698e+01  7.874117e+01  1.307496e+02  2.546945e+02 
 1.122277e+00  2.912932e+01  7.761588e+01  1.286241e+02  2.505511e+02 
 1.137921e+00  2.855666e+01  7.621949e+01  1.265990e+02  2.468866e+02 
 1.153783e+00  2.804729e+01  7.502785e+01  1.247309e+02  2.435053e+02 
 1.169866e+00  2.753884e+01  7.390676e+01  1.228558e+02  2.402233e+02 
 1.186174e+00  2.699248e+01  7.279346e+01  1.210098e+02  2.364690e+02 
 1.202708e+00  2.650947e+01  7.161834e+01  1.192759e+02  2.330902e+02 
 1.219473e+00  2.603511e+01  7.053420e+01  1.176036e+02  2.293327e+02 
 1.236472e+00  2.553596e+01  6.943168e+01  1.159195e+02  2.261937e+02 
 1.253708e+00  2.507395e+01  6.829515e+01  1.139344e+02  2.227310e+02 
 1.271184e+00  2.461827e+01  6.744618e+01  1.125887e+02  2.194411e+02 
 1.288904e+00  2.415797e+01  6.613060e+01  1.105559e+02  2.163413e+02 
 1.306870e+00  2.369347e+01  6.507053e+01  1.088350e+02  2.127691e+02 
 1.325087e+00  2.329660e+01  6.409386e+01  1.072666e+02  2.092670e+02 
 1.343558e+00  2.286734e+01  6.305631e+01  1.055657e+02  2.060518e+02 
 1.362287e+00  2.247045e+01  6.203294e+01  1.038057e+02  2.026952e+02 
 1.381276e+00  2.204393e+01  6.107159e+01  1.020041e+02  1.994087e+02 
 1.400531e+00  2.165875e+01  6.010139e+01  1.005000e+02  1.960268e+02 
 1.420053e+00  2.125208e+01  5.904681e+01  9.897702e+01  1.928277e+02 
 1.439848e+00  2.087486e+01  5.818860e+01  9.729836e+01  1.897830e+02 
 1.459919e+00  2.047679e+01  5.722988e+01  9.575600e+01  1.864782e+02 
 1.480269e+00  2.016043e+01  5.621920e+01  9.410689e+01  1.830717e+02 
 1.500903e+00  1.979403e+01  5.536744e+01  9.254627e+01  1.803623e+02 
 1.521825e+00  1.942678e+01  5.452141e+01  9.115139e+01  1.772522e+02 
 1.543038e+00  1.906908e+01  5.361001e+01  8.973347e+01  1.744568e+02 
 1.564548e+00  1.876050e+01  5.275558e+01  8.822942e+01  1.713128e+02 
 1.586357e+00  1.842754e+01  5.193969e+01  8.679226e+01  1.682732e+02 
 1.608469e+00  1.807918e+01  5.108469e+01  8.534329e+01  1.654954e+02 
 1.630891e+00  1.781562e+01  5.017034e+01  8.373778e+01  1.622618e+02 
 1.653624e+00  1.747303e+01  4.932329e+01  8.241268e+01  1.596366e+02 
 1.676675e+00  1.715871e+01  4.858551e+01  8.108013e+01  1.566754e+02 
 1.700047e+00  1.685220e+01  4.778918e+01  7.967390e+01  1.538977e+02 
 1.723745e+00  1.658136e+01  4.696675e+01  7.830321e+01  1.509458e+02 
 1.747773e+00  1.626755e+01  4.615203e+01  7.689828e+01  1.481593e+02 
 1.772136e+00  1.598470e+01  4.539028e+01  7.554540e+01  1.455588e+02 
 1.796838e+00  1.571482e+01  4.460489e+01  7.423856e+01  1.428156e+02 
 1.821885e+00  1.547092e+01  4.385038e+01  7.289079e+01  1.401946e+02 
 1.847281e+00  1.518926e+01  4.317114e+01  7.168855e+01  1.375985e+02 
 1.873032e+00  1.493203e+01  4.241838e+01  7.028149e+01  1.350189e+02 
 1.899141e+00  1.467476e+01  4.164512e+01  6.906392e+01  1.324774e+02 
 1.925614e+00  1.443358e+01  4.095244e+01  6.785058e+01  1.298467e+02 
 1.952456e+00  1.422316e+01  4.029588e+01  6.666353e+01  1.273531e+02 
 1.979672e+00  1.394670e+01  3.962183e+01  6.545855e+01  1.248877e+02 
 2.007267e+00  1.372480e+01  3.892607e+01  6.414461e+01  1.224851e+02 
 2.035248e+00  1.347633e+01  3.819901e+01  6.293876e+01  1.199774e+02 
 2.063618e+00  1.324219e+01  3.749096e+01  6.173866e+01  1.175154e+02 
 2.092383e+00  1.302363e+01  3.682097e+01  6.052795e+01  1.151254e+02 
 2.121550e+00  1.279184e+01  3.613872e+01  5.937605e+01  1.127604e+02 
 2.151123e+00  1.257812e+01  3.549660e+01  5.819809e+01  1.103800e+02 
 2.181109e+00  1.235841e+01  3.481621e+01  5.706431e+01  1.081603e+02 
 2.211512e+00  1.215142e+01  3.415448e+01  5.589864e+01  1.057575e+02 
 2.242340e+00  1.194162e+01  3.355694e+01  5.481656e+01  1.035925e+02 
 2.273597e+00  1.172551e+01  3.292747e+01  5.367675e+01  1.014021e+02 
 2.305289e+00  1.154070e+01  3.230605e+01  5.261420e+01  9.926753e+01 
 2.337424e+00  1.134449e+01  3.167890e+01  5.153511e+01  9.719203e+01 
 2.370006e+00  1.114788e+01  3.107977e+01  5.049838e+01  9.510812e+01 
 2.403043e+00  1.094526e+01  3.049294e+01  4.943714e+01  9.302245e+01 
 2.436540e+00  1.076740e+01  2.991910e+01  4.842732e+01  9.098769e+01 
 2.470504e+00  1.057972e+01  2.933743e+01  4.738789e+01  8.897811e+01 
 2.504942e+00  1.039732e+01  2.877495e+01  4.640468e+01  8.702218e+01 
 2.539859e+00  1.022213e+01  2.819245e+01  4.539563e+01  8.502923e+01 
 2.575263e+00  1.003248e+01  2.760935e+01  4.444236e+01  8.315840e+01 
 2.611161e+00  9.863265e+00  2.706098e+01  4.345190e+01  8.126772e+01 
 2.647559e+00  9.689237e+00  2.650900e+01  4.248413e+01  7.937295e+01 
 2.684465e+00  9.519076e+00  2.598358e+01  4.155101e+01  7.754741e+01 
 2.721885e+00  9.344213e+00  2.542353e+01  4.063254e+01  7.576487e+01 
 2.759826e+00  9.181438e+00  2.488625e+01  3.971564e+01  7.401438e+01 
 2.798297e+00  9.015664e+00  2.438018e+01  3.882470e+01  7.232700e+01 
 2.837304e+00  8.857193e+00  2.386651e+01  3.795206e+01  7.063439e+01 
 2.876854e+00  8.698712e+00  2.336066e+01  3.708769e+01  6.900059e+01 
 2.916956e+00  8.545144e+00  2.287487e+01  3.625172e+01  6.735692e+01 
 2.957617e+00  8.395379e+00  2.239280e+01  3.543877e+01  6.577624e+01 
 2.998844e+00  8.245248e+00  2.192027e+01  3.462409e+01  6.422179e+01 
 3.040646e+00  8.096328e+00  2.144214e+01  3.381700e+01  6.273436e+01 
 3.083031e+00  7.950313e+00  2.097073e+01  3.303155e+01  6.123355e+01 
 3.126007e+00  7.807884e+00  2.052029e+01  3.226032e+01  5.974493e+01 
 3.169582e+00  7.662807e+00  2.005439e+01  3.147873e+01  5.829518e+01 
 3.213764e+00  7.519994e+00  1.960724e+01  3.072898e+01  5.688082e+01 
 3.258562e+00  7.377486e+00  1.917205e+01  2.999380e+01  5.548538e+01 
 3.303985e+00  7.239158e+00  1.872828e+01  2.926264e+01  5.411969e+01 
 3.350041e+00  7.103680e+00  1.829382e+01  2.854720e+01  5.278146e+01 
 3.396739e+00  6.967338e+00  1.787316e+01  2.785752e+01  5.145276e+01 
 3.444087e+00  6.835839e+00  1.745817e+01  2.715857e+01  5.017876e+01 
 3.492096e+00  6.707194e+00  1.705786e+01  2.649866e+01  4.894467e+01 
 3.540774e+00  6.574919e+00  1.666064e+01  2.585156e+01  4.772802e+01 
 3.590130e+00  6.450931e+00  1.626912e+01  2.520867e+01  4.654556e+01 
 3.640175e+00  6.328576e+00  1.588959e+01  2.459689e+01  4.538818e+01 
 3.690917e+00  6.204888e+00  1.552533e+01  2.397313e+01  4.424962e+01 
 3.742366e+00  6.084529e+00  1.515035e+01  2.338292e+01  4.315372e+01 
 3.794533e+00  5.967987e+00  1.479379e+01  2.280033e+01  4.206778e+01 
 3.847427e+00  5.849655e+00  1.443768e+01  2.222390e+01  4.101412e+01 
 3.901058e+00  5.731649e+00  1.408918e+01  2.166485e+01  3.996536e+01 
 3.955436e+00  5.619885e+00  1.374679e+01  2.110376e+01  3.893834e+01 
 4.010573e+00  5.503890e+00  1.340893e+01  2.056929e+01  3.795229e+01 
 4.066478e+00  5.390864e+00  1.307317e+01  2.003571e+01  3.696784e+01 
 4.123163e+00  5.279006e+00  1.275189e+01  1.951689e+01  3.600828e+01 
 4.180637e+00  5.171343e+00  1.243738e+01  1.901488e+01  3.507266e+01 
 4.238913e+00  5.063763e+00  1.212454e+01  1.851712e+01  3.416814e+01 
 4.298001e+00  4.956333e+00  1.182067e+01  1.803840e+01  3.328013e+01 
 4.357913e+00  4.855697e+00  1.152286e+01  1.757366e+01  3.242632e+01 
 4.418660e+00  4.753283e+00  1.123794e+01  1.711415e+01  3.159595e+01 
 4.480254e+00  4.653113e+00  1.095503e+01  1.667154e+01  3.077839e+01 
 4.542706e+00  4.556486e+00  1.067941e+01  1.623851e+01  2.998455e+01 
 4.606029e+00  4.460002e+00  1.041367e+01  1.581827e+01  2.921773e+01 
 4.670234e+00  4.365120e+00  1.015198e+01  1.541292e+01  2.846880e+01 
 4.735335e+00  4.272477e+00  9.896981e+00  1.501182e+01  2.773335e+01 
 4.801343e+00  4.182040e+00  9.647771e+00  1.462190e+01  2.701080e+01 
 4.868271e+00  4.090707e+00  9.400753e+00  1.423718e+01  2.630543e+01 
 4.936132e+00  4.001359e+00  9.158689e+00  1.386057e+01  2.561500e+01 
 5.004939e+00  3.912502e+00  8.922379e+00  1.349431e+01  2.494040e+01 
 5.074705e+00  3.825052e+00  8.691362e+00  1.313453e+01  2.428271e+01 
 5.145444e+00  3.740282e+00  8.465444e+00  1.278641e+01  2.364003e+01 
 5.217169e+00  3.655527e+00  8.244603e+00  1.244411e+01  2.301161e+01 
 5.289893e+00  3.574438e+00  8.030844e+00  1.211696e+01  2.240799e+01 
 5.363631e+00  3.492884e+00  7.822194e+00  1.179311e+01  2.181549e+01 
 5.438397e+00  3.414621e+00  7.618513e+00  1.148216e+01  2.123863e+01 
 5.514206e+00  3.337643e+00  7.421648e+00  1.117864e+01  2.068100e+01 
 5.591071e+00  3.261512e+00  7.230038e+00  1.088436e+01  2.013777e+01 
 5.669007e+00  3.188675e+00  7.044350e+00  1.059892e+01  1.961484e+01 
 5.748030e+00  3.116531e+00  6.862809e+00  1.031991e+01  1.909950e+01 
 5.828155e+00  3.045733e+00  6.686231e+00  1.005044e+01  1.859977e+01 
 5.909396e+00  2.976306e+00  6.513945e+00  9.786806e+00  1.811458e+01 
 5.991770e+00  2.907810e+00  6.345137e+00  9.527537e+00  1.764005e+01 
 6.075292e+00  2.840496e+00  6.180622e+00  9.276174e+00  1.717070e+01 
 6.159978e+00  2.774174e+00  6.018381e+00  9.030061e+00  1.671576e+01 
 6.245845e+00  2.709257e+00  5.860646e+00  8.790305e+00  1.627136e+01 
 6.332908e+00  2.645261e+00  5.706344e+00  8.555205e+00  1.583506e+01 
 6.421186e+00  2.582804e+00  5.556616e+00  8.326475e+00  1.541173e+01 
 6.510694e+00  2.521471e+00  5.410527e+00  8.104538e+00  1.500074e+01 
 6.601449e+00  2.462019e+00  5.268843e+00  7.888838e+00  1.459951e+01 
 6.693470e+00  2.403317e+00  5.130678e+00  7.678879e+00  1.420991e+01 
 6.786773e+00  2.346571e+00  4.996512e+00  7.475138e+00  1.383326e+01 
 6.881377e+00  2.291408e+00  4.866965e+00  7.277594e+00  1.346527e+01 
 6.977300e+00  2.237334e+00  4.741140e+00  7.087312e+00  1.310854e+01 
 7.074559e+00  2.185064e+00  4.618780e+00  6.900919e+00  1.276174e+01 
 7.173175e+00  2.133621e+00  4.500030e+00  6.720203e+00  1.242536e+01 
 7.273165e+00  2.083755e+00  4.384412e+00  6.545189e+00  1.209840e+01 
 7.374549e+00  2.034594e+00  4.271548e+00  6.373838e+00  1.178015e+01 
 7.477346e+00  1.986349e+00  4.161473e+00  6.207142e+00  1.146696e+01 
 7.581576e+00  1.939229e+00  4.053326e+00  6.043179e+00  1.116144e+01 
 7.687260e+00  1.892764e+00  3.948174e+00  5.883485e+00  1.086335e+01 
 7.794416e+00  1.847424e+00  3.845513e+00  5.727056e+00  1.057132e+01 
 7.903066e+00  1.803075e+00  3.744593e+00  5.574343e+00  1.028604e+01 
 8.013230e+00  1.759670e+00  3.647185e+00  5.426616e+00  1.000902e+01 
 8.124930e+00  1.717269e+00  3.551984e+00  5.282545e+00  9.738793e+00 
 8.238187e+00  1.676151e+00  3.459463e+00  5.142121e+00  9.475916e+00 
 8.353023e+00  1.635948e+00  3.369630e+00  5.005916e+00  9.220452e+00 
 8.469460e+00  1.596962e+00  3.282664e+00  4.873985e+00  8.972887e+00 
 8.587519e+00  1.559107e+00  3.198031e+00  4.745536e+00  8.732283e+00 
 8.707225e+00  1.522248e+00  3.115942e+00  4.621327e+00  8.499101e+00 
 8.828599e+00  1.486440e+00  3.036455e+00  4.500903e+00  8.272232e+00 
 8.951665e+00  1.451485e+00  2.959328e+00  4.383449e+00  8.052628e+00 
 9.076446e+00  1.417595e+00  2.884088e+00  4.269545e+00  7.838654e+00 
 9.202967e+00  1.384364e+00  2.810809e+00  4.158783e+00  7.629846e+00 
 9.331251e+00  1.351793e+00  2.739107e+00  4.049979e+00  7.425897e+00 
 9.461324e+00  0.000000e+00  0.000000e+00  0.000000e+00  0.000000e+00 
 9.593209e+00  0.000000e+00  0.000000e+00  0.000000e+00  0.000000e+00 
 9.726934e+00  0.000000e+00  0.000000e+00  0.000000e+00  0.000000e+00 
 9.862522e+00  0.000000e+00  0.000000e+00  0.000000e+00  0.000000e+00 
 1.000000e+01  0.000000e+00  0.000000e+00  0.000000e+00  0.000000e+00 
