 1.000000e-02  6.046857e+03  1.132531e+04  1.556336e+04  2.373549e+04 
 1.013939e-02  6.080943e+03  1.138899e+04  1.565070e+04  2.386812e+04 
 1.028073e-02  6.114544e+03  1.145175e+04  1.573677e+04  2.399880e+04 
 1.042404e-02  6.147645e+03  1.151357e+04  1.582153e+04  2.412746e+04 
 1.056935e-02  6.180224e+03  1.157441e+04  1.590493e+04  2.425403e+04 
 1.071668e-02  6.212258e+03  1.163421e+04  1.598690e+04  2.437841e+04 
 1.086606e-02  6.243728e+03  1.169294e+04  1.606740e+04  2.450052e+04 
 1.101753e-02  6.274610e+03  1.175058e+04  1.614639e+04  2.462027e+04 
 1.117111e-02  6.304881e+03  1.180706e+04  1.622378e+04  2.473757e+04 
 1.132683e-02  6.334519e+03  1.186236e+04  1.629952e+04  2.485234e+04 
 1.148472e-02  6.363503e+03  1.191640e+04  1.637355e+04  2.496447e+04 
 1.164481e-02  6.391808e+03  1.196918e+04  1.644581e+04  2.507389e+04 
 1.180713e-02  6.419413e+03  1.202064e+04  1.651626e+04  2.518050e+04 
 1.197171e-02  6.446292e+03  1.207072e+04  1.658483e+04  2.528422e+04 
 1.213859e-02  6.472424e+03  1.211941e+04  1.665145e+04  2.538496e+04 
 1.230780e-02  6.497783e+03  1.216664e+04  1.671607e+04  2.548260e+04 
 1.247936e-02  6.522353e+03  1.221238e+04  1.677862e+04  2.557708e+04 
 1.265332e-02  6.546108e+03  1.225659e+04  1.683907e+04  2.566831e+04 
 1.282970e-02  6.569026e+03  1.229922e+04  1.689735e+04  2.575620e+04 
 1.300854e-02  6.591085e+03  1.234024e+04  1.695340e+04  2.584068e+04 
 1.318987e-02  6.612264e+03  1.237961e+04  1.700717e+04  2.592164e+04 
 1.337373e-02  6.632543e+03  1.241728e+04  1.705861e+04  2.599902e+04 
 1.356015e-02  6.651890e+03  1.245320e+04  1.710763e+04  2.607269e+04 
 1.374917e-02  6.670286e+03  1.248735e+04  1.715420e+04  2.614259e+04 
 1.394083e-02  6.687707e+03  1.251965e+04  1.719824e+04  2.620859e+04 
 1.413516e-02  6.704133e+03  1.255008e+04  1.723970e+04  2.627064e+04 
 1.433219e-02  6.719523e+03  1.257857e+04  1.727848e+04  2.632858e+04 
 1.453198e-02  6.733865e+03  1.260510e+04  1.731454e+04  2.638233e+04 
 1.473454e-02  6.747122e+03  1.262959e+04  1.734779e+04  2.643178e+04 
 1.493993e-02  6.759286e+03  1.265202e+04  1.737823e+04  2.647689e+04 
 1.514819e-02  6.770397e+03  1.267250e+04  1.740598e+04  2.651791e+04 
 1.535935e-02  6.780402e+03  1.269091e+04  1.743088e+04  2.655455e+04 
 1.557345e-02  6.789229e+03  1.270710e+04  1.745274e+04  2.658652e+04 
 1.579053e-02  6.796871e+03  1.272108e+04  1.747153e+04  2.661380e+04 
 1.601064e-02  6.803304e+03  1.273278e+04  1.748720e+04  2.663627e+04 
 1.623382e-02  6.808517e+03  1.274219e+04  1.749972e+04  2.665390e+04 
 1.646012e-02  6.812478e+03  1.274927e+04  1.750899e+04  2.666656e+04 
 1.668956e-02  6.815179e+03  1.275396e+04  1.751500e+04  2.667422e+04 
 1.692220e-02  6.816598e+03  1.275625e+04  1.751770e+04  2.667680e+04 
 1.715809e-02  6.816717e+03  1.275611e+04  1.751705e+04  2.667423e+04 
 1.739726e-02  6.815516e+03  1.275347e+04  1.751296e+04  2.666640e+04 
 1.763977e-02  6.812968e+03  1.274832e+04  1.750541e+04  2.665325e+04 
 1.788566e-02  6.809053e+03  1.274060e+04  1.749431e+04  2.663468e+04 
 1.813498e-02  6.803757e+03  1.273028e+04  1.747966e+04  2.661062e+04 
 1.838777e-02  6.797062e+03  1.271734e+04  1.746138e+04  2.658103e+04 
 1.864409e-02  6.788950e+03  1.270175e+04  1.743945e+04  2.654583e+04 
 1.890397e-02  6.779408e+03  1.268346e+04  1.741381e+04  2.650497e+04 
 1.916748e-02  6.768424e+03  1.266247e+04  1.738446e+04  2.645842e+04 
 1.943467e-02  6.755987e+03  1.263876e+04  1.735134e+04  2.640610e+04 
 1.970558e-02  6.742090e+03  1.261230e+04  1.731446e+04  2.634800e+04 
 1.998026e-02  6.726724e+03  1.258310e+04  1.727379e+04  2.628411e+04 
 2.025878e-02  6.709886e+03  1.255113e+04  1.722933e+04  2.621440e+04 
 2.054117e-02  6.691573e+03  1.251640e+04  1.718105e+04  2.613886e+04 
 2.082751e-02  6.671793e+03  1.247892e+04  1.712899e+04  2.605753e+04 
 2.111783e-02  6.650550e+03  1.243869e+04  1.707315e+04  2.597042e+04 
 2.141220e-02  6.627935e+03  1.239585e+04  1.701367e+04  2.587761e+04 
 2.171068e-02  6.604454e+03  1.235109e+04  1.695126e+04  2.577954e+04 
 2.201331e-02  6.579506e+03  1.230358e+04  1.688507e+04  2.567566e+04 
 2.232016e-02  6.553088e+03  1.225333e+04  1.681508e+04  2.556599e+04 
 2.263130e-02  6.525200e+03  1.220031e+04  1.674129e+04  2.545051e+04 
 2.294676e-02  6.495842e+03  1.214453e+04  1.666372e+04  2.532925e+04 
 2.326663e-02  6.465024e+03  1.208603e+04  1.658239e+04  2.520223e+04 
 2.359095e-02  6.432757e+03  1.202481e+04  1.649733e+04  2.506953e+04 
 2.391980e-02  6.399055e+03  1.196090e+04  1.640856e+04  2.493117e+04 
 2.425323e-02  6.363936e+03  1.189434e+04  1.631616e+04  2.478725e+04 
 2.459130e-02  6.327424e+03  1.182517e+04  1.622018e+04  2.463787e+04 
 2.493409e-02  6.289545e+03  1.175344e+04  1.612066e+04  2.448313e+04 
 2.528166e-02  6.250329e+03  1.167922e+04  1.601772e+04  2.432315e+04 
 2.563407e-02  6.209807e+03  1.160254e+04  1.591142e+04  2.415807e+04 
 2.599140e-02  6.168030e+03  1.152351e+04  1.580189e+04  2.398807e+04 
 2.635371e-02  6.125041e+03  1.144222e+04  1.568926e+04  2.381335e+04 
 2.672106e-02  6.080891e+03  1.135876e+04  1.557365e+04  2.363410e+04 
 2.709354e-02  6.035607e+03  1.127319e+04  1.545512e+04  2.345043e+04 
 2.747121e-02  5.989216e+03  1.118554e+04  1.533377e+04  2.326245e+04 
 2.785414e-02  5.941666e+03  1.109575e+04  1.520949e+04  2.307013e+04 
 2.824241e-02  5.892682e+03  1.100341e+04  1.508184e+04  2.287296e+04 
 2.863610e-02  5.842687e+03  1.090917e+04  1.495160e+04  2.267189e+04 
 2.903527e-02  5.791721e+03  1.081312e+04  1.481887e+04  2.246707e+04 
 2.944000e-02  5.739829e+03  1.071535e+04  1.468380e+04  2.225871e+04 
 2.985038e-02  5.687064e+03  1.061596e+04  1.454649e+04  2.204700e+04 
 3.026648e-02  5.633482e+03  1.051503e+04  1.440709e+04  2.183214e+04 
 3.068838e-02  5.579140e+03  1.041270e+04  1.426578e+04  2.161441e+04 
 3.111616e-02  5.524110e+03  1.030909e+04  1.412271e+04  2.139408e+04 
 3.154990e-02  5.468467e+03  1.020433e+04  1.397810e+04  2.117143e+04 
 3.198969e-02  5.412290e+03  1.009859e+04  1.383213e+04  2.094680e+04 
 3.243561e-02  5.355671e+03  9.992031e+03  1.368506e+04  2.072053e+04 
 3.288774e-02  5.298700e+03  9.884823e+03  1.353710e+04  2.049295e+04 
 3.334618e-02  5.241492e+03  9.777176e+03  1.338856e+04  2.026455e+04 
 3.381101e-02  5.184117e+03  9.669221e+03  1.323959e+04  2.003556e+04 
 3.428231e-02  5.126635e+03  9.561077e+03  1.309040e+04  1.980626e+04 
 3.476019e-02  5.068922e+03  9.452873e+03  1.294154e+04  1.957882e+04 
 3.524473e-02  5.011189e+03  9.344651e+03  1.279268e+04  1.935147e+04 
 3.573602e-02  4.953490e+03  9.236501e+03  1.264393e+04  1.912434e+04 
 3.623416e-02  4.895882e+03  9.128525e+03  1.249543e+04  1.889764e+04 
 3.673925e-02  4.838420e+03  9.020832e+03  1.234733e+04  1.867161e+04 
 3.725137e-02  4.781173e+03  8.913547e+03  1.219981e+04  1.844651e+04 
 3.777064e-02  4.724205e+03  8.806787e+03  1.205301e+04  1.822258e+04 
 3.829714e-02  4.667581e+03  8.700678e+03  1.190712e+04  1.800008e+04 
 3.883098e-02  4.611377e+03  8.595363e+03  1.176234e+04  1.777933e+04 
 3.937226e-02  4.555678e+03  8.491000e+03  1.161886e+04  1.756061e+04 
 3.992109e-02  4.500559e+03  8.387726e+03  1.147691e+04  1.734426e+04 
 4.047757e-02  4.446098e+03  8.285644e+03  1.133653e+04  1.713025e+04 
 4.104181e-02  4.392100e+03  8.183667e+03  1.119549e+04  1.691285e+04 
 4.161391e-02  4.338960e+03  8.083307e+03  1.105666e+04  1.669890e+04 
 4.219398e-02  4.286726e+03  7.984646e+03  1.092018e+04  1.648856e+04 
 4.278214e-02  4.235427e+03  7.887736e+03  1.078613e+04  1.628195e+04 
 4.337850e-02  4.185081e+03  7.792620e+03  1.065454e+04  1.607914e+04 
 4.398317e-02  4.135711e+03  7.699335e+03  1.052547e+04  1.588021e+04 
 4.459628e-02  4.087337e+03  7.607915e+03  1.039898e+04  1.568523e+04 
 4.521792e-02  4.039978e+03  7.518401e+03  1.027511e+04  1.549429e+04 
 4.584824e-02  3.993649e+03  7.430822e+03  1.015391e+04  1.530744e+04 
 4.648734e-02  3.948373e+03  7.345212e+03  1.003542e+04  1.512471e+04 
 4.713535e-02  3.904402e+03  7.263012e+03  9.922634e+03  1.495347e+04 
 4.779239e-02  3.861647e+03  7.183668e+03  9.814380e+03  1.479080e+04 
 4.845859e-02  3.819965e+03  7.106319e+03  9.708860e+03  1.463225e+04 
 4.913407e-02  3.779344e+03  7.030937e+03  9.606028e+03  1.447775e+04 
 4.981898e-02  3.739755e+03  6.957473e+03  9.505813e+03  1.432720e+04 
 5.051342e-02  3.701164e+03  6.885870e+03  9.408146e+03  1.418048e+04 
 5.121755e-02  3.663532e+03  6.816050e+03  9.312917e+03  1.403744e+04 
 5.193150e-02  3.626817e+03  6.747932e+03  9.220011e+03  1.389789e+04 
 5.265540e-02  3.590973e+03  6.681434e+03  9.129318e+03  1.376167e+04 
 5.338938e-02  3.555631e+03  6.615290e+03  9.038503e+03  1.362362e+04 
 5.413360e-02  3.520673e+03  6.549165e+03  8.946995e+03  1.348258e+04 
 5.488820e-02  3.486381e+03  6.484286e+03  8.857200e+03  1.334413e+04 
 5.565331e-02  3.452700e+03  6.420550e+03  8.768968e+03  1.320804e+04 
 5.642908e-02  3.419468e+03  6.357646e+03  8.681871e+03  1.307366e+04 
 5.721568e-02  3.386634e+03  6.295491e+03  8.595807e+03  1.294082e+04 
 5.801323e-02  3.354028e+03  6.233791e+03  8.510398e+03  1.280908e+04 
 5.882190e-02  3.321782e+03  6.172803e+03  8.426008e+03  1.267901e+04 
 5.964185e-02  3.289819e+03  6.112819e+03  8.343482e+03  1.255310e+04 
 6.047322e-02  3.258578e+03  6.055392e+03  8.265725e+03  1.243786e+04 
 6.131619e-02  3.227043e+03  5.997383e+03  8.187135e+03  1.232126e+04 
 6.217090e-02  3.195249e+03  5.938867e+03  8.107827e+03  1.220350e+04 
 6.303753e-02  3.163021e+03  5.879545e+03  8.027414e+03  1.208410e+04 
 6.391624e-02  3.130298e+03  5.819318e+03  7.945779e+03  1.196288e+04 
 6.480720e-02  3.096918e+03  5.757878e+03  7.862502e+03  1.183924e+04 
 6.571058e-02  3.062781e+03  5.695044e+03  7.777323e+03  1.171277e+04 
 6.662655e-02  3.026342e+03  5.625553e+03  7.680503e+03  1.156164e+04 
 6.755528e-02  2.988922e+03  5.554190e+03  7.581078e+03  1.140645e+04 
 6.849697e-02  2.950483e+03  5.480964e+03  7.479149e+03  1.124761e+04 
 6.945178e-02  2.910952e+03  5.405751e+03  7.374545e+03  1.108489e+04 
 7.041990e-02  2.870278e+03  5.328457e+03  7.267146e+03  1.091810e+04 
 7.140151e-02  2.828418e+03  5.248998e+03  7.156840e+03  1.074712e+04 
 7.239681e-02  2.785677e+03  5.168304e+03  7.045333e+03  1.057595e+04 
 7.340598e-02  2.742112e+03  5.086541e+03  6.932937e+03  1.040535e+04 
 7.442922e-02  2.697343e+03  5.002580e+03  6.817584e+03  1.023043e+04 
 7.546673e-02  2.651418e+03  4.916515e+03  6.699406e+03  1.005139e+04 
 7.651869e-02  2.604393e+03  4.828449e+03  6.578542e+03  9.868457e+03 
 7.758532e-02  2.556347e+03  4.738533e+03  6.455198e+03  9.681931e+03 
 7.866682e-02  2.508455e+03  4.650408e+03  6.335790e+03  9.505076e+03 
 7.976339e-02  2.461483e+03  4.566398e+03  6.224365e+03  9.346191e+03 
 8.087525e-02  2.413787e+03  4.480979e+03  6.110964e+03  9.184206e+03 
 8.200261e-02  2.365529e+03  4.394447e+03  5.995980e+03  9.019695e+03 
 8.314568e-02  2.316878e+03  4.307118e+03  5.879840e+03  8.853281e+03 
 8.430468e-02  2.268025e+03  4.219334e+03  5.763009e+03  8.685650e+03 
 8.547985e-02  2.218033e+03  4.127708e+03  5.639287e+03  8.503693e+03 
 8.667139e-02  2.167752e+03  4.034734e+03  5.512958e+03  8.315952e+03 
 8.787954e-02  2.117948e+03  3.942633e+03  5.387813e+03  8.129952e+03 
 8.910453e-02  2.068834e+03  3.851803e+03  5.264394e+03  7.946494e+03 
 9.034660e-02  2.020623e+03  3.762638e+03  5.143234e+03  7.766374e+03 
 9.160598e-02  1.974314e+03  3.678075e+03  5.029328e+03  7.599370e+03 
 9.288292e-02  1.929997e+03  3.598156e+03  4.922617e+03  7.445122e+03 
 9.417766e-02  1.887111e+03  3.520803e+03  4.819325e+03  7.295802e+03 
 9.549045e-02  1.845820e+03  3.446325e+03  4.719878e+03  7.152055e+03 
 9.682153e-02  1.806267e+03  3.374994e+03  4.624651e+03  7.014458e+03 
 9.817117e-02  1.768822e+03  3.307937e+03  4.535604e+03  6.886959e+03 
 9.953962e-02  1.733407e+03  3.244726e+03  4.451880e+03  6.767632e+03 
 1.009272e-01  1.699973e+03  3.185107e+03  4.372987e+03  6.655374e+03 
 1.023340e-01  1.668561e+03  3.129171e+03  4.299054e+03  6.550397e+03 
 1.037605e-01  1.638332e+03  3.074347e+03  4.225656e+03  6.443946e+03 
 1.052069e-01  1.606966e+03  3.013549e+03  4.140597e+03  6.311881e+03 
 1.066734e-01  1.577557e+03  2.956438e+03  4.060616e+03  6.187548e+03 
 1.081604e-01  1.549985e+03  2.902786e+03  3.985397e+03  6.070463e+03 
 1.096681e-01  1.524097e+03  2.852300e+03  3.914545e+03  5.960013e+03 
 1.111968e-01  1.500246e+03  2.806243e+03  3.850108e+03  5.859375e+03 
 1.127468e-01  1.477686e+03  2.762638e+03  3.789061e+03  5.763893e+03 
 1.143184e-01  1.456159e+03  2.720969e+03  3.730676e+03  5.672465e+03 
 1.159120e-01  1.435411e+03  2.680772e+03  3.674325e+03  5.584148e+03 
 1.175277e-01  1.416541e+03  2.645595e+03  3.626166e+03  5.510980e+03 
 1.191660e-01  1.398001e+03  2.611165e+03  3.579148e+03  5.439770e+03 
 1.208271e-01  1.379393e+03  2.576619e+03  3.531980e+03  5.368347e+03 
 1.225114e-01  1.360431e+03  2.541425e+03  3.483967e+03  5.295828e+03 
 1.242191e-01  1.340633e+03  2.504670e+03  3.434109e+03  5.222092e+03 
 1.259506e-01  1.320044e+03  2.466459e+03  3.382266e+03  5.145352e+03 
 1.277063e-01  1.298468e+03  2.426431e+03  3.327950e+03  5.064869e+03 
 1.294865e-01  1.276247e+03  2.385488e+03  3.272451e+03  4.982223e+03 
 1.312915e-01  1.253357e+03  2.343627e+03  3.215773e+03  4.897365e+03 
 1.331216e-01  1.229211e+03  2.299435e+03  3.155916e+03  4.807702e+03 
 1.349772e-01  1.203889e+03  2.253111e+03  3.093206e+03  4.713902e+03 
 1.368587e-01  1.178905e+03  2.209948e+03  3.037691e+03  4.639344e+03 
 1.387665e-01  1.152893e+03  2.164773e+03  2.979314e+03  4.560128e+03 
 1.407008e-01  1.126051e+03  2.117940e+03  2.918543e+03  4.476932e+03 
 1.426621e-01  1.099539e+03  2.071804e+03  2.858216e+03  4.391708e+03 
 1.446507e-01  1.072981e+03  2.025510e+03  2.797429e+03  4.304743e+03 
 1.466671e-01  1.046371e+03  1.978972e+03  2.736183e+03  4.216800e+03 
 1.487115e-01  1.017352e+03  1.925348e+03  2.663428e+03  4.108553e+03 
 1.507845e-01  9.872026e+02  1.867914e+03  2.584263e+03  3.988678e+03 
 1.528864e-01  9.581206e+02  1.812502e+03  2.507862e+03  3.872916e+03 
 1.550175e-01  9.325665e+02  1.766039e+03  2.445538e+03  3.781896e+03 
 1.571784e-01  9.100174e+02  1.726779e+03  2.394305e+03  3.709977e+03 
 1.593694e-01  8.889956e+02  1.690254e+03  2.346713e+03  3.643364e+03 
 1.615909e-01  8.701450e+02  1.657998e+03  2.304961e+03  3.585264e+03 
 1.638434e-01  8.531859e+02  1.629314e+03  2.268061e+03  3.534317e+03 
 1.661273e-01  8.378364e+02  1.603556e+03  2.235111e+03  3.489281e+03 
 1.684430e-01  8.199517e+02  1.569544e+03  2.188485e+03  3.419871e+03 
 1.707910e-01  8.030206e+02  1.536914e+03  2.143485e+03  3.352537e+03 
 1.731717e-01  7.880242e+02  1.508490e+03  2.104579e+03  3.294699e+03 
 1.755856e-01  7.768526e+02  1.489489e+03  2.079821e+03  3.259082e+03 
 1.780332e-01  7.662677e+02  1.471560e+03  2.056527e+03  3.225709e+03 
 1.805149e-01  7.539050e+02  1.447646e+03  2.022735e+03  3.171901e+03 
 1.830312e-01  7.403357e+02  1.419898e+03  1.982334e+03  3.105388e+03 
 1.855825e-01  7.266925e+02  1.392440e+03  1.942807e+03  3.041338e+03 
 1.881694e-01  7.134914e+02  1.368251e+03  1.910536e+03  2.994922e+03 
 1.907924e-01  6.995829e+02  1.342706e+03  1.876358e+03  2.945445e+03 
 1.934520e-01  6.843241e+02  1.314442e+03  1.838595e+03  2.892028e+03 
 1.961486e-01  6.680421e+02  1.284179e+03  1.798089e+03  2.834748e+03 
 1.988828e-01  6.524799e+02  1.256162e+03  1.760923e+03  2.781959e+03 
 2.016551e-01  6.384221e+02  1.232240e+03  1.729768e+03  2.737580e+03 
 2.044661e-01  6.235822e+02  1.206359e+03  1.695509e+03  2.687691e+03 
 2.073162e-01  6.070463e+02  1.174986e+03  1.651817e+03  2.620260e+03 
 2.102061e-01  5.905677e+02  1.143678e+03  1.608179e+03  2.552785e+03 
 2.131362e-01  5.790319e+02  1.127041e+03  1.588583e+03  2.527010e+03 
 2.161073e-01  5.681867e+02  1.111793e+03  1.570974e+03  2.504362e+03 
 2.191197e-01  5.539271e+02  1.086812e+03  1.538608e+03  2.460707e+03 
 2.221741e-01  5.396871e+02  1.061087e+03  1.504873e+03  2.415190e+03 
 2.252711e-01  5.270737e+02  1.039049e+03  1.476525e+03  2.377136e+03 
 2.284112e-01  5.157103e+02  1.019551e+03  1.451760e+03  2.344295e+03 
 2.315951e-01  5.059005e+02  1.001797e+03  1.427417e+03  2.306123e+03 
 2.348235e-01  4.971637e+02  9.856782e+02  1.404683e+03  2.268479e+03 
 2.380968e-01  4.866033e+02  9.645302e+02  1.374662e+03  2.221850e+03 
 2.414157e-01  4.758968e+02  9.427312e+02  1.343680e+03  2.174343e+03 
 2.447809e-01  4.651651e+02  9.218075e+02  1.314789e+03  2.130330e+03 
 2.481930e-01  4.546063e+02  9.013928e+02  1.286707e+03  2.087530e+03 
 2.516527e-01  4.482904e+02  8.910555e+02  1.273013e+03  2.066756e+03 
 2.551606e-01  4.404279e+02  8.771326e+02  1.254213e+03  2.038582e+03 
 2.587174e-01  4.284825e+02  8.535789e+02  1.221773e+03  1.991263e+03 
 2.623238e-01  4.183876e+02  8.350752e+02  1.196949e+03  1.955600e+03 
 2.659804e-01  4.103910e+02  8.222110e+02  1.180615e+03  1.932975e+03 
 2.696881e-01  3.998003e+02  8.028631e+02  1.154492e+03  1.893431e+03 
 2.734474e-01  3.886009e+02  7.819231e+02  1.125951e+03  1.849741e+03 
 2.772591e-01  3.803620e+02  7.684579e+02  1.109313e+03  1.828747e+03 
 2.811239e-01  3.717784e+02  7.534902e+02  1.090428e+03  1.805850e+03 
 2.850426e-01  3.627739e+02  7.366200e+02  1.068747e+03  1.780981e+03 
 2.890160e-01  3.548219e+02  7.229243e+02  1.050938e+03  1.754890e+03 
 2.930447e-01  3.475042e+02  7.099855e+02  1.033218e+03  1.726129e+03 
 2.971296e-01  3.405044e+02  6.954292e+02  1.010664e+03  1.686365e+03 
 3.012714e-01  3.342095e+02  6.843598e+02  9.957996e+02  1.663906e+03 
 3.054710e-01  3.278878e+02  6.738166e+02  9.827096e+02  1.646591e+03 
 3.097291e-01  3.200477e+02  6.593271e+02  9.638009e+02  1.621243e+03 
 3.140465e-01  3.128017e+02  6.444946e+02  9.421888e+02  1.585054e+03 
 3.184242e-01  3.062883e+02  6.313510e+02  9.229825e+02  1.552657e+03 
 3.228628e-01  3.012102e+02  6.231122e+02  9.128731e+02  1.540867e+03 
 3.273634e-01  2.937969e+02  6.081073e+02  8.911946e+02  1.505849e+03 
 3.319266e-01  2.861496e+02  5.932215e+02  8.705775e+02  1.474714e+03 
 3.365535e-01  2.789959e+02  5.805387e+02  8.543852e+02  1.453393e+03 
 3.412449e-01  2.742537e+02  5.743032e+02  8.467830e+02  1.440448e+03 
 3.460016e-01  2.690330e+02  5.656901e+02  8.355657e+02  1.424407e+03 
 3.508247e-01  2.639323e+02  5.564141e+02  8.230616e+02  1.406015e+03 
 3.557150e-01  2.590001e+02  5.470290e+02  8.101952e+02  1.386088e+03 
 3.606735e-01  2.532769e+02  5.366218e+02  7.964423e+02  1.366381e+03 
 3.657011e-01  2.463016e+02  5.231780e+02  7.780739e+02  1.341321e+03 
 3.707988e-01  2.407498e+02  5.124161e+02  7.633620e+02  1.319290e+03 
 3.759675e-01  2.356458e+02  5.025500e+02  7.497628e+02  1.298827e+03 
 3.812083e-01  2.303139e+02  4.927670e+02  7.364117e+02  1.279366e+03 
 3.865221e-01  2.257880e+02  4.860818e+02  7.282820e+02  1.264332e+03 
 3.919100e-01  2.211337e+02  4.750027e+02  7.115600e+02  1.242462e+03 
 3.973730e-01  2.158852e+02  4.663882e+02  7.006734e+02  1.224367e+03 
 4.029122e-01  2.118212e+02  4.598964e+02  6.913465e+02  1.206385e+03 
 4.085286e-01  2.076162e+02  4.506322e+02  6.780849e+02  1.187539e+03 
 4.142232e-01  2.025053e+02  4.400977e+02  6.643188e+02  1.170848e+03 
 4.199973e-01  1.976450e+02  4.317144e+02  6.536575e+02  1.154747e+03 
 4.258518e-01  1.938244e+02  4.244258e+02  6.430473e+02  1.135664e+03 
 4.317880e-01  1.897508e+02  4.161071e+02  6.306217e+02  1.116857e+03 
 4.378069e-01  1.861593e+02  4.088784e+02  6.202040e+02  1.099151e+03 
 4.439097e-01  1.831864e+02  4.042774e+02  6.148110e+02  1.094976e+03 
 4.500975e-01  1.783500e+02  3.951376e+02  6.021104e+02  1.075823e+03 
 4.563716e-01  1.742378e+02  3.865413e+02  5.894014e+02  1.052451e+03 
 4.627332e-01  1.717053e+02  3.830781e+02  5.857573e+02  1.048980e+03 
 4.691835e-01  1.674428e+02  3.744145e+02  5.730194e+02  1.026949e+03 
 4.757236e-01  1.643781e+02  3.683721e+02  5.648054e+02  1.014420e+03 
 4.823549e-01  1.602215e+02  3.596520e+02  5.526244e+02  9.984895e+02 
 4.890787e-01  1.569666e+02  3.532718e+02  5.438346e+02  9.841392e+02 
 4.958962e-01  1.545815e+02  3.484555e+02  5.361176e+02  9.696161e+02 
 5.028087e-01  1.513469e+02  3.427238e+02  5.283001e+02  9.581761e+02 
 5.098176e-01  1.486788e+02  3.377193e+02  5.206789e+02  9.424047e+02 
 5.169242e-01  1.462276e+02  3.330140e+02  5.144095e+02  9.337496e+02 
 5.241298e-01  1.415926e+02  3.250897e+02  5.047033e+02  9.217937e+02 
 5.314359e-01  1.392402e+02  3.213186e+02  4.992785e+02  9.128954e+02 
 5.388438e-01  1.364298e+02  3.147975e+02  4.895032e+02  8.981627e+02 
 5.463550e-01  1.341236e+02  3.100875e+02  4.822890e+02  8.860847e+02 
 5.539709e-01  1.307165e+02  3.041428e+02  4.746000e+02  8.735386e+02 
 5.616930e-01  1.285232e+02  2.997411e+02  4.682516e+02  8.635466e+02 
 5.695227e-01  1.261146e+02  2.959020e+02  4.633360e+02  8.518765e+02 
 5.774615e-01  1.233281e+02  2.892780e+02  4.535784e+02  8.381679e+02 
 5.855110e-01  1.212164e+02  2.851481e+02  4.469480e+02  8.270320e+02 
 5.936727e-01  1.185283e+02  2.787195e+02  4.381842e+02  8.137320e+02 
 6.019482e-01  1.166557e+02  2.758104e+02  4.331045e+02  8.041722e+02 
 6.103390e-01  1.140131e+02  2.712715e+02  4.269890e+02  7.923703e+02 
 6.188468e-01  1.115581e+02  2.674011e+02  4.238182e+02  7.897640e+02 
 6.274732e-01  1.098162e+02  2.626294e+02  4.155714e+02  7.768110e+02 
 6.362198e-01  1.077548e+02  2.588138e+02  4.096098e+02  7.649108e+02 
 6.450884e-01  1.053356e+02  2.544975e+02  4.035330e+02  7.538521e+02 
 6.540806e-01  1.032149e+02  2.492846e+02  3.956116e+02  7.426756e+02 
 6.631981e-01  1.010587e+02  2.460303e+02  3.920124e+02  7.351058e+02 
 6.724427e-01  9.922404e+01  2.419446e+02  3.864310e+02  7.283698e+02 
 6.818162e-01  9.720239e+01  2.377208e+02  3.786790e+02  7.142493e+02 
 6.913204e-01  9.520965e+01  2.336695e+02  3.734052e+02  7.047118e+02 
 7.009570e-01  9.392138e+01  2.303372e+02  3.685230e+02  6.957929e+02 
 7.107280e-01  9.163693e+01  2.267540e+02  3.631442e+02  6.849927e+02 
 7.206351e-01  9.029953e+01  2.235050e+02  3.588737e+02  6.795310e+02 
 7.306804e-01  8.856880e+01  2.202379e+02  3.532078e+02  6.675785e+02 
 7.408657e-01  8.667809e+01  2.161342e+02  3.472388e+02  6.593371e+02 
 7.511929e-01  8.492390e+01  2.124632e+02  3.424923e+02  6.501957e+02 
 7.616642e-01  8.332079e+01  2.088583e+02  3.373429e+02  6.424833e+02 
 7.722814e-01  8.232265e+01  2.067531e+02  3.334625e+02  6.327399e+02 
 7.830465e-01  8.064830e+01  2.030310e+02  3.281951e+02  6.244720e+02 
 7.939618e-01  7.923147e+01  2.005256e+02  3.240521e+02  6.186664e+02 
 8.050292e-01  7.756018e+01  1.971064e+02  3.200003e+02  6.104685e+02 
 8.162509e-01  7.631171e+01  1.943051e+02  3.146130e+02  5.999882e+02 
 8.276289e-01  7.452465e+01  1.907300e+02  3.099356e+02  5.925304e+02 
 8.391656e-01  7.369188e+01  1.885586e+02  3.057761e+02  5.862621e+02 
 8.508632e-01  7.237113e+01  1.854836e+02  3.016990e+02  5.781651e+02 
 8.627237e-01  7.087836e+01  1.826995e+02  2.973134e+02  5.690473e+02 
 8.747496e-01  6.962614e+01  1.798057e+02  2.931340e+02  5.614621e+02 
 8.869432e-01  6.848803e+01  1.773068e+02  2.891733e+02  5.540385e+02 
 8.993067e-01  6.718440e+01  1.746086e+02  2.848973e+02  5.461021e+02 
 9.118425e-01  6.615857e+01  1.717206e+02  2.802265e+02  5.363709e+02 
 9.245531e-01  6.478456e+01  1.689445e+02  2.759330e+02  5.304601e+02 
 9.374409e-01  6.361645e+01  1.665127e+02  2.725175e+02  5.230451e+02 
 9.505083e-01  6.262215e+01  1.639872e+02  2.686036e+02  5.155190e+02 
 9.637579e-01  6.132469e+01  1.609383e+02  2.640381e+02  5.080619e+02 
 9.771921e-01  6.061259e+01  1.600003e+02  2.612796e+02  5.009182e+02 
 9.908137e-01  5.949505e+01  1.571231e+02  2.573249e+02  4.943585e+02 
 1.004625e+00  5.838356e+01  1.543001e+02  2.528626e+02  4.858065e+02 
 1.018629e+00  5.744378e+01  1.522387e+02  2.493216e+02  4.785887e+02 
 1.032828e+00  5.640369e+01  1.499835e+02  2.462388e+02  4.734811e+02 
 1.047225e+00  5.537386e+01  1.478960e+02  2.422650e+02  4.651403e+02 
 1.061823e+00  5.456633e+01  1.459073e+02  2.389250e+02  4.580907e+02 
 1.076624e+00  5.358780e+01  1.436556e+02  2.353743e+02  4.509916e+02 
 1.091632e+00  5.269215e+01  1.414394e+02  2.319796e+02  4.438233e+02 
 1.106848e+00  5.173637e+01  1.390644e+02  2.285061e+02  4.376472e+02 
 1.122277e+00  5.087143e+01  1.371515e+02  2.247531e+02  4.302950e+02 
 1.137921e+00  4.998957e+01  1.348633e+02  2.213902e+02  4.236502e+02 
 1.153783e+00  4.922686e+01  1.328031e+02  2.179914e+02  4.172761e+02 
 1.169866e+00  4.835411e+01  1.308302e+02  2.146104e+02  4.110949e+02 
 1.186174e+00  4.751317e+01  1.289717e+02  2.114257e+02  4.043222e+02 
 1.202708e+00  4.678926e+01  1.269967e+02  2.082068e+02  3.977724e+02 
 1.219473e+00  4.602106e+01  1.251262e+02  2.051494e+02  3.908915e+02 
 1.236472e+00  4.523059e+01  1.232949e+02  2.021404e+02  3.847959e+02 
 1.253708e+00  4.452651e+01  1.212996e+02  1.987821e+02  3.790606e+02 
 1.271184e+00  4.380304e+01  1.199325e+02  1.962037e+02  3.726323e+02 
 1.288904e+00  4.308346e+01  1.176323e+02  1.928333e+02  3.671036e+02 
 1.306870e+00  4.231410e+01  1.158721e+02  1.897493e+02  3.606284e+02 
 1.325087e+00  4.169384e+01  1.141572e+02  1.868171e+02  3.543158e+02 
 1.343558e+00  4.101934e+01  1.123489e+02  1.838147e+02  3.482796e+02 
 1.362287e+00  4.040229e+01  1.105093e+02  1.806266e+02  3.424714e+02 
 1.381276e+00  3.974131e+01  1.087799e+02  1.774460e+02  3.366415e+02 
 1.400531e+00  3.910397e+01  1.070955e+02  1.746519e+02  3.303208e+02 
 1.420053e+00  3.843424e+01  1.053186e+02  1.718677e+02  3.243574e+02 
 1.439848e+00  3.783134e+01  1.037009e+02  1.688551e+02  3.187471e+02 
 1.459919e+00  3.716450e+01  1.019988e+02  1.659449e+02  3.126958e+02 
 1.480269e+00  3.663806e+01  1.001949e+02  1.630278e+02  3.065717e+02 
 1.500903e+00  3.602642e+01  9.860985e+01  1.601565e+02  3.016060e+02 
 1.521825e+00  3.544269e+01  9.714163e+01  1.575748e+02  2.958774e+02 
 1.543038e+00  3.485397e+01  9.553208e+01  1.549738e+02  2.906319e+02 
 1.564548e+00  3.433998e+01  9.394877e+01  1.522067e+02  2.850475e+02 
 1.586357e+00  3.379136e+01  9.250271e+01  1.495849e+02  2.796890e+02 
 1.608469e+00  3.322417e+01  9.101529e+01  1.469732e+02  2.747332e+02 
 1.630891e+00  3.278513e+01  8.933857e+01  1.441273e+02  2.691483e+02 
 1.653624e+00  3.221710e+01  8.783523e+01  1.417410e+02  2.644230e+02 
 1.676675e+00  3.170480e+01  8.650052e+01  1.392638e+02  2.590277e+02 
 1.700047e+00  3.117819e+01  8.502295e+01  1.366832e+02  2.541224e+02 
 1.723745e+00  3.068319e+01  8.352685e+01  1.341459e+02  2.487903e+02 
 1.747773e+00  3.016121e+01  8.204312e+01  1.316324e+02  2.437998e+02 
 1.772136e+00  2.968207e+01  8.058911e+01  1.290993e+02  2.391488e+02 
 1.796838e+00  2.922051e+01  7.918199e+01  1.267000e+02  2.342229e+02 
 1.821885e+00  2.875905e+01  7.776006e+01  1.242372e+02  2.296028e+02 
 1.847281e+00  2.829801e+01  7.649448e+01  1.219786e+02  2.249342e+02 
 1.873032e+00  2.784436e+01  7.502181e+01  1.194621e+02  2.204459e+02 
 1.899141e+00  2.737523e+01  7.363763e+01  1.172200e+02  2.159031e+02 
 1.925614e+00  2.695239e+01  7.235360e+01  1.149687e+02  2.113689e+02 
 1.952456e+00  2.659311e+01  7.108807e+01  1.127415e+02  2.069777e+02 
 1.979672e+00  2.610649e+01  6.983715e+01  1.105445e+02  2.026921e+02 
 2.007267e+00  2.571960e+01  6.851400e+01  1.082447e+02  1.986308e+02 
 2.035248e+00  2.526852e+01  6.722337e+01  1.060657e+02  1.943136e+02 
 2.063618e+00  2.485687e+01  6.594208e+01  1.039672e+02  1.901578e+02 
 2.092383e+00  2.445584e+01  6.470792e+01  1.018225e+02  1.861581e+02 
 2.121550e+00  2.404144e+01  6.344019e+01  9.970033e+01  1.820635e+02 
 2.151123e+00  2.364854e+01  6.222209e+01  9.758375e+01  1.780278e+02 
 2.181109e+00  2.325256e+01  6.099447e+01  9.558273e+01  1.742125e+02 
 2.211512e+00  2.286172e+01  5.976635e+01  9.350776e+01  1.702593e+02 
 2.242340e+00  2.248766e+01  5.861030e+01  9.154420e+01  1.665225e+02 
 2.273597e+00  2.208409e+01  5.743195e+01  8.950378e+01  1.627827e+02 
 2.305289e+00  2.173410e+01  5.627155e+01  8.762472e+01  1.591721e+02 
 2.337424e+00  2.136211e+01  5.511495e+01  8.570943e+01  1.555931e+02 
 2.370006e+00  2.099875e+01  5.400506e+01  8.387449e+01  1.522394e+02 
 2.403043e+00  2.062801e+01  5.290508e+01  8.199422e+01  1.487522e+02 
 2.436540e+00  2.028492e+01  5.182980e+01  8.020594e+01  1.453744e+02 
 2.470504e+00  1.993853e+01  5.078187e+01  7.842592e+01  1.420762e+02 
 2.504942e+00  1.959516e+01  4.975241e+01  7.671296e+01  1.388929e+02 
 2.539859e+00  1.927100e+01  4.869780e+01  7.498166e+01  1.356785e+02 
 2.575263e+00  1.892178e+01  4.766196e+01  7.337147e+01  1.326097e+02 
 2.611161e+00  1.860271e+01  4.664829e+01  7.165154e+01  1.295404e+02 
 2.647559e+00  1.827550e+01  4.563655e+01  6.998878e+01  1.264904e+02 
 2.684465e+00  1.795064e+01  4.468127e+01  6.836144e+01  1.235185e+02 
 2.721885e+00  1.761522e+01  4.366795e+01  6.679741e+01  1.206074e+02 
 2.759826e+00  1.729495e+01  4.268465e+01  6.522043e+01  1.177368e+02 
 2.798297e+00  1.698072e+01  4.175969e+01  6.370026e+01  1.150044e+02 
 2.837304e+00  1.667055e+01  4.081717e+01  6.219221e+01  1.122601e+02 
 2.876854e+00  1.636128e+01  3.988556e+01  6.072416e+01  1.095962e+02 
 2.916956e+00  1.606035e+01  3.900307e+01  5.927868e+01  1.069463e+02 
 2.957617e+00  1.576713e+01  3.812957e+01  5.788820e+01  1.044254e+02 
 2.998844e+00  1.547053e+01  3.727471e+01  5.650615e+01  1.019102e+02 
 3.040646e+00  1.518346e+01  3.642309e+01  5.516384e+01  9.953155e+01 
 3.083031e+00  1.489915e+01  3.559294e+01  5.384907e+01  9.715699e+01 
 3.126007e+00  1.462556e+01  3.478819e+01  5.255664e+01  9.482019e+01 
 3.169582e+00  1.434768e+01  3.396983e+01  5.127997e+01  9.255089e+01 
 3.213764e+00  1.407457e+01  3.318517e+01  5.003548e+01  9.031435e+01 
 3.258562e+00  1.379886e+01  3.242290e+01  4.881266e+01  8.812189e+01 
 3.303985e+00  1.352933e+01  3.164406e+01  4.761764e+01  8.597737e+01 
 3.350041e+00  1.326746e+01  3.088382e+01  4.642790e+01  8.384412e+01 
 3.396739e+00  1.299664e+01  3.014981e+01  4.528339e+01  8.177979e+01 
 3.444087e+00  1.274159e+01  2.940851e+01  4.413940e+01  7.974116e+01 
 3.492096e+00  1.248578e+01  2.870213e+01  4.304722e+01  7.778739e+01 
 3.540774e+00  1.222920e+01  2.801421e+01  4.197454e+01  7.585372e+01 
 3.590130e+00  1.198300e+01  2.732634e+01  4.090982e+01  7.398890e+01 
 3.640175e+00  1.174247e+01  2.666083e+01  3.989416e+01  7.214614e+01 
 3.690917e+00  1.149750e+01  2.601924e+01  3.888264e+01  7.036267e+01 
 3.742366e+00  1.126161e+01  2.537136e+01  3.790834e+01  6.864225e+01 
 3.794533e+00  1.103191e+01  2.476125e+01  3.696085e+01  6.693116e+01 
 3.847427e+00  1.080454e+01  2.414536e+01  3.603445e+01  6.529504e+01 
 3.901058e+00  1.057526e+01  2.355927e+01  3.512972e+01  6.366953e+01 
 3.955436e+00  1.035970e+01  2.297473e+01  3.423454e+01  6.208211e+01 
 4.010573e+00  1.013728e+01  2.240069e+01  3.337143e+01  6.053760e+01 
 4.066478e+00  9.921246e+00  2.184018e+01  3.251441e+01  5.900498e+01 
 4.123163e+00  9.706219e+00  2.129406e+01  3.167760e+01  5.751261e+01 
 4.180637e+00  9.497811e+00  2.075668e+01  3.086221e+01  5.604565e+01 
 4.238913e+00  9.289600e+00  2.022426e+01  3.006306e+01  5.463146e+01 
 4.298001e+00  9.081559e+00  1.971032e+01  2.928802e+01  5.323276e+01 
 4.357913e+00  8.885732e+00  1.920788e+01  2.853135e+01  5.188534e+01 
 4.418660e+00  8.687292e+00  1.871986e+01  2.779024e+01  5.056800e+01 
 4.480254e+00  8.492234e+00  1.824096e+01  2.706912e+01  4.927909e+01 
 4.542706e+00  8.303939e+00  1.777079e+01  2.636534e+01  4.802090e+01 
 4.606029e+00  8.117829e+00  1.732263e+01  2.568745e+01  4.680980e+01 
 4.670234e+00  7.935652e+00  1.687992e+01  2.503119e+01  4.562973e+01 
 4.735335e+00  7.757786e+00  1.645096e+01  2.438634e+01  4.447149e+01 
 4.801343e+00  7.585373e+00  1.603626e+01  2.376058e+01  4.334014e+01 
 4.868271e+00  7.414189e+00  1.562665e+01  2.314738e+01  4.223882e+01 
 4.936132e+00  7.246185e+00  1.522372e+01  2.255115e+01  4.116458e+01 
 5.004939e+00  7.080384e+00  1.483570e+01  2.196568e+01  4.010724e+01 
 5.074705e+00  6.915969e+00  1.445172e+01  2.139172e+01  3.907799e+01 
 5.145444e+00  6.756235e+00  1.407868e+01  2.083246e+01  3.807205e+01 
 5.217169e+00  6.597648e+00  1.371120e+01  2.028633e+01  3.707934e+01 
 5.289893e+00  6.444769e+00  1.335561e+01  1.975767e+01  3.611704e+01 
 5.363631e+00  6.292254e+00  1.300787e+01  1.923496e+01  3.517935e+01 
 5.438397e+00  6.144569e+00  1.266882e+01  1.873064e+01  3.426163e+01 
 5.514206e+00  5.999440e+00  1.233889e+01  1.824005e+01  3.337132e+01 
 5.591071e+00  5.856111e+00  1.202007e+01  1.776092e+01  3.250636e+01 
 5.669007e+00  5.719340e+00  1.170730e+01  1.729948e+01  3.166399e+01 
 5.748030e+00  5.583978e+00  1.140537e+01  1.684852e+01  3.084214e+01 
 5.828155e+00  5.452461e+00  1.111160e+01  1.641164e+01  3.004551e+01 
 5.909396e+00  5.323973e+00  1.082550e+01  1.598588e+01  2.927306e+01 
 5.991770e+00  5.198066e+00  1.054637e+01  1.557162e+01  2.851795e+01 
 6.075292e+00  5.075585e+00  1.027649e+01  1.516906e+01  2.778162e+01 
 6.159978e+00  4.954993e+00  1.001258e+01  1.477599e+01  2.706372e+01 
 6.245845e+00  4.836833e+00  9.754191e+00  1.439174e+01  2.635755e+01 
 6.332908e+00  4.720337e+00  9.500093e+00  1.401413e+01  2.566771e+01 
 6.421186e+00  4.607355e+00  9.253627e+00  1.364550e+01  2.499270e+01 
 6.510694e+00  4.495795e+00  9.012244e+00  1.328824e+01  2.433466e+01 
 6.601449e+00  4.387407e+00  8.778232e+00  1.293874e+01  2.369458e+01 
 6.693470e+00  4.281096e+00  8.548942e+00  1.259711e+01  2.306795e+01 
 6.786773e+00  4.177125e+00  8.327173e+00  1.226532e+01  2.245890e+01 
 6.881377e+00  4.076340e+00  8.110750e+00  1.194361e+01  2.186505e+01 
 6.977300e+00  3.978010e+00  7.901301e+00  1.163182e+01  2.129027e+01 
 7.074559e+00  3.882325e+00  7.697106e+00  1.132696e+01  2.072969e+01 
 7.173175e+00  3.788852e+00  7.499471e+00  1.103246e+01  2.018689e+01 
 7.273165e+00  3.698339e+00  7.307908e+00  1.074640e+01  1.965760e+01 
 7.374549e+00  3.610000e+00  7.120866e+00  1.046729e+01  1.914403e+01 
 7.477346e+00  3.523671e+00  6.940109e+00  1.019824e+01  1.864509e+01 
 7.581576e+00  3.440202e+00  6.762751e+00  9.934159e+00  1.815750e+01 
 7.687260e+00  3.358196e+00  6.590494e+00  9.676894e+00  1.768219e+01 
 7.794416e+00  3.277671e+00  6.421980e+00  9.424015e+00  1.721614e+01 
 7.903066e+00  3.199110e+00  6.256863e+00  9.177226e+00  1.675900e+01 
 8.013230e+00  3.122301e+00  6.096414e+00  8.938254e+00  1.631393e+01 
 8.124930e+00  3.046974e+00  5.939759e+00  8.703637e+00  1.587855e+01 
 8.238187e+00  2.973822e+00  5.786595e+00  8.474776e+00  1.545514e+01 
 8.353023e+00  2.902264e+00  5.637961e+00  8.252576e+00  1.504204e+01 
 8.469460e+00  2.832759e+00  5.493350e+00  8.036363e+00  1.464031e+01 
 8.587519e+00  2.765036e+00  5.352525e+00  7.826212e+00  1.424995e+01 
 8.707225e+00  2.699184e+00  5.215485e+00  7.622177e+00  1.387030e+01 
 8.828599e+00  2.635197e+00  5.083396e+00  7.423691e+00  1.350111e+01 
 8.951665e+00  2.572874e+00  4.954704e+00  7.231325e+00  1.314346e+01 
 9.076446e+00  2.512442e+00  4.829990e+00  7.045146e+00  1.279666e+01 
 9.202967e+00  2.453747e+00  4.708549e+00  6.863816e+00  1.245866e+01 
 9.331251e+00  2.396565e+00  4.590467e+00  6.687342e+00  1.213033e+01 
 9.461324e+00  0.000000e+00  0.000000e+00  0.000000e+00  0.000000e+00 
 9.593209e+00  0.000000e+00  0.000000e+00  0.000000e+00  0.000000e+00 
 9.726934e+00  0.000000e+00  0.000000e+00  0.000000e+00  0.000000e+00 
 9.862522e+00  0.000000e+00  0.000000e+00  0.000000e+00  0.000000e+00 
 1.000000e+01  0.000000e+00  0.000000e+00  0.000000e+00  0.000000e+00 
