1.000000e-02 3.909925e+03 7.121413e+03 9.625328e+03 1.433156e+04  
1.013939e-02 3.932950e+03 7.163199e+03 9.681663e+03 1.441509e+04  
1.028073e-02 3.955692e+03 7.204467e+03 9.737291e+03 1.449757e+04  
1.042404e-02 3.978139e+03 7.245193e+03 9.792186e+03 1.457894e+04  
1.056935e-02 4.000278e+03 7.285356e+03 9.846315e+03 1.465917e+04  
1.071668e-02 4.022097e+03 7.324932e+03 9.899647e+03 1.473820e+04  
1.086606e-02 4.043584e+03 7.363898e+03 9.952151e+03 1.481599e+04  
1.101753e-02 4.064725e+03 7.402230e+03 1.000379e+04 1.489249e+04  
1.117111e-02 4.085507e+03 7.439906e+03 1.005455e+04 1.496766e+04  
1.132683e-02 4.105918e+03 7.476901e+03 1.010438e+04 1.504144e+04  
1.148472e-02 4.125945e+03 7.513193e+03 1.015325e+04 1.511380e+04  
1.164481e-02 4.145574e+03 7.548755e+03 1.020114e+04 1.518468e+04  
1.180713e-02 4.164790e+03 7.583563e+03 1.024800e+04 1.525402e+04  
1.197171e-02 4.183581e+03 7.617590e+03 1.029380e+04 1.532178e+04  
1.213859e-02 4.201931e+03 7.650811e+03 1.033851e+04 1.538791e+04  
1.230780e-02 4.219826e+03 7.683201e+03 1.038210e+04 1.545235e+04  
1.247936e-02 4.237254e+03 7.714734e+03 1.042452e+04 1.551505e+04  
1.265332e-02 4.254200e+03 7.745386e+03 1.046575e+04 1.557597e+04  
1.282970e-02 4.270650e+03 7.775130e+03 1.050574e+04 1.563505e+04  
1.300854e-02 4.286589e+03 7.803941e+03 1.054447e+04 1.569224e+04  
1.318987e-02 4.302005e+03 7.831794e+03 1.058191e+04 1.574750e+04  
1.337373e-02 4.316883e+03 7.858664e+03 1.061801e+04 1.580076e+04  
1.356015e-02 4.331209e+03 7.884526e+03 1.065274e+04 1.585198e+04  
1.374917e-02 4.344972e+03 7.909356e+03 1.068608e+04 1.590112e+04  
1.394083e-02 4.358157e+03 7.933130e+03 1.071799e+04 1.594812e+04  
1.413516e-02 4.370750e+03 7.955823e+03 1.074843e+04 1.599293e+04  
1.433219e-02 4.382736e+03 7.977407e+03 1.077738e+04 1.603551e+04  
1.453198e-02 4.394101e+03 7.997856e+03 1.080478e+04 1.607579e+04  
1.473454e-02 4.404831e+03 8.017143e+03 1.083061e+04 1.611372e+04  
1.493993e-02 4.414910e+03 8.035243e+03 1.085483e+04 1.614925e+04  
1.514819e-02 4.424326e+03 8.052131e+03 1.087742e+04 1.618234e+04  
1.535935e-02 4.433065e+03 8.067783e+03 1.089832e+04 1.621293e+04  
1.557345e-02 4.441113e+03 8.082173e+03 1.091753e+04 1.624098e+04  
1.579053e-02 4.448456e+03 8.095277e+03 1.093499e+04 1.626643e+04  
1.601064e-02 4.455081e+03 8.107069e+03 1.095067e+04 1.628924e+04  
1.623382e-02 4.460975e+03 8.117526e+03 1.096455e+04 1.630935e+04  
1.646012e-02 4.466125e+03 8.126625e+03 1.097659e+04 1.632673e+04  
1.668956e-02 4.470518e+03 8.134344e+03 1.098676e+04 1.634132e+04  
1.692220e-02 4.474145e+03 8.140663e+03 1.099504e+04 1.635310e+04  
1.715809e-02 4.476993e+03 8.145562e+03 1.100140e+04 1.636201e+04  
1.739726e-02 4.479050e+03 8.149019e+03 1.100581e+04 1.636802e+04  
1.763977e-02 4.480307e+03 8.151015e+03 1.100824e+04 1.637108e+04  
1.788566e-02 4.480751e+03 8.151529e+03 1.100866e+04 1.637116e+04  
1.813498e-02 4.480374e+03 8.150546e+03 1.100707e+04 1.636823e+04  
1.838777e-02 4.479167e+03 8.148049e+03 1.100342e+04 1.636225e+04  
1.864409e-02 4.477124e+03 8.144027e+03 1.099771e+04 1.635321e+04  
1.890397e-02 4.474235e+03 8.138465e+03 1.098993e+04 1.634106e+04  
1.916748e-02 4.470494e+03 8.131348e+03 1.098003e+04 1.632579e+04  
1.943467e-02 4.465891e+03 8.122661e+03 1.096802e+04 1.630737e+04  
1.970558e-02 4.460421e+03 8.112393e+03 1.095387e+04 1.628576e+04  
1.998026e-02 4.454076e+03 8.100532e+03 1.093757e+04 1.626095e+04  
2.025878e-02 4.446854e+03 8.087073e+03 1.091910e+04 1.623294e+04  
2.054117e-02 4.438750e+03 8.072008e+03 1.089847e+04 1.620169e+04  
2.082751e-02 4.429764e+03 8.055335e+03 1.087567e+04 1.616722e+04  
2.111783e-02 4.419891e+03 8.037048e+03 1.085068e+04 1.612951e+04  
2.141220e-02 4.409130e+03 8.017143e+03 1.082351e+04 1.608855e+04  
2.171068e-02 4.397478e+03 7.995619e+03 1.079415e+04 1.604434e+04  
2.201331e-02 4.384938e+03 7.972476e+03 1.076260e+04 1.599688e+04  
2.232016e-02 4.371510e+03 7.947719e+03 1.072888e+04 1.594619e+04  
2.263130e-02 4.357201e+03 7.921357e+03 1.069298e+04 1.589227e+04  
2.294676e-02 4.342015e+03 7.893401e+03 1.065494e+04 1.583517e+04  
2.326663e-02 4.325958e+03 7.863860e+03 1.061475e+04 1.577488e+04  
2.359095e-02 4.309034e+03 7.832742e+03 1.057244e+04 1.571144e+04  
2.391980e-02 4.291250e+03 7.800062e+03 1.052802e+04 1.564486e+04  
2.425323e-02 4.272615e+03 7.765834e+03 1.048151e+04 1.557519e+04  
2.459130e-02 4.253141e+03 7.730082e+03 1.043294e+04 1.550246e+04  
2.493409e-02 4.232842e+03 7.692829e+03 1.038235e+04 1.542674e+04  
2.528166e-02 4.211733e+03 7.654107e+03 1.032977e+04 1.534807e+04  
2.563407e-02 4.189830e+03 7.613941e+03 1.027525e+04 1.526651e+04  
2.599140e-02 4.167144e+03 7.572354e+03 1.021881e+04 1.518212e+04  
2.635371e-02 4.143692e+03 7.529376e+03 1.016049e+04 1.509494e+04  
2.672106e-02 4.119489e+03 7.485037e+03 1.010034e+04 1.500505e+04  
2.709354e-02 4.094558e+03 7.439375e+03 1.003841e+04 1.491251e+04  
2.747121e-02 4.068921e+03 7.392433e+03 9.974751e+03 1.481742e+04  
2.785414e-02 4.042605e+03 7.344259e+03 9.909432e+03 1.471987e+04  
2.824241e-02 4.015634e+03 7.294900e+03 9.842516e+03 1.461996e+04  
2.863610e-02 3.988031e+03 7.244395e+03 9.774057e+03 1.451776e+04  
2.903527e-02 3.959820e+03 7.192789e+03 9.704116e+03 1.441337e+04  
2.944000e-02 3.931028e+03 7.140132e+03 9.632759e+03 1.430689e+04  
2.985038e-02 3.901686e+03 7.086479e+03 9.560062e+03 1.419843e+04  
3.026648e-02 3.871827e+03 7.031892e+03 9.486109e+03 1.408811e+04  
3.068838e-02 3.841490e+03 6.976439e+03 9.410992e+03 1.397608e+04  
3.111616e-02 3.810709e+03 6.920187e+03 9.334799e+03 1.386246e+04  
3.154990e-02 3.779514e+03 6.863187e+03 9.257602e+03 1.374736e+04  
3.198969e-02 3.747934e+03 6.805493e+03 9.179474e+03 1.363089e+04  
3.243561e-02 3.716001e+03 6.747164e+03 9.100494e+03 1.351317e+04  
3.288774e-02 3.683751e+03 6.688265e+03 9.020751e+03 1.339432e+04  
3.334618e-02 3.651223e+03 6.628867e+03 8.940338e+03 1.327450e+04  
3.381101e-02 3.618458e+03 6.569045e+03 8.859361e+03 1.315385e+04  
3.428231e-02 3.585501e+03 6.508880e+03 8.777924e+03 1.303254e+04  
3.476019e-02 3.552387e+03 6.448437e+03 8.696120e+03 1.291070e+04  
3.524473e-02 3.519154e+03 6.387784e+03 8.614038e+03 1.278846e+04  
3.573602e-02 3.485841e+03 6.326992e+03 8.531777e+03 1.266597e+04  
3.623416e-02 3.452491e+03 6.266141e+03 8.449440e+03 1.254339e+04  
3.673925e-02 3.419150e+03 6.205314e+03 8.367143e+03 1.242088e+04  
3.725137e-02 3.385869e+03 6.144599e+03 8.285005e+03 1.229863e+04  
3.777064e-02 3.352694e+03 6.084087e+03 8.203147e+03 1.217681e+04  
3.829714e-02 3.319652e+03 6.023821e+03 8.121628e+03 1.205552e+04  
3.883098e-02 3.286750e+03 5.963818e+03 8.040472e+03 1.193479e+04  
3.937226e-02 3.254001e+03 5.904098e+03 7.959704e+03 1.181466e+04  
3.992109e-02 3.221413e+03 5.844678e+03 7.879350e+03 1.169516e+04  
4.047757e-02 3.188996e+03 5.785576e+03 7.799433e+03 1.157634e+04  
4.104181e-02 3.156761e+03 5.726812e+03 7.719980e+03 1.145823e+04  
4.161391e-02 3.124719e+03 5.668406e+03 7.641017e+03 1.134087e+04  
4.219398e-02 3.092903e+03 5.610415e+03 7.562623e+03 1.122438e+04  
4.278214e-02 3.061362e+03 5.552933e+03 7.484924e+03 1.110895e+04  
4.337850e-02 3.030154e+03 5.496059e+03 7.408056e+03 1.099478e+04  
4.398317e-02 2.999335e+03 5.439901e+03 7.332160e+03 1.088208e+04  
4.459628e-02 2.968969e+03 5.384569e+03 7.257389e+03 1.077109e+04  
4.521792e-02 2.939122e+03 5.330185e+03 7.183905e+03 1.066204e+04  
4.584824e-02 2.909863e+03 5.276872e+03 7.111877e+03 1.055518e+04  
4.648734e-02 2.881220e+03 5.224682e+03 7.041371e+03 1.045063e+04  
4.713535e-02 2.853156e+03 5.173547e+03 6.972300e+03 1.034824e+04  
4.779239e-02 2.825627e+03 5.123387e+03 6.904552e+03 1.024786e+04  
4.845859e-02 2.798581e+03 5.074109e+03 6.838005e+03 1.014930e+04  
4.913407e-02 2.771962e+03 5.025610e+03 6.772520e+03 1.005236e+04  
4.981898e-02 2.745706e+03 4.977776e+03 6.707942e+03 9.956804e+03  
5.051342e-02 2.719746e+03 4.930484e+03 6.644107e+03 9.862390e+03  
5.121755e-02 2.694034e+03 4.883647e+03 6.580897e+03 9.768944e+03  
5.193150e-02 2.668545e+03 4.837222e+03 6.518255e+03 9.676382e+03  
5.265540e-02 2.643254e+03 4.791164e+03 6.456118e+03 9.584610e+03  
5.338938e-02 2.618132e+03 4.745420e+03 6.394417e+03 9.493527e+03  
5.413360e-02 2.593148e+03 4.699932e+03 6.333075e+03 9.403017e+03  
5.488820e-02 2.568265e+03 4.654637e+03 6.272006e+03 9.312953e+03  
5.565331e-02 2.543452e+03 4.609475e+03 6.211129e+03 9.223214e+03  
5.642908e-02 2.518681e+03 4.564399e+03 6.150380e+03 9.133707e+03  
5.721568e-02 2.493926e+03 4.519361e+03 6.089697e+03 9.044335e+03  
5.801323e-02 2.469157e+03 4.474308e+03 6.029006e+03 8.954993e+03  
5.882190e-02 2.444342e+03 4.429181e+03 5.968230e+03 8.865562e+03  
5.964185e-02 2.419445e+03 4.383917e+03 5.907282e+03 8.775913e+03  
6.047322e-02 2.394420e+03 4.338434e+03 5.846053e+03 8.685882e+03  
6.131619e-02 2.369212e+03 4.292629e+03 5.784405e+03 8.595260e+03  
6.217090e-02 2.343757e+03 4.246391e+03 5.722186e+03 8.503820e+03  
6.303753e-02 2.317987e+03 4.199597e+03 5.659232e+03 8.411315e+03  
6.391624e-02 2.291829e+03 4.152118e+03 5.595367e+03 8.317477e+03  
6.480720e-02 2.265216e+03 4.103831e+03 5.530427e+03 8.222057e+03  
6.571058e-02 2.238112e+03 4.054672e+03 5.464325e+03 8.124923e+03  
6.662655e-02 2.210485e+03 4.004587e+03 5.396987e+03 8.025961e+03  
6.755528e-02 2.182303e+03 3.953517e+03 5.328334e+03 7.925047e+03  
6.849697e-02 2.153531e+03 3.901401e+03 5.258282e+03 7.822052e+03  
6.945178e-02 2.124142e+03 3.848191e+03 5.186767e+03 7.716876e+03  
7.041990e-02 2.094141e+03 3.793897e+03 5.113803e+03 7.609533e+03  
7.140151e-02 2.063541e+03 3.738544e+03 5.039422e+03 7.500068e+03  
7.239681e-02 2.032357e+03 3.682158e+03 4.963659e+03 7.388531e+03  
7.340598e-02 2.000606e+03 3.624772e+03 4.886556e+03 7.274979e+03  
7.442922e-02 1.968327e+03 3.566457e+03 4.808212e+03 7.159555e+03  
7.546673e-02 1.935590e+03 3.507337e+03 4.728792e+03 7.042506e+03  
7.651869e-02 1.902470e+03 3.447552e+03 4.648484e+03 6.924109e+03  
7.758532e-02 1.869051e+03 3.387250e+03 4.567489e+03 6.804666e+03  
7.866682e-02 1.835423e+03 3.326594e+03 4.486024e+03 6.684501e+03  
7.976339e-02 1.801679e+03 3.265751e+03 4.404317e+03 6.563954e+03  
8.087525e-02 1.767920e+03 3.204902e+03 4.322611e+03 6.443391e+03  
8.200261e-02 1.734254e+03 3.144244e+03 4.241169e+03 6.323208e+03  
8.314568e-02 1.700793e+03 3.083974e+03 4.160261e+03 6.203811e+03  
8.430468e-02 1.667626e+03 3.024253e+03 4.080103e+03 6.085525e+03  
8.547985e-02 1.634839e+03 2.965237e+03 4.000902e+03 5.968667e+03  
8.667139e-02 1.602525e+03 2.907089e+03 3.922883e+03 5.853573e+03  
8.787954e-02 1.570775e+03 2.849974e+03 3.846264e+03 5.740576e+03  
8.910453e-02 1.539659e+03 2.794013e+03 3.771212e+03 5.629930e+03  
9.034660e-02 1.509241e+03 2.739325e+03 3.697885e+03 5.521877e+03  
9.160598e-02 1.479592e+03 2.686034e+03 3.626452e+03 5.416671e+03  
9.288292e-02 1.450778e+03 2.634257e+03 3.557071e+03 5.314558e+03  
9.417766e-02 1.422858e+03 2.584099e+03 3.489883e+03 5.215752e+03  
9.549045e-02 1.395891e+03 2.535665e+03 3.425030e+03 5.120473e+03  
9.682153e-02 1.369937e+03 2.489059e+03 3.362653e+03 5.028939e+03  
9.817117e-02 1.345024e+03 2.444333e+03 3.302822e+03 4.941261e+03  
9.953962e-02 1.321168e+03 2.401512e+03 3.245572e+03 4.857496e+03  
1.009272e-01 1.298383e+03 2.360619e+03 3.190936e+03 4.777697e+03  
1.023340e-01 1.276677e+03 2.321670e+03 3.138931e+03 4.701901e+03  
1.037605e-01 1.256009e+03 2.284589e+03 3.089460e+03 4.629959e+03  
1.052069e-01 1.236297e+03 2.249227e+03 3.042319e+03 4.561569e+03  
1.066734e-01 1.217446e+03 2.215415e+03 2.997280e+03 4.496386e+03  
1.081604e-01 1.199352e+03 2.182964e+03 2.954089e+03 4.434026e+03  
1.096681e-01 1.181883e+03 2.151641e+03 2.912430e+03 4.374009e+03  
1.111968e-01 1.164888e+03 2.121173e+03 2.871934e+03 4.315772e+03  
1.127468e-01 1.148200e+03 2.091261e+03 2.832198e+03 4.258695e+03  
1.143184e-01 1.131648e+03 2.061602e+03 2.792807e+03 4.202143e+03  
1.159120e-01 1.115105e+03 2.031969e+03 2.753456e+03 4.145641e+03  
1.175277e-01 1.098452e+03 2.002150e+03 2.713855e+03 4.088741e+03  
1.191660e-01 1.081561e+03 1.971916e+03 2.673694e+03 4.030960e+03  
1.208271e-01 1.064334e+03 1.941094e+03 2.632736e+03 3.971924e+03  
1.225114e-01 1.046726e+03 1.909603e+03 2.590871e+03 3.911454e+03  
1.242191e-01 1.028693e+03 1.877365e+03 2.547990e+03 3.849376e+03  
1.259506e-01 1.010198e+03 1.844317e+03 2.504007e+03 3.785546e+03  
1.277063e-01 9.912532e+02 1.810480e+03 2.458946e+03 3.719995e+03  
1.294865e-01 9.718855e+02 1.775901e+03 2.412873e+03 3.652816e+03  
1.312915e-01 9.521274e+02 1.740640e+03 2.365865e+03 3.584122e+03  
1.331216e-01 9.320461e+02 1.704816e+03 2.318085e+03 3.514158e+03  
1.349772e-01 9.117316e+02 1.668590e+03 2.269748e+03 3.443255e+03  
1.368587e-01 8.912823e+02 1.632137e+03 2.221093e+03 3.371778e+03  
1.387665e-01 8.708130e+02 1.595661e+03 2.172395e+03 3.300155e+03  
1.407008e-01 8.504533e+02 1.559392e+03 2.123968e+03 3.228871e+03  
1.426621e-01 8.303416e+02 1.523577e+03 2.076145e+03 3.158446e+03  
1.446507e-01 8.106033e+02 1.488437e+03 2.029228e+03 3.089350e+03  
1.466671e-01 7.913572e+02 1.454184e+03 1.983503e+03 3.022032e+03  
1.487115e-01 7.727250e+02 1.421031e+03 1.939263e+03 2.956950e+03  
1.507845e-01 7.547962e+02 1.389137e+03 1.896723e+03 2.894444e+03  
1.528864e-01 7.376479e+02 1.358638e+03 1.856067e+03 2.834806e+03  
1.550175e-01 7.213471e+02 1.329651e+03 1.817457e+03 2.778290e+03  
1.571784e-01 7.059146e+02 1.302213e+03 1.780942e+03 2.724981e+03  
1.593694e-01 6.913598e+02 1.276337e+03 1.746543e+03 2.674916e+03  
1.615909e-01 6.776554e+02 1.251976e+03 1.714193e+03 2.627997e+03  
1.638434e-01 6.647251e+02 1.228992e+03 1.683708e+03 2.583939e+03  
1.661273e-01 6.524765e+02 1.207221e+03 1.654865e+03 2.542399e+03  
1.684430e-01 6.407777e+02 1.186428e+03 1.627344e+03 2.502877e+03  
1.707910e-01 6.294729e+02 1.166338e+03 1.600770e+03 2.464787e+03  
1.731717e-01 6.184146e+02 1.146688e+03 1.574785e+03 2.427567e+03  
1.755856e-01 6.074716e+02 1.127246e+03 1.549073e+03 2.390715e+03  
1.780332e-01 5.965178e+02 1.107789e+03 1.523328e+03 2.353749e+03  
1.805149e-01 5.854733e+02 1.088175e+03 1.497357e+03 2.316358e+03  
1.830312e-01 5.742686e+02 1.068282e+03 1.470991e+03 2.278271e+03  
1.855825e-01 5.628594e+02 1.048032e+03 1.444121e+03 2.239314e+03  
1.881694e-01 5.512174e+02 1.027374e+03 1.416680e+03 2.199371e+03  
1.907924e-01 5.393435e+02 1.006311e+03 1.388668e+03 2.158442e+03  
1.934520e-01 5.272739e+02 9.849073e+02 1.360173e+03 2.116663e+03  
1.961486e-01 5.150715e+02 9.632735e+02 1.331347e+03 2.074272e+03  
1.988828e-01 5.028419e+02 9.415968e+02 1.302444e+03 2.031674e+03  
2.016551e-01 4.907050e+02 9.200887e+02 1.273754e+03 1.989330e+03  
2.044661e-01 4.787942e+02 8.989845e+02 1.245599e+03 1.947755e+03  
2.073162e-01 4.672321e+02 8.785005e+02 1.218276e+03 1.907421e+03  
2.102061e-01 4.560937e+02 8.587678e+02 1.191963e+03 1.868617e+03  
2.131362e-01 4.454337e+02 8.398825e+02 1.166794e+03 1.831556e+03  
2.161073e-01 4.352706e+02 8.218763e+02 1.142811e+03 1.796310e+03  
2.191197e-01 4.256087e+02 8.047562e+02 1.120024e+03 1.762899e+03  
2.221741e-01 4.164343e+02 7.884972e+02 1.098400e+03 1.731271e+03  
2.252711e-01 4.077158e+02 7.730428e+02 1.077862e+03 1.701307e+03  
2.284112e-01 3.993953e+02 7.582903e+02 1.058271e+03 1.672785e+03  
2.315951e-01 3.913867e+02 7.440883e+02 1.039417e+03 1.645376e+03  
2.348235e-01 3.835784e+02 7.302396e+02 1.021033e+03 1.618649e+03  
2.380968e-01 3.758783e+02 7.165823e+02 1.002895e+03 1.592250e+03  
2.414157e-01 3.682127e+02 7.029868e+02 9.848262e+02 1.565892e+03  
2.447809e-01 3.605387e+02 6.893774e+02 9.667227e+02 1.539410e+03  
2.481930e-01 3.528315e+02 6.757110e+02 9.485249e+02 1.512708e+03  
2.516527e-01 3.450878e+02 6.619818e+02 9.302250e+02 1.485772e+03  
2.551606e-01 3.373184e+02 6.482090e+02 9.118491e+02 1.458646e+03  
2.587174e-01 3.295498e+02 6.344391e+02 8.934614e+02 1.431432e+03  
2.623238e-01 3.218360e+02 6.207672e+02 8.751922e+02 1.404342e+03  
2.659804e-01 3.142493e+02 6.073200e+02 8.572160e+02 1.377658e+03  
2.696881e-01 3.068732e+02 5.942435e+02 8.397334e+02 1.351703e+03  
2.734474e-01 2.997644e+02 5.816369e+02 8.228805e+02 1.326698e+03  
2.772591e-01 2.929478e+02 5.695430e+02 8.067166e+02 1.302741e+03  
2.811239e-01 2.864105e+02 5.579391e+02 7.912105e+02 1.279781e+03  
2.850426e-01 2.801286e+02 5.467824e+02 7.763039e+02 1.257728e+03  
2.890160e-01 2.740745e+02 5.360247e+02 7.619307e+02 1.236475e+03  
2.930447e-01 2.682208e+02 5.256174e+02 7.480245e+02 1.215917e+03  
2.971296e-01 2.625317e+02 5.154979e+02 7.344994e+02 1.195916e+03  
3.012714e-01 2.569601e+02 5.055838e+02 7.212426e+02 1.176293e+03  
3.054710e-01 2.514550e+02 4.957858e+02 7.081316e+02 1.156850e+03  
3.097291e-01 2.459846e+02 4.860486e+02 6.950909e+02 1.137468e+03  
3.140465e-01 2.405459e+02 4.763671e+02 6.821136e+02 1.118136e+03  
3.184242e-01 2.351592e+02 4.667770e+02 6.692488e+02 1.098935e+03  
3.228628e-01 2.298549e+02 4.573307e+02 6.565691e+02 1.079982e+03  
3.273634e-01 2.246545e+02 4.480659e+02 6.441261e+02 1.061362e+03  
3.319266e-01 2.195736e+02 4.390097e+02 6.319574e+02 1.043137e+03  
3.365535e-01 2.146317e+02 4.301957e+02 6.201091e+02 1.025382e+03  
3.412449e-01 2.098496e+02 4.216597e+02 6.086308e+02 1.008178e+03  
3.460016e-01 2.052358e+02 4.134164e+02 5.975422e+02 9.915562e+02  
3.508247e-01 2.007773e+02 4.054424e+02 5.868119e+02 9.754675e+02  
3.557150e-01 1.964441e+02 3.976860e+02 5.763687e+02 9.597984e+02  
3.606735e-01 1.922092e+02 3.900999e+02 5.661483e+02 9.444464e+02  
3.657011e-01 1.880573e+02 3.826577e+02 5.561145e+02 9.293546e+02  
3.707988e-01 1.839833e+02 3.753503e+02 5.462552e+02 9.145043e+02  
3.759675e-01 1.799824e+02 3.681697e+02 5.365596e+02 8.998795e+02  
3.812083e-01 1.760473e+02 3.611032e+02 5.270106e+02 8.854538e+02  
3.865221e-01 1.721828e+02 3.541589e+02 5.176196e+02 8.712465e+02  
3.919100e-01 1.684032e+02 3.473616e+02 5.084206e+02 8.573127e+02  
3.973730e-01 1.647240e+02 3.407374e+02 4.994495e+02 8.437107e+02  
4.029122e-01 1.611457e+02 3.342877e+02 4.907080e+02 8.304438e+02  
4.085286e-01 1.576650e+02 3.280061e+02 4.821879e+02 8.174992e+02  
4.142232e-01 1.542777e+02 3.218853e+02 4.738791e+02 8.048616e+02  
4.199973e-01 1.509817e+02 3.159216e+02 4.657766e+02 7.925235e+02  
4.258518e-01 1.477644e+02 3.100931e+02 4.578509e+02 7.804386e+02  
4.317880e-01 1.446154e+02 3.043823e+02 4.500781e+02 7.685697e+02  
4.378069e-01 1.415316e+02 2.987835e+02 4.424505e+02 7.569055e+02  
4.439097e-01 1.385146e+02 2.932995e+02 4.349725e+02 7.454533e+02  
4.500975e-01 1.355655e+02 2.879319e+02 4.276460e+02 7.342173e+02  
4.563716e-01 1.326851e+02 2.826822e+02 4.204734e+02 7.232013e+02  
4.627332e-01 1.298732e+02 2.775499e+02 4.134539e+02 7.124048e+02  
4.691835e-01 1.271350e+02 2.725436e+02 4.065994e+02 7.018469e+02  
4.757236e-01 1.244673e+02 2.676579e+02 3.999026e+02 6.915163e+02  
4.823549e-01 1.218635e+02 2.628812e+02 3.933480e+02 6.813892e+02  
4.890787e-01 1.193217e+02 2.582104e+02 3.869313e+02 6.714593e+02  
4.958962e-01 1.168419e+02 2.536455e+02 3.806525e+02 6.617269e+02  
5.028087e-01 1.144174e+02 2.491747e+02 3.744961e+02 6.521684e+02  
5.098176e-01 1.120462e+02 2.447950e+02 3.684578e+02 6.427776e+02  
5.169242e-01 1.097319e+02 2.405120e+02 3.625454e+02 6.335668e+02  
5.241298e-01 1.074749e+02 2.363265e+02 3.567601e+02 6.245380e+02  
5.314359e-01 1.052702e+02 2.322298e+02 3.510900e+02 6.156734e+02  
5.388438e-01 1.031194e+02 2.282247e+02 3.455390e+02 6.069790e+02  
5.463550e-01 1.010221e+02 2.243101e+02 3.401058e+02 5.984530e+02  
5.539709e-01 9.897299e+01 2.204774e+02 3.347788e+02 5.900779e+02  
5.616930e-01 9.697064e+01 2.167238e+02 3.295545e+02 5.818486e+02  
5.695227e-01 9.501756e+01 2.130537e+02 3.244384e+02 5.737736e+02  
5.774615e-01 9.310860e+01 2.094581e+02 3.194189e+02 5.658357e+02  
5.855110e-01 9.124368e+01 2.059371e+02 3.144960e+02 5.580347e+02  
5.936727e-01 8.942611e+01 2.024958e+02 3.096765e+02 5.503812e+02  
6.019482e-01 8.764928e+01 1.991233e+02 3.049461e+02 5.428535e+02  
6.103390e-01 8.591439e+01 1.958215e+02 3.003072e+02 5.354556e+02  
6.188468e-01 8.422147e+01 1.925903e+02 2.957596e+02 5.281872e+02  
6.274732e-01 8.256667e+01 1.894234e+02 2.912951e+02 5.210359e+02  
6.362198e-01 8.095074e+01 1.863217e+02 2.869150e+02 5.140040e+02  
6.450884e-01 7.937283e+01 1.832840e+02 2.826173e+02 5.070886e+02  
6.540806e-01 7.783123e+01 1.803072e+02 2.783985e+02 5.002841e+02  
6.631981e-01 7.632578e+01 1.773910e+02 2.742578e+02 4.935899e+02  
6.724427e-01 7.485639e+01 1.745352e+02 2.701951e+02 4.870053e+02  
6.818162e-01 7.341979e+01 1.717344e+02 2.662032e+02 4.805202e+02  
6.913204e-01 7.201572e+01 1.689881e+02 2.622815e+02 4.741336e+02  
7.009570e-01 7.064386e+01 1.662957e+02 2.584292e+02 4.678444e+02  
7.107280e-01 6.930369e+01 1.636562e+02 2.546452e+02 4.616506e+02  
7.206351e-01 6.799442e+01 1.610683e+02 2.509275e+02 4.555497e+02  
7.306804e-01 6.671514e+01 1.585305e+02 2.472742e+02 4.495386e+02  
7.408657e-01 6.546478e+01 1.560409e+02 2.436829e+02 4.436141e+02  
7.511929e-01 6.424256e+01 1.535983e+02 2.401520e+02 4.377736e+02  
7.616642e-01 6.304782e+01 1.512014e+02 2.366799e+02 4.320150e+02  
7.722814e-01 6.187980e+01 1.488491e+02 2.332650e+02 4.263359e+02  
7.830465e-01 6.073773e+01 1.465400e+02 2.299056e+02 4.207338e+02  
7.939618e-01 5.962099e+01 1.442731e+02 2.266003e+02 4.152068e+02  
8.050292e-01 5.852896e+01 1.420473e+02 2.233479e+02 4.097528e+02  
8.162509e-01 5.746092e+01 1.398614e+02 2.201466e+02 4.043697e+02  
8.276289e-01 5.641621e+01 1.377144e+02 2.169952e+02 3.990555e+02  
8.391656e-01 5.539434e+01 1.356053e+02 2.138926e+02 3.938084e+02  
8.508632e-01 5.439475e+01 1.335333e+02 2.108374e+02 3.886269e+02  
8.627237e-01 5.341680e+01 1.314973e+02 2.078284e+02 3.835089e+02  
8.747496e-01 5.245996e+01 1.294963e+02 2.048645e+02 3.784528e+02  
8.869432e-01 5.152368e+01 1.275296e+02 2.019444e+02 3.734570e+02  
8.993067e-01 5.060736e+01 1.255961e+02 1.990669e+02 3.685197e+02  
9.118425e-01 4.971039e+01 1.236947e+02 1.962308e+02 3.636391e+02  
9.245531e-01 4.883235e+01 1.218249e+02 1.934351e+02 3.588141e+02  
9.374409e-01 4.797278e+01 1.199859e+02 1.906790e+02 3.540431e+02  
9.505083e-01 4.713115e+01 1.181768e+02 1.879613e+02 3.493248e+02  
9.637579e-01 4.630701e+01 1.163968e+02 1.852810e+02 3.446579e+02  
9.771921e-01 4.549992e+01 1.146453e+02 1.826374e+02 3.400410e+02  
9.908137e-01 4.470941e+01 1.129214e+02 1.800295e+02 3.354729e+02  
1.004625e+00 4.393495e+01 1.112245e+02 1.774562e+02 3.309523e+02  
1.018629e+00 4.317615e+01 1.095537e+02 1.749167e+02 3.264781e+02  
1.032828e+00 4.243262e+01 1.079086e+02 1.724103e+02 3.220492e+02  
1.047225e+00 4.170392e+01 1.062884e+02 1.699362e+02 3.176646e+02  
1.061823e+00 4.098963e+01 1.046925e+02 1.674935e+02 3.133231e+02  
1.076624e+00 4.028947e+01 1.031204e+02 1.650817e+02 3.090241e+02  
1.091632e+00 3.960309e+01 1.015715e+02 1.627001e+02 3.047666e+02  
1.106848e+00 3.893012e+01 1.000454e+02 1.603480e+02 3.005498e+02  
1.122277e+00 3.827024e+01 9.854137e+01 1.580249e+02 2.963728e+02  
1.137921e+00 3.762312e+01 9.705906e+01 1.557300e+02 2.922349e+02  
1.153783e+00 3.698838e+01 9.559784e+01 1.534627e+02 2.881353e+02  
1.169866e+00 3.636565e+01 9.415718e+01 1.512224e+02 2.840732e+02  
1.186174e+00 3.575465e+01 9.273664e+01 1.490086e+02 2.800481e+02  
1.202708e+00 3.515512e+01 9.133581e+01 1.468207e+02 2.760592e+02  
1.219473e+00 3.456671e+01 8.995421e+01 1.446583e+02 2.721060e+02  
1.236472e+00 3.398916e+01 8.859142e+01 1.425208e+02 2.681879e+02  
1.253708e+00 3.342221e+01 8.724706e+01 1.404078e+02 2.643044e+02  
1.271184e+00 3.286559e+01 8.592074e+01 1.383188e+02 2.604551e+02  
1.288904e+00 3.231900e+01 8.461202e+01 1.362535e+02 2.566395e+02  
1.306870e+00 3.178221e+01 8.332058e+01 1.342113e+02 2.528571e+02  
1.325087e+00 3.125502e+01 8.204611e+01 1.321919e+02 2.491076e+02  
1.343558e+00 3.073717e+01 8.078825e+01 1.301950e+02 2.453906e+02  
1.362287e+00 3.022842e+01 7.954666e+01 1.282202e+02 2.417058e+02  
1.381276e+00 2.972857e+01 7.832106e+01 1.262672e+02 2.380529e+02  
1.400531e+00 2.923740e+01 7.711114e+01 1.243356e+02 2.344316e+02  
1.420053e+00 2.875468e+01 7.591657e+01 1.224250e+02 2.308417e+02  
1.439848e+00 2.828019e+01 7.473707e+01 1.205353e+02 2.272829e+02  
1.459919e+00 2.781377e+01 7.357241e+01 1.186661e+02 2.237550e+02  
1.480269e+00 2.735521e+01 7.242231e+01 1.168171e+02 2.202579e+02  
1.500903e+00 2.690431e+01 7.128650e+01 1.149881e+02 2.167914e+02  
1.521825e+00 2.646092e+01 7.016478e+01 1.131789e+02 2.133553e+02  
1.543038e+00 2.602487e+01 6.905692e+01 1.113892e+02 2.099497e+02  
1.564548e+00 2.559598e+01 6.796269e+01 1.096188e+02 2.065743e+02  
1.586357e+00 2.517410e+01 6.688189e+01 1.078676e+02 2.032291e+02  
1.608469e+00 2.475907e+01 6.581431e+01 1.061352e+02 1.999140e+02  
1.630891e+00 2.435072e+01 6.475974e+01 1.044215e+02 1.966291e+02  
1.653624e+00 2.394888e+01 6.371798e+01 1.027263e+02 1.933743e+02  
1.676675e+00 2.355342e+01 6.268885e+01 1.010494e+02 1.901496e+02  
1.700047e+00 2.316421e+01 6.167218e+01 9.939077e+01 1.869550e+02  
1.723745e+00 2.278111e+01 6.066782e+01 9.775013e+01 1.837905e+02  
1.747773e+00 2.240399e+01 5.967559e+01 9.612737e+01 1.806562e+02  
1.772136e+00 2.203273e+01 5.869535e+01 9.452237e+01 1.775522e+02  
1.796838e+00 2.166721e+01 5.772697e+01 9.293498e+01 1.744785e+02  
1.821885e+00 2.130730e+01 5.677027e+01 9.136508e+01 1.714351e+02  
1.847281e+00 2.095289e+01 5.582514e+01 8.981256e+01 1.684222e+02  
1.873032e+00 2.060388e+01 5.489144e+01 8.827731e+01 1.654399e+02  
1.899141e+00 2.026015e+01 5.396904e+01 8.675921e+01 1.624882e+02  
1.925614e+00 1.992158e+01 5.305780e+01 8.525815e+01 1.595672e+02  
1.952456e+00 1.958808e+01 5.215763e+01 8.377406e+01 1.566772e+02  
1.979672e+00 1.925956e+01 5.126840e+01 8.230684e+01 1.538181e+02  
2.007267e+00 1.893592e+01 5.039002e+01 8.085641e+01 1.509901e+02  
2.035248e+00 1.861706e+01 4.952236e+01 7.942267e+01 1.481933e+02  
2.063618e+00 1.830292e+01 4.866534e+01 7.800557e+01 1.454279e+02  
2.092383e+00 1.799338e+01 4.781886e+01 7.660502e+01 1.426939e+02  
2.121550e+00 1.768838e+01 4.698282e+01 7.522095e+01 1.399916e+02  
2.151123e+00 1.738782e+01 4.615711e+01 7.385329e+01 1.373209e+02  
2.181109e+00 1.709164e+01 4.534168e+01 7.250199e+01 1.346820e+02  
2.211512e+00 1.679975e+01 4.453641e+01 7.116697e+01 1.320751e+02  
2.242340e+00 1.651208e+01 4.374123e+01 6.984818e+01 1.295002e+02  
2.273597e+00 1.622856e+01 4.295607e+01 6.854557e+01 1.269575e+02  
2.305289e+00 1.594913e+01 4.218083e+01 6.725907e+01 1.244470e+02  
2.337424e+00 1.567371e+01 4.141545e+01 6.598864e+01 1.219688e+02  
2.370006e+00 1.540223e+01 4.065986e+01 6.473422e+01 1.195230e+02  
2.403043e+00 1.513465e+01 3.991397e+01 6.349577e+01 1.171097e+02  
2.436540e+00 1.487090e+01 3.917772e+01 6.227322e+01 1.147290e+02  
2.470504e+00 1.461091e+01 3.845104e+01 6.106654e+01 1.123808e+02  
2.504942e+00 1.435464e+01 3.773387e+01 5.987568e+01 1.100652e+02  
2.539859e+00 1.410202e+01 3.702613e+01 5.870058e+01 1.077823e+02  
2.575263e+00 1.385300e+01 3.632777e+01 5.754120e+01 1.055321e+02  
2.611161e+00 1.360753e+01 3.563872e+01 5.639750e+01 1.033146e+02  
2.647559e+00 1.336556e+01 3.495891e+01 5.526942e+01 1.011298e+02  
2.684465e+00 1.312704e+01 3.428830e+01 5.415691e+01 9.897758e+01  
2.721885e+00 1.289192e+01 3.362681e+01 5.305993e+01 9.685801e+01  
2.759826e+00 1.266015e+01 3.297438e+01 5.197843e+01 9.477103e+01  
2.798297e+00 1.243170e+01 3.233097e+01 5.091235e+01 9.271656e+01  
2.837304e+00 1.220651e+01 3.169651e+01 4.986164e+01 9.069454e+01  
2.876854e+00 1.198455e+01 3.107095e+01 4.882625e+01 8.870487e+01  
2.916956e+00 1.176577e+01 3.045422e+01 4.780612e+01 8.674746e+01  
2.957617e+00 1.155013e+01 2.984628e+01 4.680120e+01 8.482219e+01  
2.998844e+00 1.133760e+01 2.924706e+01 4.581143e+01 8.292894e+01  
3.040646e+00 1.112813e+01 2.865652e+01 4.483674e+01 8.106756e+01  
3.083031e+00 1.092168e+01 2.807458e+01 4.387706e+01 7.923790e+01  
3.126007e+00 1.071823e+01 2.750121e+01 4.293235e+01 7.743978e+01  
3.169582e+00 1.051773e+01 2.693635e+01 4.200251e+01 7.567304e+01  
3.213764e+00 1.032015e+01 2.637993e+01 4.108749e+01 7.393748e+01  
3.258562e+00 1.012545e+01 2.583191e+01 4.018721e+01 7.223288e+01  
3.303985e+00 9.933606e+00 2.529223e+01 3.930159e+01 7.055905e+01  
3.350041e+00 9.744580e+00 2.476083e+01 3.843056e+01 6.891574e+01  
3.396739e+00 9.558342e+00 2.423766e+01 3.757402e+01 6.730272e+01  
3.444087e+00 9.374861e+00 2.372267e+01 3.673189e+01 6.571974e+01  
3.492096e+00 9.194104e+00 2.321579e+01 3.590408e+01 6.416655e+01  
3.540774e+00 9.016043e+00 2.271698e+01 3.509050e+01 6.264287e+01  
3.590130e+00 8.840649e+00 2.222616e+01 3.429105e+01 6.114842e+01  
3.640175e+00 8.667892e+00 2.174330e+01 3.350563e+01 5.968293e+01  
3.690917e+00 8.497743e+00 2.126833e+01 3.273414e+01 5.824609e+01  
3.742366e+00 8.330174e+00 2.080118e+01 3.197647e+01 5.683760e+01  
3.794533e+00 8.165158e+00 2.034181e+01 3.123251e+01 5.545716e+01  
3.847427e+00 8.002668e+00 1.989015e+01 3.050216e+01 5.410445e+01  
3.901058e+00 7.842676e+00 1.944615e+01 2.978528e+01 5.277914e+01  
3.955436e+00 7.685156e+00 1.900973e+01 2.908177e+01 5.148091e+01  
4.010573e+00 7.530082e+00 1.858085e+01 2.839150e+01 5.020943e+01  
4.066478e+00 7.377428e+00 1.815944e+01 2.771434e+01 4.896435e+01  
4.123163e+00 7.227169e+00 1.774543e+01 2.705018e+01 4.774534e+01  
4.180637e+00 7.079279e+00 1.733876e+01 2.639886e+01 4.655204e+01  
4.238913e+00 6.933734e+00 1.693937e+01 2.576027e+01 4.538410e+01  
4.298001e+00 6.790509e+00 1.654719e+01 2.513426e+01 4.424118e+01  
4.357913e+00 6.649580e+00 1.616215e+01 2.452070e+01 4.312291e+01  
4.418660e+00 6.510922e+00 1.578419e+01 2.391944e+01 4.202894e+01  
4.480254e+00 6.374512e+00 1.541324e+01 2.333034e+01 4.095890e+01  
4.542706e+00 6.240325e+00 1.504923e+01 2.275325e+01 3.991244e+01  
4.606029e+00 6.108339e+00 1.469209e+01 2.218803e+01 3.888918e+01  
4.670234e+00 5.978530e+00 1.434175e+01 2.163453e+01 3.788876e+01  
4.735335e+00 5.850874e+00 1.399813e+01 2.109259e+01 3.691081e+01  
4.801343e+00 5.725350e+00 1.366117e+01 2.056207e+01 3.595500e+01  
4.868271e+00 5.601933e+00 1.333079e+01 2.004280e+01 3.502091e+01  
4.936132e+00 5.480601e+00 1.300692e+01 1.953463e+01 3.410821e+01  
5.004939e+00 5.361332e+00 1.268948e+01 1.903741e+01 3.321652e+01  
5.074705e+00 5.244103e+00 1.237839e+01 1.855098e+01 3.234548e+01  
5.145444e+00 5.128892e+00 1.207359e+01 1.807518e+01 3.149473e+01  
5.217169e+00 5.015676e+00 1.177498e+01 1.760985e+01 3.066391e+01  
5.289893e+00 4.904434e+00 1.148250e+01 1.715483e+01 2.985265e+01  
5.363631e+00 4.795143e+00 1.119607e+01 1.670995e+01 2.906059e+01  
5.438397e+00 4.687782e+00 1.091560e+01 1.627508e+01 2.828739e+01  
5.514206e+00 4.582330e+00 1.064102e+01 1.585003e+01 2.753269e+01  
5.591071e+00 4.478763e+00 1.037225e+01 1.543465e+01 2.679613e+01  
5.669007e+00 4.377061e+00 1.010920e+01 1.502877e+01 2.607737e+01  
5.748030e+00 4.277202e+00 9.851796e+00 1.463225e+01 2.537606e+01  
5.828155e+00 4.179164e+00 9.599956e+00 1.424492e+01 2.469185e+01  
5.909396e+00 4.082928e+00 9.353599e+00 1.386662e+01 2.402442e+01  
5.991770e+00 3.988470e+00 9.112642e+00 1.349719e+01 2.337342e+01  
6.075292e+00 3.895770e+00 8.877003e+00 1.313647e+01 2.273852e+01  
6.159978e+00 3.804807e+00 8.646601e+00 1.278431e+01 2.211939e+01  
6.245845e+00 3.715560e+00 8.421352e+00 1.244054e+01 2.151571e+01  
6.332908e+00 3.628007e+00 8.201176e+00 1.210502e+01 2.092715e+01  
6.421186e+00 3.542128e+00 7.985989e+00 1.177759e+01 2.035339e+01  
6.510694e+00 3.457903e+00 7.775710e+00 1.145809e+01 1.979412e+01  
6.601449e+00 3.375309e+00 7.570256e+00 1.114637e+01 1.924903e+01  
6.693470e+00 3.294328e+00 7.369547e+00 1.084229e+01 1.871782e+01  
6.786773e+00 3.214937e+00 7.173499e+00 1.054568e+01 1.820018e+01  
6.881377e+00 3.137116e+00 6.982034e+00 1.025641e+01 1.769582e+01  
6.977300e+00 3.060844e+00 6.795068e+00 9.974328e+00 1.720443e+01  
7.074559e+00 2.986102e+00 6.612523e+00 9.699194e+00 1.672575e+01  
7.173175e+00 2.912869e+00 6.434317e+00 9.431133e+00 1.625946e+01  
7.273165e+00 2.841123e+00 6.260372e+00 9.169737e+00 1.580531e+01  
7.374549e+00 2.770846e+00 6.090608e+00 8.914952e+00 1.536301e+01  
7.477346e+00 2.702016e+00 5.924946e+00 8.666641e+00 1.493229e+01  
7.581576e+00 2.634614e+00 5.763309e+00 8.424666e+00 1.451289e+01  
7.687260e+00 2.568619e+00 5.605619e+00 8.188890e+00 1.410454e+01  
7.794416e+00 2.504010e+00 5.451800e+00 7.959179e+00 1.370698e+01  
7.903066e+00 2.440769e+00 5.301775e+00 7.735403e+00 1.331997e+01  
8.013230e+00 2.378874e+00 5.155470e+00 7.517429e+00 1.294324e+01  
8.124930e+00 2.318307e+00 5.012809e+00 7.305130e+00 1.257657e+01  
8.238187e+00 2.259046e+00 4.873719e+00 7.098379e+00 1.221970e+01  
8.353023e+00 2.201072e+00 4.738126e+00 6.897050e+00 1.187241e+01  
8.469460e+00 2.144365e+00 4.605959e+00 6.701022e+00 1.153445e+01  
8.587519e+00 2.088907e+00 4.477145e+00 6.510174e+00 1.120561e+01  
8.707225e+00 2.034675e+00 4.351615e+00 6.324386e+00 1.088567e+01  
8.828599e+00 1.981653e+00 4.229299e+00 6.143540e+00 1.057439e+01  
8.951665e+00 1.929819e+00 4.110127e+00 5.967523e+00 1.027158e+01  
9.076446e+00 1.879154e+00 3.994032e+00 5.796221e+00 9.977023e+00  
9.202967e+00 1.829639e+00 3.880947e+00 5.629522e+00 9.690507e+00  
9.331251e+00 1.781255e+00 3.770806e+00 5.467317e+00 9.411837e+00  
9.461324e+00 1.733982e+00 3.663543e+00 5.309500e+00 9.140814e+00  
9.593209e+00 1.687802e+00 3.559095e+00 5.155963e+00 8.877247e+00  
9.726934e+00 1.642696e+00 3.457397e+00 5.006605e+00 8.620947e+00  
9.862522e+00 1.598644e+00 3.358389e+00 4.861323e+00 8.371728e+00  
1.000000e+01 1.555628e+00 3.262007e+00 4.720017e+00 8.129410e+00  
