1.000000e-02 8.475872e+03 1.539191e+04 2.074730e+04 3.072091e+04  
1.013939e-02 8.520354e+03 1.547235e+04 2.085539e+04 3.088010e+04  
1.028073e-02 8.564008e+03 1.555128e+04 2.096144e+04 3.103625e+04  
1.042404e-02 8.606805e+03 1.562865e+04 2.106536e+04 3.118923e+04  
1.056935e-02 8.648713e+03 1.570439e+04 2.116709e+04 3.133894e+04  
1.071668e-02 8.689696e+03 1.577844e+04 2.126653e+04 3.148524e+04  
1.086606e-02 8.729719e+03 1.585073e+04 2.136359e+04 3.162800e+04  
1.101753e-02 8.768746e+03 1.592121e+04 2.145820e+04 3.176710e+04  
1.117111e-02 8.806741e+03 1.598981e+04 2.155025e+04 3.190240e+04  
1.132683e-02 8.843667e+03 1.605645e+04 2.163967e+04 3.203377e+04  
1.148472e-02 8.879489e+03 1.612108e+04 2.172636e+04 3.216108e+04  
1.164481e-02 8.914169e+03 1.618362e+04 2.181023e+04 3.228420e+04  
1.180713e-02 8.947667e+03 1.624401e+04 2.189118e+04 3.240297e+04  
1.197171e-02 8.979945e+03 1.630217e+04 2.196913e+04 3.251727e+04  
1.213859e-02 9.010962e+03 1.635803e+04 2.204396e+04 3.262694e+04  
1.230780e-02 9.040680e+03 1.641152e+04 2.211559e+04 3.273184e+04  
1.247936e-02 9.069060e+03 1.646257e+04 2.218392e+04 3.283183e+04  
1.265332e-02 9.096060e+03 1.651111e+04 2.224885e+04 3.292677e+04  
1.282970e-02 9.121642e+03 1.655706e+04 2.231029e+04 3.301651e+04  
1.300854e-02 9.145767e+03 1.660035e+04 2.236813e+04 3.310092e+04  
1.318987e-02 9.168394e+03 1.664091e+04 2.242229e+04 3.317984e+04  
1.337373e-02 9.189485e+03 1.667868e+04 2.247266e+04 3.325313e+04  
1.356015e-02 9.209001e+03 1.671357e+04 2.251915e+04 3.332067e+04  
1.374917e-02 9.226904e+03 1.674552e+04 2.256167e+04 3.338230e+04  
1.394083e-02 9.243156e+03 1.677447e+04 2.260013e+04 3.343790e+04  
1.413516e-02 9.257720e+03 1.680034e+04 2.263443e+04 3.348732e+04  
1.433219e-02 9.270553e+03 1.682306e+04 2.266447e+04 3.353043e+04  
1.453198e-02 9.281615e+03 1.684255e+04 2.269016e+04 3.356706e+04  
1.473454e-02 9.290862e+03 1.685873e+04 2.271138e+04 3.359707e+04  
1.493993e-02 9.298255e+03 1.687154e+04 2.272805e+04 3.362031e+04  
1.514819e-02 9.303752e+03 1.688090e+04 2.274005e+04 3.363663e+04  
1.535935e-02 9.307314e+03 1.688673e+04 2.274730e+04 3.364590e+04  
1.557345e-02 9.308902e+03 1.688898e+04 2.274969e+04 3.364797e+04  
1.579053e-02 9.308476e+03 1.688755e+04 2.274714e+04 3.364270e+04  
1.601064e-02 9.305998e+03 1.688240e+04 2.273955e+04 3.362996e+04  
1.623382e-02 9.301429e+03 1.687344e+04 2.272683e+04 3.360960e+04  
1.646012e-02 9.294734e+03 1.686061e+04 2.270888e+04 3.358151e+04  
1.668956e-02 9.285875e+03 1.684384e+04 2.268563e+04 3.354554e+04  
1.692220e-02 9.274821e+03 1.682309e+04 2.265699e+04 3.350160e+04  
1.715809e-02 9.261539e+03 1.679828e+04 2.262289e+04 3.344955e+04  
1.739726e-02 9.245996e+03 1.676936e+04 2.258324e+04 3.338929e+04  
1.763977e-02 9.228162e+03 1.673628e+04 2.253798e+04 3.332071e+04  
1.788566e-02 9.208007e+03 1.669898e+04 2.248703e+04 3.324371e+04  
1.813498e-02 9.185503e+03 1.665742e+04 2.243032e+04 3.315819e+04  
1.838777e-02 9.160624e+03 1.661154e+04 2.236780e+04 3.306405e+04  
1.864409e-02 9.133349e+03 1.656131e+04 2.229941e+04 3.296123e+04  
1.890397e-02 9.103658e+03 1.650669e+04 2.222511e+04 3.284966e+04  
1.916748e-02 9.071531e+03 1.644764e+04 2.214485e+04 3.272927e+04  
1.943467e-02 9.036947e+03 1.638414e+04 2.205858e+04 3.259999e+04  
1.970558e-02 8.999885e+03 1.631614e+04 2.196625e+04 3.246175e+04  
1.998026e-02 8.960329e+03 1.624362e+04 2.186783e+04 3.231450e+04  
2.025878e-02 8.918265e+03 1.616655e+04 2.176328e+04 3.215819e+04  
2.054117e-02 8.873684e+03 1.608492e+04 2.165258e+04 3.199279e+04  
2.082751e-02 8.826580e+03 1.599871e+04 2.153573e+04 3.181830e+04  
2.111783e-02 8.776951e+03 1.590792e+04 2.141272e+04 3.163470e+04  
2.141220e-02 8.724794e+03 1.581256e+04 2.128354e+04 3.144200e+04  
2.171068e-02 8.670111e+03 1.571262e+04 2.114821e+04 3.124021e+04  
2.201331e-02 8.612910e+03 1.560812e+04 2.100674e+04 3.102936e+04  
2.232016e-02 8.553200e+03 1.549908e+04 2.085917e+04 3.080950e+04  
2.263130e-02 8.491000e+03 1.538554e+04 2.070553e+04 3.058070e+04  
2.294676e-02 8.426332e+03 1.526753e+04 2.054590e+04 3.034304e+04  
2.326663e-02 8.359224e+03 1.514511e+04 2.038033e+04 3.009664e+04  
2.359095e-02 8.289701e+03 1.501833e+04 2.020890e+04 2.984159e+04  
2.391980e-02 8.217789e+03 1.488723e+04 2.003168e+04 2.957800e+04  
2.425323e-02 8.143522e+03 1.475188e+04 1.984874e+04 2.930599e+04  
2.459130e-02 8.066938e+03 1.461235e+04 1.966018e+04 2.902572e+04  
2.493409e-02 7.988084e+03 1.446872e+04 1.946613e+04 2.873735e+04  
2.528166e-02 7.907014e+03 1.432110e+04 1.926672e+04 2.844110e+04  
2.563407e-02 7.823790e+03 1.416960e+04 1.906210e+04 2.813719e+04  
2.599140e-02 7.738472e+03 1.401432e+04 1.885243e+04 2.782584e+04  
2.635371e-02 7.651114e+03 1.385538e+04 1.863784e+04 2.750726e+04  
2.672106e-02 7.561781e+03 1.369289e+04 1.841848e+04 2.718170e+04  
2.709354e-02 7.470546e+03 1.352697e+04 1.819455e+04 2.684941e+04  
2.747121e-02 7.377489e+03 1.335779e+04 1.796625e+04 2.651071e+04  
2.785414e-02 7.282701e+03 1.318550e+04 1.773379e+04 2.616592e+04  
2.824241e-02 7.186283e+03 1.301029e+04 1.749743e+04 2.581541e+04  
2.863610e-02 7.088332e+03 1.283234e+04 1.725740e+04 2.545954e+04  
2.903527e-02 6.988938e+03 1.265181e+04 1.701393e+04 2.509865e+04  
2.944000e-02 6.888196e+03 1.246888e+04 1.676726e+04 2.473307e+04  
2.985038e-02 6.786212e+03 1.228374e+04 1.651764e+04 2.436320e+04  
3.026648e-02 6.683103e+03 1.209659e+04 1.626536e+04 2.398946e+04  
3.068838e-02 6.578995e+03 1.190768e+04 1.601073e+04 2.361231e+04  
3.111616e-02 6.474026e+03 1.171725e+04 1.575409e+04 2.323226e+04  
3.154990e-02 6.368333e+03 1.152555e+04 1.549578e+04 2.284979e+04  
3.198969e-02 6.262032e+03 1.133278e+04 1.523607e+04 2.246533e+04  
3.243561e-02 6.155238e+03 1.113917e+04 1.497526e+04 2.207929e+04  
3.288774e-02 6.048080e+03 1.094494e+04 1.471365e+04 2.169215e+04  
3.334618e-02 5.940694e+03 1.075034e+04 1.445157e+04 2.130438e+04  
3.381101e-02 5.833228e+03 1.055564e+04 1.418939e+04 2.091653e+04  
3.428231e-02 5.725840e+03 1.036112e+04 1.392749e+04 2.052916e+04  
3.476019e-02 5.618693e+03 1.016708e+04 1.366627e+04 2.014285e+04  
3.524473e-02 5.511924e+03 9.973768e+03 1.340606e+04 1.975811e+04  
3.573602e-02 5.405667e+03 9.781420e+03 1.314718e+04 1.937539e+04  
3.623416e-02 5.300064e+03 9.590295e+03 1.288998e+04 1.899522e+04  
3.673925e-02 5.195266e+03 9.400664e+03 1.263483e+04 1.861813e+04  
3.725137e-02 5.091432e+03 9.212816e+03 1.238210e+04 1.824469e+04  
3.777064e-02 4.988735e+03 9.027059e+03 1.213221e+04 1.787551e+04  
3.829714e-02 4.887348e+03 8.843707e+03 1.188559e+04 1.751121e+04  
3.883098e-02 4.787395e+03 8.662979e+03 1.164253e+04 1.715221e+04  
3.937226e-02 4.688962e+03 8.485033e+03 1.140323e+04 1.679884e+04  
3.992109e-02 4.592140e+03 8.310028e+03 1.116791e+04 1.645140e+04  
4.047757e-02 4.497018e+03 8.138127e+03 1.093680e+04 1.611021e+04  
4.104181e-02 4.403692e+03 7.969499e+03 1.071010e+04 1.577561e+04  
4.161391e-02 4.312259e+03 7.804317e+03 1.048807e+04 1.544793e+04  
4.219398e-02 4.222818e+03 7.642761e+03 1.027093e+04 1.512753e+04  
4.278214e-02 4.135486e+03 7.485034e+03 1.005895e+04 1.481480e+04  
4.337850e-02 4.050394e+03 7.331374e+03 9.852465e+03 1.451021e+04  
4.398317e-02 3.967682e+03 7.182029e+03 9.651792e+03 1.421424e+04  
4.459628e-02 3.887495e+03 7.037256e+03 9.457278e+03 1.392740e+04  
4.521792e-02 3.809982e+03 6.897322e+03 9.269277e+03 1.365020e+04  
4.584824e-02 3.735300e+03 6.762504e+03 9.088159e+03 1.338319e+04  
4.648734e-02 3.663604e+03 6.633078e+03 8.914293e+03 1.312691e+04  
4.713535e-02 3.594962e+03 6.509161e+03 8.747829e+03 1.288157e+04  
4.779239e-02 3.529353e+03 6.390715e+03 8.588718e+03 1.264710e+04  
4.845859e-02 3.466750e+03 6.277683e+03 8.436882e+03 1.242338e+04  
4.913407e-02 3.407110e+03 6.169991e+03 8.292215e+03 1.221026e+04  
4.981898e-02 3.350384e+03 6.067543e+03 8.154589e+03 1.200753e+04  
5.051342e-02 3.296509e+03 5.970223e+03 8.023848e+03 1.181498e+04  
5.121755e-02 3.245435e+03 5.877937e+03 7.899861e+03 1.163240e+04  
5.193150e-02 3.197143e+03 5.790650e+03 7.782579e+03 1.145973e+04  
5.265540e-02 3.151612e+03 5.708317e+03 7.671941e+03 1.129686e+04  
5.338938e-02 3.108811e+03 5.630881e+03 7.567866e+03 1.114368e+04  
5.413360e-02 3.068702e+03 5.558267e+03 7.470252e+03 1.100003e+04  
5.488820e-02 3.031233e+03 5.490379e+03 7.378968e+03 1.086573e+04  
5.565331e-02 2.996319e+03 5.427060e+03 7.293800e+03 1.074045e+04  
5.642908e-02 2.963834e+03 5.368079e+03 7.214439e+03 1.062374e+04  
5.721568e-02 2.933634e+03 5.313177e+03 7.140536e+03 1.051509e+04  
5.801323e-02 2.905560e+03 5.262063e+03 7.071699e+03 1.041391e+04  
5.882190e-02 2.879431e+03 5.214412e+03 7.007492e+03 1.031958e+04  
5.964185e-02 2.855063e+03 5.169891e+03 6.947468e+03 1.023143e+04  
6.047322e-02 2.832290e+03 5.128201e+03 6.891227e+03 1.014888e+04  
6.131619e-02 2.810937e+03 5.089024e+03 6.838342e+03 1.007130e+04  
6.217090e-02 2.790806e+03 5.052008e+03 6.788343e+03 9.998003e+03  
6.303753e-02 2.771684e+03 5.016769e+03 6.740716e+03 9.928234e+03  
6.391624e-02 2.753347e+03 4.982906e+03 6.694924e+03 9.861209e+03  
6.480720e-02 2.735578e+03 4.950034e+03 6.650455e+03 9.796177e+03  
6.571058e-02 2.718147e+03 4.917742e+03 6.606760e+03 9.732334e+03  
6.662655e-02 2.700803e+03 4.885582e+03 6.563243e+03 9.668809e+03  
6.755528e-02 2.683273e+03 4.853072e+03 6.519262e+03 9.604662e+03  
6.849697e-02 2.665296e+03 4.819749e+03 6.474202e+03 9.538988e+03  
6.945178e-02 2.646620e+03 4.785172e+03 6.427474e+03 9.470928e+03  
7.041990e-02 2.626977e+03 4.748865e+03 6.378449e+03 9.399560e+03  
7.140151e-02 2.606076e+03 4.710321e+03 6.326453e+03 9.323892e+03  
7.239681e-02 2.583634e+03 4.669042e+03 6.270827e+03 9.242957e+03  
7.340598e-02 2.559430e+03 4.624645e+03 6.211062e+03 9.156006e+03  
7.442922e-02 2.533241e+03 4.576742e+03 6.146647e+03 9.062289e+03  
7.546673e-02 2.504831e+03 4.524924e+03 6.077041e+03 8.961006e+03  
7.651869e-02 2.473975e+03 4.468804e+03 6.001730e+03 8.851400e+03  
7.758532e-02 2.440553e+03 4.408179e+03 5.920452e+03 8.733081e+03  
7.866682e-02 2.404473e+03 4.342896e+03 5.833005e+03 8.605747e+03  
7.976339e-02 2.365639e+03 4.272794e+03 5.739179e+03 8.469085e+03  
8.087525e-02 2.323989e+03 4.197775e+03 5.638846e+03 8.322904e+03  
8.200261e-02 2.279579e+03 4.117948e+03 5.532157e+03 8.167417e+03  
8.314568e-02 2.232499e+03 4.033479e+03 5.419336e+03 8.002949e+03  
8.430468e-02 2.182854e+03 3.944560e+03 5.300639e+03 7.829873e+03  
8.547985e-02 2.130803e+03 3.851482e+03 5.176456e+03 7.648759e+03  
8.667139e-02 2.076590e+03 3.754674e+03 5.047360e+03 7.460448e+03  
8.787954e-02 2.020484e+03 3.654617e+03 4.913992e+03 7.265880e+03  
8.910453e-02 1.962784e+03 3.551840e+03 4.777056e+03 7.066090e+03  
9.034660e-02 1.903831e+03 3.446945e+03 4.637352e+03 6.862252e+03  
9.160598e-02 1.844003e+03 3.340594e+03 4.495762e+03 6.655668e+03  
9.288292e-02 1.783711e+03 3.233510e+03 4.353243e+03 6.447743e+03  
9.417766e-02 1.723394e+03 3.126463e+03 4.210819e+03 6.239984e+03  
9.549045e-02 1.663468e+03 3.020181e+03 4.069454e+03 6.033808e+03  
9.682153e-02 1.604347e+03 2.915384e+03 3.930103e+03 5.830620e+03  
9.817117e-02 1.546476e+03 2.812848e+03 3.793796e+03 5.631931e+03  
9.953962e-02 1.490318e+03 2.713384e+03 3.661601e+03 5.439309e+03  
1.009272e-01 1.436244e+03 2.617633e+03 3.534369e+03 5.254000e+03  
1.023340e-01 1.384586e+03 2.526171e+03 3.412861e+03 5.077115e+03  
1.037605e-01 1.335697e+03 2.439612e+03 3.297883e+03 4.909835e+03  
1.052069e-01 1.289908e+03 2.358527e+03 3.190191e+03 4.753259e+03  
1.066734e-01 1.247403e+03 2.283232e+03 3.090197e+03 4.607986e+03  
1.081604e-01 1.208336e+03 2.213988e+03 2.998245e+03 4.474511e+03  
1.096681e-01 1.172862e+03 2.151059e+03 2.914676e+03 4.353329e+03  
1.111968e-01 1.141050e+03 2.094558e+03 2.839634e+03 4.244644e+03  
1.127468e-01 1.112872e+03 2.044424e+03 2.773038e+03 4.148331e+03  
1.143184e-01 1.088285e+03 2.000575e+03 2.714768e+03 4.064213e+03  
1.159120e-01 1.067204e+03 1.962852e+03 2.664613e+03 3.991979e+03  
1.175277e-01 1.049448e+03 1.930930e+03 2.622138e+03 3.930991e+03  
1.191660e-01 1.034799e+03 1.904417e+03 2.586818e+03 3.880488e+03  
1.208271e-01 1.023001e+03 1.882860e+03 2.558053e+03 3.839592e+03  
1.225114e-01 1.013720e+03 1.865666e+03 2.535055e+03 3.807161e+03  
1.242191e-01 1.006567e+03 1.852152e+03 2.516919e+03 3.781874e+03  
1.259506e-01 1.001115e+03 1.841570e+03 2.502657e+03 3.762295e+03  
1.277063e-01 9.968970e+02 1.833103e+03 2.491188e+03 3.746846e+03  
1.294865e-01 9.934009e+02 1.825863e+03 2.481338e+03 3.733814e+03  
1.312915e-01 9.900824e+02 1.818907e+03 2.471866e+03 3.721375e+03  
1.331216e-01 9.864278e+02 1.811350e+03 2.461602e+03 3.707816e+03  
1.349772e-01 9.819136e+02 1.802293e+03 2.449362e+03 3.691386e+03  
1.368587e-01 9.760133e+02 1.790837e+03 2.433958e+03 3.670331e+03  
1.387665e-01 9.683278e+02 1.776303e+03 2.414499e+03 3.643321e+03  
1.407008e-01 9.584737e+02 1.758043e+03 2.390128e+03 3.609080e+03  
1.426621e-01 9.461286e+02 1.735516e+03 2.360133e+03 3.566536e+03  
1.446507e-01 9.311257e+02 1.708448e+03 2.324153e+03 3.515141e+03  
1.466671e-01 9.133212e+02 1.676604e+03 2.281882e+03 3.454425e+03  
1.487115e-01 8.927224e+02 1.640009e+03 2.233354e+03 3.384428e+03  
1.507845e-01 8.694642e+02 1.598905e+03 2.178889e+03 3.305619e+03  
1.528864e-01 8.437516e+02 1.553650e+03 2.118966e+03 3.218704e+03  
1.550175e-01 8.159836e+02 1.504935e+03 2.054497e+03 3.125040e+03  
1.571784e-01 7.866372e+02 1.453579e+03 1.986568e+03 3.026239e+03  
1.593694e-01 7.562943e+02 1.400578e+03 1.916494e+03 2.924261e+03  
1.615909e-01 7.256354e+02 1.347094e+03 1.845811e+03 2.821383e+03  
1.638434e-01 6.953470e+02 1.294300e+03 1.776061e+03 2.719889e+03  
1.661273e-01 6.660588e+02 1.243265e+03 1.708656e+03 2.621862e+03  
1.684430e-01 6.383927e+02 1.195047e+03 1.644982e+03 2.529343e+03  
1.707910e-01 6.127897e+02 1.150394e+03 1.586019e+03 2.443765e+03  
1.731717e-01 5.896328e+02 1.109951e+03 1.532613e+03 2.366356e+03  
1.755856e-01 5.691481e+02 1.074098e+03 1.485255e+03 2.297825e+03  
1.780332e-01 5.514568e+02 1.043033e+03 1.444200e+03 2.238531e+03  
1.805149e-01 5.365944e+02 1.016807e+03 1.409508e+03 2.188555e+03  
1.830312e-01 5.245071e+02 9.953202e+02 1.381043e+03 2.147686e+03  
1.855825e-01 5.150591e+02 9.783300e+02 1.358482e+03 2.115452e+03  
1.881694e-01 5.080114e+02 9.654202e+02 1.341276e+03 2.091052e+03  
1.907924e-01 5.030256e+02 9.560065e+02 1.328656e+03 2.073366e+03  
1.934520e-01 4.996340e+02 9.492879e+02 1.319571e+03 2.060861e+03  
1.961486e-01 4.972871e+02 9.443277e+02 1.312792e+03 2.051745e+03  
1.988828e-01 4.953457e+02 9.400427e+02 1.306898e+03 2.043937e+03  
2.016551e-01 4.931776e+02 9.353661e+02 1.300491e+03 2.035377e+03  
2.044661e-01 4.901794e+02 9.292844e+02 1.292242e+03 2.024103e+03  
2.073162e-01 4.858572e+02 9.209729e+02 1.281069e+03 2.008506e+03  
2.102061e-01 4.798265e+02 9.097937e+02 1.266134e+03 1.987336e+03  
2.131362e-01 4.718643e+02 8.953821e+02 1.246959e+03 1.959874e+03  
2.161073e-01 4.618710e+02 8.775812e+02 1.223340e+03 1.925812e+03  
2.191197e-01 4.499267e+02 8.565341e+02 1.195468e+03 1.885429e+03  
2.221741e-01 4.362420e+02 8.326021e+02 1.163821e+03 1.839439e+03  
2.252711e-01 4.212007e+02 8.064336e+02 1.129252e+03 1.789118e+03  
2.284112e-01 4.053069e+02 7.788762e+02 1.092878e+03 1.736127e+03  
2.315951e-01 3.891672e+02 7.509457e+02 1.056032e+03 1.682447e+03  
2.348235e-01 3.733892e+02 7.236568e+02 1.020044e+03 1.630040e+03  
2.380968e-01 3.585406e+02 6.979549e+02 9.861473e+02 1.580720e+03  
2.414157e-01 3.450730e+02 6.745898e+02 9.553185e+02 1.535911e+03  
2.447809e-01 3.333050e+02 6.540865e+02 9.282375e+02 1.496593e+03  
2.481930e-01 3.234212e+02 6.367462e+02 9.052911e+02 1.463317e+03  
2.516527e-01 3.154545e+02 6.226153e+02 8.865335e+02 1.436149e+03  
2.551606e-01 3.093035e+02 6.115165e+02 8.717289e+02 1.414735e+03  
2.587174e-01 3.047305e+02 6.030466e+02 8.603482e+02 1.398299e+03  
2.623238e-01 3.013551e+02 5.965668e+02 8.515576e+02 1.385625e+03  
2.659804e-01 2.987058e+02 5.912902e+02 8.443315e+02 1.375218e+03  
2.696881e-01 2.962625e+02 5.863537e+02 8.375457e+02 1.365436e+03  
2.734474e-01 2.935215e+02 5.809249e+02 8.301163e+02 1.354691e+03  
2.772591e-01 2.900629e+02 5.743141e+02 8.211455e+02 1.341667e+03  
2.811239e-01 2.855773e+02 5.660165e+02 8.099765e+02 1.325398e+03  
2.850426e-01 2.798908e+02 5.557522e+02 7.962468e+02 1.305351e+03  
2.890160e-01 2.729942e+02 5.435131e+02 7.799485e+02 1.281520e+03  
2.930447e-01 2.650469e+02 5.295673e+02 7.614348e+02 1.254432e+03  
2.971296e-01 2.563628e+02 5.144352e+02 7.413867e+02 1.225096e+03  
3.012714e-01 2.473731e+02 4.988271e+02 7.207305e+02 1.194875e+03  
3.054710e-01 2.385536e+02 4.835228e+02 7.004798e+02 1.165253e+03  
3.097291e-01 2.303230e+02 4.692064e+02 6.815206e+02 1.137518e+03  
3.140465e-01 2.229913e+02 4.563811e+02 6.645015e+02 1.112602e+03  
3.184242e-01 2.167390e+02 4.453366e+02 6.497927e+02 1.091030e+03  
3.228628e-01 2.116139e+02 4.361451e+02 6.374828e+02 1.072917e+03  
3.273634e-01 2.075327e+02 4.286644e+02 6.273837e+02 1.057983e+03  
3.319266e-01 2.042856e+02 4.225475e+02 6.190443e+02 1.045569e+03  
3.365535e-01 2.015551e+02 4.172744e+02 6.117915e+02 1.034701e+03  
3.412449e-01 1.989642e+02 4.122309e+02 6.048321e+02 1.024236e+03  
3.460016e-01 1.961590e+02 4.068443e+02 5.974275e+02 1.013106e+03  
3.508247e-01 1.928764e+02 4.006912e+02 5.890328e+02 1.000527e+03  
3.557150e-01 1.889770e+02 3.935502e+02 5.793644e+02 9.860959e+02  
3.606735e-01 1.844519e+02 3.854112e+02 5.684123e+02 9.698035e+02  
3.657011e-01 1.794138e+02 3.764602e+02 5.564191e+02 9.520085e+02  
3.707988e-01 1.740892e+02 3.670648e+02 5.438604e+02 9.334025e+02  
3.759675e-01 1.687746e+02 3.577028e+02 5.313519e+02 9.148731e+02  
3.812083e-01 1.637581e+02 3.488357e+02 5.194853e+02 8.972657e+02  
3.865221e-01 1.592493e+02 3.407971e+02 5.086862e+02 8.811817e+02  
3.919100e-01 1.553536e+02 3.337522e+02 4.991624e+02 8.669083e+02  
3.973730e-01 1.520657e+02 3.276883e+02 4.908946e+02 8.544092e+02  
4.029122e-01 1.492768e+02 3.224278e+02 4.836532e+02 8.433519e+02  
4.085286e-01 1.467894e+02 3.176534e+02 4.770311e+02 8.331562e+02  
4.142232e-01 1.443706e+02 3.129935e+02 4.705536e+02 8.231498e+02  
4.199973e-01 1.418197e+02 3.081298e+02 4.638158e+02 8.127622e+02  
4.258518e-01 1.390089e+02 3.028618e+02 4.565635e+02 8.016386e+02  
4.317880e-01 1.358954e+02 2.971242e+02 4.487156e+02 7.896705e+02  
4.378069e-01 1.325316e+02 2.910022e+02 4.403828e+02 7.770200e+02  
4.439097e-01 1.290610e+02 2.847241e+02 4.318567e+02 7.641009e+02  
4.500975e-01 1.256623e+02 2.785716e+02 4.234950e+02 7.514152e+02  
4.563716e-01 1.224824e+02 2.727746e+02 4.155880e+02 7.393656e+02  
4.627332e-01 1.196094e+02 2.674694e+02 4.083060e+02 7.281842e+02  
4.691835e-01 1.170695e+02 2.626941e+02 4.016952e+02 7.179289e+02  
4.757236e-01 1.148005e+02 2.583495e+02 3.956284e+02 7.084189e+02  
4.823549e-01 1.126807e+02 2.542440e+02 3.898632e+02 6.993171e+02  
4.890787e-01 1.105792e+02 2.501733e+02 3.841426e+02 6.902697e+02  
4.958962e-01 1.084031e+02 2.459937e+02 3.782865e+02 6.810316e+02  
5.028087e-01 1.061050e+02 2.416330e+02 3.722058e+02 6.714843e+02  
5.098176e-01 1.036983e+02 2.371135e+02 3.659297e+02 6.616715e+02  
5.169242e-01 1.012599e+02 2.325549e+02 3.596088e+02 6.518014e+02  
5.241298e-01 9.888449e+01 2.281029e+02 3.534255e+02 6.421216e+02  
5.314359e-01 9.664610e+01 2.238706e+02 3.475198e+02 6.328197e+02  
5.388438e-01 9.458046e+01 2.199115e+02 3.419571e+02 6.239805e+02  
5.463550e-01 9.267774e+01 2.162090e+02 3.367154e+02 6.155711e+02  
5.539709e-01 9.087787e+01 2.126702e+02 3.316788e+02 6.074345e+02  
5.616930e-01 8.911435e+01 2.091936e+02 3.267214e+02 5.994024e+02  
5.695227e-01 8.733673e+01 2.057026e+02 3.217489e+02 5.913511e+02  
5.774615e-01 8.551793e+01 2.021570e+02 3.167125e+02 5.832178e+02  
5.855110e-01 8.367890e+01 1.985890e+02 3.116525e+02 5.750579e+02  
5.936727e-01 8.186147e+01 1.950619e+02 3.066469e+02 5.669746e+02  
6.019482e-01 8.010831e+01 1.916396e+02 3.017738e+02 5.590694e+02  
6.103390e-01 7.844783e+01 1.883639e+02 2.970839e+02 5.514063e+02  
6.188468e-01 7.687957e+01 1.852333e+02 2.925743e+02 5.439799e+02  
6.274732e-01 7.537408e+01 1.822031e+02 2.881903e+02 5.367185e+02  
6.362198e-01 7.390058e+01 1.792275e+02 2.838759e+02 5.295501e+02  
6.450884e-01 7.243331e+01 1.762682e+02 2.795851e+02 5.224166e+02  
6.540806e-01 7.096376e+01 1.733130e+02 2.753034e+02 5.153007e+02  
6.631981e-01 6.951529e+01 1.703964e+02 2.710726e+02 5.082558e+02  
6.724427e-01 6.810565e+01 1.675444e+02 2.669239e+02 5.013208e+02  
6.818162e-01 6.673741e+01 1.647603e+02 2.628610e+02 4.945000e+02  
6.913204e-01 6.541307e+01 1.620475e+02 2.588878e+02 4.877975e+02  
7.009570e-01 6.413251e+01 1.594054e+02 2.550032e+02 4.812115e+02  
7.107280e-01 6.288855e+01 1.568234e+02 2.511945e+02 4.747256e+02  
7.206351e-01 6.167233e+01 1.542884e+02 2.474459e+02 4.683208e+02  
7.306804e-01 6.047465e+01 1.517872e+02 2.437420e+02 4.619782e+02  
7.408657e-01 5.929381e+01 1.493173e+02 2.400798e+02 4.556948e+02  
7.511929e-01 5.813525e+01 1.468865e+02 2.364684e+02 4.494816e+02  
7.616642e-01 5.700504e+01 1.445031e+02 2.329178e+02 4.433500e+02  
7.722814e-01 5.590808e+01 1.421741e+02 2.294355e+02 4.373086e+02  
7.830465e-01 5.484214e+01 1.398958e+02 2.260174e+02 4.313522e+02  
7.939618e-01 5.380243e+01 1.376614e+02 2.226553e+02 4.254708e+02  
8.050292e-01 5.278381e+01 1.354636e+02 2.193406e+02 4.196548e+02  
8.162509e-01 5.178344e+01 1.332982e+02 2.160687e+02 4.138988e+02  
8.276289e-01 5.080266e+01 1.311672e+02 2.128417e+02 4.082050e+02  
8.391656e-01 4.984321e+01 1.290728e+02 2.096621e+02 4.025764e+02  
8.508632e-01 4.890676e+01 1.270171e+02 2.065323e+02 3.970153e+02  
8.627237e-01 4.799304e+01 1.249995e+02 2.034514e+02 3.915207e+02  
8.747496e-01 4.710055e+01 1.230180e+02 2.004169e+02 3.860894e+02  
8.869432e-01 4.622763e+01 1.210701e+02 1.974262e+02 3.807186e+02  
8.993067e-01 4.537288e+01 1.191537e+02 1.944768e+02 3.754054e+02  
9.118425e-01 4.453598e+01 1.172684e+02 1.915681e+02 3.701493e+02  
9.245531e-01 4.371677e+01 1.154139e+02 1.886997e+02 3.649496e+02  
9.374409e-01 4.291506e+01 1.135897e+02 1.858711e+02 3.598057e+02  
9.505083e-01 4.213056e+01 1.117953e+02 1.830817e+02 3.547169e+02  
9.637579e-01 4.136288e+01 1.100302e+02 1.803307e+02 3.496823e+02  
9.771921e-01 4.061160e+01 1.082937e+02 1.776174e+02 3.447010e+02  
9.908137e-01 3.987621e+01 1.065850e+02 1.749409e+02 3.397720e+02  
1.004625e+00 3.915627e+01 1.049034e+02 1.723003e+02 3.348943e+02  
1.018629e+00 3.845130e+01 1.032481e+02 1.696948e+02 3.300671e+02  
1.032828e+00 3.776077e+01 1.016185e+02 1.671235e+02 3.252894e+02  
1.047225e+00 3.708420e+01 1.000138e+02 1.645857e+02 3.205604e+02  
1.061823e+00 3.642136e+01 9.843358e+01 1.620808e+02 3.158796e+02  
1.076624e+00 3.577196e+01 9.687745e+01 1.596083e+02 3.112463e+02  
1.091632e+00 3.513569e+01 9.534489e+01 1.571677e+02 3.066601e+02  
1.106848e+00 3.451226e+01 9.383545e+01 1.547584e+02 3.021202e+02  
1.122277e+00 3.390133e+01 9.234862e+01 1.523799e+02 2.976263e+02  
1.137921e+00 3.330255e+01 9.088388e+01 1.500316e+02 2.931775e+02  
1.153783e+00 3.271554e+01 8.944069e+01 1.477128e+02 2.887735e+02  
1.169866e+00 3.214004e+01 8.801864e+01 1.454231e+02 2.844136e+02  
1.186174e+00 3.157579e+01 8.661732e+01 1.431621e+02 2.800975e+02  
1.202708e+00 3.102246e+01 8.523629e+01 1.409292e+02 2.758247e+02  
1.219473e+00 3.047979e+01 8.387514e+01 1.387240e+02 2.715947e+02  
1.236472e+00 2.994754e+01 8.253350e+01 1.365460e+02 2.674073e+02  
1.253708e+00 2.942544e+01 8.121099e+01 1.343950e+02 2.632619e+02  
1.271184e+00 2.891320e+01 7.990720e+01 1.322703e+02 2.591582e+02  
1.288904e+00 2.841059e+01 7.862178e+01 1.301717e+02 2.550960e+02  
1.306870e+00 2.791737e+01 7.735440e+01 1.280988e+02 2.510747e+02  
1.325087e+00 2.743330e+01 7.610469e+01 1.260511e+02 2.470942e+02  
1.343558e+00 2.695812e+01 7.487231e+01 1.240284e+02 2.431542e+02  
1.362287e+00 2.649166e+01 7.365700e+01 1.220303e+02 2.392543e+02  
1.381276e+00 2.603372e+01 7.245846e+01 1.200564e+02 2.353944e+02  
1.400531e+00 2.558409e+01 7.127641e+01 1.181066e+02 2.315742e+02  
1.420053e+00 2.514258e+01 7.011056e+01 1.161805e+02 2.277935e+02  
1.439848e+00 2.470900e+01 6.896065e+01 1.142777e+02 2.240520e+02  
1.459919e+00 2.428316e+01 6.782640e+01 1.123981e+02 2.203497e+02  
1.480269e+00 2.386484e+01 6.670752e+01 1.105413e+02 2.166861e+02  
1.500903e+00 2.345389e+01 6.560381e+01 1.087071e+02 2.130613e+02  
1.521825e+00 2.305015e+01 6.451502e+01 1.068952e+02 2.094751e+02  
1.543038e+00 2.265345e+01 6.344092e+01 1.051054e+02 2.059272e+02  
1.564548e+00 2.226363e+01 6.238129e+01 1.033375e+02 2.024175e+02  
1.586357e+00 2.188053e+01 6.133591e+01 1.015911e+02 1.989459e+02  
1.608469e+00 2.150400e+01 6.030457e+01 9.986623e+01 1.955123e+02  
1.630891e+00 2.113386e+01 5.928703e+01 9.816247e+01 1.921166e+02  
1.653624e+00 2.076997e+01 5.828311e+01 9.647968e+01 1.887586e+02  
1.676675e+00 2.041222e+01 5.729264e+01 9.481767e+01 1.854382e+02  
1.700047e+00 2.006047e+01 5.631543e+01 9.317625e+01 1.821553e+02  
1.723745e+00 1.971458e+01 5.535129e+01 9.155521e+01 1.789099e+02  
1.747773e+00 1.937445e+01 5.440007e+01 8.995440e+01 1.757018e+02  
1.772136e+00 1.903994e+01 5.346159e+01 8.837363e+01 1.725310e+02  
1.796838e+00 1.871093e+01 5.253568e+01 8.681272e+01 1.693973e+02  
1.821885e+00 1.838730e+01 5.162219e+01 8.527150e+01 1.663008e+02  
1.847281e+00 1.806894e+01 5.072096e+01 8.374981e+01 1.632413e+02  
1.873032e+00 1.775576e+01 4.983185e+01 8.224751e+01 1.602188e+02  
1.899141e+00 1.744764e+01 4.895471e+01 8.076442e+01 1.572331e+02  
1.925614e+00 1.714447e+01 4.808940e+01 7.930039e+01 1.542843e+02  
1.952456e+00 1.684617e+01 4.723578e+01 7.785529e+01 1.513722e+02  
1.979672e+00 1.655263e+01 4.639371e+01 7.642896e+01 1.484968e+02  
2.007267e+00 1.626374e+01 4.556307e+01 7.502125e+01 1.456581e+02  
2.035248e+00 1.597943e+01 4.474372e+01 7.363204e+01 1.428558e+02  
2.063618e+00 1.569961e+01 4.393554e+01 7.226118e+01 1.400901e+02  
2.092383e+00 1.542418e+01 4.313841e+01 7.090854e+01 1.373607e+02  
2.121550e+00 1.515306e+01 4.235222e+01 6.957399e+01 1.346677e+02  
2.151123e+00 1.488620e+01 4.157685e+01 6.825741e+01 1.320110e+02  
2.181109e+00 1.462349e+01 4.081219e+01 6.695867e+01 1.293904e+02  
2.211512e+00 1.436488e+01 4.005813e+01 6.567763e+01 1.268059e+02  
2.242340e+00 1.411028e+01 3.931457e+01 6.441418e+01 1.242573e+02  
2.273597e+00 1.385963e+01 3.858140e+01 6.316820e+01 1.217447e+02  
2.305289e+00 1.361285e+01 3.785850e+01 6.193957e+01 1.192679e+02  
2.337424e+00 1.336986e+01 3.714579e+01 6.072815e+01 1.168268e+02  
2.370006e+00 1.313062e+01 3.644315e+01 5.953385e+01 1.144213e+02  
2.403043e+00 1.289505e+01 3.575050e+01 5.835653e+01 1.120513e+02  
2.436540e+00 1.266308e+01 3.506773e+01 5.719609e+01 1.097166e+02  
2.470504e+00 1.243466e+01 3.439475e+01 5.605240e+01 1.074171e+02  
2.504942e+00 1.220974e+01 3.373147e+01 5.492536e+01 1.051527e+02  
2.539859e+00 1.198826e+01 3.307781e+01 5.381486e+01 1.029232e+02  
2.575263e+00 1.177016e+01 3.243366e+01 5.272077e+01 1.007285e+02  
2.611161e+00 1.155539e+01 3.179894e+01 5.164298e+01 9.856841e+01  
2.647559e+00 1.134391e+01 3.117356e+01 5.058138e+01 9.644277e+01  
2.684465e+00 1.113564e+01 3.055744e+01 4.953587e+01 9.435139e+01  
2.721885e+00 1.093055e+01 2.995049e+01 4.850631e+01 9.229410e+01  
2.759826e+00 1.072858e+01 2.935262e+01 4.749261e+01 9.027069e+01  
2.798297e+00 1.052970e+01 2.876375e+01 4.649466e+01 8.828096e+01  
2.837304e+00 1.033385e+01 2.818380e+01 4.551232e+01 8.632470e+01  
2.876854e+00 1.014099e+01 2.761268e+01 4.454550e+01 8.440169e+01  
2.916956e+00 9.951077e+00 2.705032e+01 4.359408e+01 8.251170e+01  
2.957617e+00 9.764073e+00 2.649663e+01 4.265794e+01 8.065449e+01  
2.998844e+00 9.579933e+00 2.595154e+01 4.173697e+01 7.882982e+01  
3.040646e+00 9.398619e+00 2.541496e+01 4.083105e+01 7.703744e+01  
3.083031e+00 9.220091e+00 2.488682e+01 3.994007e+01 7.527707e+01  
3.126007e+00 9.044307e+00 2.436703e+01 3.906390e+01 7.354846e+01  
3.169582e+00 8.871233e+00 2.385553e+01 3.820244e+01 7.185133e+01  
3.213764e+00 8.700832e+00 2.335223e+01 3.735555e+01 7.018539e+01  
3.258562e+00 8.533068e+00 2.285705e+01 3.652312e+01 6.855035e+01  
3.303985e+00 8.367906e+00 2.236992e+01 3.570503e+01 6.694592e+01  
3.350041e+00 8.205313e+00 2.189077e+01 3.490114e+01 6.537179e+01  
3.396739e+00 8.045255e+00 2.141951e+01 3.411135e+01 6.382764e+01  
3.444087e+00 7.887699e+00 2.095607e+01 3.333552e+01 6.231318e+01  
3.492096e+00 7.732613e+00 2.050038e+01 3.257352e+01 6.082806e+01  
3.540774e+00 7.579967e+00 2.005237e+01 3.182523e+01 5.937197e+01  
3.590130e+00 7.429728e+00 1.961194e+01 3.109051e+01 5.794457e+01  
3.640175e+00 7.281868e+00 1.917904e+01 3.036924e+01 5.654553e+01  
3.690917e+00 7.136355e+00 1.875359e+01 2.966127e+01 5.517450e+01  
3.742366e+00 6.993162e+00 1.833551e+01 2.896649e+01 5.383115e+01  
3.794533e+00 6.852260e+00 1.792472e+01 2.828474e+01 5.251512e+01  
3.847427e+00 6.713620e+00 1.752116e+01 2.761590e+01 5.122606e+01  
3.901058e+00 6.577215e+00 1.712475e+01 2.695982e+01 4.996362e+01  
3.955436e+00 6.443017e+00 1.673541e+01 2.631639e+01 4.872743e+01  
4.010573e+00 6.311001e+00 1.635308e+01 2.568539e+01 4.751715e+01  
4.066478e+00 6.181138e+00 1.597767e+01 2.506676e+01 4.633240e+01  
4.123163e+00 6.053404e+00 1.560911e+01 2.446032e+01 4.517283e+01  
4.180637e+00 5.927773e+00 1.524733e+01 2.386594e+01 4.403806e+01  
4.238913e+00 5.804219e+00 1.489225e+01 2.328345e+01 4.292774e+01  
4.298001e+00 5.682718e+00 1.454380e+01 2.271272e+01 4.184149e+01  
4.357913e+00 5.563244e+00 1.420191e+01 2.215360e+01 4.077895e+01  
4.418660e+00 5.445775e+00 1.386649e+01 2.160594e+01 3.973975e+01  
4.480254e+00 5.330284e+00 1.353748e+01 2.106958e+01 3.872353e+01  
4.542706e+00 5.216749e+00 1.321479e+01 2.054438e+01 3.772990e+01  
4.606029e+00 5.105147e+00 1.289836e+01 2.003018e+01 3.675851e+01  
4.670234e+00 4.995453e+00 1.258811e+01 1.952683e+01 3.580900e+01  
4.735335e+00 4.887645e+00 1.228396e+01 1.903418e+01 3.488098e+01  
4.801343e+00 4.781700e+00 1.198583e+01 1.855208e+01 3.397411e+01  
4.868271e+00 4.677596e+00 1.169366e+01 1.808036e+01 3.308801e+01  
4.936132e+00 4.575309e+00 1.140737e+01 1.761888e+01 3.222232e+01  
5.004939e+00 4.474818e+00 1.112687e+01 1.716748e+01 3.137669e+01  
5.074705e+00 4.376101e+00 1.085209e+01 1.672600e+01 3.055076e+01  
5.145444e+00 4.279136e+00 1.058297e+01 1.629429e+01 2.974416e+01  
5.217169e+00 4.183902e+00 1.031941e+01 1.587220e+01 2.895655e+01  
5.289893e+00 4.090376e+00 1.006135e+01 1.545957e+01 2.818758e+01  
5.363631e+00 3.998538e+00 9.808698e+00 1.505625e+01 2.743689e+01  
5.438397e+00 3.908367e+00 9.561391e+00 1.466208e+01 2.670415e+01  
5.514206e+00 3.819841e+00 9.319348e+00 1.427692e+01 2.598900e+01  
5.591071e+00 3.732940e+00 9.082491e+00 1.390060e+01 2.529110e+01  
5.669007e+00 3.647642e+00 8.850745e+00 1.353297e+01 2.461013e+01  
5.748030e+00 3.563928e+00 8.624031e+00 1.317389e+01 2.394575e+01  
5.828155e+00 3.481778e+00 8.402275e+00 1.282320e+01 2.329762e+01  
5.909396e+00 3.401169e+00 8.185399e+00 1.248075e+01 2.266543e+01  
5.991770e+00 3.322084e+00 7.973327e+00 1.214639e+01 2.204884e+01  
6.075292e+00 3.244501e+00 7.765982e+00 1.181998e+01 2.144754e+01  
6.159978e+00 3.168401e+00 7.563288e+00 1.150136e+01 2.086122e+01  
6.245845e+00 3.093763e+00 7.365170e+00 1.119040e+01 2.028955e+01  
6.332908e+00 3.020569e+00 7.171551e+00 1.088694e+01 1.973224e+01  
6.421186e+00 2.948799e+00 6.982357e+00 1.059085e+01 1.918898e+01  
6.510694e+00 2.878433e+00 6.797513e+00 1.030197e+01 1.865946e+01  
6.601449e+00 2.809453e+00 6.616942e+00 1.002018e+01 1.814341e+01  
6.693470e+00 2.741838e+00 6.440572e+00 9.745318e+00 1.764051e+01  
6.786773e+00 2.675571e+00 6.268327e+00 9.477260e+00 1.715049e+01  
6.881377e+00 2.610631e+00 6.100136e+00 9.215865e+00 1.667306e+01  
6.977300e+00 2.547001e+00 5.935923e+00 8.960997e+00 1.620795e+01  
7.074559e+00 2.484662e+00 5.775617e+00 8.712523e+00 1.575487e+01  
7.173175e+00 2.423594e+00 5.619145e+00 8.470310e+00 1.531356e+01  
7.273165e+00 2.363781e+00 5.466436e+00 8.234227e+00 1.488376e+01  
7.374549e+00 2.305202e+00 5.317419e+00 8.004145e+00 1.446519e+01  
7.477346e+00 2.247841e+00 5.172023e+00 7.779936e+00 1.405761e+01  
7.581576e+00 2.191679e+00 5.030179e+00 7.561475e+00 1.366075e+01  
7.687260e+00 2.136697e+00 4.891816e+00 7.348637e+00 1.327438e+01  
7.794416e+00 2.082879e+00 4.756868e+00 7.141299e+00 1.289824e+01  
7.903066e+00 2.030207e+00 4.625265e+00 6.939341e+00 1.253209e+01  
8.013230e+00 1.978662e+00 4.496940e+00 6.742644e+00 1.217571e+01  
8.124930e+00 1.928228e+00 4.371828e+00 6.551090e+00 1.182885e+01  
8.238187e+00 1.878886e+00 4.249861e+00 6.364564e+00 1.149130e+01  
8.353023e+00 1.830620e+00 4.130976e+00 6.182952e+00 1.116282e+01  
8.469460e+00 1.783412e+00 4.015109e+00 6.006143e+00 1.084320e+01  
8.587519e+00 1.737246e+00 3.902195e+00 5.834026e+00 1.053222e+01  
8.707225e+00 1.692104e+00 3.792171e+00 5.666492e+00 1.022967e+01  
8.828599e+00 1.647970e+00 3.684977e+00 5.503435e+00 9.935354e+00  
8.951665e+00 1.604827e+00 3.580552e+00 5.344751e+00 9.649057e+00  
9.076446e+00 1.562658e+00 3.478834e+00 5.190336e+00 9.370583e+00  
9.202967e+00 1.521446e+00 3.379765e+00 5.040089e+00 9.099742e+00  
9.331251e+00 1.481177e+00 3.283286e+00 4.893912e+00 8.836339e+00  
9.461324e+00 1.441832e+00 3.189339e+00 4.751706e+00 8.580189e+00  
9.593209e+00 1.403397e+00 3.097868e+00 4.613375e+00 8.331109e+00  
9.726934e+00 1.365855e+00 3.008817e+00 4.478825e+00 8.088920e+00  
9.862522e+00 1.329190e+00 2.922130e+00 4.347966e+00 7.853448e+00  
1.000000e+01 1.293387e+00 2.837755e+00 4.220704e+00 7.624538e+00  
