1.000000e-02 4.970563e+03 9.037475e+03 1.219572e+04 1.810067e+04  
1.013939e-02 4.997375e+03 9.086038e+03 1.226107e+04 1.819721e+04  
1.028073e-02 5.023771e+03 9.133838e+03 1.232538e+04 1.829221e+04  
1.042404e-02 5.049733e+03 9.180847e+03 1.238862e+04 1.838561e+04  
1.056935e-02 5.075248e+03 9.227036e+03 1.245076e+04 1.847734e+04  
1.071668e-02 5.100298e+03 9.272378e+03 1.251174e+04 1.856736e+04  
1.086606e-02 5.124869e+03 9.316843e+03 1.257153e+04 1.865562e+04  
1.101753e-02 5.148946e+03 9.360404e+03 1.263011e+04 1.874204e+04  
1.117111e-02 5.172511e+03 9.403029e+03 1.268741e+04 1.882658e+04  
1.132683e-02 5.195545e+03 9.444685e+03 1.274340e+04 1.890915e+04  
1.148472e-02 5.218029e+03 9.485336e+03 1.279803e+04 1.898970e+04  
1.164481e-02 5.239945e+03 9.524949e+03 1.285126e+04 1.906816e+04  
1.180713e-02 5.261273e+03 9.563490e+03 1.290303e+04 1.914445e+04  
1.197171e-02 5.281995e+03 9.600922e+03 1.295331e+04 1.921850e+04  
1.213859e-02 5.302091e+03 9.637213e+03 1.300204e+04 1.929026e+04  
1.230780e-02 5.321544e+03 9.672329e+03 1.304918e+04 1.935964e+04  
1.247936e-02 5.340334e+03 9.706237e+03 1.309468e+04 1.942659e+04  
1.265332e-02 5.358445e+03 9.738904e+03 1.313851e+04 1.949105e+04  
1.282970e-02 5.375860e+03 9.770300e+03 1.318062e+04 1.955294e+04  
1.300854e-02 5.392560e+03 9.800393e+03 1.322096e+04 1.961220e+04  
1.318987e-02 5.408529e+03 9.829152e+03 1.325950e+04 1.966879e+04  
1.337373e-02 5.423751e+03 9.856548e+03 1.329620e+04 1.972263e+04  
1.356015e-02 5.438209e+03 9.882550e+03 1.333101e+04 1.977366e+04  
1.374917e-02 5.451881e+03 9.907120e+03 1.336389e+04 1.982182e+04  
1.394083e-02 5.464748e+03 9.930222e+03 1.339478e+04 1.986702e+04  
1.413516e-02 5.476791e+03 9.951819e+03 1.342364e+04 1.990920e+04  
1.433219e-02 5.487988e+03 9.971876e+03 1.345041e+04 1.994828e+04  
1.453198e-02 5.498321e+03 9.990359e+03 1.347506e+04 1.998419e+04  
1.473454e-02 5.507772e+03 1.000723e+04 1.349753e+04 2.001687e+04  
1.493993e-02 5.516320e+03 1.002246e+04 1.351778e+04 2.004626e+04  
1.514819e-02 5.523949e+03 1.003601e+04 1.353576e+04 2.007227e+04  
1.535935e-02 5.530639e+03 1.004786e+04 1.355144e+04 2.009485e+04  
1.557345e-02 5.536375e+03 1.005796e+04 1.356476e+04 2.011395e+04  
1.579053e-02 5.541138e+03 1.006630e+04 1.357570e+04 2.012948e+04  
1.601064e-02 5.544915e+03 1.007283e+04 1.358420e+04 2.014142e+04  
1.623382e-02 5.547689e+03 1.007754e+04 1.359024e+04 2.014969e+04  
1.646012e-02 5.549446e+03 1.008040e+04 1.359378e+04 2.015424e+04  
1.668956e-02 5.550171e+03 1.008138e+04 1.359477e+04 2.015503e+04  
1.692220e-02 5.549845e+03 1.008045e+04 1.359319e+04 2.015198e+04  
1.715809e-02 5.548455e+03 1.007757e+04 1.358899e+04 2.014505e+04  
1.739726e-02 5.545985e+03 1.007274e+04 1.358214e+04 2.013419e+04  
1.763977e-02 5.542422e+03 1.006591e+04 1.357260e+04 2.011933e+04  
1.788566e-02 5.537753e+03 1.005708e+04 1.356034e+04 2.010045e+04  
1.813498e-02 5.531968e+03 1.004621e+04 1.354535e+04 2.007751e+04  
1.838777e-02 5.525055e+03 1.003329e+04 1.352758e+04 2.005045e+04  
1.864409e-02 5.517001e+03 1.001829e+04 1.350702e+04 2.001924e+04  
1.890397e-02 5.507797e+03 1.000121e+04 1.348363e+04 1.998385e+04  
1.916748e-02 5.497433e+03 9.982011e+03 1.345739e+04 1.994424e+04  
1.943467e-02 5.485903e+03 9.960696e+03 1.342830e+04 1.990039e+04  
1.970558e-02 5.473202e+03 9.937251e+03 1.339633e+04 1.985228e+04  
1.998026e-02 5.459324e+03 9.911669e+03 1.336148e+04 1.979989e+04  
2.025878e-02 5.444267e+03 9.883943e+03 1.332374e+04 1.974323e+04  
2.054117e-02 5.428024e+03 9.854064e+03 1.328309e+04 1.968225e+04  
2.082751e-02 5.410594e+03 9.822026e+03 1.323954e+04 1.961697e+04  
2.111783e-02 5.391974e+03 9.787829e+03 1.319307e+04 1.954738e+04  
2.141220e-02 5.372167e+03 9.751475e+03 1.314369e+04 1.947347e+04  
2.171068e-02 5.351175e+03 9.712972e+03 1.309142e+04 1.939528e+04  
2.201331e-02 5.329006e+03 9.672330e+03 1.303626e+04 1.931282e+04  
2.232016e-02 5.305665e+03 9.629562e+03 1.297824e+04 1.922611e+04  
2.263130e-02 5.281156e+03 9.584675e+03 1.291736e+04 1.913518e+04  
2.294676e-02 5.255487e+03 9.537683e+03 1.285364e+04 1.904005e+04  
2.326663e-02 5.228667e+03 9.488604e+03 1.278712e+04 1.894076e+04  
2.359095e-02 5.200710e+03 9.437462e+03 1.271781e+04 1.883736e+04  
2.391980e-02 5.171630e+03 9.384285e+03 1.264576e+04 1.872990e+04  
2.425323e-02 5.141448e+03 9.329110e+03 1.257102e+04 1.861847e+04  
2.459130e-02 5.110182e+03 9.271972e+03 1.249364e+04 1.850312e+04  
2.493409e-02 5.077848e+03 9.212899e+03 1.241365e+04 1.838392e+04  
2.528166e-02 5.044465e+03 9.151927e+03 1.233111e+04 1.826094e+04  
2.563407e-02 5.010055e+03 9.089094e+03 1.224606e+04 1.813427e+04  
2.599140e-02 4.974642e+03 9.024448e+03 1.215857e+04 1.800398e+04  
2.635371e-02 4.938257e+03 8.958042e+03 1.206872e+04 1.787020e+04  
2.672106e-02 4.900931e+03 8.889936e+03 1.197657e+04 1.773304e+04  
2.709354e-02 4.862701e+03 8.820194e+03 1.188223e+04 1.759263e+04  
2.747121e-02 4.823595e+03 8.748871e+03 1.178576e+04 1.744909e+04  
2.785414e-02 4.783647e+03 8.676026e+03 1.168725e+04 1.730252e+04  
2.824241e-02 4.742892e+03 8.601725e+03 1.158678e+04 1.715307e+04  
2.863610e-02 4.701372e+03 8.526042e+03 1.148445e+04 1.700088e+04  
2.903527e-02 4.659129e+03 8.449059e+03 1.138037e+04 1.684612e+04  
2.944000e-02 4.616216e+03 8.370866e+03 1.127468e+04 1.668897e+04  
2.985038e-02 4.572683e+03 8.291558e+03 1.116749e+04 1.652962e+04  
3.026648e-02 4.528573e+03 8.211214e+03 1.105890e+04 1.636822e+04  
3.068838e-02 4.483929e+03 8.129909e+03 1.094903e+04 1.620493e+04  
3.111616e-02 4.438796e+03 8.047729e+03 1.083799e+04 1.603992e+04  
3.154990e-02 4.393227e+03 7.964766e+03 1.072590e+04 1.587337e+04  
3.198969e-02 4.347275e+03 7.881121e+03 1.061290e+04 1.570550e+04  
3.243561e-02 4.301001e+03 7.796901e+03 1.049914e+04 1.553650e+04  
3.288774e-02 4.254468e+03 7.712224e+03 1.038477e+04 1.536662e+04  
3.334618e-02 4.207730e+03 7.627185e+03 1.026991e+04 1.519605e+04  
3.381101e-02 4.160835e+03 7.541871e+03 1.015470e+04 1.502497e+04  
3.428231e-02 4.113834e+03 7.456379e+03 1.003926e+04 1.485356e+04  
3.476019e-02 4.066786e+03 7.370810e+03 9.923717e+03 1.468203e+04  
3.524473e-02 4.019749e+03 7.285274e+03 9.808232e+03 1.451059e+04  
3.573602e-02 3.972789e+03 7.199888e+03 9.692959e+03 1.433950e+04  
3.623416e-02 3.925974e+03 7.114777e+03 9.578066e+03 1.416898e+04  
3.673925e-02 3.879363e+03 7.030045e+03 9.463694e+03 1.399926e+04  
3.725137e-02 3.833004e+03 6.945783e+03 9.349965e+03 1.383052e+04  
3.777064e-02 3.786950e+03 6.862084e+03 9.237003e+03 1.366293e+04  
3.829714e-02 3.741256e+03 6.779047e+03 9.124944e+03 1.349671e+04  
3.883098e-02 3.695979e+03 6.696776e+03 9.013927e+03 1.333205e+04  
3.937226e-02 3.651181e+03 6.615384e+03 8.904103e+03 1.316918e+04  
3.992109e-02 3.606926e+03 6.534985e+03 8.795628e+03 1.300834e+04  
4.047757e-02 3.563262e+03 6.455666e+03 8.688618e+03 1.284970e+04  
4.104181e-02 3.520212e+03 6.377468e+03 8.583127e+03 1.269333e+04  
4.161391e-02 3.477796e+03 6.300429e+03 8.479208e+03 1.253932e+04  
4.219398e-02 3.436036e+03 6.224586e+03 8.376910e+03 1.238774e+04  
4.278214e-02 3.394953e+03 6.149976e+03 8.276283e+03 1.223867e+04  
4.337850e-02 3.354565e+03 6.076635e+03 8.177375e+03 1.209217e+04  
4.398317e-02 3.314894e+03 6.004598e+03 8.080235e+03 1.194832e+04  
4.459628e-02 3.275964e+03 5.933912e+03 7.984924e+03 1.180721e+04  
4.521792e-02 3.237816e+03 5.864648e+03 7.891539e+03 1.166899e+04  
4.584824e-02 3.200492e+03 5.796882e+03 7.800181e+03 1.153381e+04  
4.648734e-02 3.164037e+03 5.730693e+03 7.710956e+03 1.140183e+04  
4.713535e-02 3.128494e+03 5.666160e+03 7.623974e+03 1.127321e+04  
4.779239e-02 3.093910e+03 5.603367e+03 7.539344e+03 1.114811e+04  
4.845859e-02 3.060333e+03 5.542398e+03 7.457180e+03 1.102670e+04  
4.913407e-02 3.027765e+03 5.483258e+03 7.377489e+03 1.090901e+04  
4.981898e-02 2.996140e+03 5.425825e+03 7.300108e+03 1.079478e+04  
5.051342e-02 2.965377e+03 5.369955e+03 7.224841e+03 1.068373e+04  
5.121755e-02 2.935387e+03 5.315484e+03 7.151469e+03 1.057553e+04  
5.193150e-02 2.906069e+03 5.262232e+03 7.079750e+03 1.046983e+04  
5.265540e-02 2.877313e+03 5.209999e+03 7.009416e+03 1.036623e+04  
5.338938e-02 2.849021e+03 5.158610e+03 6.940228e+03 1.026437e+04  
5.413360e-02 2.821161e+03 5.108006e+03 6.872111e+03 1.016415e+04  
5.488820e-02 2.793716e+03 5.058155e+03 6.805020e+03 1.006550e+04  
5.565331e-02 2.766663e+03 5.009018e+03 6.738902e+03 9.968341e+03  
5.642908e-02 2.739978e+03 4.960550e+03 6.673698e+03 9.872587e+03  
5.721568e-02 2.713633e+03 4.912699e+03 6.609339e+03 9.778137e+03  
5.801323e-02 2.687576e+03 4.865372e+03 6.545699e+03 9.684806e+03  
5.882190e-02 2.661712e+03 4.818400e+03 6.482551e+03 9.592253e+03  
5.964185e-02 2.635934e+03 4.771590e+03 6.419634e+03 9.500095e+03  
6.047322e-02 2.610125e+03 4.724731e+03 6.356667e+03 9.407910e+03  
6.131619e-02 2.584157e+03 4.677595e+03 6.293343e+03 9.315242e+03  
6.217090e-02 2.557903e+03 4.629954e+03 6.229355e+03 9.221631e+03  
6.303753e-02 2.531278e+03 4.581656e+03 6.164499e+03 9.126773e+03  
6.391624e-02 2.504209e+03 4.532570e+03 6.098598e+03 9.030402e+03  
6.480720e-02 2.476615e+03 4.482553e+03 6.031461e+03 8.932230e+03  
6.571058e-02 2.448410e+03 4.431451e+03 5.962880e+03 8.831945e+03  
6.662655e-02 2.419508e+03 4.379112e+03 5.892651e+03 8.729237e+03  
6.755528e-02 2.389849e+03 4.325429e+03 5.820630e+03 8.623889e+03  
6.849697e-02 2.359378e+03 4.270305e+03 5.746687e+03 8.515701e+03  
6.945178e-02 2.328036e+03 4.213638e+03 5.670684e+03 8.404462e+03  
7.041990e-02 2.295763e+03 4.155319e+03 5.592475e+03 8.289950e+03  
7.140151e-02 2.262521e+03 4.095282e+03 5.511969e+03 8.172023e+03  
7.239681e-02 2.228317e+03 4.033544e+03 5.429191e+03 8.050712e+03  
7.340598e-02 2.193168e+03 3.970137e+03 5.344182e+03 7.926071e+03  
7.442922e-02 2.157094e+03 3.905096e+03 5.256990e+03 7.798168e+03  
7.546673e-02 2.120124e+03 3.838476e+03 5.167687e+03 7.667105e+03  
7.651869e-02 2.082332e+03 3.770411e+03 5.076455e+03 7.533148e+03  
7.758532e-02 2.043814e+03 3.701074e+03 4.983525e+03 7.396640e+03  
7.866682e-02 2.004675e+03 3.630654e+03 4.889151e+03 7.257955e+03  
7.976339e-02 1.965029e+03 3.559357e+03 4.793608e+03 7.117502e+03  
8.087525e-02 1.924999e+03 3.487401e+03 4.697192e+03 6.975722e+03  
8.200261e-02 1.884717e+03 3.415024e+03 4.600221e+03 6.833089e+03  
8.314568e-02 1.844326e+03 3.342482e+03 4.503039e+03 6.690116e+03  
8.430468e-02 1.803977e+03 3.270045e+03 4.406010e+03 6.547348e+03  
8.547985e-02 1.763811e+03 3.197963e+03 4.309467e+03 6.405284e+03  
8.667139e-02 1.723966e+03 3.126485e+03 4.213748e+03 6.264430e+03  
8.787954e-02 1.684596e+03 3.055881e+03 4.119214e+03 6.125330e+03  
8.910453e-02 1.645852e+03 2.986423e+03 4.026230e+03 5.988529e+03  
9.034660e-02 1.607871e+03 2.918352e+03 3.935120e+03 5.854519e+03  
9.160598e-02 1.570794e+03 2.851921e+03 3.846224e+03 5.723808e+03  
9.288292e-02 1.534771e+03 2.787392e+03 3.759894e+03 5.596931e+03  
9.417766e-02 1.499928e+03 2.724990e+03 3.676431e+03 5.474340e+03  
9.549045e-02 1.466376e+03 2.664910e+03 3.596098e+03 5.356435e+03  
9.682153e-02 1.434233e+03 2.607358e+03 3.519172e+03 5.243633e+03  
9.817117e-02 1.403619e+03 2.552549e+03 3.445940e+03 5.136372e+03  
9.953962e-02 1.374612e+03 2.500618e+03 3.376583e+03 5.034927e+03  
1.009272e-01 1.347238e+03 2.451605e+03 3.311157e+03 4.939388e+03  
1.023340e-01 1.321516e+03 2.405546e+03 3.249706e+03 4.849827e+03  
1.037605e-01 1.297461e+03 2.362463e+03 3.192263e+03 4.766297e+03  
1.052069e-01 1.275027e+03 2.322268e+03 3.138709e+03 4.688627e+03  
1.066734e-01 1.254099e+03 2.284760e+03 3.088773e+03 4.616413e+03  
1.081604e-01 1.234552e+03 2.249711e+03 3.042149e+03 4.549199e+03  
1.096681e-01 1.216242e+03 2.216864e+03 2.998491e+03 4.486469e+03  
1.111968e-01 1.198990e+03 2.185903e+03 2.957375e+03 4.427583e+03  
1.127468e-01 1.182595e+03 2.156465e+03 2.918312e+03 4.371811e+03  
1.143184e-01 1.166833e+03 2.128155e+03 2.880773e+03 4.318350e+03  
1.159120e-01 1.151484e+03 2.100583e+03 2.844231e+03 4.266405e+03  
1.175277e-01 1.136354e+03 2.073406e+03 2.808225e+03 4.215271e+03  
1.191660e-01 1.121237e+03 2.046258e+03 2.772262e+03 4.164202e+03  
1.208271e-01 1.105921e+03 2.018765e+03 2.735838e+03 4.112424e+03  
1.225114e-01 1.090248e+03 1.990649e+03 2.698578e+03 4.059360e+03  
1.242191e-01 1.074074e+03 1.961657e+03 2.660139e+03 4.004479e+03  
1.259506e-01 1.057247e+03 1.931524e+03 2.620163e+03 3.947227e+03  
1.277063e-01 1.039669e+03 1.900075e+03 2.578413e+03 3.887231e+03  
1.294865e-01 1.021276e+03 1.867200e+03 2.534739e+03 3.824253e+03  
1.312915e-01 1.002004e+03 1.832791e+03 2.488995e+03 3.758057e+03  
1.331216e-01 9.818585e+02 1.796856e+03 2.441189e+03 3.688646e+03  
1.349772e-01 9.609066e+02 1.759517e+03 2.391486e+03 3.616262e+03  
1.368587e-01 9.392290e+02 1.720918e+03 2.340077e+03 3.541195e+03  
1.387665e-01 9.169551e+02 1.681289e+03 2.287272e+03 3.463911e+03  
1.407008e-01 8.942611e+02 1.640940e+03 2.233490e+03 3.385051e+03  
1.426621e-01 8.713387e+02 1.600210e+03 2.179187e+03 3.305313e+03  
1.446507e-01 8.483915e+02 1.559458e+03 2.124846e+03 3.225439e+03  
1.466671e-01 8.256371e+02 1.519066e+03 2.070983e+03 3.146220e+03  
1.487115e-01 8.033003e+02 1.479430e+03 2.018132e+03 3.068477e+03  
1.507845e-01 7.815791e+02 1.440895e+03 1.966758e+03 2.992930e+03  
1.528864e-01 7.606740e+02 1.403813e+03 1.917336e+03 2.920307e+03  
1.550175e-01 7.407625e+02 1.368494e+03 1.870281e+03 2.851252e+03  
1.571784e-01 7.219756e+02 1.335165e+03 1.825902e+03 2.786240e+03  
1.593694e-01 7.044373e+02 1.304042e+03 1.784488e+03 2.725719e+03  
1.615909e-01 6.881995e+02 1.275212e+03 1.746157e+03 2.669876e+03  
1.638434e-01 6.732767e+02 1.248698e+03 1.710939e+03 2.618764e+03  
1.661273e-01 6.596297e+02 1.224429e+03 1.678740e+03 2.572240e+03  
1.684430e-01 6.471294e+02 1.202176e+03 1.649251e+03 2.529837e+03  
1.707910e-01 6.356200e+02 1.181664e+03 1.622103e+03 2.490991e+03  
1.731717e-01 6.249012e+02 1.162542e+03 1.596820e+03 2.454976e+03  
1.755856e-01 6.147478e+02 1.144414e+03 1.572871e+03 2.420975e+03  
1.780332e-01 6.049419e+02 1.126898e+03 1.549742e+03 2.388194e+03  
1.805149e-01 5.952667e+02 1.109615e+03 1.526921e+03 2.355843e+03  
1.830312e-01 5.855240e+02 1.092221e+03 1.503940e+03 2.323195e+03  
1.855825e-01 5.755465e+02 1.074422e+03 1.480406e+03 2.289638e+03  
1.881694e-01 5.651829e+02 1.055958e+03 1.455963e+03 2.254612e+03  
1.907924e-01 5.543235e+02 1.036636e+03 1.430352e+03 2.217711e+03  
1.934520e-01 5.428904e+02 1.016323e+03 1.403393e+03 2.178647e+03  
1.961486e-01 5.308925e+02 9.950375e+02 1.375107e+03 2.137450e+03  
1.988828e-01 5.183831e+02 9.728720e+02 1.345621e+03 2.094315e+03  
2.016551e-01 5.055039e+02 9.500751e+02 1.315270e+03 2.049761e+03  
2.044661e-01 4.924261e+02 9.269456e+02 1.284459e+03 2.004420e+03  
2.073162e-01 4.793388e+02 9.038131e+02 1.253633e+03 1.958985e+03  
2.102061e-01 4.664376e+02 8.810171e+02 1.223251e+03 1.914174e+03  
2.131362e-01 4.539085e+02 8.588802e+02 1.193750e+03 1.870668e+03  
2.161073e-01 4.419165e+02 8.376879e+02 1.165514e+03 1.829068e+03  
2.191197e-01 4.305816e+02 8.176465e+02 1.138822e+03 1.789809e+03  
2.221741e-01 4.199890e+02 7.989020e+02 1.113870e+03 1.753200e+03  
2.252711e-01 4.101812e+02 7.815262e+02 1.090757e+03 1.719392e+03  
2.284112e-01 4.011394e+02 7.654844e+02 1.069433e+03 1.688314e+03  
2.315951e-01 3.927934e+02 7.506530e+02 1.049733e+03 1.659709e+03  
2.348235e-01 3.850250e+02 7.368262e+02 1.031379e+03 1.633145e+03  
2.380968e-01 3.776909e+02 7.237549e+02 1.014035e+03 1.608102e+03  
2.414157e-01 3.706335e+02 7.111661e+02 9.973326e+02 1.584007e+03  
2.447809e-01 3.636997e+02 6.987953e+02 9.809139e+02 1.560302e+03  
2.481930e-01 3.567466e+02 6.863959e+02 9.644465e+02 1.536468e+03  
2.516527e-01 3.496543e+02 6.737614e+02 9.476514e+02 1.512068e+03  
2.551606e-01 3.423321e+02 6.607366e+02 9.303186e+02 1.486774e+03  
2.587174e-01 3.347375e+02 6.472491e+02 9.123508e+02 1.460433e+03  
2.623238e-01 3.269090e+02 6.333663e+02 8.938393e+02 1.433188e+03  
2.659804e-01 3.189412e+02 6.192520e+02 8.750056e+02 1.405387e+03  
2.696881e-01 3.109609e+02 6.051248e+02 8.561452e+02 1.377495e+03  
2.734474e-01 3.030983e+02 5.912081e+02 8.375605e+02 1.349985e+03  
2.772591e-01 2.954656e+02 5.776945e+02 8.195112e+02 1.323264e+03  
2.811239e-01 2.881399e+02 5.647154e+02 8.021745e+02 1.297610e+03  
2.850426e-01 2.811868e+02 5.523820e+02 7.857002e+02 1.273257e+03  
2.890160e-01 2.746487e+02 5.407658e+02 7.701845e+02 1.250356e+03  
2.930447e-01 2.685317e+02 5.298758e+02 7.556390e+02 1.228924e+03  
2.971296e-01 2.627967e+02 5.196439e+02 7.419715e+02 1.208818e+03  
3.012714e-01 2.573564e+02 5.099200e+02 7.289796e+02 1.189723e+03  
3.054710e-01 2.521003e+02 5.005146e+02 7.164083e+02 1.171241e+03  
3.097291e-01 2.469278e+02 4.912559e+02 7.040259e+02 1.153012e+03  
3.140465e-01 2.417706e+02 4.820276e+02 6.916761e+02 1.134793e+03  
3.184242e-01 2.365833e+02 4.727527e+02 6.792554e+02 1.116424e+03  
3.228628e-01 2.313455e+02 4.633968e+02 6.667180e+02 1.097836e+03  
3.273634e-01 2.260612e+02 4.539675e+02 6.540746e+02 1.079045e+03  
3.319266e-01 2.207610e+02 4.445170e+02 6.413958e+02 1.060165e+03  
3.365535e-01 2.155163e+02 4.351666e+02 6.288452e+02 1.041451e+03  
3.412449e-01 2.104031e+02 4.260454e+02 6.165963e+02 1.023174e+03  
3.460016e-01 2.054795e+02 4.172510e+02 6.047804e+02 1.005537e+03  
3.508247e-01 2.007746e+02 4.088319e+02 5.934620e+02 9.886416e+02  
3.557150e-01 1.962889e+02 4.007881e+02 5.826412e+02 9.724867e+02  
3.606735e-01 1.920059e+02 3.930910e+02 5.722791e+02 9.570118e+02  
3.657011e-01 1.878980e+02 3.856935e+02 5.623124e+02 9.421188e+02  
3.707988e-01 1.839188e+02 3.785167e+02 5.526352e+02 9.276441e+02  
3.759675e-01 1.800165e+02 3.714733e+02 5.431307e+02 9.134076e+02  
3.812083e-01 1.761506e+02 3.644953e+02 5.337080e+02 8.992706e+02  
3.865221e-01 1.723091e+02 3.575625e+02 5.243406e+02 8.851929e+02  
3.919100e-01 1.684946e+02 3.506797e+02 5.150349e+02 8.711859e+02  
3.973730e-01 1.647201e+02 3.438686e+02 5.058205e+02 8.572964e+02  
4.029122e-01 1.610109e+02 3.371715e+02 4.967538e+02 8.436120e+02  
4.085286e-01 1.573988e+02 3.306415e+02 4.879059e+02 8.302421e+02  
4.142232e-01 1.539122e+02 3.243256e+02 4.793394e+02 8.172825e+02  
4.199973e-01 1.505520e+02 3.182244e+02 4.710548e+02 8.047338e+02  
4.258518e-01 1.473080e+02 3.123210e+02 4.630293e+02 7.925610e+02  
4.317880e-01 1.441655e+02 3.065903e+02 4.552296e+02 7.807128e+02  
4.378069e-01 1.411104e+02 3.010084e+02 4.476237e+02 7.691410e+02  
4.439097e-01 1.381169e+02 2.955326e+02 4.401549e+02 7.577598e+02  
4.500975e-01 1.351692e+02 2.901368e+02 4.327889e+02 7.465176e+02  
4.563716e-01 1.322664e+02 2.848193e+02 4.255235e+02 7.354122e+02  
4.627332e-01 1.294182e+02 2.795960e+02 4.183800e+02 7.244762e+02  
4.691835e-01 1.266313e+02 2.744780e+02 4.113730e+02 7.137322e+02  
4.757236e-01 1.239120e+02 2.694754e+02 4.045160e+02 7.032005e+02  
4.823549e-01 1.212726e+02 2.646082e+02 3.978352e+02 6.929205e+02  
4.890787e-01 1.187155e+02 2.598798e+02 3.913349e+02 6.828985e+02  
4.958962e-01 1.162278e+02 2.552689e+02 3.849872e+02 6.730925e+02  
5.028087e-01 1.138029e+02 2.507646e+02 3.787775e+02 6.634808e+02  
5.098176e-01 1.114345e+02 2.463563e+02 3.726918e+02 6.540429e+02  
5.169242e-01 1.091156e+02 2.420326e+02 3.667154e+02 6.447571e+02  
5.241298e-01 1.068420e+02 2.377865e+02 3.608391e+02 6.356102e+02  
5.314359e-01 1.046177e+02 2.336244e+02 3.550711e+02 6.266147e+02  
5.388438e-01 1.024487e+02 2.295557e+02 3.494240e+02 6.177890e+02  
5.463550e-01 1.003327e+02 2.255768e+02 3.438928e+02 6.091258e+02  
5.539709e-01 9.827225e+01 2.216913e+02 3.384823e+02 6.006319e+02  
5.616930e-01 9.626728e+01 2.178990e+02 3.331920e+02 5.923066e+02  
5.695227e-01 9.430898e+01 2.141855e+02 3.280033e+02 5.841227e+02  
5.774615e-01 9.239538e+01 2.105476e+02 3.229119e+02 5.760741e+02  
5.855110e-01 9.052717e+01 2.069862e+02 3.179189e+02 5.681626e+02  
5.936727e-01 8.869884e+01 2.034924e+02 3.130129e+02 5.603717e+02  
6.019482e-01 8.691258e+01 2.000695e+02 3.081982e+02 5.527075e+02  
6.103390e-01 8.517123e+01 1.967219e+02 3.034803e+02 5.451777e+02  
6.188468e-01 8.347036e+01 1.934423e+02 2.988498e+02 5.377692e+02  
6.274732e-01 8.181154e+01 1.902332e+02 2.943097e+02 5.304858e+02  
6.362198e-01 8.019303e+01 1.870916e+02 2.898562e+02 5.233222e+02  
6.450884e-01 7.861045e+01 1.840104e+02 2.854804e+02 5.162656e+02  
6.540806e-01 7.706480e+01 1.809911e+02 2.811839e+02 5.093186e+02  
6.631981e-01 7.555611e+01 1.780336e+02 2.769666e+02 5.024805e+02  
6.724427e-01 7.408150e+01 1.751333e+02 2.728226e+02 4.957433e+02  
6.818162e-01 7.264044e+01 1.722893e+02 2.687507e+02 4.891052e+02  
6.913204e-01 7.123267e+01 1.695009e+02 2.647500e+02 4.825648e+02  
7.009570e-01 6.985779e+01 1.667674e+02 2.608196e+02 4.761209e+02  
7.107280e-01 6.851503e+01 1.640876e+02 2.569577e+02 4.697707e+02  
7.206351e-01 6.720334e+01 1.614595e+02 2.531622e+02 4.635112e+02  
7.306804e-01 6.592155e+01 1.588814e+02 2.494304e+02 4.573388e+02  
7.408657e-01 6.466857e+01 1.563515e+02 2.457603e+02 4.512506e+02  
7.511929e-01 6.344381e+01 1.538686e+02 2.421503e+02 4.452445e+02  
7.616642e-01 6.224665e+01 1.514319e+02 2.385993e+02 4.393186e+02  
7.722814e-01 6.107640e+01 1.490400e+02 2.351056e+02 4.334708e+02  
7.830465e-01 5.993237e+01 1.466919e+02 2.316678e+02 4.276991e+02  
7.939618e-01 5.881395e+01 1.443864e+02 2.282846e+02 4.220015e+02  
8.050292e-01 5.772039e+01 1.421225e+02 2.249543e+02 4.163759e+02  
8.162509e-01 5.665092e+01 1.398988e+02 2.216755e+02 4.108201e+02  
8.276289e-01 5.560496e+01 1.377143e+02 2.184469e+02 4.053324e+02  
8.391656e-01 5.458194e+01 1.355681e+02 2.152673e+02 3.999111e+02  
8.508632e-01 5.358122e+01 1.334592e+02 2.121353e+02 3.945545e+02  
8.627237e-01 5.260216e+01 1.313865e+02 2.090496e+02 3.892607e+02  
8.747496e-01 5.164429e+01 1.293493e+02 2.060093e+02 3.840285e+02  
8.869432e-01 5.070706e+01 1.273465e+02 2.030133e+02 3.788562e+02  
8.993067e-01 4.978985e+01 1.253773e+02 2.000603e+02 3.737423e+02  
9.118425e-01 4.889218e+01 1.234409e+02 1.971492e+02 3.686854e+02  
9.245531e-01 4.801358e+01 1.215364e+02 1.942792e+02 3.636842e+02  
9.374409e-01 4.715352e+01 1.196631e+02 1.914493e+02 3.587374e+02  
9.505083e-01 4.631145e+01 1.178200e+02 1.886583e+02 3.538437e+02  
9.637579e-01 4.548698e+01 1.160066e+02 1.859055e+02 3.490018e+02  
9.771921e-01 4.467964e+01 1.142221e+02 1.831899e+02 3.442108e+02  
9.908137e-01 4.388892e+01 1.124656e+02 1.805106e+02 3.394693e+02  
1.004625e+00 4.311439e+01 1.107366e+02 1.778667e+02 3.347763e+02  
1.018629e+00 4.235564e+01 1.090343e+02 1.752576e+02 3.301309e+02  
1.032828e+00 4.161225e+01 1.073581e+02 1.726823e+02 3.255321e+02  
1.047225e+00 4.088375e+01 1.057073e+02 1.701401e+02 3.209788e+02  
1.061823e+00 4.016979e+01 1.040814e+02 1.676303e+02 3.164703e+02  
1.076624e+00 3.947005e+01 1.024798e+02 1.651523e+02 3.120057e+02  
1.091632e+00 3.878415e+01 1.009020e+02 1.627053e+02 3.075844e+02  
1.106848e+00 3.811170e+01 9.934734e+01 1.602889e+02 3.032055e+02  
1.122277e+00 3.745241e+01 9.781540e+01 1.579022e+02 2.988683e+02  
1.137921e+00 3.680594e+01 9.630566e+01 1.555449e+02 2.945723e+02  
1.153783e+00 3.617189e+01 9.481755e+01 1.532162e+02 2.903166e+02  
1.169866e+00 3.554997e+01 9.335062e+01 1.509156e+02 2.861007e+02  
1.186174e+00 3.493992e+01 9.190445e+01 1.486426e+02 2.819241e+02  
1.202708e+00 3.434141e+01 9.047861e+01 1.463968e+02 2.777863e+02  
1.219473e+00 3.375414e+01 8.907263e+01 1.441775e+02 2.736867e+02  
1.236472e+00 3.317785e+01 8.768611e+01 1.419845e+02 2.696248e+02  
1.253708e+00 3.261225e+01 8.631866e+01 1.398171e+02 2.656003e+02  
1.271184e+00 3.205702e+01 8.496982e+01 1.376750e+02 2.616127e+02  
1.288904e+00 3.151191e+01 8.363923e+01 1.355577e+02 2.576616e+02  
1.306870e+00 3.097671e+01 8.232658e+01 1.334649e+02 2.537467e+02  
1.325087e+00 3.045119e+01 8.103155e+01 1.313963e+02 2.498676e+02  
1.343558e+00 2.993510e+01 7.975379e+01 1.293514e+02 2.460241e+02  
1.362287e+00 2.942824e+01 7.849300e+01 1.273299e+02 2.422159e+02  
1.381276e+00 2.893038e+01 7.724887e+01 1.253315e+02 2.384428e+02  
1.400531e+00 2.844127e+01 7.602106e+01 1.233560e+02 2.347045e+02  
1.420053e+00 2.796069e+01 7.480928e+01 1.214028e+02 2.310008e+02  
1.439848e+00 2.748846e+01 7.361326e+01 1.194719e+02 2.273314e+02  
1.459919e+00 2.702438e+01 7.243276e+01 1.175628e+02 2.236963e+02  
1.480269e+00 2.656826e+01 7.126749e+01 1.156754e+02 2.200953e+02  
1.500903e+00 2.611990e+01 7.011721e+01 1.138094e+02 2.165283e+02  
1.521825e+00 2.567915e+01 6.898171e+01 1.119645e+02 2.129951e+02  
1.543038e+00 2.524582e+01 6.786073e+01 1.101406e+02 2.094957e+02  
1.564548e+00 2.481972e+01 6.675405e+01 1.083373e+02 2.060299e+02  
1.586357e+00 2.440071e+01 6.566146e+01 1.065546e+02 2.025978e+02  
1.608469e+00 2.398863e+01 6.458277e+01 1.047922e+02 1.991992e+02  
1.630891e+00 2.358333e+01 6.351778e+01 1.030498e+02 1.958341e+02  
1.653624e+00 2.318465e+01 6.246628e+01 1.013274e+02 1.925026e+02  
1.676675e+00 2.279246e+01 6.142811e+01 9.962472e+01 1.892045e+02  
1.700047e+00 2.240662e+01 6.040309e+01 9.794164e+01 1.859398e+02  
1.723745e+00 2.202697e+01 5.939102e+01 9.627796e+01 1.827087e+02  
1.747773e+00 2.165339e+01 5.839176e+01 9.463354e+01 1.795110e+02  
1.772136e+00 2.128576e+01 5.740514e+01 9.300824e+01 1.763468e+02  
1.796838e+00 2.092395e+01 5.643102e+01 9.140191e+01 1.732162e+02  
1.821885e+00 2.056783e+01 5.546923e+01 8.981442e+01 1.701192e+02  
1.847281e+00 2.021730e+01 5.451965e+01 8.824563e+01 1.670558e+02  
1.873032e+00 1.987226e+01 5.358214e+01 8.669543e+01 1.640260e+02  
1.899141e+00 1.953258e+01 5.265656e+01 8.516369e+01 1.610300e+02  
1.925614e+00 1.919816e+01 5.174278e+01 8.365030e+01 1.580677e+02  
1.952456e+00 1.886890e+01 5.084069e+01 8.215513e+01 1.551392e+02  
1.979672e+00 1.854471e+01 4.995014e+01 8.067810e+01 1.522447e+02  
2.007267e+00 1.822546e+01 4.907102e+01 7.921907e+01 1.493840e+02  
2.035248e+00 1.791107e+01 4.820322e+01 7.777796e+01 1.465573e+02  
2.063618e+00 1.760146e+01 4.734663e+01 7.635467e+01 1.437647e+02  
2.092383e+00 1.729653e+01 4.650114e+01 7.494910e+01 1.410062e+02  
2.121550e+00 1.699621e+01 4.566665e+01 7.356115e+01 1.382819e+02  
2.151123e+00 1.670040e+01 4.484306e+01 7.219075e+01 1.355917e+02  
2.181109e+00 1.640905e+01 4.403028e+01 7.083780e+01 1.329358e+02  
2.211512e+00 1.612206e+01 4.322819e+01 6.950222e+01 1.303141e+02  
2.242340e+00 1.583937e+01 4.243672e+01 6.818392e+01 1.277268e+02  
2.273597e+00 1.556089e+01 4.165577e+01 6.688281e+01 1.251737e+02  
2.305289e+00 1.528656e+01 4.088525e+01 6.559883e+01 1.226551e+02  
2.337424e+00 1.501631e+01 4.012506e+01 6.433187e+01 1.201708e+02  
2.370006e+00 1.475006e+01 3.937513e+01 6.308187e+01 1.177208e+02  
2.403043e+00 1.448776e+01 3.863537e+01 6.184875e+01 1.153053e+02  
2.436540e+00 1.422935e+01 3.790570e+01 6.063242e+01 1.129240e+02  
2.470504e+00 1.397476e+01 3.718603e+01 5.943282e+01 1.105771e+02  
2.504942e+00 1.372393e+01 3.647629e+01 5.824985e+01 1.082645e+02  
2.539859e+00 1.347681e+01 3.577640e+01 5.708346e+01 1.059861e+02  
2.575263e+00 1.323335e+01 3.508628e+01 5.593355e+01 1.037419e+02  
2.611161e+00 1.299348e+01 3.440586e+01 5.480005e+01 1.015318e+02  
2.647559e+00 1.275715e+01 3.373506e+01 5.368288e+01 9.935567e+01  
2.684465e+00 1.252432e+01 3.307381e+01 5.258196e+01 9.721351e+01  
2.721885e+00 1.229493e+01 3.242203e+01 5.149722e+01 9.510519e+01  
2.759826e+00 1.206894e+01 3.177965e+01 5.042857e+01 9.303058e+01  
2.798297e+00 1.184630e+01 3.114660e+01 4.937594e+01 9.098956e+01  
2.837304e+00 1.162696e+01 3.052281e+01 4.833923e+01 8.898198e+01  
2.876854e+00 1.141088e+01 2.990820e+01 4.731837e+01 8.700769e+01  
2.916956e+00 1.119802e+01 2.930272e+01 4.631327e+01 8.506653e+01  
2.957617e+00 1.098833e+01 2.870628e+01 4.532384e+01 8.315833e+01  
2.998844e+00 1.078177e+01 2.811881e+01 4.434999e+01 8.128288e+01  
3.040646e+00 1.057830e+01 2.754026e+01 4.339164e+01 7.944000e+01  
3.083031e+00 1.037788e+01 2.697054e+01 4.244869e+01 7.762947e+01  
3.126007e+00 1.018047e+01 2.640960e+01 4.152105e+01 7.585108e+01  
3.169582e+00 9.986032e+00 2.585735e+01 4.060862e+01 7.410458e+01  
3.213764e+00 9.794536e+00 2.531375e+01 3.971130e+01 7.238973e+01  
3.258562e+00 9.605941e+00 2.477870e+01 3.882899e+01 7.070629e+01  
3.303985e+00 9.420214e+00 2.425216e+01 3.796159e+01 6.905398e+01  
3.350041e+00 9.237319e+00 2.373405e+01 3.710900e+01 6.743254e+01  
3.396739e+00 9.057223e+00 2.322429e+01 3.627109e+01 6.584169e+01  
3.444087e+00 8.879892e+00 2.272283e+01 3.544778e+01 6.428112e+01  
3.492096e+00 8.705291e+00 2.222959e+01 3.463893e+01 6.275056e+01  
3.540774e+00 8.533392e+00 2.174451e+01 3.384443e+01 6.124968e+01  
3.590130e+00 8.364161e+00 2.126752e+01 3.306418e+01 5.977818e+01  
3.640175e+00 8.197568e+00 2.079854e+01 3.229803e+01 5.833574e+01  
3.690917e+00 8.033583e+00 2.033751e+01 3.154588e+01 5.692203e+01  
3.742366e+00 7.872176e+00 1.988435e+01 3.080760e+01 5.553672e+01  
3.794533e+00 7.713317e+00 1.943901e+01 3.008305e+01 5.417946e+01  
3.847427e+00 7.556977e+00 1.900140e+01 2.937210e+01 5.284992e+01  
3.901058e+00 7.403127e+00 1.857146e+01 2.867462e+01 5.154775e+01  
3.955436e+00 7.251739e+00 1.814911e+01 2.799048e+01 5.027260e+01  
4.010573e+00 7.102787e+00 1.773429e+01 2.731954e+01 4.902410e+01  
4.066478e+00 6.956241e+00 1.732692e+01 2.666165e+01 4.780190e+01  
4.123163e+00 6.812075e+00 1.692692e+01 2.601667e+01 4.660564e+01  
4.180637e+00 6.670262e+00 1.653424e+01 2.538446e+01 4.543495e+01  
4.238913e+00 6.530775e+00 1.614878e+01 2.476487e+01 4.428947e+01  
4.298001e+00 6.393589e+00 1.577048e+01 2.415774e+01 4.316881e+01  
4.357913e+00 6.258676e+00 1.539926e+01 2.356294e+01 4.207262e+01  
4.418660e+00 6.126012e+00 1.503506e+01 2.298030e+01 4.100051e+01  
4.480254e+00 5.995570e+00 1.467778e+01 2.240968e+01 3.995212e+01  
4.542706e+00 5.867326e+00 1.432736e+01 2.185091e+01 3.892707e+01  
4.606029e+00 5.741254e+00 1.398371e+01 2.130384e+01 3.792498e+01  
4.670234e+00 5.617330e+00 1.364677e+01 2.076831e+01 3.694548e+01  
4.735335e+00 5.495528e+00 1.331645e+01 2.024416e+01 3.598820e+01  
4.801343e+00 5.375825e+00 1.299267e+01 1.973124e+01 3.505276e+01  
4.868271e+00 5.258196e+00 1.267536e+01 1.922938e+01 3.413878e+01  
4.936132e+00 5.142617e+00 1.236443e+01 1.873841e+01 3.324590e+01  
5.004939e+00 5.029063e+00 1.205981e+01 1.825818e+01 3.237375e+01  
5.074705e+00 4.917512e+00 1.176142e+01 1.778853e+01 3.152195e+01  
5.145444e+00 4.807939e+00 1.146916e+01 1.732928e+01 3.069014e+01  
5.217169e+00 4.700320e+00 1.118297e+01 1.688028e+01 2.987796e+01  
5.289893e+00 4.594634e+00 1.090277e+01 1.644137e+01 2.908504e+01  
5.363631e+00 4.490855e+00 1.062846e+01 1.601238e+01 2.831101e+01  
5.438397e+00 4.388962e+00 1.035996e+01 1.559314e+01 2.755553e+01  
5.514206e+00 4.288931e+00 1.009720e+01 1.518350e+01 2.681824e+01  
5.591071e+00 4.190739e+00 9.840097e+00 1.478328e+01 2.609878e+01  
5.669007e+00 4.094364e+00 9.588557e+00 1.439234e+01 2.539680e+01  
5.748030e+00 3.999783e+00 9.342503e+00 1.401051e+01 2.471197e+01  
5.828155e+00 3.906973e+00 9.101852e+00 1.363762e+01 2.404393e+01  
5.909396e+00 3.815912e+00 8.866519e+00 1.327352e+01 2.339236e+01  
5.991770e+00 3.726579e+00 8.636422e+00 1.291804e+01 2.275690e+01  
6.075292e+00 3.638949e+00 8.411478e+00 1.257104e+01 2.213724e+01  
6.159978e+00 3.553003e+00 8.191603e+00 1.223234e+01 2.153305e+01  
6.245845e+00 3.468718e+00 7.976715e+00 1.190180e+01 2.094399e+01  
6.332908e+00 3.386071e+00 7.766731e+00 1.157926e+01 2.036976e+01  
6.421186e+00 3.305041e+00 7.561568e+00 1.126457e+01 1.981003e+01  
6.510694e+00 3.225608e+00 7.361144e+00 1.095757e+01 1.926450e+01  
6.601449e+00 3.147748e+00 7.165378e+00 1.065811e+01 1.873285e+01  
6.693470e+00 3.071441e+00 6.974187e+00 1.036605e+01 1.821479e+01  
6.786773e+00 2.996665e+00 6.787490e+00 1.008123e+01 1.771001e+01  
6.881377e+00 2.923400e+00 6.605207e+00 9.803503e+00 1.721823e+01  
6.977300e+00 2.851623e+00 6.427257e+00 9.532731e+00 1.673915e+01  
7.074559e+00 2.781315e+00 6.253561e+00 9.268767e+00 1.627248e+01  
7.173175e+00 2.712454e+00 6.084039e+00 9.011471e+00 1.581796e+01  
7.273165e+00 2.645020e+00 5.918612e+00 8.760700e+00 1.537529e+01  
7.374549e+00 2.578991e+00 5.757203e+00 8.516317e+00 1.494421e+01  
7.477346e+00 2.514347e+00 5.599734e+00 8.278185e+00 1.452445e+01  
7.581576e+00 2.451068e+00 5.446129e+00 8.046169e+00 1.411576e+01  
7.687260e+00 2.389134e+00 5.296310e+00 7.820136e+00 1.371786e+01  
7.794416e+00 2.328523e+00 5.150204e+00 7.599955e+00 1.333051e+01  
7.903066e+00 2.269216e+00 5.007735e+00 7.385497e+00 1.295346e+01  
8.013230e+00 2.211193e+00 4.868830e+00 7.176633e+00 1.258646e+01  
8.124930e+00 2.154433e+00 4.733415e+00 6.973239e+00 1.222927e+01  
8.238187e+00 2.098917e+00 4.601419e+00 6.775190e+00 1.188166e+01  
8.353023e+00 2.044626e+00 4.472770e+00 6.582366e+00 1.154340e+01  
8.469460e+00 1.991538e+00 4.347398e+00 6.394645e+00 1.121426e+01  
8.587519e+00 1.939636e+00 4.225233e+00 6.211911e+00 1.089402e+01  
8.707225e+00 1.888899e+00 4.106206e+00 6.034047e+00 1.058245e+01  
8.828599e+00 1.839308e+00 3.990250e+00 5.860941e+00 1.027935e+01  
8.951665e+00 1.790843e+00 3.877298e+00 5.692478e+00 9.984506e+00  
9.076446e+00 1.743487e+00 3.767284e+00 5.528551e+00 9.697713e+00  
9.202967e+00 1.697219e+00 3.660143e+00 5.369050e+00 9.418769e+00  
9.331251e+00 1.652021e+00 3.555810e+00 5.213869e+00 9.147479e+00  
9.461324e+00 1.607874e+00 3.454224e+00 5.062905e+00 8.883648e+00  
9.593209e+00 1.564760e+00 3.355320e+00 4.916054e+00 8.627089e+00  
9.726934e+00 1.522660e+00 3.259040e+00 4.773218e+00 8.377616e+00  
9.862522e+00 1.481556e+00 3.165321e+00 4.634296e+00 8.135049e+00  
1.000000e+01 1.441429e+00 3.074106e+00 4.499193e+00 7.899211e+00  
