1.000000e-02 7.174625e+03 1.299562e+04 1.747810e+04 2.576655e+04  
1.013939e-02 7.212535e+03 1.306401e+04 1.756980e+04 2.590107e+04  
1.028073e-02 7.249750e+03 1.313114e+04 1.765980e+04 2.603305e+04  
1.042404e-02 7.286245e+03 1.319695e+04 1.774802e+04 2.616240e+04  
1.056935e-02 7.321992e+03 1.326140e+04 1.783440e+04 2.628903e+04  
1.071668e-02 7.356963e+03 1.332443e+04 1.791887e+04 2.641282e+04  
1.086606e-02 7.391127e+03 1.338600e+04 1.800137e+04 2.653368e+04  
1.101753e-02 7.424458e+03 1.344605e+04 1.808181e+04 2.665150e+04  
1.117111e-02 7.456926e+03 1.350453e+04 1.816013e+04 2.676618e+04  
1.132683e-02 7.488502e+03 1.356138e+04 1.823627e+04 2.687761e+04  
1.148472e-02 7.519157e+03 1.361656e+04 1.831014e+04 2.698570e+04  
1.164481e-02 7.548861e+03 1.367001e+04 1.838167e+04 2.709032e+04  
1.180713e-02 7.577581e+03 1.372167e+04 1.845079e+04 2.719137e+04  
1.197171e-02 7.605283e+03 1.377147e+04 1.851742e+04 2.728872e+04  
1.213859e-02 7.631936e+03 1.381937e+04 1.858146e+04 2.738226e+04  
1.230780e-02 7.657506e+03 1.386530e+04 1.864286e+04 2.747187e+04  
1.247936e-02 7.681961e+03 1.390920e+04 1.870151e+04 2.755743e+04  
1.265332e-02 7.705267e+03 1.395101e+04 1.875736e+04 2.763882e+04  
1.282970e-02 7.727392e+03 1.399067e+04 1.881030e+04 2.771593e+04  
1.300854e-02 7.748304e+03 1.402813e+04 1.886028e+04 2.778864e+04  
1.318987e-02 7.767973e+03 1.406333e+04 1.890720e+04 2.785685e+04  
1.337373e-02 7.786367e+03 1.409622e+04 1.895101e+04 2.792044e+04  
1.356015e-02 7.803457e+03 1.412673e+04 1.899162e+04 2.797931e+04  
1.374917e-02 7.819211e+03 1.415481e+04 1.902896e+04 2.803334e+04  
1.394083e-02 7.833603e+03 1.418042e+04 1.906296e+04 2.808244e+04  
1.413516e-02 7.846600e+03 1.420350e+04 1.909355e+04 2.812650e+04  
1.433219e-02 7.858171e+03 1.422399e+04 1.912065e+04 2.816540e+04  
1.453198e-02 7.868281e+03 1.424182e+04 1.914417e+04 2.819901e+04  
1.473454e-02 7.876896e+03 1.425694e+04 1.916404e+04 2.822722e+04  
1.493993e-02 7.883984e+03 1.426928e+04 1.918017e+04 2.824992e+04  
1.514819e-02 7.889513e+03 1.427880e+04 1.919249e+04 2.826698e+04  
1.535935e-02 7.893449e+03 1.428542e+04 1.920091e+04 2.827830e+04  
1.557345e-02 7.895764e+03 1.428910e+04 1.920537e+04 2.828376e+04  
1.579053e-02 7.896424e+03 1.428978e+04 1.920579e+04 2.828326e+04  
1.601064e-02 7.895398e+03 1.428740e+04 1.920209e+04 2.827667e+04  
1.623382e-02 7.892657e+03 1.428190e+04 1.919420e+04 2.826391e+04  
1.646012e-02 7.888171e+03 1.427324e+04 1.918205e+04 2.824485e+04  
1.668956e-02 7.881912e+03 1.426137e+04 1.916557e+04 2.821941e+04  
1.692220e-02 7.873853e+03 1.424623e+04 1.914470e+04 2.818748e+04  
1.715809e-02 7.863969e+03 1.422778e+04 1.911937e+04 2.814899e+04  
1.739726e-02 7.852235e+03 1.420598e+04 1.908953e+04 2.810384e+04  
1.763977e-02 7.838626e+03 1.418078e+04 1.905511e+04 2.805195e+04  
1.788566e-02 7.823120e+03 1.415214e+04 1.901607e+04 2.799324e+04  
1.813498e-02 7.805694e+03 1.412002e+04 1.897235e+04 2.792763e+04  
1.838777e-02 7.786330e+03 1.408439e+04 1.892391e+04 2.785506e+04  
1.864409e-02 7.765012e+03 1.404522e+04 1.887071e+04 2.777547e+04  
1.890397e-02 7.741724e+03 1.400248e+04 1.881271e+04 2.768882e+04  
1.916748e-02 7.716453e+03 1.395616e+04 1.874988e+04 2.759505e+04  
1.943467e-02 7.689185e+03 1.390621e+04 1.868219e+04 2.749412e+04  
1.970558e-02 7.659908e+03 1.385263e+04 1.860961e+04 2.738599e+04  
1.998026e-02 7.628613e+03 1.379540e+04 1.853212e+04 2.727064e+04  
2.025878e-02 7.595294e+03 1.373451e+04 1.844971e+04 2.714804e+04  
2.054117e-02 7.559948e+03 1.366995e+04 1.836237e+04 2.701818e+04  
2.082751e-02 7.522576e+03 1.360172e+04 1.827011e+04 2.688109e+04  
2.111783e-02 7.483182e+03 1.352984e+04 1.817294e+04 2.673676e+04  
2.141220e-02 7.441764e+03 1.345430e+04 1.807086e+04 2.658521e+04  
2.171068e-02 7.398324e+03 1.337511e+04 1.796387e+04 2.642644e+04  
2.201331e-02 7.352870e+03 1.329228e+04 1.785198e+04 2.626048e+04  
2.232016e-02 7.305409e+03 1.320582e+04 1.773524e+04 2.608738e+04  
2.263130e-02 7.255958e+03 1.311577e+04 1.761367e+04 2.590718e+04  
2.294676e-02 7.204535e+03 1.302217e+04 1.748733e+04 2.571996e+04  
2.326663e-02 7.151165e+03 1.292504e+04 1.735627e+04 2.552581e+04  
2.359095e-02 7.095868e+03 1.282444e+04 1.722055e+04 2.532482e+04  
2.391980e-02 7.038670e+03 1.272042e+04 1.708023e+04 2.511707e+04  
2.425323e-02 6.979602e+03 1.261302e+04 1.693539e+04 2.490269e+04  
2.459130e-02 6.918700e+03 1.250233e+04 1.678612e+04 2.468181e+04  
2.493409e-02 6.856006e+03 1.238840e+04 1.663253e+04 2.445458e+04  
2.528166e-02 6.791570e+03 1.227134e+04 1.647474e+04 2.422119e+04  
2.563407e-02 6.725446e+03 1.215124e+04 1.631288e+04 2.398184e+04  
2.599140e-02 6.657684e+03 1.202819e+04 1.614707e+04 2.373670e+04  
2.635371e-02 6.588331e+03 1.190229e+04 1.597744e+04 2.348595e+04  
2.672106e-02 6.517442e+03 1.177363e+04 1.580411e+04 2.322980e+04  
2.709354e-02 6.445077e+03 1.164232e+04 1.562724e+04 2.296846e+04  
2.747121e-02 6.371305e+03 1.150848e+04 1.544700e+04 2.270219e+04  
2.785414e-02 6.296201e+03 1.137226e+04 1.526357e+04 2.243125e+04  
2.824241e-02 6.219849e+03 1.123381e+04 1.507715e+04 2.215595e+04  
2.863610e-02 6.142328e+03 1.109327e+04 1.488795e+04 2.187658e+04  
2.903527e-02 6.063712e+03 1.095077e+04 1.469613e+04 2.159341e+04  
2.944000e-02 5.984078e+03 1.080645e+04 1.450190e+04 2.130671e+04  
2.985038e-02 5.903514e+03 1.066048e+04 1.430547e+04 2.101680e+04  
3.026648e-02 5.822114e+03 1.051303e+04 1.410705e+04 2.072402e+04  
3.068838e-02 5.739981e+03 1.036427e+04 1.390692e+04 2.042874e+04  
3.111616e-02 5.657227e+03 1.021443e+04 1.370534e+04 2.013137e+04  
3.154990e-02 5.573963e+03 1.006368e+04 1.350257e+04 1.983229e+04  
3.198969e-02 5.490278e+03 9.912207e+03 1.329884e+04 1.953184e+04  
3.243561e-02 5.406268e+03 9.760171e+03 1.309439e+04 1.923035e+04  
3.288774e-02 5.322034e+03 9.607758e+03 1.288944e+04 1.892819e+04  
3.334618e-02 5.237686e+03 9.455167e+03 1.268428e+04 1.862575e+04  
3.381101e-02 5.153341e+03 9.302611e+03 1.247919e+04 1.832345e+04  
3.428231e-02 5.069127e+03 9.150319e+03 1.227448e+04 1.802175e+04  
3.476019e-02 4.985173e+03 8.998522e+03 1.207045e+04 1.772109e+04  
3.524473e-02 4.901585e+03 8.847413e+03 1.186737e+04 1.742187e+04  
3.573602e-02 4.818468e+03 8.697182e+03 1.166548e+04 1.712445e+04  
3.623416e-02 4.735933e+03 8.548029e+03 1.146507e+04 1.682923e+04  
3.673925e-02 4.654101e+03 8.400167e+03 1.126641e+04 1.653663e+04  
3.725137e-02 4.573095e+03 8.253824e+03 1.106981e+04 1.624709e+04  
3.777064e-02 4.493051e+03 8.109239e+03 1.087558e+04 1.596110e+04  
3.829714e-02 4.414104e+03 7.966655e+03 1.068406e+04 1.567912e+04  
3.883098e-02 4.336340e+03 7.826228e+03 1.049546e+04 1.540146e+04  
3.937226e-02 4.259821e+03 7.688068e+03 1.030992e+04 1.512834e+04  
3.992109e-02 4.184609e+03 7.552285e+03 1.012758e+04 1.485998e+04  
4.047757e-02 4.110766e+03 7.418991e+03 9.948597e+03 1.459659e+04  
4.104181e-02 4.038357e+03 7.288301e+03 9.773127e+03 1.433839e+04  
4.161391e-02 3.967446e+03 7.160331e+03 9.601322e+03 1.408562e+04  
4.219398e-02 3.898103e+03 7.035201e+03 9.433343e+03 1.383852e+04  
4.278214e-02 3.830413e+03 6.913067e+03 9.269398e+03 1.359737e+04  
4.337850e-02 3.764486e+03 6.794123e+03 9.109744e+03 1.336257e+04  
4.398317e-02 3.700436e+03 6.678572e+03 8.954654e+03 1.313451e+04  
4.459628e-02 3.638382e+03 6.566625e+03 8.804409e+03 1.291361e+04  
4.521792e-02 3.578447e+03 6.458502e+03 8.659300e+03 1.270028e+04  
4.584824e-02 3.520760e+03 6.354430e+03 8.519633e+03 1.249498e+04  
4.648734e-02 3.465448e+03 6.254635e+03 8.385705e+03 1.229815e+04  
4.713535e-02 3.412538e+03 6.159165e+03 8.257582e+03 1.210987e+04  
4.779239e-02 3.361984e+03 6.067931e+03 8.135141e+03 1.192997e+04  
4.845859e-02 3.313722e+03 5.980820e+03 8.018231e+03 1.175823e+04  
4.913407e-02 3.267682e+03 5.897700e+03 7.906675e+03 1.159437e+04  
4.981898e-02 3.223779e+03 5.818419e+03 7.800267e+03 1.143812e+04  
5.051342e-02 3.181917e+03 5.742804e+03 7.698773e+03 1.128911e+04  
5.121755e-02 3.142026e+03 5.670724e+03 7.602019e+03 1.114710e+04  
5.193150e-02 3.104082e+03 5.602134e+03 7.509944e+03 1.101198e+04  
5.265540e-02 3.068060e+03 5.536988e+03 7.422483e+03 1.088368e+04  
5.338938e-02 3.033928e+03 5.475224e+03 7.339552e+03 1.076207e+04  
5.413360e-02 3.001645e+03 5.416768e+03 7.261054e+03 1.064700e+04  
5.488820e-02 2.971163e+03 5.361530e+03 7.186863e+03 1.053828e+04  
5.565331e-02 2.942384e+03 5.309332e+03 7.116743e+03 1.043559e+04  
5.642908e-02 2.915164e+03 5.259914e+03 7.050345e+03 1.033839e+04  
5.721568e-02 2.889340e+03 5.212986e+03 6.987278e+03 1.024614e+04  
5.801323e-02 2.864734e+03 5.168224e+03 6.927115e+03 1.015818e+04  
5.882190e-02 2.841149e+03 5.125278e+03 6.869381e+03 1.007384e+04  
5.964185e-02 2.818396e+03 5.083808e+03 6.813626e+03 9.992455e+03  
6.047322e-02 2.796330e+03 5.043554e+03 6.759504e+03 9.913515e+03  
6.131619e-02 2.774801e+03 5.004248e+03 6.706653e+03 9.836496e+03  
6.217090e-02 2.753642e+03 4.965594e+03 6.654681e+03 9.760822e+03  
6.303753e-02 2.732674e+03 4.927272e+03 6.603160e+03 9.685867e+03  
6.391624e-02 2.711710e+03 4.888948e+03 6.551646e+03 9.610981e+03  
6.480720e-02 2.690562e+03 4.850293e+03 6.499701e+03 9.535521e+03  
6.571058e-02 2.669034e+03 4.810955e+03 6.446856e+03 9.458802e+03  
6.662655e-02 2.646910e+03 4.770554e+03 6.392605e+03 9.380081e+03  
6.755528e-02 2.623959e+03 4.728685e+03 6.336409e+03 9.298566e+03  
6.849697e-02 2.599983e+03 4.684996e+03 6.277802e+03 9.213570e+03  
6.945178e-02 2.574808e+03 4.639185e+03 6.216381e+03 9.124503e+03  
7.041990e-02 2.548251e+03 4.590930e+03 6.151720e+03 9.030734e+03  
7.140151e-02 2.520115e+03 4.539888e+03 6.083363e+03 8.931591e+03  
7.239681e-02 2.490222e+03 4.485749e+03 6.010899e+03 8.826467e+03  
7.340598e-02 2.458462e+03 4.428323e+03 5.934077e+03 8.714989e+03  
7.442922e-02 2.424731e+03 4.367432e+03 5.852661e+03 8.596803e+03  
7.546673e-02 2.388917e+03 4.302886e+03 5.766401e+03 8.471537e+03  
7.651869e-02 2.350936e+03 4.234541e+03 5.675106e+03 8.338903e+03  
7.758532e-02 2.310798e+03 4.162422e+03 5.578812e+03 8.198950e+03  
7.866682e-02 2.268543e+03 4.086605e+03 5.477622e+03 8.051822e+03  
7.976339e-02 2.224218e+03 4.007179e+03 5.371655e+03 7.897687e+03  
8.087525e-02 2.177901e+03 3.924288e+03 5.261106e+03 7.736828e+03  
8.200261e-02 2.129753e+03 3.838220e+03 5.146356e+03 7.569802e+03  
8.314568e-02 2.079959e+03 3.749308e+03 5.027853e+03 7.397261e+03  
8.430468e-02 2.028727e+03 3.657918e+03 4.906084e+03 7.219921e+03  
8.547985e-02 1.976293e+03 3.564471e+03 4.781609e+03 7.038604e+03  
8.667139e-02 1.922929e+03 3.469448e+03 4.655069e+03 6.854252e+03  
8.787954e-02 1.868932e+03 3.373373e+03 4.527162e+03 6.667890e+03  
8.910453e-02 1.814619e+03 3.276805e+03 4.398631e+03 6.480613e+03  
9.034660e-02 1.760304e+03 3.180296e+03 4.270209e+03 6.293499e+03  
9.160598e-02 1.706317e+03 3.084424e+03 4.142666e+03 6.107684e+03  
9.288292e-02 1.653014e+03 2.989816e+03 4.016833e+03 5.924388e+03  
9.417766e-02 1.600769e+03 2.897125e+03 3.893578e+03 5.744890e+03  
9.549045e-02 1.549897e+03 2.806901e+03 3.773631e+03 5.570266e+03  
9.682153e-02 1.500692e+03 2.719658e+03 3.657672e+03 5.401512e+03  
9.817117e-02 1.453468e+03 2.635943e+03 3.546425e+03 5.239696e+03  
9.953962e-02 1.408542e+03 2.556307e+03 3.440621e+03 5.085889e+03  
1.009272e-01 1.366125e+03 2.481116e+03 3.340743e+03 4.940799e+03  
1.023340e-01 1.326390e+03 2.410668e+03 3.247182e+03 4.805001e+03  
1.037605e-01 1.289518e+03 2.345274e+03 3.160349e+03 4.679095e+03  
1.052069e-01 1.255652e+03 2.285179e+03 3.080567e+03 4.563554e+03  
1.066734e-01 1.224816e+03 2.230416e+03 3.007875e+03 4.458436e+03  
1.081604e-01 1.197004e+03 2.180970e+03 2.942250e+03 4.363705e+03  
1.096681e-01 1.172199e+03 2.136803e+03 2.883639e+03 4.279286e+03  
1.111968e-01 1.150308e+03 2.097746e+03 2.831815e+03 4.204848e+03  
1.127468e-01 1.131169e+03 2.063508e+03 2.786389e+03 4.139823e+03  
1.143184e-01 1.114599e+03 2.033761e+03 2.746923e+03 4.083573e+03  
1.159120e-01 1.100373e+03 2.008107e+03 2.712891e+03 4.035330e+03  
1.175277e-01 1.088205e+03 1.986040e+03 2.683619e+03 3.994112e+03  
1.191660e-01 1.077774e+03 1.966996e+03 2.658358e+03 3.958825e+03  
1.208271e-01 1.068729e+03 1.950356e+03 2.636290e+03 3.928270e+03  
1.225114e-01 1.060679e+03 1.935441e+03 2.616512e+03 3.901123e+03  
1.242191e-01 1.053199e+03 1.921508e+03 2.598041e+03 3.875940e+03  
1.259506e-01 1.045841e+03 1.907777e+03 2.579844e+03 3.851197e+03  
1.277063e-01 1.038187e+03 1.893527e+03 2.560967e+03 3.825481e+03  
1.294865e-01 1.029811e+03 1.878022e+03 2.540432e+03 3.797342e+03  
1.312915e-01 1.020285e+03 1.860524e+03 2.517264e+03 3.765324e+03  
1.331216e-01 1.009302e+03 1.840509e+03 2.490765e+03 3.728382e+03  
1.349772e-01 9.965786e+02 1.817493e+03 2.460297e+03 3.685552e+03  
1.368587e-01 9.818703e+02 1.791062e+03 2.425305e+03 3.635996e+03  
1.387665e-01 9.650876e+02 1.761067e+03 2.385597e+03 3.579410e+03  
1.407008e-01 9.461714e+02 1.727415e+03 2.341046e+03 3.515592e+03  
1.426621e-01 9.251423e+02 1.690149e+03 2.291710e+03 3.444617e+03  
1.446507e-01 9.021426e+02 1.649522e+03 2.237924e+03 3.366972e+03  
1.466671e-01 8.773483e+02 1.605841e+03 2.180099e+03 3.283267e+03  
1.487115e-01 8.510451e+02 1.559603e+03 2.118893e+03 3.194483e+03  
1.507845e-01 8.235956e+02 1.511437e+03 2.055142e+03 3.101866e+03  
1.528864e-01 7.954159e+02 1.462060e+03 1.989799e+03 3.006838e+03  
1.550175e-01 7.670067e+02 1.412334e+03 1.924006e+03 2.911107e+03  
1.571784e-01 7.389093e+02 1.363190e+03 1.858995e+03 2.816512e+03  
1.593694e-01 7.116337e+02 1.315500e+03 1.795924e+03 2.724773e+03  
1.615909e-01 6.856866e+02 1.270133e+03 1.735940e+03 2.637593e+03  
1.638434e-01 6.615023e+02 1.227831e+03 1.680019e+03 2.556422e+03  
1.661273e-01 6.393838e+02 1.189106e+03 1.628840e+03 2.482258e+03  
1.684430e-01 6.195813e+02 1.154384e+03 1.582958e+03 2.415918e+03  
1.707910e-01 6.021564e+02 1.123763e+03 1.542500e+03 2.357586e+03  
1.731717e-01 5.871134e+02 1.097242e+03 1.507463e+03 2.307253e+03  
1.755856e-01 5.743571e+02 1.074653e+03 1.477620e+03 2.264584e+03  
1.780332e-01 5.637357e+02 1.055728e+03 1.452616e+03 2.229057e+03  
1.805149e-01 5.550289e+02 1.040084e+03 1.431943e+03 2.199925e+03  
1.830312e-01 5.479578e+02 1.027237e+03 1.414965e+03 2.176253e+03  
1.855825e-01 5.421712e+02 1.016584e+03 1.400883e+03 2.156866e+03  
1.881694e-01 5.372472e+02 1.007402e+03 1.388742e+03 2.140356e+03  
1.907924e-01 5.327110e+02 9.988788e+02 1.377474e+03 2.125136e+03  
1.934520e-01 5.280372e+02 9.901213e+02 1.365896e+03 2.109450e+03  
1.961486e-01 5.227395e+02 9.803046e+02 1.352920e+03 2.091667e+03  
1.988828e-01 5.163782e+02 9.686857e+02 1.337562e+03 2.070310e+03  
2.016551e-01 5.086548e+02 9.547629e+02 1.319158e+03 2.044376e+03  
2.044661e-01 4.993948e+02 9.382466e+02 1.297324e+03 2.013278e+03  
2.073162e-01 4.885825e+02 9.191160e+02 1.272033e+03 1.976967e+03  
2.102061e-01 4.763139e+02 8.975397e+02 1.243508e+03 1.935774e+03  
2.131362e-01 4.628067e+02 8.738911e+02 1.212245e+03 1.890442e+03  
2.161073e-01 4.483543e+02 8.486708e+02 1.178908e+03 1.841970e+03  
2.191197e-01 4.333298e+02 8.225118e+02 1.144335e+03 1.791620e+03  
2.221741e-01 4.181568e+02 7.961318e+02 1.109476e+03 1.740819e+03  
2.252711e-01 4.033022e+02 7.703184e+02 1.075371e+03 1.691123e+03  
2.284112e-01 3.892014e+02 7.458045e+02 1.042987e+03 1.643974e+03  
2.315951e-01 3.762402e+02 7.232373e+02 1.013174e+03 1.600633e+03  
2.348235e-01 3.646777e+02 7.030485e+02 9.864972e+02 1.561936e+03  
2.380968e-01 3.546600e+02 6.854789e+02 9.632704e+02 1.528340e+03  
2.414157e-01 3.462000e+02 6.705441e+02 9.435104e+02 1.499864e+03  
2.447809e-01 3.391943e+02 6.580644e+02 9.269785e+02 1.476151e+03  
2.481930e-01 3.334451e+02 6.477024e+02 9.132292e+02 1.456540e+03  
2.516527e-01 3.286614e+02 6.389655e+02 9.016138e+02 1.440070e+03  
2.551606e-01 3.244824e+02 6.312456e+02 8.913326e+02 1.425557e+03  
2.587174e-01 3.205047e+02 6.238659e+02 8.814955e+02 1.411677e+03  
2.623238e-01 3.163224e+02 6.161475e+02 8.712093e+02 1.397101e+03  
2.659804e-01 3.115998e+02 6.075313e+02 8.597383e+02 1.380731e+03  
2.696881e-01 3.061030e+02 5.976299e+02 8.465728e+02 1.361804e+03  
2.734474e-01 2.997288e+02 5.862750e+02 8.314921e+02 1.339990e+03  
2.772591e-01 2.925035e+02 5.735144e+02 8.145601e+02 1.315385e+03  
2.811239e-01 2.845614e+02 5.595757e+02 7.960787e+02 1.288444e+03  
2.850426e-01 2.761289e+02 5.448388e+02 7.765493e+02 1.259921e+03  
2.890160e-01 2.675022e+02 5.297980e+02 7.566235e+02 1.230792e+03  
2.930447e-01 2.590214e+02 5.150186e+02 7.370443e+02 1.202163e+03  
2.971296e-01 2.510132e+02 5.010415e+02 7.185207e+02 1.175088e+03  
3.012714e-01 2.437340e+02 4.882893e+02 7.016046e+02 1.150379e+03  
3.054710e-01 2.373268e+02 4.769949e+02 6.865985e+02 1.128478e+03  
3.097291e-01 2.318104e+02 4.671851e+02 6.735346e+02 1.109424e+03  
3.140465e-01 2.270967e+02 4.587102e+02 6.622146e+02 1.092922e+03  
3.184242e-01 2.230204e+02 4.512942e+02 6.522759e+02 1.078432e+03  
3.228628e-01 2.193597e+02 4.445686e+02 6.432361e+02 1.065242e+03  
3.273634e-01 2.158523e+02 4.381002e+02 6.345284e+02 1.052516e+03  
3.319266e-01 2.122313e+02 4.314498e+02 6.255790e+02 1.039407e+03  
3.365535e-01 2.082855e+02 4.242718e+02 6.159369e+02 1.025251e+03  
3.412449e-01 2.039082e+02 4.163932e+02 6.053772e+02 1.009720e+03  
3.460016e-01 1.991104e+02 4.078348e+02 5.939287e+02 9.928586e+02  
3.508247e-01 1.939967e+02 3.987702e+02 5.818197e+02 9.750096e+02  
3.557150e-01 1.887295e+02 3.894671e+02 5.694010e+02 9.566933e+02  
3.606735e-01 1.834992e+02 3.802369e+02 5.570792e+02 9.385097e+02  
3.657011e-01 1.785009e+02 3.713979e+02 5.452683e+02 9.210655e+02  
3.707988e-01 1.738961e+02 3.632116e+02 5.343072e+02 9.048537e+02  
3.759675e-01 1.697685e+02 3.558117e+02 5.243677e+02 8.901205e+02  
3.812083e-01 1.661048e+02 3.491740e+02 5.154165e+02 8.768121e+02  
3.865221e-01 1.628154e+02 3.431503e+02 5.072597e+02 8.646427e+02  
3.919100e-01 1.597690e+02 3.375264e+02 4.996186e+02 8.532045e+02  
3.973730e-01 1.568083e+02 3.320463e+02 4.921613e+02 8.420148e+02  
4.029122e-01 1.537872e+02 3.264743e+02 4.845828e+02 8.306318e+02  
4.085286e-01 1.506086e+02 3.206546e+02 4.766824e+02 8.187669e+02  
4.142232e-01 1.472524e+02 3.145561e+02 4.684209e+02 8.063672e+02  
4.199973e-01 1.437675e+02 3.082590e+02 4.599034e+02 7.935882e+02  
4.258518e-01 1.402390e+02 3.019012e+02 4.513087e+02 7.806909e+02  
4.317880e-01 1.367774e+02 2.956600e+02 4.428659e+02 7.680063e+02  
4.378069e-01 1.334908e+02 2.897081e+02 4.347967e+02 7.558521e+02  
4.439097e-01 1.304465e+02 2.841520e+02 4.272371e+02 7.444205e+02  
4.500975e-01 1.276440e+02 2.789889e+02 4.201823e+02 7.337012e+02  
4.563716e-01 1.250416e+02 2.741512e+02 4.135445e+02 7.235662e+02  
4.627332e-01 1.225727e+02 2.695318e+02 4.071855e+02 7.138171e+02  
4.691835e-01 1.201482e+02 2.649885e+02 4.009232e+02 7.041950e+02  
4.757236e-01 1.176941e+02 2.604042e+02 3.946081e+02 6.944893e+02  
4.823549e-01 1.151860e+02 2.557410e+02 3.881928e+02 6.846347e+02  
4.890787e-01 1.126404e+02 2.510256e+02 3.817117e+02 6.746826e+02  
4.958962e-01 1.100981e+02 2.463229e+02 3.752482e+02 6.647515e+02  
5.028087e-01 1.076131e+02 2.417179e+02 3.689106e+02 6.549945e+02  
5.098176e-01 1.052406e+02 2.372968e+02 3.628082e+02 6.455633e+02  
5.169242e-01 1.030005e+02 2.330900e+02 3.569786e+02 6.365086e+02  
5.241298e-01 1.008812e+02 2.290784e+02 3.513970e+02 6.277942e+02  
5.314359e-01 9.885120e+01 2.252120e+02 3.459997e+02 6.193304e+02  
5.388438e-01 9.686910e+01 2.214261e+02 3.407046e+02 6.110034e+02  
5.463550e-01 9.489716e+01 2.176618e+02 3.354379e+02 6.027121e+02  
5.539709e-01 9.292450e+01 2.139027e+02 3.301791e+02 5.944295e+02  
5.616930e-01 9.096184e+01 2.101655e+02 3.249496e+02 5.861861e+02  
5.695227e-01 8.903016e+01 2.064827e+02 3.197904e+02 5.780383e+02  
5.774615e-01 8.715813e+01 2.028984e+02 3.147563e+02 5.700606e+02  
5.855110e-01 8.535998e+01 1.994338e+02 3.098739e+02 5.622876e+02  
5.936727e-01 8.363279e+01 1.960840e+02 3.051364e+02 5.547096e+02  
6.019482e-01 8.196550e+01 1.928315e+02 3.005219e+02 5.472962e+02  
6.103390e-01 8.033496e+01 1.896410e+02 2.959860e+02 5.399879e+02  
6.188468e-01 7.872558e+01 1.864885e+02 2.914994e+02 5.327461e+02  
6.274732e-01 7.713782e+01 1.833749e+02 2.870632e+02 5.255725e+02  
6.362198e-01 7.557403e+01 1.803037e+02 2.826819e+02 5.184735e+02  
6.450884e-01 7.404761e+01 1.772950e+02 2.783801e+02 5.114815e+02  
6.540806e-01 7.257147e+01 1.743679e+02 2.741813e+02 5.046266e+02  
6.631981e-01 7.113943e+01 1.715128e+02 2.700733e+02 4.978925e+02  
6.724427e-01 6.974518e+01 1.687201e+02 2.660442e+02 4.912634e+02  
6.818162e-01 6.838211e+01 1.659798e+02 2.620817e+02 4.847233e+02  
6.913204e-01 6.704451e+01 1.632832e+02 2.581754e+02 4.782589e+02  
7.009570e-01 6.573307e+01 1.606313e+02 2.543263e+02 4.718718e+02  
7.107280e-01 6.445047e+01 1.580279e+02 2.505392e+02 4.655677e+02  
7.206351e-01 6.319949e+01 1.554770e+02 2.468186e+02 4.593524e+02  
7.306804e-01 6.198099e+01 1.529796e+02 2.431657e+02 4.532269e+02  
7.408657e-01 6.079273e+01 1.505323e+02 2.395762e+02 4.471857e+02  
7.511929e-01 5.963195e+01 1.481308e+02 2.360452e+02 4.412225e+02  
7.616642e-01 5.849590e+01 1.457712e+02 2.325674e+02 4.353308e+02  
7.722814e-01 5.738383e+01 1.434521e+02 2.291417e+02 4.295091e+02  
7.830465e-01 5.629618e+01 1.411742e+02 2.257684e+02 4.237578e+02  
7.939618e-01 5.523336e+01 1.389377e+02 2.224481e+02 4.180774e+02  
8.050292e-01 5.419544e+01 1.367428e+02 2.191806e+02 4.124675e+02  
8.162509e-01 5.318148e+01 1.345879e+02 2.159641e+02 4.069258e+02  
8.276289e-01 5.219023e+01 1.324712e+02 2.127964e+02 4.014494e+02  
8.391656e-01 5.122038e+01 1.303906e+02 2.096749e+02 3.960355e+02  
8.508632e-01 5.027113e+01 1.283449e+02 2.065984e+02 3.906823e+02  
8.627237e-01 4.934236e+01 1.263339e+02 2.035663e+02 3.853892e+02  
8.747496e-01 4.843387e+01 1.243571e+02 2.005783e+02 3.801556e+02  
8.869432e-01 4.754540e+01 1.224141e+02 1.976336e+02 3.749806e+02  
8.993067e-01 4.667645e+01 1.205041e+02 1.947313e+02 3.698629e+02  
9.118425e-01 4.582639e+01 1.186261e+02 1.918702e+02 3.648012e+02  
9.245531e-01 4.499451e+01 1.167789e+02 1.890490e+02 3.597939e+02  
9.374409e-01 4.418017e+01 1.149617e+02 1.862666e+02 3.548396e+02  
9.505083e-01 4.338302e+01 1.131739e+02 1.835222e+02 3.499376e+02  
9.637579e-01 4.260268e+01 1.114148e+02 1.808152e+02 3.450868e+02  
9.771921e-01 4.183868e+01 1.096838e+02 1.781447e+02 3.402864e+02  
9.908137e-01 4.109063e+01 1.079801e+02 1.755099e+02 3.355354e+02  
1.004625e+00 4.035811e+01 1.063032e+02 1.729100e+02 3.308329e+02  
1.018629e+00 3.964066e+01 1.046524e+02 1.703443e+02 3.261780e+02  
1.032828e+00 3.893780e+01 1.030269e+02 1.678119e+02 3.215698e+02  
1.047225e+00 3.824923e+01 1.014262e+02 1.653123e+02 3.170076e+02  
1.061823e+00 3.757462e+01 9.984992e+01 1.628448e+02 3.124908e+02  
1.076624e+00 3.691361e+01 9.829740e+01 1.604088e+02 3.080187e+02  
1.091632e+00 3.626583e+01 9.676813e+01 1.580036e+02 3.035906e+02  
1.106848e+00 3.563097e+01 9.526160e+01 1.556288e+02 2.992058e+02  
1.122277e+00 3.500863e+01 9.377727e+01 1.532837e+02 2.948637e+02  
1.137921e+00 3.439842e+01 9.231454e+01 1.509676e+02 2.905637e+02  
1.153783e+00 3.380008e+01 9.087302e+01 1.486800e+02 2.863052e+02  
1.169866e+00 3.321338e+01 8.945235e+01 1.464206e+02 2.820879e+02  
1.186174e+00 3.263804e+01 8.805211e+01 1.441888e+02 2.779113e+02  
1.202708e+00 3.207379e+01 8.667190e+01 1.419843e+02 2.737749e+02  
1.219473e+00 3.152035e+01 8.531130e+01 1.398066e+02 2.696783e+02  
1.236472e+00 3.097741e+01 8.396989e+01 1.376551e+02 2.656211e+02  
1.253708e+00 3.044465e+01 8.264719e+01 1.355294e+02 2.616027e+02  
1.271184e+00 2.992180e+01 8.134283e+01 1.334291e+02 2.576229e+02  
1.288904e+00 2.940866e+01 8.005651e+01 1.313538e+02 2.536813e+02  
1.306870e+00 2.890497e+01 7.878787e+01 1.293032e+02 2.497776e+02  
1.325087e+00 2.841051e+01 7.753657e+01 1.272769e+02 2.459115e+02  
1.343558e+00 2.792507e+01 7.630233e+01 1.252746e+02 2.420828e+02  
1.362287e+00 2.744844e+01 7.508485e+01 1.232959e+02 2.382912e+02  
1.381276e+00 2.698042e+01 7.388382e+01 1.213406e+02 2.345364e+02  
1.400531e+00 2.652077e+01 7.269894e+01 1.194082e+02 2.308183e+02  
1.420053e+00 2.606931e+01 7.152994e+01 1.174986e+02 2.271365e+02  
1.439848e+00 2.562583e+01 7.037653e+01 1.156114e+02 2.234910e+02  
1.459919e+00 2.519010e+01 6.923842e+01 1.137464e+02 2.198814e+02  
1.480269e+00 2.476195e+01 6.811536e+01 1.119032e+02 2.163077e+02  
1.500903e+00 2.434124e+01 6.700716e+01 1.100817e+02 2.127697e+02  
1.521825e+00 2.392780e+01 6.591356e+01 1.082816e+02 2.092673e+02  
1.543038e+00 2.352145e+01 6.483435e+01 1.065027e+02 2.058004e+02  
1.564548e+00 2.312205e+01 6.376931e+01 1.047447e+02 2.023688e+02  
1.586357e+00 2.272944e+01 6.271823e+01 1.030074e+02 1.989724e+02  
1.608469e+00 2.234343e+01 6.168088e+01 1.012907e+02 1.956111e+02  
1.630891e+00 2.196389e+01 6.065707e+01 9.959431e+01 1.922848e+02  
1.653624e+00 2.159068e+01 5.964661e+01 9.791802e+01 1.889936e+02  
1.676675e+00 2.122367e+01 5.864932e+01 9.626167e+01 1.857372e+02  
1.700047e+00 2.086269e+01 5.766500e+01 9.462508e+01 1.825156e+02  
1.723745e+00 2.050764e+01 5.669349e+01 9.300806e+01 1.793289e+02  
1.747773e+00 2.015839e+01 5.573464e+01 9.141046e+01 1.761769e+02  
1.772136e+00 1.981480e+01 5.478825e+01 8.983210e+01 1.730595e+02  
1.796838e+00 1.947675e+01 5.385418e+01 8.827283e+01 1.699768e+02  
1.821885e+00 1.914414e+01 5.293228e+01 8.673250e+01 1.669288e+02  
1.847281e+00 1.881686e+01 5.202241e+01 8.521097e+01 1.639153e+02  
1.873032e+00 1.849480e+01 5.112441e+01 8.370808e+01 1.609364e+02  
1.899141e+00 1.817784e+01 5.023816e+01 8.222370e+01 1.579921e+02  
1.925614e+00 1.786590e+01 4.936351e+01 8.075769e+01 1.550823e+02  
1.952456e+00 1.755885e+01 4.850034e+01 7.930992e+01 1.522070e+02  
1.979672e+00 1.725661e+01 4.764850e+01 7.788026e+01 1.493662e+02  
2.007267e+00 1.695908e+01 4.680788e+01 7.646859e+01 1.465599e+02  
2.035248e+00 1.666618e+01 4.597836e+01 7.507479e+01 1.437881e+02  
2.063618e+00 1.637781e+01 4.515983e+01 7.369873e+01 1.410507e+02  
2.092383e+00 1.609390e+01 4.435217e+01 7.234030e+01 1.383477e+02  
2.121550e+00 1.581437e+01 4.355528e+01 7.099939e+01 1.356791e+02  
2.151123e+00 1.553912e+01 4.276904e+01 6.967589e+01 1.330450e+02  
2.181109e+00 1.526809e+01 4.199333e+01 6.836968e+01 1.304451e+02  
2.211512e+00 1.500118e+01 4.122807e+01 6.708066e+01 1.278796e+02  
2.242340e+00 1.473834e+01 4.047316e+01 6.580872e+01 1.253484e+02  
2.273597e+00 1.447949e+01 3.972848e+01 6.455376e+01 1.228514e+02  
2.305289e+00 1.422455e+01 3.899394e+01 6.331568e+01 1.203887e+02  
2.337424e+00 1.397347e+01 3.826945e+01 6.209437e+01 1.179601e+02  
2.370006e+00 1.372617e+01 3.755493e+01 6.088973e+01 1.155655e+02  
2.403043e+00 1.348261e+01 3.685027e+01 5.970168e+01 1.132051e+02  
2.436540e+00 1.324270e+01 3.615539e+01 5.853010e+01 1.108785e+02  
2.470504e+00 1.300641e+01 3.547020e+01 5.737490e+01 1.085859e+02  
2.504942e+00 1.277365e+01 3.479461e+01 5.623598e+01 1.063270e+02  
2.539859e+00 1.254438e+01 3.412854e+01 5.511326e+01 1.041019e+02  
2.575263e+00 1.231855e+01 3.347191e+01 5.400662e+01 1.019103e+02  
2.611161e+00 1.209610e+01 3.282463e+01 5.291599e+01 9.975221e+01  
2.647559e+00 1.187697e+01 3.218663e+01 5.184125e+01 9.762750e+01  
2.684465e+00 1.166113e+01 3.155781e+01 5.078232e+01 9.553601e+01  
2.721885e+00 1.144852e+01 3.093811e+01 4.973910e+01 9.347762e+01  
2.759826e+00 1.123909e+01 3.032745e+01 4.871150e+01 9.145218e+01  
2.798297e+00 1.103280e+01 2.972575e+01 4.769941e+01 8.945952e+01  
2.837304e+00 1.082959e+01 2.913292e+01 4.670274e+01 8.749948e+01  
2.876854e+00 1.062943e+01 2.854890e+01 4.572140e+01 8.557188e+01  
2.916956e+00 1.043227e+01 2.797362e+01 4.475529e+01 8.367654e+01  
2.957617e+00 1.023807e+01 2.740699e+01 4.380430e+01 8.181327e+01  
2.998844e+00 1.004680e+01 2.684895e+01 4.286834e+01 7.998184e+01  
3.040646e+00 9.858408e+00 2.629941e+01 4.194730e+01 7.818206e+01  
3.083031e+00 9.672858e+00 2.575832e+01 4.104109e+01 7.641370e+01  
3.126007e+00 9.490111e+00 2.522558e+01 4.014960e+01 7.467653e+01  
3.169582e+00 9.310132e+00 2.470115e+01 3.927273e+01 7.297030e+01  
3.213764e+00 9.132884e+00 2.418493e+01 3.841036e+01 7.129476e+01  
3.258562e+00 8.958332e+00 2.367687e+01 3.756240e+01 6.964967e+01  
3.303985e+00 8.786442e+00 2.317689e+01 3.672874e+01 6.803475e+01  
3.350041e+00 8.617180e+00 2.268491e+01 3.590926e+01 6.644974e+01  
3.396739e+00 8.450512e+00 2.220088e+01 3.510385e+01 6.489435e+01  
3.444087e+00 8.286405e+00 2.172472e+01 3.431239e+01 6.336829e+01  
3.492096e+00 8.124829e+00 2.125635e+01 3.353478e+01 6.187128e+01  
3.540774e+00 7.965752e+00 2.079572e+01 3.277090e+01 6.040301e+01  
3.590130e+00 7.809143e+00 2.034274e+01 3.202062e+01 5.896317e+01  
3.640175e+00 7.654972e+00 1.989735e+01 3.128382e+01 5.755147e+01  
3.690917e+00 7.503211e+00 1.945949e+01 3.056039e+01 5.616756e+01  
3.742366e+00 7.353831e+00 1.902907e+01 2.985019e+01 5.481115e+01  
3.794533e+00 7.206802e+00 1.860603e+01 2.915310e+01 5.348189e+01  
3.847427e+00 7.062097e+00 1.819030e+01 2.846899e+01 5.217947e+01  
3.901058e+00 6.919689e+00 1.778181e+01 2.779773e+01 5.090354e+01  
3.955436e+00 6.779551e+00 1.738050e+01 2.713919e+01 4.965376e+01  
4.010573e+00 6.641655e+00 1.698628e+01 2.649324e+01 4.842981e+01  
4.066478e+00 6.505976e+00 1.659909e+01 2.585973e+01 4.723132e+01  
4.123163e+00 6.372488e+00 1.621885e+01 2.523853e+01 4.605795e+01  
4.180637e+00 6.241164e+00 1.584551e+01 2.462951e+01 4.490936e+01  
4.238913e+00 6.111981e+00 1.547898e+01 2.403252e+01 4.378519e+01  
4.298001e+00 5.984912e+00 1.511919e+01 2.344741e+01 4.268509e+01  
4.357913e+00 5.859934e+00 1.476607e+01 2.287406e+01 4.160871e+01  
4.418660e+00 5.737023e+00 1.441956e+01 2.231230e+01 4.055568e+01  
4.480254e+00 5.616153e+00 1.407957e+01 2.176200e+01 3.952566e+01  
4.542706e+00 5.497302e+00 1.374604e+01 2.122301e+01 3.851829e+01  
4.606029e+00 5.380446e+00 1.341890e+01 2.069518e+01 3.753321e+01  
4.670234e+00 5.265562e+00 1.309806e+01 2.017836e+01 3.657006e+01  
4.735335e+00 5.152626e+00 1.278345e+01 1.967239e+01 3.562850e+01  
4.801343e+00 5.041616e+00 1.247501e+01 1.917714e+01 3.470815e+01  
4.868271e+00 4.932510e+00 1.217265e+01 1.869245e+01 3.380867e+01  
4.936132e+00 4.825283e+00 1.187631e+01 1.821817e+01 3.292970e+01  
5.004939e+00 4.719916e+00 1.158590e+01 1.775413e+01 3.207089e+01  
5.074705e+00 4.616385e+00 1.130136e+01 1.730020e+01 3.123188e+01  
5.145444e+00 4.514668e+00 1.102261e+01 1.685622e+01 3.041234e+01  
5.217169e+00 4.414744e+00 1.074956e+01 1.642203e+01 2.961191e+01  
5.289893e+00 4.316592e+00 1.048215e+01 1.599749e+01 2.883024e+01  
5.363631e+00 4.220190e+00 1.022031e+01 1.558243e+01 2.806699e+01  
5.438397e+00 4.125516e+00 9.963940e+00 1.517671e+01 2.732182e+01  
5.514206e+00 4.032550e+00 9.712981e+00 1.478016e+01 2.659438e+01  
5.591071e+00 3.941270e+00 9.467352e+00 1.439265e+01 2.588436e+01  
5.669007e+00 3.851656e+00 9.226977e+00 1.401402e+01 2.519140e+01  
5.748030e+00 3.763687e+00 8.991778e+00 1.364411e+01 2.451518e+01  
5.828155e+00 3.677343e+00 8.761679e+00 1.328277e+01 2.385537e+01  
5.909396e+00 3.592603e+00 8.536602e+00 1.292986e+01 2.321165e+01  
5.991770e+00 3.509446e+00 8.316472e+00 1.258523e+01 2.258370e+01  
6.075292e+00 3.427854e+00 8.101210e+00 1.224872e+01 2.197120e+01  
6.159978e+00 3.347804e+00 7.890740e+00 1.192019e+01 2.137383e+01  
6.245845e+00 3.269278e+00 7.684986e+00 1.159948e+01 2.079129e+01  
6.332908e+00 3.192256e+00 7.483871e+00 1.128646e+01 2.022327e+01  
6.421186e+00 3.116718e+00 7.287319e+00 1.098099e+01 1.966946e+01  
6.510694e+00 3.042644e+00 7.095253e+00 1.068290e+01 1.912956e+01  
6.601449e+00 2.970016e+00 6.907598e+00 1.039207e+01 1.860329e+01  
6.693470e+00 2.898812e+00 6.724279e+00 1.010836e+01 1.809035e+01  
6.786773e+00 2.829015e+00 6.545219e+00 9.831612e+00 1.759044e+01  
6.881377e+00 2.760604e+00 6.370345e+00 9.561700e+00 1.710330e+01  
6.977300e+00 2.693562e+00 6.199581e+00 9.298484e+00 1.662863e+01  
7.074559e+00 2.627868e+00 6.032855e+00 9.041829e+00 1.616617e+01  
7.173175e+00 2.563505e+00 5.870091e+00 8.791600e+00 1.571564e+01  
7.273165e+00 2.500452e+00 5.711218e+00 8.547664e+00 1.527678e+01  
7.374549e+00 2.438693e+00 5.556163e+00 8.309891e+00 1.484932e+01  
7.477346e+00 2.378207e+00 5.404853e+00 8.078151e+00 1.443300e+01  
7.581576e+00 2.318976e+00 5.257218e+00 7.852315e+00 1.402757e+01  
7.687260e+00 2.260983e+00 5.113187e+00 7.632258e+00 1.363279e+01  
7.794416e+00 2.204209e+00 4.972688e+00 7.417855e+00 1.324840e+01  
7.903066e+00 2.148635e+00 4.835654e+00 7.208983e+00 1.287416e+01  
8.013230e+00 2.094244e+00 4.702015e+00 7.005521e+00 1.250983e+01  
8.124930e+00 2.041018e+00 4.571703e+00 6.807350e+00 1.215519e+01  
8.238187e+00 1.988938e+00 4.444651e+00 6.614351e+00 1.181000e+01  
8.353023e+00 1.937987e+00 4.320791e+00 6.426409e+00 1.147404e+01  
8.469460e+00 1.888148e+00 4.200059e+00 6.243409e+00 1.114708e+01  
8.587519e+00 1.839402e+00 4.082388e+00 6.065240e+00 1.082892e+01  
8.707225e+00 1.791733e+00 3.967716e+00 5.891791e+00 1.051933e+01  
8.828599e+00 1.745122e+00 3.855977e+00 5.722952e+00 1.021812e+01  
8.951665e+00 1.699553e+00 3.747110e+00 5.558618e+00 9.925064e+00  
9.076446e+00 1.655008e+00 3.641052e+00 5.398682e+00 9.639977e+00  
9.202967e+00 1.611471e+00 3.537742e+00 5.243042e+00 9.362657e+00  
9.331251e+00 1.568924e+00 3.437121e+00 5.091595e+00 9.092913e+00  
9.461324e+00 1.527351e+00 3.339128e+00 4.944242e+00 8.830556e+00  
9.593209e+00 1.486734e+00 3.243706e+00 4.800886e+00 8.575402e+00  
9.726934e+00 1.447058e+00 3.150797e+00 4.661429e+00 8.327268e+00  
9.862522e+00 1.408305e+00 3.060343e+00 4.525777e+00 8.085979e+00  
1.000000e+01 1.370460e+00 2.972290e+00 4.393838e+00 7.851361e+00  
