1.000000e-02 6.593200e+03 1.199854e+04 1.620401e+04 2.408551e+04  
1.013939e-02 6.628639e+03 1.206279e+04 1.629052e+04 2.421347e+04  
1.028073e-02 6.663483e+03 1.212595e+04 1.637556e+04 2.433923e+04  
1.042404e-02 6.697710e+03 1.218797e+04 1.645906e+04 2.446269e+04  
1.056935e-02 6.731297e+03 1.224883e+04 1.654098e+04 2.458377e+04  
1.071668e-02 6.764217e+03 1.230846e+04 1.662124e+04 2.470238e+04  
1.086606e-02 6.796444e+03 1.236683e+04 1.669978e+04 2.481843e+04  
1.101753e-02 6.827952e+03 1.242388e+04 1.677654e+04 2.493180e+04  
1.117111e-02 6.858712e+03 1.247957e+04 1.685144e+04 2.504241e+04  
1.132683e-02 6.888698e+03 1.253383e+04 1.692443e+04 2.515015e+04  
1.148472e-02 6.917881e+03 1.258664e+04 1.699542e+04 2.525492e+04  
1.164481e-02 6.946234e+03 1.263792e+04 1.706437e+04 2.535662e+04  
1.180713e-02 6.973730e+03 1.268764e+04 1.713119e+04 2.545515e+04  
1.197171e-02 7.000342e+03 1.273574e+04 1.719582e+04 2.555042e+04  
1.213859e-02 7.026045e+03 1.278218e+04 1.725820e+04 2.564232e+04  
1.230780e-02 7.050812e+03 1.282691e+04 1.731826e+04 2.573077e+04  
1.247936e-02 7.074617e+03 1.286988e+04 1.737595e+04 2.581566e+04  
1.265332e-02 7.097434e+03 1.291105e+04 1.743119e+04 2.589692e+04  
1.282970e-02 7.119238e+03 1.295036e+04 1.748392e+04 2.597443e+04  
1.300854e-02 7.140001e+03 1.298778e+04 1.753408e+04 2.604810e+04  
1.318987e-02 7.159690e+03 1.302323e+04 1.758159e+04 2.611782e+04  
1.337373e-02 7.178275e+03 1.305667e+04 1.762637e+04 2.618346e+04  
1.356015e-02 7.195723e+03 1.308803e+04 1.766834e+04 2.624492e+04  
1.374917e-02 7.212003e+03 1.311726e+04 1.770742e+04 2.630208e+04  
1.394083e-02 7.227084e+03 1.314431e+04 1.774354e+04 2.635482e+04  
1.413516e-02 7.240934e+03 1.316910e+04 1.777662e+04 2.640304e+04  
1.433219e-02 7.253523e+03 1.319160e+04 1.780659e+04 2.644662e+04  
1.453198e-02 7.264822e+03 1.321174e+04 1.783337e+04 2.648545e+04  
1.473454e-02 7.274802e+03 1.322947e+04 1.785690e+04 2.651943e+04  
1.493993e-02 7.283436e+03 1.324475e+04 1.787711e+04 2.654847e+04  
1.514819e-02 7.290696e+03 1.325752e+04 1.789393e+04 2.657247e+04  
1.535935e-02 7.296556e+03 1.326774e+04 1.790729e+04 2.659132e+04  
1.557345e-02 7.300991e+03 1.327536e+04 1.791714e+04 2.660494e+04  
1.579053e-02 7.303974e+03 1.328034e+04 1.792342e+04 2.661324e+04  
1.601064e-02 7.305478e+03 1.328262e+04 1.792604e+04 2.661611e+04  
1.623382e-02 7.305475e+03 1.328215e+04 1.792496e+04 2.661345e+04  
1.646012e-02 7.303936e+03 1.327888e+04 1.792009e+04 2.660517e+04  
1.668956e-02 7.300836e+03 1.327277e+04 1.791137e+04 2.659116e+04  
1.692220e-02 7.296149e+03 1.326376e+04 1.789875e+04 2.657134e+04  
1.715809e-02 7.289852e+03 1.325182e+04 1.788216e+04 2.654563e+04  
1.739726e-02 7.281919e+03 1.323691e+04 1.786154e+04 2.651393e+04  
1.763977e-02 7.272330e+03 1.321897e+04 1.783685e+04 2.647618e+04  
1.788566e-02 7.261060e+03 1.319798e+04 1.780803e+04 2.643227e+04  
1.813498e-02 7.248087e+03 1.317388e+04 1.777502e+04 2.638215e+04  
1.838777e-02 7.233394e+03 1.314665e+04 1.773777e+04 2.632573e+04  
1.864409e-02 7.216961e+03 1.311626e+04 1.769625e+04 2.626297e+04  
1.890397e-02 7.198772e+03 1.308267e+04 1.765042e+04 2.619379e+04  
1.916748e-02 7.178815e+03 1.304587e+04 1.760024e+04 2.611816e+04  
1.943467e-02 7.157073e+03 1.300581e+04 1.754568e+04 2.603602e+04  
1.970558e-02 7.133532e+03 1.296249e+04 1.748670e+04 2.594732e+04  
1.998026e-02 7.108179e+03 1.291587e+04 1.742327e+04 2.585202e+04  
2.025878e-02 7.081003e+03 1.286594e+04 1.735537e+04 2.575008e+04  
2.054117e-02 7.051996e+03 1.281267e+04 1.728297e+04 2.564147e+04  
2.082751e-02 7.021153e+03 1.275607e+04 1.720608e+04 2.552619e+04  
2.111783e-02 6.988471e+03 1.269613e+04 1.712468e+04 2.540421e+04  
2.141220e-02 6.953951e+03 1.263286e+04 1.703877e+04 2.527556e+04  
2.171068e-02 6.917592e+03 1.256624e+04 1.694836e+04 2.514022e+04  
2.201331e-02 6.879398e+03 1.249628e+04 1.685345e+04 2.499822e+04  
2.232016e-02 6.839374e+03 1.242301e+04 1.675407e+04 2.484958e+04  
2.263130e-02 6.797533e+03 1.234644e+04 1.665024e+04 2.469435e+04  
2.294676e-02 6.753888e+03 1.226660e+04 1.654201e+04 2.453259e+04  
2.326663e-02 6.708461e+03 1.218353e+04 1.642941e+04 2.436436e+04  
2.359095e-02 6.661271e+03 1.209726e+04 1.631251e+04 2.418976e+04  
2.391980e-02 6.612334e+03 1.200782e+04 1.619134e+04 2.400885e+04  
2.425323e-02 6.561671e+03 1.191526e+04 1.606596e+04 2.382169e+04  
2.459130e-02 6.509305e+03 1.181961e+04 1.593643e+04 2.362838e+04  
2.493409e-02 6.455264e+03 1.172093e+04 1.580281e+04 2.342904e+04  
2.528166e-02 6.399583e+03 1.161928e+04 1.566520e+04 2.322378e+04  
2.563407e-02 6.342302e+03 1.151474e+04 1.552369e+04 2.301276e+04  
2.599140e-02 6.283464e+03 1.140738e+04 1.537840e+04 2.279614e+04  
2.635371e-02 6.223109e+03 1.129728e+04 1.522942e+04 2.257407e+04  
2.672106e-02 6.161280e+03 1.118452e+04 1.507685e+04 2.234670e+04  
2.709354e-02 6.098025e+03 1.106918e+04 1.492083e+04 2.211422e+04  
2.747121e-02 6.033398e+03 1.095137e+04 1.476149e+04 2.187684e+04  
2.785414e-02 5.967462e+03 1.083120e+04 1.459897e+04 2.163477e+04  
2.824241e-02 5.900284e+03 1.070879e+04 1.443345e+04 2.138828e+04  
2.863610e-02 5.831939e+03 1.058428e+04 1.426510e+04 2.113762e+04  
2.903527e-02 5.762491e+03 1.045779e+04 1.409411e+04 2.088306e+04  
2.944000e-02 5.692005e+03 1.032943e+04 1.392061e+04 2.062481e+04  
2.985038e-02 5.620550e+03 1.019933e+04 1.374478e+04 2.036313e+04  
3.026648e-02 5.548202e+03 1.006764e+04 1.356681e+04 2.009831e+04  
3.068838e-02 5.475045e+03 9.934495e+03 1.338691e+04 1.983065e+04  
3.111616e-02 5.401170e+03 9.800074e+03 1.320531e+04 1.956049e+04  
3.154990e-02 5.326677e+03 9.664553e+03 1.302223e+04 1.928819e+04  
3.198969e-02 5.251655e+03 9.528097e+03 1.283791e+04 1.901408e+04  
3.243561e-02 5.176184e+03 9.390848e+03 1.265255e+04 1.873844e+04  
3.288774e-02 5.100349e+03 9.252963e+03 1.246634e+04 1.846159e+04  
3.334618e-02 5.024242e+03 9.114608e+03 1.227952e+04 1.818387e+04  
3.381101e-02 4.947961e+03 8.975963e+03 1.209233e+04 1.790563e+04  
3.428231e-02 4.871614e+03 8.837223e+03 1.190503e+04 1.762726e+04  
3.476019e-02 4.795316e+03 8.698595e+03 1.171790e+04 1.734917e+04  
3.524473e-02 4.719176e+03 8.560278e+03 1.153121e+04 1.707178e+04  
3.573602e-02 4.643286e+03 8.422439e+03 1.134518e+04 1.679541e+04  
3.623416e-02 4.567742e+03 8.285252e+03 1.116005e+04 1.652040e+04  
3.673925e-02 4.492647e+03 8.148901e+03 1.097607e+04 1.624713e+04  
3.725137e-02 4.418109e+03 8.013584e+03 1.079349e+04 1.597599e+04  
3.777064e-02 4.344244e+03 7.879509e+03 1.061261e+04 1.570739e+04  
3.829714e-02 4.271174e+03 7.746897e+03 1.043372e+04 1.544179e+04  
3.883098e-02 4.199014e+03 7.615956e+03 1.025710e+04 1.517958e+04  
3.937226e-02 4.127831e+03 7.486804e+03 1.008291e+04 1.492101e+04  
3.992109e-02 4.057681e+03 7.359545e+03 9.911290e+03 1.466629e+04  
4.047757e-02 3.988623e+03 7.234284e+03 9.742376e+03 1.441561e+04  
4.104181e-02 3.920718e+03 7.111128e+03 9.576316e+03 1.416921e+04  
4.161391e-02 3.854027e+03 6.990190e+03 9.413258e+03 1.392729e+04  
4.219398e-02 3.788612e+03 6.871581e+03 9.253355e+03 1.369008e+04  
4.278214e-02 3.724543e+03 6.755424e+03 9.096769e+03 1.345783e+04  
4.337850e-02 3.661907e+03 6.641877e+03 8.943714e+03 1.323085e+04  
4.398317e-02 3.600805e+03 6.531120e+03 8.794431e+03 1.300949e+04  
4.459628e-02 3.541342e+03 6.423341e+03 8.649170e+03 1.279413e+04  
4.521792e-02 3.483626e+03 6.318733e+03 8.508193e+03 1.258515e+04  
4.584824e-02 3.427771e+03 6.217501e+03 8.371772e+03 1.238296e+04  
4.648734e-02 3.373895e+03 6.119855e+03 8.240189e+03 1.218797e+04  
4.713535e-02 3.322100e+03 6.025976e+03 8.113687e+03 1.200055e+04  
4.779239e-02 3.272387e+03 5.935864e+03 7.992263e+03 1.182068e+04  
4.845859e-02 3.224721e+03 5.849453e+03 7.875829e+03 1.164824e+04  
4.913407e-02 3.179058e+03 5.766663e+03 7.764276e+03 1.148307e+04  
4.981898e-02 3.135345e+03 5.687398e+03 7.657473e+03 1.132497e+04  
5.051342e-02 3.093523e+03 5.611546e+03 7.555268e+03 1.117372e+04  
5.121755e-02 3.053521e+03 5.538979e+03 7.457491e+03 1.102907e+04  
5.193150e-02 3.015292e+03 5.469610e+03 7.364022e+03 1.089083e+04  
5.265540e-02 2.978800e+03 5.403374e+03 7.274774e+03 1.075888e+04  
5.338938e-02 2.944005e+03 5.340193e+03 7.189640e+03 1.063307e+04  
5.413360e-02 2.910857e+03 5.279977e+03 7.108497e+03 1.051321e+04  
5.488820e-02 2.879296e+03 5.222617e+03 7.031200e+03 1.039908e+04  
5.565331e-02 2.849257e+03 5.167991e+03 6.957584e+03 1.029045e+04  
5.642908e-02 2.820661e+03 5.115960e+03 6.887460e+03 1.018704e+04  
5.721568e-02 2.793424e+03 5.066364e+03 6.820614e+03 1.008852e+04  
5.801323e-02 2.767445e+03 5.019026e+03 6.756807e+03 9.994557e+03  
5.882190e-02 2.742617e+03 4.973748e+03 6.695774e+03 9.904746e+03  
5.964185e-02 2.718817e+03 4.930310e+03 6.637218e+03 9.818655e+03  
6.047322e-02 2.695908e+03 4.888463e+03 6.580804e+03 9.735789e+03  
6.131619e-02 2.673734e+03 4.847929e+03 6.526160e+03 9.655597e+03  
6.217090e-02 2.652125e+03 4.808400e+03 6.472874e+03 9.577471e+03  
6.303753e-02 2.630895e+03 4.769544e+03 6.420498e+03 9.500750e+03  
6.391624e-02 2.609842e+03 4.730999e+03 6.368549e+03 9.424718e+03  
6.480720e-02 2.588782e+03 4.692438e+03 6.316589e+03 9.348727e+03  
6.571058e-02 2.567552e+03 4.653565e+03 6.264221e+03 9.272190e+03  
6.662655e-02 2.545970e+03 4.614062e+03 6.211019e+03 9.194475e+03  
6.755528e-02 2.523844e+03 4.573583e+03 6.156522e+03 9.114899e+03  
6.849697e-02 2.500972e+03 4.531774e+03 6.100255e+03 9.032755e+03  
6.945178e-02 2.477192e+03 4.488343e+03 6.041829e+03 8.947465e+03  
7.041990e-02 2.452344e+03 4.443012e+03 5.980871e+03 8.858474e+03  
7.140151e-02 2.426259e+03 4.395482e+03 5.916984e+03 8.765188e+03  
7.239681e-02 2.398758e+03 4.345438e+03 5.849745e+03 8.666977e+03  
7.340598e-02 2.369705e+03 4.292642e+03 5.778839e+03 8.563367e+03  
7.442922e-02 2.339012e+03 4.236943e+03 5.704063e+03 8.454053e+03  
7.546673e-02 2.306589e+03 4.178185e+03 5.625211e+03 8.338722e+03  
7.651869e-02 2.272344e+03 4.116208e+03 5.542069e+03 8.217052e+03  
7.758532e-02 2.236227e+03 4.050932e+03 5.454533e+03 8.088878e+03  
7.866682e-02 2.198262e+03 3.982402e+03 5.362663e+03 7.954285e+03  
7.976339e-02 2.158481e+03 3.910681e+03 5.266544e+03 7.813394e+03  
8.087525e-02 2.116923e+03 3.835844e+03 5.166279e+03 7.666351e+03  
8.200261e-02 2.073674e+03 3.758046e+03 5.062076e+03 7.513459e+03  
8.314568e-02 2.028870e+03 3.677533e+03 4.954265e+03 7.355206e+03  
8.430468e-02 1.982663e+03 3.594581e+03 4.843216e+03 7.192135e+03  
8.547985e-02 1.935223e+03 3.509493e+03 4.729335e+03 7.024848e+03  
8.667139e-02 1.886751e+03 3.422626e+03 4.613101e+03 6.854056e+03  
8.787954e-02 1.837471e+03 3.334382e+03 4.495051e+03 6.680556e+03  
8.910453e-02 1.787630e+03 3.245198e+03 4.375770e+03 6.505216e+03  
9.034660e-02 1.737488e+03 3.155536e+03 4.255876e+03 6.328956e+03  
9.160598e-02 1.687314e+03 3.065874e+03 4.136007e+03 6.152726e+03  
9.288292e-02 1.637400e+03 2.976723e+03 4.016849e+03 5.977547e+03  
9.417766e-02 1.588059e+03 2.888639e+03 3.899142e+03 5.804520e+03  
9.549045e-02 1.539609e+03 2.802183e+03 3.783634e+03 5.634759e+03  
9.682153e-02 1.492329e+03 2.717845e+03 3.670981e+03 5.469240e+03  
9.817117e-02 1.446507e+03 2.636128e+03 3.561852e+03 5.308960e+03  
9.953962e-02 1.402448e+03 2.557572e+03 3.456967e+03 5.154986e+03  
1.009272e-01 1.360438e+03 2.482676e+03 3.356991e+03 5.008309e+03  
1.023340e-01 1.320668e+03 2.411772e+03 3.262362e+03 4.869580e+03  
1.037605e-01 1.283319e+03 2.345175e+03 3.173501e+03 4.739423e+03  
1.052069e-01 1.248581e+03 2.283214e+03 3.090845e+03 4.618485e+03  
1.066734e-01 1.216570e+03 2.226088e+03 3.014654e+03 4.507155e+03  
1.081604e-01 1.187300e+03 2.173817e+03 2.944953e+03 4.405467e+03  
1.096681e-01 1.160773e+03 2.126397e+03 2.881735e+03 4.313413e+03  
1.111968e-01 1.136971e+03 2.083791e+03 2.824947e+03 4.230918e+03  
1.127468e-01 1.115788e+03 2.045805e+03 2.774328e+03 4.157594e+03  
1.143184e-01 1.097071e+03 2.012164e+03 2.729507e+03 4.092897e+03  
1.159120e-01 1.080647e+03 1.982557e+03 2.690072e+03 4.036217e+03  
1.175277e-01 1.066304e+03 1.956607e+03 2.655517e+03 3.986809e+03  
1.191660e-01 1.053788e+03 1.933862e+03 2.625239e+03 3.943782e+03  
1.208271e-01 1.042817e+03 1.913824e+03 2.598573e+03 3.906154e+03  
1.225114e-01 1.033085e+03 1.895952e+03 2.574797e+03 3.872857e+03  
1.242191e-01 1.024261e+03 1.879663e+03 2.553136e+03 3.842736e+03  
1.259506e-01 1.015984e+03 1.864324e+03 2.532744e+03 3.814538e+03  
1.277063e-01 1.007877e+03 1.849276e+03 2.512746e+03 3.786954e+03  
1.294865e-01 9.995744e+02 1.833882e+03 2.492290e+03 3.758709e+03  
1.312915e-01 9.906853e+02 1.817461e+03 2.470473e+03 3.728444e+03  
1.331216e-01 9.808376e+02 1.799370e+03 2.446432e+03 3.694861e+03  
1.349772e-01 9.697416e+02 1.779108e+03 2.419504e+03 3.656949e+03  
1.368587e-01 9.571030e+02 1.756169e+03 2.389011e+03 3.613681e+03  
1.387665e-01 9.427020e+02 1.730177e+03 2.354452e+03 3.564288e+03  
1.407008e-01 9.264469e+02 1.700980e+03 2.315625e+03 3.508448e+03  
1.426621e-01 9.082619e+02 1.668453e+03 2.272363e+03 3.445899e+03  
1.446507e-01 8.881889e+02 1.632676e+03 2.224771e+03 3.376787e+03  
1.466671e-01 8.663674e+02 1.593897e+03 2.173183e+03 3.301606e+03  
1.487115e-01 8.429729e+02 1.552426e+03 2.118010e+03 3.220974e+03  
1.507845e-01 8.182820e+02 1.508746e+03 2.059901e+03 3.135866e+03  
1.528864e-01 7.926203e+02 1.463424e+03 1.999611e+03 3.047424e+03  
1.550175e-01 7.663601e+02 1.417107e+03 1.938006e+03 2.956955e+03  
1.571784e-01 7.399280e+02 1.370535e+03 1.876070e+03 2.865948e+03  
1.593694e-01 7.137758e+02 1.324488e+03 1.814844e+03 2.775974e+03  
1.615909e-01 6.883390e+02 1.279719e+03 1.755329e+03 2.688541e+03  
1.638434e-01 6.640657e+02 1.236998e+03 1.698552e+03 2.605193e+03  
1.661273e-01 6.413258e+02 1.196962e+03 1.645354e+03 2.527193e+03  
1.684430e-01 6.204245e+02 1.160132e+03 1.596429e+03 2.455577e+03  
1.707910e-01 6.015957e+02 1.126907e+03 1.552301e+03 2.391130e+03  
1.731717e-01 5.849276e+02 1.097433e+03 1.513163e+03 2.334134e+03  
1.755856e-01 5.704571e+02 1.071768e+03 1.479086e+03 2.284695e+03  
1.780332e-01 5.580915e+02 1.049743e+03 1.449847e+03 2.242478e+03  
1.805149e-01 5.476874e+02 1.031107e+03 1.425107e+03 2.206980e+03  
1.830312e-01 5.390246e+02 1.015474e+03 1.404354e+03 2.177436e+03  
1.855825e-01 5.318346e+02 1.002376e+03 1.386967e+03 2.152922e+03  
1.881694e-01 5.257855e+02 9.912395e+02 1.372182e+03 2.132301e+03  
1.907924e-01 5.204974e+02 9.814083e+02 1.359130e+03 2.114272e+03  
1.934520e-01 5.155537e+02 9.721669e+02 1.346861e+03 2.097408e+03  
1.961486e-01 5.105088e+02 9.627525e+02 1.334362e+03 2.080183e+03  
1.988828e-01 5.049489e+02 9.524587e+02 1.320692e+03 2.061176e+03  
2.016551e-01 4.984830e+02 9.406206e+02 1.304970e+03 2.039043e+03  
2.044661e-01 4.908393e+02 9.267788e+02 1.286583e+03 2.012850e+03  
2.073162e-01 4.818258e+02 9.106113e+02 1.265102e+03 1.981937e+03  
2.102061e-01 4.714169e+02 8.920805e+02 1.240479e+03 1.946224e+03  
2.131362e-01 4.596827e+02 8.713108e+02 1.212879e+03 1.905958e+03  
2.161073e-01 4.468224e+02 8.486471e+02 1.182762e+03 1.861839e+03  
2.191197e-01 4.331143e+02 8.245663e+02 1.150765e+03 1.814835e+03  
2.221741e-01 4.189225e+02 7.996903e+02 1.117716e+03 1.766206e+03  
2.252711e-01 4.046384e+02 7.746854e+02 1.084501e+03 1.717299e+03  
2.284112e-01 3.906675e+02 7.502403e+02 1.052034e+03 1.669499e+03  
2.315951e-01 3.773844e+02 7.269887e+02 1.021155e+03 1.624074e+03  
2.348235e-01 3.651184e+02 7.054861e+02 9.925985e+02 1.582126e+03  
2.380968e-01 3.541044e+02 6.861262e+02 9.668827e+02 1.544432e+03  
2.414157e-01 3.444796e+02 6.691367e+02 9.443058e+02 1.511431e+03  
2.447809e-01 3.362808e+02 6.545742e+02 9.249393e+02 1.483228e+03  
2.481930e-01 3.294262e+02 6.422946e+02 9.085903e+02 1.459528e+03  
2.516527e-01 3.237367e+02 6.319904e+02 8.948505e+02 1.439718e+03  
2.551606e-01 3.189381e+02 6.231944e+02 8.831011e+02 1.422870e+03  
2.587174e-01 3.146853e+02 6.153220e+02 8.725691e+02 1.407824e+03  
2.623238e-01 3.106072e+02 6.077468e+02 8.624262e+02 1.393335e+03  
2.659804e-01 3.063446e+02 5.998650e+02 8.518738e+02 1.378199e+03  
2.696881e-01 3.016095e+02 5.911944e+02 8.402746e+02 1.361455e+03  
2.734474e-01 2.961997e+02 5.813987e+02 8.271838e+02 1.342429e+03  
2.772591e-01 2.900125e+02 5.703092e+02 8.123793e+02 1.320786e+03  
2.811239e-01 2.830565e+02 5.579445e+02 7.958873e+02 1.296567e+03  
2.850426e-01 2.754455e+02 5.444986e+02 7.779662e+02 1.270167e+03  
2.890160e-01 2.673876e+02 5.303228e+02 7.590825e+02 1.242296e+03  
2.930447e-01 2.591675e+02 5.158944e+02 7.398680e+02 1.213909e+03  
2.971296e-01 2.511053e+02 5.017484e+02 7.210293e+02 1.186073e+03  
3.012714e-01 2.434878e+02 4.883617e+02 7.031946e+02 1.159729e+03  
3.054710e-01 2.365315e+02 4.760925e+02 6.868339e+02 1.135578e+03  
3.097291e-01 2.303622e+02 4.651468e+02 6.722157e+02 1.114016e+03  
3.140465e-01 2.250067e+02 4.555651e+02 6.593905e+02 1.095112e+03  
3.184242e-01 2.204015e+02 4.472380e+02 6.482123e+02 1.078644e+03  
3.228628e-01 2.163973e+02 4.399144e+02 6.383495e+02 1.064113e+03  
3.273634e-01 2.127768e+02 4.332318e+02 6.293251e+02 1.050806e+03  
3.319266e-01 2.092886e+02 4.267728e+02 6.205902e+02 1.037904e+03  
3.365535e-01 2.056939e+02 4.201431e+02 6.116276e+02 1.024637e+03  
3.412449e-01 2.018159e+02 4.130520e+02 6.020563e+02 1.010437e+03  
3.460016e-01 1.975614e+02 4.053481e+02 5.916786e+02 9.950128e+02  
3.508247e-01 1.929269e+02 3.970281e+02 5.804922e+02 9.783644e+02  
3.557150e-01 1.879975e+02 3.882345e+02 5.686854e+02 9.607776e+02  
3.606735e-01 1.829274e+02 3.792222e+02 5.565937e+02 9.427559e+02  
3.657011e-01 1.779043e+02 3.702999e+02 5.446218e+02 9.249025e+02  
3.707988e-01 1.731122e+02 3.617686e+02 5.331629e+02 9.077998e+02  
3.759675e-01 1.686851e+02 3.538460e+02 5.225002e+02 8.918634e+02  
3.812083e-01 1.646890e+02 3.466375e+02 5.127694e+02 8.772893e+02  
3.865221e-01 1.611212e+02 3.401363e+02 5.039597e+02 8.640565e+02  
3.919100e-01 1.579127e+02 3.342273e+02 4.959196e+02 8.519384e+02  
3.973730e-01 1.549346e+02 3.286991e+02 4.883728e+02 8.405268e+02  
4.029122e-01 1.520313e+02 3.232980e+02 4.809892e+02 8.293365e+02  
4.085286e-01 1.490694e+02 3.178077e+02 4.734878e+02 8.179567e+02  
4.142232e-01 1.459716e+02 3.121041e+02 4.657082e+02 8.061550e+02  
4.199973e-01 1.427194e+02 3.061583e+02 4.576141e+02 7.938819e+02  
4.258518e-01 1.393461e+02 3.000259e+02 4.492786e+02 7.812480e+02  
4.317880e-01 1.359343e+02 2.938407e+02 4.408763e+02 7.685101e+02  
4.378069e-01 1.325907e+02 2.877750e+02 4.326303e+02 7.559942e+02  
4.439097e-01 1.294189e+02 2.819945e+02 4.247542e+02 7.440087e+02  
4.500975e-01 1.264706e+02 2.765807e+02 4.173524e+02 7.327020e+02  
4.563716e-01 1.237470e+02 2.715342e+02 4.104243e+02 7.220700e+02  
4.627332e-01 1.212149e+02 2.668003e+02 4.038984e+02 7.120070e+02  
4.691835e-01 1.188095e+02 2.622746e+02 3.976397e+02 7.023174e+02  
4.757236e-01 1.164443e+02 2.578190e+02 3.914705e+02 6.927463e+02  
4.823549e-01 1.140536e+02 2.533289e+02 3.852571e+02 6.831038e+02  
4.890787e-01 1.116162e+02 2.487716e+02 3.789582e+02 6.733329e+02  
4.958962e-01 1.091475e+02 2.441719e+02 3.726062e+02 6.634822e+02  
5.028087e-01 1.066809e+02 2.395832e+02 3.662701e+02 6.536512e+02  
5.098176e-01 1.042736e+02 2.350958e+02 3.600651e+02 6.440032e+02  
5.169242e-01 1.019745e+02 2.307863e+02 3.540883e+02 6.346746e+02  
5.241298e-01 9.979910e+01 2.266778e+02 3.483686e+02 6.257042e+02  
5.314359e-01 9.773910e+01 2.227567e+02 3.428880e+02 6.170647e+02  
5.388438e-01 9.576550e+01 2.189768e+02 3.375873e+02 6.086722e+02  
5.463550e-01 9.383573e+01 2.152712e+02 3.323818e+02 6.004084e+02  
5.539709e-01 9.191683e+01 2.115888e+02 3.272067e+02 5.921840e+02  
5.616930e-01 9.000076e+01 2.079172e+02 3.220468e+02 5.839792e+02  
5.695227e-01 8.809437e+01 2.042673e+02 3.169163e+02 5.758145e+02  
5.774615e-01 8.621881e+01 2.006718e+02 3.118565e+02 5.677472e+02  
5.855110e-01 8.440074e+01 1.971717e+02 3.069186e+02 5.598471e+02  
5.936727e-01 8.265522e+01 1.937896e+02 3.021307e+02 5.521516e+02  
6.019482e-01 8.097685e+01 1.905168e+02 2.974813e+02 5.446440e+02  
6.103390e-01 7.935543e+01 1.873371e+02 2.929501e+02 5.372962e+02  
6.188468e-01 7.777057e+01 1.842193e+02 2.884978e+02 5.300550e+02  
6.274732e-01 7.620590e+01 1.811382e+02 2.840936e+02 5.228795e+02  
6.362198e-01 7.466209e+01 1.780951e+02 2.797388e+02 5.157720e+02  
6.450884e-01 7.314317e+01 1.750959e+02 2.754411e+02 5.087430e+02  
6.540806e-01 7.165947e+01 1.721562e+02 2.712195e+02 5.018176e+02  
6.631981e-01 7.022393e+01 1.692951e+02 2.670976e+02 4.950260e+02  
6.724427e-01 6.883209e+01 1.665056e+02 2.630663e+02 4.883562e+02  
6.818162e-01 6.747710e+01 1.637773e+02 2.591126e+02 4.817907e+02  
6.913204e-01 6.615346e+01 1.611016e+02 2.552263e+02 4.753160e+02  
7.009570e-01 6.485540e+01 1.584700e+02 2.513967e+02 4.689185e+02  
7.107280e-01 6.358129e+01 1.558800e+02 2.476208e+02 4.625944e+02  
7.206351e-01 6.233384e+01 1.533354e+02 2.439033e+02 4.563498e+02  
7.306804e-01 6.111609e+01 1.508406e+02 2.402493e+02 4.501909e+02  
7.408657e-01 5.993048e+01 1.483990e+02 2.366628e+02 4.441225e+02  
7.511929e-01 5.877557e+01 1.460081e+02 2.331409e+02 4.381404e+02  
7.616642e-01 5.764840e+01 1.436637e+02 2.296781e+02 4.322378e+02  
7.722814e-01 5.654575e+01 1.413607e+02 2.262685e+02 4.264073e+02  
7.830465e-01 5.546559e+01 1.390963e+02 2.229085e+02 4.206445e+02  
7.939618e-01 5.440832e+01 1.368709e+02 2.195987e+02 4.149498e+02  
8.050292e-01 5.337459e+01 1.346852e+02 2.163399e+02 4.093244e+02  
8.162509e-01 5.236495e+01 1.325399e+02 2.131328e+02 4.037686e+02  
8.276289e-01 5.137895e+01 1.304343e+02 2.099764e+02 3.982813e+02  
8.391656e-01 5.041548e+01 1.283666e+02 2.068685e+02 3.928596e+02  
8.508632e-01 4.947325e+01 1.263349e+02 2.038070e+02 3.875008e+02  
8.627237e-01 4.855113e+01 1.243374e+02 2.007896e+02 3.822024e+02  
8.747496e-01 4.764879e+01 1.223736e+02 1.978158e+02 3.769634e+02  
8.869432e-01 4.676603e+01 1.204432e+02 1.948849e+02 3.717833e+02  
8.993067e-01 4.590257e+01 1.185455e+02 1.919964e+02 3.666610e+02  
9.118425e-01 4.505803e+01 1.166800e+02 1.891495e+02 3.615956e+02  
9.245531e-01 4.423188e+01 1.148458e+02 1.863430e+02 3.565857e+02  
9.374409e-01 4.342354e+01 1.130420e+02 1.835760e+02 3.516302e+02  
9.505083e-01 4.263235e+01 1.112677e+02 1.808473e+02 3.467275e+02  
9.637579e-01 4.185789e+01 1.095220e+02 1.781560e+02 3.418767e+02  
9.771921e-01 4.109975e+01 1.078045e+02 1.755014e+02 3.370769e+02  
9.908137e-01 4.035749e+01 1.061144e+02 1.728826e+02 3.323271e+02  
1.004625e+00 3.963067e+01 1.044510e+02 1.702988e+02 3.276263e+02  
1.018629e+00 3.891895e+01 1.028137e+02 1.677495e+02 3.229738e+02  
1.032828e+00 3.822194e+01 1.012021e+02 1.652338e+02 3.183688e+02  
1.047225e+00 3.753923e+01 9.961532e+01 1.627510e+02 3.138104e+02  
1.061823e+00 3.687045e+01 9.805295e+01 1.603005e+02 3.092979e+02  
1.076624e+00 3.621527e+01 9.651443e+01 1.578816e+02 3.048306e+02  
1.091632e+00 3.557330e+01 9.499919e+01 1.554938e+02 3.004077e+02  
1.106848e+00 3.494416e+01 9.350664e+01 1.531362e+02 2.960287e+02  
1.122277e+00 3.432755e+01 9.203633e+01 1.508085e+02 2.916928e+02  
1.137921e+00 3.372317e+01 9.058780e+01 1.485101e+02 2.873997e+02  
1.153783e+00 3.313068e+01 8.916054e+01 1.462403e+02 2.831485e+02  
1.169866e+00 3.254976e+01 8.775409e+01 1.439988e+02 2.789390e+02  
1.186174e+00 3.198017e+01 8.636806e+01 1.417849e+02 2.747705e+02  
1.202708e+00 3.142162e+01 8.500203e+01 1.395984e+02 2.706427e+02  
1.219473e+00 3.087381e+01 8.365556e+01 1.374386e+02 2.665550e+02  
1.236472e+00 3.033647e+01 8.232827e+01 1.353052e+02 2.625070e+02  
1.253708e+00 2.980937e+01 8.101979e+01 1.331977e+02 2.584985e+02  
1.271184e+00 2.929222e+01 7.972973e+01 1.311157e+02 2.545289e+02  
1.288904e+00 2.878476e+01 7.845769e+01 1.290588e+02 2.505980e+02  
1.306870e+00 2.828676e+01 7.720335e+01 1.270267e+02 2.467054e+02  
1.325087e+00 2.779800e+01 7.596640e+01 1.250190e+02 2.428508e+02  
1.343558e+00 2.731822e+01 7.474647e+01 1.230352e+02 2.390339e+02  
1.362287e+00 2.684721e+01 7.354325e+01 1.210752e+02 2.352544e+02  
1.381276e+00 2.638478e+01 7.235648e+01 1.191385e+02 2.315122e+02  
1.400531e+00 2.593072e+01 7.118586e+01 1.172249e+02 2.278070e+02  
1.420053e+00 2.548480e+01 7.003108e+01 1.153340e+02 2.241386e+02  
1.439848e+00 2.504687e+01 6.889190e+01 1.134656e+02 2.205067e+02  
1.459919e+00 2.461672e+01 6.776806e+01 1.116195e+02 2.169112e+02  
1.480269e+00 2.419418e+01 6.665929e+01 1.097953e+02 2.133520e+02  
1.500903e+00 2.377904e+01 6.556533e+01 1.079927e+02 2.098288e+02  
1.521825e+00 2.337114e+01 6.448597e+01 1.062116e+02 2.063416e+02  
1.543038e+00 2.297033e+01 6.342097e+01 1.044518e+02 2.028902e+02  
1.564548e+00 2.257639e+01 6.237008e+01 1.027128e+02 1.994744e+02  
1.586357e+00 2.218920e+01 6.133310e+01 1.009947e+02 1.960942e+02  
1.608469e+00 2.180863e+01 6.030985e+01 9.929704e+01 1.927495e+02  
1.630891e+00 2.143451e+01 5.930013e+01 9.761978e+01 1.894402e+02  
1.653624e+00 2.106671e+01 5.830374e+01 9.596268e+01 1.861662e+02  
1.676675e+00 2.070510e+01 5.732050e+01 9.432555e+01 1.829274e+02  
1.700047e+00 2.034952e+01 5.635023e+01 9.270821e+01 1.797238e+02  
1.723745e+00 1.999984e+01 5.539272e+01 9.111046e+01 1.765554e+02  
1.747773e+00 1.965591e+01 5.444782e+01 8.953214e+01 1.734220e+02  
1.772136e+00 1.931763e+01 5.351537e+01 8.797308e+01 1.703236e+02  
1.796838e+00 1.898489e+01 5.259521e+01 8.643314e+01 1.672602e+02  
1.821885e+00 1.865756e+01 5.168719e+01 8.491215e+01 1.642318e+02  
1.847281e+00 1.833553e+01 5.079116e+01 8.340998e+01 1.612383e+02  
1.873032e+00 1.801871e+01 4.990698e+01 8.192646e+01 1.582797e+02  
1.899141e+00 1.770696e+01 4.903451e+01 8.046147e+01 1.553559e+02  
1.925614e+00 1.740019e+01 4.817359e+01 7.901485e+01 1.524670e+02  
1.952456e+00 1.709831e+01 4.732412e+01 7.758648e+01 1.496129e+02  
1.979672e+00 1.680121e+01 4.648595e+01 7.617624e+01 1.467936e+02  
2.007267e+00 1.650881e+01 4.565897e+01 7.478398e+01 1.440090e+02  
2.035248e+00 1.622100e+01 4.484306e+01 7.340959e+01 1.412593e+02  
2.063618e+00 1.593772e+01 4.403809e+01 7.205296e+01 1.385442e+02  
2.092383e+00 1.565887e+01 4.324396e+01 7.071395e+01 1.358638e+02  
2.121550e+00 1.538435e+01 4.246054e+01 6.939244e+01 1.332182e+02  
2.151123e+00 1.511409e+01 4.168773e+01 6.808834e+01 1.306071e+02  
2.181109e+00 1.484802e+01 4.092542e+01 6.680152e+01 1.280307e+02  
2.211512e+00 1.458606e+01 4.017351e+01 6.553188e+01 1.254888e+02  
2.242340e+00 1.432814e+01 3.943190e+01 6.427930e+01 1.229814e+02  
2.273597e+00 1.407418e+01 3.870049e+01 6.304369e+01 1.205085e+02  
2.305289e+00 1.382412e+01 3.797917e+01 6.182493e+01 1.180701e+02  
2.337424e+00 1.357788e+01 3.726786e+01 6.062292e+01 1.156659e+02  
2.370006e+00 1.333541e+01 3.656647e+01 5.943755e+01 1.132961e+02  
2.403043e+00 1.309663e+01 3.587489e+01 5.826874e+01 1.109605e+02  
2.436540e+00 1.286150e+01 3.519304e+01 5.711636e+01 1.086591e+02  
2.470504e+00 1.262994e+01 3.452083e+01 5.598032e+01 1.063916e+02  
2.504942e+00 1.240189e+01 3.385817e+01 5.486053e+01 1.041582e+02  
2.539859e+00 1.217731e+01 3.320497e+01 5.375687e+01 1.019585e+02  
2.575263e+00 1.195613e+01 3.256116e+01 5.266926e+01 9.979263e+01  
2.611161e+00 1.173831e+01 3.192665e+01 5.159759e+01 9.766033e+01  
2.647559e+00 1.152379e+01 3.130135e+01 5.054176e+01 9.556152e+01  
2.684465e+00 1.131251e+01 3.068519e+01 4.950168e+01 9.349603e+01  
2.721885e+00 1.110444e+01 3.007808e+01 4.847724e+01 9.146373e+01  
2.759826e+00 1.089952e+01 2.947994e+01 4.746832e+01 8.946446e+01  
2.798297e+00 1.069771e+01 2.889070e+01 4.647488e+01 8.749804e+01  
2.837304e+00 1.049897e+01 2.831029e+01 4.549677e+01 8.556429e+01  
2.876854e+00 1.030324e+01 2.773861e+01 4.453390e+01 8.366303e+01  
2.916956e+00 1.011048e+01 2.717559e+01 4.358616e+01 8.179406e+01  
2.957617e+00 9.920664e+00 2.662117e+01 4.265346e+01 7.995717e+01  
2.998844e+00 9.733733e+00 2.607526e+01 4.173569e+01 7.815215e+01  
3.040646e+00 9.549651e+00 2.553778e+01 4.083275e+01 7.637876e+01  
3.083031e+00 9.368384e+00 2.500867e+01 3.994453e+01 7.463678e+01  
3.126007e+00 9.189892e+00 2.448785e+01 3.907092e+01 7.292597e+01  
3.169582e+00 9.014137e+00 2.397525e+01 3.821181e+01 7.124606e+01  
3.213764e+00 8.841085e+00 2.347080e+01 3.736710e+01 6.959681e+01  
3.258562e+00 8.670699e+00 2.297441e+01 3.653667e+01 6.797793e+01  
3.303985e+00 8.502945e+00 2.248602e+01 3.572041e+01 6.638916e+01  
3.350041e+00 8.337787e+00 2.200556e+01 3.491821e+01 6.483022e+01  
3.396739e+00 8.175194e+00 2.153295e+01 3.412994e+01 6.330081e+01  
3.444087e+00 8.015133e+00 2.106812e+01 3.335550e+01 6.180063e+01  
3.492096e+00 7.857570e+00 2.061101e+01 3.259476e+01 6.032939e+01  
3.540774e+00 7.702476e+00 2.016153e+01 3.184761e+01 5.888676e+01  
3.590130e+00 7.549821e+00 1.971962e+01 3.111391e+01 5.747245e+01  
3.640175e+00 7.399574e+00 1.928520e+01 3.039355e+01 5.608612e+01  
3.690917e+00 7.251705e+00 1.885821e+01 2.968640e+01 5.472745e+01  
3.742366e+00 7.106186e+00 1.843857e+01 2.899233e+01 5.339611e+01  
3.794533e+00 6.962989e+00 1.802621e+01 2.831121e+01 5.209176e+01  
3.847427e+00 6.822084e+00 1.762106e+01 2.764291e+01 5.081407e+01  
3.901058e+00 6.683445e+00 1.722305e+01 2.698730e+01 4.956269e+01  
3.955436e+00 6.547044e+00 1.683210e+01 2.634425e+01 4.833728e+01  
4.010573e+00 6.412855e+00 1.644815e+01 2.571361e+01 4.713748e+01  
4.066478e+00 6.280850e+00 1.607111e+01 2.509525e+01 4.596295e+01  
4.123163e+00 6.151005e+00 1.570093e+01 2.448902e+01 4.481333e+01  
4.180637e+00 6.023293e+00 1.533753e+01 2.389480e+01 4.368827e+01  
4.238913e+00 5.897689e+00 1.498083e+01 2.331243e+01 4.258740e+01  
4.298001e+00 5.774169e+00 1.463076e+01 2.274178e+01 4.151038e+01  
4.357913e+00 5.652707e+00 1.428725e+01 2.218269e+01 4.045683e+01  
4.418660e+00 5.533280e+00 1.395022e+01 2.163503e+01 3.942641e+01  
4.480254e+00 5.415862e+00 1.361961e+01 2.109863e+01 3.841874e+01  
4.542706e+00 5.300431e+00 1.329534e+01 2.057337e+01 3.743346e+01  
4.606029e+00 5.186962e+00 1.297734e+01 2.005908e+01 3.647022e+01  
4.670234e+00 5.075433e+00 1.266552e+01 1.955561e+01 3.552866e+01  
4.735335e+00 4.965819e+00 1.235983e+01 1.906283e+01 3.460841e+01  
4.801343e+00 4.858098e+00 1.206017e+01 1.858056e+01 3.370911e+01  
4.868271e+00 4.752248e+00 1.176649e+01 1.810867e+01 3.283041e+01  
4.936132e+00 4.648245e+00 1.147869e+01 1.764700e+01 3.197195e+01  
5.004939e+00 4.546068e+00 1.119671e+01 1.719539e+01 3.113338e+01  
5.074705e+00 4.445694e+00 1.092048e+01 1.675370e+01 3.031433e+01  
5.145444e+00 4.347102e+00 1.064991e+01 1.632177e+01 2.951446e+01  
5.217169e+00 4.250269e+00 1.038493e+01 1.589944e+01 2.873342e+01  
5.289893e+00 4.155173e+00 1.012547e+01 1.548657e+01 2.797086e+01  
5.363631e+00 4.061795e+00 9.871447e+00 1.508301e+01 2.722644e+01  
5.438397e+00 3.970110e+00 9.622785e+00 1.468859e+01 2.649981e+01  
5.514206e+00 3.880100e+00 9.379408e+00 1.430316e+01 2.579063e+01  
5.591071e+00 3.791742e+00 9.141241e+00 1.392658e+01 2.509857e+01  
5.669007e+00 3.705016e+00 8.908207e+00 1.355869e+01 2.442329e+01  
5.748030e+00 3.619901e+00 8.680229e+00 1.319934e+01 2.376446e+01  
5.828155e+00 3.536376e+00 8.457231e+00 1.284839e+01 2.312176e+01  
5.909396e+00 3.454421e+00 8.239136e+00 1.250567e+01 2.249486e+01  
5.991770e+00 3.374015e+00 8.025869e+00 1.217105e+01 2.188344e+01  
6.075292e+00 3.295138e+00 7.817352e+00 1.184437e+01 2.128719e+01  
6.159978e+00 3.217770e+00 7.613509e+00 1.152549e+01 2.070578e+01  
6.245845e+00 3.141891e+00 7.414265e+00 1.121426e+01 2.013892e+01  
6.332908e+00 3.067481e+00 7.219544e+00 1.091054e+01 1.958630e+01  
6.421186e+00 2.994520e+00 7.029270e+00 1.061419e+01 1.904760e+01  
6.510694e+00 2.922989e+00 6.843367e+00 1.032505e+01 1.852255e+01  
6.601449e+00 2.852867e+00 6.661762e+00 1.004300e+01 1.801084e+01  
6.693470e+00 2.784136e+00 6.484378e+00 9.767883e+00 1.751218e+01  
6.786773e+00 2.716776e+00 6.311143e+00 9.499571e+00 1.702629e+01  
6.881377e+00 2.650769e+00 6.141982e+00 9.237925e+00 1.655289e+01  
6.977300e+00 2.586094e+00 5.976821e+00 8.982809e+00 1.609170e+01  
7.074559e+00 2.522733e+00 5.815588e+00 8.734088e+00 1.564244e+01  
7.173175e+00 2.460667e+00 5.658210e+00 8.491631e+00 1.520486e+01  
7.273165e+00 2.399877e+00 5.504615e+00 8.255307e+00 1.477868e+01  
7.374549e+00 2.340345e+00 5.354731e+00 8.024986e+00 1.436364e+01  
7.477346e+00 2.282052e+00 5.208489e+00 7.800541e+00 1.395950e+01  
7.581576e+00 2.224980e+00 5.065818e+00 7.581845e+00 1.356599e+01  
7.687260e+00 2.169110e+00 4.926647e+00 7.368775e+00 1.318287e+01  
7.794416e+00 2.114424e+00 4.790909e+00 7.161207e+00 1.280990e+01  
7.903066e+00 2.060905e+00 4.658535e+00 6.959022e+00 1.244684e+01  
8.013230e+00 2.008534e+00 4.529457e+00 6.762099e+00 1.209346e+01  
8.124930e+00 1.957293e+00 4.403608e+00 6.570322e+00 1.174952e+01  
8.238187e+00 1.907164e+00 4.280923e+00 6.383575e+00 1.141479e+01  
8.353023e+00 1.858131e+00 4.161336e+00 6.201744e+00 1.108907e+01  
8.469460e+00 1.810175e+00 4.044783e+00 6.024717e+00 1.077212e+01  
8.587519e+00 1.763279e+00 3.931199e+00 5.852383e+00 1.046375e+01  
8.707225e+00 1.717426e+00 3.820522e+00 5.684636e+00 1.016372e+01  
8.828599e+00 1.672599e+00 3.712689e+00 5.521367e+00 9.871856e+00  
8.951665e+00 1.628780e+00 3.607639e+00 5.362472e+00 9.587939e+00  
9.076446e+00 1.585953e+00 3.505312e+00 5.207848e+00 9.311776e+00  
9.202967e+00 1.544100e+00 3.405647e+00 5.057394e+00 9.043174e+00  
9.331251e+00 1.503206e+00 3.308587e+00 4.911010e+00 8.781945e+00  
9.461324e+00 1.463254e+00 3.214072e+00 4.768599e+00 8.527903e+00  
9.593209e+00 1.424226e+00 3.122047e+00 4.630064e+00 8.280868e+00  
9.726934e+00 1.386108e+00 3.032454e+00 4.495313e+00 8.040660e+00  
9.862522e+00 1.348882e+00 2.945238e+00 4.364252e+00 7.807108e+00  
1.000000e+01 1.312532e+00 2.860345e+00 4.236791e+00 7.580040e+00  
