1.000000e-02 5.082738e+03 9.216844e+03 1.240866e+04 1.833136e+04  
1.013939e-02 5.109947e+03 9.265986e+03 1.247463e+04 1.842837e+04  
1.028073e-02 5.136723e+03 9.314340e+03 1.253954e+04 1.852379e+04  
1.042404e-02 5.163050e+03 9.361873e+03 1.260333e+04 1.861755e+04  
1.056935e-02 5.188910e+03 9.408554e+03 1.266597e+04 1.870961e+04  
1.071668e-02 5.214285e+03 9.454352e+03 1.272742e+04 1.879990e+04  
1.086606e-02 5.239159e+03 9.499236e+03 1.278763e+04 1.888835e+04  
1.101753e-02 5.263514e+03 9.543173e+03 1.284657e+04 1.897490e+04  
1.117111e-02 5.287332e+03 9.586133e+03 1.290418e+04 1.905949e+04  
1.132683e-02 5.310596e+03 9.628083e+03 1.296043e+04 1.914206e+04  
1.148472e-02 5.333289e+03 9.668991e+03 1.301527e+04 1.922254e+04  
1.164481e-02 5.355393e+03 9.708826e+03 1.306867e+04 1.930087e+04  
1.180713e-02 5.376889e+03 9.747556e+03 1.312057e+04 1.937698e+04  
1.197171e-02 5.397762e+03 9.785150e+03 1.317093e+04 1.945082e+04  
1.213859e-02 5.417995e+03 9.821577e+03 1.321973e+04 1.952233e+04  
1.230780e-02 5.437569e+03 9.856806e+03 1.326690e+04 1.959143e+04  
1.247936e-02 5.456466e+03 9.890802e+03 1.331241e+04 1.965807e+04  
1.265332e-02 5.474666e+03 9.923529e+03 1.335621e+04 1.972217e+04  
1.282970e-02 5.492149e+03 9.954951e+03 1.339824e+04 1.978367e+04  
1.300854e-02 5.508896e+03 9.985033e+03 1.343847e+04 1.984248e+04  
1.318987e-02 5.524887e+03 1.001374e+04 1.347684e+04 1.989854e+04  
1.337373e-02 5.540103e+03 1.004104e+04 1.351331e+04 1.995179e+04  
1.356015e-02 5.554525e+03 1.006689e+04 1.354783e+04 2.000215e+04  
1.374917e-02 5.568135e+03 1.009126e+04 1.358036e+04 2.004956e+04  
1.394083e-02 5.580913e+03 1.011413e+04 1.361085e+04 2.009395e+04  
1.413516e-02 5.592842e+03 1.013544e+04 1.363925e+04 2.013525e+04  
1.433219e-02 5.603905e+03 1.015519e+04 1.366553e+04 2.017342e+04  
1.453198e-02 5.614084e+03 1.017332e+04 1.368965e+04 2.020837e+04  
1.473454e-02 5.623364e+03 1.018982e+04 1.371156e+04 2.024007e+04  
1.493993e-02 5.631727e+03 1.020466e+04 1.373122e+04 2.026844e+04  
1.514819e-02 5.639157e+03 1.021780e+04 1.374860e+04 2.029343e+04  
1.535935e-02 5.645636e+03 1.022921e+04 1.376364e+04 2.031497e+04  
1.557345e-02 5.651144e+03 1.023886e+04 1.377631e+04 2.033300e+04  
1.579053e-02 5.655665e+03 1.024671e+04 1.378656e+04 2.034745e+04  
1.601064e-02 5.659182e+03 1.025274e+04 1.379436e+04 2.035827e+04  
1.623382e-02 5.661678e+03 1.025691e+04 1.379965e+04 2.036540e+04  
1.646012e-02 5.663140e+03 1.025921e+04 1.380242e+04 2.036879e+04  
1.668956e-02 5.663551e+03 1.025960e+04 1.380261e+04 2.036838e+04  
1.692220e-02 5.662897e+03 1.025805e+04 1.380019e+04 2.036411e+04  
1.715809e-02 5.661162e+03 1.025454e+04 1.379514e+04 2.035595e+04  
1.739726e-02 5.658333e+03 1.024905e+04 1.378740e+04 2.034383e+04  
1.763977e-02 5.654397e+03 1.024155e+04 1.377697e+04 2.032771e+04  
1.788566e-02 5.649344e+03 1.023201e+04 1.376380e+04 2.030756e+04  
1.813498e-02 5.643163e+03 1.022044e+04 1.374787e+04 2.028335e+04  
1.838777e-02 5.635845e+03 1.020680e+04 1.372917e+04 2.025503e+04  
1.864409e-02 5.627379e+03 1.019107e+04 1.370766e+04 2.022258e+04  
1.890397e-02 5.617756e+03 1.017325e+04 1.368333e+04 2.018595e+04  
1.916748e-02 5.606965e+03 1.015331e+04 1.365615e+04 2.014512e+04  
1.943467e-02 5.595002e+03 1.013125e+04 1.362610e+04 2.010006e+04  
1.970558e-02 5.581861e+03 1.010705e+04 1.359318e+04 2.005077e+04  
1.998026e-02 5.567538e+03 1.008070e+04 1.355738e+04 1.999722e+04  
2.025878e-02 5.552033e+03 1.005222e+04 1.351870e+04 1.993942e+04  
2.054117e-02 5.535341e+03 1.002158e+04 1.347712e+04 1.987735e+04  
2.082751e-02 5.517461e+03 9.988792e+03 1.343264e+04 1.981101e+04  
2.111783e-02 5.498393e+03 9.953851e+03 1.338527e+04 1.974041e+04  
2.141220e-02 5.478140e+03 9.916763e+03 1.333501e+04 1.966555e+04  
2.171068e-02 5.456706e+03 9.877537e+03 1.328188e+04 1.958645e+04  
2.201331e-02 5.434099e+03 9.836188e+03 1.322589e+04 1.950314e+04  
2.232016e-02 5.410330e+03 9.792734e+03 1.316707e+04 1.941566e+04  
2.263130e-02 5.385404e+03 9.747187e+03 1.310544e+04 1.932404e+04  
2.294676e-02 5.359327e+03 9.699558e+03 1.304100e+04 1.922829e+04  
2.326663e-02 5.332110e+03 9.649866e+03 1.297380e+04 1.912846e+04  
2.359095e-02 5.303764e+03 9.598132e+03 1.290385e+04 1.902459e+04  
2.391980e-02 5.274305e+03 9.544385e+03 1.283119e+04 1.891673e+04  
2.425323e-02 5.243750e+03 9.488658e+03 1.275588e+04 1.880496e+04  
2.459130e-02 5.212122e+03 9.430991e+03 1.267795e+04 1.868936e+04  
2.493409e-02 5.179441e+03 9.371420e+03 1.259747e+04 1.856999e+04  
2.528166e-02 5.145726e+03 9.309983e+03 1.251449e+04 1.844693e+04  
2.563407e-02 5.111001e+03 9.246723e+03 1.242905e+04 1.832027e+04  
2.599140e-02 5.075293e+03 9.181689e+03 1.234124e+04 1.819011e+04  
2.635371e-02 5.038634e+03 9.114938e+03 1.225112e+04 1.805656e+04  
2.672106e-02 5.001059e+03 9.046535e+03 1.215878e+04 1.791976e+04  
2.709354e-02 4.962607e+03 8.976551e+03 1.206432e+04 1.777983e+04  
2.747121e-02 4.923314e+03 8.905052e+03 1.196783e+04 1.763693e+04  
2.785414e-02 4.883211e+03 8.832094e+03 1.186939e+04 1.749115e+04  
2.824241e-02 4.842333e+03 8.757741e+03 1.176907e+04 1.734262e+04  
2.863610e-02 4.800719e+03 8.682063e+03 1.166698e+04 1.719149e+04  
2.903527e-02 4.758411e+03 8.605138e+03 1.156321e+04 1.703791e+04  
2.944000e-02 4.715457e+03 8.527051e+03 1.145790e+04 1.688205e+04  
2.985038e-02 4.671908e+03 8.447898e+03 1.135115e+04 1.672410e+04  
3.026648e-02 4.627815e+03 8.367769e+03 1.124310e+04 1.656424e+04  
3.068838e-02 4.583220e+03 8.286741e+03 1.113385e+04 1.640263e+04  
3.111616e-02 4.538167e+03 8.204895e+03 1.102351e+04 1.623942e+04  
3.154990e-02 4.492706e+03 8.122320e+03 1.091219e+04 1.607479e+04  
3.198969e-02 4.446890e+03 8.039113e+03 1.080003e+04 1.590894e+04  
3.243561e-02 4.400777e+03 7.955378e+03 1.068717e+04 1.574207e+04  
3.288774e-02 4.354429e+03 7.871230e+03 1.057377e+04 1.557442e+04  
3.334618e-02 4.307908e+03 7.786780e+03 1.045996e+04 1.540619e+04  
3.381101e-02 4.261264e+03 7.702117e+03 1.034588e+04 1.523758e+04  
3.428231e-02 4.214545e+03 7.617329e+03 1.023164e+04 1.506875e+04  
3.476019e-02 4.167803e+03 7.532512e+03 1.011737e+04 1.489989e+04  
3.524473e-02 4.121096e+03 7.447766e+03 1.000321e+04 1.473121e+04  
3.573602e-02 4.074482e+03 7.363201e+03 9.889293e+03 1.456293e+04  
3.623416e-02 4.028027e+03 7.278934e+03 9.775790e+03 1.439527e+04  
3.673925e-02 3.981796e+03 7.195082e+03 9.662855e+03 1.422847e+04  
3.725137e-02 3.935837e+03 7.111733e+03 9.550606e+03 1.406270e+04  
3.777064e-02 3.890196e+03 7.028970e+03 9.439153e+03 1.389813e+04  
3.829714e-02 3.844921e+03 6.946877e+03 9.328611e+03 1.373493e+04  
3.883098e-02 3.800060e+03 6.865544e+03 9.219101e+03 1.357328e+04  
3.937226e-02 3.755668e+03 6.785066e+03 9.110751e+03 1.341336e+04  
3.992109e-02 3.711798e+03 6.705543e+03 9.003693e+03 1.325537e+04  
4.047757e-02 3.668507e+03 6.627075e+03 8.898064e+03 1.309952e+04  
4.104181e-02 3.625830e+03 6.549723e+03 8.793945e+03 1.294592e+04  
4.161391e-02 3.583785e+03 6.473524e+03 8.691385e+03 1.279466e+04  
4.219398e-02 3.542394e+03 6.398514e+03 8.590433e+03 1.264579e+04  
4.278214e-02 3.501675e+03 6.324727e+03 8.491136e+03 1.249939e+04  
4.337850e-02 3.461649e+03 6.252198e+03 8.393540e+03 1.235554e+04  
4.398317e-02 3.422334e+03 6.180961e+03 8.297689e+03 1.221429e+04  
4.459628e-02 3.383747e+03 6.111047e+03 8.203628e+03 1.207572e+04  
4.521792e-02 3.345909e+03 6.042491e+03 8.111403e+03 1.193988e+04  
4.584824e-02 3.308841e+03 5.975331e+03 8.021063e+03 1.180687e+04  
4.648734e-02 3.272562e+03 5.909603e+03 7.932659e+03 1.167675e+04  
4.713535e-02 3.237093e+03 5.845342e+03 7.846237e+03 1.154959e+04  
4.779239e-02 3.202454e+03 5.782582e+03 7.761843e+03 1.142547e+04  
4.845859e-02 3.168662e+03 5.721357e+03 7.679522e+03 1.130444e+04  
4.913407e-02 3.135732e+03 5.661692e+03 7.599308e+03 1.118657e+04  
4.981898e-02 3.103636e+03 5.603534e+03 7.521131e+03 1.107175e+04  
5.051342e-02 3.072310e+03 5.546769e+03 7.444836e+03 1.095975e+04  
5.121755e-02 3.041683e+03 5.491267e+03 7.370252e+03 1.085033e+04  
5.193150e-02 3.011674e+03 5.436886e+03 7.297185e+03 1.074319e+04  
5.265540e-02 2.982196e+03 5.383466e+03 7.225421e+03 1.063803e+04  
5.338938e-02 2.953150e+03 5.330832e+03 7.154728e+03 1.053449e+04  
5.413360e-02 2.924458e+03 5.278839e+03 7.084910e+03 1.043229e+04  
5.488820e-02 2.896069e+03 5.227400e+03 7.015849e+03 1.033126e+04  
5.565331e-02 2.867931e+03 5.176422e+03 6.947421e+03 1.023122e+04  
5.642908e-02 2.839989e+03 5.125802e+03 6.879491e+03 1.013196e+04  
5.721568e-02 2.812180e+03 5.075429e+03 6.811907e+03 1.003326e+04  
5.801323e-02 2.784434e+03 5.025180e+03 6.744505e+03 9.934879e+03  
5.882190e-02 2.756679e+03 4.974922e+03 6.677106e+03 9.836551e+03  
5.964185e-02 2.728831e+03 4.924509e+03 6.609515e+03 9.737989e+03  
6.047322e-02 2.700804e+03 4.873784e+03 6.541523e+03 9.638877e+03  
6.131619e-02 2.672501e+03 4.822577e+03 6.472898e+03 9.538874e+03  
6.217090e-02 2.643819e+03 4.770701e+03 6.403394e+03 9.437612e+03  
6.303753e-02 2.614664e+03 4.717991e+03 6.332786e+03 9.334754e+03  
6.391624e-02 2.584974e+03 4.664336e+03 6.260928e+03 9.230080e+03  
6.480720e-02 2.554689e+03 4.609629e+03 6.187673e+03 9.123372e+03  
6.571058e-02 2.523742e+03 4.553754e+03 6.112866e+03 9.014393e+03  
6.662655e-02 2.492063e+03 4.496586e+03 6.036342e+03 8.902894e+03  
6.755528e-02 2.459595e+03 4.438022e+03 5.957960e+03 8.788663e+03  
6.849697e-02 2.426310e+03 4.378016e+03 5.877658e+03 8.671599e+03  
6.945178e-02 2.392182e+03 4.316524e+03 5.795377e+03 8.551613e+03  
7.041990e-02 2.357187e+03 4.253502e+03 5.711059e+03 8.428611e+03  
7.140151e-02 2.321301e+03 4.188910e+03 5.624647e+03 8.302503e+03  
7.239681e-02 2.284535e+03 4.122769e+03 5.536172e+03 8.173329e+03  
7.340598e-02 2.246935e+03 4.055163e+03 5.445744e+03 8.041247e+03  
7.442922e-02 2.208552e+03 3.986184e+03 5.353488e+03 7.906439e+03  
7.546673e-02 2.169442e+03 3.915936e+03 5.259540e+03 7.769102e+03  
7.651869e-02 2.129679e+03 3.844549e+03 5.164076e+03 7.629494e+03  
7.758532e-02 2.089367e+03 3.772209e+03 5.067347e+03 7.487984e+03  
7.866682e-02 2.048622e+03 3.699127e+03 4.969633e+03 7.344986e+03  
7.976339e-02 2.007571e+03 3.625528e+03 4.871237e+03 7.200952e+03  
8.087525e-02 1.966349e+03 3.551653e+03 4.772481e+03 7.056357e+03  
8.200261e-02 1.925087e+03 3.477737e+03 4.673682e+03 6.911674e+03  
8.314568e-02 1.883926e+03 3.404032e+03 4.575177e+03 6.767404e+03  
8.430468e-02 1.843019e+03 3.330807e+03 4.477326e+03 6.624088e+03  
8.547985e-02 1.802517e+03 3.258333e+03 4.380493e+03 6.482265e+03  
8.667139e-02 1.762551e+03 3.186844e+03 4.284991e+03 6.342408e+03  
8.787954e-02 1.723261e+03 3.116583e+03 4.191149e+03 6.205006e+03  
8.910453e-02 1.684791e+03 3.047811e+03 4.099312e+03 6.070579e+03  
9.034660e-02 1.647278e+03 2.980767e+03 4.009804e+03 5.939614e+03  
9.160598e-02 1.610844e+03 2.915668e+03 3.922915e+03 5.812547e+03  
9.288292e-02 1.575618e+03 2.852740e+03 3.838950e+03 5.689836e+03  
9.417766e-02 1.541727e+03 2.792207e+03 3.758206e+03 5.571932e+03  
9.549045e-02 1.509250e+03 2.734209e+03 3.680873e+03 5.459120e+03  
9.682153e-02 1.478255e+03 2.678863e+03 3.607106e+03 5.351640e+03  
9.817117e-02 1.448811e+03 2.626289e+03 3.537068e+03 5.249740e+03  
9.953962e-02 1.420980e+03 2.576596e+03 3.470904e+03 5.153642e+03  
1.009272e-01 1.394753e+03 2.529763e+03 3.408585e+03 5.063309e+03  
1.023340e-01 1.370077e+03 2.485695e+03 3.349986e+03 4.978560e+03  
1.037605e-01 1.346892e+03 2.444285e+03 3.294961e+03 4.899180e+03  
1.052069e-01 1.325123e+03 2.405396e+03 3.243328e+03 4.824900e+03  
1.066734e-01 1.304637e+03 2.368790e+03 3.194768e+03 4.755248e+03  
1.081604e-01 1.285268e+03 2.334171e+03 3.148883e+03 4.689629e+03  
1.096681e-01 1.266833e+03 2.301214e+03 3.105237e+03 4.627388e+03  
1.111968e-01 1.249137e+03 2.269576e+03 3.063367e+03 4.567832e+03  
1.127468e-01 1.231993e+03 2.238920e+03 3.022825e+03 4.510284e+03  
1.143184e-01 1.215198e+03 2.208890e+03 2.983128e+03 4.454015e+03  
1.159120e-01 1.198534e+03 2.179101e+03 2.943760e+03 4.398240e+03  
1.175277e-01 1.181815e+03 2.149225e+03 2.904278e+03 4.342287e+03  
1.191660e-01 1.164884e+03 2.118983e+03 2.864308e+03 4.285580e+03  
1.208271e-01 1.147571e+03 2.088076e+03 2.823446e+03 4.227500e+03  
1.225114e-01 1.129721e+03 2.056233e+03 2.781325e+03 4.167479e+03  
1.242191e-01 1.111237e+03 2.023284e+03 2.737713e+03 4.105156e+03  
1.259506e-01 1.092024e+03 1.989061e+03 2.692386e+03 4.040178e+03  
1.277063e-01 1.072001e+03 1.953425e+03 2.645153e+03 3.972241e+03  
1.294865e-01 1.051178e+03 1.916395e+03 2.596035e+03 3.901372e+03  
1.312915e-01 1.029595e+03 1.878041e+03 2.545130e+03 3.827705e+03  
1.331216e-01 1.007305e+03 1.838462e+03 2.492566e+03 3.751430e+03  
1.349772e-01 9.844316e+02 1.797872e+03 2.438632e+03 3.672983e+03  
1.368587e-01 9.611290e+02 1.756546e+03 2.383697e+03 3.592924e+03  
1.387665e-01 9.375673e+02 1.714783e+03 2.328165e+03 3.511866e+03  
1.407008e-01 9.139355e+02 1.672917e+03 2.272483e+03 3.430494e+03  
1.426621e-01 8.904394e+02 1.631309e+03 2.217139e+03 3.349556e+03  
1.446507e-01 8.672859e+02 1.590323e+03 2.162622e+03 3.269803e+03  
1.466671e-01 8.446436e+02 1.550253e+03 2.109331e+03 3.191845e+03  
1.487115e-01 8.226818e+02 1.511397e+03 2.057665e+03 3.116299e+03  
1.507845e-01 8.015615e+02 1.474035e+03 2.008003e+03 3.043747e+03  
1.528864e-01 7.814201e+02 1.438407e+03 1.960667e+03 2.974689e+03  
1.550175e-01 7.623962e+02 1.404754e+03 1.915983e+03 2.909626e+03  
1.571784e-01 7.445778e+02 1.373227e+03 1.874155e+03 2.848877e+03  
1.593694e-01 7.280199e+02 1.343922e+03 1.835310e+03 2.792644e+03  
1.615909e-01 7.127395e+02 1.316865e+03 1.799485e+03 2.740990e+03  
1.638434e-01 6.986454e+02 1.291894e+03 1.766464e+03 2.693585e+03  
1.661273e-01 6.856144e+02 1.268791e+03 1.735953e+03 2.649987e+03  
1.684430e-01 6.734699e+02 1.247247e+03 1.707534e+03 2.609558e+03  
1.707910e-01 6.619927e+02 1.226875e+03 1.680689e+03 2.571502e+03  
1.731717e-01 6.509616e+02 1.207289e+03 1.654895e+03 2.535017e+03  
1.755856e-01 6.401675e+02 1.188123e+03 1.629658e+03 2.499342e+03  
1.780332e-01 6.294054e+02 1.169019e+03 1.604496e+03 2.463725e+03  
1.805149e-01 6.185305e+02 1.149723e+03 1.579066e+03 2.427635e+03  
1.830312e-01 6.074107e+02 1.130006e+03 1.553055e+03 2.390585e+03  
1.855825e-01 5.959440e+02 1.109691e+03 1.526225e+03 2.352196e+03  
1.881694e-01 5.840443e+02 1.088627e+03 1.498371e+03 2.312147e+03  
1.907924e-01 5.716749e+02 1.066753e+03 1.469407e+03 2.270299e+03  
1.934520e-01 5.588431e+02 1.044082e+03 1.439352e+03 2.226676e+03  
1.961486e-01 5.456171e+02 1.020734e+03 1.408367e+03 2.181528e+03  
1.988828e-01 5.321322e+02 9.969452e+02 1.376772e+03 2.135350e+03  
2.016551e-01 5.185535e+02 9.730042e+02 1.344957e+03 2.088751e+03  
2.044661e-01 5.050769e+02 9.492518e+02 1.313383e+03 2.042449e+03  
2.073162e-01 4.918905e+02 9.260150e+02 1.282493e+03 1.997137e+03  
2.102061e-01 4.791674e+02 9.035939e+02 1.252692e+03 1.953448e+03  
2.131362e-01 4.670313e+02 8.822024e+02 1.224269e+03 1.911836e+03  
2.161073e-01 4.555557e+02 8.619666e+02 1.197396e+03 1.872566e+03  
2.191197e-01 4.447833e+02 8.429592e+02 1.172170e+03 1.835795e+03  
2.221741e-01 4.347288e+02 8.252040e+02 1.148624e+03 1.801575e+03  
2.252711e-01 4.253524e+02 8.086303e+02 1.126662e+03 1.769760e+03  
2.284112e-01 4.165795e+02 7.931078e+02 1.106109e+03 1.740078e+03  
2.315951e-01 4.083048e+02 7.784523e+02 1.086715e+03 1.712144e+03  
2.348235e-01 4.004004e+02 7.644421e+02 1.068181e+03 1.685493e+03  
2.380968e-01 3.927173e+02 7.508183e+02 1.050158e+03 1.659578e+03  
2.414157e-01 3.851155e+02 7.373390e+02 1.032317e+03 1.633890e+03  
2.447809e-01 3.774712e+02 7.237902e+02 1.014369e+03 1.607975e+03  
2.481930e-01 3.696948e+02 7.100173e+02 9.961060e+02 1.581504e+03  
2.516527e-01 3.617321e+02 6.959273e+02 9.774006e+02 1.554281e+03  
2.551606e-01 3.535801e+02 6.815159e+02 9.582477e+02 1.526296e+03  
2.587174e-01 3.452926e+02 6.668765e+02 9.387737e+02 1.497749e+03  
2.623238e-01 3.369615e+02 6.521681e+02 9.191943e+02 1.468978e+03  
2.659804e-01 3.286932e+02 6.375745e+02 8.997582e+02 1.440375e+03  
2.696881e-01 3.205947e+02 6.232796e+02 8.807148e+02 1.412331e+03  
2.734474e-01 3.127607e+02 6.094461e+02 8.622839e+02 1.385193e+03  
2.772591e-01 3.052527e+02 5.961788e+02 8.446076e+02 1.359182e+03  
2.811239e-01 2.981150e+02 5.835532e+02 8.277875e+02 1.334460e+03  
2.850426e-01 2.913679e+02 5.716030e+02 8.118692e+02 1.311097e+03  
2.890160e-01 2.849913e+02 5.602925e+02 7.968043e+02 1.289019e+03  
2.930447e-01 2.789277e+02 5.495224e+02 7.824586e+02 1.268016e+03  
2.971296e-01 2.731011e+02 5.391616e+02 7.686549e+02 1.247812e+03  
3.012714e-01 2.674301e+02 5.290705e+02 7.552046e+02 1.228113e+03  
3.054710e-01 2.618365e+02 5.191146e+02 7.419265e+02 1.208637e+03  
3.097291e-01 2.562662e+02 5.092019e+02 7.286963e+02 1.189189e+03  
3.140465e-01 2.506862e+02 4.992761e+02 7.154383e+02 1.169654e+03  
3.184242e-01 2.450858e+02 4.893192e+02 7.021286e+02 1.149996e+03  
3.228628e-01 2.394894e+02 4.793731e+02 6.888241e+02 1.130304e+03  
3.273634e-01 2.339409e+02 4.695131e+02 6.756269e+02 1.110740e+03  
3.319266e-01 2.284941e+02 4.598307e+02 6.626604e+02 1.091497e+03  
3.365535e-01 2.231991e+02 4.504108e+02 6.500396e+02 1.072756e+03  
3.412449e-01 2.180918e+02 4.413143e+02 6.378462e+02 1.054644e+03  
3.460016e-01 2.131922e+02 4.325743e+02 6.261247e+02 1.037231e+03  
3.508247e-01 2.085024e+02 4.241939e+02 6.148791e+02 1.020523e+03  
3.557150e-01 2.039947e+02 4.161252e+02 6.040450e+02 1.004419e+03  
3.606735e-01 1.996302e+02 4.083022e+02 5.935334e+02 9.887819e+02  
3.657011e-01 1.953698e+02 4.006581e+02 5.832545e+02 9.734732e+02  
3.707988e-01 1.911846e+02 3.931442e+02 5.731431e+02 9.583922e+02  
3.759675e-01 1.870576e+02 3.857315e+02 5.631604e+02 9.434799e+02  
3.812083e-01 1.829766e+02 3.783996e+02 5.532793e+02 9.286956e+02  
3.865221e-01 1.789408e+02 3.711475e+02 5.434986e+02 9.140385e+02  
3.919100e-01 1.749673e+02 3.640035e+02 5.338567e+02 8.995693e+02  
3.973730e-01 1.710847e+02 3.570160e+02 5.244184e+02 8.853885e+02  
4.029122e-01 1.673165e+02 3.502240e+02 5.152363e+02 8.715772e+02  
4.085286e-01 1.636648e+02 3.436309e+02 5.063145e+02 8.581422e+02  
4.142232e-01 1.601288e+02 3.372345e+02 4.976504e+02 8.450792e+02  
4.199973e-01 1.567036e+02 3.310268e+02 4.892328e+02 8.323713e+02  
4.258518e-01 1.533778e+02 3.249880e+02 4.810354e+02 8.199783e+02  
4.317880e-01 1.501283e+02 3.190796e+02 4.730069e+02 8.078221e+02  
4.378069e-01 1.469404e+02 3.132768e+02 4.651143e+02 7.958529e+02  
4.439097e-01 1.438128e+02 3.075775e+02 4.573550e+02 7.840675e+02  
4.500975e-01 1.407468e+02 3.019837e+02 4.497317e+02 7.724707e+02  
4.563716e-01 1.377426e+02 2.964958e+02 4.422450e+02 7.610640e+02  
4.627332e-01 1.348057e+02 2.911225e+02 4.349067e+02 7.498655e+02  
4.691835e-01 1.319490e+02 2.858852e+02 4.277452e+02 7.389183e+02  
4.757236e-01 1.291718e+02 2.807823e+02 4.207582e+02 7.282191e+02  
4.823549e-01 1.264694e+02 2.758060e+02 4.139352e+02 7.177522e+02  
4.890787e-01 1.238362e+02 2.709467e+02 4.072637e+02 7.074986e+02  
4.958962e-01 1.212694e+02 2.661996e+02 4.007374e+02 6.974492e+02  
5.028087e-01 1.187578e+02 2.615463e+02 3.943318e+02 6.875676e+02  
5.098176e-01 1.162997e+02 2.569837e+02 3.880431e+02 6.778485e+02  
5.169242e-01 1.138987e+02 2.525177e+02 3.818791e+02 6.683037e+02  
5.241298e-01 1.115510e+02 2.481420e+02 3.758312e+02 6.589209e+02  
5.314359e-01 1.092593e+02 2.438609e+02 3.699055e+02 6.497088e+02  
5.388438e-01 1.070279e+02 2.396809e+02 3.641103e+02 6.406799e+02  
5.463550e-01 1.048515e+02 2.355935e+02 3.584343e+02 6.318175e+02  
5.539709e-01 1.027272e+02 2.315937e+02 3.528710e+02 6.231122e+02  
5.616930e-01 1.006548e+02 2.276810e+02 3.474199e+02 6.145631e+02  
5.695227e-01 9.863024e+01 2.238487e+02 3.420721e+02 6.061574e+02  
5.774615e-01 9.664976e+01 2.200907e+02 3.368198e+02 5.978840e+02  
5.855110e-01 9.471802e+01 2.164143e+02 3.316723e+02 5.897562e+02  
5.936727e-01 9.283017e+01 2.128117e+02 3.266195e+02 5.817595e+02  
6.019482e-01 9.098687e+01 2.092837e+02 3.216624e+02 5.738954e+02  
6.103390e-01 8.918914e+01 2.058317e+02 3.168029e+02 5.661664e+02  
6.188468e-01 8.743342e+01 2.024500e+02 3.120335e+02 5.585618e+02  
6.274732e-01 8.571695e+01 1.991341e+02 3.073483e+02 5.510733e+02  
6.362198e-01 8.404191e+01 1.958872e+02 3.027516e+02 5.437068e+02  
6.450884e-01 8.240652e+01 1.927064e+02 2.982395e+02 5.364567e+02  
6.540806e-01 8.080878e+01 1.895884e+02 2.938077e+02 5.293170e+02  
6.631981e-01 7.924762e+01 1.865315e+02 2.894540e+02 5.222845e+02  
6.724427e-01 7.772239e+01 1.835344e+02 2.851768e+02 5.153569e+02  
6.818162e-01 7.623224e+01 1.805958e+02 2.809743e+02 5.085314e+02  
6.913204e-01 7.477624e+01 1.777139e+02 2.768444e+02 5.018053e+02  
7.009570e-01 7.335353e+01 1.748875e+02 2.727851e+02 4.951758e+02  
7.107280e-01 7.196338e+01 1.721152e+02 2.687950e+02 4.886404e+02  
7.206351e-01 7.060490e+01 1.693954e+02 2.648719e+02 4.821966e+02  
7.306804e-01 6.927714e+01 1.667268e+02 2.610140e+02 4.758414e+02  
7.408657e-01 6.797937e+01 1.641079e+02 2.572196e+02 4.695725e+02  
7.511929e-01 6.671080e+01 1.615375e+02 2.534870e+02 4.633875e+02  
7.616642e-01 6.547052e+01 1.590141e+02 2.498143e+02 4.572839e+02  
7.722814e-01 6.425772e+01 1.565363e+02 2.461998e+02 4.512591e+02  
7.830465e-01 6.307179e+01 1.541031e+02 2.426422e+02 4.453113e+02  
7.939618e-01 6.191203e+01 1.517134e+02 2.391399e+02 4.394384e+02  
8.050292e-01 6.077767e+01 1.493658e+02 2.356914e+02 4.336382e+02  
8.162509e-01 5.966807e+01 1.470594e+02 2.322953e+02 4.279089e+02  
8.276289e-01 5.858265e+01 1.447931e+02 2.289505e+02 4.222488e+02  
8.391656e-01 5.752072e+01 1.425659e+02 2.256554e+02 4.166558e+02  
8.508632e-01 5.648159e+01 1.403765e+02 2.224087e+02 4.111282e+02  
8.627237e-01 5.546478e+01 1.382243e+02 2.192094e+02 4.056644e+02  
8.747496e-01 5.446975e+01 1.361083e+02 2.160563e+02 4.002629e+02  
8.869432e-01 5.349588e+01 1.340275e+02 2.129483e+02 3.949222e+02  
8.993067e-01 5.254262e+01 1.319811e+02 2.098841e+02 3.896406e+02  
9.118425e-01 5.160947e+01 1.299681e+02 2.068628e+02 3.844168e+02  
9.245531e-01 5.069584e+01 1.279878e+02 2.038833e+02 3.792493e+02  
9.374409e-01 4.980114e+01 1.260391e+02 2.009443e+02 3.741367e+02  
9.505083e-01 4.892491e+01 1.241213e+02 1.980450e+02 3.690776e+02  
9.637579e-01 4.806672e+01 1.222338e+02 1.951846e+02 3.640710e+02  
9.771921e-01 4.722610e+01 1.203757e+02 1.923620e+02 3.591158e+02  
9.908137e-01 4.640254e+01 1.185463e+02 1.895764e+02 3.542106e+02  
1.004625e+00 4.559565e+01 1.167450e+02 1.868270e+02 3.493546e+02  
1.018629e+00 4.480495e+01 1.149710e+02 1.841129e+02 3.445465e+02  
1.032828e+00 4.402995e+01 1.132236e+02 1.814332e+02 3.397855e+02  
1.047225e+00 4.327025e+01 1.115022e+02 1.787873e+02 3.350704e+02  
1.061823e+00 4.252550e+01 1.098061e+02 1.761743e+02 3.304006e+02  
1.076624e+00 4.179530e+01 1.081349e+02 1.735937e+02 3.257751e+02  
1.091632e+00 4.107925e+01 1.064878e+02 1.710446e+02 3.211932e+02  
1.106848e+00 4.037704e+01 1.048645e+02 1.685266e+02 3.166541e+02  
1.122277e+00 3.968835e+01 1.032644e+02 1.660391e+02 3.121572e+02  
1.137921e+00 3.901281e+01 1.016870e+02 1.635814e+02 3.077018e+02  
1.153783e+00 3.835008e+01 1.001317e+02 1.611529e+02 3.032872e+02  
1.169866e+00 3.769985e+01 9.859821e+01 1.587531e+02 2.989128e+02  
1.186174e+00 3.706176e+01 9.708587e+01 1.563815e+02 2.945781e+02  
1.202708e+00 3.643545e+01 9.559420e+01 1.540374e+02 2.902823e+02  
1.219473e+00 3.582065e+01 9.412282e+01 1.517205e+02 2.860252e+02  
1.236472e+00 3.521713e+01 9.267135e+01 1.494302e+02 2.818062e+02  
1.253708e+00 3.462459e+01 9.123940e+01 1.471662e+02 2.776249e+02  
1.271184e+00 3.404278e+01 8.982658e+01 1.449280e+02 2.734810e+02  
1.288904e+00 3.347143e+01 8.843252e+01 1.427152e+02 2.693740e+02  
1.306870e+00 3.291027e+01 8.705685e+01 1.405274e+02 2.653036e+02  
1.325087e+00 3.235899e+01 8.569914e+01 1.383642e+02 2.612694e+02  
1.343558e+00 3.181737e+01 8.435908e+01 1.362252e+02 2.572712e+02  
1.362287e+00 3.128521e+01 8.303639e+01 1.341102e+02 2.533087e+02  
1.381276e+00 3.076230e+01 8.173078e+01 1.320188e+02 2.493818e+02  
1.400531e+00 3.024841e+01 8.044194e+01 1.299507e+02 2.454901e+02  
1.420053e+00 2.974335e+01 7.916959e+01 1.279056e+02 2.416334e+02  
1.439848e+00 2.924691e+01 7.791346e+01 1.258832e+02 2.378118e+02  
1.459919e+00 2.875885e+01 7.667325e+01 1.238833e+02 2.340248e+02  
1.480269e+00 2.827897e+01 7.544868e+01 1.219055e+02 2.302725e+02  
1.500903e+00 2.780710e+01 7.423953e+01 1.199496e+02 2.265547e+02  
1.521825e+00 2.734306e+01 7.304557e+01 1.180155e+02 2.228714e+02  
1.543038e+00 2.688665e+01 7.186653e+01 1.161027e+02 2.192224e+02  
1.564548e+00 2.643771e+01 7.070221e+01 1.142113e+02 2.156077e+02  
1.586357e+00 2.599608e+01 6.955242e+01 1.123408e+02 2.120273e+02  
1.608469e+00 2.556161e+01 6.841694e+01 1.104913e+02 2.084812e+02  
1.630891e+00 2.513412e+01 6.729556e+01 1.086623e+02 2.049692e+02  
1.653624e+00 2.471348e+01 6.618811e+01 1.068539e+02 2.014915e+02  
1.676675e+00 2.429953e+01 6.509440e+01 1.050658e+02 1.980481e+02  
1.700047e+00 2.389212e+01 6.401424e+01 1.032978e+02 1.946389e+02  
1.723745e+00 2.349111e+01 6.294746e+01 1.015498e+02 1.912640e+02  
1.747773e+00 2.309638e+01 6.189391e+01 9.982159e+01 1.879235e+02  
1.772136e+00 2.270780e+01 6.085343e+01 9.811313e+01 1.846174e+02  
1.796838e+00 2.232523e+01 5.982587e+01 9.642424e+01 1.813458e+02  
1.821885e+00 2.194857e+01 5.881107e+01 9.475479e+01 1.781087e+02  
1.847281e+00 2.157770e+01 5.780892e+01 9.310466e+01 1.749062e+02  
1.873032e+00 2.121250e+01 5.681926e+01 9.147373e+01 1.717384e+02  
1.899141e+00 2.085286e+01 5.584195e+01 8.986188e+01 1.686054e+02  
1.925614e+00 2.049867e+01 5.487688e+01 8.826900e+01 1.655073e+02  
1.952456e+00 2.014984e+01 5.392393e+01 8.669500e+01 1.624441e+02  
1.979672e+00 1.980624e+01 5.298296e+01 8.513976e+01 1.594159e+02  
2.007267e+00 1.946779e+01 5.205385e+01 8.360319e+01 1.564228e+02  
2.035248e+00 1.913440e+01 5.113651e+01 8.208520e+01 1.534650e+02  
2.063618e+00 1.880597e+01 5.023083e+01 8.058570e+01 1.505424e+02  
2.092383e+00 1.848241e+01 4.933669e+01 7.910460e+01 1.476553e+02  
2.121550e+00 1.816365e+01 4.845400e+01 7.764182e+01 1.448035e+02  
2.151123e+00 1.784960e+01 4.758266e+01 7.619727e+01 1.419873e+02  
2.181109e+00 1.754017e+01 4.672256e+01 7.477088e+01 1.392067e+02  
2.211512e+00 1.723528e+01 4.587362e+01 7.336255e+01 1.364618e+02  
2.242340e+00 1.693487e+01 4.503574e+01 7.197223e+01 1.337525e+02  
2.273597e+00 1.663886e+01 4.420884e+01 7.059984e+01 1.310791e+02  
2.305289e+00 1.634717e+01 4.339282e+01 6.924529e+01 1.284414e+02  
2.337424e+00 1.605974e+01 4.258760e+01 6.790853e+01 1.258395e+02  
2.370006e+00 1.577651e+01 4.179309e+01 6.658946e+01 1.232735e+02  
2.403043e+00 1.549740e+01 4.100922e+01 6.528804e+01 1.207434e+02  
2.436540e+00 1.522234e+01 4.023590e+01 6.400418e+01 1.182492e+02  
2.470504e+00 1.495129e+01 3.947306e+01 6.273781e+01 1.157907e+02  
2.504942e+00 1.468419e+01 3.872061e+01 6.148887e+01 1.133681e+02  
2.539859e+00 1.442096e+01 3.797848e+01 6.025728e+01 1.109813e+02  
2.575263e+00 1.416156e+01 3.724659e+01 5.904297e+01 1.086303e+02  
2.611161e+00 1.390594e+01 3.652487e+01 5.784588e+01 1.063149e+02  
2.647559e+00 1.365403e+01 3.581325e+01 5.666592e+01 1.040351e+02  
2.684465e+00 1.340580e+01 3.511165e+01 5.550303e+01 1.017909e+02  
2.721885e+00 1.316118e+01 3.442001e+01 5.435714e+01 9.958203e+01  
2.759826e+00 1.292013e+01 3.373824e+01 5.322816e+01 9.740850e+01  
2.798297e+00 1.268260e+01 3.306628e+01 5.211602e+01 9.527015e+01  
2.837304e+00 1.244855e+01 3.240407e+01 5.102064e+01 9.316683e+01  
2.876854e+00 1.221792e+01 3.175152e+01 4.994195e+01 9.109839e+01  
2.916956e+00 1.199068e+01 3.110858e+01 4.887985e+01 8.906467e+01  
2.957617e+00 1.176679e+01 3.047517e+01 4.783428e+01 8.706548e+01  
2.998844e+00 1.154619e+01 2.985122e+01 4.680513e+01 8.510063e+01  
3.040646e+00 1.132886e+01 2.923667e+01 4.579233e+01 8.316991e+01  
3.083031e+00 1.111474e+01 2.863145e+01 4.479577e+01 8.127311e+01  
3.126007e+00 1.090381e+01 2.803549e+01 4.381538e+01 7.941000e+01  
3.169582e+00 1.069601e+01 2.744872e+01 4.285104e+01 7.758033e+01  
3.213764e+00 1.049133e+01 2.687107e+01 4.190267e+01 7.578385e+01  
3.258562e+00 1.028970e+01 2.630249e+01 4.097016e+01 7.402029e+01  
3.303985e+00 1.009112e+01 2.574289e+01 4.005341e+01 7.228938e+01  
3.350041e+00 9.895525e+00 2.519221e+01 3.915231e+01 7.059085e+01  
3.396739e+00 9.702897e+00 2.465039e+01 3.826675e+01 6.892438e+01  
3.444087e+00 9.513197e+00 2.411735e+01 3.739661e+01 6.728968e+01  
3.492096e+00 9.326394e+00 2.359302e+01 3.654178e+01 6.568644e+01  
3.540774e+00 9.142454e+00 2.307734e+01 3.570214e+01 6.411433e+01  
3.590130e+00 8.961343e+00 2.257024e+01 3.487757e+01 6.257303e+01  
3.640175e+00 8.783031e+00 2.207164e+01 3.406793e+01 6.106220e+01  
3.690917e+00 8.607486e+00 2.158148e+01 3.327311e+01 5.958149e+01  
3.742366e+00 8.434678e+00 2.109969e+01 3.249297e+01 5.813057e+01  
3.794533e+00 8.264576e+00 2.062619e+01 3.172737e+01 5.670907e+01  
3.847427e+00 8.097152e+00 2.016091e+01 3.097617e+01 5.531663e+01  
3.901058e+00 7.932375e+00 1.970378e+01 3.023925e+01 5.395289e+01  
3.955436e+00 7.770217e+00 1.925472e+01 2.951644e+01 5.261748e+01  
4.010573e+00 7.610649e+00 1.881367e+01 2.880761e+01 5.131002e+01  
4.066478e+00 7.453642e+00 1.838054e+01 2.811261e+01 5.003013e+01  
4.123163e+00 7.299168e+00 1.795526e+01 2.743128e+01 4.877744e+01  
4.180637e+00 7.147200e+00 1.753776e+01 2.676348e+01 4.755156e+01  
4.238913e+00 6.997709e+00 1.712796e+01 2.610904e+01 4.635210e+01  
4.298001e+00 6.850669e+00 1.672578e+01 2.546781e+01 4.517867e+01  
4.357913e+00 6.706053e+00 1.633115e+01 2.483962e+01 4.403089e+01  
4.418660e+00 6.563834e+00 1.594397e+01 2.422432e+01 4.290836e+01  
4.480254e+00 6.423986e+00 1.556419e+01 2.362174e+01 4.181068e+01  
4.542706e+00 6.286482e+00 1.519170e+01 2.303172e+01 4.073747e+01  
4.606029e+00 6.151297e+00 1.482644e+01 2.245408e+01 3.968833e+01  
4.670234e+00 6.018404e+00 1.446832e+01 2.188867e+01 3.866287e+01  
4.735335e+00 5.887778e+00 1.411726e+01 2.133531e+01 3.766069e+01  
4.801343e+00 5.759393e+00 1.377318e+01 2.079383e+01 3.668140e+01  
4.868271e+00 5.633224e+00 1.343598e+01 2.026406e+01 3.572461e+01  
4.936132e+00 5.509245e+00 1.310559e+01 1.974582e+01 3.478993e+01  
5.004939e+00 5.387433e+00 1.278193e+01 1.923895e+01 3.387697e+01  
5.074705e+00 5.267761e+00 1.246490e+01 1.874327e+01 3.298534e+01  
5.145444e+00 5.150205e+00 1.215442e+01 1.825861e+01 3.211465e+01  
5.217169e+00 5.034741e+00 1.185040e+01 1.778480e+01 3.126452e+01  
5.289893e+00 4.921344e+00 1.155276e+01 1.732165e+01 3.043458e+01  
5.363631e+00 4.809989e+00 1.126141e+01 1.686900e+01 2.962443e+01  
5.438397e+00 4.700654e+00 1.097625e+01 1.642667e+01 2.883371e+01  
5.514206e+00 4.593312e+00 1.069721e+01 1.599449e+01 2.806205e+01  
5.591071e+00 4.487942e+00 1.042420e+01 1.557229e+01 2.730907e+01  
5.669007e+00 4.384518e+00 1.015711e+01 1.515989e+01 2.657440e+01  
5.748030e+00 4.283016e+00 9.895874e+00 1.475713e+01 2.585769e+01  
5.828155e+00 4.183414e+00 9.640392e+00 1.436382e+01 2.515857e+01  
5.909396e+00 4.085688e+00 9.390578e+00 1.397981e+01 2.447669e+01  
5.991770e+00 3.989814e+00 9.146342e+00 1.360492e+01 2.381170e+01  
6.075292e+00 3.895769e+00 8.907595e+00 1.323898e+01 2.316325e+01  
6.159978e+00 3.803530e+00 8.674249e+00 1.288183e+01 2.253099e+01  
6.245845e+00 3.713074e+00 8.446213e+00 1.253330e+01 2.191459e+01  
6.332908e+00 3.624377e+00 8.223399e+00 1.219323e+01 2.131371e+01  
6.421186e+00 3.537417e+00 8.005720e+00 1.186144e+01 2.072801e+01  
6.510694e+00 3.452171e+00 7.793087e+00 1.153779e+01 2.015719e+01  
6.601449e+00 3.368615e+00 7.585411e+00 1.122210e+01 1.960090e+01  
6.693470e+00 3.286729e+00 7.382607e+00 1.091423e+01 1.905883e+01  
6.786773e+00 3.206488e+00 7.184586e+00 1.061401e+01 1.853068e+01  
6.881377e+00 3.127870e+00 6.991262e+00 1.032129e+01 1.801612e+01  
6.977300e+00 3.050853e+00 6.802549e+00 1.003591e+01 1.751487e+01  
7.074559e+00 2.975415e+00 6.618362e+00 9.757720e+00 1.702661e+01  
7.173175e+00 2.901533e+00 6.438616e+00 9.486571e+00 1.655105e+01  
7.273165e+00 2.829185e+00 6.263226e+00 9.222314e+00 1.608792e+01  
7.374549e+00 2.758349e+00 6.092109e+00 8.964802e+00 1.563691e+01  
7.477346e+00 2.689004e+00 5.925183e+00 8.713890e+00 1.519775e+01  
7.581576e+00 2.621127e+00 5.762365e+00 8.469435e+00 1.477017e+01  
7.687260e+00 2.554696e+00 5.603573e+00 8.231295e+00 1.435389e+01  
7.794416e+00 2.489690e+00 5.448728e+00 7.999332e+00 1.394865e+01  
7.903066e+00 2.426087e+00 5.297750e+00 7.773409e+00 1.355419e+01  
8.013230e+00 2.363865e+00 5.150559e+00 7.553391e+00 1.317025e+01  
8.124930e+00 2.303004e+00 5.007078e+00 7.339144e+00 1.279658e+01  
8.238187e+00 2.243481e+00 4.867229e+00 7.130538e+00 1.243293e+01  
8.353023e+00 2.185276e+00 4.730937e+00 6.927444e+00 1.207906e+01  
8.469460e+00 2.128367e+00 4.598126e+00 6.729735e+00 1.173473e+01  
8.587519e+00 2.072733e+00 4.468722e+00 6.537286e+00 1.139972e+01  
8.707225e+00 2.018353e+00 4.342651e+00 6.349974e+00 1.107378e+01  
8.828599e+00 1.965207e+00 4.219841e+00 6.167680e+00 1.075670e+01  
8.951665e+00 1.913274e+00 4.100221e+00 5.990284e+00 1.044826e+01  
9.076446e+00 1.862532e+00 3.983720e+00 5.817671e+00 1.014825e+01  
9.202967e+00 1.812962e+00 3.870270e+00 5.649726e+00 9.856444e+00  
9.331251e+00 1.764544e+00 3.759801e+00 5.486336e+00 9.572648e+00  
9.461324e+00 1.717256e+00 3.652246e+00 5.327392e+00 9.296655e+00  
9.593209e+00 1.671079e+00 3.547540e+00 5.172785e+00 9.028270e+00  
9.726934e+00 1.625993e+00 3.445617e+00 5.022409e+00 8.767298e+00  
9.862522e+00 1.581978e+00 3.346412e+00 4.876161e+00 8.513551e+00  
1.000000e+01 1.539014e+00 3.249863e+00 4.733938e+00 8.266843e+00  
