1.000000e-02 5.220679e+03 9.520630e+03 1.288206e+04 1.922196e+04  
1.013939e-02 5.250706e+03 9.575192e+03 1.295569e+04 1.933134e+04  
1.028073e-02 5.280308e+03 9.628971e+03 1.302825e+04 1.943912e+04  
1.042404e-02 5.309464e+03 9.681935e+03 1.309971e+04 1.954524e+04  
1.056935e-02 5.338158e+03 9.734048e+03 1.317001e+04 1.964962e+04  
1.071668e-02 5.366370e+03 9.785278e+03 1.323911e+04 1.975220e+04  
1.086606e-02 5.394081e+03 9.835589e+03 1.330696e+04 1.985290e+04  
1.101753e-02 5.421271e+03 9.884945e+03 1.337352e+04 1.995166e+04  
1.117111e-02 5.447921e+03 9.933311e+03 1.343873e+04 2.004840e+04  
1.132683e-02 5.474011e+03 9.980648e+03 1.350254e+04 2.014305e+04  
1.148472e-02 5.499519e+03 1.002692e+04 1.356491e+04 2.023552e+04  
1.164481e-02 5.524425e+03 1.007209e+04 1.362578e+04 2.032575e+04  
1.180713e-02 5.548709e+03 1.011612e+04 1.368510e+04 2.041366e+04  
1.197171e-02 5.572350e+03 1.015897e+04 1.374282e+04 2.049917e+04  
1.213859e-02 5.595327e+03 1.020060e+04 1.379890e+04 2.058221e+04  
1.230780e-02 5.617618e+03 1.024098e+04 1.385326e+04 2.066270e+04  
1.247936e-02 5.639203e+03 1.028007e+04 1.390587e+04 2.074055e+04  
1.265332e-02 5.660058e+03 1.031781e+04 1.395667e+04 2.081569e+04  
1.282970e-02 5.680162e+03 1.035419e+04 1.400561e+04 2.088803e+04  
1.300854e-02 5.699494e+03 1.038915e+04 1.405262e+04 2.095751e+04  
1.318987e-02 5.718032e+03 1.042265e+04 1.409766e+04 2.102403e+04  
1.337373e-02 5.735754e+03 1.045467e+04 1.414068e+04 2.108752e+04  
1.356015e-02 5.752636e+03 1.048514e+04 1.418162e+04 2.114789e+04  
1.374917e-02 5.768655e+03 1.051404e+04 1.422041e+04 2.120506e+04  
1.394083e-02 5.783786e+03 1.054131e+04 1.425700e+04 2.125893e+04  
1.413516e-02 5.798005e+03 1.056692e+04 1.429133e+04 2.130942e+04  
1.433219e-02 5.811289e+03 1.059081e+04 1.432334e+04 2.135644e+04  
1.453198e-02 5.823614e+03 1.061295e+04 1.435297e+04 2.139991e+04  
1.473454e-02 5.834957e+03 1.063329e+04 1.438016e+04 2.143973e+04  
1.493993e-02 5.845295e+03 1.065180e+04 1.440487e+04 2.147584e+04  
1.514819e-02 5.854608e+03 1.066843e+04 1.442704e+04 2.150815e+04  
1.535935e-02 5.862875e+03 1.068315e+04 1.444662e+04 2.153658e+04  
1.557345e-02 5.870074e+03 1.069592e+04 1.446355e+04 2.156107e+04  
1.579053e-02 5.876187e+03 1.070670e+04 1.447779e+04 2.158153e+04  
1.601064e-02 5.881194e+03 1.071547e+04 1.448930e+04 2.159791e+04  
1.623382e-02 5.885077e+03 1.072218e+04 1.449802e+04 2.161014e+04  
1.646012e-02 5.887815e+03 1.072679e+04 1.450391e+04 2.161813e+04  
1.668956e-02 5.889386e+03 1.072928e+04 1.450691e+04 2.162181e+04  
1.692220e-02 5.889766e+03 1.072959e+04 1.450697e+04 2.162109e+04  
1.715809e-02 5.888936e+03 1.072769e+04 1.450404e+04 2.161591e+04  
1.739726e-02 5.886875e+03 1.072354e+04 1.449806e+04 2.160618e+04  
1.763977e-02 5.883564e+03 1.071711e+04 1.448899e+04 2.159185e+04  
1.788566e-02 5.878984e+03 1.070837e+04 1.447679e+04 2.157283e+04  
1.813498e-02 5.873118e+03 1.069728e+04 1.446141e+04 2.154908e+04  
1.838777e-02 5.865949e+03 1.068381e+04 1.444281e+04 2.152052e+04  
1.864409e-02 5.857462e+03 1.066793e+04 1.442096e+04 2.148711e+04  
1.890397e-02 5.847643e+03 1.064963e+04 1.439581e+04 2.144880e+04  
1.916748e-02 5.836479e+03 1.062887e+04 1.436735e+04 2.140553e+04  
1.943467e-02 5.823960e+03 1.060564e+04 1.433555e+04 2.135729e+04  
1.970558e-02 5.810077e+03 1.057993e+04 1.430038e+04 2.130402e+04  
1.998026e-02 5.794821e+03 1.055171e+04 1.426182e+04 2.124571e+04  
2.025878e-02 5.778182e+03 1.052096e+04 1.421986e+04 2.118232e+04  
2.054117e-02 5.760152e+03 1.048769e+04 1.417446e+04 2.111381e+04  
2.082751e-02 5.740724e+03 1.045186e+04 1.412562e+04 2.104018e+04  
2.111783e-02 5.719895e+03 1.041349e+04 1.407333e+04 2.096141e+04  
2.141220e-02 5.697664e+03 1.037256e+04 1.401759e+04 2.087749e+04  
2.171068e-02 5.674031e+03 1.032908e+04 1.395840e+04 2.078844e+04  
2.201331e-02 5.648999e+03 1.028305e+04 1.389576e+04 2.069425e+04  
2.232016e-02 5.622567e+03 1.023447e+04 1.382968e+04 2.059494e+04  
2.263130e-02 5.594739e+03 1.018335e+04 1.376016e+04 2.049052e+04  
2.294676e-02 5.565518e+03 1.012970e+04 1.368722e+04 2.038100e+04  
2.326663e-02 5.534915e+03 1.007353e+04 1.361089e+04 2.026642e+04  
2.359095e-02 5.502940e+03 1.001487e+04 1.353118e+04 2.014684e+04  
2.391980e-02 5.469610e+03 9.953739e+03 1.344815e+04 2.002230e+04  
2.425323e-02 5.434939e+03 9.890176e+03 1.336182e+04 1.989287e+04  
2.459130e-02 5.398944e+03 9.824205e+03 1.327225e+04 1.975860e+04  
2.493409e-02 5.361641e+03 9.755859e+03 1.317946e+04 1.961957e+04  
2.528166e-02 5.323051e+03 9.685176e+03 1.308353e+04 1.947584e+04  
2.563407e-02 5.283200e+03 9.612202e+03 1.298450e+04 1.932753e+04  
2.599140e-02 5.242116e+03 9.536992e+03 1.288246e+04 1.917473e+04  
2.635371e-02 5.199834e+03 9.459609e+03 1.277748e+04 1.901757e+04  
2.672106e-02 5.156390e+03 9.380118e+03 1.266966e+04 1.885620e+04  
2.709354e-02 5.111815e+03 9.298576e+03 1.255908e+04 1.869072e+04  
2.747121e-02 5.066142e+03 9.215047e+03 1.244582e+04 1.852126e+04  
2.785414e-02 5.019410e+03 9.129599e+03 1.232997e+04 1.834796e+04  
2.824241e-02 4.971662e+03 9.042312e+03 1.221164e+04 1.817099e+04  
2.863610e-02 4.922946e+03 8.953275e+03 1.209096e+04 1.799053e+04  
2.903527e-02 4.873316e+03 8.862586e+03 1.196805e+04 1.780676e+04  
2.944000e-02 4.822828e+03 8.770348e+03 1.184306e+04 1.761991e+04  
2.985038e-02 4.771532e+03 8.676651e+03 1.171611e+04 1.743016e+04  
3.026648e-02 4.719477e+03 8.581586e+03 1.158732e+04 1.723768e+04  
3.068838e-02 4.666718e+03 8.485252e+03 1.145682e+04 1.704268e+04  
3.111616e-02 4.613313e+03 8.387759e+03 1.132477e+04 1.684539e+04  
3.154990e-02 4.559330e+03 8.289227e+03 1.119132e+04 1.664604e+04  
3.198969e-02 4.504840e+03 8.189787e+03 1.105666e+04 1.644489e+04  
3.243561e-02 4.449918e+03 8.089576e+03 1.092097e+04 1.624224e+04  
3.288774e-02 4.394628e+03 7.988711e+03 1.078440e+04 1.603830e+04  
3.334618e-02 4.339031e+03 7.887301e+03 1.064711e+04 1.583330e+04  
3.381101e-02 4.283190e+03 7.785463e+03 1.050926e+04 1.562749e+04  
3.428231e-02 4.227175e+03 7.683326e+03 1.037101e+04 1.542111e+04  
3.476019e-02 4.171063e+03 7.581027e+03 1.023256e+04 1.521444e+04  
3.524473e-02 4.114934e+03 7.478712e+03 1.009409e+04 1.500778e+04  
3.573602e-02 4.058875e+03 7.376539e+03 9.955832e+03 1.480145e+04  
3.623416e-02 4.002960e+03 7.274644e+03 9.817959e+03 1.459572e+04  
3.673925e-02 3.947257e+03 7.173150e+03 9.680641e+03 1.439084e+04  
3.725137e-02 3.891839e+03 7.072189e+03 9.544054e+03 1.418707e+04  
3.777064e-02 3.836782e+03 6.971898e+03 9.408386e+03 1.398469e+04  
3.829714e-02 3.782168e+03 6.872428e+03 9.273836e+03 1.378401e+04  
3.883098e-02 3.728084e+03 6.773934e+03 9.140618e+03 1.358533e+04  
3.937226e-02 3.674620e+03 6.676581e+03 9.008954e+03 1.338899e+04  
3.992109e-02 3.621844e+03 6.580491e+03 8.879005e+03 1.319523e+04  
4.047757e-02 3.569793e+03 6.485731e+03 8.750865e+03 1.300419e+04  
4.104181e-02 3.518505e+03 6.392368e+03 8.624622e+03 1.281600e+04  
4.161391e-02 3.468016e+03 6.300469e+03 8.500369e+03 1.263080e+04  
4.219398e-02 3.418365e+03 6.210105e+03 8.378199e+03 1.244873e+04  
4.278214e-02 3.369592e+03 6.121345e+03 8.258205e+03 1.226993e+04  
4.337850e-02 3.321736e+03 6.034261e+03 8.140486e+03 1.209454e+04  
4.398317e-02 3.274848e+03 5.948946e+03 8.025166e+03 1.192275e+04  
4.459628e-02 3.229001e+03 5.865528e+03 7.912417e+03 1.175482e+04  
4.521792e-02 3.184269e+03 5.784142e+03 7.802422e+03 1.159102e+04  
4.584824e-02 3.140732e+03 5.704933e+03 7.695374e+03 1.143164e+04  
4.648734e-02 3.098472e+03 5.628046e+03 7.591471e+03 1.127697e+04  
4.713535e-02 3.057576e+03 5.553637e+03 7.490921e+03 1.112733e+04  
4.779239e-02 3.018131e+03 5.481864e+03 7.393935e+03 1.098303e+04  
4.845859e-02 2.980167e+03 5.412778e+03 7.300585e+03 1.084417e+04  
4.913407e-02 2.943641e+03 5.346301e+03 7.210763e+03 1.071060e+04  
4.981898e-02 2.908499e+03 5.282333e+03 7.124335e+03 1.058213e+04  
5.051342e-02 2.874678e+03 5.220760e+03 7.041146e+03 1.045851e+04  
5.121755e-02 2.842106e+03 5.161452e+03 6.961021e+03 1.033949e+04  
5.193150e-02 2.810704e+03 5.104261e+03 6.883761e+03 1.022478e+04  
5.265540e-02 2.780397e+03 5.049056e+03 6.809188e+03 1.011411e+04  
5.338938e-02 2.751149e+03 4.995768e+03 6.737209e+03 1.000735e+04  
5.413360e-02 2.722923e+03 4.944330e+03 6.667733e+03 9.904360e+03  
5.488820e-02 2.695677e+03 4.894663e+03 6.600657e+03 9.804988e+03  
5.565331e-02 2.669362e+03 4.846681e+03 6.535861e+03 9.709058e+03  
5.642908e-02 2.643924e+03 4.800283e+03 6.473211e+03 9.616372e+03  
5.721568e-02 2.619298e+03 4.755353e+03 6.412548e+03 9.526697e+03  
5.801323e-02 2.595410e+03 4.711754e+03 6.353691e+03 9.439763e+03  
5.882190e-02 2.572177e+03 4.669337e+03 6.296437e+03 9.355270e+03  
5.964185e-02 2.549506e+03 4.627935e+03 6.240562e+03 9.272887e+03  
6.047322e-02 2.527297e+03 4.587364e+03 6.185820e+03 9.192246e+03  
6.131619e-02 2.505437e+03 4.547426e+03 6.131941e+03 9.112947e+03  
6.217090e-02 2.483806e+03 4.507901e+03 6.078632e+03 9.034554e+03  
6.303753e-02 2.462272e+03 4.468553e+03 6.025574e+03 8.956593e+03  
6.391624e-02 2.440692e+03 4.429124e+03 5.972422e+03 8.878545e+03  
6.480720e-02 2.418909e+03 4.389334e+03 5.918797e+03 8.799850e+03  
6.571058e-02 2.396767e+03 4.348904e+03 5.864326e+03 8.719945e+03  
6.662655e-02 2.374145e+03 4.307618e+03 5.808718e+03 8.638396e+03  
6.755528e-02 2.350924e+03 4.265262e+03 5.751685e+03 8.554770e+03  
6.849697e-02 2.326973e+03 4.221604e+03 5.692916e+03 8.468601e+03  
6.945178e-02 2.302155e+03 4.176400e+03 5.632082e+03 8.379391e+03  
7.041990e-02 2.276350e+03 4.129438e+03 5.568900e+03 8.286714e+03  
7.140151e-02 2.249476e+03 4.080572e+03 5.503170e+03 8.190267e+03  
7.239681e-02 2.221444e+03 4.029647e+03 5.434689e+03 8.089738e+03  
7.340598e-02 2.192165e+03 3.976504e+03 5.363240e+03 7.984798e+03  
7.442922e-02 2.161556e+03 3.921001e+03 5.288633e+03 7.875154e+03  
7.546673e-02 2.129601e+03 3.863110e+03 5.210830e+03 7.760744e+03  
7.651869e-02 2.096300e+03 3.802833e+03 5.129835e+03 7.641568e+03  
7.758532e-02 2.061656e+03 3.740180e+03 5.045660e+03 7.517634e+03  
7.866682e-02 2.025682e+03 3.675178e+03 4.958342e+03 7.388992e+03  
7.976339e-02 1.988447e+03 3.607953e+03 4.868052e+03 7.255891e+03  
8.087525e-02 1.950049e+03 3.538681e+03 4.775025e+03 7.118679e+03  
8.200261e-02 1.910594e+03 3.467555e+03 4.679520e+03 6.977738e+03  
8.314568e-02 1.870200e+03 3.394789e+03 4.581827e+03 6.833501e+03  
8.430468e-02 1.829012e+03 3.320641e+03 4.482291e+03 6.686478e+03  
8.547985e-02 1.787187e+03 3.245394e+03 4.381293e+03 6.537241e+03  
8.667139e-02 1.744897e+03 3.169357e+03 4.279249e+03 6.386412e+03  
8.787954e-02 1.702324e+03 3.092854e+03 4.176596e+03 6.234644e+03  
8.910453e-02 1.659654e+03 3.016217e+03 4.073777e+03 6.082604e+03  
9.034660e-02 1.617086e+03 2.939801e+03 3.971271e+03 5.931011e+03  
9.160598e-02 1.574833e+03 2.863984e+03 3.869585e+03 5.780627e+03  
9.288292e-02 1.533096e+03 2.789125e+03 3.769202e+03 5.632180e+03  
9.417766e-02 1.492078e+03 2.715586e+03 3.670607e+03 5.486397e+03  
9.549045e-02 1.451999e+03 2.643751e+03 3.574318e+03 5.344060e+03  
9.682153e-02 1.413087e+03 2.574029e+03 3.480882e+03 5.205996e+03  
9.817117e-02 1.375542e+03 2.506771e+03 3.390770e+03 5.072912e+03  
9.953962e-02 1.339536e+03 2.442281e+03 3.304389e+03 4.945423e+03  
1.009272e-01 1.305251e+03 2.380879e+03 3.222169e+03 4.824178e+03  
1.023340e-01 1.272873e+03 2.322892e+03 3.144547e+03 4.709838e+03  
1.037605e-01 1.242511e+03 2.268510e+03 3.071778e+03 4.602789e+03  
1.052069e-01 1.214221e+03 2.217830e+03 3.003991e+03 4.503228e+03  
1.066734e-01 1.188061e+03 2.170947e+03 2.941311e+03 4.411349e+03  
1.081604e-01 1.164064e+03 2.127918e+03 2.883816e+03 4.327272e+03  
1.096681e-01 1.142166e+03 2.088626e+03 2.831346e+03 4.250763e+03  
1.111968e-01 1.122266e+03 2.052884e+03 2.783651e+03 4.181452e+03  
1.127468e-01 1.104245e+03 2.020482e+03 2.740448e+03 4.118918e+03  
1.143184e-01 1.087952e+03 1.991146e+03 2.701367e+03 4.062613e+03  
1.159120e-01 1.073187e+03 1.964520e+03 2.665932e+03 4.011825e+03  
1.175277e-01 1.059730e+03 1.940212e+03 2.633616e+03 3.965765e+03  
1.191660e-01 1.047343e+03 1.917796e+03 2.603850e+03 3.923578e+03  
1.208271e-01 1.035775e+03 1.896831e+03 2.576038e+03 3.884370e+03  
1.225114e-01 1.024757e+03 1.876838e+03 2.549539e+03 3.847171e+03  
1.242191e-01 1.014002e+03 1.857312e+03 2.523673e+03 3.810954e+03  
1.259506e-01 1.003252e+03 1.837797e+03 2.497830e+03 3.774787e+03  
1.277063e-01 9.922498e+02 1.817840e+03 2.471400e+03 3.737743e+03  
1.294865e-01 9.807240e+02 1.796967e+03 2.443742e+03 3.698837e+03  
1.312915e-01 9.684475e+02 1.774778e+03 2.414320e+03 3.657245e+03  
1.331216e-01 9.552112e+02 1.750909e+03 2.382643e+03 3.612201e+03  
1.349772e-01 9.408051e+02 1.724994e+03 2.348215e+03 3.562938e+03  
1.368587e-01 9.251204e+02 1.696845e+03 2.310783e+03 3.509051e+03  
1.387665e-01 9.080969e+02 1.666359e+03 2.270207e+03 3.450314e+03  
1.407008e-01 8.896966e+02 1.633475e+03 2.226401e+03 3.386578e+03  
1.426621e-01 8.699976e+02 1.598331e+03 2.179552e+03 3.318121e+03  
1.446507e-01 8.491224e+02 1.561147e+03 2.129955e+03 3.245384e+03  
1.466671e-01 8.272325e+02 1.522208e+03 2.077992e+03 3.168950e+03  
1.487115e-01 8.045634e+02 1.481930e+03 2.024224e+03 3.089673e+03  
1.507845e-01 7.813798e+02 1.440779e+03 1.969276e+03 3.008516e+03  
1.528864e-01 7.579657e+02 1.399252e+03 1.913822e+03 2.926509e+03  
1.550175e-01 7.346268e+02 1.357884e+03 1.858580e+03 2.844760e+03  
1.571784e-01 7.116830e+02 1.317237e+03 1.804305e+03 2.764429e+03  
1.593694e-01 6.894407e+02 1.277844e+03 1.751715e+03 2.686620e+03  
1.615909e-01 6.682160e+02 1.240255e+03 1.701550e+03 2.612469e+03  
1.638434e-01 6.482654e+02 1.204917e+03 1.654409e+03 2.542895e+03  
1.661273e-01 6.297940e+02 1.172184e+03 1.610766e+03 2.478628e+03  
1.684430e-01 6.129646e+02 1.142338e+03 1.570999e+03 2.420246e+03  
1.707910e-01 5.978292e+02 1.115463e+03 1.535222e+03 2.367926e+03  
1.731717e-01 5.844029e+02 1.091583e+03 1.503463e+03 2.321717e+03  
1.755856e-01 5.725876e+02 1.070522e+03 1.475488e+03 2.281264e+03  
1.780332e-01 5.622331e+02 1.052015e+03 1.450939e+03 2.246027e+03  
1.805149e-01 5.531406e+02 1.035711e+03 1.429348e+03 2.215294e+03  
1.830312e-01 5.450707e+02 1.021192e+03 1.410151e+03 2.188209e+03  
1.855825e-01 5.377520e+02 1.007984e+03 1.392712e+03 2.163801e+03  
1.881694e-01 5.308802e+02 9.955553e+02 1.376320e+03 2.140977e+03  
1.907924e-01 5.241491e+02 9.833747e+02 1.360258e+03 2.118635e+03  
1.934520e-01 5.172578e+02 9.709198e+02 1.343824e+03 2.095689e+03  
1.961486e-01 5.099207e+02 9.576963e+02 1.326351e+03 2.071101e+03  
1.988828e-01 5.018839e+02 9.432655e+02 1.307248e+03 2.043949e+03  
2.016551e-01 4.929628e+02 9.273098e+02 1.286084e+03 2.013554e+03  
2.044661e-01 4.830749e+02 9.096894e+02 1.262671e+03 1.979615e+03  
2.073162e-01 4.722261e+02 8.904169e+02 1.237024e+03 1.942148e+03  
2.102061e-01 4.605219e+02 8.696779e+02 1.209394e+03 1.901539e+03  
2.131362e-01 4.481359e+02 8.477753e+02 1.180188e+03 1.858420e+03  
2.161073e-01 4.353018e+02 8.251150e+02 1.149955e+03 1.813645e+03  
2.191197e-01 4.222866e+02 8.021593e+02 1.119318e+03 1.768186e+03  
2.221741e-01 4.093790e+02 7.794077e+02 1.088950e+03 1.723091e+03  
2.252711e-01 3.968634e+02 7.573499e+02 1.059511e+03 1.679385e+03  
2.284112e-01 3.850048e+02 7.364415e+02 1.031614e+03 1.638020e+03  
2.315951e-01 3.740134e+02 7.170427e+02 1.005741e+03 1.599742e+03  
2.348235e-01 3.640294e+02 6.993919e+02 9.822114e+02 1.565045e+03  
2.380968e-01 3.551146e+02 6.835918e+02 9.611629e+02 1.534141e+03  
2.414157e-01 3.472426e+02 6.695942e+02 9.425293e+02 1.506928e+03  
2.447809e-01 3.403234e+02 6.572410e+02 9.260976e+02 1.483077e+03  
2.481930e-01 3.342014e+02 6.462622e+02 9.115054e+02 1.462031e+03  
2.516527e-01 3.286715e+02 6.363042e+02 8.982773e+02 1.443057e+03  
2.551606e-01 3.234897e+02 6.269467e+02 8.858492e+02 1.425282e+03  
2.587174e-01 3.183881e+02 6.177305e+02 8.736039e+02 1.407749e+03  
2.623238e-01 3.131140e+02 6.082226e+02 8.609590e+02 1.389554e+03  
2.659804e-01 3.074578e+02 5.980653e+02 8.474334e+02 1.369946e+03  
2.696881e-01 3.013026e+02 5.870605e+02 8.327603e+02 1.348508e+03  
2.734474e-01 2.946278e+02 5.751748e+02 8.168947e+02 1.325169e+03  
2.772591e-01 2.874974e+02 5.625196e+02 7.999872e+02 1.300164e+03  
2.811239e-01 2.800371e+02 5.493110e+02 7.823293e+02 1.273949e+03  
2.850426e-01 2.724039e+02 5.358186e+02 7.642845e+02 1.247093e+03  
2.890160e-01 2.647821e+02 5.223570e+02 7.462760e+02 1.220257e+03  
2.930447e-01 2.573735e+02 5.092697e+02 7.287657e+02 1.194159e+03  
2.971296e-01 2.503664e+02 4.968761e+02 7.121819e+02 1.169464e+03  
3.012714e-01 2.439055e+02 4.854208e+02 6.968515e+02 1.146677e+03  
3.054710e-01 2.380609e+02 4.750202e+02 6.829296e+02 1.126036e+03  
3.097291e-01 2.328134e+02 4.656393e+02 6.703681e+02 1.107463e+03  
3.140465e-01 2.280745e+02 4.571261e+02 6.589626e+02 1.090642e+03  
3.184242e-01 2.237120e+02 4.492548e+02 6.484101e+02 1.075105e+03  
3.228628e-01 2.195768e+02 4.417720e+02 6.383709e+02 1.060325e+03  
3.273634e-01 2.155148e+02 4.344165e+02 6.284956e+02 1.045763e+03  
3.319266e-01 2.113785e+02 4.269395e+02 6.184507e+02 1.030904e+03  
3.365535e-01 2.070545e+02 4.191502e+02 6.079814e+02 1.015355e+03  
3.412449e-01 2.024963e+02 4.109715e+02 5.969850e+02 9.989606e+02  
3.460016e-01 1.977329e+02 4.024532e+02 5.855293e+02 9.818270e+02  
3.508247e-01 1.928528e+02 3.937458e+02 5.738162e+02 9.642695e+02  
3.557150e-01 1.879740e+02 3.850484e+02 5.621128e+02 9.467023e+02  
3.606735e-01 1.832136e+02 3.765574e+02 5.506817e+02 9.295312e+02  
3.657011e-01 1.786717e+02 3.684406e+02 5.397465e+02 9.130998e+02  
3.707988e-01 1.744216e+02 3.608193e+02 5.294685e+02 8.976543e+02  
3.759675e-01 1.704942e+02 3.537441e+02 5.199142e+02 8.832947e+02  
3.812083e-01 1.668670e+02 3.471758e+02 5.110304e+02 8.699374e+02  
3.865221e-01 1.634685e+02 3.409937e+02 5.026559e+02 8.573341e+02  
3.919100e-01 1.602077e+02 3.350450e+02 4.945871e+02 8.451730e+02  
3.973730e-01 1.569948e+02 3.291801e+02 4.866248e+02 8.331504e+02  
4.029122e-01 1.537607e+02 3.232838e+02 4.786164e+02 8.210345e+02  
4.085286e-01 1.504594e+02 3.172805e+02 4.704619e+02 8.086747e+02  
4.142232e-01 1.470898e+02 3.111689e+02 4.621602e+02 7.960720e+02  
4.199973e-01 1.436951e+02 3.050212e+02 4.538080e+02 7.833755e+02  
4.258518e-01 1.403422e+02 2.989486e+02 4.455528e+02 7.708108e+02  
4.317880e-01 1.370874e+02 2.930440e+02 4.375178e+02 7.585646e+02  
4.378069e-01 1.339745e+02 2.873792e+02 4.297978e+02 7.467798e+02  
4.439097e-01 1.310302e+02 2.819971e+02 4.224489e+02 7.355397e+02  
4.500975e-01 1.282513e+02 2.768921e+02 4.154630e+02 7.248303e+02  
4.563716e-01 1.256018e+02 2.720038e+02 4.087599e+02 7.145302e+02  
4.627332e-01 1.230299e+02 2.672468e+02 4.022271e+02 7.044700e+02  
4.691835e-01 1.204944e+02 2.625536e+02 3.957756e+02 6.945169e+02  
4.757236e-01 1.179695e+02 2.578818e+02 3.893498e+02 6.845890e+02  
4.823549e-01 1.154424e+02 2.532109e+02 3.829234e+02 6.746485e+02  
4.890787e-01 1.129250e+02 2.485606e+02 3.765226e+02 6.647358e+02  
4.958962e-01 1.104511e+02 2.439860e+02 3.702198e+02 6.549591e+02  
5.028087e-01 1.080513e+02 2.395368e+02 3.640799e+02 6.454147e+02  
5.098176e-01 1.057403e+02 2.352362e+02 3.581332e+02 6.361464e+02  
5.169242e-01 1.035225e+02 2.310909e+02 3.523880e+02 6.271660e+02  
5.241298e-01 1.013909e+02 2.270890e+02 3.468285e+02 6.184490e+02  
5.314359e-01 9.932330e+01 2.231945e+02 3.414076e+02 6.099263e+02  
5.388438e-01 9.729324e+01 2.193645e+02 3.360694e+02 6.015165e+02  
5.463550e-01 9.529053e+01 2.155826e+02 3.307929e+02 5.931896e+02  
5.539709e-01 9.331344e+01 2.118462e+02 3.255748e+02 5.849413e+02  
5.616930e-01 9.136647e+01 2.081624e+02 3.204246e+02 5.767860e+02  
5.695227e-01 8.946452e+01 2.045550e+02 3.153729e+02 5.687682e+02  
5.774615e-01 8.762003e+01 2.010435e+02 3.104449e+02 5.609236e+02  
5.855110e-01 8.583340e+01 1.976283e+02 3.056408e+02 5.532520e+02  
5.936727e-01 8.410106e+01 1.943034e+02 3.009528e+02 5.457419e+02  
6.019482e-01 8.241683e+01 1.910587e+02 2.963677e+02 5.383743e+02  
6.103390e-01 8.076608e+01 1.878711e+02 2.918559e+02 5.311072e+02  
6.188468e-01 7.914572e+01 1.847356e+02 2.874111e+02 5.239322e+02  
6.274732e-01 7.755661e+01 1.816535e+02 2.830350e+02 5.168517e+02  
6.362198e-01 7.600099e+01 1.786282e+02 2.787319e+02 5.098719e+02  
6.450884e-01 7.448415e+01 1.756678e+02 2.745121e+02 5.030071e+02  
6.540806e-01 7.300829e+01 1.727756e+02 2.703796e+02 4.962625e+02  
6.631981e-01 7.157240e+01 1.699498e+02 2.663321e+02 4.896343e+02  
6.724427e-01 7.017275e+01 1.671844e+02 2.623617e+02 4.831120e+02  
6.818162e-01 6.880223e+01 1.644683e+02 2.584547e+02 4.766764e+02  
6.913204e-01 6.746096e+01 1.618015e+02 2.546109e+02 4.703276e+02  
7.009570e-01 6.614959e+01 1.591851e+02 2.508316e+02 4.640671e+02  
7.107280e-01 6.486865e+01 1.566196e+02 2.471176e+02 4.578958e+02  
7.206351e-01 6.361777e+01 1.541043e+02 2.434678e+02 4.518123e+02  
7.306804e-01 6.239617e+01 1.516380e+02 2.398806e+02 4.458141e+02  
7.408657e-01 6.120290e+01 1.492191e+02 2.363539e+02 4.398986e+02  
7.511929e-01 6.003707e+01 1.468460e+02 2.328859e+02 4.340629e+02  
7.616642e-01 5.889792e+01 1.445175e+02 2.294750e+02 4.283049e+02  
7.722814e-01 5.778464e+01 1.422323e+02 2.261194e+02 4.226222e+02  
7.830465e-01 5.669630e+01 1.399889e+02 2.228172e+02 4.170123e+02  
7.939618e-01 5.563222e+01 1.377861e+02 2.195671e+02 4.114732e+02  
8.050292e-01 5.459190e+01 1.356231e+02 2.163679e+02 4.060033e+02  
8.162509e-01 5.357472e+01 1.334988e+02 2.132182e+02 4.006008e+02  
8.276289e-01 5.258005e+01 1.314123e+02 2.101169e+02 3.952641e+02  
8.391656e-01 5.160740e+01 1.293626e+02 2.070629e+02 3.899916e+02  
8.508632e-01 5.065625e+01 1.273490e+02 2.040549e+02 3.847818e+02  
8.627237e-01 4.972599e+01 1.253704e+02 2.010919e+02 3.796330e+02  
8.747496e-01 4.881605e+01 1.234259e+02 1.981727e+02 3.745438e+02  
8.869432e-01 4.792593e+01 1.215147e+02 1.952961e+02 3.695127e+02  
8.993067e-01 4.705506e+01 1.196358e+02 1.924611e+02 3.645383e+02  
9.118425e-01 4.620282e+01 1.177883e+02 1.896665e+02 3.596189e+02  
9.245531e-01 4.536875e+01 1.159714e+02 1.869113e+02 3.547533e+02  
9.374409e-01 4.455245e+01 1.141845e+02 1.841948e+02 3.499405e+02  
9.505083e-01 4.375343e+01 1.124268e+02 1.815159e+02 3.451793e+02  
9.637579e-01 4.297122e+01 1.106975e+02 1.788737e+02 3.404684e+02  
9.771921e-01 4.220542e+01 1.089960e+02 1.762675e+02 3.358069e+02  
9.908137e-01 4.145560e+01 1.073216e+02 1.736964e+02 3.311937e+02  
1.004625e+00 4.072127e+01 1.056736e+02 1.711595e+02 3.266277e+02  
1.018629e+00 4.000202e+01 1.040513e+02 1.686561e+02 3.221079e+02  
1.032828e+00 3.929750e+01 1.024541e+02 1.661854e+02 3.176334e+02  
1.047225e+00 3.860731e+01 1.008815e+02 1.637467e+02 3.132035e+02  
1.061823e+00 3.793103e+01 9.933269e+01 1.613393e+02 3.088172e+02  
1.076624e+00 3.726835e+01 9.780731e+01 1.589625e+02 3.044738e+02  
1.091632e+00 3.661895e+01 9.630482e+01 1.566159e+02 3.001725e+02  
1.106848e+00 3.598247e+01 9.482467e+01 1.542986e+02 2.959127e+02  
1.122277e+00 3.535855e+01 9.336633e+01 1.520102e+02 2.916936e+02  
1.137921e+00 3.474692e+01 9.192935e+01 1.497500e+02 2.875147e+02  
1.153783e+00 3.414723e+01 9.051324e+01 1.475176e+02 2.833752e+02  
1.169866e+00 3.355914e+01 8.911745e+01 1.453122e+02 2.792747e+02  
1.186174e+00 3.298234e+01 8.774158e+01 1.431335e+02 2.752124e+02  
1.202708e+00 3.241660e+01 8.638522e+01 1.409809e+02 2.711880e+02  
1.219473e+00 3.186160e+01 8.504793e+01 1.388541e+02 2.672010e+02  
1.236472e+00 3.131705e+01 8.372930e+01 1.367524e+02 2.632508e+02  
1.253708e+00 3.078273e+01 8.242896e+01 1.346755e+02 2.593372e+02  
1.271184e+00 3.025839e+01 8.114657e+01 1.326230e+02 2.554596e+02  
1.288904e+00 2.974374e+01 7.988172e+01 1.305945e+02 2.516177e+02  
1.306870e+00 2.923855e+01 7.863407e+01 1.285896e+02 2.478112e+02  
1.325087e+00 2.874261e+01 7.740331e+01 1.266079e+02 2.440397e+02  
1.343558e+00 2.825569e+01 7.618911e+01 1.246491e+02 2.403030e+02  
1.362287e+00 2.777753e+01 7.499113e+01 1.227128e+02 2.366007e+02  
1.381276e+00 2.730794e+01 7.380908e+01 1.207988e+02 2.329326e+02  
1.400531e+00 2.684674e+01 7.264270e+01 1.189067e+02 2.292985e+02  
1.420053e+00 2.639371e+01 7.149169e+01 1.170362e+02 2.256982e+02  
1.439848e+00 2.594864e+01 7.035576e+01 1.151870e+02 2.221315e+02  
1.459919e+00 2.551136e+01 6.923469e+01 1.133589e+02 2.185981e+02  
1.480269e+00 2.508168e+01 6.812819e+01 1.115516e+02 2.150980e+02  
1.500903e+00 2.465940e+01 6.703602e+01 1.097649e+02 2.116309e+02  
1.521825e+00 2.424434e+01 6.595794e+01 1.079984e+02 2.081969e+02  
1.543038e+00 2.383636e+01 6.489373e+01 1.062520e+02 2.047956e+02  
1.564548e+00 2.343529e+01 6.384318e+01 1.045255e+02 2.014272e+02  
1.586357e+00 2.304095e+01 6.280606e+01 1.028186e+02 1.980914e+02  
1.608469e+00 2.265321e+01 6.178219e+01 1.011312e+02 1.947882e+02  
1.630891e+00 2.227193e+01 6.077138e+01 9.946305e+01 1.915178e+02  
1.653624e+00 2.189695e+01 5.977343e+01 9.781396e+01 1.882796e+02  
1.676675e+00 2.152813e+01 5.878815e+01 9.618375e+01 1.850740e+02  
1.700047e+00 2.116533e+01 5.781537e+01 9.457228e+01 1.819008e+02  
1.723745e+00 2.080844e+01 5.685493e+01 9.297936e+01 1.787602e+02  
1.747773e+00 2.045729e+01 5.590665e+01 9.140484e+01 1.756519e+02  
1.772136e+00 2.011177e+01 5.497037e+01 8.984858e+01 1.725762e+02  
1.796838e+00 1.977179e+01 5.404595e+01 8.831043e+01 1.695329e+02  
1.821885e+00 1.943722e+01 5.313326e+01 8.679026e+01 1.665221e+02  
1.847281e+00 1.910795e+01 5.223215e+01 8.528794e+01 1.635438e+02  
1.873032e+00 1.878388e+01 5.134247e+01 8.380334e+01 1.605980e+02  
1.899141e+00 1.846490e+01 5.046411e+01 8.233633e+01 1.576848e+02  
1.925614e+00 1.815090e+01 4.959693e+01 8.088680e+01 1.548042e+02  
1.952456e+00 1.784177e+01 4.874079e+01 7.945462e+01 1.519563e+02  
1.979672e+00 1.753742e+01 4.789558e+01 7.803970e+01 1.491410e+02  
2.007267e+00 1.723777e+01 4.706118e+01 7.664191e+01 1.463585e+02  
2.035248e+00 1.694270e+01 4.623748e+01 7.526116e+01 1.436088e+02  
2.063618e+00 1.665214e+01 4.542437e+01 7.389735e+01 1.408919e+02  
2.092383e+00 1.636602e+01 4.462175e+01 7.255039e+01 1.382078e+02  
2.121550e+00 1.608423e+01 4.382951e+01 7.122016e+01 1.355566e+02  
2.151123e+00 1.580670e+01 4.304755e+01 6.990660e+01 1.329384e+02  
2.181109e+00 1.553337e+01 4.227578e+01 6.860960e+01 1.303532e+02  
2.211512e+00 1.526415e+01 4.151411e+01 6.732908e+01 1.278009e+02  
2.242340e+00 1.499897e+01 4.076243e+01 6.606496e+01 1.252817e+02  
2.273597e+00 1.473776e+01 4.002065e+01 6.481715e+01 1.227955e+02  
2.305289e+00 1.448045e+01 3.928870e+01 6.358556e+01 1.203424e+02  
2.337424e+00 1.422697e+01 3.856649e+01 6.237013e+01 1.179223e+02  
2.370006e+00 1.397726e+01 3.785392e+01 6.117076e+01 1.155353e+02  
2.403043e+00 1.373125e+01 3.715092e+01 5.998738e+01 1.131814e+02  
2.436540e+00 1.348889e+01 3.645741e+01 5.881991e+01 1.108605e+02  
2.470504e+00 1.325011e+01 3.577330e+01 5.766829e+01 1.085726e+02  
2.504942e+00 1.301487e+01 3.509853e+01 5.653242e+01 1.063178e+02  
2.539859e+00 1.278310e+01 3.443301e+01 5.541223e+01 1.040959e+02  
2.575263e+00 1.255475e+01 3.377667e+01 5.430766e+01 1.019068e+02  
2.611161e+00 1.232976e+01 3.312944e+01 5.321862e+01 9.975063e+01  
2.647559e+00 1.210810e+01 3.249125e+01 5.214503e+01 9.762720e+01  
2.684465e+00 1.188970e+01 3.186201e+01 5.108683e+01 9.553644e+01  
2.721885e+00 1.167452e+01 3.124167e+01 5.004394e+01 9.347826e+01  
2.759826e+00 1.146251e+01 3.063016e+01 4.901627e+01 9.145256e+01  
2.798297e+00 1.125362e+01 3.002739e+01 4.800376e+01 8.945923e+01  
2.837304e+00 1.104782e+01 2.943331e+01 4.700633e+01 8.749812e+01  
2.876854e+00 1.084506e+01 2.884786e+01 4.602389e+01 8.556911e+01  
2.916956e+00 1.064530e+01 2.827095e+01 4.505636e+01 8.367205e+01  
2.957617e+00 1.044849e+01 2.770254e+01 4.410368e+01 8.180677e+01  
2.998844e+00 1.025460e+01 2.714254e+01 4.316575e+01 7.997310e+01  
3.040646e+00 1.006359e+01 2.659090e+01 4.224248e+01 7.817086e+01  
3.083031e+00 9.875417e+00 2.604755e+01 4.133380e+01 7.639986e+01  
3.126007e+00 9.690046e+00 2.551242e+01 4.043962e+01 7.465989e+01  
3.169582e+00 9.507442e+00 2.498546e+01 3.955984e+01 7.295073e+01  
3.213764e+00 9.327569e+00 2.446660e+01 3.869439e+01 7.127217e+01  
3.258562e+00 9.150394e+00 2.395577e+01 3.784316e+01 6.962397e+01  
3.303985e+00 8.975885e+00 2.345291e+01 3.700606e+01 6.800588e+01  
3.350041e+00 8.804005e+00 2.295796e+01 3.618300e+01 6.641766e+01  
3.396739e+00 8.634725e+00 2.247086e+01 3.537387e+01 6.485904e+01  
3.444087e+00 8.468013e+00 2.199154e+01 3.457858e+01 6.332975e+01  
3.492096e+00 8.303836e+00 2.151993e+01 3.379703e+01 6.182952e+01  
3.540774e+00 8.142165e+00 2.105598e+01 3.302910e+01 6.035805e+01  
3.590130e+00 7.982969e+00 2.059962e+01 3.227469e+01 5.891506e+01  
3.640175e+00 7.826222e+00 2.015078e+01 3.153370e+01 5.750025e+01  
3.690917e+00 7.671892e+00 1.970941e+01 3.080600e+01 5.611331e+01  
3.742366e+00 7.519953e+00 1.927544e+01 3.009149e+01 5.475393e+01  
3.794533e+00 7.370376e+00 1.884881e+01 2.939005e+01 5.342180e+01  
3.847427e+00 7.223135e+00 1.842944e+01 2.870155e+01 5.211658e+01  
3.901058e+00 7.078203e+00 1.801728e+01 2.802588e+01 5.083796e+01  
3.955436e+00 6.935553e+00 1.761227e+01 2.736291e+01 4.958559e+01  
4.010573e+00 6.795159e+00 1.721432e+01 2.671251e+01 4.835915e+01  
4.066478e+00 6.656996e+00 1.682339e+01 2.607457e+01 4.715829e+01  
4.123163e+00 6.521039e+00 1.643941e+01 2.544894e+01 4.598267e+01  
4.180637e+00 6.387262e+00 1.606230e+01 2.483549e+01 4.483194e+01  
4.238913e+00 6.255642e+00 1.569200e+01 2.423410e+01 4.370576e+01  
4.298001e+00 6.126153e+00 1.532845e+01 2.364462e+01 4.260377e+01  
4.357913e+00 5.998771e+00 1.497157e+01 2.306691e+01 4.152562e+01  
4.418660e+00 5.873474e+00 1.462130e+01 2.250084e+01 4.047096e+01  
4.480254e+00 5.750238e+00 1.427757e+01 2.194627e+01 3.943942e+01  
4.542706e+00 5.629039e+00 1.394031e+01 2.140304e+01 3.843066e+01  
4.606029e+00 5.509854e+00 1.360945e+01 2.087102e+01 3.744432e+01  
4.670234e+00 5.392661e+00 1.328491e+01 2.035007e+01 3.648003e+01  
4.735335e+00 5.277436e+00 1.296664e+01 1.984002e+01 3.553744e+01  
4.801343e+00 5.164157e+00 1.265456e+01 1.934074e+01 3.461619e+01  
4.868271e+00 5.052803e+00 1.234859e+01 1.885208e+01 3.371593e+01  
4.936132e+00 4.943351e+00 1.204866e+01 1.837389e+01 3.283629e+01  
5.004939e+00 4.835780e+00 1.175471e+01 1.790601e+01 3.197693e+01  
5.074705e+00 4.730067e+00 1.146666e+01 1.744830e+01 3.113748e+01  
5.145444e+00 4.626192e+00 1.118443e+01 1.700060e+01 3.031760e+01  
5.217169e+00 4.524132e+00 1.090795e+01 1.656276e+01 2.951693e+01  
5.289893e+00 4.423866e+00 1.063715e+01 1.613464e+01 2.873513e+01  
5.363631e+00 4.325374e+00 1.037195e+01 1.571607e+01 2.797185e+01  
5.438397e+00 4.228635e+00 1.011227e+01 1.530690e+01 2.722674e+01  
5.514206e+00 4.133626e+00 9.858053e+00 1.490698e+01 2.649946e+01  
5.591071e+00 4.040329e+00 9.609208e+00 1.451617e+01 2.578967e+01  
5.669007e+00 3.948722e+00 9.365663e+00 1.413430e+01 2.509704e+01  
5.748030e+00 3.858785e+00 9.127343e+00 1.376123e+01 2.442122e+01  
5.828155e+00 3.770498e+00 8.894171e+00 1.339680e+01 2.376189e+01  
5.909396e+00 3.683839e+00 8.666071e+00 1.304087e+01 2.311873e+01  
5.991770e+00 3.598790e+00 8.442966e+00 1.269328e+01 2.249139e+01  
6.075292e+00 3.515329e+00 8.224781e+00 1.235389e+01 2.187958e+01  
6.159978e+00 3.433438e+00 8.011437e+00 1.202254e+01 2.128296e+01  
6.245845e+00 3.353096e+00 7.802860e+00 1.169909e+01 2.070123e+01  
6.332908e+00 3.274283e+00 7.598973e+00 1.138339e+01 2.013406e+01  
6.421186e+00 3.196981e+00 7.399699e+00 1.107530e+01 1.958117e+01  
6.510694e+00 3.121169e+00 7.204963e+00 1.077467e+01 1.904223e+01  
6.601449e+00 3.046827e+00 7.014688e+00 1.048135e+01 1.851697e+01  
6.693470e+00 2.973937e+00 6.828799e+00 1.019522e+01 1.800507e+01  
6.786773e+00 2.902480e+00 6.647221e+00 9.916113e+00 1.750625e+01  
6.881377e+00 2.832436e+00 6.469877e+00 9.643905e+00 1.702023e+01  
6.977300e+00 2.763786e+00 6.296695e+00 9.378454e+00 1.654671e+01  
7.074559e+00 2.696510e+00 6.127598e+00 9.119623e+00 1.608543e+01  
7.173175e+00 2.630592e+00 5.962514e+00 8.867276e+00 1.563611e+01  
7.273165e+00 2.566010e+00 5.801369e+00 8.621280e+00 1.519848e+01  
7.374549e+00 2.502747e+00 5.644089e+00 8.381502e+00 1.477227e+01  
7.477346e+00 2.440784e+00 5.490603e+00 8.147812e+00 1.435723e+01  
7.581576e+00 2.380103e+00 5.340839e+00 7.920080e+00 1.395309e+01  
7.687260e+00 2.320685e+00 5.194724e+00 7.698179e+00 1.355961e+01  
7.794416e+00 2.262511e+00 5.052189e+00 7.481983e+00 1.317653e+01  
7.903066e+00 2.205564e+00 4.913163e+00 7.271368e+00 1.280361e+01  
8.013230e+00 2.149825e+00 4.777577e+00 7.066212e+00 1.244062e+01  
8.124930e+00 2.095275e+00 4.645362e+00 6.866394e+00 1.208731e+01  
8.238187e+00 2.041898e+00 4.516450e+00 6.671795e+00 1.174346e+01  
8.353023e+00 1.989674e+00 4.390773e+00 6.482298e+00 1.140884e+01  
8.469460e+00 1.938587e+00 4.268266e+00 6.297788e+00 1.108323e+01  
8.587519e+00 1.888618e+00 4.148861e+00 6.118151e+00 1.076640e+01  
8.707225e+00 1.839750e+00 4.032495e+00 5.943276e+00 1.045815e+01  
8.828599e+00 1.791965e+00 3.919103e+00 5.773052e+00 1.015827e+01  
8.951665e+00 1.745245e+00 3.808622e+00 5.607371e+00 9.866538e+00  
9.076446e+00 1.699574e+00 3.700988e+00 5.446128e+00 9.582768e+00  
9.202967e+00 1.654933e+00 3.596141e+00 5.289218e+00 9.306758e+00  
9.331251e+00 1.611306e+00 3.494018e+00 5.136537e+00 9.038314e+00  
9.461324e+00 1.568675e+00 3.394561e+00 4.987986e+00 8.777245e+00  
9.593209e+00 1.527024e+00 3.297709e+00 4.843465e+00 8.523368e+00  
9.726934e+00 1.486335e+00 3.203405e+00 4.702877e+00 8.276499e+00  
9.862522e+00 1.446592e+00 3.111592e+00 4.566127e+00 8.036461e+00  
1.000000e+01 1.407778e+00 3.022211e+00 4.433121e+00 7.803079e+00  
