 1.000000e-02  5.371042e+03  9.768970e+03  1.320315e+04  1.967623e+04 
 1.013939e-02  5.399042e+03  9.820056e+03  1.327221e+04  1.977897e+04 
 1.028073e-02  5.426595e+03  9.870333e+03  1.334016e+04  1.988006e+04 
 1.042404e-02  5.453692e+03  9.919772e+03  1.340697e+04  1.997939e+04 
 1.056935e-02  5.480317e+03  9.968328e+03  1.347258e+04  2.007699e+04 
 1.071668e-02  5.506442e+03  1.001597e+04  1.353695e+04  2.017269e+04 
 1.086606e-02  5.532058e+03  1.006267e+04  1.360005e+04  2.026649e+04 
 1.101753e-02  5.557139e+03  1.010839e+04  1.366182e+04  2.035830e+04 
 1.117111e-02  5.581662e+03  1.015309e+04  1.372220e+04  2.044804e+04 
 1.132683e-02  5.605619e+03  1.019675e+04  1.378116e+04  2.053563e+04 
 1.148472e-02  5.628982e+03  1.023931e+04  1.383864e+04  2.062101e+04 
 1.164481e-02  5.651728e+03  1.028076e+04  1.389459e+04  2.070410e+04 
 1.180713e-02  5.673845e+03  1.032103e+04  1.394896e+04  2.078484e+04 
 1.197171e-02  5.695306e+03  1.036011e+04  1.400170e+04  2.086313e+04 
 1.213859e-02  5.716091e+03  1.039795e+04  1.405277e+04  2.093893e+04 
 1.230780e-02  5.736187e+03  1.043452e+04  1.410211e+04  2.101212e+04 
 1.247936e-02  5.755570e+03  1.046979e+04  1.414970e+04  2.108268e+04 
 1.265332e-02  5.774214e+03  1.050371e+04  1.419545e+04  2.115052e+04 
 1.282970e-02  5.792107e+03  1.053624e+04  1.423932e+04  2.121553e+04 
 1.300854e-02  5.809225e+03  1.056736e+04  1.428127e+04  2.127769e+04 
 1.318987e-02  5.825558e+03  1.059703e+04  1.432125e+04  2.133691e+04 
 1.337373e-02  5.841082e+03  1.062523e+04  1.435926e+04  2.139313e+04 
 1.356015e-02  5.855769e+03  1.065191e+04  1.439519e+04  2.144629e+04 
 1.374917e-02  5.869606e+03  1.067703e+04  1.442901e+04  2.149627e+04 
 1.394083e-02  5.882570e+03  1.070055e+04  1.446066e+04  2.154301e+04 
 1.413516e-02  5.894642e+03  1.072242e+04  1.449010e+04  2.158644e+04 
 1.433219e-02  5.905795e+03  1.074263e+04  1.451726e+04  2.162652e+04 
 1.453198e-02  5.916012e+03  1.076113e+04  1.454211e+04  2.166308e+04 
 1.473454e-02  5.925264e+03  1.077784e+04  1.456456e+04  2.169609e+04 
 1.493993e-02  5.933537e+03  1.079278e+04  1.458459e+04  2.172549e+04 
 1.514819e-02  5.940847e+03  1.080599e+04  1.460227e+04  2.175138e+04 
 1.535935e-02  5.947154e+03  1.081736e+04  1.461749e+04  2.177361e+04 
 1.557345e-02  5.952419e+03  1.082683e+04  1.463016e+04  2.179205e+04 
 1.579053e-02  5.956635e+03  1.083439e+04  1.464020e+04  2.180656e+04 
 1.601064e-02  5.959784e+03  1.083999e+04  1.464761e+04  2.181715e+04 
 1.623382e-02  5.961834e+03  1.084358e+04  1.465229e+04  2.182366e+04 
 1.646012e-02  5.962784e+03  1.084517e+04  1.465426e+04  2.182613e+04 
 1.668956e-02  5.962609e+03  1.084472e+04  1.465348e+04  2.182447e+04 
 1.692220e-02  5.961317e+03  1.084223e+04  1.464991e+04  2.181870e+04 
 1.715809e-02  5.958869e+03  1.083760e+04  1.464349e+04  2.180865e+04 
 1.739726e-02  5.955254e+03  1.083086e+04  1.463420e+04  2.179430e+04 
 1.763977e-02  5.950450e+03  1.082195e+04  1.462197e+04  2.177558e+04 
 1.788566e-02  5.944457e+03  1.081088e+04  1.460680e+04  2.175248e+04 
 1.813498e-02  5.937241e+03  1.079756e+04  1.458859e+04  2.172488e+04 
 1.838777e-02  5.928796e+03  1.078199e+04  1.456737e+04  2.169276e+04 
 1.864409e-02  5.919092e+03  1.076415e+04  1.454306e+04  2.165604e+04 
 1.890397e-02  5.908140e+03  1.074403e+04  1.451565e+04  2.161470e+04 
 1.916748e-02  5.895916e+03  1.072159e+04  1.448512e+04  2.156868e+04 
 1.943467e-02  5.882418e+03  1.069682e+04  1.445143e+04  2.151798e+04 
 1.970558e-02  5.867635e+03  1.066971e+04  1.441458e+04  2.146256e+04 
 1.998026e-02  5.851558e+03  1.064024e+04  1.437454e+04  2.140241e+04 
 2.025878e-02  5.834188e+03  1.060842e+04  1.433132e+04  2.133750e+04 
 2.054117e-02  5.815522e+03  1.057423e+04  1.428491e+04  2.126785e+04 
 2.082751e-02  5.795563e+03  1.053769e+04  1.423530e+04  2.119344e+04 
 2.111783e-02  5.774319e+03  1.049880e+04  1.418254e+04  2.111434e+04 
 2.141220e-02  5.751876e+03  1.045771e+04  1.412674e+04  2.103059e+04 
 2.171068e-02  5.728683e+03  1.041501e+04  1.406856e+04  2.094271e+04 
 2.201331e-02  5.704209e+03  1.036998e+04  1.400721e+04  2.085011e+04 
 2.232016e-02  5.678441e+03  1.032261e+04  1.394270e+04  2.075280e+04 
 2.263130e-02  5.651389e+03  1.027287e+04  1.387501e+04  2.065076e+04 
 2.294676e-02  5.623057e+03  1.022081e+04  1.380415e+04  2.054402e+04 
 2.326663e-02  5.593444e+03  1.016644e+04  1.373018e+04  2.043262e+04 
 2.359095e-02  5.562573e+03  1.010975e+04  1.365310e+04  2.031659e+04 
 2.391980e-02  5.530438e+03  1.005078e+04  1.357293e+04  2.019596e+04 
 2.425323e-02  5.497065e+03  9.989558e+03  1.348970e+04  2.007081e+04 
 2.459130e-02  5.462474e+03  9.926124e+03  1.340348e+04  1.994121e+04 
 2.493409e-02  5.426688e+03  9.860510e+03  1.331434e+04  1.980725e+04 
 2.528166e-02  5.389736e+03  9.792787e+03  1.322234e+04  1.966902e+04 
 2.563407e-02  5.351646e+03  9.722983e+03  1.312754e+04  1.952666e+04 
 2.599140e-02  5.312458e+03  9.651189e+03  1.303005e+04  1.938028e+04 
 2.635371e-02  5.272209e+03  9.577470e+03  1.292997e+04  1.923005e+04 
 2.672106e-02  5.230944e+03  9.501911e+03  1.282739e+04  1.907616e+04 
 2.709354e-02  5.188708e+03  9.424586e+03  1.272243e+04  1.891869e+04 
 2.747121e-02  5.145522e+03  9.345528e+03  1.261515e+04  1.875777e+04 
 2.785414e-02  5.101339e+03  9.264688e+03  1.250549e+04  1.859337e+04 
 2.824241e-02  5.055929e+03  9.181726e+03  1.239305e+04  1.842508e+04 
 2.863610e-02  5.009654e+03  9.097184e+03  1.227848e+04  1.825366e+04 
 2.903527e-02  4.962545e+03  9.011143e+03  1.216189e+04  1.807922e+04 
 2.944000e-02  4.914647e+03  8.923671e+03  1.204337e+04  1.790193e+04 
 2.985038e-02  4.866009e+03  8.834846e+03  1.192303e+04  1.772193e+04 
 3.026648e-02  4.816675e+03  8.744759e+03  1.180099e+04  1.753943e+04 
 3.068838e-02  4.766689e+03  8.653515e+03  1.167739e+04  1.735459e+04 
 3.111616e-02  4.716123e+03  8.561206e+03  1.155237e+04  1.716766e+04 
 3.154990e-02  4.665043e+03  8.467962e+03  1.142608e+04  1.697886e+04 
 3.198969e-02  4.613510e+03  8.373911e+03  1.129873e+04  1.678845e+04 
 3.243561e-02  4.561611e+03  8.279191e+03  1.117045e+04  1.659672e+04 
 3.288774e-02  4.509417e+03  8.183948e+03  1.104148e+04  1.640395e+04 
 3.334618e-02  4.457031e+03  8.088364e+03  1.091205e+04  1.621049e+04 
 3.381101e-02  4.404529e+03  7.992572e+03  1.078235e+04  1.601665e+04 
 3.428231e-02  4.351982e+03  7.896693e+03  1.065253e+04  1.582264e+04 
 3.476019e-02  4.299307e+03  7.800888e+03  1.052314e+04  1.563023e+04 
 3.524473e-02  4.246664e+03  7.705139e+03  1.039385e+04  1.543800e+04 
 3.573602e-02  4.194100e+03  7.609541e+03  1.026475e+04  1.524605e+04 
 3.623416e-02  4.141662e+03  7.514177e+03  1.013597e+04  1.505456e+04 
 3.673925e-02  4.089400e+03  7.419138e+03  1.000762e+04  1.486374e+04 
 3.725137e-02  4.037375e+03  7.324531e+03  9.879861e+03  1.467377e+04 
 3.777064e-02  3.985639e+03  7.230447e+03  9.752813e+03  1.448486e+04 
 3.829714e-02  3.934256e+03  7.137012e+03  9.626650e+03  1.429725e+04 
 3.883098e-02  3.883291e+03  7.044339e+03  9.501502e+03  1.411116e+04 
 3.937226e-02  3.832814e+03  6.952551e+03  9.377560e+03  1.392685e+04 
 3.992109e-02  3.782889e+03  6.861782e+03  9.254980e+03  1.374458e+04 
 4.047757e-02  3.733595e+03  6.772119e+03  9.133872e+03  1.356437e+04 
 4.104181e-02  3.684821e+03  6.682844e+03  9.012676e+03  1.338230e+04 
 4.161391e-02  3.636851e+03  6.595030e+03  8.893453e+03  1.320319e+04 
 4.219398e-02  3.589748e+03  6.508809e+03  8.776385e+03  1.302726e+04 
 4.278214e-02  3.543552e+03  6.424235e+03  8.661543e+03  1.285466e+04 
 4.337850e-02  3.498281e+03  6.341348e+03  8.548970e+03  1.268545e+04 
 4.398317e-02  3.453954e+03  6.260179e+03  8.438735e+03  1.251971e+04 
 4.459628e-02  3.410592e+03  6.180771e+03  8.330878e+03  1.235750e+04 
 4.521792e-02  3.368213e+03  6.103151e+03  8.225439e+03  1.219892e+04 
 4.584824e-02  3.326834e+03  6.027359e+03  8.122460e+03  1.204400e+04 
 4.648734e-02  3.286471e+03  5.953410e+03  8.021986e+03  1.189280e+04 
 4.713535e-02  3.247308e+03  5.882381e+03  7.926226e+03  1.175074e+04 
 4.779239e-02  3.209278e+03  5.813866e+03  7.834325e+03  1.161567e+04 
 4.845859e-02  3.172300e+03  5.747257e+03  7.744984e+03  1.148439e+04 
 4.913407e-02  3.136371e+03  5.682536e+03  7.658195e+03  1.135685e+04 
 4.981898e-02  3.101479e+03  5.619682e+03  7.573918e+03  1.123304e+04 
 5.051342e-02  3.067588e+03  5.558652e+03  7.492085e+03  1.111284e+04 
 5.121755e-02  3.034671e+03  5.499387e+03  7.412622e+03  1.099614e+04 
 5.193150e-02  3.002700e+03  5.441827e+03  7.335465e+03  1.088285e+04 
 5.265540e-02  2.971630e+03  5.385900e+03  7.260493e+03  1.077279e+04 
 5.338938e-02  2.941189e+03  5.330671e+03  7.186015e+03  1.066224e+04 
 5.413360e-02  2.911277e+03  5.275881e+03  7.111577e+03  1.055030e+04 
 5.488820e-02  2.882103e+03  5.222431e+03  7.038957e+03  1.044107e+04 
 5.565331e-02  2.853609e+03  5.170219e+03  6.968003e+03  1.033433e+04 
 5.642908e-02  2.825710e+03  5.119086e+03  6.898513e+03  1.022975e+04 
 5.721568e-02  2.798310e+03  5.068860e+03  6.830230e+03  1.012697e+04 
 5.801323e-02  2.771302e+03  5.019353e+03  6.762934e+03  1.002568e+04 
 5.882190e-02  2.744642e+03  4.970490e+03  6.696522e+03  9.925754e+03 
 5.964185e-02  2.718418e+03  4.922768e+03  6.632008e+03  9.829620e+03 
 6.047322e-02  2.692828e+03  4.877096e+03  6.571206e+03  9.741566e+03 
 6.131619e-02  2.667256e+03  4.831451e+03  6.510423e+03  9.653516e+03 
 6.217090e-02  2.641514e+03  4.785478e+03  6.449186e+03  9.564741e+03 
 6.303753e-02  2.615575e+03  4.739123e+03  6.387406e+03  9.475085e+03 
 6.391624e-02  2.589285e+03  4.692123e+03  6.324745e+03  9.384104e+03 
 6.480720e-02  2.562578e+03  4.644361e+03  6.261057e+03  9.291584e+03 
 6.571058e-02  2.535310e+03  4.595589e+03  6.196005e+03  9.197050e+03 
 6.662655e-02  2.506244e+03  4.541703e+03  6.122109e+03  9.083965e+03 
 6.755528e-02  2.476387e+03  4.486343e+03  6.046167e+03  8.967695e+03 
 6.849697e-02  2.445693e+03  4.429479e+03  5.968217e+03  8.848472e+03 
 6.945178e-02  2.414099e+03  4.370988e+03  5.888088e+03  8.726052e+03 
 7.041990e-02  2.381527e+03  4.310742e+03  5.805607e+03  8.600194e+03 
 7.140151e-02  2.347924e+03  4.248639e+03  5.720650e+03  8.470706e+03 
 7.239681e-02  2.313505e+03  4.185323e+03  5.634369e+03  8.340315e+03 
 7.340598e-02  2.278281e+03  4.120857e+03  5.546927e+03  8.209443e+03 
 7.442922e-02  2.241945e+03  4.054393e+03  5.456803e+03  8.074609e+03 
 7.546673e-02  2.204505e+03  3.985938e+03  5.364008e+03  7.935856e+03 
 7.651869e-02  2.165987e+03  3.915547e+03  5.268628e+03  7.793283e+03 
 7.758532e-02  2.126452e+03  3.843323e+03  5.170785e+03  7.647091e+03 
 7.866682e-02  2.086775e+03  3.771973e+03  5.075223e+03  7.507059e+03 
 7.976339e-02  2.047554e+03  3.703235e+03  4.984953e+03  7.379316e+03 
 8.087525e-02  2.007517e+03  3.632962e+03  4.892554e+03  7.248246e+03 
 8.200261e-02  1.966785e+03  3.561363e+03  4.798310e+03  7.114263e+03 
 8.314568e-02  1.925500e+03  3.488698e+03  4.702550e+03  6.977865e+03 
 8.430468e-02  1.883820e+03  3.415244e+03  4.605666e+03  6.839596e+03 
 8.547985e-02  1.841108e+03  3.338645e+03  4.503322e+03  6.690285e+03 
 8.667139e-02  1.797998e+03  3.260737e+03  4.398642e+03  6.536103e+03 
 8.787954e-02  1.755076e+03  3.183150e+03  4.294376e+03  6.382479e+03 
 8.910453e-02  1.712530e+03  3.106234e+03  4.191002e+03  6.230123e+03 
 9.034660e-02  1.670560e+03  3.030357e+03  4.089013e+03  6.079759e+03 
 9.160598e-02  1.630019e+03  2.957966e+03  3.992539e+03  5.939487e+03 
 9.288292e-02  1.591022e+03  2.889165e+03  3.901633e+03  5.809127e+03 
 9.417766e-02  1.553116e+03  2.822275e+03  3.813223e+03  5.682298e+03 
 9.549045e-02  1.516463e+03  2.757592e+03  3.727729e+03  5.559632e+03 
 9.682153e-02  1.481219e+03  2.695405e+03  3.645538e+03  5.441708e+03 
 9.817117e-02  1.447812e+03  2.636918e+03  3.568685e+03  5.332524e+03 
 9.953962e-02  1.416154e+03  2.581704e+03  3.496324e+03  5.230224e+03 
 1.009272e-01  1.386220e+03  2.529562e+03  3.428051e+03  5.133830e+03 
 1.023340e-01  1.358074e+03  2.480607e+03  3.364022e+03  5.043610e+03 
 1.037605e-01  1.331122e+03  2.433028e+03  3.301116e+03  4.953380e+03 
 1.052069e-01  1.303655e+03  2.381674e+03  3.230531e+03  4.845812e+03 
 1.066734e-01  1.278054e+03  2.333767e+03  3.164646e+03  4.745338e+03 
 1.081604e-01  1.254244e+03  2.289164e+03  3.103264e+03  4.651646e+03 
 1.096681e-01  1.232116e+03  2.247667e+03  3.046110e+03  4.564336e+03 
 1.111968e-01  1.211853e+03  2.209996e+03  2.994370e+03  4.485128e+03 
 1.127468e-01  1.193001e+03  2.174936e+03  2.946190e+03  4.411294e+03 
 1.143184e-01  1.175344e+03  2.142084e+03  2.901012e+03  4.341992e+03 
 1.159120e-01  1.158677e+03  2.111048e+03  2.858305e+03  4.276418e+03 
 1.175277e-01  1.143654e+03  2.083951e+03  2.821720e+03  4.221601e+03 
 1.191660e-01  1.129212e+03  2.057993e+03  2.786743e+03  4.169340e+03 
 1.208271e-01  1.115022e+03  2.032496e+03  2.752385e+03  4.118010e+03 
 1.225114e-01  1.100792e+03  2.006903e+03  2.717901e+03  4.066556e+03 
 1.242191e-01  1.085948e+03  1.979962e+03  2.681582e+03  4.012942e+03 
 1.259506e-01  1.070625e+03  1.952145e+03  2.644077e+03  3.957545e+03 
 1.277063e-01  1.054612e+03  1.923066e+03  2.604860e+03  3.899590e+03 
 1.294865e-01  1.038030e+03  1.893094e+03  2.564437e+03  3.839468e+03 
 1.312915e-01  1.020775e+03  1.862076e+03  2.522598e+03  3.776823e+03 
 1.331216e-01  1.002413e+03  1.829016e+03  2.477993e+03  3.710037e+03 
 1.349772e-01  9.829066e+02  1.793893e+03  2.430627e+03  3.639257e+03 
 1.368587e-01  9.633514e+02  1.760492e+03  2.387661e+03  3.580998e+03 
 1.387665e-01  9.426831e+02  1.724980e+03  2.341757e+03  3.518145e+03 
 1.407008e-01  9.210172e+02  1.687553e+03  2.293173e+03  3.451064e+03 
 1.426621e-01  8.993269e+02  1.650306e+03  2.244622e+03  3.382559e+03 
 1.446507e-01  8.772475e+02  1.612331e+03  2.194951e+03  3.311774e+03 
 1.466671e-01  8.547595e+02  1.573483e+03  2.144005e+03  3.238885e+03 
 1.487115e-01  8.301980e+02  1.528963e+03  2.084089e+03  3.150599e+03 
 1.507845e-01  8.045626e+02  1.481251e+03  2.019005e+03  3.053263e+03 
 1.528864e-01  7.795164e+02  1.434636e+03  1.955415e+03  2.958122e+03 
 1.550175e-01  7.571578e+02  1.394894e+03  1.902680e+03  2.882229e+03 
 1.571784e-01  7.371036e+02  1.360666e+03  1.858443e+03  2.821040e+03 
 1.593694e-01  7.182114e+02  1.328446e+03  1.816828e+03  2.763543e+03 
 1.615909e-01  7.011704e+02  1.299894e+03  1.780292e+03  2.713590e+03 
 1.638434e-01  6.857804e+02  1.274437e+03  1.747959e+03  2.669840e+03 
 1.661273e-01  6.718649e+02  1.251600e+03  1.719122e+03  2.631201e+03 
 1.684430e-01  6.563458e+02  1.223143e+03  1.680842e+03  2.575564e+03 
 1.707910e-01  6.419262e+02  1.196407e+03  1.644694e+03  2.522800e+03 
 1.731717e-01  6.293519e+02  1.173468e+03  1.613926e+03  2.478240e+03 
 1.755856e-01  6.199418e+02  1.157916e+03  1.594028e+03  2.450414e+03 
 1.780332e-01  6.114075e+02  1.143968e+03  1.576312e+03  2.425900e+03 
 1.805149e-01  6.017739e+02  1.125853e+03  1.551070e+03  2.386296e+03 
 1.830312e-01  5.914718e+02  1.105240e+03  1.521335e+03  2.337717e+03 
 1.855825e-01  5.813452e+02  1.085228e+03  1.492744e+03  2.291642e+03 
 1.881694e-01  5.715265e+02  1.067310e+03  1.468816e+03  2.257011e+03 
 1.907924e-01  5.612808e+02  1.048590e+03  1.443770e+03  2.220627e+03 
 1.934520e-01  5.498957e+02  1.027508e+03  1.415499e+03  2.180208e+03 
 1.961486e-01  5.375708e+02  1.004607e+03  1.384737e+03  2.136240e+03 
 1.988828e-01  5.256119e+02  9.831147e+02  1.356151e+03  2.095301e+03 
 2.016551e-01  5.145569e+02  9.643412e+02  1.331649e+03  2.060204e+03 
 2.044661e-01  5.026053e+02  9.435919e+02  1.304199e+03  2.020177e+03 
 2.073162e-01  4.891873e+02  9.185955e+02  1.269711e+03  1.967390e+03 
 2.102061e-01  4.754700e+02  8.930132e+02  1.234405e+03  1.913297e+03 
 2.131362e-01  4.653907e+02  8.784063e+02  1.217207e+03  1.891210e+03 
 2.161073e-01  4.556024e+02  8.643763e+02  1.200832e+03  1.870403e+03 
 2.191197e-01  4.432281e+02  8.431764e+02  1.173645e+03  1.834020e+03 
 2.221741e-01  4.308439e+02  8.213680e+02  1.145338e+03  1.795942e+03 
 2.252711e-01  4.198106e+02  8.026168e+02  1.121542e+03  1.764556e+03 
 2.284112e-01  4.098656e+02  7.860266e+02  1.100771e+03  1.737615e+03 
 2.315951e-01  4.012774e+02  7.711247e+02  1.080908e+03  1.707764e+03 
 2.348235e-01  3.937665e+02  7.579548e+02  1.062955e+03  1.679412e+03 
 2.380968e-01  3.850797e+02  7.412466e+02  1.039690e+03  1.643916e+03 
 2.414157e-01  3.765894e+02  7.245962e+02  1.016414e+03  1.608690e+03 
 2.447809e-01  3.681453e+02  7.084576e+02  9.943395e+02  1.575496e+03 
 2.481930e-01  3.600649e+02  6.931132e+02  9.734259e+02  1.544079e+03 
 2.516527e-01  3.552237e+02  6.852496e+02  9.630398e+02  1.528257e+03 
 2.551606e-01  3.492861e+02  6.748307e+02  9.490142e+02  1.507201e+03 
 2.587174e-01  3.401454e+02  6.568847e+02  9.242777e+02  1.470911e+03 
 2.623238e-01  3.323198e+02  6.425888e+02  9.050909e+02  1.443237e+03 
 2.659804e-01  3.259410e+02  6.322777e+02  8.919583e+02  1.424956e+03 
 2.696881e-01  3.174844e+02  6.169850e+02  8.714566e+02  1.394348e+03 
 2.734474e-01  3.083597e+02  6.001404e+02  8.486855e+02  1.360035e+03 
 2.772591e-01  3.014289e+02  5.889143e+02  8.348184e+02  1.342436e+03 
 2.811239e-01  2.941429e+02  5.764157e+02  8.190137e+02  1.322749e+03 
 2.850426e-01  2.865402e+02  5.625470e+02  8.011213e+02  1.301203e+03 
 2.890160e-01  2.797176e+02  5.511269e+02  7.865374e+02  1.280615e+03 
 2.930447e-01  2.734413e+02  5.404438e+02  7.723262e+02  1.258589e+03 
 2.971296e-01  2.675607e+02  5.289843e+02  7.551693e+02  1.228909e+03 
 3.012714e-01  2.622855e+02  5.200081e+02  7.433745e+02  1.211576e+03 
 3.054710e-01  2.571334e+02  5.115722e+02  7.329958e+02  1.198151e+03 
 3.097291e-01  2.509377e+02  5.002954e+02  7.183204e+02  1.178486e+03 
 3.140465e-01  2.453093e+02  4.890726e+02  7.022052e+02  1.152056e+03 
 3.184242e-01  2.402758e+02  4.791680e+02  6.879418e+02  1.128486e+03 
 3.228628e-01  2.362418e+02  4.726136e+02  6.798146e+02  1.118674e+03 
 3.273634e-01  2.304678e+02  4.611503e+02  6.634238e+02  1.092518e+03 
 3.319266e-01  2.244367e+02  4.495866e+02  6.475221e+02  1.068724e+03 
 3.365535e-01  2.186723e+02  4.394194e+02  6.345182e+02  1.051512e+03 
 3.412449e-01  2.146425e+02  4.340602e+02  6.281355e+02  1.041337e+03 
 3.460016e-01  2.102362e+02  4.269286e+02  6.189774e+02  1.028412e+03 
 3.508247e-01  2.059375e+02  4.193286e+02  6.088757e+02  1.013736e+03 
 3.557150e-01  2.018155e+02  4.117319e+02  5.986252e+02  9.982112e+02 
 3.606735e-01  1.971031e+02  4.034169e+02  5.877622e+02  9.830088e+02 
 3.657011e-01  1.914811e+02  3.928935e+02  5.734818e+02  9.633317e+02 
 3.707988e-01  1.870179e+02  3.844402e+02  5.620281e+02  9.464963e+02 
 3.759675e-01  1.829598e+02  3.767792e+02  5.515890e+02  9.310179e+02 
 3.812083e-01  1.787606e+02  3.692572e+02  5.414784e+02  9.163483e+02 
 3.865221e-01  1.751729e+02  3.639541e+02  5.352468e+02  9.059784e+02 
 3.919100e-01  1.715163e+02  3.556105e+02  5.226157e+02  8.885690e+02 
 3.973730e-01  1.673397e+02  3.487187e+02  5.140445e+02  8.751647e+02 
 4.029122e-01  1.639764e+02  3.434668e+02  5.068080e+02  8.619622e+02 
 4.085286e-01  1.606014e+02  3.363049e+02  4.965763e+02  8.472719e+02 
 4.142232e-01  1.565379e+02  3.280886e+02  4.857413e+02  8.338291e+02 
 4.199973e-01  1.525948e+02  3.213455e+02  4.772377e+02  8.215034e+02 
 4.258518e-01  1.494606e+02  3.155753e+02  4.690563e+02  8.073711e+02 
 4.317880e-01  1.461402e+02  3.091409e+02  4.595974e+02  7.929436e+02 
 4.378069e-01  1.432627e+02  3.035161e+02  4.516445e+02  7.799024e+02 
 4.439097e-01  1.408456e+02  2.998260e+02  4.472724e+02  7.759624e+02 
 4.500975e-01  1.370377e+02  2.927918e+02  4.376845e+02  7.617869e+02 
 4.563716e-01  1.338207e+02  2.862417e+02  4.282065e+02  7.449471e+02 
 4.627332e-01  1.317323e+02  2.833905e+02  4.251840e+02  7.421647e+02 
 4.691835e-01  1.283641e+02  2.767394e+02  4.156197e+02  7.260776e+02 
 4.757236e-01  1.259136e+02  2.720218e+02  4.092391e+02  7.164831e+02 
 4.823549e-01  1.226110e+02  2.653138e+02  3.998398e+02  7.039214e+02 
 4.890787e-01  1.200165e+02  2.603104e+02  3.930638e+02  6.932836e+02 
 4.958962e-01  1.180538e+02  2.565655e+02  3.872781e+02  6.826160e+02 
 5.028087e-01  1.154232e+02  2.520617e+02  3.812243e+02  6.738592e+02 
 5.098176e-01  1.132883e+02  2.481870e+02  3.756257e+02  6.628599e+02 
 5.169242e-01  1.113240e+02  2.445392e+02  3.707569e+02  6.564046e+02 
 5.241298e-01  1.076929e+02  2.383561e+02  3.631635e+02  6.471461e+02 
 5.314359e-01  1.057788e+02  2.353878e+02  3.591208e+02  6.406630e+02 
 5.388438e-01  1.035575e+02  2.304665e+02  3.517894e+02  6.295059e+02 
 5.463550e-01  1.017045e+02  2.268515e+02  3.464126e+02  6.205726e+02 
 5.539709e-01  9.899702e+01  2.221248e+02  3.404094e+02  6.112580e+02 
 5.616930e-01  9.723982e+01  2.187455e+02  3.356263e+02  6.040244e+02 
 5.695227e-01  9.531447e+01  2.156306e+02  3.317932e+02  5.960632e+02 
 5.774615e-01  9.316057e+01  2.107032e+02  3.245255e+02  5.857385e+02 
 5.855110e-01  9.148369e+01  2.076034e+02  3.197467e+02  5.776592e+02 
 5.936727e-01  8.936925e+01  2.027816e+02  3.131015e+02  5.678534e+02 
 6.019482e-01  8.784769e+01  2.004989e+02  3.094191e+02  5.610053e+02 
 6.103390e-01  8.575742e+01  1.969343e+02  3.047794e+02  5.528385e+02 
 6.188468e-01  8.384070e+01  1.937587e+02  3.019287e+02  5.508707e+02 
 6.274732e-01  8.245678e+01  1.902804e+02  2.959763e+02  5.411429e+02 
 6.362198e-01  8.079386e+01  1.873980e+02  2.917030e+02  5.328726e+02 
 6.450884e-01  7.890089e+01  1.840300e+02  2.871008e+02  5.250432e+02 
 6.540806e-01  7.727351e+01  1.801773e+02  2.812957e+02  5.166984e+02 
 6.631981e-01  7.556670e+01  1.775409e+02  2.784725e+02  5.116908e+02 
 6.724427e-01  7.413364e+01  1.744678e+02  2.741955e+02  5.065201e+02 
 6.818162e-01  7.253604e+01  1.713860e+02  2.688087e+02  4.965770e+02 
 6.913204e-01  7.098807e+01  1.682957e+02  2.648474e+02  4.899269e+02 
 7.009570e-01  6.997704e+01  1.658470e+02  2.612595e+02  4.836959e+02 
 7.107280e-01  6.818314e+01  1.630361e+02  2.573490e+02  4.762527e+02 
 7.206351e-01  6.712920e+01  1.605972e+02  2.540761e+02  4.722990e+02 
 7.306804e-01  6.575753e+01  1.581622e+02  2.501121e+02  4.641127e+02 
 7.408657e-01  6.430552e+01  1.550858e+02  2.457090e+02  4.580113e+02 
 7.511929e-01  6.293469e+01  1.522911e+02  2.420937e+02  4.519046e+02 
 7.616642e-01  6.171788e+01  1.495926e+02  2.383119e+02  4.461879e+02 
 7.722814e-01  6.088581e+01  1.480731e+02  2.356614e+02  4.398873e+02 
 7.830465e-01  5.961008e+01  1.452746e+02  2.317541e+02  4.341695e+02 
 7.939618e-01  5.849377e+01  1.433830e+02  2.287902e+02  4.298680e+02 
 8.050292e-01  5.720297e+01  1.407590e+02  2.257025e+02  4.243676e+02 
 8.162509e-01  5.620468e+01  1.387392e+02  2.220001e+02  4.170120e+02 
 8.276289e-01  5.484085e+01  1.360172e+02  2.184693e+02  4.117963e+02 
 8.391656e-01  5.415415e+01  1.344876e+02  2.155682e+02  4.074171e+02 
 8.508632e-01  5.317480e+01  1.321942e+02  2.126095e+02  4.020218e+02 
 8.627237e-01  5.199544e+01  1.301192e+02  2.095105e+02  3.958312e+02 
 8.747496e-01  5.104507e+01  1.279645e+02  2.064454e+02  3.907094e+02 
 8.869432e-01  5.015336e+01  1.261387e+02  2.036851e+02  3.857574e+02 
 8.993067e-01  4.914316e+01  1.241506e+02  2.006628e+02  3.803569e+02 
 9.118425e-01  4.836881e+01  1.220794e+02  1.973636e+02  3.737861e+02 
 9.245531e-01  4.731346e+01  1.200458e+02  1.943126e+02  3.696462e+02 
 9.374409e-01  4.641050e+01  1.182254e+02  1.918526e+02  3.648373e+02 
 9.505083e-01  4.563201e+01  1.164056e+02  1.891270e+02  3.597619e+02 
 9.637579e-01  4.466166e+01  1.141841e+02  1.858252e+02  3.546809e+02 
 9.771921e-01  4.406884e+01  1.135276e+02  1.841374e+02  3.500427e+02 
 9.908137e-01  4.321729e+01  1.114441e+02  1.812475e+02  3.456564e+02 
 1.004625e+00  4.239047e+01  1.094284e+02  1.781651e+02  3.398837e+02 
 1.018629e+00  4.168010e+01  1.079354e+02  1.757630e+02  3.351087e+02 
 1.032828e+00  4.088694e+01  1.062671e+02  1.735026e+02  3.317600e+02 
 1.047225e+00  4.009520e+01  1.047763e+02  1.708503e+02  3.261978e+02 
 1.061823e+00  3.946982e+01  1.033923e+02  1.685823e+02  3.216038e+02 
 1.076624e+00  3.873592e+01  1.017637e+02  1.661163e+02  3.169301e+02 
 1.091632e+00  3.807534e+01  1.001557e+02  1.638138e+02  3.122510e+02 
 1.106848e+00  3.734624e+01  9.847065e+01  1.613330e+02  3.081073e+02 
 1.122277e+00  3.668120e+01  9.711182e+01  1.588007e+02  3.031901e+02 
 1.137921e+00  3.601309e+01  9.548854e+01  1.564491e+02  2.987901e+02 
 1.153783e+00  3.543229e+01  9.403523e+01  1.541195e+02  2.946448e+02 
 1.169866e+00  3.479944e+01  9.265408e+01  1.518373e+02  2.905811e+02 
 1.186174e+00  3.416037e+01  9.132197e+01  1.496643e+02  2.860825e+02 
 1.202708e+00  3.360210e+01  8.992028e+01  1.474882e+02  2.817900e+02 
 1.219473e+00  3.303414e+01  8.861784e+01  1.454276e+02  2.772871e+02 
 1.236472e+00  3.244624e+01  8.729939e+01  1.433788e+02  2.733693e+02 
 1.253708e+00  3.190828e+01  8.592646e+01  1.410694e+02  2.694995e+02 
 1.271184e+00  3.137142e+01  8.494718e+01  1.394161e+02  2.653315e+02 
 1.288904e+00  3.083259e+01  8.336368e+01  1.370149e+02  2.616415e+02 
 1.306870e+00  3.027520e+01  8.209528e+01  1.349657e+02  2.574311e+02 
 1.325087e+00  2.981328e+01  8.092313e+01  1.330043e+02  2.532248e+02 
 1.343558e+00  2.930729e+01  7.967178e+01  1.309747e+02  2.492725e+02 
 1.362287e+00  2.884531e+01  7.841355e+01  1.288150e+02  2.453297e+02 
 1.381276e+00  2.834511e+01  7.724220e+01  1.266664e+02  2.414380e+02 
 1.400531e+00  2.788531e+01  7.606142e+01  1.248061e+02  2.372644e+02 
 1.420053e+00  2.739077e+01  7.480692e+01  1.229175e+02  2.333697e+02 
 1.439848e+00  2.694770e+01  7.373062e+01  1.208789e+02  2.296330e+02 
 1.459919e+00  2.646197e+01  7.254264e+01  1.189543e+02  2.256061e+02 
 1.480269e+00  2.608020e+01  7.130378e+01  1.169433e+02  2.215073e+02 
 1.500903e+00  2.563385e+01  7.022071e+01  1.150199e+02  2.181988e+02 
 1.521825e+00  2.519961e+01  6.921348e+01  1.133043e+02  2.143615e+02 
 1.543038e+00  2.476785e+01  6.810215e+01  1.115473e+02  2.109459e+02 
 1.564548e+00  2.439745e+01  6.702751e+01  1.096976e+02  2.071793e+02 
 1.586357e+00  2.400306e+01  6.604491e+01  1.079460e+02  2.035749e+02 
 1.608469e+00  2.358843e+01  6.501980e+01  1.062128e+02  2.002552e+02 
 1.630891e+00  2.327507e+01  6.388208e+01  1.042673e+02  1.964669e+02 
 1.653624e+00  2.286135e+01  6.285552e+01  1.026440e+02  1.933110e+02 
 1.676675e+00  2.248719e+01  6.195726e+01  1.010065e+02  1.896903e+02 
 1.700047e+00  2.211345e+01  6.095214e+01  9.926997e+01  1.863365e+02 
 1.723745e+00  2.176552e+01  5.992276e+01  9.755389e+01  1.827009e+02 
 1.747773e+00  2.138687e+01  5.890602e+01  9.582907e+01  1.793441e+02 
 1.772136e+00  2.104173e+01  5.793796e+01  9.412711e+01  1.761538e+02 
 1.796838e+00  2.070700e+01  5.696443e+01  9.249454e+01  1.728026e+02 
 1.821885e+00  2.039025e+01  5.599726e+01  9.081131e+01  1.696018e+02 
 1.847281e+00  2.005205e+01  5.514306e+01  8.929994e+01  1.663939e+02 
 1.873032e+00  1.972974e+01  5.415872e+01  8.755626e+01  1.632900e+02 
 1.899141e+00  1.939868e+01  5.319414e+01  8.602646e+01  1.601594e+02 
 1.925614e+00  1.909939e+01  5.231979e+01  8.449760e+01  1.569973e+02 
 1.952456e+00  1.884010e+01  5.147822e+01  8.299235e+01  1.539334e+02 
 1.979672e+00  1.849707e+01  5.063151e+01  8.149956e+01  1.509888e+02 
 2.007267e+00  1.822717e+01  4.974390e+01  7.990559e+01  1.481204e+02 
 2.035248e+00  1.790965e+01  4.884576e+01  7.840282e+01  1.450976e+02 
 2.063618e+00  1.762158e+01  4.796652e+01  7.694562e+01  1.421781e+02 
 2.092383e+00  1.734307e+01  4.712146e+01  7.545574e+01  1.393372e+02 
 2.121550e+00  1.705000e+01  4.625482e+01  7.400508e+01  1.364420e+02 
 2.151123e+00  1.677794e+01  4.542409e+01  7.253626e+01  1.335833e+02 
 2.181109e+00  1.649883e+01  4.457482e+01  7.113501e+01  1.308849e+02 
 2.211512e+00  1.620472e+01  4.372733e+01  6.967954e+01  1.280259e+02 
 2.242340e+00  1.596426e+01  4.294832e+01  6.831405e+01  1.253670e+02 
 2.273597e+00  1.568411e+01  4.213694e+01  6.688223e+01  1.226890e+02 
 2.305289e+00  1.544400e+01  4.133568e+01  6.555889e+01  1.201030e+02 
 2.337424e+00  1.518666e+01  4.053813e+01  6.420268e+01  1.175403e+02 
 2.370006e+00  1.493189e+01  3.976591e+01  6.291131e+01  1.150966e+02 
 2.403043e+00  1.467262e+01  3.900839e+01  6.157982e+01  1.125659e+02 
 2.436540e+00  1.443830e+01  3.827117e+01  6.032050e+01  1.101184e+02 
 2.470504e+00  1.419807e+01  3.753946e+01  5.904888e+01  1.077057e+02 
 2.504942e+00  1.396269e+01  3.682551e+01  5.783898e+01  1.053819e+02 
 2.539859e+00  1.373932e+01  3.609245e+01  5.660154e+01  1.030347e+02 
 2.575263e+00  1.349767e+01  3.536455e+01  5.543873e+01  1.008013e+02 
 2.611161e+00  1.327772e+01  3.465988e+01  5.420840e+01  9.855124e+01 
 2.647559e+00  1.305169e+01  3.395475e+01  5.301117e+01  9.629327e+01 
 2.684465e+00  1.282967e+01  3.328471e+01  5.184883e+01  9.409722e+01 
 2.721885e+00  1.259794e+01  3.256845e+01  5.070898e+01  9.194685e+01 
 2.759826e+00  1.238041e+01  3.187646e+01  4.955896e+01  8.983138e+01 
 2.798297e+00  1.216147e+01  3.122191e+01  4.845701e+01  8.780376e+01 
 2.837304e+00  1.194845e+01  3.055743e+01  4.735974e+01  8.575498e+01 
 2.876854e+00  1.173478e+01  2.989829e+01  4.627907e+01  8.377088e+01 
 2.916956e+00  1.152788e+01  2.926652e+01  4.522535e+01  8.177791e+01 
 2.957617e+00  1.132635e+01  2.864730e+01  4.420707e+01  7.988233e+01 
 2.998844e+00  1.112307e+01  2.803507e+01  4.318842e+01  7.800321e+01 
 3.040646e+00  1.092478e+01  2.742496e+01  4.219347e+01  7.621996e+01 
 3.083031e+00  1.072995e+01  2.682643e+01  4.122185e+01  7.443224e+01 
 3.126007e+00  1.054175e+01  2.625112e+01  4.027149e+01  7.267089e+01 
 3.169582e+00  1.034980e+01  2.566289e+01  3.931801e+01  7.095760e+01 
 3.213764e+00  1.016173e+01  2.509668e+01  3.839591e+01  6.927292e+01 
 3.258562e+00  9.971625e+00  2.454284e+01  3.748717e+01  6.761250e+01 
 3.303985e+00  9.786457e+00  2.397808e+01  3.659340e+01  6.598545e+01 
 3.350041e+00  9.604839e+00  2.342495e+01  3.570011e+01  6.437953e+01 
 3.396739e+00  9.419631e+00  2.288754e+01  3.484621e+01  6.280116e+01 
 3.444087e+00  9.242307e+00  2.234982e+01  3.398131e+01  6.125106e+01 
 3.492096e+00  9.066083e+00  2.183330e+01  3.315949e+01  5.976686e+01 
 3.540774e+00  8.886687e+00  2.132714e+01  3.235230e+01  5.829560e+01 
 3.590130e+00  8.716151e+00  2.081993e+01  3.154719e+01  5.686855e+01 
 3.640175e+00  8.549302e+00  2.033088e+01  3.077952e+01  5.546276e+01 
 3.690917e+00  8.379232e+00  1.985746e+01  3.001208e+01  5.409480e+01 
 3.742366e+00  8.214596e+00  1.937730e+01  2.927235e+01  5.277886e+01 
 3.794533e+00  8.055364e+00  1.892457e+01  2.855227e+01  5.147534e+01 
 3.847427e+00  7.896256e+00  1.846908e+01  2.784545e+01  5.021905e+01 
 3.901058e+00  7.736728e+00  1.803157e+01  2.715901e+01  4.897436e+01 
 3.955436e+00  7.586163e+00  1.759716e+01  2.647306e+01  4.775284e+01 
 4.010573e+00  7.430424e+00  1.716945e+01  2.581540e+01  4.657258e+01 
 4.066478e+00  7.278734e+00  1.674679e+01  2.515926e+01  4.539641e+01 
 4.123163e+00  7.127746e+00  1.633874e+01  2.451954e+01  4.424837e+01 
 4.180637e+00  6.981134e+00  1.593574e+01  2.389633e+01  4.312238e+01 
 4.238913e+00  6.834674e+00  1.553574e+01  2.328121e+01  4.203289e+01 
 4.298001e+00  6.687719e+00  1.514795e+01  2.268507e+01  4.095799e+01 
 4.357913e+00  6.549209e+00  1.476733e+01  2.210374e+01  3.992092e+01 
 4.418660e+00  6.408666e+00  1.439977e+01  2.153266e+01  3.890807e+01 
 4.480254e+00  6.270240e+00  1.403565e+01  2.097755e+01  3.791587e+01 
 4.542706e+00  6.136680e+00  1.367988e+01  2.043444e+01  3.694683e+01 
 4.606029e+00  6.004143e+00  1.333848e+01  1.991174e+01  3.601486e+01 
 4.670234e+00  5.873961e+00  1.300270e+01  1.940438e+01  3.510453e+01 
 4.735335e+00  5.746971e+00  1.267646e+01  1.890512e+01  3.421209e+01 
 4.801343e+00  5.624197e+00  1.235964e+01  1.842180e+01  3.334025e+01 
 4.868271e+00  5.501293e+00  1.204706e+01  1.794821e+01  3.249240e+01 
 4.936132e+00  5.380619e+00  1.174113e+01  1.748575e+01  3.166375e+01 
 5.004939e+00  5.261183e+00  1.144296e+01  1.703291e+01  3.085063e+01 
 5.074705e+00  5.142788e+00  1.114945e+01  1.658779e+01  3.005637e+01 
 5.145444e+00  5.027820e+00  1.086292e+01  1.615499e+01  2.928097e+01 
 5.217169e+00  4.913311e+00  1.058147e+01  1.573018e+01  2.851345e+01 
 5.289893e+00  4.802782e+00  1.030850e+01  1.532099e+01  2.777561e+01 
 5.363631e+00  4.691802e+00  1.004174e+01  1.491556e+01  2.705108e+01 
 5.438397e+00  4.584635e+00  9.780505e+00  1.452391e+01  2.634261e+01 
 5.514206e+00  4.478973e+00  9.526792e+00  1.414297e+01  2.565764e+01 
 5.591071e+00  4.374632e+00  9.280803e+00  1.377119e+01  2.499048e+01 
 5.669007e+00  4.274649e+00  9.039780e+00  1.341197e+01  2.434191e+01 
 5.748030e+00  4.175699e+00  8.807100e+00  1.306086e+01  2.370823e+01 
 5.828155e+00  4.079187e+00  8.580539e+00  1.272108e+01  2.309381e+01 
 5.909396e+00  3.984862e+00  8.359699e+00  1.239057e+01  2.249876e+01 
 5.991770e+00  3.892343e+00  8.144235e+00  1.206781e+01  2.191711e+01 
 6.075292e+00  3.802223e+00  7.935839e+00  1.175500e+01  2.134918e+01 
 6.159978e+00  3.713472e+00  7.731453e+00  1.144950e+01  2.079625e+01 
 6.245845e+00  3.626231e+00  7.531608e+00  1.115044e+01  2.025287e+01 
 6.332908e+00  3.540260e+00  7.335251e+00  1.085694e+01  1.972068e+01 
 6.421186e+00  3.456565e+00  7.144484e+00  1.057044e+01  1.920106e+01 
 6.510694e+00  3.373846e+00  6.957824e+00  1.029190e+01  1.869445e+01 
 6.601449e+00  3.293555e+00  6.776465e+00  1.002026e+01  1.820067e+01 
 6.693470e+00  3.214337e+00  6.598817e+00  9.754447e+00  1.771845e+01 
 6.786773e+00  3.137110e+00  6.426824e+00  9.496525e+00  1.724955e+01 
 6.881377e+00  3.062097e+00  6.259339e+00  9.245989e+00  1.679190e+01 
 6.977300e+00  2.988650e+00  6.096780e+00  9.003538e+00  1.634876e+01 
 7.074559e+00  2.917348e+00  5.938341e+00  8.766232e+00  1.591702e+01 
 7.173175e+00  2.847425e+00  5.785031e+00  8.536894e+00  1.549852e+01 
 7.273165e+00  2.779660e+00  5.636188e+00  8.314797e+00  1.509130e+01 
 7.374549e+00  2.713449e+00  5.491065e+00  8.097505e+00  1.469609e+01 
 7.477346e+00  2.648735e+00  5.350702e+00  7.888061e+00  1.431123e+01 
 7.581576e+00  2.586017e+00  5.213064e+00  7.682667e+00  1.393609e+01 
 7.687260e+00  2.524341e+00  5.079482e+00  7.482657e+00  1.357066e+01 
 7.794416e+00  2.463935e+00  4.948671e+00  7.286221e+00  1.321185e+01 
 7.903066e+00  2.404806e+00  4.820351e+00  7.094223e+00  1.286009e+01 
 8.013230e+00  2.346852e+00  4.695827e+00  6.908418e+00  1.251763e+01 
 8.124930e+00  2.290098e+00  4.574064e+00  6.726156e+00  1.218276e+01 
 8.238187e+00  2.234923e+00  4.455125e+00  6.548028e+00  1.185686e+01 
 8.353023e+00  2.180898e+00  4.339671e+00  6.375319e+00  1.153895e+01 
 8.469460e+00  2.128381e+00  4.227384e+00  6.207261e+00  1.122997e+01 
 8.587519e+00  2.077208e+00  4.118011e+00  6.043685e+00  1.092951e+01 
 8.707225e+00  2.027383e+00  4.011546e+00  5.884860e+00  1.063747e+01 
 8.828599e+00  1.978930e+00  3.908764e+00  5.730614e+00  1.035330e+01 
 8.951665e+00  1.931677e+00  3.808839e+00  5.580894e+00  1.007820e+01 
 9.076446e+00  1.885894e+00  3.711798e+00  5.435938e+00  9.811235e+00 
 9.202967e+00  1.841337e+00  3.617503e+00  5.295068e+00  9.551262e+00 
 9.331251e+00  1.797926e+00  3.525702e+00  5.157700e+00  9.298538e+00 
 9.461324e+00  0.000000e+00  0.000000e+00  0.000000e+00  0.000000e+00 
 9.593209e+00  0.000000e+00  0.000000e+00  0.000000e+00  0.000000e+00 
 9.726934e+00  0.000000e+00  0.000000e+00  0.000000e+00  0.000000e+00 
 9.862522e+00  0.000000e+00  0.000000e+00  0.000000e+00  0.000000e+00 
 1.000000e+01  0.000000e+00  0.000000e+00  0.000000e+00  0.000000e+00 
