 1.000000e-02  6.122954e+03  1.145935e+04  1.576938e+04  2.400479e+04 
 1.013939e-02  6.153668e+03  1.151711e+04  1.584893e+04  2.412568e+04 
 1.028073e-02  6.183840e+03  1.157384e+04  1.592705e+04  2.424439e+04 
 1.042404e-02  6.213443e+03  1.162950e+04  1.600367e+04  2.436081e+04 
 1.056935e-02  6.242459e+03  1.168405e+04  1.607877e+04  2.447489e+04 
 1.071668e-02  6.270864e+03  1.173744e+04  1.615227e+04  2.458653e+04 
 1.086606e-02  6.298628e+03  1.178963e+04  1.622410e+04  2.469559e+04 
 1.101753e-02  6.325736e+03  1.184056e+04  1.629421e+04  2.480201e+04 
 1.117111e-02  6.352152e+03  1.189020e+04  1.636251e+04  2.490568e+04 
 1.132683e-02  6.377871e+03  1.193852e+04  1.642899e+04  2.500655e+04 
 1.148472e-02  6.402855e+03  1.198545e+04  1.649355e+04  2.510447e+04 
 1.164481e-02  6.427085e+03  1.203095e+04  1.655614e+04  2.519939e+04 
 1.180713e-02  6.450528e+03  1.207497e+04  1.661669e+04  2.529118e+04 
 1.197171e-02  6.473171e+03  1.211748e+04  1.667516e+04  2.537977e+04 
 1.213859e-02  6.494985e+03  1.215843e+04  1.673145e+04  2.546506e+04 
 1.230780e-02  6.515950e+03  1.219778e+04  1.678553e+04  2.554694e+04 
 1.247936e-02  6.536033e+03  1.223546e+04  1.683733e+04  2.562534e+04 
 1.265332e-02  6.555220e+03  1.227146e+04  1.688679e+04  2.570015e+04 
 1.282970e-02  6.573485e+03  1.230572e+04  1.693386e+04  2.577131e+04 
 1.300854e-02  6.590809e+03  1.233822e+04  1.697849e+04  2.583872e+04 
 1.318987e-02  6.607159e+03  1.236887e+04  1.702058e+04  2.590226e+04 
 1.337373e-02  6.622514e+03  1.239766e+04  1.706009e+04  2.596185e+04 
 1.356015e-02  6.636843e+03  1.242452e+04  1.709694e+04  2.601737e+04 
 1.374917e-02  6.650130e+03  1.244942e+04  1.713107e+04  2.606874e+04 
 1.394083e-02  6.662340e+03  1.247229e+04  1.716242e+04  2.611585e+04 
 1.413516e-02  6.673448e+03  1.249309e+04  1.719091e+04  2.615858e+04 
 1.433219e-02  6.683422e+03  1.251175e+04  1.721645e+04  2.619682e+04 
 1.453198e-02  6.692241e+03  1.252825e+04  1.723900e+04  2.623047e+04 
 1.473454e-02  6.699883e+03  1.254253e+04  1.725850e+04  2.625946e+04 
 1.493993e-02  6.706320e+03  1.255455e+04  1.727488e+04  2.628367e+04 
 1.514819e-02  6.711469e+03  1.256418e+04  1.728797e+04  2.630292e+04 
 1.535935e-02  6.715340e+03  1.257141e+04  1.729778e+04  2.631719e+04 
 1.557345e-02  6.717932e+03  1.257626e+04  1.730429e+04  2.632640e+04 
 1.579053e-02  6.719221e+03  1.257864e+04  1.730740e+04  2.633045e+04 
 1.601064e-02  6.719189e+03  1.257854e+04  1.730711e+04  2.632928e+04 
 1.623382e-02  6.717820e+03  1.257594e+04  1.730335e+04  2.632281e+04 
 1.646012e-02  6.715089e+03  1.257078e+04  1.729605e+04  2.631096e+04 
 1.668956e-02  6.710978e+03  1.256303e+04  1.728520e+04  2.629365e+04 
 1.692220e-02  6.705458e+03  1.255263e+04  1.727069e+04  2.627077e+04 
 1.715809e-02  6.698513e+03  1.253954e+04  1.725249e+04  2.624227e+04 
 1.739726e-02  6.690120e+03  1.252375e+04  1.723053e+04  2.620803e+04 
 1.763977e-02  6.680258e+03  1.250519e+04  1.720478e+04  2.616799e+04 
 1.788566e-02  6.668899e+03  1.248383e+04  1.717515e+04  2.612204e+04 
 1.813498e-02  6.656033e+03  1.245963e+04  1.714164e+04  2.607014e+04 
 1.838777e-02  6.641636e+03  1.243256e+04  1.710414e+04  2.601218e+04 
 1.864409e-02  6.625708e+03  1.240262e+04  1.706269e+04  2.594820e+04 
 1.890397e-02  6.608223e+03  1.236974e+04  1.701722e+04  2.587806e+04 
 1.916748e-02  6.589175e+03  1.233394e+04  1.696770e+04  2.580176e+04 
 1.943467e-02  6.568542e+03  1.229516e+04  1.691408e+04  2.571920e+04 
 1.970558e-02  6.546334e+03  1.225342e+04  1.685638e+04  2.563042e+04 
 1.998026e-02  6.522537e+03  1.220871e+04  1.679458e+04  2.553539e+04 
 2.025878e-02  6.497158e+03  1.216102e+04  1.672869e+04  2.543411e+04 
 2.054117e-02  6.470186e+03  1.211034e+04  1.665868e+04  2.532656e+04 
 2.082751e-02  6.441629e+03  1.205671e+04  1.658457e+04  2.521277e+04 
 2.111783e-02  6.411485e+03  1.200009e+04  1.650638e+04  2.509272e+04 
 2.141220e-02  6.379859e+03  1.194064e+04  1.642426e+04  2.496660e+04 
 2.171068e-02  6.347323e+03  1.187927e+04  1.633924e+04  2.483544e+04 
 2.201331e-02  6.313194e+03  1.181491e+04  1.625011e+04  2.469799e+04 
 2.232016e-02  6.277475e+03  1.174756e+04  1.615686e+04  2.455430e+04 
 2.263130e-02  6.240169e+03  1.167726e+04  1.605952e+04  2.440437e+04 
 2.294676e-02  6.201291e+03  1.160399e+04  1.595813e+04  2.424824e+04 
 2.326663e-02  6.160847e+03  1.152778e+04  1.585269e+04  2.408596e+04 
 2.359095e-02  6.118855e+03  1.144868e+04  1.574326e+04  2.391761e+04 
 2.391980e-02  6.075337e+03  1.136672e+04  1.562989e+04  2.374327e+04 
 2.425323e-02  6.030317e+03  1.128195e+04  1.551265e+04  2.356304e+04 
 2.459130e-02  5.983824e+03  1.119442e+04  1.539161e+04  2.337703e+04 
 2.493409e-02  5.935892e+03  1.110418e+04  1.526687e+04  2.318540e+04 
 2.528166e-02  5.886558e+03  1.101133e+04  1.513851e+04  2.298826e+04 
 2.563407e-02  5.835873e+03  1.091595e+04  1.500669e+04  2.278585e+04 
 2.599140e-02  5.783888e+03  1.081813e+04  1.487150e+04  2.257836e+04 
 2.635371e-02  5.730648e+03  1.071797e+04  1.473309e+04  2.236597e+04 
 2.672106e-02  5.676185e+03  1.061551e+04  1.459154e+04  2.214881e+04 
 2.709354e-02  5.620531e+03  1.051083e+04  1.444694e+04  2.192702e+04 
 2.747121e-02  5.563720e+03  1.040399e+04  1.429935e+04  2.170072e+04 
 2.785414e-02  5.505724e+03  1.029495e+04  1.414879e+04  2.146997e+04 
 2.824241e-02  5.446327e+03  1.018343e+04  1.399494e+04  2.123464e+04 
 2.863610e-02  5.385902e+03  1.007000e+04  1.383847e+04  2.099533e+04 
 2.903527e-02  5.324502e+03  9.954742e+03  1.367951e+04  2.075225e+04 
 2.944000e-02  5.262189e+03  9.837783e+03  1.351821e+04  2.050564e+04 
 2.985038e-02  5.199031e+03  9.719241e+03  1.335473e+04  2.025576e+04 
 3.026648e-02  5.135092e+03  9.599244e+03  1.318927e+04  2.000288e+04 
 3.068838e-02  5.070456e+03  9.477949e+03  1.302202e+04  1.974734e+04 
 3.111616e-02  5.005207e+03  9.355515e+03  1.285322e+04  1.948945e+04 
 3.154990e-02  4.939441e+03  9.232115e+03  1.268310e+04  1.922961e+04 
 3.198969e-02  4.873259e+03  9.107943e+03  1.251192e+04  1.896819e+04 
 3.243561e-02  4.806774e+03  8.983210e+03  1.233999e+04  1.870563e+04 
 3.288774e-02  4.740098e+03  8.858122e+03  1.216757e+04  1.844239e+04 
 3.334618e-02  4.673329e+03  8.732862e+03  1.199492e+04  1.817884e+04 
 3.381101e-02  4.606516e+03  8.607528e+03  1.182218e+04  1.791517e+04 
 3.428231e-02  4.539717e+03  8.482227e+03  1.164949e+04  1.765164e+04 
 3.476019e-02  4.472832e+03  8.357142e+03  1.147752e+04  1.739041e+04 
 3.524473e-02  4.406087e+03  8.232327e+03  1.130594e+04  1.712985e+04 
 3.573602e-02  4.339547e+03  8.107896e+03  1.113489e+04  1.687012e+04 
 3.623416e-02  4.273286e+03  7.983994e+03  1.096457e+04  1.661152e+04 
 3.673925e-02  4.207379e+03  7.860751e+03  1.079516e+04  1.635434e+04 
 3.725137e-02  4.141908e+03  7.738328e+03  1.062689e+04  1.609891e+04 
 3.777064e-02  4.076962e+03  7.616889e+03  1.045997e+04  1.584556e+04 
 3.829714e-02  4.012624e+03  7.496590e+03  1.029462e+04  1.559464e+04 
 3.883098e-02  3.948999e+03  7.377624e+03  1.013112e+04  1.534654e+04 
 3.937226e-02  3.886181e+03  7.260180e+03  9.969712e+03  1.510163e+04 
 3.992109e-02  3.824283e+03  7.144448e+03  9.810656e+03  1.486032e+04 
 4.047757e-02  3.763415e+03  7.030610e+03  9.654177e+03  1.462285e+04 
 4.104181e-02  3.703543e+03  6.918048e+03  9.498808e+03  1.438521e+04 
 4.161391e-02  3.644906e+03  6.807813e+03  9.346643e+03  1.415247e+04 
 4.219398e-02  3.587546e+03  6.699973e+03  9.197781e+03  1.392480e+04 
 4.278214e-02  3.531502e+03  6.594601e+03  9.052324e+03  1.370233e+04 
 4.337850e-02  3.476809e+03  6.491763e+03  8.910365e+03  1.348520e+04 
 4.398317e-02  3.423501e+03  6.391522e+03  8.771986e+03  1.327356e+04 
 4.459628e-02  3.371616e+03  6.293951e+03  8.637285e+03  1.306754e+04 
 4.521792e-02  3.321183e+03  6.199104e+03  8.506338e+03  1.286725e+04 
 4.584824e-02  3.272237e+03  6.107047e+03  8.379235e+03  1.267282e+04 
 4.648734e-02  3.224808e+03  6.017832e+03  8.256045e+03  1.248435e+04 
 4.713535e-02  3.179010e+03  5.932428e+03  8.138905e+03  1.230730e+04 
 4.779239e-02  3.134835e+03  5.850508e+03  8.027031e+03  1.213956e+04 
 4.845859e-02  3.092258e+03  5.771561e+03  7.919230e+03  1.197795e+04 
 4.913407e-02  3.051281e+03  5.695588e+03  7.815504e+03  1.182249e+04 
 4.981898e-02  3.011891e+03  5.622574e+03  7.715826e+03  1.167312e+04 
 5.051342e-02  2.974065e+03  5.552473e+03  7.620135e+03  1.152978e+04 
 5.121755e-02  2.937775e+03  5.485231e+03  7.528361e+03  1.139233e+04 
 5.193150e-02  2.902981e+03  5.420776e+03  7.440407e+03  1.126065e+04 
 5.265540e-02  2.869647e+03  5.359036e+03  7.356172e+03  1.113455e+04 
 5.338938e-02  2.837486e+03  5.299020e+03  7.273805e+03  1.100994e+04 
 5.413360e-02  2.806395e+03  5.240446e+03  7.192830e+03  1.088582e+04 
 5.488820e-02  2.776587e+03  5.184269e+03  7.115146e+03  1.076668e+04 
 5.565331e-02  2.747985e+03  5.130345e+03  7.040554e+03  1.065223e+04 
 5.642908e-02  2.720505e+03  5.078518e+03  6.968839e+03  1.054212e+04 
 5.721568e-02  2.694041e+03  5.028580e+03  6.899715e+03  1.043589e+04 
 5.801323e-02  2.668457e+03  4.980288e+03  6.832847e+03  1.033307e+04 
 5.882190e-02  2.643654e+03  4.933466e+03  6.768004e+03  1.023333e+04 
 5.964185e-02  2.619710e+03  4.888551e+03  6.706099e+03  1.013893e+04 
 6.047322e-02  2.596695e+03  4.846193e+03  6.648570e+03  1.005351e+04 
 6.131619e-02  2.574087e+03  4.804591e+03  6.592075e+03  9.969655e+03 
 6.217090e-02  2.551666e+03  4.763327e+03  6.536025e+03  9.886421e+03 
 6.303753e-02  2.529353e+03  4.722240e+03  6.480194e+03  9.803432e+03 
 6.391624e-02  2.506956e+03  4.680985e+03  6.424115e+03  9.720027e+03 
 6.480720e-02  2.484351e+03  4.639336e+03  6.367494e+03  9.635786e+03 
 6.571058e-02  2.461361e+03  4.596968e+03  6.309894e+03  9.550068e+03 
 6.662655e-02  2.436660e+03  4.549451e+03  6.243130e+03  9.444572e+03 
 6.755528e-02  2.411236e+03  4.500538e+03  6.174399e+03  9.335960e+03 
 6.849697e-02  2.384975e+03  4.450071e+03  6.103553e+03  9.224191e+03 
 6.945178e-02  2.357738e+03  4.397796e+03  6.030249e+03  9.108768e+03 
 7.041990e-02  2.329402e+03  4.343491e+03  5.954182e+03  8.989239e+03 
 7.140151e-02  2.299849e+03  4.286935e+03  5.875054e+03  8.865172e+03 
 7.239681e-02  2.269257e+03  4.228768e+03  5.794101e+03  8.739587e+03 
 7.340598e-02  2.237610e+03  4.169012e+03  5.711423e+03  8.612854e+03 
 7.442922e-02  2.204478e+03  4.106511e+03  5.625011e+03  8.480573e+03 
 7.546673e-02  2.169808e+03  4.041170e+03  5.534743e+03  8.342569e+03 
 7.651869e-02  2.133588e+03  3.972970e+03  5.440591e+03  8.198804e+03 
 7.758532e-02  2.095825e+03  3.901922e+03  5.342574e+03  8.049315e+03 
 7.866682e-02  2.057361e+03  3.830723e+03  5.245524e+03  7.904346e+03 
 7.976339e-02  2.018757e+03  3.761104e+03  5.152507e+03  7.770331e+03 
 8.087525e-02  1.978718e+03  3.688764e+03  5.055723e+03  7.630543e+03 
 8.200261e-02  1.937344e+03  3.613887e+03  4.955417e+03  7.485341e+03 
 8.314568e-02  1.894776e+03  3.536729e+03  4.851935e+03  7.335226e+03 
 8.430468e-02  1.851178e+03  3.457593e+03  4.745683e+03  7.180789e+03 
 8.547985e-02  1.806146e+03  3.374698e+03  4.633207e+03  7.014283e+03 
 8.667139e-02  1.760225e+03  3.289637e+03  4.517261e+03  6.841276e+03 
 8.787954e-02  1.713933e+03  3.203867e+03  4.400327e+03  6.666736e+03 
 8.910453e-02  1.667507e+03  3.117833e+03  4.283012e+03  6.491575e+03 
 9.034660e-02  1.621204e+03  3.032007e+03  4.165965e+03  6.316760e+03 
 9.160598e-02  1.576041e+03  2.949367e+03  4.054308e+03  6.152637e+03 
 9.288292e-02  1.532178e+03  2.870066e+03  3.948111e+03  5.998955e+03 
 9.417766e-02  1.489155e+03  2.792217e+03  3.843791e+03  5.847811e+03 
 9.549045e-02  1.447227e+03  2.716296e+03  3.741998e+03  5.700189e+03 
 9.682153e-02  1.406639e+03  2.642763e+03  3.643369e+03  5.557056e+03 
 9.817117e-02  1.367979e+03  2.573282e+03  3.550716e+03  5.423976e+03 
 9.953962e-02  1.331203e+03  2.507401e+03  3.463074e+03  5.298638e+03 
 1.009272e-01  1.296351e+03  2.444986e+03  3.380061e+03  5.179977e+03 
 1.023340e-01  1.263570e+03  2.386324e+03  3.302083e+03  5.068638e+03 
 1.037605e-01  1.232384e+03  2.329789e+03  3.226218e+03  4.958573e+03 
 1.052069e-01  1.201277e+03  2.270526e+03  3.143927e+03  4.832385e+03 
 1.066734e-01  1.172592e+03  2.215834e+03  3.067941e+03  4.715810e+03 
 1.081604e-01  1.146328e+03  2.165703e+03  2.998248e+03  4.608819e+03 
 1.096681e-01  1.122447e+03  2.120063e+03  2.934751e+03  4.511276e+03 
 1.111968e-01  1.100902e+03  2.078943e+03  2.877440e+03  4.422520e+03 
 1.127468e-01  1.081533e+03  2.041920e+03  2.825776e+03  4.342359e+03 
 1.143184e-01  1.064184e+03  2.008694e+03  2.779346e+03  4.270186e+03 
 1.159120e-01  1.048668e+03  1.978908e+03  2.737658e+03  4.205253e+03 
 1.175277e-01  1.035189e+03  1.953346e+03  2.702046e+03  4.149877e+03 
 1.191660e-01  1.023071e+03  1.930366e+03  2.670010e+03  4.099973e+03 
 1.208271e-01  1.011982e+03  1.909314e+03  2.640632e+03  4.054127e+03 
 1.225114e-01  1.001544e+03  1.889416e+03  2.612801e+03  4.010599e+03 
 1.242191e-01  9.908231e+02  1.868352e+03  2.582958e+03  3.963531e+03 
 1.259506e-01  9.801534e+02  1.847388e+03  2.553262e+03  3.916705e+03 
 1.277063e-01  9.691843e+02  1.825873e+03  2.522820e+03  3.868775e+03 
 1.294865e-01  9.578607e+02  1.803846e+03  2.491706e+03  3.819554e+03 
 1.312915e-01  9.459339e+02  1.780869e+03  2.459319e+03  3.768084e+03 
 1.331216e-01  9.328137e+02  1.755672e+03  2.423907e+03  3.712075e+03 
 1.349772e-01  9.183222e+02  1.727969e+03  2.385124e+03  3.651143e+03 
 1.368587e-01  9.033717e+02  1.701234e+03  2.349805e+03  3.601637e+03 
 1.387665e-01  8.867508e+02  1.671349e+03  2.310137e+03  3.545443e+03 
 1.407008e-01  8.684507e+02  1.638292e+03  2.266082e+03  3.482479e+03 
 1.426621e-01  8.496183e+02  1.605009e+03  2.222046e+03  3.419446e+03 
 1.446507e-01  8.296060e+02  1.569695e+03  2.175276e+03  3.352095e+03 
 1.466671e-01  8.082546e+02  1.531773e+03  2.124838e+03  3.278973e+03 
 1.487115e-01  7.842282e+02  1.487207e+03  2.064155e+03  3.188633e+03 
 1.507845e-01  7.584478e+02  1.438277e+03  1.996735e+03  3.086906e+03 
 1.528864e-01  7.324203e+02  1.388899e+03  1.928683e+03  2.984097e+03 
 1.550175e-01  7.084512e+02  1.345628e+03  1.870907e+03  2.900832e+03 
 1.571784e-01  6.862520e+02  1.307127e+03  1.820902e+03  2.831879e+03 
 1.593694e-01  6.647541e+02  1.269744e+03  1.772245e+03  2.764502e+03 
 1.615909e-01  6.449551e+02  1.235947e+03  1.728694e+03  2.704834e+03 
 1.638434e-01  6.267740e+02  1.205253e+03  1.689393e+03  2.651412e+03 
 1.661273e-01  6.101496e+02  1.177308e+03  1.653731e+03  2.603217e+03 
 1.684430e-01  5.924100e+02  1.144480e+03  1.609338e+03  2.538437e+03 
 1.707910e-01  5.762887e+02  1.114370e+03  1.568444e+03  2.478578e+03 
 1.731717e-01  5.625196e+02  1.088983e+03  1.534193e+03  2.428793e+03 
 1.755856e-01  5.520415e+02  1.070919e+03  1.510538e+03  2.394852e+03 
 1.780332e-01  5.432840e+02  1.056108e+03  1.491396e+03  2.367933e+03 
 1.805149e-01  5.341689e+02  1.038232e+03  1.465877e+03  2.326761e+03 
 1.830312e-01  5.252288e+02  1.019282e+03  1.437619e+03  2.278783e+03 
 1.855825e-01  5.172622e+02  1.002343e+03  1.412378e+03  2.236076e+03 
 1.881694e-01  5.098676e+02  9.873129e+02  1.390973e+03  2.202425e+03 
 1.907924e-01  5.026119e+02  9.725704e+02  1.369987e+03  2.169469e+03 
 1.934520e-01  4.945424e+02  9.560085e+02  1.346482e+03  2.133565e+03 
 1.961486e-01  4.856836e+02  9.378716e+02  1.320799e+03  2.094595e+03 
 1.988828e-01  4.770205e+02  9.208843e+02  1.297029e+03  2.058397e+03 
 2.016551e-01  4.688448e+02  9.059318e+02  1.276530e+03  2.026973e+03 
 2.044661e-01  4.593729e+02  8.883410e+02  1.252216e+03  1.989339e+03 
 2.073162e-01  4.482881e+02  8.666963e+02  1.221458e+03  1.940354e+03 
 2.102061e-01  4.361058e+02  8.429559e+02  1.187772e+03  1.886729e+03 
 2.131362e-01  4.267773e+02  8.293099e+02  1.171820e+03  1.866932e+03 
 2.161073e-01  4.168989e+02  8.146578e+02  1.154502e+03  1.845013e+03 
 2.191197e-01  4.044124e+02  7.930303e+02  1.126560e+03  1.807192e+03 
 2.221741e-01  3.914405e+02  7.699079e+02  1.096205e+03  1.765410e+03 
 2.252711e-01  3.795534e+02  7.496139e+02  1.070345e+03  1.731182e+03 
 2.284112e-01  3.685783e+02  7.312208e+02  1.047229e+03  1.701200e+03 
 2.315951e-01  3.587677e+02  7.141668e+02  1.024583e+03  1.667664e+03 
 2.348235e-01  3.501557e+02  6.990709e+02  1.004188e+03  1.636228e+03 
 2.380968e-01  3.408312e+02  6.810076e+02  9.788488e+02  1.597117e+03 
 2.414157e-01  3.323223e+02  6.641521e+02  9.550444e+02  1.560543e+03 
 2.447809e-01  3.241910e+02  6.480177e+02  9.324315e+02  1.525443e+03 
 2.481930e-01  3.170689e+02  6.339119e+02  9.127288e+02  1.494968e+03 
 2.516527e-01  3.129606e+02  6.264618e+02  9.022539e+02  1.477898e+03 
 2.551606e-01  3.083567e+02  6.175586e+02  8.896030e+02  1.457733e+03 
 2.587174e-01  3.009915e+02  6.016837e+02  8.666563e+02  1.422193e+03 
 2.623238e-01  2.949683e+02  5.895799e+02  8.495712e+02  1.396155e+03 
 2.659804e-01  2.901693e+02  5.811039e+02  8.381735e+02  1.379302e+03 
 2.696881e-01  2.834308e+02  5.680753e+02  8.200940e+02  1.351362e+03 
 2.734474e-01  2.757217e+02  5.529932e+02  7.990788e+02  1.318686e+03 
 2.772591e-01  2.696997e+02  5.428220e+02  7.862262e+02  1.302086e+03 
 2.811239e-01  2.630033e+02  5.309513e+02  7.708004e+02  1.282012e+03 
 2.850426e-01  2.558416e+02  5.176986e+02  7.532439e+02  1.259562e+03 
 2.890160e-01  2.490194e+02  5.061876e+02  7.384703e+02  1.238778e+03 
 2.930447e-01  2.424543e+02  4.949247e+02  7.234585e+02  1.215599e+03 
 2.971296e-01  2.362702e+02  4.830537e+02  7.057195e+02  1.184202e+03 
 3.012714e-01  2.306899e+02  4.734125e+02  6.929629e+02  1.165418e+03 
 3.054710e-01  2.254476e+02  4.645439e+02  6.818280e+02  1.150885e+03 
 3.097291e-01  2.195156e+02  4.531873e+02  6.664400e+02  1.128838e+03 
 3.140465e-01  2.143129e+02  4.424617e+02  6.507732e+02  1.102604e+03 
 3.184242e-01  2.098770e+02  4.333175e+02  6.373494e+02  1.080061e+03 
 3.228628e-01  2.063373e+02  4.268445e+02  6.287784e+02  1.068962e+03 
 3.273634e-01  2.015966e+02  4.167391e+02  6.137769e+02  1.044074e+03 
 3.319266e-01  1.966832e+02  4.066445e+02  5.993914e+02  1.021740e+03 
 3.365535e-01  1.918456e+02  3.974917e+02  5.872618e+02  1.005077e+03 
 3.412449e-01  1.883530e+02  3.926823e+02  5.815362e+02  9.957881e+02 
 3.460016e-01  1.844622e+02  3.861612e+02  5.730241e+02  9.837250e+02 
 3.508247e-01  1.805141e+02  3.789846e+02  5.632946e+02  9.691634e+02 
 3.557150e-01  1.765596e+02  3.715658e+02  5.530992e+02  9.530229e+02 
 3.606735e-01  1.719643e+02  3.632815e+02  5.421042e+02  9.375222e+02 
 3.657011e-01  1.666285e+02  3.529589e+02  5.276347e+02  9.166716e+02 
 3.707988e-01  1.622657e+02  3.443725e+02  5.156478e+02  8.984288e+02 
 3.759675e-01  1.583541e+02  3.366505e+02  5.048002e+02  8.816045e+02 
 3.812083e-01  1.545376e+02  3.295047e+02  4.949303e+02  8.665542e+02 
 3.865221e-01  1.514188e+02  3.247845e+02  4.895388e+02  8.579938e+02 
 3.919100e-01  1.481654e+02  3.168855e+02  4.771175e+02  8.399400e+02 
 3.973730e-01  1.446044e+02  3.105281e+02  4.689344e+02  8.266127e+02 
 4.029122e-01  1.416779e+02  3.057360e+02  4.621880e+02  8.138840e+02 
 4.085286e-01  1.388001e+02  2.993925e+02  4.528464e+02  8.001218e+02 
 4.142232e-01  1.352927e+02  2.919713e+02  4.427175e+02  7.871148e+02 
 4.199973e-01  1.317401e+02  2.855926e+02  4.344434e+02  7.747827e+02 
 4.258518e-01  1.287924e+02  2.800264e+02  4.264735e+02  7.608786e+02 
 4.317880e-01  1.256509e+02  2.738423e+02  4.171525e+02  7.459664e+02 
 4.378069e-01  1.228593e+02  2.680816e+02  4.086989e+02  7.315599e+02 
 4.439097e-01  1.205450e+02  2.643493e+02  4.040541e+02  7.265991e+02 
 4.500975e-01  1.171342e+02  2.577788e+02  3.949197e+02  7.127773e+02 
 4.563716e-01  1.142912e+02  2.516639e+02  3.858759e+02  6.963737e+02 
 4.627332e-01  1.124544e+02  2.490339e+02  3.829916e+02  6.937213e+02 
 4.691835e-01  1.095197e+02  2.430194e+02  3.742817e+02  6.789411e+02 
 4.757236e-01  1.074430e+02  2.387491e+02  3.682103e+02  6.691676e+02 
 4.823549e-01  1.045554e+02  2.327241e+02  3.594249e+02  6.566158e+02 
 4.890787e-01  1.021761e+02  2.278873e+02  3.527711e+02  6.461002e+02 
 4.958962e-01  1.003193e+02  2.241813e+02  3.469450e+02  6.350986e+02 
 5.028087e-01  9.786725e+01  2.198141e+02  3.409323e+02  6.260097e+02 
 5.098176e-01  9.588888e+01  2.160394e+02  3.354603e+02  6.152181e+02 
 5.169242e-01  9.406316e+01  2.124612e+02  3.304633e+02  6.082849e+02 
 5.241298e-01  9.087987e+01  2.067606e+02  3.232447e+02  5.990832e+02 
 5.314359e-01  8.919517e+01  2.042085e+02  3.197950e+02  5.931295e+02 
 5.388438e-01  8.724033e+01  1.995552e+02  3.126264e+02  5.818690e+02 
 5.463550e-01  8.556997e+01  1.962195e+02  3.075888e+02  5.731241e+02 
 5.539709e-01  8.314579e+01  1.916900e+02  3.017072e+02  5.639198e+02 
 5.616930e-01  8.155448e+01  1.884909e+02  2.970886e+02  5.568649e+02 
 5.695227e-01  7.981346e+01  1.854583e+02  2.933051e+02  5.492052e+02 
 5.774615e-01  7.789039e+01  1.808898e+02  2.862355e+02  5.384527e+02 
 5.855110e-01  7.637463e+01  1.780594e+02  2.819304e+02  5.307775e+02 
 5.936727e-01  7.451750e+01  1.736628e+02  2.755121e+02  5.206780e+02 
 6.019482e-01  7.312890e+01  1.713746e+02  2.718387e+02  5.137684e+02 
 6.103390e-01  7.129398e+01  1.681006e+02  2.676075e+02  5.063979e+02 
 6.188468e-01  6.963857e+01  1.651231e+02  2.646626e+02  5.042542e+02 
 6.274732e-01  6.835928e+01  1.617938e+02  2.587538e+02  4.941524e+02 
 6.362198e-01  6.684423e+01  1.591601e+02  2.550304e+02  4.868619e+02 
 6.450884e-01  6.517371e+01  1.560004e+02  2.505142e+02  4.786956e+02 
 6.540806e-01  6.373492e+01  1.524595e+02  2.449880e+02  4.702030e+02 
 6.631981e-01  6.219759e+01  1.497730e+02  2.419499e+02  4.651152e+02 
 6.724427e-01  6.090961e+01  1.469539e+02  2.378544e+02  4.597789e+02 
 6.818162e-01  5.946969e+01  1.441202e+02  2.328814e+02  4.501964e+02 
 6.913204e-01  5.809218e+01  1.412030e+02  2.290054e+02  4.435223e+02 
 7.009570e-01  5.719296e+01  1.389065e+02  2.255069e+02  4.373746e+02 
 7.107280e-01  5.559590e+01  1.363360e+02  2.219558e+02  4.302200e+02 
 7.206351e-01  5.465153e+01  1.339898e+02  2.186604e+02  4.260884e+02 
 7.306804e-01  5.344513e+01  1.318334e+02  2.150623e+02  4.181603e+02 
 7.408657e-01  5.217804e+01  1.290376e+02  2.109557e+02  4.124554e+02 
 7.511929e-01  5.099573e+01  1.264666e+02  2.075685e+02  4.066189e+02 
 7.616642e-01  4.994764e+01  1.239870e+02  2.038942e+02  4.008299e+02 
 7.722814e-01  4.917762e+01  1.226282e+02  2.015749e+02  3.952616e+02 
 7.830465e-01  4.808540e+01  1.200948e+02  1.978320e+02  3.898205e+02 
 7.939618e-01  4.711163e+01  1.184042e+02  1.951075e+02  3.850519e+02 
 8.050292e-01  4.599336e+01  1.159668e+02  1.921941e+02  3.799871e+02 
 8.162509e-01  4.509402e+01  1.141497e+02  1.889380e+02  3.730747e+02 
 8.276289e-01  4.393412e+01  1.116895e+02  1.855647e+02  3.679740e+02 
 8.391656e-01  4.328127e+01  1.102315e+02  1.826738e+02  3.631864e+02 
 8.508632e-01  4.243248e+01  1.082130e+02  1.800709e+02  3.582590e+02 
 8.627237e-01  4.141116e+01  1.062843e+02  1.771106e+02  3.522048e+02 
 8.747496e-01  4.058643e+01  1.042784e+02  1.742171e+02  3.473006e+02 
 8.869432e-01  3.979951e+01  1.026707e+02  1.716888e+02  3.428724e+02 
 8.993067e-01  3.890374e+01  1.008725e+02  1.689065e+02  3.374629e+02 
 9.118425e-01  3.825157e+01  9.901266e+01  1.658623e+02  3.312826e+02 
 9.245531e-01  3.733301e+01  9.725208e+01  1.630890e+02  3.271309e+02 
 9.374409e-01  3.653060e+01  9.554786e+01  1.607272e+02  3.226611e+02 
 9.505083e-01  3.584775e+01  9.386687e+01  1.581596e+02  3.177207e+02 
 9.637579e-01  3.502163e+01  9.197135e+01  1.552005e+02  3.127257e+02 
 9.771921e-01  3.444825e+01  9.126986e+01  1.536158e+02  3.083839e+02 
 9.908137e-01  3.371936e+01  8.940468e+01  1.508373e+02  3.038759e+02 
 1.004625e+00  3.299920e+01  8.761128e+01  1.480966e+02  2.986524e+02 
 1.018629e+00  3.239517e+01  8.629979e+01  1.458818e+02  2.940069e+02 
 1.032828e+00  3.168692e+01  8.474856e+01  1.437507e+02  2.904314e+02 
 1.047225e+00  3.099747e+01  8.336909e+01  1.412913e+02  2.851866e+02 
 1.061823e+00  3.044306e+01  8.214328e+01  1.392339e+02  2.810896e+02 
 1.076624e+00  2.980600e+01  8.071863e+01  1.370291e+02  2.767080e+02 
 1.091632e+00  2.926188e+01  7.927913e+01  1.349377e+02  2.722255e+02 
 1.106848e+00  2.862644e+01  7.777365e+01  1.326382e+02  2.681831e+02 
 1.122277e+00  2.805104e+01  7.659379e+01  1.303266e+02  2.634557e+02 
 1.137921e+00  2.747498e+01  7.513447e+01  1.281347e+02  2.593029e+02 
 1.153783e+00  2.695956e+01  7.388723e+01  1.261284e+02  2.553967e+02 
 1.169866e+00  2.645677e+01  7.271356e+01  1.240952e+02  2.517395e+02 
 1.186174e+00  2.590915e+01  7.155724e+01  1.220861e+02  2.474128e+02 
 1.202708e+00  2.542422e+01  7.032792e+01  1.201932e+02  2.436608e+02 
 1.219473e+00  2.495057e+01  6.919044e+01  1.183959e+02  2.393429e+02 
 1.236472e+00  2.445219e+01  6.804947e+01  1.165726e+02  2.357915e+02 
 1.253708e+00  2.399592e+01  6.687655e+01  1.144076e+02  2.318136e+02 
 1.271184e+00  2.354520e+01  6.598611e+01  1.129588e+02  2.281971e+02 
 1.288904e+00  2.308889e+01  6.463041e+01  1.108312e+02  2.246824e+02 
 1.306870e+00  2.263098e+01  6.354225e+01  1.089646e+02  2.206258e+02 
 1.325087e+00  2.223455e+01  6.252843e+01  1.072956e+02  2.167899e+02 
 1.343558e+00  2.181072e+01  6.144412e+01  1.054860e+02  2.131835e+02 
 1.362287e+00  2.141323e+01  6.038155e+01  1.035973e+02  2.093813e+02 
 1.381276e+00  2.099240e+01  5.940289e+01  1.016629e+02  2.056424e+02 
 1.400531e+00  2.060695e+01  5.839964e+01  1.000468e+02  2.019108e+02 
 1.420053e+00  2.020708e+01  5.730146e+01  9.839423e+01  1.982695e+02 
 1.439848e+00  1.983244e+01  5.641228e+01  9.660305e+01  1.948804e+02 
 1.459919e+00  1.943968e+01  5.542645e+01  9.495457e+01  1.911905e+02 
 1.480269e+00  1.912195e+01  5.438772e+01  9.316346e+01  1.873807e+02 
 1.500903e+00  1.876140e+01  5.351491e+01  9.186288e+01  1.843457e+02 
 1.521825e+00  1.840051e+01  5.263518e+01  9.002322e+01  1.808328e+02 
 1.543038e+00  1.804927e+01  5.170432e+01  8.850919e+01  1.777626e+02 
 1.564548e+00  1.774289e+01  5.083078e+01  8.693114e+01  1.742963e+02 
 1.586357e+00  1.741736e+01  4.998923e+01  8.539751e+01  1.709912e+02 
 1.608469e+00  1.707677e+01  4.912108e+01  8.385319e+01  1.679387e+02 
 1.630891e+00  1.681216e+01  4.819692e+01  8.216382e+01  1.643411e+02 
 1.653624e+00  1.647924e+01  4.732801e+01  8.076168e+01  1.614717e+02 
 1.676675e+00  1.617101e+01  4.656270e+01  7.933539e+01  1.582035e+02 
 1.700047e+00  1.586998e+01  4.575265e+01  7.787178e+01  1.551889e+02 
 1.723745e+00  1.560564e+01  4.490835e+01  7.642472e+01  1.519442e+02 
 1.747773e+00  1.529503e+01  4.407730e+01  7.495128e+01  1.488447e+02 
 1.772136e+00  1.501850e+01  4.330786e+01  7.350580e+01  1.459898e+02 
 1.796838e+00  1.475218e+01  4.250544e+01  7.211057e+01  1.429723e+02 
 1.821885e+00  1.451350e+01  4.173401e+01  7.069489e+01  1.401247e+02 
 1.847281e+00  1.423235e+01  4.102700e+01  6.942724e+01  1.372879e+02 
 1.873032e+00  1.398078e+01  4.026984e+01  6.796122e+01  1.344911e+02 
 1.899141e+00  1.373036e+01  3.948612e+01  6.667313e+01  1.317027e+02 
 1.925614e+00  1.349583e+01  3.878117e+01  6.540522e+01  1.288482e+02 
 1.952456e+00  1.328996e+01  3.811596e+01  6.417356e+01  1.261607e+02 
 1.979672e+00  1.302269e+01  3.744072e+01  6.291179e+01  1.235247e+02 
 2.007267e+00  1.280560e+01  3.673776e+01  6.157955e+01  1.209903e+02 
 2.035248e+00  1.256825e+01  3.601736e+01  6.033006e+01  1.182820e+02 
 2.063618e+00  1.234096e+01  3.531210e+01  5.908219e+01  1.156584e+02 
 2.092383e+00  1.212994e+01  3.463590e+01  5.783425e+01  1.130942e+02 
 2.121550e+00  1.190358e+01  3.395587e+01  5.664272e+01  1.106228e+02 
 2.151123e+00  1.169538e+01  3.331751e+01  5.543411e+01  1.080758e+02 
 2.181109e+00  1.148179e+01  3.262987e+01  5.426496e+01  1.056910e+02 
 2.211512e+00  1.128226e+01  3.197401e+01  5.307240e+01  1.032009e+02 
 2.242340e+00  1.107942e+01  3.137054e+01  5.196924e+01  1.008850e+02 
 2.273597e+00  1.087022e+01  3.075009e+01  5.081121e+01  9.855414e+01 
 2.305289e+00  1.068898e+01  3.012460e+01  4.972613e+01  9.630706e+01 
 2.337424e+00  1.050234e+01  2.950747e+01  4.861952e+01  9.412650e+01 
 2.370006e+00  1.031098e+01  2.891100e+01  4.756283e+01  9.195967e+01 
 2.403043e+00  1.011549e+01  2.833080e+01  4.649213e+01  8.977942e+01 
 2.436540e+00  9.944345e+00  2.776868e+01  4.547535e+01  8.766688e+01 
 2.470504e+00  9.766605e+00  2.719669e+01  4.444188e+01  8.558694e+01 
 2.504942e+00  9.593877e+00  2.664813e+01  4.346232e+01  8.359531e+01 
 2.539859e+00  9.428503e+00  2.608087e+01  4.245888e+01  8.153237e+01 
 2.575263e+00  9.249449e+00  2.551259e+01  4.151150e+01  7.962154e+01 
 2.611161e+00  9.087424e+00  2.498564e+01  4.052267e+01  7.769000e+01 
 2.647559e+00  8.922630e+00  2.444793e+01  3.956700e+01  7.575322e+01 
 2.684465e+00  8.758733e+00  2.393490e+01  3.864094e+01  7.389634e+01 
 2.721885e+00  8.592846e+00  2.338981e+01  3.773017e+01  7.208026e+01 
 2.759826e+00  8.437505e+00  2.287281e+01  3.682325e+01  7.028852e+01 
 2.798297e+00  8.279207e+00  2.237406e+01  3.593804e+01  6.857978e+01 
 2.837304e+00  8.127456e+00  2.187612e+01  3.507831e+01  6.687652e+01 
 2.876854e+00  7.976246e+00  2.138496e+01  3.423222e+01  6.522482e+01 
 2.916956e+00  7.829868e+00  2.091491e+01  3.341058e+01  6.355990e+01 
 2.957617e+00  7.686495e+00  2.045122e+01  3.261430e+01  6.197687e+01 
 2.998844e+00  7.544596e+00  1.999669e+01  3.182342e+01  6.041931e+01 
 3.040646e+00  7.404338e+00  1.954243e+01  3.103418e+01  5.893786e+01 
 3.083031e+00  7.267719e+00  1.909244e+01  3.027859e+01  5.745267e+01 
 3.126007e+00  7.134015e+00  1.867064e+01  2.953903e+01  5.598975e+01 
 3.169582e+00  6.999525e+00  1.822929e+01  2.878851e+01  5.456339e+01 
 3.213764e+00  6.866372e+00  1.780676e+01  2.807262e+01  5.317250e+01 
 3.258562e+00  6.733684e+00  1.739752e+01  2.736949e+01  5.180492e+01 
 3.303985e+00  6.604470e+00  1.697922e+01  2.667259e+01  5.046758e+01 
 3.350041e+00  6.477501e+00  1.657007e+01  2.599336e+01  4.915927e+01 
 3.396739e+00  6.350142e+00  1.617322e+01  2.533619e+01  4.787056e+01 
 3.444087e+00  6.226932e+00  1.578318e+01  2.467049e+01  4.662002e+01 
 3.492096e+00  6.105985e+00  1.540557e+01  2.404700e+01  4.541926e+01 
 3.540774e+00  5.982059e+00  1.503259e+01  2.343117e+01  4.423282e+01 
 3.590130e+00  5.866128e+00  1.466739e+01  2.282275e+01  4.309025e+01 
 3.640175e+00  5.750610e+00  1.431147e+01  2.224561e+01  4.197417e+01 
 3.690917e+00  5.635306e+00  1.397049e+01  2.165655e+01  4.087056e+01 
 3.742366e+00  5.523878e+00  1.362168e+01  2.110535e+01  3.981619e+01 
 3.794533e+00  5.415112e+00  1.329204e+01  2.056257e+01  3.877495e+01 
 3.847427e+00  5.306169e+00  1.296428e+01  2.002709e+01  3.777343e+01 
 3.901058e+00  5.197846e+00  1.264402e+01  1.950936e+01  3.677606e+01 
 3.955436e+00  5.096132e+00  1.233142e+01  1.899168e+01  3.580176e+01 
 4.010573e+00  4.988554e+00  1.202084e+01  1.849910e+01  3.487158e+01 
 4.066478e+00  4.884982e+00  1.171424e+01  1.800680e+01  3.393844e+01 
 4.123163e+00  4.782803e+00  1.142008e+01  1.752941e+01  3.303355e+01 
 4.180637e+00  4.683771e+00  1.113285e+01  1.706701e+01  3.215069e+01 
 4.238913e+00  4.584870e+00  1.084573e+01  1.661014e+01  3.129744e+01 
 4.298001e+00  4.485869e+00  1.056734e+01  1.616994e+01  3.045914e+01 
 4.357913e+00  4.392744e+00  1.029561e+01  1.574037e+01  2.965281e+01 
 4.418660e+00  4.298634e+00  1.003410e+01  1.531957e+01  2.887085e+01 
 4.480254e+00  4.205587e+00  9.776269e+00  1.491206e+01  2.810132e+01 
 4.542706e+00  4.116419e+00  9.524369e+00  1.451506e+01  2.735699e+01 
 4.606029e+00  4.027280e+00  9.282337e+00  1.412995e+01  2.663726e+01 
 4.670234e+00  3.939972e+00  9.044409e+00  1.376169e+01  2.593891e+01 
 4.735335e+00  3.855195e+00  8.813646e+00  1.339793e+01  2.525396e+01 
 4.801343e+00  3.773069e+00  8.589248e+00  1.304475e+01  2.458260e+01 
 4.868271e+00  3.689996e+00  8.366714e+00  1.269703e+01  2.393112e+01 
 4.936132e+00  3.609062e+00  8.149139e+00  1.235784e+01  2.329303e+01 
 5.004939e+00  3.528336e+00  7.936965e+00  1.202736e+01  2.266918e+01 
 5.074705e+00  3.448861e+00  7.729982e+00  1.170348e+01  2.206330e+01 
 5.145444e+00  3.372060e+00  7.527378e+00  1.138829e+01  2.146956e+01 
 5.217169e+00  3.294771e+00  7.328297e+00  1.108123e+01  2.088801e+01 
 5.289893e+00  3.220869e+00  7.135753e+00  1.078520e+01  2.033037e+01 
 5.363631e+00  3.146612e+00  6.947776e+00  1.049299e+01  1.978207e+01 
 5.438397e+00  3.074898e+00  6.764128e+00  1.021146e+01  1.924867e+01 
 5.514206e+00  3.004431e+00  6.586397e+00  9.936813e+00  1.873331e+01 
 5.591071e+00  2.934586e+00  6.413839e+00  9.670488e+00  1.823070e+01 
 5.669007e+00  2.867867e+00  6.246263e+00  9.412782e+00  1.774735e+01 
 5.748030e+00  2.801800e+00  6.082380e+00  9.161017e+00  1.727210e+01 
 5.828155e+00  2.737190e+00  5.923747e+00  8.917917e+00  1.681253e+01 
 5.909396e+00  2.674002e+00  5.768942e+00  8.680991e+00  1.636717e+01 
 5.991770e+00  2.611827e+00  5.618063e+00  8.449111e+00  1.593217e+01 
 6.075292e+00  2.550873e+00  5.471128e+00  8.224531e+00  1.550333e+01 
 6.159978e+00  2.490907e+00  5.326329e+00  8.003649e+00  1.508792e+01 
 6.245845e+00  2.432230e+00  5.185775e+00  7.789053e+00  1.468175e+01 
 6.332908e+00  2.374268e+00  5.047736e+00  7.578736e+00  1.428335e+01 
 6.421186e+00  2.317624e+00  4.913953e+00  7.373527e+00  1.389542e+01 
 6.510694e+00  2.261969e+00  4.783169e+00  7.174462e+00  1.351842e+01 
 6.601449e+00  2.207943e+00  4.656062e+00  6.980458e+00  1.315050e+01 
 6.693470e+00  2.154447e+00  4.532109e+00  6.791387e+00  1.279279e+01 
 6.786773e+00  2.102647e+00  4.411418e+00  6.607616e+00  1.244627e+01 
 6.881377e+00  2.052120e+00  4.294493e+00  6.429672e+00  1.210804e+01 
 6.977300e+00  2.002584e+00  4.181188e+00  6.257859e+00  1.177983e+01 
 7.074559e+00  1.954756e+00  4.070866e+00  6.089939e+00  1.146063e+01 
 7.173175e+00  1.907694e+00  3.964064e+00  5.926758e+00  1.115188e+01 
 7.273165e+00  1.862160e+00  3.860123e+00  5.769043e+00  1.085207e+01 
 7.374549e+00  1.817285e+00  3.758626e+00  5.615284e+00  1.056074e+01 
 7.477346e+00  1.773546e+00  3.660270e+00  5.466200e+00  1.027514e+01 
 7.581576e+00  1.730907e+00  3.563700e+00  5.319615e+00  9.996827e+00 
 7.687260e+00  1.688875e+00  3.469828e+00  5.177072e+00  9.725413e+00 
 7.794416e+00  1.647778e+00  3.378321e+00  5.037190e+00  9.459494e+00 
 7.903066e+00  1.607615e+00  3.288226e+00  4.900618e+00  9.199474e+00 
 8.013230e+00  1.568297e+00  3.201106e+00  4.768452e+00  8.946916e+00 
 8.124930e+00  1.529786e+00  3.116031e+00  4.639433e+00  8.700353e+00 
 8.238187e+00  1.492443e+00  3.033191e+00  4.513749e+00  8.460340e+00 
 8.353023e+00  1.455797e+00  2.952647e+00  4.391474e+00  8.226677e+00 
 8.469460e+00  1.420211e+00  2.874561e+00  4.273093e+00  8.000570e+00 
 8.587519e+00  1.385669e+00  2.798506e+00  4.157770e+00  7.780585e+00 
 8.707225e+00  1.351986e+00  2.724741e+00  4.046314e+00  7.567250e+00 
 8.828599e+00  1.319234e+00  2.653389e+00  3.938246e+00  7.360222e+00 
 8.951665e+00  1.287235e+00  2.584279e+00  3.833029e+00  7.159951e+00 
 9.076446e+00  1.256355e+00  2.516909e+00  3.731226e+00  6.965246e+00 
 9.202967e+00  1.226141e+00  2.451513e+00  3.632414e+00  6.775911e+00 
 9.331251e+00  1.196668e+00  2.387805e+00  3.535862e+00  6.591629e+00 
 9.461324e+00  0.000000e+00  0.000000e+00  0.000000e+00  0.000000e+00 
 9.593209e+00  0.000000e+00  0.000000e+00  0.000000e+00  0.000000e+00 
 9.726934e+00  0.000000e+00  0.000000e+00  0.000000e+00  0.000000e+00 
 9.862522e+00  0.000000e+00  0.000000e+00  0.000000e+00  0.000000e+00 
 1.000000e+01  0.000000e+00  0.000000e+00  0.000000e+00  0.000000e+00 
