 1.000000e-02  5.691539e+03  1.046795e+04  1.422770e+04  2.130145e+04 
 1.013939e-02  5.721418e+03  1.052275e+04  1.430199e+04  2.141214e+04 
 1.028073e-02  5.750802e+03  1.057666e+04  1.437507e+04  2.152098e+04 
 1.042404e-02  5.779679e+03  1.062964e+04  1.444688e+04  2.162794e+04 
 1.056935e-02  5.808043e+03  1.068162e+04  1.451734e+04  2.173299e+04 
 1.071668e-02  5.835868e+03  1.073257e+04  1.458640e+04  2.183603e+04 
 1.086606e-02  5.863122e+03  1.078244e+04  1.465400e+04  2.193689e+04 
 1.101753e-02  5.889767e+03  1.083119e+04  1.472009e+04  2.203542e+04 
 1.117111e-02  5.915720e+03  1.087869e+04  1.478451e+04  2.213129e+04 
 1.132683e-02  5.941006e+03  1.092500e+04  1.484731e+04  2.222459e+04 
 1.148472e-02  5.965707e+03  1.097025e+04  1.490863e+04  2.231582e+04 
 1.164481e-02  5.989806e+03  1.101435e+04  1.496836e+04  2.240478e+04 
 1.180713e-02  6.013246e+03  1.105721e+04  1.502639e+04  2.249122e+04 
 1.197171e-02  6.035992e+03  1.109881e+04  1.508263e+04  2.257501e+04 
 1.213859e-02  6.058011e+03  1.113903e+04  1.513703e+04  2.265601e+04 
 1.230780e-02  6.079269e+03  1.117787e+04  1.518957e+04  2.273407e+04 
 1.247936e-02  6.099776e+03  1.121532e+04  1.524025e+04  2.280929e+04 
 1.265332e-02  6.119505e+03  1.125134e+04  1.528898e+04  2.288168e+04 
 1.282970e-02  6.138446e+03  1.128592e+04  1.533564e+04  2.295112e+04 
 1.300854e-02  6.156552e+03  1.131895e+04  1.538027e+04  2.301739e+04 
 1.318987e-02  6.173794e+03  1.135038e+04  1.542278e+04  2.308040e+04 
 1.337373e-02  6.190167e+03  1.138021e+04  1.546318e+04  2.314008e+04 
 1.356015e-02  6.205697e+03  1.140847e+04  1.550136e+04  2.319647e+04 
 1.374917e-02  6.220352e+03  1.143514e+04  1.553727e+04  2.324958e+04 
 1.394083e-02  6.234080e+03  1.146009e+04  1.557083e+04  2.329922e+04 
 1.413516e-02  6.246824e+03  1.148321e+04  1.560203e+04  2.334517e+04 
 1.433219e-02  6.258571e+03  1.150450e+04  1.563082e+04  2.338742e+04 
 1.453198e-02  6.269338e+03  1.152398e+04  1.565704e+04  2.342604e+04 
 1.473454e-02  6.279115e+03  1.154165e+04  1.568071e+04  2.346091e+04 
 1.493993e-02  6.287861e+03  1.155741e+04  1.570178e+04  2.349187e+04 
 1.514819e-02  6.295574e+03  1.157129e+04  1.572034e+04  2.351899e+04 
 1.535935e-02  6.302227e+03  1.158321e+04  1.573626e+04  2.354215e+04 
 1.557345e-02  6.307812e+03  1.159317e+04  1.574952e+04  2.356126e+04 
 1.579053e-02  6.312302e+03  1.160111e+04  1.576002e+04  2.357629e+04 
 1.601064e-02  6.315646e+03  1.160694e+04  1.576766e+04  2.358712e+04 
 1.623382e-02  6.317823e+03  1.161061e+04  1.577239e+04  2.359357e+04 
 1.646012e-02  6.318835e+03  1.161217e+04  1.577419e+04  2.359562e+04 
 1.668956e-02  6.318677e+03  1.161156e+04  1.577310e+04  2.359323e+04 
 1.692220e-02  6.317342e+03  1.160878e+04  1.576908e+04  2.358640e+04 
 1.715809e-02  6.314811e+03  1.160377e+04  1.576200e+04  2.357505e+04 
 1.739726e-02  6.311048e+03  1.159652e+04  1.575181e+04  2.355917e+04 
 1.763977e-02  6.306036e+03  1.158695e+04  1.573852e+04  2.353861e+04 
 1.788566e-02  6.299747e+03  1.157506e+04  1.572205e+04  2.351321e+04 
 1.813498e-02  6.292190e+03  1.156082e+04  1.570242e+04  2.348300e+04 
 1.838777e-02  6.283350e+03  1.154424e+04  1.567956e+04  2.344806e+04 
 1.864409e-02  6.273236e+03  1.152528e+04  1.565349e+04  2.340836e+04 
 1.890397e-02  6.261816e+03  1.150393e+04  1.562417e+04  2.336375e+04 
 1.916748e-02  6.249072e+03  1.148014e+04  1.559156e+04  2.331408e+04 
 1.943467e-02  6.234993e+03  1.145390e+04  1.555561e+04  2.325940e+04 
 1.970558e-02  6.219591e+03  1.142523e+04  1.551632e+04  2.319985e+04 
 1.998026e-02  6.202857e+03  1.139409e+04  1.547368e+04  2.313539e+04 
 2.025878e-02  6.184775e+03  1.136049e+04  1.542770e+04  2.306589e+04 
 2.054117e-02  6.165356e+03  1.132441e+04  1.537836e+04  2.299132e+04 
 2.082751e-02  6.144590e+03  1.128588e+04  1.532569e+04  2.291175e+04 
 2.111783e-02  6.122483e+03  1.124486e+04  1.526963e+04  2.282710e+04 
 2.141220e-02  6.099100e+03  1.120147e+04  1.521033e+04  2.273744e+04 
 2.171068e-02  6.074919e+03  1.115636e+04  1.514842e+04  2.264327e+04 
 2.201331e-02  6.049392e+03  1.110877e+04  1.508317e+04  2.254416e+04 
 2.232016e-02  6.022524e+03  1.105873e+04  1.501455e+04  2.244000e+04 
 2.263130e-02  5.994348e+03  1.100626e+04  1.494262e+04  2.233086e+04 
 2.294676e-02  5.964856e+03  1.095137e+04  1.486741e+04  2.221677e+04 
 2.326663e-02  5.934080e+03  1.089412e+04  1.478901e+04  2.209789e+04 
 2.359095e-02  5.902021e+03  1.083453e+04  1.470741e+04  2.197428e+04 
 2.391980e-02  5.868665e+03  1.077256e+04  1.462260e+04  2.184586e+04 
 2.425323e-02  5.834026e+03  1.070825e+04  1.453460e+04  2.171267e+04 
 2.459130e-02  5.798163e+03  1.064166e+04  1.444355e+04  2.157489e+04 
 2.493409e-02  5.761101e+03  1.057286e+04  1.434947e+04  2.143260e+04 
 2.528166e-02  5.722860e+03  1.050187e+04  1.425243e+04  2.128592e+04 
 2.563407e-02  5.683447e+03  1.042876e+04  1.415250e+04  2.113492e+04 
 2.599140e-02  5.642885e+03  1.035357e+04  1.404973e+04  2.097968e+04 
 2.635371e-02  5.601213e+03  1.027635e+04  1.394421e+04  2.082033e+04 
 2.672106e-02  5.558477e+03  1.019716e+04  1.383603e+04  2.065702e+04 
 2.709354e-02  5.514693e+03  1.011605e+04  1.372523e+04  2.048983e+04 
 2.747121e-02  5.469903e+03  1.003309e+04  1.361194e+04  2.031890e+04 
 2.785414e-02  5.424086e+03  9.948280e+03  1.349614e+04  2.014425e+04 
 2.824241e-02  5.377003e+03  9.861261e+03  1.337746e+04  1.996560e+04 
 2.863610e-02  5.329051e+03  9.772638e+03  1.325665e+04  1.978373e+04 
 2.903527e-02  5.280267e+03  9.682492e+03  1.313376e+04  1.959882e+04 
 2.944000e-02  5.230685e+03  9.590909e+03  1.300892e+04  1.941099e+04 
 2.985038e-02  5.180375e+03  9.498001e+03  1.288226e+04  1.922048e+04 
 3.026648e-02  5.129403e+03  9.403862e+03  1.275396e+04  1.902753e+04 
 3.068838e-02  5.077827e+03  9.308625e+03  1.262416e+04  1.883235e+04 
 3.111616e-02  5.025683e+03  9.212349e+03  1.249298e+04  1.863508e+04 
 3.154990e-02  4.973034e+03  9.115132e+03  1.236052e+04  1.843590e+04 
 3.198969e-02  4.919930e+03  9.017112e+03  1.222695e+04  1.823511e+04 
 3.243561e-02  4.866454e+03  8.918409e+03  1.209249e+04  1.803299e+04 
 3.288774e-02  4.812660e+03  8.819131e+03  1.195726e+04  1.782974e+04 
 3.334618e-02  4.758603e+03  8.719393e+03  1.182139e+04  1.762556e+04 
 3.381101e-02  4.704342e+03  8.619307e+03  1.168505e+04  1.742067e+04 
 3.428231e-02  4.649960e+03  8.518996e+03  1.154841e+04  1.721538e+04 
 3.476019e-02  4.595411e+03  8.418684e+03  1.141217e+04  1.701179e+04 
 3.524473e-02  4.540879e+03  8.318411e+03  1.127600e+04  1.680833e+04 
 3.573602e-02  4.486413e+03  8.218273e+03  1.114002e+04  1.660514e+04 
 3.623416e-02  4.432079e+03  8.118397e+03  1.100437e+04  1.640244e+04 
 3.673925e-02  4.377952e+03  8.018904e+03  1.086925e+04  1.620055e+04 
 3.725137e-02  4.324112e+03  7.919945e+03  1.073487e+04  1.599975e+04 
 3.777064e-02  4.270617e+03  7.821613e+03  1.060134e+04  1.580027e+04 
 3.829714e-02  4.217526e+03  7.724032e+03  1.046881e+04  1.560225e+04 
 3.883098e-02  4.164904e+03  7.627323e+03  1.033745e+04  1.540597e+04 
 3.937226e-02  4.112806e+03  7.531568e+03  1.020739e+04  1.521166e+04 
 3.992109e-02  4.061299e+03  7.436893e+03  1.007881e+04  1.501952e+04 
 4.047757e-02  4.010418e+03  7.343337e+03  9.951732e+03  1.482952e+04 
 4.104181e-02  3.959976e+03  7.249915e+03  9.824105e+03  1.463667e+04 
 4.161391e-02  3.910280e+03  7.157880e+03  9.698368e+03  1.444664e+04 
 4.219398e-02  3.861379e+03  7.067316e+03  9.574649e+03  1.425965e+04 
 4.278214e-02  3.813314e+03  6.978305e+03  9.453038e+03  1.407584e+04 
 4.337850e-02  3.766125e+03  6.890907e+03  9.333616e+03  1.389531e+04 
 4.398317e-02  3.719851e+03  6.805203e+03  9.216482e+03  1.371820e+04 
 4.459628e-02  3.674522e+03  6.721243e+03  9.101695e+03  1.354463e+04 
 4.521792e-02  3.630175e+03  6.639060e+03  8.989353e+03  1.337470e+04 
 4.584824e-02  3.586820e+03  6.558704e+03  8.879515e+03  1.320849e+04 
 4.648734e-02  3.544459e+03  6.480189e+03  8.772168e+03  1.304603e+04 
 4.713535e-02  3.503326e+03  6.404815e+03  8.669975e+03  1.289376e+04 
 4.779239e-02  3.463340e+03  6.332054e+03  8.571869e+03  1.274903e+04 
 4.845859e-02  3.424373e+03  6.261133e+03  8.476253e+03  1.260797e+04 
 4.913407e-02  3.386403e+03  6.192024e+03  8.383098e+03  1.247055e+04 
 4.981898e-02  3.349408e+03  6.124702e+03  8.292346e+03  1.233671e+04 
 5.051342e-02  3.313362e+03  6.059120e+03  8.203950e+03  1.220636e+04 
 5.121755e-02  3.278236e+03  5.995219e+03  8.117824e+03  1.207940e+04 
 5.193150e-02  3.243995e+03  5.932949e+03  8.033892e+03  1.195566e+04 
 5.265540e-02  3.210593e+03  5.872207e+03  7.952020e+03  1.183498e+04 
 5.338938e-02  3.177702e+03  5.811889e+03  7.870204e+03  1.171300e+04 
 5.413360e-02  3.145224e+03  5.751714e+03  7.787973e+03  1.158873e+04 
 5.488820e-02  3.113425e+03  5.692804e+03  7.707464e+03  1.146704e+04 
 5.565331e-02  3.082228e+03  5.635002e+03  7.628470e+03  1.134760e+04 
 5.642908e-02  3.051475e+03  5.578008e+03  7.550570e+03  1.122980e+04 
 5.721568e-02  3.021012e+03  5.521544e+03  7.473369e+03  1.111308e+04 
 5.801323e-02  2.990980e+03  5.465861e+03  7.397222e+03  1.099796e+04 
 5.882190e-02  2.961663e+03  5.411509e+03  7.322883e+03  1.088551e+04 
 5.964185e-02  2.933219e+03  5.359159e+03  7.251665e+03  1.077879e+04 
 6.047322e-02  2.905408e+03  5.309032e+03  7.184593e+03  1.068124e+04 
 6.131619e-02  2.876966e+03  5.257748e+03  7.115940e+03  1.058138e+04 
 6.217090e-02  2.847868e+03  5.205250e+03  7.045640e+03  1.047904e+04 
 6.303753e-02  2.818273e+03  5.151827e+03  6.974090e+03  1.037484e+04 
 6.391624e-02  2.788337e+03  5.097765e+03  6.901669e+03  1.026933e+04 
 6.480720e-02  2.758011e+03  5.042972e+03  6.828249e+03  1.016232e+04 
 6.571058e-02  2.727110e+03  4.987132e+03  6.753406e+03  1.005319e+04 
 6.662655e-02  2.694154e+03  4.925452e+03  6.668433e+03  9.922766e+03 
 6.755528e-02  2.660304e+03  4.862102e+03  6.581143e+03  9.788744e+03 
 6.849697e-02  2.625552e+03  4.797134e+03  6.491678e+03  9.651546e+03 
 6.945178e-02  2.589861e+03  4.730442e+03  6.399916e+03  9.510990e+03 
 7.041990e-02  2.553179e+03  4.661960e+03  6.305749e+03  9.366941e+03 
 7.140151e-02  2.515473e+03  4.591625e+03  6.209090e+03  9.219238e+03 
 7.239681e-02  2.476969e+03  4.520156e+03  6.111277e+03  9.071101e+03 
 7.340598e-02  2.437718e+03  4.447688e+03  6.012570e+03  8.923120e+03 
 7.442922e-02  2.397402e+03  4.373289e+03  5.911272e+03  8.771339e+03 
 7.546673e-02  2.356047e+03  4.297000e+03  5.807462e+03  8.615840e+03 
 7.651869e-02  2.313712e+03  4.218937e+03  5.701270e+03  8.456850e+03 
 7.758532e-02  2.270459e+03  4.139228e+03  5.592884e+03  8.294632e+03 
 7.866682e-02  2.227310e+03  4.060990e+03  5.487741e+03  8.140369e+03 
 7.976339e-02  2.184937e+03  3.986227e+03  5.389299e+03  8.001070e+03 
 8.087525e-02  2.141903e+03  3.910190e+03  5.289047e+03  7.858916e+03 
 8.200261e-02  2.098350e+03  3.833130e+03  5.187338e+03  7.714406e+03 
 8.314568e-02  2.054432e+03  3.755328e+03  5.084562e+03  7.568109e+03 
 8.430468e-02  2.010319e+03  3.677089e+03  4.981133e+03  7.420604e+03 
 8.547985e-02  1.965196e+03  3.595505e+03  4.871728e+03  7.260793e+03 
 8.667139e-02  1.919809e+03  3.512739e+03  4.760037e+03  7.095955e+03 
 8.787954e-02  1.874826e+03  3.430709e+03  4.649329e+03  6.932508e+03 
 8.910453e-02  1.830441e+03  3.349766e+03  4.540099e+03  6.771189e+03 
 9.034660e-02  1.786847e+03  3.270253e+03  4.432801e+03  6.612684e+03 
 9.160598e-02  1.744945e+03  3.194766e+03  4.331798e+03  6.465503e+03 
 9.288292e-02  1.704824e+03  3.123366e+03  4.237055e+03  6.329349e+03 
 9.417766e-02  1.665964e+03  3.054225e+03  4.145301e+03  6.197442e+03 
 9.549045e-02  1.628515e+03  2.987625e+03  4.056930e+03  6.070362e+03 
 9.682153e-02  1.592613e+03  2.923791e+03  3.972246e+03  5.948616e+03 
 9.817117e-02  1.558658e+03  2.863862e+03  3.893177e+03  5.836061e+03 
 9.953962e-02  1.526546e+03  2.807393e+03  3.818876e+03  5.730799e+03 
 1.009272e-01  1.496221e+03  2.754145e+03  3.748884e+03  5.631796e+03 
 1.023340e-01  1.467703e+03  2.704167e+03  3.683245e+03  5.539139e+03 
 1.037605e-01  1.440284e+03  2.655295e+03  3.618286e+03  5.445600e+03 
 1.052069e-01  1.411995e+03  2.601588e+03  3.543880e+03  5.331373e+03 
 1.066734e-01  1.385509e+03  2.551242e+03  3.474092e+03  5.224149e+03 
 1.081604e-01  1.360708e+03  2.504055e+03  3.408594e+03  5.123439e+03 
 1.096681e-01  1.337458e+03  2.459760e+03  3.347032e+03  5.028695e+03 
 1.111968e-01  1.316085e+03  2.419466e+03  3.291259e+03  4.942768e+03 
 1.127468e-01  1.295938e+03  2.381455e+03  3.238635e+03  4.861602e+03 
 1.143184e-01  1.276767e+03  2.345268e+03  3.188476e+03  4.784191e+03 
 1.159120e-01  1.258345e+03  2.310493e+03  3.140243e+03  4.709724e+03 
 1.175277e-01  1.241598e+03  2.280049e+03  3.098993e+03  4.647888e+03 
 1.191660e-01  1.225216e+03  2.250372e+03  3.058885e+03  4.587941e+03 
 1.208271e-01  1.208849e+03  2.220710e+03  3.018791e+03  4.528014e+03 
 1.225114e-01  1.192214e+03  2.190551e+03  2.978025e+03  4.467271e+03 
 1.242191e-01  1.174817e+03  2.158893e+03  2.935390e+03  4.404876e+03 
 1.259506e-01  1.156755e+03  2.126011e+03  2.891097e+03  4.339952e+03 
 1.277063e-01  1.137880e+03  2.091632e+03  2.844763e+03  4.271918e+03 
 1.294865e-01  1.118415e+03  2.056347e+03  2.797207e+03  4.201612e+03 
 1.312915e-01  1.098301e+03  2.020084e+03  2.748321e+03  4.128861e+03 
 1.331216e-01  1.077093e+03  1.981791e+03  2.696672e+03  4.051972e+03 
 1.349772e-01  1.054830e+03  1.941568e+03  2.642448e+03  3.971358e+03 
 1.368587e-01  1.032740e+03  1.903733e+03  2.593790e+03  3.905908e+03 
 1.387665e-01  1.009715e+03  1.864059e+03  2.542568e+03  3.836333e+03 
 1.407008e-01  9.859280e+02  1.822876e+03  2.489200e+03  3.763235e+03 
 1.426621e-01  9.623534e+02  1.782162e+03  2.435984e+03  3.688154e+03 
 1.446507e-01  9.386715e+02  1.741156e+03  2.382205e+03  3.611340e+03 
 1.466671e-01  9.148762e+02  1.699783e+03  2.327843e+03  3.533452e+03 
 1.487115e-01  8.889490e+02  1.652309e+03  2.263641e+03  3.438565e+03 
 1.507845e-01  8.620342e+02  1.601621e+03  2.194094e+03  3.334062e+03 
 1.528864e-01  8.360035e+02  1.552558e+03  2.126789e+03  3.232950e+03 
 1.550175e-01  8.130647e+02  1.511262e+03  2.071642e+03  3.153132e+03 
 1.571784e-01  7.927562e+02  1.476236e+03  2.026079e+03  3.089642e+03 
 1.593694e-01  7.737810e+02  1.443529e+03  1.983629e+03  3.030571e+03 
 1.615909e-01  7.567865e+02  1.414764e+03  1.946588e+03  2.979544e+03 
 1.638434e-01  7.414951e+02  1.389219e+03  1.913937e+03  2.934987e+03 
 1.661273e-01  7.276406e+02  1.366237e+03  1.884724e+03  2.895461e+03 
 1.684430e-01  7.117475e+02  1.336628e+03  1.844570e+03  2.836764e+03 
 1.707910e-01  6.967809e+02  1.308407e+03  1.806122e+03  2.780345e+03 
 1.731717e-01  6.835690e+02  1.283929e+03  1.773047e+03  2.732066e+03 
 1.755856e-01  6.737411e+02  1.267601e+03  1.752095e+03  2.702554e+03 
 1.780332e-01  6.645087e+02  1.252350e+03  1.732559e+03  2.675260e+03 
 1.805149e-01  6.537881e+02  1.232061e+03  1.704222e+03  2.630866e+03 
 1.830312e-01  6.420653e+02  1.208568e+03  1.670383e+03  2.575947e+03 
 1.855825e-01  6.302978e+02  1.185341e+03  1.637275e+03  2.523072e+03 
 1.881694e-01  6.188307e+02  1.164617e+03  1.609814e+03  2.483885e+03 
 1.907924e-01  6.067853e+02  1.142798e+03  1.580818e+03  2.442335e+03 
 1.934520e-01  5.935228e+02  1.118471e+03  1.548446e+03  2.396774e+03 
 1.961486e-01  5.793679e+02  1.092380e+03  1.513645e+03  2.347757e+03 
 1.988828e-01  5.657751e+02  1.068041e+03  1.481409e+03  2.302065e+03 
 2.016551e-01  5.534002e+02  1.046979e+03  1.453930e+03  2.262816e+03 
 2.044661e-01  5.402952e+02  1.024154e+03  1.423721e+03  2.218901e+03 
 2.073162e-01  5.256716e+02  9.965915e+02  1.385494e+03  2.160336e+03 
 2.102061e-01  5.110086e+02  9.689369e+02  1.347138e+03  2.101545e+03 
 2.131362e-01  5.005743e+02  9.537032e+02  1.329009e+03  2.077532e+03 
 2.161073e-01  4.906805e+02  9.395447e+02  1.312412e+03  2.055915e+03 
 2.191197e-01  4.778982e+02  9.173573e+02  1.283793e+03  2.017513e+03 
 2.221741e-01  4.651510e+02  8.945966e+02  1.254104e+03  1.977662e+03 
 2.252711e-01  4.539334e+02  8.752806e+02  1.229450e+03  1.944967e+03 
 2.284112e-01  4.438615e+02  8.582691e+02  1.208025e+03  1.916942e+03 
 2.315951e-01  4.352008e+02  8.429236e+02  1.187265e+03  1.885079e+03 
 2.348235e-01  4.275344e+02  8.291093e+02  1.168067e+03  1.853986e+03 
 2.380968e-01  4.184021e+02  8.112680e+02  1.143070e+03  1.815842e+03 
 2.414157e-01  4.092209e+02  7.930383e+02  1.117491e+03  1.777292e+03 
 2.447809e-01  3.999850e+02  7.754020e+02  1.093397e+03  1.741149e+03 
 2.481930e-01  3.909323e+02  7.582590e+02  1.070067e+03  1.706152e+03 
 2.516527e-01  3.854748e+02  7.494369e+02  1.058445e+03  1.688626e+03 
 2.551606e-01  3.786707e+02  7.375377e+02  1.042475e+03  1.664879e+03 
 2.587174e-01  3.682955e+02  7.173303e+02  1.014798e+03  1.624791e+03 
 2.623238e-01  3.594713e+02  7.012839e+02  9.933404e+02  1.594099e+03 
 2.659804e-01  3.523677e+02  6.898006e+02  9.786938e+02  1.573700e+03 
 2.696881e-01  3.430049e+02  6.727980e+02  9.558171e+02  1.539360e+03 
 2.734474e-01  3.330953e+02  6.544113e+02  9.308735e+02  1.501559e+03 
 2.772591e-01  3.257266e+02  6.423330e+02  9.158801e+02  1.482426e+03 
 2.811239e-01  3.180639e+02  6.290261e+02  8.990604e+02  1.461750e+03 
 2.850426e-01  3.100821e+02  6.142513e+02  8.800960e+02  1.439660e+03 
 2.890160e-01  3.030609e+02  6.023240e+02  8.647101e+02  1.417486e+03 
 2.930447e-01  2.966060e+02  5.911079e+02  8.495291e+02  1.393361e+03 
 2.971296e-01  2.904954e+02  5.787441e+02  8.306662e+02  1.360674e+03 
 3.012714e-01  2.850398e+02  5.693644e+02  8.182313e+02  1.342244e+03 
 3.054710e-01  2.796039e+02  5.604843e+02  8.073246e+02  1.328089e+03 
 3.097291e-01  2.728920e+02  5.483183e+02  7.915918e+02  1.307274e+03 
 3.140465e-01  2.666853e+02  5.358634e+02  7.736377e+02  1.277720e+03 
 3.184242e-01  2.610952e+02  5.247870e+02  7.576190e+02  1.251160e+03 
 3.228628e-01  2.566388e+02  5.175589e+02  7.487111e+02  1.240593e+03 
 3.273634e-01  2.501799e+02  5.046659e+02  7.302300e+02  1.211113e+03 
 3.319266e-01  2.435014e+02  4.918195e+02  7.125450e+02  1.184654e+03 
 3.365535e-01  2.372047e+02  4.807108e+02  6.983607e+02  1.165914e+03 
 3.412449e-01  2.329326e+02  4.749422e+02  6.912570e+02  1.154042e+03 
 3.460016e-01  2.282689e+02  4.672564e+02  6.812692e+02  1.139821e+03 
 3.508247e-01  2.237494e+02  4.591271e+02  6.703838e+02  1.123959e+03 
 3.557150e-01  2.194096e+02  4.509948e+02  6.593291e+02  1.107076e+03 
 3.606735e-01  2.144385e+02  4.421097e+02  6.476862e+02  1.090654e+03 
 3.657011e-01  2.084535e+02  4.308120e+02  6.323893e+02  1.070008e+03 
 3.707988e-01  2.036910e+02  4.217547e+02  6.201256e+02  1.051954e+03 
 3.759675e-01  1.993135e+02  4.134452e+02  6.087805e+02  1.035143e+03 
 3.812083e-01  1.947427e+02  4.052018e+02  5.976391e+02  1.019092e+03 
 3.865221e-01  1.908410e+02  3.994727e+02  5.907372e+02  1.006778e+03 
 3.919100e-01  1.867923e+02  3.900317e+02  5.765855e+02  9.881915e+02 
 3.973730e-01  1.822130e+02  3.825229e+02  5.671140e+02  9.727812e+02 
 4.029122e-01  1.786118e+02  3.767663e+02  5.589378e+02  9.574617e+02 
 4.085286e-01  1.749245e+02  3.688004e+02  5.476170e+02  9.414564e+02 
 4.142232e-01  1.704857e+02  3.598080e+02  5.359080e+02  9.272344e+02 
 4.199973e-01  1.662578e+02  3.525861e+02  5.267642e+02  9.136509e+02 
 4.258518e-01  1.629397e+02  3.463559e+02  5.178074e+02  8.979220e+02 
 4.317880e-01  1.594286e+02  3.393501e+02  5.074662e+02  8.824665e+02 
 4.378069e-01  1.563402e+02  3.332416e+02  4.987569e+02  8.679726e+02 
 4.439097e-01  1.537660e+02  3.292750e+02  4.940867e+02  8.641149e+02 
 4.500975e-01  1.496254e+02  3.215909e+02  4.835276e+02  8.484630e+02 
 4.563716e-01  1.460862e+02  3.143208e+02  4.729148e+02  8.293789e+02 
 4.627332e-01  1.438489e+02  3.112115e+02  4.695713e+02  8.260522e+02 
 4.691835e-01  1.401674e+02  3.038653e+02  4.589128e+02  8.079944e+02 
 4.757236e-01  1.374982e+02  2.986662e+02  4.518752e+02  7.973615e+02 
 4.823549e-01  1.339184e+02  2.913115e+02  4.416654e+02  7.840526e+02 
 4.890787e-01  1.311009e+02  2.858618e+02  4.342280e+02  7.721929e+02 
 4.958962e-01  1.290160e+02  2.817258e+02  4.277190e+02  7.602128e+02 
 5.028087e-01  1.262317e+02  2.768709e+02  4.211621e+02  7.507634e+02 
 5.098176e-01  1.239357e+02  2.726263e+02  4.148305e+02  7.380687e+02 
 5.169242e-01  1.218117e+02  2.685986e+02  4.094870e+02  7.308321e+02 
 5.241298e-01  1.178651e+02  2.619517e+02  4.013847e+02  7.209323e+02 
 5.314359e-01  1.158165e+02  2.586825e+02  3.967559e+02  7.134776e+02 
 5.388438e-01  1.133917e+02  2.531851e+02  3.886029e+02  7.013303e+02 
 5.463550e-01  1.113880e+02  2.491697e+02  3.825507e+02  6.913801e+02 
 5.539709e-01  1.084679e+02  2.441267e+02  3.760804e+02  6.810815e+02 
 5.616930e-01  1.065714e+02  2.403864e+02  3.707611e+02  6.729257e+02 
 5.695227e-01  1.045030e+02  2.370923e+02  3.665898e+02  6.635345e+02 
 5.774615e-01  1.021267e+02  2.315905e+02  3.585635e+02  6.523796e+02 
 5.855110e-01  1.003063e+02  2.281008e+02  3.530815e+02  6.433281e+02 
 5.936727e-01  9.800411e+01  2.227509e+02  3.458322e+02  6.325344e+02 
 6.019482e-01  9.638136e+01  2.202281e+02  3.415654e+02  6.247172e+02 
 6.103390e-01  9.412272e+01  2.163889e+02  3.364666e+02  6.152578e+02 
 6.188468e-01  9.202655e+01  2.130723e+02  3.336426e+02  6.129671e+02 
 6.274732e-01  9.052227e+01  2.090935e+02  3.268720e+02  6.024257e+02 
 6.362198e-01  8.874834e+01  2.058853e+02  3.219891e+02  5.929754e+02 
 6.450884e-01  8.669312e+01  2.022595e+02  3.169469e+02  5.840483e+02 
 6.540806e-01  8.488920e+01  1.979507e+02  3.104878e+02  5.750641e+02 
 6.631981e-01  8.305130e+01  1.951682e+02  3.074258e+02  5.690129e+02 
 6.724427e-01  8.148439e+01  1.917621e+02  3.027940e+02  5.634953e+02 
 6.818162e-01  7.975950e+01  1.882640e+02  2.965404e+02  5.523067e+02 
 6.913204e-01  7.806829e+01  1.848951e+02  2.921939e+02  5.447055e+02 
 7.009570e-01  7.695728e+01  1.821082e+02  2.881610e+02  5.375675e+02 
 7.107280e-01  7.501915e+01  1.791023e+02  2.837727e+02  5.290342e+02 
 7.206351e-01  7.386730e+01  1.763741e+02  2.802008e+02  5.246257e+02 
 7.306804e-01  7.239186e+01  1.736594e+02  2.756121e+02  5.151722e+02 
 7.408657e-01  7.079160e+01  1.702642e+02  2.707461e+02  5.085826e+02 
 7.511929e-01  6.930208e+01  1.672144e+02  2.668365e+02  5.013930e+02 
 7.616642e-01  6.794363e+01  1.642237e+02  2.626268e+02  4.951948e+02 
 7.722814e-01  6.707126e+01  1.624545e+02  2.594730e+02  4.876163e+02 
 7.830465e-01  6.565831e+01  1.593837e+02  2.551758e+02  4.811141e+02 
 7.939618e-01  6.445496e+01  1.572920e+02  2.518067e+02  4.764179e+02 
 8.050292e-01  6.304303e+01  1.544650e+02  2.484945e+02  4.700434e+02 
 8.162509e-01  6.197824e+01  1.521642e+02  2.441969e+02  4.618154e+02 
 8.276289e-01  6.048380e+01  1.492328e+02  2.404017e+02  4.559747e+02 
 8.391656e-01  5.976332e+01  1.474468e+02  2.370565e+02  4.510518e+02 
 8.508632e-01  5.865742e+01  1.449392e+02  2.337996e+02  4.448179e+02 
 8.627237e-01  5.739949e+01  1.426580e+02  2.302907e+02  4.377470e+02 
 8.747496e-01  5.634836e+01  1.402884e+02  2.269160e+02  4.318673e+02 
 8.869432e-01  5.538505e+01  1.382476e+02  2.237629e+02  4.261521e+02 
 8.993067e-01  5.428591e+01  1.360413e+02  2.203521e+02  4.199921e+02 
 9.118425e-01  5.342325e+01  1.336999e+02  2.166261e+02  4.124568e+02 
 9.245531e-01  5.227247e+01  1.314544e+02  2.132132e+02  4.078639e+02 
 9.374409e-01  5.128669e+01  1.294583e+02  2.104726e+02  4.021730e+02 
 9.505083e-01  5.044632e+01  1.274062e+02  2.073547e+02  3.963462e+02 
 9.637579e-01  4.936455e+01  1.249482e+02  2.037176e+02  3.905871e+02 
 9.771921e-01  4.874702e+01  1.241512e+02  2.015560e+02  3.850861e+02 
 9.908137e-01  4.781323e+01  1.218323e+02  1.983898e+02  3.800297e+02 
 1.004625e+00  4.688598e+01  1.195668e+02  1.948919e+02  3.734748e+02 
 1.018629e+00  4.610142e+01  1.179038e+02  1.921069e+02  3.679312e+02 
 1.032828e+00  4.523254e+01  1.160793e+02  1.896503e+02  3.640292e+02 
 1.047225e+00  4.437494e+01  1.144005e+02  1.865555e+02  3.576636e+02 
 1.061823e+00  4.369859e+01  1.128164e+02  1.839458e+02  3.523137e+02 
 1.076624e+00  4.288501e+01  1.110155e+02  1.811717e+02  3.469107e+02 
 1.091632e+00  4.214570e+01  1.092412e+02  1.785252e+02  3.414408e+02 
 1.106848e+00  4.134939e+01  1.073503e+02  1.757898e+02  3.367289e+02 
 1.122277e+00  4.062782e+01  1.058171e+02  1.728572e+02  3.310934e+02 
 1.137921e+00  3.989422e+01  1.039998e+02  1.702271e+02  3.260188e+02 
 1.153783e+00  3.925674e+01  1.023597e+02  1.675801e+02  3.211790e+02 
 1.169866e+00  3.854033e+01  1.007986e+02  1.649484e+02  3.165006e+02 
 1.186174e+00  3.784156e+01  9.931894e+01  1.624630e+02  3.112891e+02 
 1.202708e+00  3.723685e+01  9.774742e+01  1.599678e+02  3.063267e+02 
 1.219473e+00  3.660256e+01  9.627090e+01  1.576005e+02  3.010652e+02 
 1.236472e+00  3.594986e+01  9.481679e+01  1.552667e+02  2.964573e+02 
 1.253708e+00  3.536622e+01  9.324814e+01  1.526455e+02  2.920551e+02 
 1.271184e+00  3.477168e+01  9.216785e+01  1.506754e+02  2.871890e+02 
 1.288904e+00  3.417997e+01  9.037124e+01  1.480611e+02  2.829957e+02 
 1.306870e+00  3.355444e+01  8.898619e+01  1.456912e+02  2.780916e+02 
 1.325087e+00  3.304470e+01  8.765304e+01  1.434530e+02  2.733044e+02 
 1.343558e+00  3.249168e+01  8.624136e+01  1.411490e+02  2.687340e+02 
 1.362287e+00  3.198492e+01  8.481126e+01  1.386925e+02  2.642907e+02 
 1.381276e+00  3.144221e+01  8.347409e+01  1.362473e+02  2.598487e+02 
 1.400531e+00  3.092349e+01  8.216080e+01  1.341125e+02  2.550274e+02 
 1.420053e+00  3.037707e+01  8.076690e+01  1.319672e+02  2.504880e+02 
 1.439848e+00  2.988485e+01  7.951958e+01  1.296491e+02  2.462231e+02 
 1.459919e+00  2.934314e+01  7.819506e+01  1.274272e+02  2.415964e+02 
 1.480269e+00  2.891326e+01  7.679383e+01  1.251657e+02  2.368854e+02 
 1.500903e+00  2.841614e+01  7.556983e+01  1.229662e+02  2.331100e+02 
 1.521825e+00  2.794007e+01  7.442902e+01  1.209900e+02  2.286933e+02 
 1.543038e+00  2.746242e+01  7.318223e+01  1.189952e+02  2.247187e+02 
 1.564548e+00  2.704542e+01  7.196348e+01  1.168813e+02  2.204292e+02 
 1.586357e+00  2.660245e+01  7.084673e+01  1.148713e+02  2.163309e+02 
 1.608469e+00  2.614447e+01  6.970221e+01  1.128843e+02  2.125455e+02 
 1.630891e+00  2.579037e+01  6.841960e+01  1.107026e+02  2.082511e+02 
 1.653624e+00  2.533474e+01  6.726510e+01  1.088805e+02  2.046499e+02 
 1.676675e+00  2.492248e+01  6.624373e+01  1.069933e+02  2.005162e+02 
 1.700047e+00  2.450108e+01  6.511395e+01  1.050317e+02  1.967497e+02 
 1.723745e+00  2.410724e+01  6.396525e+01  1.030887e+02  1.926426e+02 
 1.747773e+00  2.368683e+01  6.282770e+01  1.011618e+02  1.887991e+02 
 1.772136e+00  2.330367e+01  6.172072e+01  9.922432e+01  1.852104e+02 
 1.796838e+00  2.293218e+01  6.063721e+01  9.738259e+01  1.814029e+02 
 1.821885e+00  2.256618e+01  5.954879e+01  9.549160e+01  1.778251e+02 
 1.847281e+00  2.219411e+01  5.857796e+01  9.376580e+01  1.742110e+02 
 1.873032e+00  2.183190e+01  5.745596e+01  9.183117e+01  1.707359e+02 
 1.899141e+00  2.145892e+01  5.639202e+01  9.011020e+01  1.672023e+02 
 1.925614e+00  2.112260e+01  5.540977e+01  8.838434e+01  1.636700e+02 
 1.952456e+00  2.083535e+01  5.444868e+01  8.668056e+01  1.602570e+02 
 1.979672e+00  2.044983e+01  5.349719e+01  8.499753e+01  1.569432e+02 
 2.007267e+00  2.014367e+01  5.249077e+01  8.323961e+01  1.537953e+02 
 2.035248e+00  1.978938e+01  5.150912e+01  8.157084e+01  1.504311e+02 
 2.063618e+00  1.946498e+01  5.053396e+01  7.996072e+01  1.472043e+02 
 2.092383e+00  1.915029e+01  4.959423e+01  7.831218e+01  1.440820e+02 
 2.121550e+00  1.882297e+01  4.863077e+01  7.669349e+01  1.409016e+02 
 2.151123e+00  1.851453e+01  4.770716e+01  7.506836e+01  1.377521e+02 
 2.181109e+00  1.820186e+01  4.676676e+01  7.352846e+01  1.347669e+02 
 2.211512e+00  1.789570e+01  4.583161e+01  7.193234e+01  1.316707e+02 
 2.242340e+00  1.760073e+01  4.495197e+01  7.042181e+01  1.287439e+02 
 2.273597e+00  1.728338e+01  4.405619e+01  6.885170e+01  1.258105e+02 
 2.305289e+00  1.700885e+01  4.316881e+01  6.740132e+01  1.229792e+02 
 2.337424e+00  1.671780e+01  4.228668e+01  6.592008e+01  1.201739e+02 
 2.370006e+00  1.643243e+01  4.143885e+01  6.450554e+01  1.175365e+02 
 2.403043e+00  1.614204e+01  4.060160e+01  6.305584e+01  1.147960e+02 
 2.436540e+00  1.587450e+01  3.978578e+01  6.167952e+01  1.121482e+02 
 2.470504e+00  1.560426e+01  3.898498e+01  6.030681e+01  1.095528e+02 
 2.504942e+00  1.533704e+01  3.820286e+01  5.899104e+01  1.070615e+02 
 2.539859e+00  1.508558e+01  3.740089e+01  5.765796e+01  1.045405e+02 
 2.575263e+00  1.481368e+01  3.661106e+01  5.641433e+01  1.021389e+02 
 2.611161e+00  1.456478e+01  3.584142e+01  5.508743e+01  9.973354e+01 
 2.647559e+00  1.431002e+01  3.507042e+01  5.380502e+01  9.733647e+01 
 2.684465e+00  1.405684e+01  3.434071e+01  5.255103e+01  9.500386e+01 
 2.721885e+00  1.379576e+01  3.356617e+01  5.134075e+01  9.271687e+01 
 2.759826e+00  1.354724e+01  3.281695e+01  5.011932e+01  9.046307e+01 
 2.798297e+00  1.330206e+01  3.210738e+01  4.894271e+01  8.832032e+01 
 2.837304e+00  1.306087e+01  3.138812e+01  4.777807e+01  8.616414e+01 
 2.876854e+00  1.282050e+01  3.067692e+01  4.663956e+01  8.407562e+01 
 2.916956e+00  1.258669e+01  3.000014e+01  4.552242e+01  8.198845e+01 
 2.957617e+00  1.235863e+01  2.933419e+01  4.444720e+01  8.000913e+01 
 2.998844e+00  1.212905e+01  2.867977e+01  4.337792e+01  7.803877e+01 
 3.040646e+00  1.190615e+01  2.802862e+01  4.233712e+01  7.617588e+01 
 3.083031e+00  1.168607e+01  2.739298e+01  4.132159e+01  7.431929e+01 
 3.126007e+00  1.147445e+01  2.678052e+01  4.032660e+01  7.249426e+01 
 3.169582e+00  1.125970e+01  2.615590e+01  3.934115e+01  7.072472e+01 
 3.213764e+00  1.104838e+01  2.555671e+01  3.838305e+01  6.898354e+01 
 3.258562e+00  1.083472e+01  2.497348e+01  3.743874e+01  6.727518e+01 
 3.303985e+00  1.062562e+01  2.437715e+01  3.651768e+01  6.560260e+01 
 3.350041e+00  1.042156e+01  2.379444e+01  3.559701e+01  6.394586e+01 
 3.396739e+00  1.021178e+01  2.323049e+01  3.471417e+01  6.233699e+01 
 3.444087e+00  1.001347e+01  2.266262e+01  3.382917e+01  6.074616e+01 
 3.492096e+00  9.814702e+00  2.212066e+01  3.298627e+01  5.922920e+01 
 3.540774e+00  9.614763e+00  2.159218e+01  3.215801e+01  5.772477e+01 
 3.590130e+00  9.423523e+00  2.106411e+01  3.133590e+01  5.627704e+01 
 3.640175e+00  9.236284e+00  2.055301e+01  3.055288e+01  5.484716e+01 
 3.690917e+00  9.045817e+00  2.005986e+01  2.977090e+01  5.346211e+01 
 3.742366e+00  8.862547e+00  1.956249e+01  2.902108e+01  5.212918e+01 
 3.794533e+00  8.683991e+00  1.909430e+01  2.829187e+01  5.080737e+01 
 3.847427e+00  8.507432e+00  1.862204e+01  2.757920e+01  4.954385e+01 
 3.901058e+00  8.329320e+00  1.817261e+01  2.688463e+01  4.829068e+01 
 3.955436e+00  8.162559e+00  1.772547e+01  2.619688e+01  4.706860e+01 
 4.010573e+00  7.989089e+00  1.728532e+01  2.553579e+01  4.588507e+01 
 4.066478e+00  7.820839e+00  1.685415e+01  2.487716e+01  4.470605e+01 
 4.123163e+00  7.653243e+00  1.643442e+01  2.423497e+01  4.355902e+01 
 4.180637e+00  7.490222e+00  1.602131e+01  2.360873e+01  4.243208e+01 
 4.238913e+00  7.327517e+00  1.561118e+01  2.299428e+01  4.134501e+01 
 4.298001e+00  7.164614e+00  1.521502e+01  2.239824e+01  4.027142e+01 
 4.357913e+00  7.011201e+00  1.482771e+01  2.181628e+01  3.923690e+01 
 4.418660e+00  6.855747e+00  1.445142e+01  2.124737e+01  3.822787e+01 
 4.480254e+00  6.702645e+00  1.408210e+01  2.069315e+01  3.724004e+01 
 4.542706e+00  6.555097e+00  1.371968e+01  2.015251e+01  3.627680e+01 
 4.606029e+00  6.409001e+00  1.337382e+01  1.963218e+01  3.535018e+01 
 4.670234e+00  6.266027e+00  1.303302e+01  1.912899e+01  3.444858e+01 
 4.735335e+00  6.126414e+00  1.270260e+01  1.863409e+01  3.356452e+01 
 4.801343e+00  5.991552e+00  1.238278e+01  1.815474e+01  3.270098e+01 
 4.868271e+00  5.857141e+00  1.206712e+01  1.768563e+01  3.186360e+01 
 4.936132e+00  5.725499e+00  1.175876e+01  1.722983e+01  3.104666e+01 
 5.004939e+00  5.595226e+00  1.145863e+01  1.678225e+01  3.024430e+01 
 5.074705e+00  5.465874e+00  1.116287e+01  1.634295e+01  2.946222e+01 
 5.145444e+00  5.340031e+00  1.087461e+01  1.591392e+01  2.869735e+01 
 5.217169e+00  5.214655e+00  1.059040e+01  1.549495e+01  2.794071e+01 
 5.289893e+00  5.093717e+00  1.031507e+01  1.508926e+01  2.720962e+01 
 5.363631e+00  4.972916e+00  1.004592e+01  1.468788e+01  2.649550e+01 
 5.438397e+00  4.855858e+00  9.782949e+00  1.430026e+01  2.579665e+01 
 5.514206e+00  4.740778e+00  9.527172e+00  1.392320e+01  2.512008e+01 
 5.591071e+00  4.627197e+00  9.279892e+00  1.355496e+01  2.446215e+01 
 5.669007e+00  4.518505e+00  9.037224e+00  1.320024e+01  2.382128e+01 
 5.748030e+00  4.411082e+00  8.802937e+00  1.285350e+01  2.319657e+01 
 5.828155e+00  4.306620e+00  8.575180e+00  1.251760e+01  2.259085e+01 
 5.909396e+00  4.204598e+00  8.353134e+00  1.219071e+01  2.200467e+01 
 5.991770e+00  4.104600e+00  8.136737e+00  1.187256e+01  2.143129e+01 
 6.075292e+00  4.007369e+00  7.927616e+00  1.156377e+01  2.087313e+01 
 6.159978e+00  3.911742e+00  7.723043e+00  1.126232e+01  2.032962e+01 
 6.245845e+00  3.817911e+00  7.522889e+00  1.096759e+01  1.979527e+01 
 6.332908e+00  3.725215e+00  7.325587e+00  1.067787e+01  1.927262e+01 
 6.421186e+00  3.635035e+00  7.133991e+00  1.039432e+01  1.876045e+01 
 6.510694e+00  3.545839e+00  6.946011e+00  1.011904e+01  1.826062e+01 
 6.601449e+00  3.459144e+00  6.763405e+00  9.849620e+00  1.777394e+01 
 6.693470e+00  3.373913e+00  6.584451e+00  9.586145e+00  1.729783e+01 
 6.786773e+00  3.290583e+00  6.411336e+00  9.330309e+00  1.683461e+01 
 6.881377e+00  3.209792e+00  6.242233e+00  9.082065e+00  1.638288e+01 
 6.977300e+00  3.130887e+00  6.078565e+00  8.841423e+00  1.594554e+01 
 7.074559e+00  3.054189e+00  5.918968e+00  8.606294e+00  1.551930e+01 
 7.173175e+00  2.979190e+00  5.764583e+00  8.379016e+00  1.510652e+01 
 7.273165e+00  2.906575e+00  5.614899e+00  8.158592e+00  1.470453e+01 
 7.374549e+00  2.835719e+00  5.468773e+00  7.943406e+00  1.431473e+01 
 7.477346e+00  2.766563e+00  5.327752e+00  7.736218e+00  1.393604e+01 
 7.581576e+00  2.699709e+00  5.189410e+00  7.533066e+00  1.356674e+01 
 7.687260e+00  2.634078e+00  5.055279e+00  7.335516e+00  1.320748e+01 
 7.794416e+00  2.569674e+00  4.924077e+00  7.141402e+00  1.285527e+01 
 7.903066e+00  2.506672e+00  4.795328e+00  6.951593e+00  1.250957e+01 
 8.013230e+00  2.444959e+00  4.670003e+00  6.767685e+00  1.217263e+01 
 8.124930e+00  2.384358e+00  4.547537e+00  6.586996e+00  1.184289e+01 
 8.238187e+00  2.325437e+00  4.427640e+00  6.410552e+00  1.152208e+01 
 8.353023e+00  2.267748e+00  4.311292e+00  6.239246e+00  1.120885e+01 
 8.469460e+00  2.211703e+00  4.198101e+00  6.072520e+00  1.090459e+01 
 8.587519e+00  2.157144e+00  4.087857e+00  5.910466e+00  1.060890e+01 
 8.707225e+00  2.104088e+00  3.980645e+00  5.753190e+00  1.032136e+01 
 8.828599e+00  2.052525e+00  3.877308e+00  5.600317e+00  1.004198e+01 
 8.951665e+00  2.002318e+00  3.776770e+00  5.452245e+00  9.771489e+00 
 9.076446e+00  1.953708e+00  3.679351e+00  5.309010e+00  9.509409e+00 
 9.202967e+00  1.906513e+00  3.584650e+00  5.169717e+00  9.254305e+00 
 9.331251e+00  1.860612e+00  3.492647e+00  5.034266e+00  9.006675e+00 
 9.461324e+00  0.000000e+00  0.000000e+00  0.000000e+00  0.000000e+00 
 9.593209e+00  0.000000e+00  0.000000e+00  0.000000e+00  0.000000e+00 
 9.726934e+00  0.000000e+00  0.000000e+00  0.000000e+00  0.000000e+00 
 9.862522e+00  0.000000e+00  0.000000e+00  0.000000e+00  0.000000e+00 
 1.000000e+01  0.000000e+00  0.000000e+00  0.000000e+00  0.000000e+00 
