 1.000000e-02  5.519474e+03  1.014756e+04  1.377047e+04  2.056402e+04 
 1.013939e-02  5.550483e+03  1.020447e+04  1.384751e+04  2.067874e+04 
 1.028073e-02  5.581033e+03  1.026055e+04  1.392339e+04  2.079172e+04 
 1.042404e-02  5.611116e+03  1.031575e+04  1.399808e+04  2.090285e+04 
 1.056935e-02  5.640692e+03  1.036997e+04  1.407158e+04  2.101206e+04 
 1.071668e-02  5.669750e+03  1.042322e+04  1.414372e+04  2.111931e+04 
 1.086606e-02  5.698269e+03  1.047545e+04  1.421452e+04  2.122453e+04 
 1.101753e-02  5.726217e+03  1.052665e+04  1.428385e+04  2.132765e+04 
 1.117111e-02  5.753582e+03  1.057679e+04  1.435165e+04  2.142857e+04 
 1.132683e-02  5.780357e+03  1.062585e+04  1.441798e+04  2.152730e+04 
 1.148472e-02  5.806511e+03  1.067376e+04  1.448283e+04  2.162370e+04 
 1.164481e-02  5.832021e+03  1.072045e+04  1.454612e+04  2.171763e+04 
 1.180713e-02  5.856857e+03  1.076592e+04  1.460772e+04  2.180898e+04 
 1.197171e-02  5.880991e+03  1.081012e+04  1.466755e+04  2.189772e+04 
 1.213859e-02  5.904403e+03  1.085300e+04  1.472551e+04  2.198384e+04 
 1.230780e-02  5.927100e+03  1.089453e+04  1.478160e+04  2.206730e+04 
 1.247936e-02  5.949042e+03  1.093465e+04  1.483580e+04  2.214796e+04 
 1.265332e-02  5.970190e+03  1.097333e+04  1.488803e+04  2.222544e+04 
 1.282970e-02  5.990525e+03  1.101049e+04  1.493825e+04  2.229977e+04 
 1.300854e-02  6.010052e+03  1.104616e+04  1.498651e+04  2.237111e+04 
 1.318987e-02  6.028737e+03  1.108029e+04  1.503271e+04  2.243943e+04 
 1.337373e-02  6.046530e+03  1.111279e+04  1.507668e+04  2.250448e+04 
 1.356015e-02  6.063426e+03  1.114365e+04  1.511836e+04  2.256621e+04 
 1.374917e-02  6.079399e+03  1.117281e+04  1.515769e+04  2.262447e+04 
 1.394083e-02  6.094424e+03  1.120022e+04  1.519458e+04  2.267902e+04 
 1.413516e-02  6.108482e+03  1.122583e+04  1.522904e+04  2.272987e+04 
 1.433219e-02  6.121553e+03  1.124961e+04  1.526107e+04  2.277704e+04 
 1.453198e-02  6.133595e+03  1.127153e+04  1.529059e+04  2.282049e+04 
 1.473454e-02  6.144606e+03  1.129155e+04  1.531753e+04  2.286013e+04 
 1.493993e-02  6.154549e+03  1.130959e+04  1.534182e+04  2.289579e+04 
 1.514819e-02  6.163436e+03  1.132567e+04  1.536351e+04  2.292756e+04 
 1.535935e-02  6.171241e+03  1.133979e+04  1.538241e+04  2.295529e+04 
 1.557345e-02  6.177918e+03  1.135186e+04  1.539842e+04  2.297881e+04 
 1.579053e-02  6.183422e+03  1.136176e+04  1.541156e+04  2.299795e+04 
 1.601064e-02  6.187747e+03  1.136950e+04  1.542188e+04  2.301265e+04 
 1.623382e-02  6.190870e+03  1.137503e+04  1.542923e+04  2.302283e+04 
 1.646012e-02  6.192771e+03  1.137830e+04  1.543350e+04  2.302838e+04 
 1.668956e-02  6.193440e+03  1.137927e+04  1.543459e+04  2.302928e+04 
 1.692220e-02  6.192838e+03  1.137792e+04  1.543250e+04  2.302549e+04 
 1.715809e-02  6.190944e+03  1.137421e+04  1.542722e+04  2.301692e+04 
 1.739726e-02  6.187756e+03  1.136814e+04  1.541871e+04  2.300359e+04 
 1.763977e-02  6.183227e+03  1.135958e+04  1.540687e+04  2.298529e+04 
 1.788566e-02  6.177344e+03  1.134854e+04  1.539163e+04  2.296194e+04 
 1.813498e-02  6.170110e+03  1.133500e+04  1.537302e+04  2.293352e+04 
 1.838777e-02  6.161491e+03  1.131894e+04  1.535100e+04  2.289995e+04 
 1.864409e-02  6.151475e+03  1.130031e+04  1.532548e+04  2.286118e+04 
 1.890397e-02  6.140061e+03  1.127910e+04  1.529645e+04  2.281724e+04 
 1.916748e-02  6.127227e+03  1.125527e+04  1.526385e+04  2.276802e+04 
 1.943467e-02  6.112959e+03  1.122879e+04  1.522770e+04  2.271342e+04 
 1.970558e-02  6.097237e+03  1.119966e+04  1.518792e+04  2.265333e+04 
 1.998026e-02  6.080058e+03  1.116786e+04  1.514454e+04  2.258776e+04 
 2.025878e-02  6.061421e+03  1.113337e+04  1.509749e+04  2.251671e+04 
 2.054117e-02  6.041311e+03  1.109616e+04  1.504677e+04  2.244023e+04 
 2.082751e-02  6.019732e+03  1.105626e+04  1.499237e+04  2.235835e+04 
 2.111783e-02  5.996681e+03  1.101363e+04  1.493429e+04  2.227108e+04 
 2.141220e-02  5.972233e+03  1.096842e+04  1.487265e+04  2.217838e+04 
 2.171068e-02  5.946927e+03  1.092141e+04  1.480839e+04  2.208112e+04 
 2.201331e-02  5.920154e+03  1.087170e+04  1.474043e+04  2.197831e+04 
 2.232016e-02  5.891886e+03  1.081926e+04  1.466878e+04  2.186998e+04 
 2.263130e-02  5.862144e+03  1.076412e+04  1.459346e+04  2.175613e+04 
 2.294676e-02  5.830950e+03  1.070632e+04  1.451453e+04  2.163692e+04 
 2.326663e-02  5.798311e+03  1.064583e+04  1.443197e+04  2.151229e+04 
 2.359095e-02  5.764220e+03  1.058268e+04  1.434579e+04  2.138225e+04 
 2.391980e-02  5.728702e+03  1.051691e+04  1.425606e+04  2.124696e+04 
 2.425323e-02  5.691758e+03  1.044853e+04  1.416280e+04  2.110642e+04 
 2.459130e-02  5.653413e+03  1.037758e+04  1.406604e+04  2.096066e+04 
 2.493409e-02  5.613686e+03  1.030411e+04  1.396586e+04  2.080979e+04 
 2.528166e-02  5.572611e+03  1.022815e+04  1.386232e+04  2.065390e+04 
 2.563407e-02  5.530207e+03  1.014975e+04  1.375546e+04  2.049308e+04 
 2.599140e-02  5.486509e+03  1.006896e+04  1.364537e+04  2.032746e+04 
 2.635371e-02  5.441553e+03  9.985890e+03  1.353218e+04  2.015724e+04 
 2.672106e-02  5.395368e+03  9.900556e+03  1.341595e+04  1.998249e+04 
 2.709354e-02  5.347987e+03  9.813025e+03  1.329674e+04  1.980329e+04 
 2.747121e-02  5.299450e+03  9.723369e+03  1.317465e+04  1.961980e+04 
 2.785414e-02  5.249732e+03  9.631590e+03  1.304970e+04  1.943211e+04 
 2.824241e-02  5.198637e+03  9.537399e+03  1.292161e+04  1.924009e+04 
 2.863610e-02  5.146529e+03  9.441353e+03  1.279101e+04  1.904432e+04 
 2.903527e-02  5.093460e+03  9.343561e+03  1.265805e+04  1.884506e+04 
 2.944000e-02  5.039485e+03  9.244105e+03  1.252285e+04  1.864246e+04 
 2.985038e-02  4.984647e+03  9.143073e+03  1.238551e+04  1.843672e+04 
 3.026648e-02  4.929012e+03  9.040580e+03  1.224619e+04  1.822803e+04 
 3.068838e-02  4.872649e+03  8.936759e+03  1.210508e+04  1.801670e+04 
 3.111616e-02  4.815637e+03  8.831738e+03  1.196235e+04  1.780295e+04 
 3.154990e-02  4.758023e+03  8.725626e+03  1.181814e+04  1.758704e+04 
 3.198969e-02  4.699870e+03  8.618546e+03  1.167263e+04  1.736917e+04 
 3.243561e-02  4.641241e+03  8.510596e+03  1.152596e+04  1.714958e+04 
 3.288774e-02  4.582223e+03  8.401945e+03  1.137833e+04  1.692861e+04 
 3.334618e-02  4.522918e+03  8.292736e+03  1.122999e+04  1.670660e+04 
 3.381101e-02  4.463393e+03  8.183118e+03  1.108109e+04  1.648379e+04 
 3.428231e-02  4.403694e+03  8.073222e+03  1.093178e+04  1.626040e+04 
 3.476019e-02  4.343778e+03  7.963267e+03  1.078274e+04  1.603849e+04 
 3.524473e-02  4.283854e+03  7.853313e+03  1.063374e+04  1.581665e+04 
 3.573602e-02  4.224014e+03  7.743511e+03  1.048496e+04  1.559517e+04 
 3.623416e-02  4.164341e+03  7.633993e+03  1.033659e+04  1.537429e+04 
 3.673925e-02  4.104909e+03  7.524919e+03  1.018883e+04  1.515429e+04 
 3.725137e-02  4.045802e+03  7.416447e+03  1.004185e+04  1.493549e+04 
 3.777064e-02  3.987103e+03  7.308722e+03  9.895895e+03  1.471821e+04 
 3.829714e-02  3.928887e+03  7.201903e+03  9.751173e+03  1.450277e+04 
 3.883098e-02  3.871229e+03  7.096117e+03  9.607845e+03  1.428942e+04 
 3.937226e-02  3.814216e+03  6.991488e+03  9.466082e+03  1.407842e+04 
 3.992109e-02  3.757917e+03  6.888166e+03  9.326083e+03  1.387004e+04 
 4.047757e-02  3.702385e+03  6.786245e+03  9.187960e+03  1.366437e+04 
 4.104181e-02  3.647547e+03  6.685069e+03  9.050240e+03  1.345756e+04 
 4.161391e-02  3.593643e+03  6.585600e+03  8.914850e+03  1.325425e+04 
 4.219398e-02  3.540726e+03  6.487944e+03  8.781942e+03  1.305464e+04 
 4.278214e-02  3.488858e+03  6.392226e+03  8.651661e+03  1.285897e+04 
 4.337850e-02  3.438104e+03  6.298543e+03  8.524150e+03  1.266748e+04 
 4.398317e-02  3.388507e+03  6.207008e+03  8.399547e+03  1.248035e+04 
 4.459628e-02  3.340121e+03  6.117708e+03  8.277957e+03  1.229773e+04 
 4.521792e-02  3.292991e+03  6.030719e+03  8.159496e+03  1.211978e+04 
 4.584824e-02  3.247144e+03  5.946093e+03  8.044251e+03  1.194664e+04 
 4.648734e-02  3.202617e+03  5.863869e+03  7.932300e+03  1.177842e+04 
 4.713535e-02  3.159510e+03  5.784960e+03  7.825622e+03  1.162008e+04 
 4.779239e-02  3.117813e+03  5.709082e+03  7.723478e+03  1.146972e+04 
 4.845859e-02  3.077498e+03  5.635749e+03  7.624740e+03  1.132442e+04 
 4.913407e-02  3.038569e+03  5.564938e+03  7.529409e+03  1.118418e+04 
 4.981898e-02  3.001029e+03  5.496641e+03  7.437470e+03  1.104897e+04 
 5.051342e-02  2.964858e+03  5.430841e+03  7.348921e+03  1.091876e+04 
 5.121755e-02  2.930038e+03  5.367532e+03  7.263746e+03  1.079353e+04 
 5.193150e-02  2.896548e+03  5.306668e+03  7.181865e+03  1.067317e+04 
 5.265540e-02  2.864358e+03  5.248169e+03  7.103181e+03  1.055757e+04 
 5.338938e-02  2.833200e+03  5.191090e+03  7.025951e+03  1.044289e+04 
 5.413360e-02  2.802994e+03  5.135218e+03  6.949781e+03  1.032830e+04 
 5.488820e-02  2.773954e+03  5.081497e+03  6.876534e+03  1.021803e+04 
 5.565331e-02  2.745975e+03  5.029727e+03  6.805950e+03  1.011171e+04 
 5.642908e-02  2.718941e+03  4.979687e+03  6.737710e+03  1.000888e+04 
 5.721568e-02  2.692827e+03  4.931327e+03  6.671737e+03  9.909427e+03 
 5.801323e-02  2.667724e+03  4.884831e+03  6.608293e+03  9.813741e+03 
 5.882190e-02  2.643669e+03  4.840264e+03  6.547448e+03  9.721915e+03 
 5.964185e-02  2.620533e+03  4.797678e+03  6.489570e+03  9.635302e+03 
 6.047322e-02  2.598219e+03  4.757371e+03  6.435606e+03  9.556744e+03 
 6.131619e-02  2.575990e+03  4.717215e+03  6.381832e+03  9.478475e+03 
 6.217090e-02  2.553716e+03  4.676965e+03  6.327945e+03  9.400028e+03 
 6.303753e-02  2.531402e+03  4.636635e+03  6.273956e+03  9.321426e+03 
 6.391624e-02  2.509053e+03  4.596243e+03  6.219861e+03  9.242665e+03 
 6.480720e-02  2.486576e+03  4.555617e+03  6.165442e+03  9.163410e+03 
 6.571058e-02  2.463792e+03  4.514433e+03  6.110257e+03  9.083017e+03 
 6.662655e-02  2.439377e+03  4.468388e+03  6.046544e+03  8.984409e+03 
 6.755528e-02  2.414270e+03  4.421020e+03  5.981004e+03  8.882950e+03 
 6.849697e-02  2.388388e+03  4.372252e+03  5.913572e+03  8.778714e+03 
 6.945178e-02  2.361610e+03  4.321867e+03  5.843945e+03  8.671236e+03 
 7.041990e-02  2.333820e+03  4.269649e+03  5.771846e+03  8.560131e+03 
 7.140151e-02  2.304908e+03  4.215401e+03  5.697014e+03  8.445021e+03 
 7.239681e-02  2.275037e+03  4.159676e+03  5.620544e+03  8.328596e+03 
 7.340598e-02  2.244187e+03  4.102498e+03  5.542538e+03  8.211203e+03 
 7.442922e-02  2.211967e+03  4.042829e+03  5.461174e+03  8.088868e+03 
 7.546673e-02  2.178324e+03  3.980583e+03  5.376340e+03  7.961411e+03 
 7.651869e-02  2.143242e+03  3.915722e+03  5.287992e+03  7.828794e+03 
 7.758532e-02  2.106714e+03  3.848237e+03  5.196119e+03  7.691014e+03 
 7.866682e-02  2.069564e+03  3.780726e+03  5.105332e+03  7.557711e+03 
 7.976339e-02  2.032349e+03  3.714876e+03  5.018572e+03  7.434946e+03 
 8.087525e-02  1.993787e+03  3.646517e+03  4.928361e+03  7.306911e+03 
 8.200261e-02  1.953979e+03  3.575816e+03  4.834930e+03  7.173945e+03 
 8.314568e-02  1.913037e+03  3.502985e+03  4.738568e+03  7.036492e+03 
 8.430468e-02  1.871109e+03  3.428286e+03  4.639624e+03  6.895056e+03 
 8.547985e-02  1.827769e+03  3.349926e+03  4.534681e+03  6.742142e+03 
 8.667139e-02  1.783546e+03  3.269450e+03  4.426365e+03  6.582979e+03 
 8.787954e-02  1.738939e+03  3.188258e+03  4.317056e+03  6.422274e+03 
 8.910453e-02  1.694170e+03  3.106762e+03  4.207320e+03  6.260853e+03 
 9.034660e-02  1.649478e+03  3.025383e+03  4.097724e+03  6.099580e+03 
 9.160598e-02  1.605853e+03  2.946963e+03  3.993110e+03  5.948040e+03 
 9.288292e-02  1.563440e+03  2.871637e+03  3.893517e+03  5.805997e+03 
 9.417766e-02  1.521773e+03  2.797592e+03  3.795540e+03  5.666092e+03 
 9.549045e-02  1.481091e+03  2.725259e+03  3.699776e+03  5.529218e+03 
 9.682153e-02  1.441628e+03  2.655062e+03  3.606811e+03  5.396268e+03 
 9.817117e-02  1.403949e+03  2.588538e+03  3.519229e+03  5.272289e+03 
 9.953962e-02  1.368007e+03  2.525287e+03  3.436152e+03  5.155193e+03 
 1.009272e-01  1.333837e+03  2.465195e+03  3.357254e+03  5.044048e+03 
 1.023340e-01  1.301597e+03  2.408534e+03  3.282916e+03  4.939467e+03 
 1.037605e-01  1.270807e+03  2.353688e+03  3.210287e+03  4.835627e+03 
 1.052069e-01  1.239920e+03  2.295851e+03  3.130979e+03  4.715742e+03 
 1.066734e-01  1.211314e+03  2.242261e+03  3.057453e+03  4.604570e+03 
 1.081604e-01  1.184997e+03  2.192911e+03  2.989725e+03  4.502172e+03 
 1.096681e-01  1.160924e+03  2.147726e+03  2.927687e+03  4.408350e+03 
 1.111968e-01  1.139061e+03  2.106781e+03  2.871404e+03  4.322533e+03 
 1.127468e-01  1.119260e+03  2.069656e+03  2.820331e+03  4.244531e+03 
 1.143184e-01  1.101381e+03  2.036077e+03  2.774095e+03  4.173864e+03 
 1.159120e-01  1.085234e+03  2.005727e+03  2.732240e+03  4.109809e+03 
 1.175277e-01  1.071093e+03  1.979563e+03  2.696405e+03  4.055295e+03 
 1.191660e-01  1.058250e+03  1.955799e+03  2.663905e+03  4.005830e+03 
 1.208271e-01  1.046399e+03  1.933843e+03  2.633884e+03  3.960099e+03 
 1.225114e-01  1.035191e+03  1.913053e+03  2.605388e+03  3.916633e+03 
 1.242191e-01  1.023756e+03  1.891309e+03  2.575267e+03  3.870486e+03 
 1.259506e-01  1.012375e+03  1.869648e+03  2.545280e+03  3.824580e+03 
 1.277063e-01  1.000740e+03  1.847529e+03  2.514681e+03  3.777762e+03 
 1.294865e-01  9.888080e+02  1.825010e+03  2.483543e+03  3.729811e+03 
 1.312915e-01  9.763323e+02  1.801665e+03  2.451286e+03  3.679825e+03 
 1.331216e-01  9.627600e+02  1.776312e+03  2.416330e+03  3.625837e+03 
 1.349772e-01  9.479193e+02  1.748668e+03  2.378325e+03  3.567428e+03 
 1.368587e-01  9.327458e+02  1.722233e+03  2.344034e+03  3.520514e+03 
 1.387665e-01  9.160003e+02  1.692861e+03  2.305704e+03  3.467496e+03 
 1.407008e-01  8.976597e+02  1.660513e+03  2.263299e+03  3.408229e+03 
 1.426621e-01  8.788353e+02  1.627940e+03  2.220831e+03  3.348447e+03 
 1.446507e-01  8.589007e+02  1.593471e+03  2.175770e+03  3.284549e+03 
 1.466671e-01  8.376763e+02  1.556519e+03  2.127240e+03  3.215267e+03 
 1.487115e-01  8.138153e+02  1.513098e+03  2.068848e+03  3.129699e+03 
 1.507845e-01  7.882215e+02  1.465413e+03  2.003957e+03  3.033345e+03 
 1.528864e-01  7.623494e+02  1.417202e+03  1.938353e+03  2.935770e+03 
 1.550175e-01  7.385291e+02  1.374975e+03  1.882636e+03  2.856680e+03 
 1.571784e-01  7.164496e+02  1.337395e+03  1.834397e+03  2.791130e+03 
 1.593694e-01  6.950151e+02  1.300818e+03  1.787385e+03  2.726961e+03 
 1.615909e-01  6.752091e+02  1.267607e+03  1.745061e+03  2.669783e+03 
 1.638434e-01  6.569498e+02  1.237307e+03  1.706697e+03  2.618353e+03 
 1.661273e-01  6.401532e+02  1.209553e+03  1.671685e+03  2.571689e+03 
 1.684430e-01  6.220613e+02  1.176599e+03  1.627604e+03  2.508215e+03 
 1.707910e-01  6.055102e+02  1.146171e+03  1.586727e+03  2.449174e+03 
 1.731717e-01  5.912457e+02  1.120287e+03  1.552181e+03  2.399631e+03 
 1.755856e-01  5.803080e+02  1.101731e+03  1.528145e+03  2.365599e+03 
 1.780332e-01  5.710484e+02  1.086290e+03  1.508386e+03  2.338140e+03 
 1.805149e-01  5.613957e+02  1.067764e+03  1.482336e+03  2.296896e+03 
 1.830312e-01  5.518452e+02  1.048061e+03  1.453469e+03  2.248910e+03 
 1.855825e-01  5.432331e+02  1.030309e+03  1.427545e+03  2.206084e+03 
 1.881694e-01  5.352432e+02  1.014701e+03  1.405896e+03  2.173152e+03 
 1.907924e-01  5.274285e+02  9.994364e+02  1.384729e+03  2.140968e+03 
 1.934520e-01  5.188381e+02  9.824163e+02  1.361128e+03  2.105909e+03 
 1.961486e-01  5.095233e+02  9.639431e+02  1.335510e+03  2.068036e+03 
 1.988828e-01  5.005543e+02  9.469124e+02  1.312193e+03  2.033579e+03 
 2.016551e-01  4.922376e+02  9.322505e+02  1.292595e+03  2.004554e+03 
 2.044661e-01  4.826837e+02  9.150679e+02  1.269366e+03  1.969662e+03 
 2.073162e-01  4.714786e+02  8.937376e+02  1.239579e+03  1.923354e+03 
 2.102061e-01  4.591947e+02  8.703730e+02  1.206984e+03  1.872683e+03 
 2.131362e-01  4.498931e+02  8.572422e+02  1.192014e+03  1.854687e+03 
 2.161073e-01  4.400361e+02  8.431271e+02  1.175734e+03  1.834738e+03 
 2.191197e-01  4.273777e+02  8.216703e+02  1.148449e+03  1.798741e+03 
 2.221741e-01  4.141644e+02  7.985914e+02  1.118616e+03  1.758717e+03 
 2.252711e-01  4.019729e+02  7.781033e+02  1.092810e+03  1.725099e+03 
 2.284112e-01  3.906886e+02  7.594444e+02  1.069584e+03  1.695302e+03 
 2.315951e-01  3.805785e+02  7.421099e+02  1.046772e+03  1.661838e+03 
 2.348235e-01  3.716703e+02  7.267186e+02  1.026159e+03  1.630324e+03 
 2.380968e-01  3.619323e+02  7.081165e+02  1.000341e+03  1.591032e+03 
 2.414157e-01  3.529311e+02  6.905427e+02  9.757965e+02  1.553839e+03 
 2.447809e-01  3.442975e+02  6.737227e+02  9.525472e+02  1.518425e+03 
 2.481930e-01  3.366815e+02  6.589249e+02  9.321641e+02  1.487459e+03 
 2.516527e-01  3.322961e+02  6.512727e+02  9.216634e+02  1.470765e+03 
 2.551606e-01  3.273984e+02  6.421600e+02  9.090132e+02  1.451109e+03 
 2.587174e-01  3.197285e+02  6.261632e+02  8.863724e+02  1.417013e+03 
 2.623238e-01  3.134771e+02  6.140715e+02  8.697166e+02  1.392418e+03 
 2.659804e-01  3.085066e+02  6.057200e+02  8.588538e+02  1.376998e+03 
 2.696881e-01  3.015539e+02  5.927603e+02  8.413114e+02  1.350710e+03 
 2.734474e-01  2.936532e+02  5.777857e+02  8.209092e+02  1.319897e+03 
 2.772591e-01  2.875242e+02  5.678400e+02  8.086946e+02  1.304811e+03 
 2.811239e-01  2.806653e+02  5.560222e+02  7.936779e+02  1.286058e+03 
 2.850426e-01  2.732572e+02  5.425501e+02  7.761399e+02  1.264470e+03 
 2.890160e-01  2.662039e+02  5.308683e+02  7.613566e+02  1.244035e+03 
 2.930447e-01  2.593863e+02  5.193827e+02  7.462394e+02  1.221037e+03 
 2.971296e-01  2.529192e+02  5.071629e+02  7.281978e+02  1.189759e+03 
 3.012714e-01  2.470257e+02  4.971228e+02  7.150402e+02  1.170532e+03 
 3.054710e-01  2.414264e+02  4.877852e+02  7.034224e+02  1.155383e+03 
 3.097291e-01  2.350962e+02  4.759536e+02  6.876981e+02  1.133546e+03 
 3.140465e-01  2.296038e+02  4.648486e+02  6.716859e+02  1.107177e+03 
 3.184242e-01  2.249557e+02  4.554910e+02  6.581199e+02  1.084681e+03 
 3.228628e-01  2.213268e+02  4.492143e+02  6.500692e+02  1.074708e+03 
 3.273634e-01  2.163805e+02  4.390044e+02  6.352275e+02  1.050732e+03 
 3.319266e-01  2.112797e+02  4.288632e+02  6.210988e+02  1.029466e+03 
 3.365535e-01  2.062831e+02  4.197674e+02  6.093710e+02  1.014021e+03 
 3.412449e-01  2.027206e+02  4.151521e+02  6.041028e+02  1.005720e+03 
 3.460016e-01  1.987112e+02  4.086929e+02  5.958671e+02  9.943133e+02 
 3.508247e-01  1.946016e+02  4.014274e+02  5.862028e+02  9.802267e+02 
 3.557150e-01  1.904566e+02  3.938105e+02  5.759170e+02  9.644476e+02 
 3.606735e-01  1.856100e+02  3.852424e+02  5.646906e+02  9.488016e+02 
 3.657011e-01  1.799112e+02  3.744596e+02  5.498425e+02  9.279337e+02 
 3.707988e-01  1.752809e+02  3.655571e+02  5.376290e+02  9.097657e+02 
 3.759675e-01  1.711459e+02  3.576071e+02  5.266673e+02  8.931934e+02 
 3.812083e-01  1.670985e+02  3.502245e+02  5.166572e+02  8.783380e+02 
 3.865221e-01  1.637843e+02  3.452877e+02  5.110469e+02  8.694195e+02 
 3.919100e-01  1.604475e+02  3.374562e+02  4.989134e+02  8.522654e+02 
 3.973730e-01  1.567226e+02  3.311077e+02  4.910450e+02  8.399307e+02 
 4.029122e-01  1.537217e+02  3.264543e+02  4.846851e+02  8.281515e+02 
 4.085286e-01  1.507377e+02  3.200255e+02  4.753753e+02  8.148112e+02 
 4.142232e-01  1.470238e+02  3.123408e+02  4.650845e+02  8.020501e+02 
 4.199973e-01  1.432475e+02  3.057473e+02  4.567240e+02  7.899798e+02 
 4.258518e-01  1.401279e+02  3.000035e+02  4.486204e+02  7.760666e+02 
 4.317880e-01  1.367889e+02  2.935705e+02  4.390496e+02  7.611320e+02 
 4.378069e-01  1.338534e+02  2.877032e+02  4.306455e+02  7.472654e+02 
 4.439097e-01  1.314266e+02  2.839158e+02  4.260238e+02  7.425700e+02 
 4.500975e-01  1.278027e+02  2.771062e+02  4.167207e+02  7.287227e+02 
 4.563716e-01  1.248179e+02  2.708990e+02  4.077296e+02  7.127435e+02 
 4.627332e-01  1.229042e+02  2.682966e+02  4.049856e+02  7.104396e+02 
 4.691835e-01  1.198265e+02  2.621573e+02  3.962149e+02  6.957606e+02 
 4.757236e-01  1.176368e+02  2.578327e+02  3.902841e+02  6.867175e+02 
 4.823549e-01  1.145667e+02  2.515576e+02  3.813006e+02  6.744518e+02 
 4.890787e-01  1.120612e+02  2.466133e+02  3.746164e+02  6.640089e+02 
 4.958962e-01  1.101165e+02  2.428764e+02  3.688381e+02  6.533123e+02 
 5.028087e-01  1.075119e+02  2.383662e+02  3.627212e+02  6.443275e+02 
 5.098176e-01  1.054192e+02  2.345111e+02  3.572286e+02  6.335399e+02 
 5.169242e-01  1.035188e+02  2.309340e+02  3.523417e+02  6.270747e+02 
 5.241298e-01  1.001071e+02  2.249780e+02  3.449426e+02  6.180401e+02 
 5.314359e-01  9.833130e+01  2.223612e+02  3.414647e+02  6.122016e+02 
 5.388438e-01  9.628017e+01  2.176698e+02  3.343752e+02  6.013680e+02 
 5.463550e-01  9.453866e+01  2.142818e+02  3.293198e+02  5.927914e+02 
 5.539709e-01  9.196373e+01  2.096405e+02  3.234702e+02  5.838077e+02 
 5.616930e-01  9.028159e+01  2.063725e+02  3.187922e+02  5.767759e+02 
 5.695227e-01  8.841598e+01  2.032370e+02  3.150185e+02  5.692621e+02 
 5.774615e-01  8.637616e+01  1.984759e+02  3.077957e+02  5.587211e+02 
 5.855110e-01  8.477443e+01  1.955774e+02  3.033735e+02  5.509556e+02 
 5.936727e-01  8.282184e+01  1.910222e+02  2.969213e+02  5.413448e+02 
 6.019482e-01  8.135776e+01  1.888165e+02  2.933905e+02  5.347295e+02 
 6.103390e-01  7.939799e+01  1.854309e+02  2.890945e+02  5.273299e+02 
 6.188468e-01  7.761975e+01  1.823124e+02  2.861817e+02  5.254771e+02 
 6.274732e-01  7.629763e+01  1.789748e+02  2.803297e+02  5.157736e+02 
 6.362198e-01  7.468820e+01  1.762386e+02  2.764083e+02  5.080807e+02 
 6.450884e-01  7.288898e+01  1.729671e+02  2.718830e+02  5.003194e+02 
 6.540806e-01  7.135888e+01  1.692687e+02  2.662064e+02  4.918462e+02 
 6.631981e-01  6.970951e+01  1.665336e+02  2.632903e+02  4.869696e+02 
 6.724427e-01  6.834555e+01  1.635892e+02  2.590707e+02  4.817977e+02 
 6.818162e-01  6.680954e+01  1.606938e+02  2.539704e+02  4.721326e+02 
 6.913204e-01  6.533759e+01  1.576345e+02  2.500522e+02  4.656033e+02 
 7.009570e-01  6.439941e+01  1.552946e+02  2.465775e+02  4.596574e+02 
 7.107280e-01  6.268393e+01  1.526139e+02  2.429088e+02  4.525002e+02 
 7.206351e-01  6.170484e+01  1.502493e+02  2.396697e+02  4.485887e+02 
 7.306804e-01  6.041189e+01  1.480054e+02  2.360158e+02  4.408393e+02 
 7.408657e-01  5.906216e+01  1.451118e+02  2.318193e+02  4.351179e+02 
 7.511929e-01  5.779780e+01  1.424387e+02  2.283997e+02  4.294665e+02 
 7.616642e-01  5.669044e+01  1.398783e+02  2.247175e+02  4.238914e+02 
 7.722814e-01  5.589321e+01  1.385165e+02  2.223841e+02  4.183085e+02 
 7.830465e-01  5.472762e+01  1.358825e+02  2.186183e+02  4.130272e+02 
 7.939618e-01  5.367838e+01  1.341507e+02  2.158615e+02  4.085980e+02 
 8.050292e-01  5.249129e+01  1.315906e+02  2.129062e+02  4.035256e+02 
 8.162509e-01  5.153451e+01  1.297307e+02  2.095437e+02  3.965082e+02 
 8.276289e-01  5.027080e+01  1.271273e+02  2.061110e+02  3.915881e+02 
 8.391656e-01  4.959822e+01  1.256962e+02  2.032366e+02  3.871126e+02 
 8.508632e-01  4.870139e+01  1.235206e+02  2.004913e+02  3.821311e+02 
 8.627237e-01  4.759077e+01  1.215300e+02  1.975120e+02  3.761000e+02 
 8.747496e-01  4.670770e+01  1.194498e+02  1.945919e+02  3.713152e+02 
 8.869432e-01  4.586919e+01  1.177499e+02  1.919719e+02  3.668167e+02 
 8.993067e-01  4.491403e+01  1.158777e+02  1.891123e+02  3.615575e+02 
 9.118425e-01  4.421166e+01  1.139224e+02  1.860011e+02  3.553800e+02 
 9.245531e-01  4.321716e+01  1.120236e+02  1.830727e+02  3.512511e+02 
 9.374409e-01  4.236613e+01  1.102584e+02  1.806962e+02  3.468894e+02 
 9.505083e-01  4.163488e+01  1.084934e+02  1.781012e+02  3.419061e+02 
 9.637579e-01  4.073664e+01  1.064477e+02  1.749703e+02  3.370523e+02 
 9.771921e-01  4.013646e+01  1.058304e+02  1.734037e+02  3.326876e+02 
 9.908137e-01  3.934253e+01  1.038246e+02  1.705688e+02  3.283775e+02 
 1.004625e+00  3.857213e+01  1.019051e+02  1.676384e+02  3.229405e+02 
 1.018629e+00  3.790925e+01  1.004953e+02  1.653606e+02  3.183161e+02 
 1.032828e+00  3.714927e+01  9.886414e+01  1.631648e+02  3.149068e+02 
 1.047225e+00  3.639548e+01  9.744310e+01  1.606068e+02  3.096022e+02 
 1.061823e+00  3.579642e+01  9.612828e+01  1.584698e+02  3.054020e+02 
 1.076624e+00  3.511030e+01  9.459967e+01  1.561331e+02  3.010117e+02 
 1.091632e+00  3.451507e+01  9.304687e+01  1.540085e+02  2.965050e+02 
 1.106848e+00  3.382736e+01  9.144514e+01  1.516011e+02  2.924800e+02 
 1.122277e+00  3.319976e+01  9.021660e+01  1.492080e+02  2.878637e+02 
 1.137921e+00  3.257654e+01  8.864379e+01  1.469401e+02  2.836944e+02 
 1.153783e+00  3.203044e+01  8.731222e+01  1.448180e+02  2.797884e+02 
 1.169866e+00  3.146649e+01  8.605314e+01  1.426705e+02  2.760687e+02 
 1.186174e+00  3.087470e+01  8.481712e+01  1.406090e+02  2.719043e+02 
 1.202708e+00  3.035153e+01  8.349735e+01  1.386360e+02  2.679821e+02 
 1.219473e+00  2.983349e+01  8.227243e+01  1.367550e+02  2.636788e+02 
 1.236472e+00  2.928941e+01  8.104554e+01  1.348365e+02  2.600617e+02 
 1.253708e+00  2.878874e+01  7.978521e+01  1.326022e+02  2.562288e+02 
 1.271184e+00  2.829203e+01  7.883484e+01  1.311039e+02  2.524838e+02 
 1.288904e+00  2.778991e+01  7.734131e+01  1.288064e+02  2.489677e+02 
 1.306870e+00  2.728015e+01  7.616227e+01  1.268490e+02  2.449153e+02 
 1.325087e+00  2.684896e+01  7.505497e+01  1.250600e+02  2.409118e+02 
 1.343558e+00  2.638222e+01  7.388008e+01  1.231253e+02  2.372805e+02 
 1.362287e+00  2.594815e+01  7.271527e+01  1.211257e+02  2.334542e+02 
 1.381276e+00  2.547723e+01  7.163883e+01  1.190733e+02  2.297337e+02 
 1.400531e+00  2.505425e+01  7.053240e+01  1.173468e+02  2.258731e+02 
 1.420053e+00  2.460392e+01  6.933490e+01  1.156199e+02  2.221394e+02 
 1.439848e+00  2.418953e+01  6.836653e+01  1.136861e+02  2.186580e+02 
 1.459919e+00  2.374885e+01  6.727248e+01  1.119052e+02  2.148905e+02 
 1.480269e+00  2.340280e+01  6.611818e+01  1.100254e+02  2.110231e+02 
 1.500903e+00  2.299509e+01  6.514564e+01  1.082333e+02  2.079512e+02 
 1.521825e+00  2.258924e+01  6.418443e+01  1.066556e+02  2.043399e+02 
 1.543038e+00  2.219299e+01  6.315007e+01  1.050049e+02  2.011452e+02 
 1.564548e+00  2.185240e+01  6.216009e+01  1.032800e+02  1.975888e+02 
 1.586357e+00  2.148558e+01  6.124732e+01  1.016315e+02  1.941607e+02 
 1.608469e+00  2.109886e+01  6.027777e+01  9.996288e+01  1.909868e+02 
 1.630891e+00  2.081057e+01  5.922053e+01  9.812354e+01  1.873520e+02 
 1.653624e+00  2.042631e+01  5.824673e+01  9.660243e+01  1.843461e+02 
 1.676675e+00  2.007469e+01  5.740835e+01  9.507182e+01  1.809292e+02 
 1.700047e+00  1.973191e+01  5.648549e+01  9.344128e+01  1.777985e+02 
 1.723745e+00  1.942739e+01  5.552708e+01  9.187757e+01  1.744068e+02 
 1.747773e+00  1.907589e+01  5.458766e+01  9.026212e+01  1.712209e+02 
 1.772136e+00  1.875546e+01  5.370530e+01  8.867297e+01  1.682317e+02 
 1.796838e+00  1.845589e+01  5.280387e+01  8.715987e+01  1.650896e+02 
 1.821885e+00  1.818125e+01  5.193069e+01  8.559687e+01  1.621050e+02 
 1.847281e+00  1.786227e+01  5.114134e+01  8.421755e+01  1.591292e+02 
 1.873032e+00  1.757241e+01  5.027123e+01  8.256438e+01  1.562254e+02 
 1.899141e+00  1.728060e+01  4.936969e+01  8.116470e+01  1.532745e+02 
 1.925614e+00  1.700866e+01  4.856468e+01  7.976846e+01  1.502785e+02 
 1.952456e+00  1.677487e+01  4.779525e+01  7.839667e+01  1.474213e+02 
 1.979672e+00  1.645893e+01  4.702331e+01  7.698591e+01  1.446078e+02 
 2.007267e+00  1.620999e+01  4.621393e+01  7.546469e+01  1.419095e+02 
 2.035248e+00  1.592466e+01  4.536973e+01  7.407857e+01  1.390354e+02 
 2.063618e+00  1.566026e+01  4.454789e+01  7.270249e+01  1.362523e+02 
 2.092383e+00  1.541310e+01  4.377678e+01  7.130794e+01  1.335297e+02 
 2.121550e+00  1.514701e+01  4.297522e+01  6.995537e+01  1.308409e+02 
 2.151123e+00  1.490149e+01  4.222312e+01  6.858740e+01  1.281015e+02 
 2.181109e+00  1.465104e+01  4.143108e+01  6.727955e+01  1.255621e+02 
 2.211512e+00  1.441284e+01  4.065870e+01  6.591865e+01  1.228688e+02 
 2.242340e+00  1.417277e+01  3.995509e+01  6.466469e+01  1.203735e+02 
 2.273597e+00  1.392317e+01  3.921859e+01  6.333724e+01  1.178670e+02 
 2.305289e+00  1.370925e+01  3.848365e+01  6.210656e+01  1.154273e+02 
 2.337424e+00  1.348252e+01  3.775413e+01  6.085320e+01  1.130239e+02 
 2.370006e+00  1.325630e+01  3.705390e+01  5.964553e+01  1.107059e+02 
 2.403043e+00  1.302313e+01  3.636638e+01  5.841368e+01  1.083281e+02 
 2.436540e+00  1.281531e+01  3.569155e+01  5.724106e+01  1.059966e+02 
 2.470504e+00  1.260094e+01  3.501785e+01  5.604577e+01  1.037284e+02 
 2.504942e+00  1.239010e+01  3.435779e+01  5.489915e+01  1.015028e+02 
 2.539859e+00  1.218791e+01  3.367272e+01  5.373638e+01  9.923522e+01 
 2.575263e+00  1.196863e+01  3.298868e+01  5.263944e+01  9.710930e+01 
 2.611161e+00  1.177118e+01  3.234769e+01  5.147653e+01  9.494879e+01 
 2.647559e+00  1.156815e+01  3.169588e+01  5.035357e+01  9.279651e+01 
 2.684465e+00  1.136948e+01  3.108319e+01  4.926226e+01  9.070875e+01 
 2.721885e+00  1.116326e+01  3.041877e+01  4.819382e+01  8.867268e+01 
 2.759826e+00  1.097171e+01  2.978340e+01  4.712620e+01  8.666908e+01 
 2.798297e+00  1.077766e+01  2.919066e+01  4.608548e+01  8.474023e+01 
 2.837304e+00  1.059119e+01  2.858016e+01  4.506355e+01  8.281398e+01 
 2.876854e+00  1.040420e+01  2.797639e+01  4.406577e+01  8.094406e+01 
 2.916956e+00  1.022400e+01  2.740682e+01  4.308770e+01  7.906259e+01 
 2.957617e+00  1.004806e+01  2.683543e+01  4.214287e+01  7.726110e+01 
 2.998844e+00  9.870615e+00  2.627918e+01  4.119471e+01  7.548300e+01 
 3.040646e+00  9.696110e+00  2.571829e+01  4.025699e+01  7.378715e+01 
 3.083031e+00  9.524648e+00  2.516393e+01  3.934374e+01  7.206800e+01 
 3.126007e+00  9.356358e+00  2.463103e+01  3.844466e+01  7.038001e+01 
 3.169582e+00  9.185618e+00  2.408280e+01  3.753272e+01  6.872386e+01 
 3.213764e+00  9.016983e+00  2.355429e+01  3.665870e+01  6.710169e+01 
 3.258562e+00  8.848137e+00  2.304121e+01  3.580145e+01  6.550333e+01 
 3.303985e+00  8.684084e+00  2.251443e+01  3.494663e+01  6.393858e+01 
 3.350041e+00  8.524700e+00  2.200057e+01  3.411048e+01  6.239665e+01 
 3.396739e+00  8.361242e+00  2.150069e+01  3.330231e+01  6.088016e+01 
 3.444087e+00  8.203990e+00  2.100613e+01  3.248468e+01  5.941026e+01 
 3.492096e+00  8.050919e+00  2.052920e+01  3.171120e+01  5.798548e+01 
 3.540774e+00  7.893283e+00  2.005916e+01  3.095329e+01  5.658501e+01 
 3.590130e+00  7.745164e+00  1.959370e+01  3.019732e+01  5.522250e+01 
 3.640175e+00  7.598991e+00  1.914181e+01  2.947801e+01  5.388514e+01 
 3.690917e+00  7.450787e+00  1.871015e+01  2.874756e+01  5.257604e+01 
 3.742366e+00  7.306849e+00  1.826249e+01  2.805378e+01  5.131192e+01 
 3.794533e+00  7.167652e+00  1.784029e+01  2.737105e+01  5.005563e+01 
 3.847427e+00  7.026157e+00  1.741617e+01  2.669553e+01  4.884091e+01 
 3.901058e+00  6.885736e+00  1.700284e+01  2.603788e+01  4.763003e+01 
 3.955436e+00  6.752188e+00  1.659524e+01  2.538130e+01  4.644346e+01 
 4.010573e+00  6.613508e+00  1.619242e+01  2.474980e+01  4.529697e+01 
 4.066478e+00  6.477910e+00  1.579303e+01  2.412260e+01  4.415453e+01 
 4.123163e+00  6.343313e+00  1.540978e+01  2.350792e+01  4.303855e+01 
 4.180637e+00  6.214610e+00  1.503288e+01  2.291323e+01  4.194910e+01 
 4.238913e+00  6.084637e+00  1.465718e+01  2.232464e+01  4.089585e+01 
 4.298001e+00  5.954959e+00  1.429338e+01  2.175893e+01  3.985766e+01 
 4.357913e+00  5.833658e+00  1.393697e+01  2.120607e+01  3.885962e+01 
 4.418660e+00  5.710539e+00  1.359468e+01  2.065951e+01  3.788484e+01 
 4.480254e+00  5.589539e+00  1.325556e+01  2.013221e+01  3.692586e+01 
 4.542706e+00  5.472595e+00  1.292357e+01  1.961608e+01  3.599431e+01 
 4.606029e+00  5.356346e+00  1.260507e+01  1.911510e+01  3.509318e+01 
 4.670234e+00  5.241820e+00  1.228897e+01  1.863369e+01  3.421299e+01 
 4.735335e+00  5.130558e+00  1.198242e+01  1.815585e+01  3.334912e+01 
 4.801343e+00  5.021437e+00  1.168456e+01  1.769104e+01  3.249923e+01 
 4.868271e+00  4.911638e+00  1.138755e+01  1.723283e+01  3.166939e+01 
 4.936132e+00  4.804227e+00  1.109597e+01  1.678322e+01  3.085760e+01 
 5.004939e+00  4.697028e+00  1.081148e+01  1.634508e+01  3.005907e+01 
 5.074705e+00  4.591234e+00  1.053278e+01  1.591371e+01  2.928303e+01 
 5.145444e+00  4.488798e+00  1.026024e+01  1.549585e+01  2.852120e+01 
 5.217169e+00  4.386316e+00  9.992672e+00  1.508598e+01  2.777695e+01 
 5.289893e+00  4.288180e+00  9.733647e+00  1.469086e+01  2.705679e+01 
 5.363631e+00  4.189545e+00  9.480586e+00  1.430055e+01  2.635259e+01 
 5.438397e+00  4.094622e+00  9.233701e+00  1.392507e+01  2.566416e+01 
 5.514206e+00  4.001311e+00  8.994271e+00  1.355843e+01  2.499774e+01 
 5.591071e+00  3.908909e+00  8.762230e+00  1.320247e+01  2.434884e+01 
 5.669007e+00  3.820653e+00  8.535830e+00  1.285710e+01  2.372285e+01 
 5.748030e+00  3.733017e+00  8.315046e+00  1.252018e+01  2.310630e+01 
 5.828155e+00  3.647567e+00  8.100527e+00  1.219346e+01  2.250894e+01 
 5.909396e+00  3.563578e+00  7.891197e+00  1.187461e+01  2.192865e+01 
 5.991770e+00  3.480918e+00  7.686181e+00  1.156170e+01  2.136144e+01 
 6.075292e+00  3.399763e+00  7.486171e+00  1.125753e+01  2.079930e+01 
 6.159978e+00  3.319514e+00  7.289359e+00  1.095970e+01  2.025473e+01 
 6.245845e+00  3.241177e+00  7.097273e+00  1.066901e+01  1.972045e+01 
 6.332908e+00  3.163616e+00  6.909462e+00  1.038315e+01  1.919628e+01 
 6.421186e+00  3.088131e+00  6.726807e+00  1.010504e+01  1.868649e+01 
 6.510694e+00  3.013891e+00  6.548509e+00  9.835216e+00  1.819084e+01 
 6.601449e+00  2.941796e+00  6.375471e+00  9.572511e+00  1.770685e+01 
 6.693470e+00  2.870711e+00  6.206782e+00  9.316286e+00  1.723538e+01 
 6.786773e+00  2.801912e+00  6.042881e+00  9.067477e+00  1.677956e+01 
 6.881377e+00  2.734903e+00  5.884273e+00  8.826647e+00  1.633449e+01 
 6.977300e+00  2.669468e+00  5.730330e+00  8.594401e+00  1.590269e+01 
 7.074559e+00  2.606001e+00  5.580685e+00  8.366694e+00  1.548276e+01 
 7.173175e+00  2.543767e+00  5.435627e+00  8.146263e+00  1.507585e+01 
 7.273165e+00  2.483495e+00  5.294512e+00  7.932587e+00  1.467999e+01 
 7.374549e+00  2.424153e+00  5.156862e+00  7.724097e+00  1.429471e+01 
 7.477346e+00  2.366026e+00  5.022801e+00  7.521618e+00  1.391714e+01 
 7.581576e+00  2.309334e+00  4.891215e+00  7.322327e+00  1.354826e+01 
 7.687260e+00  2.253462e+00  4.763143e+00  7.128103e+00  1.318767e+01 
 7.794416e+00  2.198732e+00  4.638255e+00  6.937382e+00  1.283440e+01 
 7.903066e+00  2.145384e+00  4.515357e+00  6.751695e+00  1.248910e+01 
 8.013230e+00  2.093049e+00  4.396653e+00  6.571846e+00  1.215360e+01 
 8.124930e+00  2.041960e+00  4.280687e+00  6.396288e+00  1.182595e+01 
 8.238187e+00  1.992403e+00  4.168042e+00  6.225138e+00  1.150712e+01 
 8.353023e+00  1.943940e+00  4.058611e+00  6.058894e+00  1.119716e+01 
 8.469460e+00  1.896974e+00  3.952528e+00  5.898122e+00  1.089666e+01 
 8.587519e+00  1.851358e+00  3.849460e+00  5.741794e+00  1.060464e+01 
 8.707225e+00  1.806968e+00  3.749503e+00  5.590465e+00  1.032155e+01 
 8.828599e+00  1.763933e+00  3.652992e+00  5.443795e+00  1.004632e+01 
 8.951665e+00  1.721898e+00  3.559333e+00  5.300969e+00  9.780200e+00 
 9.076446e+00  1.681254e+00  3.468128e+00  5.162706e+00  9.520821e+00 
 9.202967e+00  1.641496e+00  3.379394e+00  5.028299e+00  9.268319e+00 
 9.331251e+00  1.602607e+00  3.292870e+00  4.896765e+00  9.022148e+00 
 9.461324e+00  0.000000e+00  0.000000e+00  0.000000e+00  0.000000e+00 
 9.593209e+00  0.000000e+00  0.000000e+00  0.000000e+00  0.000000e+00 
 9.726934e+00  0.000000e+00  0.000000e+00  0.000000e+00  0.000000e+00 
 9.862522e+00  0.000000e+00  0.000000e+00  0.000000e+00  0.000000e+00 
 1.000000e+01  0.000000e+00  0.000000e+00  0.000000e+00  0.000000e+00 
