 1.000000e-02  5.982891e+03  1.117085e+04  1.535052e+04  2.333545e+04 
 1.013939e-02  6.012090e+03  1.122561e+04  1.542578e+04  2.344970e+04 
 1.028073e-02  6.040748e+03  1.127932e+04  1.549962e+04  2.356174e+04 
 1.042404e-02  6.068827e+03  1.133196e+04  1.557197e+04  2.367148e+04 
 1.056935e-02  6.096325e+03  1.138348e+04  1.564277e+04  2.377889e+04 
 1.071668e-02  6.123210e+03  1.143384e+04  1.571198e+04  2.388387e+04 
 1.086606e-02  6.149456e+03  1.148302e+04  1.577955e+04  2.398630e+04 
 1.101753e-02  6.175052e+03  1.153096e+04  1.584540e+04  2.408615e+04 
 1.117111e-02  6.199966e+03  1.157761e+04  1.590949e+04  2.418328e+04 
 1.132683e-02  6.224172e+03  1.162295e+04  1.597176e+04  2.427759e+04 
 1.148472e-02  6.247662e+03  1.166691e+04  1.603212e+04  2.436904e+04 
 1.164481e-02  6.270401e+03  1.170947e+04  1.609055e+04  2.445752e+04 
 1.180713e-02  6.292364e+03  1.175057e+04  1.614698e+04  2.454291e+04 
 1.197171e-02  6.313540e+03  1.179019e+04  1.620135e+04  2.462519e+04 
 1.213859e-02  6.333904e+03  1.182826e+04  1.625360e+04  2.470422e+04 
 1.230780e-02  6.353429e+03  1.186477e+04  1.630367e+04  2.477991e+04 
 1.247936e-02  6.372089e+03  1.189965e+04  1.635153e+04  2.485222e+04 
 1.265332e-02  6.389873e+03  1.193288e+04  1.639708e+04  2.492104e+04 
 1.282970e-02  6.406756e+03  1.196442e+04  1.644032e+04  2.498626e+04 
 1.300854e-02  6.422717e+03  1.199421e+04  1.648116e+04  2.504786e+04 
 1.318987e-02  6.437730e+03  1.202224e+04  1.651953e+04  2.510571e+04 
 1.337373e-02  6.451766e+03  1.204843e+04  1.655541e+04  2.515969e+04 
 1.356015e-02  6.464815e+03  1.207276e+04  1.658869e+04  2.520976e+04 
 1.374917e-02  6.476839e+03  1.209517e+04  1.661934e+04  2.525580e+04 
 1.394083e-02  6.487824e+03  1.211562e+04  1.664730e+04  2.529770e+04 
 1.413516e-02  6.497730e+03  1.213404e+04  1.667245e+04  2.533537e+04 
 1.433219e-02  6.506545e+03  1.215042e+04  1.669479e+04  2.536873e+04 
 1.453198e-02  6.514237e+03  1.216471e+04  1.671424e+04  2.539765e+04 
 1.473454e-02  6.520799e+03  1.217685e+04  1.673073e+04  2.542212e+04 
 1.493993e-02  6.526195e+03  1.218680e+04  1.674423e+04  2.544198e+04 
 1.514819e-02  6.530402e+03  1.219456e+04  1.675471e+04  2.545725e+04 
 1.535935e-02  6.533400e+03  1.220006e+04  1.676208e+04  2.546785e+04 
 1.557345e-02  6.535176e+03  1.220326e+04  1.676632e+04  2.547361e+04 
 1.579053e-02  6.535710e+03  1.220414e+04  1.676732e+04  2.547449e+04 
 1.601064e-02  6.534981e+03  1.220265e+04  1.676507e+04  2.547041e+04 
 1.623382e-02  6.532973e+03  1.219877e+04  1.675953e+04  2.546128e+04 
 1.646012e-02  6.529674e+03  1.219246e+04  1.675065e+04  2.544710e+04 
 1.668956e-02  6.525059e+03  1.218369e+04  1.673839e+04  2.542775e+04 
 1.692220e-02  6.519117e+03  1.217243e+04  1.672268e+04  2.540314e+04 
 1.715809e-02  6.511816e+03  1.215862e+04  1.670349e+04  2.537323e+04 
 1.739726e-02  6.503141e+03  1.214224e+04  1.668076e+04  2.533792e+04 
 1.763977e-02  6.493074e+03  1.212326e+04  1.665442e+04  2.529711e+04 
 1.788566e-02  6.481611e+03  1.210165e+04  1.662448e+04  2.525086e+04 
 1.813498e-02  6.468723e+03  1.207738e+04  1.659088e+04  2.519899e+04 
 1.838777e-02  6.454402e+03  1.205041e+04  1.655358e+04  2.514151e+04 
 1.864409e-02  6.438626e+03  1.202075e+04  1.651255e+04  2.507834e+04 
 1.890397e-02  6.421413e+03  1.198836e+04  1.646779e+04  2.500947e+04 
 1.916748e-02  6.402731e+03  1.195323e+04  1.641926e+04  2.493490e+04 
 1.943467e-02  6.382585e+03  1.191537e+04  1.636697e+04  2.485456e+04 
 1.970558e-02  6.360966e+03  1.187476e+04  1.631088e+04  2.476847e+04 
 1.998026e-02  6.337883e+03  1.183140e+04  1.625102e+04  2.467661e+04 
 2.025878e-02  6.313335e+03  1.178530e+04  1.618740e+04  2.457906e+04 
 2.054117e-02  6.287327e+03  1.173647e+04  1.612001e+04  2.447576e+04 
 2.082751e-02  6.259866e+03  1.168492e+04  1.604888e+04  2.436679e+04 
 2.111783e-02  6.230948e+03  1.163064e+04  1.597401e+04  2.425212e+04 
 2.141220e-02  6.200671e+03  1.157379e+04  1.589555e+04  2.413190e+04 
 2.171068e-02  6.169551e+03  1.151511e+04  1.581435e+04  2.400682e+04 
 2.201331e-02  6.136978e+03  1.145370e+04  1.572941e+04  2.387608e+04 
 2.232016e-02  6.102955e+03  1.138961e+04  1.564074e+04  2.373964e+04 
 2.263130e-02  6.067495e+03  1.132282e+04  1.554837e+04  2.359761e+04 
 2.294676e-02  6.030604e+03  1.125335e+04  1.545233e+04  2.344999e+04 
 2.326663e-02  5.992291e+03  1.118124e+04  1.535264e+04  2.329682e+04 
 2.359095e-02  5.952586e+03  1.110650e+04  1.524937e+04  2.313819e+04 
 2.391980e-02  5.911505e+03  1.102921e+04  1.514256e+04  2.297423e+04 
 2.425323e-02  5.869084e+03  1.094939e+04  1.503233e+04  2.280503e+04 
 2.459130e-02  5.825337e+03  1.086712e+04  1.491870e+04  2.263070e+04 
 2.493409e-02  5.780316e+03  1.078247e+04  1.480179e+04  2.245138e+04 
 2.528166e-02  5.734056e+03  1.069550e+04  1.468170e+04  2.226726e+04 
 2.563407e-02  5.686609e+03  1.060631e+04  1.455859e+04  2.207854e+04 
 2.599140e-02  5.638014e+03  1.051500e+04  1.443254e+04  2.188537e+04 
 2.635371e-02  5.588327e+03  1.042164e+04  1.430369e+04  2.168797e+04 
 2.672106e-02  5.537563e+03  1.032627e+04  1.417210e+04  2.148639e+04 
 2.709354e-02  5.485755e+03  1.022896e+04  1.403784e+04  2.128078e+04 
 2.747121e-02  5.432934e+03  1.012977e+04  1.390098e+04  2.107127e+04 
 2.785414e-02  5.379077e+03  1.002867e+04  1.376153e+04  2.085789e+04 
 2.824241e-02  5.323949e+03  9.925320e+03  1.361914e+04  2.064036e+04 
 2.863610e-02  5.267930e+03  9.820326e+03  1.347449e+04  2.041942e+04 
 2.903527e-02  5.211085e+03  9.713782e+03  1.332771e+04  2.019527e+04 
 2.944000e-02  5.153466e+03  9.605798e+03  1.317898e+04  1.996816e+04 
 2.985038e-02  5.095132e+03  9.496490e+03  1.302843e+04  1.973833e+04 
 3.026648e-02  5.036146e+03  9.385986e+03  1.287623e+04  1.950603e+04 
 3.068838e-02  4.976599e+03  9.274426e+03  1.272259e+04  1.927156e+04 
 3.111616e-02  4.916561e+03  9.161964e+03  1.256774e+04  1.903526e+04 
 3.154990e-02  4.856127e+03  9.048765e+03  1.241187e+04  1.879746e+04 
 3.198969e-02  4.795387e+03  8.935013e+03  1.225523e+04  1.855853e+04 
 3.243561e-02  4.734449e+03  8.820897e+03  1.209813e+04  1.831888e+04 
 3.288774e-02  4.673418e+03  8.706590e+03  1.194077e+04  1.807887e+04 
 3.334618e-02  4.612348e+03  8.592237e+03  1.178335e+04  1.783880e+04 
 3.381101e-02  4.551296e+03  8.477924e+03  1.162598e+04  1.759884e+04 
 3.428231e-02  4.490305e+03  8.363730e+03  1.146880e+04  1.735916e+04 
 3.476019e-02  4.429253e+03  8.249762e+03  1.131231e+04  1.712170e+04 
 3.524473e-02  4.368374e+03  8.136129e+03  1.115629e+04  1.688500e+04 
 3.573602e-02  4.307734e+03  8.022960e+03  1.100091e+04  1.664927e+04 
 3.623416e-02  4.247402e+03  7.910357e+03  1.084630e+04  1.641476e+04 
 3.673925e-02  4.187443e+03  7.798455e+03  1.069267e+04  1.618170e+04 
 3.725137e-02  4.127932e+03  7.687376e+03  1.054019e+04  1.595041e+04 
 3.777064e-02  4.068942e+03  7.577291e+03  1.038905e+04  1.572119e+04 
 3.829714e-02  4.010557e+03  7.468334e+03  1.023947e+04  1.549433e+04 
 3.883098e-02  3.952864e+03  7.360676e+03  1.009166e+04  1.527017e+04 
 3.937226e-02  3.895951e+03  7.254467e+03  9.945863e+03  1.504907e+04 
 3.992109e-02  3.839920e+03  7.149896e+03  9.802309e+03  1.483139e+04 
 4.047757e-02  3.784857e+03  7.047109e+03  9.661160e+03  1.461722e+04 
 4.104181e-02  3.730658e+03  6.945310e+03  9.520697e+03  1.440218e+04 
 4.161391e-02  3.677564e+03  6.845592e+03  9.383083e+03  1.419150e+04 
 4.219398e-02  3.625615e+03  6.748005e+03  9.248404e+03  1.398528e+04 
 4.278214e-02  3.574829e+03  6.652600e+03  9.116739e+03  1.378364e+04 
 4.337850e-02  3.525236e+03  6.559423e+03  8.988135e+03  1.358670e+04 
 4.398317e-02  3.476867e+03  6.468534e+03  8.862674e+03  1.339453e+04 
 4.459628e-02  3.429738e+03  6.379967e+03  8.740414e+03  1.320724e+04 
 4.521792e-02  3.383879e+03  6.293780e+03  8.621418e+03  1.302490e+04 
 4.584824e-02  3.339307e+03  6.209995e+03  8.505726e+03  1.284760e+04 
 4.648734e-02  3.296049e+03  6.128665e+03  8.393400e+03  1.267541e+04 
 4.713535e-02  3.254250e+03  6.050832e+03  8.286712e+03  1.251401e+04 
 4.779239e-02  3.213872e+03  5.976117e+03  8.184780e+03  1.236116e+04 
 4.845859e-02  3.174825e+03  5.903864e+03  8.086211e+03  1.221340e+04 
 4.913407e-02  3.137091e+03  5.834043e+03  7.990973e+03  1.207063e+04 
 4.981898e-02  3.100639e+03  5.766615e+03  7.898997e+03  1.193276e+04 
 5.051342e-02  3.065443e+03  5.701503e+03  7.810200e+03  1.179968e+04 
 5.121755e-02  3.031457e+03  5.638646e+03  7.724480e+03  1.167123e+04 
 5.193150e-02  2.998636e+03  5.577953e+03  7.641720e+03  1.154724e+04 
 5.265540e-02  2.966935e+03  5.519343e+03  7.561797e+03  1.142753e+04 
 5.338938e-02  2.936047e+03  5.461761e+03  7.482798e+03  1.130786e+04 
 5.413360e-02  2.905850e+03  5.404914e+03  7.404203e+03  1.118723e+04 
 5.488820e-02  2.876559e+03  5.349748e+03  7.327929e+03  1.107009e+04 
 5.565331e-02  2.848092e+03  5.296123e+03  7.253770e+03  1.095617e+04 
 5.642908e-02  2.820332e+03  5.243811e+03  7.181399e+03  1.084495e+04 
 5.721568e-02  2.793183e+03  5.192637e+03  7.110594e+03  1.073608e+04 
 5.801323e-02  2.766509e+03  5.142361e+03  7.041016e+03  1.062911e+04 
 5.882190e-02  2.740291e+03  5.092948e+03  6.972660e+03  1.052404e+04 
 5.964185e-02  2.714530e+03  5.044742e+03  6.906328e+03  1.042306e+04 
 6.047322e-02  2.689439e+03  4.998713e+03  6.843950e+03  1.033072e+04 
 6.131619e-02  2.664339e+03  4.952655e+03  6.781520e+03  1.023825e+04 
 6.217090e-02  2.639072e+03  4.906269e+03  6.718600e+03  1.014498e+04 
 6.303753e-02  2.613547e+03  4.859378e+03  6.654992e+03  1.005062e+04 
 6.391624e-02  2.587601e+03  4.811699e+03  6.590303e+03  9.954611e+03 
 6.480720e-02  2.561142e+03  4.763077e+03  6.524317e+03  9.856667e+03 
 6.571058e-02  2.534014e+03  4.713208e+03  6.456631e+03  9.756190e+03 
 6.662655e-02  2.504925e+03  4.657755e+03  6.379227e+03  9.635226e+03 
 6.755528e-02  2.474888e+03  4.600489e+03  6.299298e+03  9.510328e+03 
 6.849697e-02  2.443853e+03  4.541393e+03  6.216883e+03  9.381740e+03 
 6.945178e-02  2.411729e+03  4.480287e+03  6.131741e+03  9.249118e+03 
 7.041990e-02  2.378428e+03  4.417015e+03  6.043677e+03  9.112168e+03 
 7.140151e-02  2.343890e+03  4.351473e+03  5.952536e+03  8.970690e+03 
 7.239681e-02  2.308372e+03  4.284450e+03  5.859772e+03  8.828051e+03 
 7.340598e-02  2.271888e+03  4.216021e+03  5.765563e+03  8.684773e+03 
 7.442922e-02  2.234080e+03  4.145160e+03  5.668054e+03  8.536590e+03 
 7.546673e-02  2.194965e+03  4.071899e+03  5.567288e+03  8.383577e+03 
 7.651869e-02  2.154578e+03  3.996293e+03  5.463350e+03  8.225866e+03 
 7.758532e-02  2.112985e+03  3.918478e+03  5.356425e+03  8.063728e+03 
 7.866682e-02  2.071127e+03  3.841365e+03  5.251651e+03  7.907895e+03 
 7.976339e-02  2.029628e+03  3.766820e+03  5.152300e+03  7.765081e+03 
 8.087525e-02  1.987183e+03  3.690460e+03  5.050402e+03  7.618283e+03 
 8.200261e-02  1.943943e+03  3.612552e+03  4.946330e+03  7.468044e+03 
 8.314568e-02  1.900079e+03  3.533419e+03  4.840507e+03  7.314982e+03 
 8.430468e-02  1.855778e+03  3.453398e+03  4.733397e+03  7.159793e+03 
 8.547985e-02  1.810472e+03  3.370240e+03  4.620766e+03  6.993235e+03 
 8.667139e-02  1.764813e+03  3.285838e+03  4.505853e+03  6.821798e+03 
 8.787954e-02  1.719405e+03  3.201885e+03  4.391537e+03  6.651194e+03 
 8.910453e-02  1.674479e+03  3.118815e+03  4.278408e+03  6.482304e+03 
 9.034660e-02  1.630263e+03  3.037049e+03  4.167035e+03  6.315994e+03 
 9.160598e-02  1.587651e+03  2.959184e+03  4.061867e+03  6.161071e+03 
 9.288292e-02  1.546773e+03  2.885352e+03  3.962962e+03  6.017363e+03 
 9.417766e-02  1.507197e+03  2.813854e+03  3.867151e+03  5.878083e+03 
 9.549045e-02  1.469122e+03  2.745057e+03  3.774954e+03  5.744015e+03 
 9.682153e-02  1.432706e+03  2.679266e+03  3.686788e+03  5.615807e+03 
 9.817117e-02  1.398340e+03  2.617605e+03  3.604551e+03  5.497180e+03 
 9.953962e-02  1.365991e+03  2.559754e+03  3.527575e+03  5.386587e+03 
 1.009272e-01  1.335657e+03  2.505575e+03  3.455546e+03  5.283243e+03 
 1.023340e-01  1.307392e+03  2.455179e+03  3.388622e+03  5.187428e+03 
 1.037605e-01  1.280587e+03  2.406643e+03  3.323445e+03  5.092363e+03 
 1.052069e-01  1.253463e+03  2.354493e+03  3.250511e+03  4.979025e+03 
 1.066734e-01  1.228467e+03  2.306353e+03  3.183114e+03  4.874137e+03 
 1.081604e-01  1.205506e+03  2.262051e+03  3.121009e+03  4.777330e+03 
 1.096681e-01  1.184455e+03  2.221352e+03  3.063869e+03  4.688101e+03 
 1.111968e-01  1.165360e+03  2.184624e+03  3.012311e+03  4.607115e+03 
 1.127468e-01  1.147825e+03  2.150839e+03  2.964816e+03  4.532317e+03 
 1.143184e-01  1.131614e+03  2.119549e+03  2.920756e+03  4.462770e+03 
 1.159120e-01  1.116480e+03  2.090281e+03  2.879485e+03  4.397495e+03 
 1.175277e-01  1.102991e+03  2.064986e+03  2.844418e+03  4.343132e+03 
 1.191660e-01  1.090085e+03  2.040863e+03  2.811025e+03  4.291464e+03 
 1.208271e-01  1.077389e+03  2.017139e+03  2.778186e+03  4.240672e+03 
 1.225114e-01  1.064565e+03  1.993163e+03  2.745018e+03  4.189485e+03 
 1.242191e-01  1.051020e+03  1.967629e+03  2.709741e+03  4.135785e+03 
 1.259506e-01  1.036827e+03  1.940907e+03  2.672853e+03  4.079696e+03 
 1.277063e-01  1.021747e+03  1.912541e+03  2.633730e+03  4.020260e+03 
 1.294865e-01  1.005942e+03  1.883085e+03  2.593226e+03  3.958652e+03 
 1.312915e-01  9.893179e+02  1.852400e+03  2.551166e+03  3.894599e+03 
 1.331216e-01  9.713277e+02  1.819170e+03  2.505636e+03  3.825337e+03 
 1.349772e-01  9.519505e+02  1.783397e+03  2.456682e+03  3.751065e+03 
 1.368587e-01  9.324030e+02  1.749296e+03  2.412298e+03  3.690251e+03 
 1.387665e-01  9.115183e+02  1.712627e+03  2.364320e+03  3.623792e+03 
 1.407008e-01  8.894466e+02  1.673651e+03  2.313091e+03  3.552174e+03 
 1.426621e-01  8.673303e+02  1.634993e+03  2.262259e+03  3.480062e+03 
 1.446507e-01  8.447504e+02  1.595499e+03  2.210185e+03  3.405541e+03 
 1.466671e-01  8.216944e+02  1.554965e+03  2.156565e+03  3.328403e+03 
 1.487115e-01  7.965804e+02  1.508648e+03  2.093649e+03  3.234961e+03 
 1.507845e-01  7.704548e+02  1.459168e+03  2.025491e+03  3.132078e+03 
 1.528864e-01  7.450086e+02  1.410960e+03  1.959059e+03  3.031697e+03 
 1.550175e-01  7.223034e+02  1.369782e+03  1.903800e+03  2.951262e+03 
 1.571784e-01  7.020061e+02  1.334359e+03  1.857443e+03  2.886291e+03 
 1.593694e-01  6.830583e+02  1.301318e+03  1.814227e+03  2.825791e+03 
 1.615909e-01  6.660678e+02  1.272075e+03  1.776182e+03  2.772663e+03 
 1.638434e-01  6.509083e+02  1.246263e+03  1.742795e+03  2.726323e+03 
 1.661273e-01  6.374377e+02  1.223528e+03  1.713568e+03  2.686192e+03 
 1.684430e-01  6.224753e+02  1.195105e+03  1.674477e+03  2.627742e+03 
 1.707910e-01  6.087940e+02  1.168766e+03  1.638028e+03  2.572963e+03 
 1.731717e-01  5.970727e+02  1.146511e+03  1.607424e+03  2.527214e+03 
 1.755856e-01  5.884755e+02  1.131610e+03  1.587711e+03  2.498281e+03 
 1.780332e-01  5.808415e+02  1.118526e+03  1.570514e+03  2.473258e+03 
 1.805149e-01  5.721996e+02  1.101428e+03  1.545933e+03  2.433220e+03 
 1.830312e-01  5.629016e+02  1.081843e+03  1.516830e+03  2.384078e+03 
 1.855825e-01  5.537163e+02  1.062764e+03  1.488768e+03  2.337357e+03 
 1.881694e-01  5.447512e+02  1.045684e+03  1.465337e+03  2.302304e+03 
 1.907924e-01  5.351752e+02  1.027473e+03  1.440354e+03  2.264865e+03 
 1.934520e-01  5.244368e+02  1.007044e+03  1.412523e+03  2.224424e+03 
 1.961486e-01  5.126210e+02  9.845801e+02  1.381941e+03  2.180142e+03 
 1.988828e-01  5.009902e+02  9.632581e+02  1.353244e+03  2.138545e+03 
 2.016551e-01  4.901249e+02  9.444866e+02  1.328496e+03  2.102731e+03 
 2.044661e-01  4.782523e+02  9.234983e+02  1.300425e+03  2.061299e+03 
 2.073162e-01  4.649720e+02  8.984278e+02  1.265538e+03  2.007355e+03 
 2.102061e-01  4.513342e+02  8.726243e+02  1.229593e+03  1.951635e+03 
 2.131362e-01  4.412011e+02  8.577055e+02  1.211938e+03  1.929011e+03 
 2.161073e-01  4.313573e+02  8.433399e+02  1.195061e+03  1.907562e+03 
 2.191197e-01  4.190606e+02  8.218298e+02  1.167093e+03  1.869386e+03 
 2.221741e-01  4.068721e+02  7.998940e+02  1.138193e+03  1.829652e+03 
 2.252711e-01  3.960071e+02  7.809017e+02  1.113637e+03  1.796377e+03 
 2.284112e-01  3.863539e+02  7.643295e+02  1.092497e+03  1.768250e+03 
 2.315951e-01  3.780354e+02  7.493125e+02  1.072011e+03  1.736657e+03 
 2.348235e-01  3.708428e+02  7.361073e+02  1.053545e+03  1.706744e+03 
 2.380968e-01  3.626171e+02  7.195347e+02  1.029848e+03  1.669484e+03 
 2.414157e-01  3.546723e+02  7.031885e+02  1.006369e+03  1.632849e+03 
 2.447809e-01  3.468712e+02  6.876123e+02  9.844982e+02  1.598870e+03 
 2.481930e-01  3.393996e+02  6.728015e+02  9.637865e+02  1.566730e+03 
 2.516527e-01  3.349971e+02  6.652931e+02  9.535704e+02  1.550694e+03 
 2.551606e-01  3.294690e+02  6.551834e+02  9.396301e+02  1.529230e+03 
 2.587174e-01  3.208024e+02  6.376619e+02  9.150516e+02  1.492434e+03 
 2.623238e-01  3.133729e+02  6.237651e+02  8.961203e+02  1.464657e+03 
 2.659804e-01  3.073019e+02  6.138102e+02  8.833138e+02  1.446645e+03 
 2.696881e-01  2.991603e+02  5.988601e+02  8.630427e+02  1.415970e+03 
 2.734474e-01  2.903307e+02  5.823042e+02  8.403952e+02  1.381332e+03 
 2.772591e-01  2.835624e+02  5.711641e+02  8.264935e+02  1.363433e+03 
 2.811239e-01  2.764609e+02  5.587717e+02  8.106130e+02  1.343195e+03 
 2.850426e-01  2.691258e+02  5.451441e+02  7.927531e+02  1.321054e+03 
 2.890160e-01  2.624711e+02  5.336681e+02  7.778036e+02  1.299426e+03 
 2.930447e-01  2.563772e+02  5.229309e+02  7.632209e+02  1.276328e+03 
 2.971296e-01  2.506744e+02  5.113591e+02  7.455214e+02  1.244968e+03 
 3.012714e-01  2.456255e+02  5.023748e+02  7.334261e+02  1.226776e+03 
 3.054710e-01  2.407639e+02  4.940462e+02  7.229119e+02  1.212810e+03 
 3.097291e-01  2.349381e+02  4.829226e+02  7.079651e+02  1.191815e+03 
 3.140465e-01  2.296269e+02  4.719569e+02  6.919267e+02  1.164948e+03 
 3.184242e-01  2.248802e+02  4.623145e+02  6.778230e+02  1.141270e+03 
 3.228628e-01  2.210583e+02  4.558259e+02  6.695764e+02  1.131090e+03 
 3.273634e-01  2.156325e+02  4.447762e+02  6.534967e+02  1.104915e+03 
 3.319266e-01  2.099479e+02  4.336245e+02  6.379033e+02  1.081103e+03 
 3.365535e-01  2.044844e+02  4.237733e+02  6.251003e+02  1.063795e+03 
 3.412449e-01  2.006267e+02  4.185734e+02  6.188516e+02  1.053610e+03 
 3.460016e-01  1.963903e+02  4.115370e+02  6.096740e+02  1.040463e+03 
 3.508247e-01  1.922558e+02  4.040282e+02  5.994973e+02  1.025260e+03 
 3.557150e-01  1.882790e+02  3.964988e+02  5.891123e+02  1.008921e+03 
 3.606735e-01  1.837298e+02  3.881817e+02  5.780339e+02  9.930884e+02 
 3.657011e-01  1.783895e+02  3.777830e+02  5.635842e+02  9.726356e+02 
 3.707988e-01  1.741296e+02  3.693930e+02  5.519475e+02  9.550602e+02 
 3.759675e-01  1.702570e+02  3.617832e+02  5.413278e+02  9.388432e+02 
 3.812083e-01  1.662876e+02  3.544033e+02  5.311755e+02  9.236731e+02 
 3.865221e-01  1.629625e+02  3.494325e+02  5.252979e+02  9.136740e+02 
 3.919100e-01  1.594930e+02  3.412396e+02  5.127363e+02  8.962054e+02 
 3.973730e-01  1.555933e+02  3.345860e+02  5.042247e+02  8.823423e+02 
 4.029122e-01  1.524009e+02  3.294253e+02  4.969348e+02  8.687236e+02 
 4.085286e-01  1.491825e+02  3.224468e+02  4.868032e+02  8.539100e+02 
 4.142232e-01  1.453532e+02  3.145096e+02  4.761368e+02  8.402775e+02 
 4.199973e-01  1.416243e+02  3.079260e+02  4.676259e+02  8.274788e+02 
 4.258518e-01  1.386259e+02  3.022328e+02  4.594107e+02  8.130148e+02 
 4.317880e-01  1.354680e+02  2.959155e+02  4.499514e+02  7.982056e+02 
 4.378069e-01  1.326898e+02  2.902352e+02  4.416851e+02  7.842421e+02 
 4.439097e-01  1.303714e+02  2.865631e+02  4.372369e+02  7.799576e+02 
 4.500975e-01  1.268046e+02  2.797619e+02  4.277926e+02  7.657931e+02 
 4.563716e-01  1.237899e+02  2.734011e+02  4.183915e+02  7.487269e+02 
 4.627332e-01  1.218428e+02  2.706778e+02  4.154592e+02  7.459032e+02 
 4.691835e-01  1.186544e+02  2.642095e+02  4.060130e+02  7.297968e+02 
 4.757236e-01  1.163450e+02  2.595731e+02  3.995128e+02  7.195621e+02 
 4.823549e-01  1.132433e+02  2.531114e+02  3.902655e+02  7.066686e+02 
 4.890787e-01  1.107695e+02  2.481966e+02  3.835017e+02  6.958340e+02 
 4.958962e-01  1.088938e+02  2.444619e+02  3.776093e+02  6.847989e+02 
 5.028087e-01  1.064041e+02  2.400499e+02  3.715588e+02  6.757550e+02 
 5.098176e-01  1.043820e+02  2.362386e+02  3.659392e+02  6.645835e+02 
 5.169242e-01  1.025053e+02  2.326153e+02  3.609849e+02  6.576933e+02 
 5.241298e-01  9.911104e+01  2.266603e+02  3.535164e+02  6.482290e+02 
 5.314359e-01  9.733023e+01  2.238630e+02  3.496327e+02  6.417922e+02 
 5.388438e-01  9.523037e+01  2.189932e+02  3.422303e+02  6.302836e+02 
 5.463550e-01  9.346844e+01  2.154666e+02  3.368945e+02  6.211951e+02 
 5.539709e-01  9.090916e+01  2.108099e+02  3.308222e+02  6.115756e+02 
 5.616930e-01  8.924036e+01  2.074913e+02  3.260543e+02  6.042296e+02 
 5.695227e-01  8.743963e+01  2.044634e+02  3.221946e+02  5.959812e+02 
 5.774615e-01  8.541748e+01  1.996995e+02  3.149907e+02  5.854244e+02 
 5.855110e-01  8.384154e+01  1.967166e+02  3.103575e+02  5.773854e+02 
 5.936727e-01  8.184622e+01  1.920152e+02  3.036669e+02  5.670225e+02 
 6.019482e-01  8.040243e+01  1.896913e+02  2.998728e+02  5.599237e+02 
 6.103390e-01  7.844717e+01  1.862511e+02  2.953124e+02  5.516955e+02 
 6.188468e-01  7.666921e+01  1.832173e+02  2.924723e+02  5.494888e+02 
 6.274732e-01  7.533405e+01  1.797234e+02  2.863907e+02  5.393754e+02 
 6.362198e-01  7.377585e+01  1.769729e+02  2.823156e+02  5.313140e+02 
 6.450884e-01  7.200860e+01  1.736879e+02  2.776619e+02  5.230600e+02 
 6.540806e-01  7.047800e+01  1.699482e+02  2.719059e+02  5.145188e+02 
 6.631981e-01  6.887827e+01  1.673369e+02  2.689643e+02  5.093129e+02 
 6.724427e-01  6.752687e+01  1.643791e+02  2.647737e+02  5.038947e+02 
 6.818162e-01  6.602791e+01  1.613626e+02  2.594354e+02  4.939442e+02 
 6.913204e-01  6.457979e+01  1.583635e+02  2.554699e+02  4.870106e+02 
 7.009570e-01  6.362374e+01  1.559619e+02  2.518567e+02  4.806361e+02 
 7.107280e-01  6.195611e+01  1.532779e+02  2.480249e+02  4.730146e+02 
 7.206351e-01  6.095493e+01  1.508741e+02  2.447370e+02  4.688408e+02 
 7.306804e-01  5.968321e+01  1.485268e+02  2.407796e+02  4.604597e+02 
 7.408657e-01  5.832399e+01  1.455524e+02  2.364563e+02  4.543956e+02 
 7.511929e-01  5.705027e+01  1.428504e+02  2.328654e+02  4.480490e+02 
 7.616642e-01  5.591067e+01  1.402361e+02  2.290759e+02  4.421444e+02 
 7.722814e-01  5.512618e+01  1.387551e+02  2.264665e+02  4.357942e+02 
 7.830465e-01  5.393430e+01  1.360359e+02  2.225514e+02  4.299100e+02 
 7.939618e-01  5.289691e+01  1.341996e+02  2.195766e+02  4.253035e+02 
 8.050292e-01  5.168566e+01  1.316683e+02  2.165058e+02  4.196391e+02 
 8.162509e-01  5.074196e+01  1.296807e+02  2.128503e+02  4.122276e+02 
 8.276289e-01  4.947450e+01  1.270420e+02  2.092882e+02  4.067511e+02 
 8.391656e-01  4.880746e+01  1.254654e+02  2.062821e+02  4.020252e+02 
 8.508632e-01  4.788168e+01  1.232970e+02  2.033841e+02  3.964792e+02 
 8.627237e-01  4.679074e+01  1.212454e+02  2.002456e+02  3.900915e+02 
 8.747496e-01  4.589947e+01  1.191350e+02  1.971848e+02  3.847380e+02 
 8.869432e-01  4.506818e+01  1.173910e+02  1.944644e+02  3.798163e+02 
 8.993067e-01  4.412179e+01  1.154731e+02  1.914512e+02  3.741665e+02 
 9.118425e-01  4.340682e+01  1.134646e+02  1.881795e+02  3.674620e+02 
 9.245531e-01  4.243318e+01  1.115411e+02  1.852057e+02  3.632762e+02 
 9.374409e-01  4.158688e+01  1.097717e+02  1.827385e+02  3.582790e+02 
 9.505083e-01  4.086480e+01  1.080084e+02  1.800243e+02  3.532188e+02 
 9.637579e-01  3.997133e+01  1.059132e+02  1.768256e+02  3.478645e+02 
 9.771921e-01  3.941051e+01  1.052132e+02  1.750976e+02  3.432327e+02 
 9.908137e-01  3.862639e+01  1.032162e+02  1.722121e+02  3.385928e+02 
 1.004625e+00  3.785113e+01  1.012955e+02  1.692275e+02  3.328530e+02 
 1.018629e+00  3.720068e+01  9.986058e+01  1.668135e+02  3.279698e+02 
 1.032828e+00  3.645361e+01  9.823128e+01  1.645559e+02  3.243241e+02 
 1.047225e+00  3.571515e+01  9.676004e+01  1.619044e+02  3.186211e+02 
 1.061823e+00  3.513480e+01  9.542686e+01  1.596555e+02  3.140340e+02 
 1.076624e+00  3.445058e+01  9.386988e+01  1.572317e+02  3.092127e+02 
 1.091632e+00  3.384261e+01  9.232656e+01  1.549121e+02  3.044753e+02 
 1.106848e+00  3.316690e+01  9.069863e+01  1.524779e+02  3.001758e+02 
 1.122277e+00  3.255196e+01  8.938049e+01  1.499516e+02  2.950679e+02 
 1.137921e+00  3.193582e+01  8.782372e+01  1.476130e+02  2.906139e+02 
 1.153783e+00  3.138800e+01  8.643876e+01  1.453476e+02  2.863849e+02 
 1.169866e+00  3.081978e+01  8.512213e+01  1.431383e+02  2.822720e+02 
 1.186174e+00  3.022887e+01  8.384121e+01  1.409448e+02  2.776010e+02 
 1.202708e+00  2.971103e+01  8.250500e+01  1.388223e+02  2.733423e+02 
 1.219473e+00  2.919150e+01  8.125940e+01  1.367877e+02  2.687502e+02 
 1.236472e+00  2.864749e+01  7.999804e+01  1.347709e+02  2.648074e+02 
 1.253708e+00  2.815111e+01  7.866892e+01  1.324518e+02  2.607273e+02 
 1.271184e+00  2.765729e+01  7.770949e+01  1.307909e+02  2.565322e+02 
 1.288904e+00  2.715595e+01  7.619692e+01  1.284354e+02  2.527014e+02 
 1.306870e+00  2.664120e+01  7.497862e+01  1.263897e+02  2.483342e+02 
 1.325087e+00  2.621135e+01  7.384981e+01  1.244620e+02  2.440814e+02 
 1.343558e+00  2.574390e+01  7.264985e+01  1.224607e+02  2.400248e+02 
 1.362287e+00  2.531590e+01  7.144563e+01  1.203397e+02  2.360114e+02 
 1.381276e+00  2.486071e+01  7.031534e+01  1.181987e+02  2.319992e+02 
 1.400531e+00  2.443572e+01  6.920029e+01  1.163768e+02  2.278346e+02 
 1.420053e+00  2.398731e+01  6.800632e+01  1.145255e+02  2.239176e+02 
 1.439848e+00  2.358109e+01  6.697551e+01  1.125431e+02  2.201483e+02 
 1.459919e+00  2.314118e+01  6.586369e+01  1.106694e+02  2.161030e+02 
 1.480269e+00  2.279088e+01  6.468940e+01  1.086992e+02  2.119832e+02 
 1.500903e+00  2.238847e+01  6.367314e+01  1.068402e+02  2.085962e+02 
 1.521825e+00  2.199404e+01  6.270873e+01  1.051416e+02  2.048441e+02 
 1.543038e+00  2.160318e+01  6.166078e+01  1.034567e+02  2.013829e+02 
 1.564548e+00  2.126360e+01  6.065715e+01  1.016549e+02  1.975740e+02 
 1.586357e+00  2.090113e+01  5.970616e+01  9.994112e+01  1.939283e+02 
 1.608469e+00  2.052182e+01  5.872152e+01  9.822837e+01  1.905748e+02 
 1.630891e+00  2.022881e+01  5.764430e+01  9.631682e+01  1.866994e+02 
 1.653624e+00  1.985518e+01  5.667332e+01  9.473592e+01  1.835200e+02 
 1.676675e+00  1.951408e+01  5.580437e+01  9.312707e+01  1.798992e+02 
 1.700047e+00  1.917508e+01  5.486560e+01  9.144254e+01  1.765302e+02 
 1.723745e+00  1.886305e+01  5.389893e+01  8.977631e+01  1.729135e+02 
 1.747773e+00  1.851886e+01  5.294340e+01  8.810078e+01  1.695349e+02 
 1.772136e+00  1.820847e+01  5.203700e+01  8.647104e+01  1.663756e+02 
 1.796838e+00  1.790619e+01  5.112017e+01  8.488794e+01  1.630485e+02 
 1.821885e+00  1.762300e+01  5.021621e+01  8.327338e+01  1.598814e+02 
 1.847281e+00  1.731595e+01  4.941313e+01  8.181165e+01  1.566975e+02 
 1.873032e+00  1.702819e+01  4.849775e+01  8.015521e+01  1.535870e+02 
 1.899141e+00  1.673364e+01  4.760142e+01  7.867571e+01  1.505322e+02 
 1.925614e+00  1.646452e+01  4.678449e+01  7.720134e+01  1.474018e+02 
 1.952456e+00  1.622921e+01  4.599918e+01  7.575885e+01  1.443854e+02 
 1.979672e+00  1.592269e+01  4.519790e+01  7.432709e+01  1.414555e+02 
 2.007267e+00  1.567500e+01  4.436806e+01  7.279821e+01  1.385814e+02 
 2.035248e+00  1.539351e+01  4.352345e+01  7.134200e+01  1.356013e+02 
 2.063618e+00  1.513142e+01  4.270039e+01  6.992116e+01  1.326930e+02 
 2.092383e+00  1.488048e+01  4.190288e+01  6.849304e+01  1.298819e+02 
 2.121550e+00  1.461954e+01  4.110075e+01  6.710838e+01  1.270542e+02 
 2.151123e+00  1.437640e+01  4.033222e+01  6.570819e+01  1.242529e+02 
 2.181109e+00  1.412785e+01  3.954042e+01  6.436874e+01  1.216126e+02 
 2.211512e+00  1.388865e+01  3.875766e+01  6.298937e+01  1.188114e+02 
 2.242340e+00  1.365415e+01  3.804239e+01  6.170084e+01  1.162350e+02 
 2.273597e+00  1.340732e+01  3.729646e+01  6.034933e+01  1.136362e+02 
 2.305289e+00  1.319451e+01  3.656176e+01  5.909846e+01  1.111273e+02 
 2.337424e+00  1.297004e+01  3.582645e+01  5.782217e+01  1.086761e+02 
 2.370006e+00  1.274397e+01  3.511649e+01  5.660309e+01  1.062682e+02 
 2.403043e+00  1.251454e+01  3.442274e+01  5.535092e+01  1.038285e+02 
 2.436540e+00  1.230999e+01  3.374691e+01  5.416564e+01  1.014671e+02 
 2.470504e+00  1.209719e+01  3.306991e+01  5.296200e+01  9.912871e+01 
 2.504942e+00  1.188911e+01  3.241367e+01  5.182265e+01  9.687666e+01 
 2.539859e+00  1.169076e+01  3.173794e+01  5.064803e+01  9.459465e+01 
 2.575263e+00  1.147591e+01  3.106758e+01  4.954989e+01  9.243315e+01 
 2.611161e+00  1.128210e+01  3.041994e+01  4.839931e+01  9.026619e+01 
 2.647559e+00  1.108322e+01  2.977390e+01  4.727321e+01  8.808485e+01 
 2.684465e+00  1.088651e+01  2.915826e+01  4.618868e+01  8.598437e+01 
 2.721885e+00  1.068488e+01  2.850708e+01  4.512390e+01  8.393021e+01 
 2.759826e+00  1.049462e+01  2.788024e+01  4.405567e+01  8.191076e+01 
 2.798297e+00  1.030388e+01  2.728191e+01  4.303370e+01  7.997598e+01 
 2.837304e+00  1.011905e+01  2.668240e+01  4.201982e+01  7.803444e+01 
 2.876854e+00  9.933758e+00  2.608990e+01  4.101901e+01  7.614920e+01 
 2.916956e+00  9.754055e+00  2.551977e+01  4.004696e+01  7.426603e+01 
 2.957617e+00  9.579390e+00  2.496043e+01  3.910774e+01  7.247193e+01 
 2.998844e+00  9.403744e+00  2.440902e+01  3.817090e+01  7.069619e+01 
 3.040646e+00  9.231467e+00  2.385763e+01  3.725113e+01  6.900979e+01 
 3.083031e+00  9.062546e+00  2.331552e+01  3.635655e+01  6.732203e+01 
 3.126007e+00  8.898631e+00  2.279766e+01  3.547896e+01  6.564266e+01 
 3.169582e+00  8.731608e+00  2.226330e+01  3.459806e+01  6.402184e+01 
 3.213764e+00  8.567801e+00  2.175159e+01  3.374853e+01  6.242997e+01 
 3.258562e+00  8.402761e+00  2.125214e+01  3.291355e+01  6.086434e+01 
 3.303985e+00  8.242066e+00  2.074436e+01  3.209163e+01  5.933397e+01 
 3.350041e+00  8.084085e+00  2.024748e+01  3.127943e+01  5.782717e+01 
 3.396739e+00  7.924948e+00  1.976721e+01  3.049912e+01  5.634375e+01 
 3.444087e+00  7.772689e+00  1.928793e+01  2.971099e+01  5.490498e+01 
 3.492096e+00  7.621045e+00  1.882819e+01  2.896697e+01  5.352341e+01 
 3.540774e+00  7.467021e+00  1.837693e+01  2.823431e+01  5.215623e+01 
 3.590130e+00  7.321499e+00  1.792760e+01  2.750884e+01  5.083345e+01 
 3.640175e+00  7.178609e+00  1.749440e+01  2.681696e+01  4.953535e+01 
 3.690917e+00  7.034071e+00  1.707515e+01  2.612335e+01  4.826663e+01 
 3.742366e+00  6.893801e+00  1.665124e+01  2.545899e+01  4.705015e+01 
 3.794533e+00  6.757698e+00  1.624929e+01  2.481043e+01  4.584551e+01 
 3.847427e+00  6.621662e+00  1.584692e+01  2.417217e+01  4.468322e+01 
 3.901058e+00  6.484781e+00  1.545780e+01  2.355324e+01  4.352849e+01 
 3.955436e+00  6.355606e+00  1.507220e+01  2.293233e+01  4.239597e+01 
 4.010573e+00  6.221883e+00  1.469340e+01  2.234143e+01  4.130571e+01 
 4.066478e+00  6.092172e+00  1.431914e+01  2.175116e+01  4.022171e+01 
 4.123163e+00  5.963131e+00  1.395901e+01  2.117814e+01  3.916520e+01 
 4.180637e+00  5.837677e+00  1.360452e+01  2.062119e+01  3.813164e+01 
 4.238913e+00  5.713155e+00  1.325345e+01  2.007213e+01  3.713338e+01 
 4.298001e+00  5.588398e+00  1.291298e+01  1.954108e+01  3.615157e+01 
 4.357913e+00  5.470870e+00  1.257964e+01  1.902440e+01  3.520645e+01 
 4.418660e+00  5.351829e+00  1.225926e+01  1.851877e+01  3.428589e+01 
 4.480254e+00  5.234761e+00  1.194202e+01  1.802842e+01  3.338549e+01 
 4.542706e+00  5.122300e+00  1.163263e+01  1.754962e+01  3.250791e+01 
 4.606029e+00  5.010169e+00  1.133550e+01  1.708823e+01  3.166365e+01 
 4.670234e+00  4.900307e+00  1.104408e+01  1.664078e+01  3.083972e+01 
 4.735335e+00  4.792907e+00  1.076067e+01  1.620110e+01  3.003131e+01 
 4.801343e+00  4.688965e+00  1.048455e+01  1.577453e+01  2.924235e+01 
 4.868271e+00  4.584725e+00  1.021205e+01  1.535506e+01  2.847198e+01 
 4.936132e+00  4.482100e+00  9.945139e+00  1.494604e+01  2.771905e+01 
 5.004939e+00  4.380834e+00  9.685416e+00  1.454636e+01  2.698237e+01 
 5.074705e+00  4.280580e+00  9.430337e+00  1.415461e+01  2.626440e+01 
 5.145444e+00  4.183452e+00  9.181700e+00  1.377448e+01  2.556500e+01 
 5.217169e+00  4.086529e+00  8.938209e+00  1.340144e+01  2.487412e+01 
 5.289893e+00  3.993262e+00  8.702454e+00  1.304420e+01  2.421293e+01 
 5.363631e+00  3.899699e+00  8.472217e+00  1.269028e+01  2.356334e+01 
 5.438397e+00  3.809610e+00  8.247389e+00  1.234934e+01  2.293111e+01 
 5.514206e+00  3.720946e+00  8.029640e+00  1.201819e+01  2.232019e+01 
 5.591071e+00  3.633424e+00  7.818274e+00  1.169561e+01  2.172544e+01 
 5.669007e+00  3.549709e+00  7.612181e+00  1.138431e+01  2.115000e+01 
 5.748030e+00  3.466919e+00  7.412818e+00  1.107993e+01  2.058626e+01 
 5.828155e+00  3.385905e+00  7.218828e+00  1.078618e+01  2.004047e+01 
 5.909396e+00  3.306848e+00  7.029706e+00  1.049977e+01  1.951100e+01 
 5.991770e+00  3.229075e+00  6.844977e+00  1.021966e+01  1.899341e+01 
 6.075292e+00  3.153075e+00  6.665738e+00  9.947720e+00  1.848650e+01 
 6.159978e+00  3.078240e+00  6.489657e+00  9.681708e+00  1.799239e+01 
 6.245845e+00  3.004720e+00  6.318110e+00  9.422114e+00  1.750886e+01 
 6.332908e+00  2.932450e+00  6.149788e+00  9.168154e+00  1.703553e+01 
 6.421186e+00  2.862055e+00  5.986524e+00  8.920524e+00  1.657487e+01 
 6.510694e+00  2.792639e+00  5.827070e+00  8.680082e+00  1.612657e+01 
 6.601449e+00  2.725291e+00  5.672337e+00  8.446055e+00  1.569012e+01 
 6.693470e+00  2.658907e+00  5.520969e+00  8.217641e+00  1.526478e+01 
 6.786773e+00  2.594340e+00  5.374463e+00  7.996155e+00  1.485234e+01 
 6.881377e+00  2.531716e+00  5.232297e+00  7.781383e+00  1.445021e+01 
 6.977300e+00  2.470362e+00  5.094510e+00  7.573898e+00  1.406108e+01 
 7.074559e+00  2.410993e+00  4.960310e+00  7.371083e+00  1.368242e+01 
 7.173175e+00  2.352691e+00  4.830381e+00  7.174846e+00  1.331559e+01 
 7.273165e+00  2.296196e+00  4.704194e+00  6.985044e+00  1.271877e+01 
 7.374549e+00  2.240878e+00  4.581147e+00  6.799228e+00  1.261224e+01 
 7.477346e+00  2.186731e+00  4.461883e+00  6.619541e+00  1.227378e+01 
 7.581576e+00  2.134070e+00  4.344618e+00  6.443054e+00  1.194315e+01 
 7.687260e+00  2.082187e+00  4.230713e+00  6.270989e+00  1.162100e+01 
 7.794416e+00  2.031522e+00  4.119348e+00  6.102524e+00  1.130519e+01 
 7.903066e+00  1.981938e+00  4.010239e+00  5.937930e+00  1.099632e+01 
 8.013230e+00  1.933467e+00  3.904596e+00  5.778916e+00  1.069629e+01 
 8.124930e+00  1.886024e+00  3.801457e+00  5.623253e+00  1.040364e+01 
 8.238187e+00  1.839942e+00  3.700842e+00  5.471461e+00  1.011893e+01 
 8.353023e+00  1.794861e+00  3.603222e+00  5.324450e+00  9.841925e+00 
 8.469460e+00  1.751082e+00  3.508524e+00  5.181605e+00  9.573010e+00 
 8.587519e+00  1.708501e+00  3.416351e+00  5.042619e+00  9.311906e+00 
 8.707225e+00  1.667070e+00  3.326771e+00  4.907997e+00  9.058486e+00 
 8.828599e+00  1.626816e+00  3.240296e+00  4.777365e+00  8.812153e+00 
 8.951665e+00  1.587300e+00  3.156262e+00  4.650509e+00  8.573726e+00 
 9.076446e+00  1.549516e+00  3.074630e+00  4.527670e+00  8.342307e+00 
 9.202967e+00  1.512419e+00  2.995228e+00  4.408238e+00  8.116693e+00 
 9.331251e+00  1.476211e+00  2.917771e+00  4.291449e+00  7.897066e+00 
 9.461324e+00  0.000000e+00  0.000000e+00  0.000000e+00  0.000000e+00 
 9.593209e+00  0.000000e+00  0.000000e+00  0.000000e+00  0.000000e+00 
 9.726934e+00  0.000000e+00  0.000000e+00  0.000000e+00  0.000000e+00 
 9.862522e+00  0.000000e+00  0.000000e+00  0.000000e+00  0.000000e+00 
 1.000000e+01  0.000000e+00  0.000000e+00  0.000000e+00  0.000000e+00 
