0.01 5070.9415374129185 9362.479965369186 12920.002902899281 21328.293439188426
0.01013939 5100.838239373271 9415.497254349551 12987.267793062127 21410.068946913496
0.01028073 5130.390617170414 9467.911994657683 13053.76142860234 21490.94049820703
0.01042404 5159.557877922371 9519.655559701288 13119.42099847095 21570.680499008162
0.01056935 5188.330886486323 9570.725233225787 13184.246378007847 21649.153819302308
0.01071668 5216.71887146996 9621.11926865576 13248.205952067345 21726.53336215726
0.01086606 5244.710616542946 9670.796764922381 13311.278458217344 21802.79661767677
0.01101753 5272.265283380889 9719.708582137058 13373.400827182382 21877.76163633176
0.01117111 5299.363467965284 9767.813805289075 13434.499575119467 21951.303826210224
0.01132683 5325.984733227207 9815.07870459916 13494.522068670976 22023.230958270506
0.01148472 5352.119857571999 9861.477754557936 13553.38442520535 22093.58866821212
0.01164481 5377.753480231827 9906.950465762446 13611.023602878322 22162.331443200386
0.01180713 5402.84981616297 9951.471286514501 13667.428520555583 22229.357190680978
0.01197171 5427.398584076826 9995.007450636824 13722.59835968322 22294.541424067153
0.01213859 5451.376222142612 10037.523094083277 13776.480241024354 22357.827200910084
0.0123078 5474.769360293954 10078.986446170084 13828.969362241822 22419.258207501716
0.01247936 5497.559512671633 10119.368799973427 13879.971364565847 22478.73191285776
0.01265332 5519.725119413116 10158.620903362586 13929.47488284901 22536.011853913584
0.0128297 5541.242567363782 10196.687344434647 13977.468438663298 22590.940526032122
0.01300854 5562.083129488163 10233.541442738739 14023.888647733966 22643.52790505521
0.01318987 5582.228268106048 10269.13495671233 14068.734246341717 22693.839056418903
0.01337373 5601.652290311204 10303.420667566992 14111.869287370911 22741.78273313227
0.01356015 5620.336630656018 10336.369814658356 14153.209662929772 22787.034777695826
0.01374917 5638.288212973295 10367.981313843222 14192.691965940327 22829.593638083068
0.01394083 5655.471099995667 10398.19253192117 14230.335489814075 22869.41310372356
0.01413516 5671.845260072373 10426.920335488163 14266.128385266851 22906.413661465165
0.01433219 5687.389009301667 10454.163619722936 14299.986390124375 22940.5379148707
0.01453198 5702.1030916272075 10479.880255163303 14331.814928945363 22971.695328166563
0.01473454 5715.96885325073 10504.028109232273 14361.509125748857 22999.641259615037
0.01493993 5728.937019923558 10526.534299038249 14389.036403974646 23024.384939893724
0.01514819 5741.099086088333 10547.623151188487 14414.735680961312 23046.341956314714
0.01535935 5752.384325539053 10567.119254613292 14438.346985938702 23065.245138760532
0.01557345 5762.737296084187 10584.888227333666 14459.61056289806 23080.7843716284
0.01579053 5772.130082829401 10600.90842059163 14478.524666440833 23092.902629163484
0.01601064 5780.541895037596 10615.12744211478 14495.046237399449 23101.422500131517
0.01623382 5787.936619249606 10627.513391114784 14509.1528039474 23106.112398297875
0.01646012 5794.2924069875435 10638.00362939755 14520.770321321552 23106.992730755137
0.01668956 5799.598615715237 10646.56625402615 14529.835050774893 23104.127314982627
0.0169222 5803.835401481156 10653.179602756825 14536.272945234889 23097.405092021527
0.01715809 5806.985962910157 10657.791278351815 14540.051157314098 23086.606310923427
0.01739726 5809.025315174673 10660.38985673707 14541.157405978192 23071.762266486934
0.01763977 5809.950906799695 10660.943423057488 14539.538185229678 23052.871399301108
0.01788566 5809.736693965244 10659.409817524243 14535.129684836162 23029.93206291098
0.01813498 5808.368860288697 10655.746878941358 14527.909263101801 23002.725346482854
0.01838777 5805.816215825022 10649.922686824731 14517.782211594433 22970.96787244488
0.01864409 5802.059797332551 10641.915560476402 14504.715576889757 22934.626467715036
0.01890397 5797.101039955193 10631.703816136045 14488.70725191436 22893.906346004333
0.01916748 5790.922983962078 10619.235039851272 14469.703659815761 22848.903784636455
0.01943467 5783.508648400918 10604.50802669621 14447.692363184087 22799.433475125974
0.01970558 5774.8492006534425 10587.521568626757 14422.630046092696 22745.213342009938
0.01998026 5764.921490505344 10568.212999562717 14394.49395264654 22686.178154417055
0.02025878 5753.727878832336 10546.591347362008 14363.220178974785 22622.532725378023
0.02054117 5741.254367020904 10522.614423381458 14328.816797128575 22554.29789765234
0.02082751 5727.492043166742 10496.28100586676 14291.250729435787 22481.3435348146
0.02111783 5712.431975836939 10467.600113482169 14250.53001194225 22403.5290852641
0.0214122 5696.161262793352 10436.642224087003 14206.734620372725 22320.983545876665
0.02171068 5679.143079220745 10404.082201699692 14160.59208897534 22234.3090431189
0.02201331 5660.816729123318 10369.140332800245 14111.246858926961 22142.815829004187
0.02232016 5641.172190411752 10331.794898500779 14058.676093322732 22046.43922213759
0.0226313 5620.241332101168 10292.08564227682 14002.959724125343 21945.243609452136
0.02294676 5598.0120614003245 10250.042064966354 13944.064608986248 21839.282520182383
0.02326663 5574.469197978234 10205.56457626043 13881.937048693619 21728.566482360875
0.02359095 5549.633329665348 10158.702132443934 13816.636384973654 21613.17037014676
0.0239198 5523.516857907688 10109.540580978262 13748.21166838528 21493.201078868526
0.02425323 5496.131153345874 10058.069461570482 13676.711939006067 21368.55111417319
0.0245913 5467.47939535323 10004.290606172139 13602.104021748359 21239.263122667537
0.02493409 5437.578051760894 9948.216092057522 13524.426670770305 21105.40110096767
0.02528166 5406.436424051315 9889.878492619231 13443.70835962639 20967.018263269558
0.02563407 5374.076086486288 9829.32063406248 13360.018661672555 20824.253260318896
0.0259914 5340.524754012794 9766.601748354524 13273.416872859038 20677.148369265273
0.02635371 5305.789674332464 9701.732903642584 13183.952014112187 20525.852601311086
0.02672106 5269.896516335117 9634.760020854013 13091.673108774832 20370.386664231068
0.02709354 5232.882216189578 9565.736206060952 12996.670288241636 20210.909942095583
0.02747121 5194.789866087701 9494.74225711301 12899.01313967707 20047.570903969252
0.02785414 5155.579621418154 9421.75031515543 12798.689047907334 19880.379256403216
0.02824241 5115.004709891713 9346.376729403752 12695.284608678803 19708.89736199791
0.0286361 5073.425686730626 9269.205709251044 12589.486012491428 19533.902176231844
0.02903527 5030.900037794516 9190.30991817309 12481.373169698178 19355.594619904772
0.02944 4987.480155423149 9109.792807446605 12371.087675940978 19174.154039021923
0.02985038 4943.203087976935 9027.721964343677 12258.709488622115 18989.759525067253
0.03026648 4898.10795493931 8944.177307331502 12144.38026040336 18802.56866394403
0.03068838 4852.233899394167 8859.236731215908 12028.231401794372 18612.73883472746
0.03111616 4805.638544311341 8772.999701572438 11910.34296382595 18420.50155487969
0.0315499 4758.385702159682 8685.570849703428 11790.846428848436 18226.05617757563
0.03198969 4710.535125028368 8597.061002048584 11669.893884356688 18029.623021784366
0.03243561 4662.1363485945485 8507.581027707478 11547.688876157441 17831.443338125013
0.03288774 4613.251255250062 8417.230552395067 11424.363044300624 17631.758069393778
0.03334618 4563.940745983256 8326.129768345187 11300.048083014914 17430.776060616943
0.03381101 4514.262688427296 8234.369154897056 11174.834609984935 17228.727105338654
0.03428231 4464.273968359654 8142.075156815304 11048.926415902239 17025.83013836525
0.03476019 4413.967873517165 8049.508741959245 10923.010763683431 16824.17798055414
0.03524473 4363.484510626271 7956.645595161326 10796.72601521772 16622.251259986562
0.03573602 4312.901447951738 7863.615405733587 10670.255635528792 16420.21519337034
0.03623416 4262.28501714649 7770.532521671467 10543.742028717603 16218.361781999909
0.03673925 4211.693386782113 7677.5298294008835 10417.348253571949 16016.92984941472
0.03725137 4161.206347688856 7584.744385973635 10291.26832445563 15816.179133199845
0.03777064 4110.884232543095 7492.276341892893 10165.636675844426 15616.358558825677
0.03829714 4060.7935911098903 7400.241307484935 10040.645456139337 15417.706266512438
0.03883098 4011.0113060955396 7308.770360272722 9916.42825777098 15220.481319711933
0.03937226 3961.59479208275 7217.982316117311 9793.160963758082 15024.932010106175
0.03992109 3912.600485727023 7128.012490389965 9671.018536048841 14831.264220089604
0.04047757 3864.088985909475 7038.924345059054 9550.02985689598 14639.5148744385
0.04104181 3815.932754660219 6949.955243661503 9428.60632719302 14445.448765414547
0.04161391 3768.3950259154603 6862.135514768449 9308.77923986017 14254.041864834928
0.04219398 3721.535530621986 6775.565784427654 9190.676614861784 14065.488819766731
0.04278214 3675.4078766162797 6690.336456855862 9074.439962796878 13880.015815881767
0.0433785 3630.0646882340207 6606.54518404118 8960.161459558936 13697.775170506591
0.04398317 3585.530848154979 6524.274252775707 8847.9622144853 13518.898109254602
0.04459628 3541.862143963437 6443.615251463914 8737.949014886433 13343.568523501997
0.04521792 3499.1020547886314 6364.636172138365 8630.256566866316 13171.928144990876
0.04584824 3457.279682506767 6287.404021311357 8524.948578932102 13004.11871226944
0.04648734 3416.4293047119704 6211.951911572227 8422.06822353308 12840.197777648467
0.04713535 3376.7067475121557 6139.286920865353 8323.790483708508 12685.778894727884
0.04779239 3338.076358021004 6069.069115427065 8229.293479316284 12538.65435137778
0.04845859 3300.4612677038563 6000.723932512928 8137.358003739234 12395.493189798744
0.04913407 3263.87008440509 5934.266076894658 8047.990392777942 12256.364074925013
0.04981898 3228.3134887429333 5869.692783793407 7961.175369915162 12121.251649446915
0.05051342 3193.78156358355 5806.9827819799075 7876.890471846259 11990.1617357419
0.05121755 3160.259239744473 5746.112749012294 7795.110168888492 11863.016215565316
0.0519315 3127.719077025925 5687.050106604549 7715.802766199776 11739.726661157798
0.0526554 3096.135688848698 5629.740666771269 7638.867450908842 11620.162820603628
0.05338938 3065.232112830405 5573.2131966722845 7562.523186248591 11500.297547925471
0.0541336 3034.9199585001343 5517.239321981158 7486.349451520839 11379.1942336336
0.0548882 3005.4624626221175 5462.8238227839565 7412.307160879047 11261.461370317458
0.05565331 2976.8042950041045 5409.882633612725 7340.273740559013 11146.927385890927
0.05642908 2948.8075857358367 5358.1628282657575 7269.917980201437 11035.043001054877
0.05721568 2921.3395673998607 5307.389792306814 7200.84550401263 10925.217368170102
0.05801323 2894.470671384944 5257.716171666218 7133.273244429106 10817.815091034412
0.0588219 2868.447810527639 5209.603611027024 7067.827401457033 10713.735831535667
0.05964185 2843.4302921473054 5163.673537046257 7005.701842141083 10615.757024468141
0.06047322 2819.189442971823 5120.054228002546 6947.6612774901905 10526.728359309018
0.06131619 2794.685233694534 5075.96626121499 6888.949508357695 10436.814001637706
0.0621709 2769.818644551462 5031.21907557009 6829.337324786291 10345.603659695202
0.06303753 2744.6971049449717 4986.007360657665 6769.097863148787 10253.56605068826
0.06391624 2719.4281028257715 4940.539277089498 6708.526154590644 10161.085773810315
0.0648072 2693.9684325569992 4894.721183936076 6647.502702689071 10068.004090560511
0.06571058 2668.135485178456 4848.234812002454 6585.566603168224 9973.623363050518
0.06662655 2640.5496985479103 4796.66578604084 6514.672405923486 9859.83909511479
0.06755528 2612.23541177775 4743.7334961757815 6441.852572879667 9743.102425393301
0.06849697 2583.147270240334 4689.403925607145 6367.142043014515 9623.65516574927
0.06945178 2553.1934428733043 4633.527638917287 6290.341868283293 9501.19598367511
0.0704199 2522.2924214446743 4575.94693904288 6211.239526132721 9375.42875226552
0.07140151 2490.366826606776 4516.528849534817 6129.6523935560235 9246.043665155987
0.07239681 2457.5882741690198 4455.83826599559 6046.664204846227 9115.738835264207
0.07340598 2423.9579604254363 4393.911384960397 5962.379627018129 8984.899886105364
0.07442922 2389.127834715137 4329.829743728933 5875.171424957076 8849.784239392424
0.07546673 2353.074254903401 4263.540741798402 5784.973671888739 8710.313408716633
0.07651869 2315.802526586836 4195.064987710719 5691.80330452026 8566.510412839549
0.07758532 2277.3272735665155 4124.438573135635 5595.7073353068345 8418.433743964662
0.07866682 2238.548917369767 4054.4571577087804 5501.641937886466 8276.551050400674
0.07976339 2200.0580079856472 3986.9084706753597 5412.776140828638 8147.4943342439965
0.08087525 2160.482227996203 3917.33690115078 5321.1157886111605 8014.193232115149
0.08200261 2119.9272258565 3845.934327399621 5226.901999032879 7876.9963968665015
0.08314568 2078.520386578232 3772.9401156626436 5130.441404979884 7736.319426101899
0.08430468 2036.399461231395 3698.5988378282796 5032.056413614767 7592.6375546091085
0.08547985 1992.9453926861877 3620.562731431712 4927.3984391539325 7436.588979036343
0.08667139 1948.7673580397443 3540.5976762506193 4819.530792550551 7274.3818448842
0.08787954 1904.4219164381466 3460.3203523634306 4711.207459315236 7111.5100667841925
0.08910453 1860.114138856628 3380.1086453628186 4602.911860494123 6948.709655456973
0.0903466 1816.0449851688445 3300.330191079992 4495.155786160211 6786.742959314425
0.09160598 1773.1683233923814 3223.7436074547695 4392.673763511383 6635.035621181577
0.09288292 1731.6087322351573 3150.4343596675967 4295.477743701338 6493.341464970259
0.09417766 1690.8681553268345 3078.526032060493 4200.087214446029 6354.230709319431
0.09549045 1651.1455615308362 3008.4051085278516 4107.024618221055 6218.474202136711
0.09682153 1612.6223545488474 2940.4024214173537 4016.7389839575235 6086.772879868825
0.09817117 1575.807870559338 2875.9461522943066 3931.6637734925157 5964.009203397892
0.09953962 1540.644630427467 2814.5850318423045 3850.8951780806547 5848.040680500699
0.1009272 1507.1361664779379 2756.1526074907924 3774.0195243985327 5737.809887203404
0.102334 1475.3842845272568 2700.850974123079 3701.3320708732945 5633.7550824412365
0.1037605 1444.8203516433766 2646.848182007938 3629.5962275331035 5529.23853278982
0.1052069 1413.70639901322 2588.7945837102648 3549.455451336541 5405.459772210973
0.1066734 1384.6034699404363 2534.456278097981 3474.3830721961544 5289.514349569907
0.1081604 1357.4799159959766 2483.775342579431 3404.3338843693514 5181.274024663358
0.1096681 1332.2771733187835 2436.6442867975597 3339.1825285903624 5080.500548210005
0.1111968 1309.150895330138 2393.6632122704805 3279.8206200377936 4988.226079116857
0.1127468 1287.7558399087109 2353.879763013949 3224.8321570689736 4902.655036123028
0.1143184 1267.9247156354722 2316.963244004332 3173.7842314821505 4823.095769379546
0.115912 1249.4653505061985 2282.5673691360053 3126.1894835615562 4748.845920329158
0.1175277 1232.9619203865084 2252.596492618103 3085.3427682695105 4686.403835438624
0.119166 1217.4500136300362 2224.5086328658726 3047.1103438332475 4628.089795877322
0.1208271 1202.6130783078431 2197.6450449913323 3010.5412239282623 4572.288679067376
0.1225114 1188.1168681333165 2171.3890817591328 2974.7890057345094 4517.802633877381
0.1242191 1173.282211215672 2144.2046765614823 2937.6680797121703 4461.653272171983
0.1259506 1158.3140935686904 2116.768799518794 2900.191256315854 4404.973119365125
0.1277063 1142.947357905667 2088.6128846759902 2861.6982378959237 4346.7670334981685
0.1294865 1127.2160715343505 2059.9207166403453 2822.414851012238 4286.956250027373
0.1312915 1110.9502299424312 2030.399253291088 2781.9536160695857 4224.86219985993
0.1331216 1093.6451329769636 1998.9730613487086 2738.8978319952216 4158.829127494349
0.1349772 1075.1916281945403 1965.494164716953 2693.0810753302594 4088.7564263311715
0.1368587 1056.701066924711 1933.9707358073038 2652.239273631353 4033.1448577612036
0.1387665 1036.89664940014 1899.9866350477203 2607.9460878613745 3972.163221396965
0.1407008 1015.8175089274256 1863.602407857569 2560.291299334902 3905.872972024895
0.1426621 994.4901090510332 1827.0996553490932 2512.3584287394065 3837.76998617494
0.1446507 972.3990819842354 1789.2402245215853 2462.433775443502 3766.11817110661
0.1466671 949.4341549400486 1749.6716711889121 2410.0551319638025 3690.5709671441873
0.1487115 923.9115344385216 1703.5558264786484 2347.4589442366228 3597.5892284029633
0.1507845 896.8295424256467 1653.3388294635424 2278.4062257285377 3493.506451077503
0.1528864 869.8509249867342 1603.336535565755 2209.586912863315 3389.7810267884115
0.1550175 845.3733608192153 1560.17436780493 2151.930600801062 3306.649580969668
0.1571784 823.0092624995888 1522.364950404572 2102.8489476430923 3238.855595013718
0.1593694 801.4939209831035 1485.9488894074352 2055.5313498199016 3173.4844213291744
0.1615909 781.6996216838425 1453.026533794808 2013.1354148917037 3115.6086144992946
0.1638434 763.480206873237 1423.0674795219782 1974.7933539316093 3063.715649028958
0.1661273 746.7110534247795 1395.6447079310622 1939.812547296722 3016.748972061898
0.168443 728.0946368945608 1361.7754317611946 1893.8116240064767 2949.4385561912595
0.170791 710.7842754302308 1329.9584086786292 1850.4099023970418 2885.515679930751
0.1731717 695.638292472012 1302.5262210329108 1813.1948899859378 2831.151537950139
0.1755856 684.0400730503397 1283.1862892630734 1787.880268651613 2795.2037395849266
0.1780332 673.7702584904065 1266.2898582956673 1765.9386496913173 2764.388605752642
0.1805149 662.6491347502332 1245.3378641531406 1736.2070446257985 2717.005012198991
0.1830312 651.2117911293757 1222.34410479461 1702.3694626714089 2660.621391679443
0.1855825 640.4204955139479 1200.8546972326903 1670.955049725244 2608.830557539677
0.1881694 630.3003498475128 1182.2062746545912 1645.4373877600199 2571.0850099933077
0.1907924 620.0989870517341 1163.4186681899967 1619.7110779119641 2532.985548989265
0.193452 608.9052845528068 1142.4169642509416 1590.858479354002 2490.9171085251896
0.1961486 596.9059226117254 1119.7932170319643 1559.7296339884497 2445.558991336344
0.1988828 585.4715459419826 1099.1283521174778 1531.681013904767 2404.883071214536
0.2016551 575.118554236829 1081.766370799756 1508.7498321855746 2372.0276110288464
0.2044661 563.6476300946205 1062.020818864871 1482.266691360755 2333.192542044765
0.2073162 550.393090169598 1037.4394216346373 1447.8552389057945 2279.927749974533
0.2102061 536.4125563813797 1011.4758536684294 1411.514751731283 2223.653112426255
0.2131362 526.2244294259327 997.4940420949295 1395.4134868052085 2204.1743646219907
0.2161073 515.8535164873173 983.2436940849932 1379.003318360261 2184.2324965308635
0.2191197 502.2461331894754 960.3945170323451 1349.642418835032 2145.4902924014687
0.2221741 488.20763987935345 936.0799732437255 1317.9155992189703 2103.084955218131
0.2252711 475.3337528327266 914.4800432921536 1290.263473919356 2066.5522837037083
0.2284112 463.4657471370616 894.8720567524799 1265.407985040819 2034.0412587282804
0.2315951 452.9873159902575 876.8732988598915 1241.1078012725156 1997.1385417453082
0.2348235 443.73074158048547 860.8222409071519 1218.9431951752829 1961.80487169468
0.2380968 433.1563687765618 840.5972981153554 1190.3408018543757 1917.3725574610567
0.2414157 423.0153355278225 820.7991488088422 1162.2028901759923 1873.948825093432
0.2447809 413.0970224485179 801.7564822613524 1135.617107631911 1833.1406347809434
0.248193 403.930253991774 784.262876155235 1111.2797592772445 1795.8803483259178
0.2516527 398.645420848877 775.6996774183574 1099.622470145936 1777.7640709362413
0.2551606 392.4921551933639 764.9477159896534 1084.7975015197626 1755.1475802517891
0.2587174 383.0926658889548 746.3344282571865 1058.6530342907852 1716.2649612400926
0.2623238 375.30176261164445 732.1569003653756 1039.3495556645148 1688.320615289819
0.2659804 369.11356465867806 722.5180017271854 1027.079285687467 1671.6081827495393
0.2696881 360.63518265247916 707.419599685017 1006.7295653823599 1641.1818561636585
0.2734474 351.25483181517586 690.3047428596099 983.4585981491078 1605.9414472201324
0.2772591 344.18000781767796 679.3492601284545 970.1094733580449 1589.9161286759
0.2811239 336.3842615102043 666.2925323334157 953.6158946694618 1570.0221537891662
0.2850426 327.917918169567 651.0230213918451 933.8077594047517 1546.5629605341676
0.289016 320.09788816050224 638.1599013094161 917.2762859553683 1523.0821494210813
0.2930447 312.67132587858407 625.6943700190446 900.5251097713592 1496.7453538173586
0.2971296 305.5844844487723 612.0866631432259 879.958636712277 1460.6536541492515
0.3012714 299.0771883631442 601.0135793231981 865.1154071739203 1438.2038392526672
0.305471 292.7500029652641 590.5871162892373 851.9390967801004 1420.424205085801
0.3097291 285.3939077280369 577.1911592931673 834.242763915302 1396.3108877960685
0.3140465 278.94356555270144 564.2781025937597 815.3907418885392 1364.6726709786917
0.3184242 273.42338457634753 553.3887616865981 799.4009071707533 1337.5239597487434
0.3228628 269.2203267972321 546.8159086883368 791.241138326353 1328.022855209998
0.3273634 263.14601664803575 534.7798883830526 773.8478766754089 1299.8677794363641
0.3319266 256.8743699705722 522.8448810329065 757.3656093806192 1275.1287751386792
0.3365535 250.88566475902306 512.5143023658075 744.2655639937612 1258.2714282071481
0.3412449 246.74655073979224 507.49899176959434 738.5361609558477 1249.2844360152012
0.3460016 242.03078096300732 500.1743647309415 729.1617189153122 1236.0915809084568
0.3508247 237.24731789973345 491.90850467001155 718.14146872685 1220.0258686413563
0.355715 232.48316110203425 483.239136407539 706.3876621817822 1202.1686719534823
0.3606735 226.91994796103543 473.4368570823013 693.3984407843656 1183.4540563475998
0.3657011 220.22667684820595 460.87572122718404 676.1618748347737 1159.0540805421822
0.3707988 214.89385751835306 450.7670666662954 662.3040264433102 1138.1588015457783
0.3759675 210.1189322197311 441.7603225506495 649.9013668821793 1119.3626552675137
0.3812083 205.28484310971712 433.0999977347851 638.1576688171417 1102.0268414419168
0.3865221 201.251903144853 427.14448885321434 631.1051797587047 1090.0188397853215
0.39191 197.35710048497816 418.29075595041235 617.4955767563465 1071.1058167010767
0.397373 192.842530016915 411.0688383255788 608.7178840245729 1057.4262423629777
0.4029122 189.29137675513812 405.817008590932 601.5674926618475 1043.9539874679692
0.4085286 185.67572866725288 398.16075652893886 590.5666072602647 1028.0760880514124
0.4142232 181.14152999998566 388.9598227058758 578.4054560452831 1013.0866567198613
0.4199973 176.60983142729665 381.21933116733305 568.6476621614783 998.8062405028564
0.4258518 172.93976208546394 374.47582180464906 559.0169288312057 981.6832833545259
0.431788 169.0210067040954 366.8398741242568 547.67254924875 964.0149511822646
0.4378069 165.6333083148367 360.2447449175523 538.3550072588147 948.4378013653002
0.4439097 162.8087345593254 355.9169295468704 533.143621381272 943.7419773431924
0.4500975 158.44828847991394 347.7926520006217 522.004072692194 926.7803305635513
0.4563716 154.871592990711 340.5437055019615 511.49234259963885 907.5262451420097
0.4627332 152.57689444260095 337.545755963257 508.44270128170524 905.1622113983478
0.4691835 148.85330217769567 330.15069393897534 497.71805713096444 886.5453319259692
0.4757236 146.1437119503156 325.0268268254806 490.911570038591 876.4441657509199
0.4823549 142.408825969446 317.3431475384318 480.1174264151772 862.1071381590447
0.4890787 139.44144151390165 311.582321022686 472.25981166837295 849.3410552636208
0.4958962 137.16008975518363 307.2496096813572 465.52458202048086 836.5873517735425
0.5028087 134.0879875691379 301.9131276006719 458.2824158991854 825.9040173460133
0.5098176 131.606806546345 297.40629627496935 451.72282140877104 812.4269141745792
0.5169242 129.38297904397467 293.2852406945527 446.22711138239293 805.1574717970054
0.5241298 125.23522635230344 286.0606981125622 437.3074338233328 794.304371019099
0.5314359 123.08208860377862 282.7412906535194 432.82031979237456 786.9844396324607
0.5388438 120.61795095101733 277.27090029986994 424.59938649579783 774.2436586346937
0.546355 118.54229320539497 273.16323718742836 418.421650486831 763.7277462690012
0.5539709 115.44684140448548 267.7023300827453 411.50352390862673 752.5519471159182
0.561693 113.4317742498664 263.7684737263584 405.84255405128715 743.6731234982689
0.5695227 111.18320963475092 260.0785251204609 401.3561777709011 734.0215540756341
0.5774615 108.71720218845256 254.27780792257474 392.74427350185096 721.6025129814375
0.585511 106.79772329763664 250.6546118405113 387.01305853495177 711.7435135092448
0.5936727 104.42327746542306 245.09185585458897 379.42820947325663 700.3110893123242
0.6019482 102.70953478245649 242.59264834085883 375.257682369521 692.3146034658031
0.610339 100.3299692351601 238.45495023106125 369.819523432999 682.4728023379342
0.6188468 98.12796395871845 234.6866783447073 366.52616696001564 680.0549859856164
0.6274732 96.57384779839079 230.729838983171 359.6368981071552 668.5659597045202
0.6362198 94.66669638666224 227.275624464217 354.33068834835615 657.8885228502917
0.6450884 92.48868110025573 223.33050232988754 348.98299984079125 648.7152181986446
0.6540806 90.64514556499775 218.80891448579197 342.0718137122249 638.5094097730092
0.6631981 88.69192549521422 215.77334386723842 338.8661006684585 632.3665516963542
0.6724427 87.0816370702636 212.14012724609998 333.755744120221 626.250254090575
0.6818162 85.27360805543148 208.59104691860253 327.34102048702357 614.0356977434437
0.6913204 83.50518761430241 204.92328454678295 322.6704020727332 605.9071800507631
0.700957 82.37863947167669 202.094494890275 318.4861002794688 598.3150200840086
0.710728 80.32147309499925 198.72941502800217 313.7204169195201 589.0542726736819
0.7206351 79.1480611714762 195.90925583041698 309.83750646267885 584.1574541790418
0.7306804 77.57207799790532 193.00516995592932 305.1159682589925 574.2136993868986
0.7408657 75.91911423357539 189.37129661045768 299.7836251508336 566.4345151503268
0.7511929 74.3549062867046 186.0492274636381 295.4412520143506 558.9894928060847
0.7616642 72.98088864921434 182.86268483251735 290.9239706494394 551.7341520758605
0.7722814 72.03757244606292 181.0415511800491 287.6527615664019 543.7221557241113
0.7830465 70.58666001265333 177.72901715372836 283.00711552453413 536.4963266769747
0.7939618 69.29584361454262 175.45354403699807 279.3565283792482 531.409991294296
0.8050292 67.83771600624372 172.30893992617058 275.5434638241748 524.2314300120472
0.8162509 66.70447661905106 169.89834267396876 270.9800222523716 515.0117638022599
0.8276289 65.13557025673978 166.64606550189615 266.7586869783473 508.47256005469546
0.8391656 64.37586440521294 164.87863241015305 263.2813369153979 503.18180795697003
0.8508632 63.274633737574625 162.0660383546821 259.58179862241195 496.21375723578
0.8627237 61.92704034503894 159.62543708272497 255.8310048396656 488.30701090115105
0.8747496 60.84847481304781 157.06941443596068 252.11517821922325 481.96758053245804
0.8869432 59.83389774035426 154.8488636123757 248.6636975841923 475.37612757046526
0.8993067 58.69751739590513 152.46525634173963 244.94286821359458 468.64805222625034
0.9118425 57.81036194720655 149.99402300747423 240.9371345714529 460.3828175621416
0.9245531 56.59836355571439 147.47561120978008 237.09289459495574 454.99260847925405
0.9374409 55.58539571010253 145.30358826903063 234.05122819092702 448.8829554654358
0.9505083 54.69820649510765 143.12374115993578 230.7168375904871 442.2187594884461
0.9637579 53.588609868373155 140.4078962859945 226.6261262745263 435.923710932482
0.9771921 52.92721681393296 139.63044224430027 224.45543707389496 429.85000216094596
0.9908137 51.949126470396855 137.12363476019777 220.94030260906592 424.4067569216858
1.004625 51.0231346706011 134.66501106607612 217.0454084437837 416.7770676017585
1.018629 50.19584166909343 132.8367245521094 214.07309279181345 410.71776074545625
1.032828 49.30323772852976 130.82943555557995 211.23704374793726 406.4932797523601
1.047225 48.40194993811079 129.05664560361814 207.91460277321343 399.4273876523224
1.061823 47.68511281999963 127.349058333969 205.05426119278886 393.32773689112116
1.076624 46.85360783641523 125.35336866823378 201.91791219526195 387.3481286401123
1.091632 46.091783864926846 123.42240890972218 199.068727069687 381.331850272654
1.106848 45.257373589966996 121.35196109527128 195.9829152454986 375.88632205316856
1.122277 44.49607028873359 119.70114318349852 192.85902176345164 369.7516025658436
1.137921 43.73112053903464 117.70800151061447 189.88411805444179 364.01355202403977
1.153783 43.0778195039869 115.91698716214788 186.92743457294182 358.6952583473213
1.169866 42.3237639387437 114.20747668838565 183.98936679291845 353.2499672426951
1.186174 41.589309896214594 112.56390013360645 181.2823858301746 347.61639301370985
1.202708 40.95211360769984 110.82889407207445 178.5036207120932 341.88657021310337
1.219473 40.28652953003213 109.20815645868082 175.85107741236766 336.17321852805713
1.236472 39.60622215871802 107.56882076690135 173.24233254334618 330.9720219421076
1.253708 38.97982665682183 105.87836389781454 170.4394882084564 326.0474195025977
1.271184 38.34948175278966 104.66284305060306 168.23321849498052 320.5490253665327
1.288904 37.72809477171036 102.70273293653261 165.18797915759265 315.8497412836326
1.30687 37.07406053908787 101.1392927428545 162.62650610139292 310.5091650209676
1.325087 36.53953616217604 99.6677091672979 160.0859750943557 305.0082078696628
1.343558 35.94884340150893 98.12634205997018 157.4735881579912 299.93503781349034
1.362287 35.41473181071096 96.56751281950064 154.7682125153351 294.9366178485871
1.381276 34.82483325585341 95.07735098079831 152.08771742798913 289.9971536053632
1.400531 34.28519188825165 93.59227010155224 149.68457596629693 284.57652409403516
1.420053 33.69978324076134 92.04702645202067 147.3013171006956 279.6057338536215
1.439848 33.172492136930806 90.68043194202957 144.6854578867714 274.781744178607
1.459919 32.59156987852041 89.1777268612906 142.22666382544423 269.6030081253695
1.480269 32.141447574351155 87.63148988286245 139.74676996293573 264.4174799381594
1.500903 31.60555086942202 86.24798150550808 137.26048121886973 260.1584016602966
1.521825 31.0852956728277 84.97976279465378 135.0630288187089 255.24613554533585
1.543038 30.566039756408443 83.55924619327455 132.80456737814433 250.77611199246957
1.564548 30.126581857731427 82.18903493540304 130.42530405854293 246.0109405712687
1.586357 29.651299183496665 80.95923151122732 128.2109151066023 241.35424153589506
1.608469 29.15467046759354 79.66511211486758 126.00217442550115 237.0854545454982
1.630891 28.787477532583292 78.22500168287036 123.59896446181479 232.39443254034018
1.653624 28.282504183082086 76.92089753849702 121.5217199168994 228.2872356699555
1.676675 27.83053005635594 75.7929675447729 119.43398661527839 223.73346340479688
1.700047 27.37305625741239 74.49478574532874 117.20149398136857 219.42046612163446
1.723745 26.94335068442797 73.20216782884535 115.02902402605574 214.86720237638662
1.747773 26.486995306570158 71.90452951297881 112.84805674248354 210.67859573412653
1.772136 26.05923312803241 70.64091330891247 110.6969023857752 206.62501637990295
1.796838 25.65023562789773 69.4040143279183 108.65982666259369 202.39806696933752
1.821885 25.251504168142937 68.17095050394117 106.52899788227418 198.305068896733
1.847281 24.847135949717117 67.08021371847988 104.58303790817607 194.2821449534159
1.873032 24.4420610084454 65.80446786654997 102.38331327482788 190.3636759939432
1.899141 24.02868830298013 64.57945071604232 100.46481404047091 186.44376429234214
1.925614 23.651648100721122 63.45145793159317 98.53835292158857 182.5028250676047
1.952456 23.32977044316083 62.35983898529137 96.62069854190914 178.66967054784655
1.979672 22.900274856630897 61.26813077144192 94.74719756633647 174.96154100118218
2.007267 22.565090476918744 60.131581714166074 92.7132170340508 171.36064573138958
2.035248 22.16087625967835 58.98010197705842 90.85778318580975 167.66948262914485
2.063618 21.802293944389078 57.854924700610205 89.07229307681536 164.04044705494152
2.092383 21.45047173269892 56.786090231507956 87.21628866227323 160.5503412692465
2.12155 21.084401329594172 55.67233902974298 85.40785897864134 156.92400424171024
2.151123 20.740559372293564 54.59854869729875 83.58629004483664 153.42810198023696
2.181109 20.389065956346975 53.5283356152703 81.85113972814955 150.12329517329994
2.211512 20.04467819391197 52.43985828384422 80.05081528185818 146.57575164474966
2.24234 19.707034737900354 51.439296765553465 78.3449981240647 143.33314134316012
2.273597 19.350463644679834 50.389156168197296 76.57302225587584 140.0911329654839
2.305289 19.045641962604485 49.377253685308986 74.9405473985504 136.92052682221737
2.337424 18.709796749384473 48.35374741307675 73.27802403415748 133.78962972088337
2.370006 18.38714666586817 47.37035161396873 71.69498143309902 130.79122266863624
2.403043 18.05745557060674 46.400408773646035 70.06899420499498 127.73255980255423
2.43654 17.75705398645347 45.454417758802215 68.52260251514274 124.76798054648368
2.470504 17.44800624247577 44.532345668195966 66.9687078416208 121.88001236684111
2.504942 17.14500078634721 43.620661432483466 65.48167545528716 119.04820662919008
2.539859 16.855615393982013 42.69385022582534 63.988283745272724 116.25581615260685
2.575263 16.545662260739086 41.778166578668504 62.5762113564298 113.55733729448244
2.611161 16.262720098979127 40.87530165853933 61.094832815167536 110.85888740559386
2.647559 15.96926766243788 39.98245026801749 59.650734501345994 108.17411743387417
2.684465 15.685970293537894 39.1353891392228 58.24182169541712 105.54914952309181
2.721885 15.385524637580001 38.23760183564435 56.87423772462163 102.97705889859878
2.759826 15.104134414202642 37.35777205141892 55.504182544223724 100.47832092838156
2.798297 14.8218847134455 36.548389418655574 54.18187657278205 98.05577244698169
2.837304 14.5469177613372 35.711376329461444 52.87241381058039 95.61453331846567
2.876854 14.272255129499971 34.887374714348894 51.58583036755778 93.26792655096402
2.916956 14.005667384909348 34.10097460207357 50.33375372314332 90.95057901372326
2.957617 13.747611891789838 33.325802247699336 49.12563893098232 88.70885492696772
2.998844 13.485461220082769 32.56492511692365 47.92087828172111 86.50591337825877
3.040646 13.23105136846953 31.806112145599577 46.76136938464791 84.413773913751
3.083031 12.98008143897128 31.071376100433643 45.61761251841988 82.31799464173318
3.126007 12.739121059801384 30.35008239578882 44.499484065274785 80.27020904302536
3.169582 12.491365326342931 29.62951593641785 43.39394436469464 78.27562551185095
3.213764 12.250134572380132 28.933692897695014 42.315156933976475 76.32122450541019
3.258562 12.006268739231743 28.252695942591338 41.258765757046916 74.39493867680797
3.303985 11.76852079692613 27.561243157403176 40.22078607552718 72.51287497541621
3.350041 11.53723640572757 26.88481731253794 39.182014204409185 70.652644989816
3.396739 11.29876750472087 26.22948364173401 38.19243708542641 68.82712253985933
3.444087 11.071830888118015 25.57497618357353 37.203582982828706 67.05883989786028
3.492096 10.847585636721421 24.949237418384982 36.250113836333576 65.34302445808785
3.540774 10.621331273196706 24.335766196007633 35.32687259954878 63.6666563025397
3.59013 10.403660184437644 23.72252823855753 34.40719610336904 62.02824959271517
3.640175 10.19375064188794 23.13340455108757 33.52959504402326 60.41776712609532
3.690917 9.978609303711272 22.567645757280527 32.65985701359047 58.87153799941538
3.742366 9.770029011459282 21.993088357474235 31.81837927337928 57.37471393024772
3.794533 9.570964504922237 21.451467772292222 31.000536201008735 55.89726343007812
3.847427 9.370863664579442 20.90841174556122 30.203792287732323 54.47216038967851
3.901058 9.171242758714207 20.388896918747996 29.429963816369686 53.0713747011153
3.955436 8.981209583421602 19.873796661871584 28.6615218827141 51.70312272884451
4.010573 8.789099308110673 19.369670215613347 27.92180348260578 50.36922050206368
4.066478 8.599317545794714 18.872051152423545 27.18948376954429 49.053706154719876
4.123163 8.410476687477589 18.39065834840047 26.47291610351782 47.76629169016807
4.180637 8.228048079632368 17.91641250590893 25.775259190365713 46.50462656296723
4.238913 8.045385460716185 17.448380360315948 25.088952022688066 45.28675656542744
4.298001 7.863404187834353 16.99491086400404 24.426018503472257 44.087826706210045
4.357913 7.692884191906185 16.5509064649662 23.784940252484848 42.933930060353646
4.41866 7.518776720744757 16.123434749473976 23.14871978384199 41.80733603260887
4.480254 7.350040998355509 15.700804157318963 22.53697996027343 40.704680405442254
4.542706 7.185956095447417 15.289904133547648 21.938103545517745 39.62967040861151
4.606029 7.0247815188400144 14.896460698245662 21.362103581823156 38.59812876768394
4.670234 6.866390217201309 14.508929137907206 20.802465129690013 37.590883355083264
4.735335 6.71247374155575 14.133827564009215 20.254403767960792 36.60798211347279
4.801343 6.56276954925797 13.770865096565922 19.725619226739198 35.64933149390992
4.868271 6.414424825642919 13.414623245792994 19.208710138478065 34.71852335379498
4.936132 6.268709146682069 13.065971950102544 18.703950707594316 33.81129088566224
5.004939 6.125168990406989 12.726668328263463 18.21140334988406 32.92355946673196
5.074705 5.983181076141853 12.39196090795362 17.726457241814547 32.0529532672077
5.145444 5.844254170323054 12.066585886128605 17.257579659629666 31.204905850421092
5.217169 5.707190072042151 11.74753241365049 16.793653927301023 30.371226817988852
5.289893 5.574651548118714 11.43804113591019 16.348730099472366 29.563466209289857
5.363631 5.44185518140161 11.135888335212417 15.908069996623171 28.775943468397777
5.438397 5.314383364409329 10.84114417568877 15.484015464426472 28.005256252242404
5.514206 5.188847945404705 10.555341808366414 15.071464141898302 27.2589136083587
5.591071 5.065351429002452 10.278451039825388 14.669979831590181 26.535461142962234
5.669007 4.947073784469901 10.008051070986545 14.28126848223752 25.832028148809865
5.74803 4.83052124905573 9.747393620210925 13.902242959550794 25.14576082949376
5.828155 4.717122462033665 9.493289544535555 13.53616917975505 24.48054458526137
5.909396 4.606301600921279 9.246861442191156 13.180213216795238 23.83748092080343
5.99177 4.498090478577653 9.006454456493238 12.832705328033393 23.211922029770204
6.075292 4.392851439800646 8.774200770738014 12.496470002514537 22.60000839812418
6.159978 4.289139945507309 8.546897335451668 12.169808002220789 22.005344488915085
6.245845 4.187573037077302 8.324264641046872 11.84961784047474 21.421973582542833
6.332908 4.0873076708097225 8.106088476029413 11.53403967434761 20.84966673212585
6.421186 3.9899069009576396 7.893580059673242 11.226855026448828 20.29172857738837
6.510694 3.8935371106051817 7.6857418565826245 10.928144910379109 19.748443305296743
6.601449 3.7999007546925037 7.483962761725289 10.636696628591636 19.218215587091535
6.69347 3.7078808694226546 7.286195708705135 10.35165789986814 18.700606202567265
6.786773 3.6182491885832277 7.094840318029105 10.075111636075686 18.198276531828874
6.881377 3.531390919639537 6.909234843496745 9.806333443707667 17.70754820602415
6.9773 3.4466529981497604 6.728722969318052 9.546834158286234 17.233305848698826
7.074559 3.364144296211304 6.553044381247946 9.292568044212457 16.771625520701985
7.173175 3.2835394893695664 6.3830088839337975 9.047663697726612 16.324094811900586
7.273165 3.2055216266577937 6.218094057760016 8.810235820879388 15.889344760099304
7.374549 3.1295033922513578 6.057957341469639 8.578230382568195 15.467802948184133
7.477346 3.055095214627371 5.902553229250345 8.354652507312935 15.057885538628721
7.581576 2.983092485162617 5.750771484376391 8.135990408564801 14.659209864853306
7.68726 2.912400344848551 5.603269781897302 7.922962216011784 14.270720883503245
7.794416 2.843167549140933 5.458678206840263 7.713878972663801 13.89004861982117
7.903066 2.7753030112833463 5.316857256104543 7.50979057057533 13.516973710209482
8.01323 2.7086488096328307 5.179205648910949 7.3117024090161244 13.153790482145203
8.12493 2.6434308213005497 5.044210685558534 7.117492484808026 12.798092585165882
8.238187 2.5798547280769992 4.912498159723502 6.927456059600087 12.452282877775426
8.353023 2.51771701679614 4.7845040618601296 6.7432812099863355 12.115202885793062
8.46946 2.4573405727895574 4.660068963931192 6.564079494410146 11.787326832233866
8.587519 2.398416048280386 4.538980910350698 6.389934267644148 11.468951222345845
8.707225 2.341108984995538 4.421198674219982 6.220811378437102 11.16029392296597
8.828599 2.285509900245893 4.307409072934489 6.056872884555438 10.859537558472816
8.951665 2.231375997499633 4.196800923305747 5.897584712437213 10.568858332806712
9.076446 2.1788260448244 4.089506299376236 5.743634838611974 10.286904865450452
9.202967 2.127716660907691 3.985292824988346 5.594220948803114 10.012939490817386
9.331251 2.0779128091185224 3.8839489386879236 5.448753018216643 9.747035495763262
9.461324 0.0 0.0 0.0 0.0
9.593209 0.0 0.0 0.0 0.0
9.726934 0.0 0.0 0.0 0.0
9.862522 0.0 0.0 0.0 0.0
10.0 0.0 0.0 0.0 0.0