0.010000 5478.797864 9975.068338 13236.001792 17773.982792
0.010139 5505.823902 10022.484673 13299.971478 17881.496674
0.010281 5532.193457 10068.641076 13362.376348 17986.622033
0.010424 5557.899369 10113.522482 13423.193452 18089.306851
0.010569 5582.949710 10157.145446 13482.394342 18189.710521
0.010717 5607.371657 10199.587227 13539.983442 18288.029332
0.010866 5631.235003 10240.985319 13596.122969 18384.504761
0.011018 5654.520393 10281.282081 13650.804791 18478.985520
0.011171 5677.183293 10320.440523 13703.975583 18571.302115
0.011327 5699.196229 10358.443927 13755.594253 18661.546558
0.011485 5720.584046 10395.315045 13805.708403 18749.879736
0.011645 5741.325674 10431.047184 13854.319046 18836.302920
0.011807 5761.419872 10465.643070 13901.341736 18920.709287
0.011972 5780.859647 10499.094954 13946.817562 19003.111396
0.012139 5799.671414 10531.442924 13990.825913 19083.614663
0.012308 5817.768865 10562.588969 14033.215049 19161.994854
0.012479 5835.106851 10592.414097 14073.784305 19238.092617
0.012653 5851.706677 10620.973189 14112.609782 19312.095263
0.012830 5867.572681 10648.270058 14149.726866 19383.964502
0.013009 5882.710738 10674.325547 14185.196935 19453.629435
0.013190 5897.209365 10699.303967 14219.298611 19521.366069
0.013374 5911.031101 10723.142466 14251.923341 19587.135504
0.013560 5924.086847 10745.648599 14282.690454 19650.653267
0.013749 5936.364876 10766.811961 14311.627313 19711.857661
0.013941 5947.854347 10786.599390 14338.833445 19770.662530
0.014135 5958.546154 10804.993875 14364.279188 19826.992758
0.014332 5968.422049 10821.965323 14387.824828 19880.775609
0.014532 5977.471166 10837.470608 14409.402596 19931.940972
0.014735 5985.667433 10851.463383 14428.959221 19980.377131
0.014940 5992.983196 10863.855273 14446.456054 20025.984374
0.015148 5999.411662 10874.662033 14461.907596 20068.773640
0.015359 6004.927756 10883.828568 14475.247638 20108.617322
0.015573 6009.504747 10891.277845 14486.329528 20145.356269
0.015791 6013.126990 10896.989049 14495.127782 20178.934466
0.016011 6015.797823 10900.929766 14501.661903 20209.337356
0.016234 6017.455498 10903.007647 14505.776305 20236.341024
0.016460 6018.025108 10903.070722 14507.284487 20259.637261
0.016690 6017.477448 10901.063550 14506.103823 20279.058677
0.016922 6015.791019 10896.959476 14502.179416 20294.553041
0.017158 6012.948293 10890.702573 14495.436650 20306.058052
0.017397 6008.912395 10882.266447 14485.829700 20313.501712
0.017640 6003.686088 10871.596140 14473.351688 20316.802678
0.017886 5997.216935 10858.647419 14457.910273 20315.870581
0.018135 5989.450399 10843.318842 14439.337571 20310.515490
0.018388 5980.357519 10825.559233 14417.573170 20300.647669
0.018644 5969.930257 10805.367976 14392.606953 20286.132839
0.018904 5958.127743 10782.687934 14364.392876 20266.719161
0.019167 5944.940248 10757.493372 14332.878053 20242.429470
0.019435 5930.347173 10729.780336 14298.060735 20213.371308
0.019706 5914.306392 10699.469131 14259.817115 20179.426252
0.019980 5896.811360 10666.589769 14218.151788 20140.450316
0.020259 5877.873586 10631.125818 14173.140145 20096.319845
0.020541 5857.469666 10593.053373 14124.677674 20046.876602
0.020828 5835.546227 10552.331190 14072.701457 19992.102614
0.021118 5812.116328 10508.978698 14017.257630 19932.019749
0.021412 5787.293979 10463.124726 13958.510996 19866.754644
0.021711 5761.570661 10415.544725 13897.218127 19796.964639
0.022013 5734.347484 10365.354942 13832.506147 19721.851005
0.022320 5705.628956 10312.552066 13764.343599 19641.327705
0.022631 5675.419045 10257.192538 13692.787428 19555.404160
0.022947 5643.741763 10199.304381 13617.895699 19464.111463
0.023267 5610.626300 10138.926057 13539.717515 19367.502434
0.023591 5576.079335 10076.086688 13458.263574 19265.577161
0.023920 5540.126249 10010.805833 13373.602484 19158.375802
0.024253 5502.790306 9943.122602 13285.763660 19045.950689
0.024591 5464.088575 9873.075919 13194.785327 18928.300860
0.024934 5424.053428 9800.743442 13100.762632 18805.549282
0.025282 5382.730430 9726.188625 13003.779628 18677.821638
0.025634 5340.163410 9649.456661 12903.918699 18545.218035
0.025991 5296.388414 9570.600760 12801.250673 18407.831425
0.026354 5251.453248 9489.729975 12695.854058 18265.784915
0.026721 5205.399623 9406.882987 12587.795560 18119.184724
0.027094 5158.259096 9322.139525 12477.178552 17968.148106
0.027471 5110.071652 9235.530361 12364.075186 17812.840844
0.027854 5060.841308 9147.074449 12248.477837 17653.298276
0.028242 5010.371671 9056.482509 12130.085304 17489.358563
0.028636 4959.040406 8964.317203 12009.527114 17321.680778
0.029035 4906.899591 8870.674635 11886.916636 17150.454336
0.029440 4853.996529 8775.639198 11762.385336 16975.850549
0.029850 4800.393394 8679.310047 11636.024675 16798.069706
0.030266 4746.148500 8581.784535 11507.954432 16617.312661
0.030688 4691.325149 8483.162200 11378.323045 16433.828084
0.031116 4636.002463 8383.583999 11247.268980 16247.893578
0.031550 4580.245873 8283.135503 11114.921002 16059.739826
0.031990 4524.105187 8181.914510 10981.398447 15869.540878
0.032436 4467.639233 8080.019397 10846.830990 15677.575341
0.032888 4410.913946 7977.602111 10711.417483 15484.074651
0.033346 4354.008344 7874.789934 10575.318960 15289.327467
0.033811 4296.987046 7771.701247 10438.688091 15093.613225
0.034282 4239.929882 7668.448560 10301.688907 14897.202081
0.034760 4182.787269 7565.269914 10164.936694 14702.030762
0.035245 4125.744545 7462.180168 10028.140243 14506.714659
0.035736 4068.866696 7359.319874 9891.508421 14311.467180
0.036234 4012.221502 7256.811347 9755.176957 14116.568495
0.036739 3955.868790 7154.768530 9619.329669 13922.308436
0.037251 3899.883180 7053.317651 9484.131996 13728.938752
0.037771 3844.326591 6952.581601 9349.737781 13536.692096
0.038297 3789.278854 6852.698613 9216.353801 13345.858375
0.038831 3734.807246 6753.810544 9084.160397 13156.698822
0.039372 3680.966539 6656.033480 8953.331873 12969.455462
0.039921 3627.826646 6559.474422 8824.044151 12784.408428
0.040478 3575.446049 6464.201869 8696.374662 12601.627234
0.041042 3523.719026 6369.524872 8568.857923 12417.448251
0.041614 3472.870514 6276.407919 8443.392579 12236.225689
0.042194 3422.941592 6184.963892 8320.133543 12058.143349
0.042782 3373.988587 6095.273011 8199.219569 11883.413431
0.043379 3326.067292 6007.424000 8080.779864 11712.238240
0.043983 3279.219147 5921.508165 7964.939748 11544.791006
0.044596 3233.485032 5837.609552 7851.814551 11381.225436
0.045218 3188.893400 5755.799993 7741.502553 11221.656533
0.045848 3145.475055 5676.134168 7634.094611 11066.198939
0.046487 3103.258187 5598.651521 7529.669100 10914.966966
0.047135 3062.377832 5524.296883 7430.241327 10772.805052
0.047792 3022.799664 5452.727830 7335.037026 10637.794742
0.048459 2984.454107 5383.412218 7242.875129 10507.036677
0.049134 2947.340865 5316.358479 7153.757558 10380.557272
0.049819 2911.455907 5251.548824 7067.680256 10258.315552
0.050513 2876.787499 5188.973504 6984.619467 10140.299175
0.051218 2843.319136 5128.604301 6904.535678 10026.428469
0.051931 2811.014729 5070.383711 6827.358962 9916.575654
0.052655 2779.838309 5014.238627 6752.976300 9810.593688
0.053389 2749.518377 4959.263638 6679.730400 9704.974335
0.054134 2719.977800 4905.241115 6607.235280 9598.906875
0.054888 2691.440149 4853.062478 6537.238434 9496.313556
0.055653 2663.806621 4802.574023 6469.496446 9396.851967
0.056429 2636.941973 4753.552348 6403.679168 9300.070361
0.057216 2610.789788 4705.900986 6339.641223 9205.779335
0.058013 2585.456143 4659.790119 6277.622918 9114.325435
0.058822 2561.022299 4615.354071 6217.809404 9025.961122
0.059642 2537.420578 4572.754839 6160.711855 8942.215577
0.060473 2514.573286 4532.356110 6107.342860 8865.987961
0.061316 2491.680785 4491.947979 6053.876373 8789.526572
0.062171 2468.579582 4451.214438 5999.885044 8712.244253
0.063038 2445.279196 4410.195425 5945.405921 8634.200095
0.063916 2421.812401 4368.924900 5890.496663 8555.486883
0.064807 2398.129877 4327.316431 5835.030841 8475.932711
0.065711 2374.065792 4285.074220 5778.617641 8394.975541
0.066627 2348.319567 4238.067107 5713.819121 8296.693566
0.067555 2321.833725 4189.729365 5647.098502 8195.484643
0.068497 2294.548527 4139.997081 5578.436542 8091.504431
0.069452 2266.368397 4088.684944 5507.597592 7984.439750
0.070420 2237.199330 4035.629038 5434.354856 7873.982249
0.071402 2206.955809 3980.667377 5358.517789 7759.858035
0.072397 2175.800725 3924.367579 5281.152196 7644.571743
0.073406 2143.722584 3866.740288 5202.359118 7528.470432
0.074429 2110.379402 3806.857677 5120.526000 7408.075073
0.075467 2075.738776 3744.656915 5035.593359 7283.323312
0.076519 2039.812461 3680.145426 4947.587804 7154.251790
0.077585 2002.621071 3613.355152 4856.576999 7020.949125
0.078667 1964.988842 3546.803500 4767.001240 6892.400671
0.079763 1927.457747 3482.118664 4681.679527 6774.265528
0.080875 1888.797190 3415.341253 4593.525994 6652.018455
0.082003 1849.120869 3346.660868 4502.805709 6526.029025
0.083146 1808.560502 3276.279846 4409.840494 6396.725971
0.084305 1767.268801 3204.471130 4314.994248 6264.627673
0.085480 1724.774051 3129.349131 4214.720529 6122.254577
0.086671 1681.626547 3052.498892 4111.710993 5974.833134
0.087880 1638.349093 2975.353066 4008.381512 5826.997404
0.089105 1595.151782 2898.293478 3905.256630 5679.491668
0.090347 1552.251784 2821.710846 3802.864792 5533.073365
0.091606 1510.550641 2748.175690 3705.526340 5396.054612
0.092883 1470.179472 2677.820589 3613.298129 5268.241880
0.094178 1430.701218 2608.967145 3523.106107 5143.236045
0.095490 1392.325981 2541.991362 3435.460398 5021.781500
0.096822 1355.251801 2477.258495 3350.822962 4904.587498
0.098171 1319.974864 2416.128309 3271.439206 4795.949160
0.099540 1286.426250 2358.186034 3196.514350 4693.989955
0.100927 1254.608202 2303.275892 3125.721805 4597.811835
0.102334 1224.626884 2251.615408 3059.301969 4507.867386
0.103761 1195.987828 2201.624376 2994.452731 4418.714241
0.105207 1167.185072 2148.648054 2923.193596 4314.749062
0.106673 1140.442193 2099.440408 2857.152615 4218.454651
0.108160 1115.718502 2053.957344 2796.226785 4129.701839
0.109668 1092.942008 2012.069564 2740.222346 4048.243614
0.111197 1072.155608 1974.030243 2689.563106 3974.341746
0.112747 1053.082810 1939.129816 2643.246302 3906.867147
0.114318 1035.539704 1907.061357 2600.834459 3845.166872
0.115912 1019.337208 1877.457746 2561.837366 3788.506886
0.117528 1004.856112 1851.589210 2528.458147 3740.951378
0.119166 991.287160 1827.437001 2497.501685 3697.087022
0.120827 978.316567 1804.373440 2468.065067 3655.519477
0.122511 965.621045 1781.765736 2439.272194 3614.926468
0.124219 952.500165 1757.976273 2408.727222 3571.817895
0.125951 939.162963 1733.778659 2377.669757 3527.945882
0.127706 925.349055 1708.688109 2345.416894 3482.322771
0.129487 911.072346 1682.865854 2312.168373 3434.947203
0.131292 896.166977 1656.020267 2277.516306 3385.130130
0.133122 880.173277 1627.132565 2240.097438 3331.141559
0.134977 862.996309 1596.065201 2199.733648 3272.856088
0.136859 845.564538 1566.197373 2162.903463 3225.334724
0.138766 826.825259 1533.830139 2122.509401 3172.370738
0.140701 806.845700 1499.058574 2078.711882 3114.084856
0.142662 786.612818 1464.212531 2034.832539 3054.780792
0.144651 765.657946 1428.077556 1988.983247 2992.142741
0.146667 743.921248 1390.335705 1940.713240 2925.621249
0.148711 720.120005 1347.170780 1883.779101 2844.439952
0.150784 695.125824 1300.764890 1821.490051 2754.026610
0.152886 670.368497 1254.767681 1759.604710 2664.007470
0.155018 647.825140 1214.697065 1707.328149 2591.268707
0.157178 627.192960 1179.349488 1662.495024 2531.467287
0.159369 607.507028 1145.583591 1619.631201 2474.125999
0.161591 589.502581 1115.179437 1581.396531 2423.522829
0.163843 573.073122 1087.726612 1547.163238 2378.633873
0.166127 558.113437 1062.875757 1516.378930 2338.593330
0.168443 542.090267 1033.601726 1477.492408 2283.501466
0.170791 527.427771 1006.581650 1441.432323 2232.259489
0.173172 514.744281 983.556054 1411.045897 2189.435784
0.175586 504.980712 967.128143 1390.410794 2161.181887
0.178033 496.479545 953.062256 1373.029407 2137.849868
0.180515 487.467759 936.062545 1349.600280 2101.612434
0.183031 478.319314 917.661511 1323.027050 2058.441004
0.185583 469.725336 900.524075 1298.409492 2018.828051
0.188169 461.559565 885.266211 1277.759667 1988.675215
0.190792 453.305248 869.855442 1256.791177 1958.032607
0.193452 444.252399 852.714367 1233.255590 1924.262073
0.196149 434.491300 834.151543 1207.571237 1887.394839
0.198883 424.998965 816.747239 1183.695761 1853.091220
0.201655 416.116900 801.427732 1163.074913 1823.516680
0.204466 406.290634 784.083383 1139.266240 1788.691363
0.207316 395.156604 763.170333 1109.334762 1742.962348
0.210206 383.411729 741.051480 1077.545609 1694.273105
0.213136 374.434452 727.978955 1061.660200 1674.750093
0.216107 365.348702 714.689869 1045.385124 1654.621361
0.219120 354.120488 695.403048 1019.532116 1620.432437
0.222174 342.755656 675.312405 992.146344 1583.742197
0.225271 332.476375 657.758532 968.656618 1553.057022
0.228411 323.192378 642.173117 947.956533 1526.506407
0.231595 315.078792 628.018154 927.942854 1497.070260
0.234823 308.048903 615.639222 909.971629 1469.483309
0.238097 300.372326 600.714851 887.690911 1435.632558
0.241416 293.243477 586.533560 866.305207 1403.330044
0.244781 286.396582 573.046715 846.153158 1372.799171
0.248193 280.218207 560.911227 827.951816 1345.304416
0.251653 276.733630 554.951635 818.671111 1331.084783
0.255161 272.633666 547.367908 806.884047 1313.248785
0.258717 266.096444 533.728863 785.992012 1282.095417
0.262324 260.685740 523.264120 770.120248 1258.974992
0.265980 256.365844 515.982075 759.296486 1243.922758
0.269688 250.344651 504.584731 742.192612 1218.282619
0.273447 243.634364 491.611622 722.727510 1188.742606
0.277259 238.537216 483.090502 710.676577 1173.629354
0.281124 232.982308 473.199659 696.471459 1155.764868
0.285043 227.098555 462.070972 680.304278 1135.832484
0.289016 221.719981 452.764430 666.789890 1116.822295
0.293045 216.716257 443.922553 653.369645 1096.124250
0.297130 212.073224 434.497698 637.462865 1068.410379
0.301271 208.021107 427.240731 626.268704 1051.921813
0.305471 204.236268 420.684195 616.588010 1039.295261
0.309729 199.773796 411.949543 603.373251 1020.959314
0.314047 195.925873 403.618866 589.561701 997.910280
0.318424 192.700835 396.639101 577.695279 977.987525
0.322863 190.299237 392.349673 570.772377 969.533205
0.327363 186.589704 384.251041 557.348422 947.570727
0.331927 182.665733 376.081803 544.419500 927.788324
0.336554 178.831204 368.860011 533.688736 913.331911
0.341245 176.270251 365.538965 528.461396 904.879574
0.346002 173.301057 360.557051 520.674401 893.747962
0.350825 170.304477 354.991356 511.868154 880.601596
0.355715 167.344891 349.254462 502.749085 866.282325
0.360673 163.823868 342.781810 493.014760 852.280234
0.365701 159.575215 334.443476 480.407006 834.188274
0.370799 156.287550 327.861358 470.254838 818.676392
0.375968 153.387832 322.062559 461.162402 804.587391
0.381208 150.471747 316.623242 452.751471 791.808160
0.386522 148.145887 313.324508 448.072051 783.760927
0.391910 145.708972 307.214185 437.690237 768.904113
0.397373 142.822705 302.380322 430.858150 757.592766
0.402912 140.547321 298.924085 425.170033 746.497912
0.408529 138.208904 293.750499 416.952616 734.161052
0.414223 135.184398 287.478599 408.056756 722.565319
0.419997 132.142573 282.290036 400.943472 711.575377
0.425852 129.732004 277.886819 394.104373 699.032196
0.431788 127.135911 272.882449 386.188238 686.105613
0.437807 124.897282 268.474473 379.432161 674.177766
0.443910 123.104378 265.953362 376.017392 670.643916
0.450097 120.136502 260.548419 368.428948 658.735848
0.456372 117.693867 255.584073 361.003993 644.546052
0.462733 116.220992 253.956777 359.142115 642.722544
0.469183 113.570734 248.831338 351.729947 629.378316
0.475724 111.721821 245.396070 346.916122 621.242504
0.482355 109.037247 240.070425 339.487675 610.439534
0.489079 106.902087 236.092081 334.172467 601.284783
0.495896 105.307531 233.222284 329.667214 591.941752
0.502809 103.104871 229.672324 325.032728 584.402735
0.509818 101.362653 226.716697 320.902723 575.151393
0.516924 99.772679 223.958456 317.391142 569.829681
0.524130 96.698371 218.892628 311.649888 562.234842
0.531436 95.173631 216.892653 309.202880 557.352328
0.538844 93.339405 212.855018 303.595333 548.012770
0.546355 91.796031 210.020604 299.755212 540.642046
0.553971 89.440529 205.999686 295.240794 532.827055
0.561693 87.949059 203.260468 291.857598 526.983593
0.569523 86.296815 200.714048 289.303469 520.463671
0.577461 84.440262 196.465028 283.678251 511.718840
0.585511 83.015558 193.965892 280.445677 505.310142
0.593673 81.198683 189.778867 275.408299 497.074511
0.601948 79.897798 187.899577 272.978557 491.632454
0.610339 78.074508 184.813240 269.782706 485.217634
0.618847 76.406699 182.021949 268.046597 484.044392
0.627473 75.191387 178.855413 263.400149 475.798518
0.636220 73.719215 176.313938 260.521012 469.309696
0.645088 72.043095 173.223511 257.117549 462.767562
0.654081 70.605542 169.647453 252.611689 455.841348
0.663198 69.074010 167.117793 250.718836 451.948733
0.672443 67.799683 164.230876 247.543645 447.848828
0.681816 66.364333 161.317521 243.361657 439.612922
0.691320 64.978241 158.330680 240.390978 434.176437
0.700957 64.098538 155.963351 237.740272 429.184863
0.710728 62.471034 153.246263 234.834309 423.087792
0.720635 61.540220 150.821749 232.370278 420.092623
0.730680 60.315058 148.460797 229.335831 413.314494
0.740866 59.011081 145.437576 225.812850 408.510009
0.751193 57.787899 142.659541 222.984085 403.609280
0.761664 56.706150 139.969049 219.907069 398.907595
0.772281 55.963735 138.424766 217.969762 393.919607
0.783046 54.820335 135.622740 214.695285 389.322585
0.793962 53.815054 133.697042 212.310598 385.770056
0.805029 52.642054 131.024156 209.747428 381.283484
0.816251 51.727301 128.944060 206.611384 375.082957
0.827629 50.481807 126.180447 203.500429 370.713164
0.839166 49.843702 124.522942 200.894749 366.963261
0.850863 48.949299 122.204751 198.359250 362.481977
0.862724 47.864369 120.045648 195.550673 357.127649
0.874750 46.991747 117.808528 192.761127 352.806644
0.886943 46.167430 115.936341 190.263278 348.742922
0.899307 45.223848 113.898068 187.474924 344.034201
0.911843 44.516830 111.776650 184.380122 338.320073
0.924553 43.530637 109.729141 181.516135 334.816274
0.937441 42.677222 107.835691 179.147366 330.714060
0.950508 41.943189 105.948899 176.507993 326.310491
0.963758 41.029518 103.742704 173.338448 321.816744
0.977192 40.441831 102.934885 171.645250 317.826186
0.990814 39.629228 100.824169 168.740284 313.898596
1.004625 38.828166 98.787353 165.718319 308.847193
1.018629 38.139373 97.239364 163.268312 304.590924
1.032828 37.352454 95.495232 160.925949 301.514522
1.047225 36.568912 93.926983 158.197053 296.508952
1.061823 35.940334 92.488627 155.853291 292.493424
1.076624 35.208852 90.833357 153.324161 288.309587
1.091632 34.557647 89.196782 150.941208 284.129514
1.106848 33.826112 87.483910 148.376190 280.359086
1.122277 33.155790 86.097624 145.756210 275.899155
1.137921 32.483300 84.457831 143.298001 271.969131
1.153783 31.885800 83.007292 140.937713 268.289018
1.169866 31.262031 81.634480 138.602159 264.711027
1.186174 30.616837 80.301544 136.330872 260.628248
1.202708 30.044548 78.906260 134.118650 256.886930
1.219473 29.472786 77.613786 132.019028 252.812516
1.236472 28.878395 76.313193 129.925799 249.363616
1.253708 28.331569 74.973834 127.557145 245.754510
1.271184 27.790547 73.980829 125.844740 242.092562
1.288904 27.245607 72.464052 123.447696 238.756748
1.306870 26.692600 71.244688 121.381085 234.906710
1.325087 26.224782 70.118953 119.454121 231.121652
1.343558 25.725070 68.936587 117.455204 227.599055
1.362287 25.266864 67.769873 115.373415 224.029382
1.381276 24.781373 66.691617 113.294262 220.509979
1.400531 24.337712 65.619903 111.533709 216.824992
1.420053 23.872635 64.478308 109.768178 213.365366
1.439848 23.452280 63.529023 107.870442 210.080687
1.459919 23.004873 62.493724 106.126254 206.512867
1.480269 22.652095 61.414006 104.289861 202.854587
1.500903 22.248323 60.499020 102.577776 199.960415
1.521825 21.854354 59.631026 101.052759 196.589495
1.543038 21.469875 58.690976 99.528559 193.600428
1.564548 21.140519 57.801715 97.919557 190.249211
1.586357 20.790667 56.978692 96.406096 187.030205
1.608469 20.425866 56.125181 94.902301 184.099730
1.630891 20.152966 55.187180 93.231746 180.654419
1.653624 19.796323 54.345332 91.877684 177.875205
1.676675 19.475540 53.622664 90.513746 174.670790
1.700047 19.159159 52.825232 89.087943 171.711414
1.723745 18.874717 52.003878 87.690521 168.499724
1.747773 18.554666 51.196792 86.284462 165.524851
1.772136 18.268551 50.441464 84.919120 162.744354
1.796838 17.993667 49.669803 83.614301 159.792180
1.821885 17.740054 48.917250 82.273481 156.983485
1.847281 17.457250 48.256522 81.091935 154.172943
1.873032 17.194429 47.493947 79.697114 151.430839
1.899141 16.926624 46.732772 78.497520 148.693691
1.925614 16.681834 46.049971 77.301809 145.881121
1.952456 16.471713 45.398809 76.129272 143.180258
1.979672 16.184232 44.733772 74.949176 140.562894
2.007267 15.958740 44.030131 73.657825 138.007217
2.035248 15.695397 43.304941 72.454765 135.305234
2.063618 15.452411 42.598009 71.277021 132.671799
2.092383 15.221179 41.920216 70.072026 130.117745
2.121550 14.974654 41.225413 68.911779 127.562936
2.151123 14.746563 40.566947 67.721679 125.002166
2.181109 14.510653 39.872733 66.583734 122.601589
2.211512 14.285000 39.188981 65.390835 120.030628
2.242340 14.059820 38.568483 64.284061 117.677037
2.273597 13.821033 37.914075 63.098185 115.297023
2.305289 13.616921 37.263156 62.003553 112.991993
2.337424 13.398259 36.609743 60.863938 110.734171
2.370006 13.176943 35.978808 59.781169 108.519528
2.403043 12.950063 35.358810 58.649971 106.254957
2.436540 12.747061 34.752938 57.571482 104.055223
2.470504 12.534280 34.138861 56.458479 101.872967
2.504942 12.323856 33.539417 55.394461 99.760371
2.539859 12.121499 32.914431 54.287035 97.603558
2.575263 11.900614 32.289135 53.241671 95.568043
2.611161 11.699419 31.689150 52.125617 93.513327
2.647559 11.492306 31.083191 51.033085 91.438925
2.684465 11.286987 30.505653 49.968298 89.438877
2.721885 11.074156 29.883682 48.914806 87.473772
2.759826 10.873072 29.284354 47.848983 85.542836
2.798297 10.668910 28.712906 46.813013 83.686623
2.837304 10.470251 28.131518 45.784884 81.813258
2.876854 10.270185 27.553921 44.760115 79.994491
2.916956 10.074916 26.995757 43.756937 78.165354
2.957617 9.883021 26.443306 42.780110 76.412239
2.998844 9.689099 25.893920 41.794931 74.673975
3.040646 9.496964 25.339435 40.817647 73.019248
3.083031 9.307081 24.787783 39.860626 71.344570
3.126007 9.120725 24.257045 38.915166 69.679962
3.169582 8.930268 23.704487 37.957853 68.057152
3.213764 8.742342 23.170742 37.030397 66.460699
3.258562 8.553182 22.647321 36.114298 64.883685
3.303985 8.368352 22.110668 35.209066 63.336715
3.350041 8.186741 21.582997 34.310789 61.811193
3.396739 8.003606 21.068738 33.446661 60.303060
3.444087 7.827183 20.555917 32.571379 58.836603
3.492096 7.652778 20.060271 31.741701 57.423279
3.540774 7.476049 19.570818 30.925573 56.023902
3.590130 7.308170 19.082751 30.114699 54.664887
3.640175 7.143452 18.608473 29.341146 53.326431
3.690917 6.977583 18.149727 28.561406 52.013777
3.742366 6.816699 17.681509 27.817839 50.750812
3.794533 6.660878 17.236175 27.088675 49.495323
3.847427 6.505218 16.788859 26.370284 48.280047
3.901058 6.350019 16.353664 25.672776 47.067500
3.955436 6.203392 15.923032 24.973826 45.876165
4.010573 6.052928 15.498152 24.308269 44.728773
4.066478 5.907598 15.078243 23.645246 43.582984
4.123163 5.764714 14.674129 23.002184 42.465410
4.180637 5.627173 14.277645 22.378552 41.371561
4.238913 5.491638 13.884561 21.765274 40.314652
4.298001 5.357490 13.503978 21.174136 39.273833
4.357913 5.232279 13.134408 20.600615 38.272969
4.418660 5.106906 12.775547 20.038691 37.297655
4.480254 4.985080 12.423071 19.496180 36.340437
4.542706 4.868940 12.080296 18.967396 35.409033
4.606029 4.754756 11.751635 18.457953 34.511178
4.670234 4.643890 11.429587 17.966530 33.635228
4.735335 4.537003 11.117322 17.483356 32.774363
4.801343 4.434379 10.813946 17.015499 31.930778
4.868271 4.332412 10.515071 16.555767 31.108932
4.936132 4.233427 10.223569 16.108187 30.303726
5.004939 4.136573 9.940807 15.672427 29.516192
5.074705 4.042136 9.664921 15.246237 28.748364
5.145444 3.951685 9.397198 14.833921 27.999502
5.217169 3.862795 9.136217 14.431107 27.262320
5.289893 3.778044 8.885124 14.046139 26.556420
5.363631 3.694114 8.641455 13.666609 25.863914
5.438397 3.614342 8.404919 13.302363 25.189408
5.514206 3.536685 8.177212 12.949335 24.538505
5.591071 3.460669 7.957591 12.607334 23.905103
5.669007 3.388763 7.744648 12.277636 23.292772
5.748030 3.318130 7.539237 11.956625 22.692752
5.828155 3.249524 7.340580 11.647366 22.111417
5.909396 3.182782 7.147630 11.346863 21.547883
5.991770 3.117306 6.959967 11.053065 20.996200
6.075292 3.053416 6.778255 10.768544 20.453874
6.159978 2.990435 6.600227 10.490610 19.925633
6.245845 2.928746 6.427513 10.220024 19.408566
6.332908 2.867899 6.258696 9.955460 18.901712
6.421186 2.808648 6.095521 9.698257 18.408380
6.510694 2.750141 5.936750 9.449198 17.928639
6.601449 2.693406 5.783140 9.207321 17.461136
6.693470 2.637217 5.613722 8.971794 17.005949
6.786773 2.582569 5.488945 8.743915 16.564897
6.881377 2.529364 5.349121 8.523316 16.134391
6.977300 2.477014 5.213801 8.310593 15.717292
7.074559 2.426136 5.082172 8.102606 15.311147
7.173175 2.375812 4.954933 7.901312 14.917644
7.273165 2.326790 4.831254 7.706634 14.534450
7.374549 2.278321 4.710526 7.515813 14.161717
7.477346 2.230556 4.593336 7.330900 13.796224
7.581576 2.183609 4.477874 7.148547 13.438527
7.687260 2.136914 4.365769 6.970432 13.089367
7.794416 2.090939 4.255789 6.795318 12.746321
7.903066 2.045619 4.147693 6.623989 12.410232
8.013230 2.000957 4.042967 6.458021 12.083385
8.124930 1.957014 3.940521 6.295210 11.763816
8.238187 1.914144 3.840617 6.136030 11.452588
8.353023 1.871909 3.743537 5.981398 11.149341
8.469460 1.830845 3.649343 5.831784 10.854994
8.587519 1.790774 3.557593 5.684991 10.568668
8.707225 1.751641 3.468385 5.542431 10.290484
8.828599 1.713605 3.382157 5.403822 10.019293
8.951665 1.676296 3.298366 5.268529 9.756745
9.076446 1.640094 3.216750 5.137116 9.501160
9.202967 1.604651 3.137164 5.008073 9.251690
9.331251 1.569959 3.059561 4.882110 9.008110
9.461324 0.000000 0.000000 0.000000 0.000000
9.593209 0.000000 0.000000 0.000000 0.000000
9.726934 0.000000 0.000000 0.000000 0.000000
9.862522 0.000000 0.000000 0.000000 0.000000
10.000000 0.000000 0.000000 0.000000 0.000000
