0.01 5433.046730553484 9962.165610971222 13651.821286268567 21514.768129951473
0.01013939 5462.729887208311 10015.231508275761 13723.134151454526 21611.98713607889
0.01028073 5492.007624092915 10067.556833451441 13793.367565607568 21707.314090551707
0.01042404 5520.874126414815 10119.120791970836 13862.459491687629 21800.79028990323
0.01056935 5549.301322745746 10169.865975657749 13930.3480648143 21892.283902523875
0.01071668 5577.242947157333 10219.660769882174 13996.920168595463 21981.62039076843
0.01086606 5604.705453339665 10268.55362460463 14062.196585047377 22068.85252032384
0.01101753 5631.668992544466 10316.52585046582 14126.10566470474 22153.89248025685
0.01117111 5658.105653862006 10363.536404390446 14188.58621999427 22236.641767718367
0.01132683 5683.968325374376 10409.483287615703 14249.608056982532 22317.044977326772
0.01148472 5709.188672032273 10454.223914412445 14308.976789646214 22394.928181429812
0.01164481 5733.789553441554 10497.818981780048 14366.703704879477 22470.364747417658
0.01180713 5757.827283341982 10540.37993693262 14422.96442136342 22543.513092807203
0.01197171 5781.288331760697 10581.896270609406 14477.677912229357 22614.305175030226
0.01213859 5804.1247783578165 10622.286382669914 14530.7428186808 22682.554615126148
0.0123078 5826.29482116027 10661.458554291932 14582.099014997191 22748.12847643273
0.01247936 5847.756698348079 10699.310949263485 14631.625007100136 22811.000460486677
0.01265332 5868.512229825876 10735.883899379438 14679.322538427701 22871.19695218689
0.0128297 5888.526816329798 10771.116190463776 14725.142192492347 22928.679278568237
0.01300854 5907.783108839583 10804.95676894869 14769.003947117453 22983.301270164542
0.01318987 5926.253666204744 10837.395179966383 14810.909891565563 23034.916307517025
0.01337373 5943.92424432686 10868.380359980501 14850.78025609326 23083.45187818498
0.01356015 5960.761391374696 10897.840949107618 14888.545658352834 23128.86668326085
0.01374917 5976.758014431994 10925.776612705244 14924.208502977412 23171.150515296526
0.01394083 5991.927303141931 10952.19713576699 14957.801952890817 23210.409184002536
0.01413516 6006.229820759664 10977.051408114525 14989.287572221263 23246.49235768201
0.01433219 6019.6119822836945 11000.247736544505 15018.453114674468 23279.121921198624
0.01453198 6032.025293321049 11021.724858369817 15045.117254521649 23308.189419272938
0.01473454 6043.4628048161985 11041.462069866793 15069.35447685438 23333.69186966775
0.01493993 6053.923671663788 11059.408222105527 15091.23922408901 23355.519620871775
0.01514819 6063.4729001772985 11075.70482561745 15110.907210711459 23374.102333972234
0.01535935 6072.056032865903 11090.280390418864 15128.19773806114 23389.22271036193
0.01557345 6079.605474781145 11102.992448175957 15142.909398467498 23400.51550612946
0.01579053 6086.0891024900975 11113.769515737233 15154.953304617677 23408.01725775694
0.01601064 6091.491025299947 11122.631350766384 15164.373379480461 23411.711153426382
0.01623382 6095.796396451831 11129.50645069607 15171.080779942784 23411.453443538336
0.01646012 6098.971159967311 11134.343588237361 15175.027542104812 23406.910664049075
0.01668956 6100.999522147729 11137.121945080055 15176.186121387316 23398.06593210246
0.0169222 6101.866737425038 11137.810562569986 15174.488148806839 23385.039034189336
0.01715809 6101.578352342901 11136.419026565862 15169.967271721456 23367.87564546841
0.01739726 6100.124761624819 11132.926514552608 15162.606067950814 23346.589684154755
0.01763977 6097.454877296288 11127.231129976833 15152.295302185677 23320.942773529987
0.01788566 6093.5470232587395 11119.301941060608 15138.956341794496 23290.802128532283
0.01813498 6088.419066326061 11109.189105706997 15122.663434678267 23256.182273403803
0.01838777 6082.049421841298 11096.851582473915 15103.36840374377 23217.024345172074
0.01864409 6074.405412481916 11082.207817335911 15080.9618863071 23173.25924746281
0.01890397 6065.484794718141 11065.247221252252 15055.456756562184 23124.933464793063
0.01916748 6055.270185070328 11045.969363461712 15026.835224990511 23071.96786408534
0.01943467 6043.755394404828 11024.343440771658 14995.099780119644 23014.388362587037
0.01970558 6030.950493628509 11000.419745887299 14960.212070148827 22952.08500094893
0.01998026 6016.827123037848 10974.137139447928 14922.1641979208 22885.000543801303
0.02025878 6001.388377241605 10945.444653228642 14880.91761366227 22813.203512200154
0.02054117 5984.6272806488405 10914.362284933028 14836.474380244283 22736.637110640113
0.02082751 5966.5176725120555 10880.849273562064 14788.795723937428 22655.19262012352
0.02111783 5947.065860775098 10844.925690834429 14737.893637823157 22568.939138342932
0.0214122 5926.364300914266 10806.723099322304 14683.92241241011 22478.123138211347
0.02171068 5904.893412232738 10766.899966739116 14627.524428824638 22383.147188222454
0.02201331 5882.093510562373 10724.696295585365 14567.948085954122 22283.475046933574
0.02232016 5857.982272217233 10680.101912679524 14505.1844602931 22179.082032574912
0.0226313 5832.55312016452 10633.116811219308 14439.254994353447 22069.974746363136
0.02294676 5805.817759963046 10583.771412677934 14370.191141164129 21956.222193828267
0.02326663 5777.784908367902 10532.106300474334 14297.98352047783 21837.872356581964
0.02359095 5748.457252261256 10478.111424683313 14222.714103744995 21714.983399045905
0.0239198 5717.855752475124 10421.7767586195 14144.34269129236 21587.54041142535
0.02425323 5685.9953331892275 10363.163221146811 14062.95092370646 21455.65300603479
0.0245913 5652.895005997079 10302.341881473089 13978.589769808055 21319.461518140874
0.02493409 5618.574827378265 10239.323028078927 13891.310031428231 21179.022648252758
0.02528166 5583.054881499147 10174.1270897708 13801.152182844477 21034.371874378965
0.02563407 5546.355275539209 10106.77956504579 13708.136214015434 20885.585730156105
0.0259914 5508.506262427379 10037.347497066672 13612.38357872281 20732.771321121407
0.02635371 5469.535069758763 9965.889819565467 13513.913947173603 20576.076618617393
0.02672106 5429.469945660485 9892.473565464803 13412.858611474412 20415.617773624574
0.02709354 5388.360408817295 9817.143461503252 13309.287739631352 20251.5620902528
0.02747121 5346.246860321632 9740.017183202212 13203.26119368211 20083.98282007004
0.02785414 5303.083607198915 9660.9924699208 13094.767576283713 19912.95254186151
0.02824241 5258.614281054352 9579.716675018693 12983.38896975651 19737.96296303996
0.0286361 5213.244850674296 9496.78370826766 12869.855383976263 19559.90396885227
0.02903527 5167.044008846147 9412.349657134848 12754.317572287357 19379.0219247815
0.02944 5120.055100546027 9326.489498204337 12636.865214080077 19195.417416849577
0.02985038 5072.315360686971 9239.251815665179 12517.608200557052 19009.304209483893
0.03026648 5023.861986237361 9150.712520202356 12396.646163699163 18820.82285939123
0.03068838 4974.750363911982 9060.984991740806 12274.109123445822 18630.164984020717
0.03111616 4925.040900723423 8970.176492512603 12150.157499170646 18437.542208167008
0.0315499 4874.7929439705795 8878.386136986628 12024.911000479518 18243.186185618895
0.03198969 4824.070856504814 8785.744435540166 11898.550240100756 18047.317597399415
0.03243561 4772.945028721172 8692.347390698882 11771.194820370036 17850.13586355705
0.03288774 4721.464525304778 8598.294009814404 11643.015111054858 17651.860568717726
0.03334618 4669.697604577539 8503.712677910527 11514.110324252175 17452.73150183242
0.03381101 4617.693221437455 8408.715527004071 11384.67111250251 17252.915645586694
0.03428231 4565.533711073086 8313.405533254623 11254.877970834177 17052.745052582093
0.03476019 4513.175707878938 8218.035796796616 11125.358643548012 16854.277940513377
0.03524473 4460.792630923465 8122.608841993408 10995.816014135082 16655.902015432537
0.03573602 4408.451465046626 8027.241801674159 10866.390002263504 16457.834896668155
0.03623416 4356.2120537425935 7932.052816973452 10737.19006581677 16260.263056419812
0.03673925 4304.135208217092 7837.156983672958 10608.427379684626 16063.46592548328
0.03725137 4252.288793604267 7742.687673366745 10480.221685456574 15867.660886320611
0.03777064 4200.761930738381 7648.7630492353555 10352.794487959312 15673.127380593773
0.03829714 4149.6203973356205 7555.511447612834 10226.275868257237 15480.093253708279
0.03883098 4098.910676972573 7463.022648906617 10100.811254414884 15288.76581744905
0.03937226 4048.6893653486213 7371.426062230684 9976.577718513785 15099.342233739979
0.03992109 3999.0099946874943 7280.815593315191 9853.682256106398 14912.061254659598
0.04047757 3949.9392697810777 7191.255722001856 9732.14851966754 14726.810351147162
0.04104181 3901.3064541485724 7101.837531129261 9610.128481146663 14538.927145392687
0.04161391 3853.399378354824 7013.741951674481 9489.900872512071 14353.862304306236
0.04219398 3806.2634314002403 6927.0447930247265 9371.584377761867 14171.752377449287
0.04278214 3759.9429908407797 6841.815820570975 9255.289681379918 13992.786039649416
0.0433785 3714.478381853317 6758.135026049808 9141.102155560613 13817.059309960709
0.04398317 3669.9140044628753 6676.07128704636 9029.107311155414 13644.730718951752
0.04459628 3626.284122407242 6595.703724629339 8919.409142178883 13475.948929487151
0.04521792 3583.629115473687 6517.1003551367185 8812.105692355706 13310.800999834222
0.04584824 3541.95890645982 6440.288575694981 8707.212615354718 13149.395161184797
0.04648734 3501.295625218512 6365.290751559743 8604.802758196509 12991.736608836009
0.04713535 3461.8383420488926 6293.285800167871 8507.318716641756 12843.929789875043
0.04779239 3423.5086907731784 6223.8224707773015 8413.772481874565 12703.570921452661
0.04845859 3386.2017939259986 6156.195575272523 8322.68778690304 12566.950024395908
0.04913407 3349.916469737682 6090.411433581958 8234.088034046414 12434.063832131049
0.04981898 3314.6505327014424 6026.446869976233 8147.928369651588 12304.888756937631
0.05051342 3280.3743225872604 5964.264467465296 8064.155830015275 12179.297949264757
0.05121755 3247.0479788477924 5903.798276910194 7982.720560013678 12057.237411539738
0.0519315 3214.6295743609867 5844.987431760678 7903.521687569703 11938.539425252477
0.0526554 3183.0883588196093 5787.738410424069 7826.443009159039 11823.067607636076
0.05338938 3152.1223914346565 5731.03627567887 7749.586323178697 11706.515746810657
0.0541336 3121.64451553211 5674.612090034545 7672.492586672339 11587.966822806855
0.0548882 3091.913285723122 5619.540147364938 7597.225354243465 11472.190364279584
0.05565331 3062.8059616496066 5565.605189842496 7523.489280353911 11358.728827352645
0.05642908 3034.1598271917283 5512.501849642407 7450.873174985327 11247.010295752227
0.05721568 3005.944699923939 5460.175793476647 7379.316389141249 11136.898753927175
0.05801323 2978.4010990026723 5409.065331857682 7309.409184006116 11029.286768683633
0.0588219 2951.725983632028 5359.5265436503905 7241.621766934242 10924.870653445423
0.05964185 2925.7066403812373 5311.554959067642 7176.327696733598 10825.293612061434
0.06047322 2900.0512756265603 5265.254617787755 7114.345677220982 10733.656549972913
0.06131619 2873.843395207197 5217.944734330731 7050.9978046850765 10639.960018208367
0.0621709 2847.1969038639895 5169.832298453769 6986.563654671564 10544.617331060632
0.06303753 2820.253529784415 5121.167569929561 6921.379525706321 10448.156806829926
0.06391624 2793.065060993583 5072.060763109532 6855.587239992329 10350.77226556218
0.0648072 2765.4824391417387 5022.229653232641 6788.817789470532 10251.903942382141
0.06571058 2737.312221734413 4971.329019829024 6720.594881235266 10150.833087494428
0.06662655 2707.1220828597766 4914.736577566013 6642.489767924035 10028.6813587837
0.06755528 2676.0732017451264 4856.532012333149 6562.155620542978 9903.004114363313
0.06849697 2644.1251850379704 4796.72260559532 6479.670922781635 9774.156444129041
0.06945178 2611.2128782044574 4735.188230861068 6394.87159328362 9641.870092322102
0.0704199 2577.275091903529 4671.813630241208 6307.618927364172 9505.940977979926
0.07140151 2542.248439691769 4606.489443744066 6217.761570675736 9366.145775255225
0.07239681 2506.3616734241755 4539.906065009834 6126.5742293283465 9225.595443633416
0.07340598 2469.6493947530407 4472.188157440146 6034.290595227897 9084.89963887051
0.07442922 2431.7630269973192 4402.382968713877 5939.199063024445 8940.020230248658
0.07546673 2392.7222773692993 4330.524464864768 5841.346106730656 8791.029037994778
0.07651869 2352.5664853691833 4256.671303244351 5740.83588660687 8638.078225686828
0.07758532 2311.3453933328233 4180.929564973433 5637.7994350282615 8481.340823496981
0.07866682 2270.0690601948595 4106.358502314544 5537.597617053893 8332.051628653582
0.07976339 2229.390296689433 4034.9389247672375 5443.631206562674 8197.246740980538
0.08087525 2187.866177983651 3961.947974849871 5347.470231570964 8059.0136527606355
0.08200261 2145.6256811560743 3887.6142240379445 5249.442680774336 7917.810867240457
0.08314568 2102.8105123157534 3812.1903882110505 5149.901847889853 7774.127795814695
0.08430468 2059.5989646219127 3735.984414238673 5049.245023620944 7628.561423936261
0.08547985 2015.2311432039942 3656.2560901316187 4942.4410087404685 7470.41183298317
0.08667139 1970.41947233768 3575.066707152191 4833.002292934011 7306.734732747397
0.08787954 1925.8168752448144 3494.2674680417063 4724.085482811682 7143.794054627432
0.08910453 1881.6170528134662 3414.215693962231 4616.185504216885 6982.33727026249
0.0903466 1838.0245983826767 3335.2746774566 4509.769251059278 6823.081707211866
0.09160598 1795.9865708366215 3260.147917737903 4409.3937288720435 6675.008539484264
0.09288292 1755.6070782464626 3188.919013214238 4315.052637568694 6537.848971269147
0.09417766 1716.3756848257874 3119.7274973069652 4223.392950153112 6404.551954196132
0.09549045 1678.4543032248373 3052.861024742504 4134.807563448445 6275.744700432198
0.09682153 1642.0021779078568 2988.6048897936225 4049.694463219191 6152.034833282226
0.09817117 1607.4406350532743 2928.1821602640407 3970.12771143115 6037.598514942457
0.09953962 1574.70504360687 2871.19044900374 3895.2927882896106 5930.5198198149
0.1009272 1543.7598930202914 2817.3973151023233 3824.724377923414 5829.729906151793
0.102334 1514.66363110114 2766.9084968043308 3758.5645483578064 5735.477376217512
0.1037605 1486.7183209757586 2717.605423629761 3693.1698635098314 5640.465635754903
0.1052069 1457.9369989938457 2663.5556893348685 3618.378012557614 5524.385456203599
0.1066734 1431.058229200401 2613.0319135902823 3548.4010032264473 5415.69164755401
0.1081604 1406.0048867317496 2565.87471915227 3483.029662573633 5314.081793038534
0.1096681 1382.656733807901 2521.859661146315 3421.951094009785 5219.0686706091365
0.1111968 1361.2686176550494 2481.9081523115856 3366.6390773426597 5132.77400169349
0.1127468 1341.2777444172884 2444.557963557787 3314.8804668320786 5051.877303263422
0.1143184 1322.4579050485431 2409.376756618899 3266.0684331048724 4975.494168967511
0.115912 1304.5801986401043 2375.9531161869713 3219.6083826443496 4902.828397420823
0.1175277 1288.4843651802896 2346.950642801794 3180.1264026724457 4842.867504038358
0.119166 1272.9198605250883 2319.0047348066055 3142.2007204552424 4785.362574123589
0.1208271 1257.523364802133 2291.350225399592 3104.6793943800412 4728.4794286210345
0.1225114 1241.9779364278231 2263.4142041580694 3066.7928207597597 4671.229131248896
0.1242191 1225.7358584347432 2234.0867045150108 3027.117048260887 4612.225437623397
0.1259506 1208.905151064675 2203.6954338791434 2985.996612415951 4550.996852836907
0.1277063 1191.2614978359816 2171.8168873067257 2942.849155446464 4486.7351662665815
0.1294865 1173.008895015652 2138.9971102235236 2898.451684316765 4420.105496641023
0.1312915 1154.0589778969572 2105.1275356869246 2852.6468729531134 4350.791007541077
0.1331216 1133.8870699106571 2069.020167686047 2803.7897027634035 4276.897489955442
0.1349772 1112.5122815671298 2030.7216038151948 2752.048942047288 4198.776258766393
0.1368587 1091.2414640447698 1994.798103891454 2706.0006903949698 4136.534052542551
0.1387665 1068.7878052050687 1956.6738764373072 2656.8300061966065 4069.28204528183
0.1407008 1045.2981984031542 1916.5162447677433 2604.847371650936 3997.5120937432794
0.1426621 1021.8536259158648 1876.563217346383 2552.8412957366745 3923.620044169237
0.1446507 998.0582772777902 1835.9728497132987 2499.7563753673703 3847.2364642577013
0.1466671 973.8869507964542 1794.5427924014762 2445.4207606100995 3768.790239011444
0.1487115 947.3442591294014 1746.6057687530383 2380.84881788182 3672.444870676766
0.1507845 919.5690472523909 1694.993447811141 2310.370448090024 3565.50996395049
0.1528864 892.4848145519749 1644.6502764043 2241.5915981576613 3461.1858969875934
0.1550175 868.4963795515614 1602.193103613664 2185.204890550509 3379.0567165148855
0.1571784 847.1325449138177 1566.004277890842 2138.479170694878 3313.8124283976526
0.1593694 827.0494829374691 1532.0296896285536 2094.6756620636534 3252.749631460749
0.1615909 808.9837839453438 1502.0440528591469 2056.337712617469 3199.8592580369195
0.1638434 792.6975938963052 1475.3673603792577 2022.4700694862352 3153.6284767479456
0.1661273 777.9814627030574 1451.4896006636325 1992.3507706361443 3113.02626134155
0.168443 761.1368477216264 1420.572972595076 1950.5620020843471 3051.253981987512
0.170791 745.395444978952 1391.3287710287025 1910.8185815384527 2992.1684905357506
0.1731717 731.6474400567826 1366.2283191539184 1876.9954340621878 2942.207519450629
0.1755856 721.4949968727585 1349.606431850288 1855.6201679572298 2911.702306453387
0.1780332 712.1971607194993 1334.5473368096132 1836.3597645996651 2884.4700509454456
0.1805149 701.4735063217191 1314.3760884592036 1808.0512092477868 2839.0529850025637
0.1830312 689.8304858384279 1291.046504059508 1774.2069164412642 2782.5387987807335
0.1855825 678.2879053964563 1268.2708306670588 1741.5294993038588 2728.8279793122433
0.1881694 667.1333888024753 1248.2333371729956 1714.8924692071228 2689.9755757829516
0.1907924 655.4241444912492 1227.1500712680938 1686.8247467757358 2648.836260937719
0.193452 642.4017533564588 1203.3760651666673 1655.1598369160272 2603.3351420070517
0.1961486 628.347923097271 1177.5914170487804 1620.7584747508001 2553.9156335040525
0.1988828 614.85623694665 1153.6964545364424 1589.2183454242067 2508.514503166211
0.2016551 602.5780688949733 1133.2650812420395 1562.8218129566344 2470.5103131295846
0.2044661 589.3329979147837 1110.6532365723074 1533.158351250277 2426.9293981563737
0.2073162 574.3403373831369 1082.9032521676722 1494.989511081081 2367.7127354251943
0.2102061 559.0812285124985 1054.6231039533939 1456.0969427401662 2307.309432121733
0.2131362 548.2490344567354 1039.5525947163262 1438.7586744284442 2284.947007720735
0.2161073 537.7865436011449 1025.2411482467614 1422.5296075929898 2264.3274454212683
0.2191197 524.1129549592906 1002.1366183775579 1393.2167001388589 2225.0126768109903
0.2221741 510.3731074699252 978.1970912377185 1362.4609431642357 2183.5888831144375
0.2252711 498.1626421803745 957.6601017431288 1336.623264881581 2149.0889753832703
0.2284112 487.16332652127346 939.5218790548586 1314.1151164299217 2119.39825873382
0.2315951 477.7187161198172 923.1858475409753 1292.2799930505291 2085.2485782156587
0.2348235 469.45812792547986 908.6872752853329 1272.3581156944194 2052.2252792784607
0.2380968 459.5999630458295 889.6435785377516 1245.8017431592689 2010.5489598768888
0.2414157 449.81214447917756 870.3693472892679 1218.8591528502643 1968.730913946312
0.2447809 440.0241931179623 851.7382667863927 1193.4836934815587 1929.5280348234796
0.248193 430.560939801374 833.8713973172752 1169.2553523656422 1892.1023535942293
0.2516527 425.0542174132673 825.1872260197562 1157.9231327761786 1874.2589584329874
0.2551606 418.181887508182 813.3719685632384 1142.1999166359396 1850.0916339529463
0.2587174 407.47960533730725 792.6266133577568 1113.9654341392243 1808.2096421200972
0.2623238 398.4000220602873 776.3578324227889 1092.4810633928316 1776.8517464505233
0.2659804 391.1414098528098 765.0479343776419 1078.458772804474 1757.1117000196002
0.2696881 381.38849410189675 747.7254947216215 1055.572919948718 1722.2116578150478
0.2734474 370.88882697911737 728.6233230923374 1030.0876085256727 1682.9614680575187
0.2772591 363.1065515053968 716.404908269023 1015.4570718932728 1664.451603962177
0.2811239 354.8757953102453 702.5585431599201 998.4250273267571 1643.5291771774228
0.2850426 346.19718968862503 686.8554434155491 978.6709367797254 1620.3669498538436
0.289016 338.4836960978795 674.1086925975194 962.6203934988034 1596.7669761718819
0.2930447 331.38569858642677 662.1150081031294 946.7452570066133 1570.8449643886431
0.2971296 324.6711101203826 648.8272340937373 926.7346777132925 1535.0595200857329
0.3012714 318.63101297126184 638.614829703483 913.4155236936783 1514.4768167625882
0.305471 312.6624367119231 628.9911884648249 901.8058680031023 1498.6943573316203
0.3097291 305.3483987699192 615.8217824351799 885.0012792317783 1475.7547505063867
0.3140465 298.69353413688924 602.5026761848013 865.9570090302799 1443.2854456612997
0.3184242 292.7712639434104 590.8277616181726 849.2193424305715 1414.4144480082603
0.3228628 288.16205771593013 583.6185061217594 840.6705507997004 1404.0110413582952
0.3273634 281.33517079407665 570.1166414759855 821.5743891749015 1372.665379378405
0.3319266 274.2261617725644 556.6094882230074 803.2944195123807 1344.6636396713675
0.3365535 267.50849825092473 545.011136710306 788.8861428033039 1325.3626575308706
0.3412449 262.9844589057566 539.3283668909407 782.3780563504897 1313.9733733023336
0.3460016 257.96551701475926 531.3731220093011 772.3979657312307 1299.2482208531246
0.3508247 253.0356757401126 522.7426874608293 761.150256629882 1282.284043538019
0.355715 248.27481068848405 514.0068162598176 749.5728402504196 1264.0423279315671
0.3606735 242.78076567331004 504.3260740566188 737.1198845481167 1245.749063050999
0.3657011 236.10105002610385 491.7899407752623 720.3466763485704 1222.235439927094
0.3707988 230.83189602515304 481.8200972492941 707.0414759213726 1201.8675964680253
0.3759675 226.04383083636597 472.7861271440966 694.9126901515299 1183.1740854650063
0.3812083 221.0556692160064 463.85747246426445 683.0713239298245 1165.4544682338694
0.3865221 216.8180005718399 457.7188298941765 675.9564322097234 1152.0617405509604
0.39191 212.51696229077382 447.74310869693795 661.0963276168475 1131.8528782448004
0.397373 207.5720881848261 439.81605220567025 651.4800088266434 1115.7655111701508
0.4029122 203.7042710622868 433.88109899394766 643.342923659727 1099.6695444876377
0.4085286 199.72575613944238 425.35162281488437 631.3820233900483 1082.163383270342
0.4142232 194.85132943451163 415.5026791847709 618.7372140429077 1066.4061557632365
0.4199973 190.16647543772996 407.57969937605554 608.954678705419 1051.4507155948534
0.4258518 186.48347762468387 400.74304138976436 599.2971536144657 1033.763099137925
0.431788 182.5642482660606 392.9761753359036 587.9528658216406 1016.1248498323141
0.4378069 179.1634880254153 386.3083783777452 578.6382089690911 1000.0319736164336
0.4439097 176.34803406741327 382.0634689000313 573.849684313312 995.888244627191
0.4500975 171.7546455700277 373.54473460350954 562.290285486322 978.1982212865096
0.4563716 167.88230873679834 365.63261071765635 550.8690840887639 957.0590314807074
0.4627332 165.45886697499128 362.4306572782377 547.7169730991734 953.8621463779004
0.4691835 161.39924466525812 354.3414133321275 536.0695366732306 933.5752650453788
0.4757236 158.46948461191266 348.7299000299736 528.6735238159492 922.1003711258286
0.4823549 154.4740452626583 340.5149509348096 517.3665285930977 907.1051591276574
0.4890787 151.35399746643196 334.5010723364134 509.2668530302145 893.7574542223958
0.4958962 149.046849389132 330.0091665749226 502.28310206886067 880.3666176325487
0.5028087 145.9099260823506 324.5822850355705 495.052884143024 869.6091215346196
0.5098176 143.34996101779834 319.9132212290153 488.1855951796715 855.3103804739636
0.5169242 141.0125564800832 315.5536107469679 482.5186067419382 847.4280838709827
0.5241298 136.5534466978829 308.00174794095375 473.3949120468059 836.2047288696415
0.5314359 134.26536409749238 304.4388210360384 468.4951770982087 828.0370809669535
0.5388438 131.57007320759516 298.3768513707583 459.5149845941143 814.403247181577
0.546355 129.33720726878184 293.93690531842776 452.86638745376933 803.1979691352502
0.5539709 126.02852162239517 288.2354468630724 445.6445587311915 791.5326741494928
0.561693 123.89657770734493 284.06990070907676 439.74449925260996 782.2601082394837
0.5695227 121.54154199138954 280.35310552163537 435.1651039672342 771.7868130416985
0.5774615 118.8634638594081 274.12881344944776 426.0751125559153 759.0657280590912
0.585511 116.80937094459232 270.2360794734864 419.94914824196405 748.8299665055451
0.5936727 114.20763780921608 264.18884252665305 411.78227280391405 736.7028322214151
0.6019482 112.36847897944449 261.4430235606719 407.1517608000316 728.0172393570402
0.610339 109.78531007760833 257.06079462929364 401.36484218741924 717.3424067557929
0.6188468 107.38394115441196 253.23941803962325 398.1952926894428 714.8495640432564
0.6274732 105.68402442635734 248.8068689737288 390.58918554854387 702.9187686310939
0.6362198 103.64332058267102 245.1342990789492 384.9494936553662 691.996082427687
0.6450884 101.27556657289468 240.97454751588222 379.23967319017345 682.107881376736
0.6540806 99.2172241799201 236.03682213001557 371.78724128601124 671.7809179187403
0.6631981 97.09199660382855 232.86044731297284 368.3641207701805 665.0679727738617
0.6724427 95.29450395683962 228.93281732869428 362.9914818678971 658.8427648427552
0.6818162 93.30457442422204 224.94769070065004 355.8080979890562 646.0204581774216
0.6913204 91.34650569021404 221.03712995375076 350.7836154095645 637.5003151041667
0.700957 90.0720715867011 217.87983548049445 346.1763285199096 629.483287009973
0.710728 87.81803889320948 214.34778062177656 341.04736274252974 619.8103626240886
0.7206351 86.4937904727177 211.2362272461886 336.91628889443547 614.8664081415845
0.7306804 84.7683137043756 208.08460940111115 331.6344439290623 604.2419225562409
0.7408657 82.91463254890013 204.1297033060763 325.9036302970899 596.5882369778177
0.7511929 81.17860930017511 200.56286716092427 321.2951743509203 588.5710862543355
0.7616642 79.60955639679152 197.0882173427161 316.3806759889441 581.4848532253454
0.7722814 78.57923860512828 195.04640181506133 312.7088054575979 572.9156638474358
0.7830465 76.93618695029757 191.44742864911544 307.6590158350365 565.5002851401814
0.7939618 75.5147191626768 188.98029276842314 303.69514504734985 560.3098066721367
0.8050292 73.8684758694755 185.62064544624386 299.6862535881534 553.0098675880593
0.8162509 72.61138722974655 182.91577571197146 294.5839949955109 543.5793259411369
0.8276289 70.85394728945931 179.41996709582097 290.0401013372625 536.9019295881152
0.8391656 69.99643959639175 177.34703344036726 286.113195152238 531.3655922995758
0.8508632 68.70629719797046 174.31777895895547 282.1378159979486 524.1938700703283
0.8627237 67.21788579287869 171.61266497023004 277.9490612981121 516.1016312623568
0.8747496 65.9844140385239 168.79456027120875 273.8956852280009 509.4540967988866
0.8869432 64.84392833264778 166.34446312471155 270.08794518505965 502.8027087490275
0.8993067 63.55821949187479 163.71132341041607 266.00153809628233 495.812357399025
0.9118425 62.53985612299447 160.933486712689 261.54053458655227 487.19997183045956
0.9245531 61.18483271045078 158.20662638305197 257.3955301989187 481.8933067933632
0.9374409 60.03511029766048 155.82011716643666 254.0791802464124 475.4520352139664
0.9505083 59.03962135719903 153.37630657614613 250.34171711875692 468.73349616292774
0.9637579 57.776957720420135 150.40782656499246 245.93340767812518 462.1949632875086
0.9771921 57.04542169351756 149.4538519529061 243.36759352282323 455.913642345951
0.9908137 55.944880684311926 146.6768848702158 239.546469713159 450.1959322242142
1.004625 54.87063548152944 143.9431813296538 235.27873071590696 442.51395985860313
1.018629 53.93918088893984 141.91499972163498 231.92132844929043 436.16345541889126
1.032828 52.924020387025315 139.69566687185227 228.89309516327896 431.7651387545534
1.047225 51.914945313469815 137.66577352597932 225.14987498810027 424.3705715389943
1.061823 51.11044119418357 135.730665374333 221.95647313897476 418.0954454143027
1.076624 50.16119223538118 133.5237543112878 218.5419011942353 411.8419146923645
1.091632 49.29110581923172 131.36730147368982 215.32913260569705 405.5240014838812
1.106848 48.359403238856906 129.0711866759867 211.97410198264248 400.0208294894544
1.122277 47.51323936983874 127.20774872226121 208.46042388317946 393.52352576765037
1.137921 46.65502524134412 124.99622749409019 205.227543680567 387.60790035666264
1.153783 45.91519159743944 122.99504121617514 201.98849387359076 381.98234017638447
1.169866 45.07232886319845 121.07910391463722 198.77490353113555 376.43702858838424
1.186174 44.25633238527735 119.2632103947373 195.7751337073478 370.4426627610255
1.202708 43.54917914084956 117.3433856886889 192.7023281434645 364.5563118635692
1.219473 42.806586068669 115.52945509041575 189.80013589858788 358.4545336287197
1.236472 42.04688906770658 113.73192222857077 186.9397235865593 353.01133238128716
1.253708 41.35988325030139 111.82793838101112 183.7966739345312 347.85309780359694
1.271184 40.661103610984966 110.46647260858748 181.35671616056948 342.09162329712194
1.288904 39.96871391424803 108.27630869460124 178.11721409355863 337.10895533973036
1.30687 39.23681981306138 106.55385729460572 175.2384653731095 331.3310364500816
1.325087 38.63848785783915 104.89925284252763 172.4543626619523 325.6032026916755
1.343558 37.98925046277241 103.16065740764587 169.61558916845496 320.1682068058251
1.362287 37.39579847559318 101.40544054524065 166.6239675495302 314.8696593932997
1.381276 36.75753132514397 99.7541939598772 163.65860358431343 309.5739281818047
1.400531 36.153642853750505 98.12078178877842 161.02469623872116 303.83740844212036
1.420053 35.51477155425149 96.4145323198568 158.39658339116963 298.4438959156764
1.439848 34.93879856953775 94.8758341175651 155.56128609529992 293.3140935662079
1.459919 34.30493557534056 93.23426586076499 152.85337298867404 287.7803949952389
1.480269 33.80392422419881 91.52617139825517 150.11376612480566 282.19175068789997
1.500903 33.2218536540705 90.003630220238 147.43095082699529 277.6265375165342
1.521825 32.66271111483401 88.59730924272655 145.01398736851922 272.3328190238979
1.543038 32.101458422746276 87.0523392294277 142.56271505937357 267.5279634196941
1.564548 31.614535562652254 85.54194773220604 139.97665944240129 262.38574855799703
1.586357 31.09570936512486 84.1667012394043 137.534368010478 257.41402972303626
1.608469 30.55736227794218 82.7465841483436 135.10030035339832 252.8170931020449
1.630891 30.14219886245989 81.16423551872998 132.45827590336773 247.6489208229278
1.653624 29.601340618496966 79.73468593648612 130.2062972261022 243.2406931114629
1.676675 29.114714849678442 78.47195229675422 127.90082264742686 238.2387274482261
1.700047 28.618101109448016 77.0641199031117 125.49414000064185 233.6280725569477
1.723745 28.150587749380705 75.64941885624307 123.1255114112891 228.6485118827846
1.747773 27.6578912942936 74.24559552161313 120.77546911183362 224.01945622290376
1.772136 27.2029925221237 72.88107064495013 118.41708596389239 219.63759224856142
1.796838 26.76437311819495 71.54915354331719 116.18413474483704 215.02345110523666
1.821885 26.331639296447012 70.21123937978274 113.88695258750361 210.64130377493373
1.847281 25.895917643460802 69.01901398387318 111.77993711736673 206.2479022096754
1.873032 25.46588000541978 67.64544625201445 109.42571455701534 202.00994006522438
1.899141 25.023534205337175 66.34122591958699 107.33494163120939 197.7245333220378
1.925614 24.623283902690638 65.1325271107285 105.24118338764428 193.43768858354372
1.952456 24.280086927411926 63.95165492932223 103.16585494889378 189.26351741474573
1.979672 23.822736345830577 62.78097301689714 101.12127227970407 185.22057510086069
2.007267 23.459330593693828 61.55030342831601 98.96464461653724 181.34216485632112
2.035248 23.032672620757303 60.33873584106287 96.93601082815809 177.26289891432626
2.063618 22.647246653521343 59.146431778665736 94.98406217045381 173.31112906448308
2.092383 22.27071229574284 57.99957018305749 92.98060150783027 169.49892974172076
2.12155 21.880627180134937 56.82167271015645 91.0095565200334 165.5996737375083
2.151123 21.513058842264773 55.690469508258424 89.0411489835082 161.77109002214496
2.181109 21.140616918622104 54.55373984336975 87.17134948048546 158.14385601371077
2.211512 20.77564017492911 53.41600925308031 85.23695269377431 154.37190208563223
2.24234 20.42314723354267 52.3520829975906 83.40578456704814 150.81959835014723
2.273597 20.046503337441575 51.2621408882357 81.50453923768269 147.26929319034926
2.305289 19.720433661384746 50.194491350463245 79.75217200199795 143.8370667825116
2.337424 19.371846448563325 49.132641595216725 77.9580182696464 140.4400474557862
2.370006 19.032629915916555 48.11049621850054 76.25510796858985 137.23475515374156
2.403043 18.68771636059002 47.10209349457271 74.50744761239093 133.92494857957197
2.43654 18.369811999896463 46.1193584356021 72.84282192517992 130.71967790091702
2.470504 18.047133388545905 45.15907757825794 71.18277334115578 127.58703538849305
2.504942 17.696932672563353 44.21462480212806 69.58536993475303 124.55469009211619
2.539859 17.425980122679768 43.25218227985874 67.97343015166643 121.51477514911494
2.575263 17.101674885667645 42.305316359807364 66.4607749889342 118.6023465162906
2.611161 16.80367752158939 41.378410059730534 64.85841051952025 115.69671417901911
2.647559 16.4985916641766 40.45633879918857 63.308587096201045 112.81025181443066
2.684465 16.199030398829915 39.58427363791046 61.79358371418901 110.00090420895381
2.721885 15.888185975480297 38.66392660005944 60.33068225176397 107.25148991078726
2.759826 15.594203359230976 37.77151995584123 58.86259352315726 104.55851550765563
2.798297 15.30314573440674 36.934860619771186 57.44683677843953 101.9839583791338
2.837304 15.018106139008042 36.08255961618118 56.04663445812287 99.40338922845709
2.876854 14.734273569215402 35.24301891934392 54.67928341027752 96.90546587046072
2.916956 14.458709621069737 34.444687852075596 53.33849256791146 94.43311643905058
2.957617 14.190857972703379 33.65914666101389 52.047920746580914 92.06965974210897
2.998844 13.920098230055755 32.88825783106959 50.76485178030839 89.72868995504622
3.040646 13.657714411325795 32.12310116731726 49.51929991082092 87.51215476507981
3.083031 13.398494134709127 31.376303125553164 48.299485976909374 85.30044114325847
3.126007 13.148537155134203 30.65192902145346 47.102650957995515 83.13458110972992
3.169582 12.89383155190299 29.91803318844117 45.918042988126466 81.0280543453895
3.213764 12.644072734498655 29.212631595248958 44.76426778144029 78.9586151564805
3.258562 12.391835809877264 28.526131423593124 43.631384422462666 76.9300686949832
3.303985 12.145695608525648 27.826727097658683 42.52393093439857 74.95047663607194
3.350041 11.906399796137586 27.144769447291907 41.42016977228712 72.99186697462773
3.396739 11.660072846276607 26.485850173607233 40.363144207683234 71.0927182174043
3.444087 11.427292024334083 25.824874070097774 39.308559434588275 69.22845291477661
3.492096 11.195291620630208 25.19413337945243 38.299827393881245 67.44033517479392
3.540774 10.962686219347725 24.57992278621822 37.31378991891462 65.68217890269368
3.59013 10.739194327861195 23.966552776659192 36.33532521420477 63.98215000703428
3.640175 10.521710381361954 23.37448052418352 35.402334525676004 62.30984353217352
3.690917 10.300276003119034 22.8042861892859 34.476449762802154 60.694686374270326
3.742366 10.08654282978005 22.22826587826125 33.583743418624 59.1389097620764
3.794533 9.879457823878694 21.685810487640257 32.716135517901144 57.59842897076463
3.847427 9.673375202484047 21.139766200020144 31.868426513007 56.12183772398464
3.901058 9.466278730847838 20.618236532040186 31.043091827036513 54.6620880883058
3.955436 9.270420288411737 20.099952645931413 30.224899681675804 53.23691015834841
4.010573 9.069026530627655 19.590102773180465 29.4365493723583 51.85185946557423
4.066478 8.87242540779743 19.09113859074123 28.654995433211948 50.48220628047212
4.123163 8.677010387255562 18.605895099061502 27.892676549778052 49.14873367729911
4.180637 8.48737136267557 18.128813255408744 27.15035608375377 47.84133296061676
4.238913 8.298115590708894 17.656859870288077 26.423610169358014 46.58237286042604
4.298001 8.109388626826727 17.201447735333666 25.71978584903578 45.34111249189197
4.357913 7.9318601478626904 16.75642982440666 25.03576159980317 44.14783605663159
4.41866 7.751873016669813 16.325474554030148 24.364499894861105 42.98364128632387
4.480254 7.575489833764387 15.902009761070131 23.714096265206972 41.8465936366725
4.542706 7.404999732625586 15.4877691061445 23.079434064153258 40.73890145221387
4.606029 7.236790224619329 15.092335927960224 22.46904169743866 39.6746106143163
4.670234 7.071797423886037 14.702606484924381 21.878047719346206 38.63829243238512
4.735335 6.91104510731198 14.324835729083315 21.29827472834629 37.62369809921771
4.801343 6.754892993436124 13.959535715810436 20.736844735290305 36.633626438760906
4.868271 6.599682555329931 13.599255879985275 20.186949609808675 35.671914264700405
4.936132 6.447069578266428 13.246228027811283 19.651919821299177 34.734186972428624
5.004939 6.2963584893834845 12.902954039989458 19.12734627358944 33.81345146860594
5.074705 6.146997733811979 12.564631631405353 18.612994367521644 32.915981269899476
5.145444 6.001501600989703 12.236019290507793 18.112953048691825 32.04060766902477
5.217169 5.857364174164372 11.912519004851616 17.62378822730617 31.178064184289962
5.289893 5.718238136499957 11.599702269772164 17.151410602791547 30.344302937932014
5.363631 5.579490856177572 11.294210422975572 16.68536001746452 29.53187704242935
5.438397 5.445540668388118 10.99655086855709 16.236154357213195 28.738237084229397
5.514206 5.313903610801163 10.70746183267953 15.799835798097153 27.969791874835078
5.591071 5.1842254935765935 10.428163504865926 15.374655351736765 27.224091260732184
5.669007 5.060317879324433 10.154536712849271 14.964752135383016 26.498941685610244
5.74803 4.9379755274729895 9.890813122826726 14.564832501294905 25.79241516328823
5.828155 4.819081835587804 9.634189388226408 14.17806152501653 25.10815744594648
5.909396 4.702887958658742 9.384419254177207 13.801652700857117 24.44513672957302
5.99177 4.589144573476624 9.14085159799677 13.435109400578217 23.79807477286378
6.075292 4.478456323686363 8.90530247577638 13.079390070314242 23.167006659515778
6.159978 4.369371093047438 8.674769989129048 12.732252108533086 22.551988172536078
6.245845 4.2624694503057805 8.448980101673591 12.392708656086613 21.94752479541824
6.332908 4.157038947688387 8.226983907519529 12.05895864368506 21.35660597383584
6.421186 4.0546990729633166 8.011450953235723 11.73355683299029 20.77927419846665
6.510694 3.95365875016276 7.800572201546592 11.418005156367567 20.21675987744921
6.601449 3.85559552459172 7.596050418654461 11.109847682188015 19.66958895369575
6.69347 3.759446220852252 7.395857854723884 10.80881629823946 19.13492617522564
6.786773 3.665693126239603 7.2022981082422675 10.516885075839934 18.615850334141577
6.881377 3.5749101560247665 7.013933685048413 10.23404481790473 18.10994445985534
6.9773 3.4864573703760486 6.831546375392742 9.960353784135476 17.620806380263687
7.074559 3.4005001538421906 6.653851483384123 9.692863357972955 17.144363798224965
7.173175 3.3166078812319446 6.482050459217241 9.434765261184662 16.683246006648677
7.273165 3.2354348452739106 6.315500179365299 9.184465373502142 16.234235306262747
7.374549 3.156286853474346 6.153106951822939 8.940185466437296 15.798896206768703
7.477346 3.0789850389946722 5.9960516295885045 8.704807849895612 15.37578878879299
7.581576 3.0041810683614774 5.842078303913887 8.473983544934676 14.962994446785837
7.68726 2.9307105067316725 5.692427341896139 8.249069318523723 14.560702258680168
7.794416 2.858618296794198 5.54582455246824 8.028088367452112 14.166291078363448
7.903066 2.788206409482042 5.402110042081578 7.812485270737808 13.779747317823396
8.01323 2.7192852533736382 5.262500959592533 7.6036212900271 13.403717137674729
8.12493 2.651814245722185 5.126053729150128 7.398725236937634 13.035965808279835
8.238187 2.5862847204224315 4.992752783092502 7.198875688498997 12.67862628947566
8.353023 2.5222720597428534 4.863437953092947 7.005081759661027 12.330465769358717
8.46946 2.4601951900473855 4.737735937899972 6.816724532932095 11.992281559492326
8.587519 2.3997815913490275 4.615491656462743 6.633844659768717 11.664007823810651
8.707225 2.3411220118162412 4.4966116033541885 6.456412147498927 11.345432061262068
8.828599 2.2842349226059957 4.382060623258695 6.284194904491713 11.035755165579776
8.951665 2.228870195043173 4.270611835055277 6.117254378545016 10.736242904175544
9.076446 2.1752648550693685 4.162581150564522 5.955856400762283 10.445969304470882
9.202967 2.12321179774307 4.057549418611457 5.7989142348046805 10.16357998496607
9.331251 2.072529905948614 3.9554135640878645 5.646193991748637 9.889490766436337
9.461324 0.0 0.0 0.0 0.0
9.593209 0.0 0.0 0.0 0.0
9.726934 0.0 0.0 0.0 0.0
9.862522 0.0 0.0 0.0 0.0
10.0 0.0 0.0 0.0 0.0