0.010000 5204.285113 9559.327269 13031.287619 19700.233366
0.010139 5233.089234 9611.967119 13103.100041 19814.072314
0.010281 5261.455660 9663.784865 13173.820107 19926.643794
0.010424 5289.413719 9714.800739 13243.491032 20038.058740
0.010569 5316.948442 9764.975481 13312.044348 20148.260709
0.010717 5343.981445 9814.231531 13379.289813 20256.995173
0.010866 5370.507703 9862.537733 13445.137941 20364.206575
0.011018 5396.501999 9909.844797 13509.610106 20469.773870
0.011171 5421.888751 9955.981466 13572.595816 20573.296525
0.011327 5446.701899 10001.020492 13634.115688 20674.889664
0.011485 5471.013490 10045.090065 13694.321443 20774.899688
0.011645 5494.775796 10088.137931 13753.091408 20873.139571
0.011807 5517.942987 10130.060447 13810.364278 20969.368006
0.011972 5540.500290 10170.836654 13866.098680 21063.310050
0.012139 5562.409683 10210.365984 13920.161967 21154.831156
0.012308 5583.625981 10248.598292 13972.411144 21243.958310
0.012479 5604.168235 10285.543919 14022.854676 21330.604594
0.012653 5624.016154 10321.172906 14071.510943 21414.569319
0.012830 5643.134242 10355.435152 14118.307161 21495.609847
0.013009 5661.492915 10388.260421 14163.160303 21573.585312
0.013190 5679.065493 10419.618802 14205.987243 21648.559740
0.013374 5695.848312 10449.510623 14246.745224 21720.341498
0.013560 5711.844647 10477.905990 14285.472326 21788.780578
0.013749 5727.021472 10504.764944 14322.085290 21853.676686
0.013941 5741.328563 10530.007237 14356.450329 21914.974550
0.014135 5754.739755 10553.582857 14388.544908 21972.610476
0.014332 5767.228804 10575.441803 14418.265693 22026.368798
0.014532 5778.776439 10595.564301 14445.539781 22076.025748
0.014735 5789.382447 10613.910434 14470.334828 22121.493645
0.014940 5799.012368 10630.480583 14492.669180 22162.780216
0.015148 5807.702125 10645.335560 14512.702854 22200.225528
0.015359 5815.402103 10658.354868 14530.232164 22233.504450
0.015573 5822.061659 10669.498596 14545.134509 22262.161066
0.015791 5827.657304 10678.676478 14557.317848 22286.102839
0.016011 5832.145424 10685.808326 14566.680276 22305.158371
0.016234 5835.514614 10690.894529 14573.160576 22319.303957
0.016460 5837.748457 10693.925399 14576.788741 22328.550437
0.016690 5838.841638 10694.840894 14577.514180 22332.912291
0.016922 5838.769757 10693.631323 14575.316886 22332.325175
0.017158 5837.517514 10690.286996 14570.146812 22326.553084
0.017397 5835.047519 10684.727725 14561.903666 22315.569480
0.017640 5831.345585 10676.933748 14550.558162 22299.351182
0.017886 5826.405644 10666.895366 14536.081276 22277.898852
0.018135 5820.200556 10654.552532 14518.444241 22251.123510
0.018388 5812.706270 10639.865334 14497.578138 22218.949426
0.018644 5803.906865 10622.824065 14473.454701 22181.303659
0.018904 5793.801602 10603.408944 14446.045891 22138.167389
0.019167 5782.376731 10581.640459 14415.374384 22089.524198
0.019435 5769.622616 10557.468608 14381.382263 22035.421656
0.019706 5755.519633 10530.833315 14344.042099 21975.693022
0.019980 5740.056293 10501.714771 14303.286257 21910.410196
0.020259 5723.225223 10470.153565 14259.158328 21839.698000
0.020541 5705.021141 10436.119795 14211.631362 21763.548623
0.020828 5685.427770 10399.563412 14160.648252 21681.872948
0.021118 5664.453082 10360.524963 14106.252949 21594.788432
0.021412 5642.182675 10319.115452 14048.600496 21502.402647
0.021711 5619.122214 10276.090200 13988.501943 21405.512209
0.022013 5594.672604 10230.563458 13925.002150 21303.257938
0.022320 5568.854190 10182.575702 13858.125086 21195.685635
0.022631 5541.657168 10132.056637 13787.813999 21082.707032
0.022947 5513.075823 10079.076893 13714.143300 20964.459226
0.023267 5483.144789 10023.657742 13637.167168 20841.211746
0.023591 5451.857456 9965.817406 13556.899360 20712.955534
0.023920 5419.227412 9905.529782 13473.323294 20579.669972
0.024253 5385.258217 9842.848271 13386.482808 20441.445835
0.024591 5349.991753 9777.807115 13296.451869 20298.402921
0.024934 5313.441738 9710.444551 13203.274028 20150.638607
0.025282 5275.620914 9640.791735 13107.002747 19998.248254
0.025634 5236.540044 9568.873750 13007.661043 19841.304619
0.025991 5196.227039 9494.720676 12905.352393 19679.950022
0.026354 5154.715878 9418.419952 12800.139700 19514.334736
0.026721 5112.059699 9340.046903 12692.136029 19344.586228
0.027094 5068.282440 9259.648629 12581.413848 19170.870610
0.027471 5023.410065 9177.279246 12468.075592 18993.341427
0.027854 4977.430264 9092.925367 12352.082277 18812.068067
0.028242 4930.135304 9006.312748 12233.172878 18626.780112
0.028636 4881.875515 8917.949549 12111.932824 18438.115778
0.029035 4832.699017 8827.920979 11988.463352 18246.250571
0.029440 4782.653919 8736.318264 11862.905714 18051.409161
0.029850 4731.796369 8643.229588 11735.400860 17853.763220
0.030266 4680.170411 8548.754189 11606.039053 17653.482717
0.030688 4627.835170 8452.999346 11474.980824 17450.817840
0.031116 4574.856795 8356.083405 11342.386437 17245.976450
0.031550 4521.296365 8258.112611 11208.425980 17039.206030
0.031990 4467.213915 8159.191185 11073.208832 16830.691650
0.032436 4412.664402 8059.441473 10936.904631 16620.688985
0.032888 4357.721883 7958.961641 10799.662669 16409.391648
0.033346 4302.452307 7857.895187 10661.642145 16197.053960
0.033811 4246.929637 7756.371515 10523.032361 15983.940021
0.034282 4191.227785 7654.506937 10384.022502 15770.303434
0.034760 4135.315837 7552.567929 10245.275440 15558.215618
0.035245 4079.361294 7450.547899 10106.476254 15346.173238
0.035736 4023.453025 7348.606541 9967.790786 15134.389116
0.036234 3967.661717 7246.866286 9829.383866 14923.106985
0.036739 3912.055989 7145.462694 9691.453617 14712.611799
0.037251 3856.711462 7044.526316 9554.193175 14503.168555
0.037771 3801.693637 6944.173624 9417.763489 14295.022379
0.038297 3747.080059 6844.539273 9282.331649 14088.429232
0.038831 3692.943197 6745.773088 9148.090072 13883.676388
0.039372 3639.360519 6648.008814 9015.215179 13681.062057
0.039921 3586.395350 6551.383272 8883.890600 13480.813723
0.040478 3534.117036 6455.978873 8754.187167 13282.986045
0.041042 3482.441678 6361.155733 8624.739381 13083.856018
0.041614 3431.587742 6267.835560 8497.346139 12887.891253
0.042194 3381.624513 6176.129179 8372.158488 12695.301876
0.042782 3332.603125 6086.131336 8249.301437 12506.308972
0.043379 3284.579746 5997.944913 8128.918349 12321.103709
0.043983 3237.593405 5911.667816 8011.154803 12139.898367
0.044596 3191.696244 5827.388935 7896.102075 11962.854805
0.045218 3146.937395 5745.193197 7783.880894 11790.135479
0.045848 3103.362982 5665.153481 7674.571793 11621.862542
0.046487 3060.990908 5587.311429 7568.266580 11458.168859
0.047135 3019.927877 5512.522901 7466.824436 11303.876762
0.047792 2980.162605 5440.496626 7369.567584 11157.149012
0.048459 2941.663641 5370.774493 7275.421079 11015.136909
0.049134 2904.441935 5303.374138 7184.414719 10877.872736
0.049819 2868.495349 5238.300112 7096.570338 10745.399251
0.050513 2833.822787 5175.553976 7011.869456 10617.657242
0.051218 2800.420162 5115.114083 6930.295698 10494.669410
0.051931 2768.268276 5056.959822 6851.808503 10376.366616
0.052655 2737.339883 5001.017010 6776.321871 10262.628693
0.053389 2707.379489 4946.410245 6702.206815 10149.769935
0.054134 2678.311314 4892.926255 6629.092416 10036.997469
0.054888 2650.351573 4841.488111 6558.752885 9928.453335
0.055653 2623.444826 4791.998308 6491.045574 9823.955813
0.056429 2597.482074 4744.243892 6425.699279 9723.047966
0.057216 2572.358342 4698.002660 6362.416332 9625.338037
0.058013 2548.096017 4653.320658 6301.270362 9530.875900
0.058822 2524.793394 4610.392920 6242.512264 9440.103200
0.059642 2502.540788 4569.653815 6186.991629 9355.061090
0.060473 2481.265762 4531.448949 6135.674257 9278.610668
0.061316 2460.284746 4493.790707 6085.097742 9203.306421
0.062171 2439.296223 4456.115310 6034.504240 9128.021577
0.063038 2418.240377 4418.323966 5983.751429 9052.531451
0.063916 2397.134302 4380.428354 5932.876246 8976.876171
0.064807 2375.972846 4342.416812 5881.862890 8901.038258
0.065711 2354.640460 4304.081769 5830.422678 8824.588064
0.066627 2331.875762 4261.372833 5771.177482 8730.960627
0.067555 2308.556263 4217.608761 5710.447570 8634.978798
0.068497 2284.578156 4172.660190 5648.122371 8536.655807
0.069452 2259.845628 4126.332549 5583.937801 8435.588166
0.070420 2234.245516 4078.415764 5517.628376 8331.356251
0.071402 2207.677700 4028.722852 5448.940402 8223.591975
0.072397 2180.282348 3977.766185 5378.852306 8114.778847
0.073406 2152.010990 3925.504301 5307.357623 8005.111344
0.074429 2122.503459 3870.984983 5232.831223 7890.914292
0.075467 2091.701704 3814.100605 5155.133798 7771.975022
0.076519 2059.574963 3754.794235 5074.187785 7648.160439
0.077585 2026.110659 3693.062770 4989.977447 7519.463414
0.078667 1992.072423 3631.320560 4906.808060 7395.145752
0.079763 1957.960443 3571.128972 4827.426262 7281.031553
0.080875 1922.562317 3508.528106 4744.732363 7161.798583
0.082003 1885.947607 3443.631913 4658.889506 7037.658327
0.083146 1848.211319 3376.621742 4570.142465 6908.977870
0.084305 1809.465807 3307.712794 4478.769876 6776.189574
0.085480 1769.300263 3235.172729 4381.488766 6631.965233
0.086671 1728.204481 3160.423219 4280.740786 6481.318025
0.087880 1686.642356 3084.770402 4178.756586 6328.740627
0.089105 1644.802216 3008.586153 4076.036119 6174.969916
0.090347 1602.880773 2932.271495 3973.105593 6020.790461
0.091606 1561.833695 2858.553727 3874.623521 5875.678784
0.092883 1521.819285 2787.541056 3780.634836 5739.413600
0.094178 1482.365440 2717.437164 3687.782207 5604.605316
0.095490 1443.684390 2648.674109 3596.649211 5472.131815
0.096822 1406.003015 2581.650868 3507.773322 5342.832324
0.098171 1369.895977 2517.951732 3423.832911 5222.032766
0.099540 1335.309278 2457.130730 3343.875465 5107.480938
0.100927 1302.278887 2399.041755 3267.512709 4998.121367
0.102334 1270.962637 2343.994111 3195.177003 4894.624320
0.103761 1240.936358 2290.542423 3124.266816 4791.502377
0.105207 1210.755366 2234.137536 3046.869796 4672.600154
0.106673 1182.666358 2181.611984 2974.762043 4561.798916
0.108160 1156.693157 2133.018386 2908.015625 4459.190305
0.109668 1132.847427 2088.359200 2846.651500 4364.804026
0.111197 1111.150197 2047.824260 2790.895310 4278.435186
0.112747 1091.456371 2011.009997 2740.196907 4199.821491
0.114318 1073.636075 1977.670802 2694.236746 4128.452758
0.115912 1057.542834 1947.519514 2652.634114 4063.724315
0.117528 1043.447313 1921.468327 2616.884572 4008.448154
0.119166 1030.722956 1897.986230 2584.632154 3958.594642
0.120827 1019.092647 1876.519496 2555.116118 3912.913031
0.122511 1008.215086 1856.386402 2527.370361 3869.902226
0.124219 997.246197 1835.527181 2498.269667 3824.442606
0.125951 986.520604 1815.093624 2469.784537 3779.913322
0.127706 975.739756 1794.557774 2441.163937 3735.178757
0.129487 964.820183 1773.883997 2412.237013 3689.605823
0.131292 953.502616 1752.572908 2382.407083 3642.160339
0.133122 941.279700 1729.575203 2350.333439 3591.281819
0.134977 927.965456 1704.602863 2315.621355 3536.544011
0.136859 914.397826 1680.876295 2284.537159 3493.146269
0.138766 899.391796 1654.477417 2249.767250 3444.040692
0.140701 882.881951 1625.247705 2211.144747 3388.949148
0.142662 865.874166 1595.716661 2172.278848 3333.032699
0.144651 847.739306 1564.256131 2130.785591 3272.852053
0.146667 828.278435 1530.249857 2085.767709 3207.146254
0.148711 806.135874 1489.780342 2031.004499 3125.110114
0.150784 782.141759 1444.908776 1969.574013 3031.959176
0.152886 757.699222 1399.223772 1907.022417 2937.021851
0.155018 735.085234 1359.081133 1853.847640 2860.087430
0.157178 713.971860 1323.130480 1807.533941 2796.034967
0.159369 693.277291 1287.775884 1761.825412 2732.554086
0.161591 674.005364 1255.463074 1720.496497 2675.801677
0.163843 656.029883 1225.612112 1682.560286 2624.015383
0.166127 639.326589 1197.940672 1647.377825 2576.187515
0.168443 621.272063 1165.122129 1603.385816 2511.769174
0.170791 604.602469 1134.539456 1562.207478 2451.197233
0.173172 590.114902 1108.282079 1527.035419 2399.741225
0.175586 578.904018 1089.207203 1502.143850 2363.757919
0.178033 569.363278 1073.214966 1481.456025 2334.217117
0.180515 559.481753 1054.262049 1454.685553 2290.918894
0.183031 549.831226 1034.381780 1425.477949 2241.390577
0.185583 541.244855 1016.698680 1399.537717 2197.517674
0.188169 533.401804 1001.304049 1378.001727 2163.766250
0.190792 525.935116 986.639004 1357.501266 2131.666312
0.193452 517.820901 970.383713 1334.735005 2096.687189
0.196149 509.156283 952.992166 1310.402872 2059.532077
0.198883 500.976936 937.280532 1288.698363 2026.313836
0.201655 493.558181 924.099206 1270.911533 1999.004704
0.204466 484.985969 908.586246 1249.815416 1966.294655
0.207316 474.747638 888.940515 1222.257009 1922.136181
0.210206 463.419377 867.271186 1191.957691 1873.726073
0.213136 455.005591 855.637147 1178.899469 1857.854972
0.216107 445.898563 842.797313 1164.282054 1839.661641
0.219120 433.847221 822.508658 1138.707990 1805.493189
0.222174 421.032403 800.251191 1110.168666 1766.661960
0.225271 409.074128 780.320105 1085.319431 1733.864897
0.228411 397.810401 761.820868 1062.503920 1704.084754
0.231595 387.649959 744.566394 1040.043991 1670.546060
0.234823 378.546149 728.968873 1019.386595 1638.345648
0.238097 368.488767 709.967857 993.325559 1597.986376
0.241416 359.171815 691.989418 968.527129 1559.728257
0.244781 350.178462 674.640958 944.823984 1522.933245
0.248193 342.278455 659.434812 924.132885 1490.865739
0.251653 337.748416 651.534126 913.438218 1473.320164
0.255161 332.859385 642.475559 901.038255 1453.485430
0.258717 325.277706 626.724514 878.975346 1419.542506
0.262324 319.247210 615.072282 863.122337 1395.576715
0.265980 314.645785 607.386212 853.338216 1381.350329
0.269688 308.082299 595.189647 837.083922 1356.510802
0.273447 300.582561 581.041595 818.106892 1327.382525
0.277259 294.917369 572.010282 807.395464 1314.345983
0.281124 288.421835 560.952896 793.720047 1297.462264
0.285043 281.236923 547.998007 777.225648 1277.353041
0.289016 274.345534 536.794434 763.458739 1258.327064
0.293045 267.574764 525.588444 749.088863 1236.279871
0.297130 261.025298 513.413513 731.474157 1205.366835
0.301271 254.928653 503.172855 718.384941 1186.028974
0.305471 249.085782 493.548298 706.711957 1170.642788
0.309729 242.439910 481.331350 690.832588 1148.517137
0.314047 236.673651 469.829553 674.556985 1121.397208
0.318424 231.862694 460.256818 660.946384 1098.506022
0.322863 228.185522 453.985177 653.160042 1088.870881
0.327363 223.191908 443.769039 638.579999 1065.077391
0.331927 218.127346 433.793295 624.959999 1044.468813
0.336554 213.276442 425.089182 614.071356 1030.340790
0.341245 209.899244 420.898143 609.648607 1023.377992
0.346002 206.047969 414.853217 602.261328 1013.303503
0.350825 202.081811 407.984727 593.441486 1000.607993
0.355715 198.011849 400.632044 583.821435 985.975912
0.360673 193.117886 392.147791 572.986937 970.951338
0.365701 187.234471 381.231750 558.225457 950.237559
0.370799 182.441166 372.188124 546.071166 932.155232
0.375968 178.115021 364.017409 535.033236 915.433889
0.381208 173.840213 356.332632 524.809935 900.201421
0.386522 170.350456 351.134981 519.033415 890.962540
0.391910 166.937259 343.251658 506.966296 873.829649
0.397373 163.126810 336.884942 499.319573 861.891645
0.402912 160.124656 332.341582 493.321018 850.658303
0.408529 157.203894 326.102422 484.451853 838.077701
0.414223 153.505402 318.551302 474.540482 826.103410
0.419997 149.690029 312.031606 466.492545 814.610823
0.425852 146.530739 306.329199 458.608959 800.948952
0.431788 143.115001 299.873712 449.126654 786.166947
0.437807 140.082615 293.943992 440.805985 772.413084
0.443910 137.517750 289.969643 436.039270 767.597405
0.450097 133.701140 282.918653 426.506949 753.222135
0.456372 130.586836 276.573039 417.443514 736.908001
0.462733 128.600713 273.886385 414.716792 734.740467
0.469183 125.432817 267.673844 405.925700 719.792459
0.475724 123.213761 263.380772 400.203947 711.152932
0.482355 120.094389 257.114086 391.322525 699.175086
0.489079 117.543067 252.174335 384.748087 688.761090
0.495896 115.546757 248.418082 379.035172 677.999165
0.502809 112.841204 243.820797 372.877891 668.894063
0.509818 110.656421 239.875322 367.347791 657.712460
0.516924 108.655827 236.168223 362.361423 651.087572
0.524130 105.058778 229.987969 354.711518 641.642451
0.531436 103.189539 227.245932 351.140636 635.482077
0.538844 101.076281 222.525449 344.066416 624.518542
0.546355 99.284901 219.090453 338.995088 615.730386
0.553971 96.614761 214.396274 333.174031 606.527239
0.561693 94.875438 211.079418 328.476476 599.283694
0.569523 92.921862 207.858843 324.715932 591.525670
0.577461 90.779815 202.944978 317.303780 580.555373
0.585511 89.074448 199.891235 312.655205 572.157961
0.593673 87.024956 195.193234 306.088240 562.203942
0.601948 85.483865 192.943163 302.506897 555.247705
0.610339 83.428423 189.461995 298.128119 547.437646
0.618847 81.550396 186.207731 295.165672 545.409009
0.627473 80.170481 182.813173 289.228565 535.360698
0.636220 78.476090 179.962109 285.131231 526.988684
0.645088 76.581674 176.604926 280.545029 518.942667
0.654081 74.973144 172.801469 274.717325 510.026321
0.663198 73.230377 169.981537 271.781600 504.773736
0.672443 71.789130 166.908905 267.385552 499.274162
0.681816 70.162105 163.928386 262.096397 488.982004
0.691320 68.597216 160.734896 258.045277 481.951897
0.700957 67.593693 158.288121 254.450143 475.537549
0.710728 65.768066 155.477258 250.588508 467.797037
0.720635 64.721777 153.010196 247.204739 463.497820
0.730680 63.334312 150.640554 243.376032 455.213017
0.740866 61.893314 147.631548 238.973848 448.936850
0.751193 60.538878 144.833907 235.387540 442.844304
0.761664 59.351355 142.153686 231.530340 436.747038
0.772281 58.484117 140.679336 229.012027 430.606775
0.783046 57.235480 137.938522 225.082906 424.875223
0.793962 56.100428 136.100893 222.137602 420.127209
0.805029 54.838051 133.430261 219.020793 414.540272
0.816251 53.811297 131.484808 215.463574 406.989443
0.827629 52.461547 128.785269 211.891888 401.720371
0.839166 51.733966 127.292049 208.865550 396.972978
0.850863 50.772079 124.992396 205.929022 391.536944
0.862724 49.582018 122.928789 202.798379 385.025872
0.874750 48.629605 120.767372 199.718801 379.919981
0.886943 47.723847 118.964320 196.906315 374.947487
0.899307 46.702076 117.004325 193.862687 369.364013
0.911843 45.933002 114.963529 190.585029 362.793360
0.924553 44.866476 112.959082 187.438070 358.300272
0.937441 43.954885 111.117636 184.907280 353.637804
0.950508 43.163381 109.270500 182.156096 348.217944
0.963758 42.198292 107.134331 178.824168 343.149181
0.977192 41.544541 106.461922 177.093120 338.391567
0.990814 40.690314 104.378593 174.111711 333.899862
1.004625 39.868979 102.384948 170.986154 328.062775
1.018629 39.147630 100.903198 168.568466 323.188074
1.032828 38.339616 99.219623 166.224725 319.613331
1.047225 37.533809 97.754001 163.501525 314.064997
1.061823 36.884987 96.365654 161.208887 309.550752
1.076624 36.151720 94.772814 158.700209 304.941265
1.091632 35.508593 93.163376 156.456491 300.177472
1.106848 34.774006 91.501356 153.900940 295.918056
1.122277 34.100528 90.221105 151.361864 291.164342
1.137921 33.434842 88.590524 148.955411 286.758549
1.153783 32.852774 87.201948 146.679284 282.682078
1.169866 32.238910 85.890786 144.361215 278.742733
1.186174 31.610606 84.606006 142.180112 274.459394
1.202708 31.053269 83.233464 140.081577 270.295110
1.219473 30.497940 81.962588 138.070493 265.845900
1.236472 29.921142 80.695070 136.030687 262.042361
1.253708 29.389825 79.401549 133.714812 258.141416
1.271184 28.863595 78.426115 132.102657 254.225591
1.288904 28.336623 76.902300 129.697880 250.658473
1.306870 27.799354 75.700616 127.649970 246.531171
1.325087 27.344831 74.561487 125.757902 242.365835
1.343558 26.854920 73.366357 123.714910 238.651921
1.362287 26.400270 72.177335 121.628696 234.751954
1.381276 25.904569 71.069913 119.496175 230.979444
1.400531 25.461304 69.937862 117.678819 226.962356
1.420053 24.988268 68.722499 115.882050 223.130990
1.439848 24.553369 67.732262 113.847723 219.559696
1.459919 24.092174 66.614441 111.982163 215.690189
1.480269 23.730074 65.440249 110.048753 211.731867
1.500903 23.302732 64.447401 108.159209 208.611361
1.521825 22.880067 63.472077 106.521275 204.883146
1.543038 22.468068 62.420561 104.794566 201.596960
1.564548 22.115158 61.414223 102.997358 197.973771
1.586357 21.735333 60.501921 101.293159 194.466500
1.608469 21.337214 59.530364 99.575350 191.219631
1.630891 21.041587 58.462897 97.691679 187.568712
1.653624 20.643669 57.479721 96.116533 184.460922
1.676675 20.280329 56.641888 94.533406 180.976322
1.700047 19.925293 55.705556 92.837136 177.759329
1.723745 19.608880 54.743223 91.223240 174.301292
1.747773 19.248020 53.797115 89.555608 171.055813
1.772136 18.915242 52.897297 87.913463 167.980311
1.796838 18.606982 51.991162 86.361321 164.755200
1.821885 18.320295 51.114589 84.744297 161.672089
1.847281 17.995024 50.320825 83.314485 158.625400
1.873032 17.694547 49.440927 81.606577 155.652814
1.899141 17.393562 48.537182 80.175495 152.609619
1.925614 17.133383 47.727636 78.742945 149.541848
1.952456 16.873588 46.953475 77.328786 146.618553
1.979672 16.550252 46.184833 75.886343 143.732126
2.007267 16.297215 45.378485 74.323401 140.980900
2.035248 16.003805 44.536310 72.919756 138.051100
2.063618 15.734822 43.714122 71.531706 135.207572
2.092383 15.482402 42.950963 70.109578 132.427830
2.121550 15.211388 42.147458 68.731249 129.652527
2.151123 14.960417 41.393456 67.337182 126.852512
2.181109 14.705332 40.606846 66.009775 124.252546
2.211512 14.461322 39.834232 64.624104 121.477325
2.242340 14.216018 39.129317 63.341812 118.922578
2.273597 13.961029 38.390735 61.991782 116.366877
2.305289 13.743400 37.658806 60.741652 113.858054
2.337424 13.510295 36.929186 59.476547 111.382439
2.370006 13.280808 36.230405 58.250363 109.011082
2.403043 13.044741 35.543639 57.006101 106.581553
2.436540 12.833586 34.870375 55.822725 104.200587
2.470504 12.617545 34.205780 54.622119 101.904894
2.504942 12.405006 33.551306 53.468023 99.634735
2.539859 12.201372 32.871935 52.306690 97.342112
2.575263 11.980944 32.195006 51.208759 95.176963
2.611161 11.782490 31.556444 50.043905 92.980523
2.647559 11.577713 30.908374 48.920868 90.800864
2.684465 11.378774 30.301229 47.825432 88.678278
2.721885 11.170271 29.640632 46.758394 86.606628
2.759826 10.976931 29.005267 45.692456 84.580179
2.798297 10.781779 28.420351 44.650628 82.620276
2.837304 10.594008 27.811055 43.629554 80.661451
2.876854 10.406206 27.209630 42.634398 78.771943
2.916956 10.225404 26.644539 41.659511 76.879076
2.957617 10.049484 26.076457 40.719828 75.059855
2.998844 9.871948 25.525424 39.777875 73.272274
3.040646 9.698185 24.969289 38.854907 71.570732
3.083031 9.527771 24.424948 37.952965 69.849676
3.126007 9.361445 23.896179 37.066443 68.171332
3.169582 9.191817 23.357728 36.172620 66.520340
3.213764 9.024688 22.837198 35.311791 64.906612
3.258562 8.857176 22.331414 34.468601 63.317001
3.303985 8.694376 21.812186 33.630140 61.762682
3.350041 8.536730 21.305990 32.806013 60.231271
3.396739 8.373691 20.812299 32.012220 58.726687
3.444087 8.217172 20.323949 31.212723 57.272997
3.492096 8.065238 19.854041 30.450666 55.859856
3.540774 7.908706 19.390834 29.709555 54.478629
3.590130 7.761159 18.931744 28.969591 53.132895
3.640175 7.616468 18.486849 28.266097 51.811427
3.690917 7.468905 18.063839 27.553992 50.530677
3.742366 7.325802 17.624662 26.877912 49.290584
3.794533 7.188492 17.211906 26.214262 48.062278
3.847427 7.048694 16.797234 25.561463 46.877922
3.901058 6.910213 16.395672 24.925835 45.702870
3.955436 6.778178 15.998656 24.292733 44.553432
4.010573 6.641591 15.607282 23.682688 43.438744
4.066478 6.507208 15.219004 23.078553 42.331732
4.123163 6.373446 14.846437 22.485213 41.250658
4.180637 6.245928 14.479830 21.911178 40.193993
4.238913 6.116398 14.114796 21.343610 39.173893
4.298001 5.987132 13.761439 20.799274 38.169824
4.357913 5.866605 13.415578 20.268110 37.205072
4.418660 5.743522 13.083421 19.741154 36.263721
4.480254 5.623159 12.754887 19.235024 35.337595
4.542706 5.506314 12.433784 18.739658 34.438760
4.606029 5.390577 12.126552 18.259519 33.571003
4.670234 5.276460 11.821298 17.798852 32.724639
4.735335 5.165811 11.526503 17.342266 31.896624
4.801343 5.057236 11.240983 16.899986 31.083274
4.868271 4.948310 10.956936 16.465621 30.291962
4.936132 4.841597 10.678200 16.038588 29.517229
5.004939 4.734893 10.406220 15.622856 28.755483
5.074705 4.629521 10.139473 15.213013 28.013787
5.145444 4.527076 9.878845 14.816756 27.285640
5.217169 4.424719 9.623205 14.426816 26.575784
5.289893 4.326576 9.375375 14.051391 25.885890
5.363631 4.227686 9.133418 13.680049 25.213628
5.438397 4.132583 8.897448 13.323269 24.554791
5.514206 4.039005 8.668623 12.974800 23.917001
5.591071 3.946310 8.447153 12.636698 23.297393
5.669007 3.857767 8.230980 12.308579 22.698646
5.748030 3.769887 8.020494 11.988802 22.109677
5.828155 3.684380 7.816178 11.678634 21.538980
5.909396 3.600328 7.617279 11.376717 20.986498
5.991770 3.517849 7.422764 11.080675 20.447543
6.075292 3.437062 7.233324 10.793333 19.913385
6.159978 3.356927 7.046769 10.512286 19.395691
6.245845 3.278762 6.864357 10.237327 18.887250
6.332908 3.201157 6.686084 9.966161 18.387772
6.421186 3.125697 6.512403 9.702269 17.901568
6.510694 3.051340 6.342649 9.445954 17.428619
6.601449 2.979055 6.177718 9.196054 16.966059
6.693470 2.907801 6.016751 8.952016 16.515024
6.786773 2.838743 5.860397 8.714869 16.078573
6.881377 2.771535 5.708917 8.484874 15.651960
6.977300 2.705956 5.561642 8.262994 15.238031
7.074559 2.642209 5.418533 8.045295 14.835471
7.173175 2.579818 5.279721 7.834709 14.445002
7.273165 2.519449 5.144728 7.630527 14.065600
7.374549 2.460145 5.013307 7.431297 13.696310
7.477346 2.402100 4.885229 7.238051 13.335085
7.581576 2.345637 4.759713 7.048092 12.982679
7.687260 2.289922 4.637249 6.862585 12.637326
7.794416 2.235282 4.517620 6.680011 12.298560
7.903066 2.181949 4.399688 6.502117 11.967004
8.013230 2.129518 4.285542 6.329454 11.644188
8.124930 2.078338 4.173787 6.160704 11.328359
8.238187 2.028585 4.065064 5.995759 11.020764
8.353023 1.979907 3.959270 5.835433 10.721205
8.469460 1.932694 3.856526 5.680122 10.430412
8.587519 1.886770 3.756571 5.529080 10.147628
8.707225 1.842052 3.659529 5.382623 9.874307
8.828599 1.798710 3.565737 5.240656 9.606292
8.951665 1.756374 3.474652 5.102333 9.348117
9.076446 1.715429 3.385965 4.968536 9.096480
9.202967 1.675412 3.299683 4.838558 8.851823
9.331251 1.636320 3.215628 4.711589 8.613506
9.461324 0.000000 0.000000 0.000000 0.000000
9.593209 0.000000 0.000000 0.000000 0.000000
9.726934 0.000000 0.000000 0.000000 0.000000
9.862522 0.000000 0.000000 0.000000 0.000000
10.000000 0.000000 0.000000 0.000000 0.000000
