0.010000 6142.343818 11447.045164 15634.752384 22968.028354
0.010139 6176.621372 11508.154772 15718.027981 23104.910786
0.010281 6210.288815 11568.416978 15800.658923 23241.720263
0.010424 6243.338358 11627.814764 15882.589121 23378.678625
0.010569 6275.763592 11686.309910 15963.758550 23515.902847
0.010717 6307.560961 11743.872594 16044.080775 23653.447406
0.010866 6338.732871 11800.491099 16123.489666 23791.293010
0.011018 6369.274751 11856.121716 16201.906841 23929.269765
0.011171 6399.184358 11910.708683 16279.196974 24067.112172
0.011327 6428.447925 11964.234060 16355.238433 24204.394245
0.011485 6457.066016 12016.637979 16429.873083 24340.618556
0.011645 6485.024550 12067.878854 16502.954629 24475.253486
0.011807 6512.312801 12117.933745 16574.320243 24607.703755
0.011972 6538.907841 12166.728850 16643.804392 24737.334706
0.012139 6564.801321 12214.229719 16711.257765 24863.613225
0.012308 6589.963334 12260.371661 16776.503087 24985.921875
0.012479 6614.371867 12305.119928 16839.421558 25103.748395
0.012653 6637.995184 12348.439951 16899.863567 25216.632351
0.012830 6660.806976 12390.287514 16957.705421 25324.146021
0.013009 6682.768413 12430.578962 17012.830678 25425.953864
0.013190 6703.859118 12469.311009 17065.185794 25521.885111
0.013374 6724.041449 12506.410885 17114.694913 25611.776352
0.013560 6743.286788 12541.875927 17161.342281 25695.575289
0.013749 6761.544126 12575.603676 17205.051375 25773.241866
0.013941 6778.784303 12607.571350 17245.827095 25844.798028
0.014135 6794.969749 12637.715908 17283.636228 25910.331719
0.014332 6810.074000 12665.993787 17318.502166 25969.976030
0.014532 6824.060377 12692.360829 17350.429996 26023.857155
0.014735 6836.897450 12716.772176 17379.453187 26072.196899
0.014940 6848.555673 12739.162178 17405.579694 26115.249923
0.015148 6859.062881 12759.604149 17429.037842 26153.583630
0.015359 6868.361911 12777.980803 17449.749270 26187.314781
0.015573 6876.402279 12794.214017 17467.681412 26216.629404
0.015791 6883.161110 12808.224981 17482.852864 26241.857809
0.016011 6888.619120 12819.994345 17495.286412 26263.336683
0.016234 6892.760528 12829.462405 17505.000339 26281.397319
0.016460 6895.562083 12836.599209 17512.020146 26296.380441
0.016690 6897.014830 12841.344720 17516.358809 26308.646420
0.016922 6897.104954 12843.668945 17518.014308 26318.458417
0.017158 6895.819263 12843.542092 17516.952206 26326.024600
0.017397 6893.132376 12840.874751 17513.122670 26331.496247
0.017640 6889.040062 12835.658007 17506.479380 26334.952049
0.017886 6883.528625 12827.813640 17496.954269 26336.374061
0.018135 6876.578649 12817.324273 17484.453312 26335.660619
0.018388 6868.187068 12804.123465 17468.914276 26332.725717
0.018644 6858.348333 12788.215848 17450.264811 26327.369983
0.018904 6847.052531 12769.557188 17428.431150 26319.316032
0.019167 6834.288142 12748.114460 17403.305595 26308.215105
0.019435 6820.047667 12723.865912 17374.788820 26293.650684
0.019706 6804.331186 12696.801140 17342.819908 26275.216511
0.019980 6787.137095 12666.921115 17307.320587 26252.467300
0.020259 6768.464179 12634.218166 17268.245164 26224.928852
0.020541 6748.313103 12598.675881 17225.507824 26192.141965
0.020828 6726.690172 12560.339001 17179.078517 26153.643001
0.021118 6703.612616 12519.193212 17128.904861 26108.977893
0.021412 6679.162623 12475.365170 17075.022645 26057.651639
0.021711 6653.855626 12429.582740 17018.089014 25999.569965
0.022013 6627.097828 12381.003057 16957.186336 25933.779738
0.022320 6598.911150 12329.654308 16892.287491 25859.863380
0.022631 6569.287045 12275.524791 16823.264016 25777.383763
0.022947 6538.244787 12218.652780 16750.115974 25686.014830
0.023267 6505.793732 12159.036228 16672.752871 25585.412834
0.023591 6471.973457 12096.752767 16591.189003 25475.454188
0.023920 6436.791129 12031.779469 16505.366881 25355.898199
0.024253 6400.279546 11964.202968 16415.319690 25226.723987
0.024591 6362.456395 11894.059212 16321.034710 25087.933363
0.024934 6323.366010 11821.403497 16222.584106 24939.731419
0.025282 6283.042113 11746.290399 16120.076012 24782.352520
0.025634 6241.523289 11668.803816 16013.593536 24616.123654
0.025991 6198.848046 11589.036988 15903.285227 24441.398076
0.026354 6155.066836 11507.092559 15789.314527 24258.642777
0.026721 6110.219319 11423.022581 15671.869653 24068.348179
0.027094 6064.335648 11336.908615 15551.089054 23870.942660
0.027471 6017.432753 11248.811643 15427.118158 23666.862675
0.027854 5969.455665 11158.651890 15299.965423 23456.423873
0.028242 5920.120307 11065.998460 15169.246227 23239.444742
0.028636 5869.842482 10971.551404 15035.809686 23017.130186
0.029035 5818.656164 10875.359251 14899.853779 22789.929262
0.029440 5766.595242 10777.509884 14761.547780 22558.251704
0.029850 5713.714613 10678.120476 14621.093024 22322.588471
0.030266 5660.060110 10577.267307 14478.661110 22083.342069
0.030688 5605.690283 10475.085882 14334.442705 21841.010876
0.031116 5550.665321 10371.680792 14188.638483 21596.041079
0.031550 5495.056172 10267.195942 14041.451037 21348.936335
0.031990 5438.937607 10161.764540 13893.105624 21100.183889
0.032436 5382.399469 10055.569377 13743.821514 20850.311399
0.032888 5325.535457 9948.767836 13593.832935 20599.903464
0.033346 5268.447410 9841.554247 13443.414601 20349.533460
0.033811 5211.203750 9734.051818 13292.761409 20099.650111
0.034282 5153.862282 9626.358966 13141.966587 19850.654760
0.034760 5096.291199 9518.611740 12991.687054 19604.939430
0.035245 5038.709274 9410.836616 12841.527746 19360.789030
0.035736 4981.173976 9303.120154 12691.617465 19118.437109
0.036234 4923.741621 9195.555946 12542.065149 18878.146430
0.036739 4866.477711 9088.253750 12393.051101 18640.214754
0.037251 4809.449893 8981.330491 12244.716764 18404.878389
0.037771 4752.730055 8874.910267 12097.245680 18172.347491
0.038297 4696.397230 8769.111254 11950.819308 17942.878047
0.038831 4640.534026 8664.082754 11805.607428 17716.643109
0.039372 4585.232258 8559.976971 11661.840903 17493.843665
0.039921 4530.580470 8456.939811 11519.688457 17274.659226
0.040478 4476.656955 8355.070560 11379.247796 17058.924198
0.041042 4423.252761 8253.203597 11238.087909 16840.492151
0.041614 4370.800126 8152.936066 11099.265856 16626.335407
0.042194 4319.336349 8054.340128 10962.859243 16416.427471
0.042782 4268.889766 7957.465939 10828.935889 16210.742871
0.043379 4219.483469 7862.357613 10697.552414 16009.235007
0.043983 4171.136543 7769.055168 10568.746573 15811.904276
0.044596 4123.870311 7677.603522 10442.587985 15618.723284
0.045218 4077.693691 7588.035396 10319.095804 15429.716812
0.045848 4032.616777 7500.379341 10198.319854 15244.887643
0.046487 3988.650595 7414.676805 10080.299529 15064.278886
0.047135 3946.073235 7332.483472 9968.217023 14895.527969
0.047792 3904.775016 7253.200496 9860.815056 14735.575305
0.048459 3864.567256 7175.884898 9756.158983 14579.766615
0.049134 3825.422012 7100.508882 9654.202880 14428.053415
0.049819 3787.301337 7027.025314 9554.877133 14280.343753
0.050513 3750.151929 6955.362670 9458.088610 14136.530913
0.051218 3713.927197 6885.459192 9363.749426 13996.490014
0.051931 3678.570188 6817.229677 9271.736460 13860.060923
0.052655 3644.015476 6750.579504 9181.923654 13727.084623
0.053389 3609.861467 6684.189884 9091.892688 13592.302357
0.054134 3575.986221 6617.730797 9001.082780 13454.576847
0.054888 3542.671915 6552.468860 8911.970699 13319.636263
0.055653 3509.856545 6488.296800 8824.403811 13187.256729
0.056429 3477.326688 6424.834332 8737.867154 13056.736954
0.057216 3445.086764 6362.120157 8652.434420 12928.223202
0.058013 3412.989741 6299.915969 8567.811482 12801.414010
0.058822 3381.062422 6238.261793 8484.039765 12676.337791
0.059642 3349.271379 6177.531531 8402.065734 12555.698937
0.060473 3318.062552 6119.350021 8324.922031 12446.273746
0.061316 3286.493786 6060.665691 8247.084927 12336.141975
0.062171 3254.509763 6001.386248 8168.428191 12225.163510
0.063038 3221.959622 5941.242436 8088.585982 12112.843071
0.063916 3188.761520 5880.081029 8007.320775 11998.789080
0.064807 3154.780977 5817.626401 7924.228870 11882.360221
0.065711 3119.932755 5753.691047 7839.020811 11763.016238
0.066627 3082.613130 5682.831589 7741.614544 11618.209525
0.067555 3044.221789 5610.031816 7641.374729 11469.106708
0.068497 3004.740845 5535.318694 7538.413863 11316.017494
0.069452 2964.110533 5458.564781 7432.566457 11158.652738
0.070420 2922.296837 5379.693562 7323.723820 10996.720610
0.071402 2879.269454 5298.639024 7211.802490 10830.054335
0.072397 2835.360572 5216.371118 7098.598677 10662.793133
0.073406 2790.636486 5133.076391 6984.474804 10495.715969
0.074429 2744.722662 5047.611404 6867.343526 10323.748027
0.075467 2697.680385 4960.082755 6747.373181 10147.066384
0.076519 2649.566417 4870.603847 6624.750123 9965.917830
0.077585 2600.470818 4779.343164 6499.731319 9780.648281
0.078667 2551.616117 4690.081277 6378.971373 9605.005153
0.079763 2503.805812 4605.231714 6266.685753 9447.613229
0.080875 2455.314737 4519.076698 6152.605745 9286.709422
0.082003 2406.304745 4431.915047 6037.155889 9122.917622
0.083146 2356.947305 4344.072481 5920.786755 8956.905216
0.084305 2307.428727 4255.903737 5803.981728 8789.401907
0.085480 2256.716374 4163.776284 5680.146946 8606.506662
0.086671 2205.706501 4070.327944 5553.789179 8417.268709
0.087880 2155.215295 3977.908151 5428.898517 8229.672199
0.089105 2105.448426 3886.900916 5305.988052 8044.530634
0.090347 2056.618444 3797.701594 5185.577239 7862.668752
0.091606 2009.735776 3713.268728 5072.666678 7693.900339
0.092883 1964.896078 3633.649436 4967.182038 7537.883108
0.094178 1921.507101 3556.716118 4865.266567 7386.719385
0.095490 1879.737667 3482.777815 4767.320453 7241.042139
0.096822 1839.723804 3412.082330 4673.656082 7101.362055
0.098171 1801.844964 3345.757854 4586.200316 6971.577390
0.099540 1766.017412 3283.359159 4504.058608 6849.726953
0.100927 1732.188328 3224.619656 4426.693209 6734.660577
0.102334 1700.384660 3169.585022 4354.150200 6626.472102
0.103761 1669.732671 3115.588440 4281.833614 6516.132406
0.105207 1637.821412 3055.288086 4197.109106 6378.834195
0.106673 1607.879261 2998.656440 4117.230754 6248.788598
0.108160 1579.780714 2945.442084 4041.841879 6125.469174
0.109668 1553.370598 2895.338542 3970.519441 6008.247667
0.111197 1529.075844 2849.797383 3905.633321 5900.862868
0.112747 1506.073416 2806.625104 3843.815807 5798.098097
0.114318 1484.095905 2765.279386 3784.312332 5698.850995
0.115912 1462.885703 2725.277778 3726.477199 5602.186070
0.117528 1443.656666 2690.510506 3677.055171 5521.132939
0.119166 1424.753279 2656.380027 3628.466712 5441.677567
0.120827 1405.762674 2621.976122 3579.371968 5361.623237
0.122511 1386.396561 2586.773916 3529.111337 5280.228160
0.124219 1366.207396 2549.977162 3476.941929 5198.041000
0.125951 1345.216245 2511.591301 3422.542047 5112.834392
0.127706 1323.253110 2471.295241 3365.503732 5024.065225
0.129487 1300.655239 2429.995707 3307.129752 4933.311091
0.131292 1277.434821 2387.751137 3247.536902 4840.727165
0.133122 1252.993989 2343.141243 3184.763202 4743.936155
0.134977 1227.411040 2296.364773 3119.173609 4643.703135
0.136859 1202.267169 2252.948977 3061.157289 4563.625973
0.138766 1176.165223 2207.563492 3000.455870 4479.821351
0.140701 1149.316545 2160.600936 2937.628446 4393.105473
0.142662 1122.863897 2114.298378 2875.233512 4304.654704
0.144651 1096.446537 2067.908267 2812.622754 4215.356824
0.146667 1070.070093 2021.412816 2749.961362 4126.314397
0.148711 1041.189555 1967.498108 2675.686336 4017.877684
0.150784 1011.141781 1909.609663 2595.114344 3898.810537
0.152886 982.234564 1853.899028 2517.767812 3784.934553
0.155018 957.026749 1807.514069 2455.051543 3696.277460
0.157178 934.949495 1768.622308 2403.897712 3627.213431
0.159369 914.427850 1732.558449 2356.727314 3564.156446
0.161591 896.127067 1700.891661 2315.708064 3510.091085
0.163843 879.732413 1672.872529 2279.813572 3463.613642
0.166127 864.926803 1647.792193 2248.064844 3423.361371
0.168443 847.364765 1614.079126 2202.689244 3359.731873
0.170791 830.671691 1581.643632 2158.998788 3298.274605
0.173172 815.890469 1553.453847 2121.550537 3246.281153
0.175586 805.074954 1535.127932 2098.813647 3216.797610
0.178033 794.743413 1517.729912 2077.488106 3189.372444
0.180515 782.442676 1494.000591 2045.546418 3141.833580
0.183031 768.765716 1466.140571 2006.827287 3081.539224
0.185583 754.916418 1438.458197 1968.930057 3023.431981
0.188169 741.506105 1414.291728 1938.736170 2983.347409
0.190792 727.279866 1388.610779 1906.504880 2939.906429
0.193452 711.614584 1360.110012 1870.693787 2892.597985
0.196149 694.881634 1329.556451 1832.119298 2841.319994
0.198883 678.916017 1301.323075 1796.847269 2794.024785
0.201655 664.536547 1277.309889 1767.553031 2754.501815
0.204466 649.390880 1251.356805 1735.154919 2709.346312
0.207316 632.406773 1219.461623 1692.612786 2645.527224
0.210206 615.577719 1187.841436 1650.332600 2581.759280
0.213136 603.980783 1171.602291 1632.718914 2559.334939
0.216107 593.166262 1156.972024 1617.317256 2540.116431
0.219120 578.665859 1132.014242 1586.449502 2499.389041
0.222174 564.176598 1106.306126 1554.123958 2456.612495
0.225271 551.376747 1084.463948 1527.261745 2420.904061
0.228411 539.846472 1065.254284 1503.977069 2390.087597
0.231595 529.939048 1047.855715 1480.954880 2353.357078
0.234823 521.070123 1032.023848 1459.270385 2316.491313
0.238097 510.215926 1010.938770 1430.070918 2270.887734
0.241416 499.107184 989.032489 1399.604169 2224.033995
0.244781 487.966798 968.177591 1371.453289 2180.843971
0.248193 476.914818 947.691422 1343.822748 2138.388091
0.251653 470.370793 937.885732 1331.202586 2118.490388
0.255161 462.151124 924.232526 1313.110674 2090.948892
0.258717 449.531128 900.255158 1280.547630 2043.822792
0.262324 438.895514 881.623151 1255.884534 2008.472647
0.265980 430.543334 869.043814 1240.171030 1986.505846
0.269688 419.399214 849.426784 1213.895503 1946.818674
0.273447 407.643526 828.125162 1185.074049 1903.004725
0.277259 399.046774 814.741965 1168.780663 1882.674019
0.281124 390.128773 799.822552 1150.279321 1860.991169
0.285043 380.752824 782.806649 1128.814801 1837.666389
0.289016 372.539676 769.187793 1111.300684 1812.395268
0.293045 365.030996 756.371121 1093.852151 1784.463522
0.297130 357.835137 741.643418 1071.020265 1745.287861
0.301271 351.439174 730.851843 1056.738620 1724.575259
0.305471 345.037739 720.682711 1044.484418 1709.536700
0.309729 337.040890 706.281420 1026.106669 1686.620479
0.314047 329.649460 691.298953 1004.460576 1651.850258
0.318424 323.062941 678.091836 985.299614 1621.024373
0.322863 318.094193 670.314061 976.100675 1612.322920
0.327363 310.629471 655.066126 954.190136 1578.888496
0.331927 302.950973 639.940934 933.399785 1549.594805
0.336554 295.864121 627.263372 917.434219 1530.815994
0.341245 291.447208 621.581405 910.494358 1520.311490
0.346002 286.525599 613.247617 899.617965 1506.885665
0.350825 281.748689 604.164824 887.304068 1491.039472
0.355715 277.184870 594.984546 874.602290 1473.623598
0.360673 271.801559 584.696018 860.956035 1456.586832
0.365701 265.075998 571.074317 842.323198 1434.275065
0.370799 259.880228 560.374087 827.591317 1414.918578
0.375968 255.170212 550.638666 814.021390 1397.312414
0.381208 250.201486 540.961138 800.646901 1380.820381
0.386522 246.098779 534.734066 792.916641 1368.456555
0.391910 241.787445 523.371804 775.654977 1349.718085
0.397373 236.836146 514.961357 764.861171 1334.112511
0.402912 233.168479 508.757062 755.530806 1318.339810
0.408529 229.234757 499.354795 741.951610 1302.122794
0.414223 224.256453 488.612725 727.992700 1288.416952
0.419997 219.545803 480.295112 717.343826 1274.681504
0.425852 215.928495 473.052625 706.527569 1257.253873
0.431788 211.980212 464.590308 693.714598 1240.343563
0.437807 208.495406 457.354940 683.086156 1223.983926
0.443910 205.673289 453.087210 678.104036 1222.988367
0.450097 200.669941 443.658130 664.925505 1204.732769
0.456372 196.394434 434.718258 651.565920 1181.002364
0.462733 193.905408 431.636878 648.405937 1179.574267
0.469183 189.360401 422.568586 635.002292 1156.953577
0.475724 186.109611 416.399443 626.578748 1144.631404
0.482355 181.576350 407.158618 613.843408 1128.658529
0.489079 178.015039 400.549842 604.744372 1113.749954
0.495896 175.423914 395.606387 596.664754 1098.265409
0.502809 171.848558 389.654119 588.612199 1086.301310
0.509818 168.858445 384.453200 580.571185 1068.741868
0.516924 166.087202 379.547657 574.179536 1059.335805
0.524130 160.825184 371.065969 564.117382 1046.398221
0.531436 158.141484 367.163654 558.486810 1036.321032
0.538844 154.888430 359.989475 547.967130 1019.683843
0.546355 152.215031 354.899280 540.283058 1005.815066
0.553971 148.294871 348.472469 532.161597 991.206828
0.561693 145.734734 343.648808 525.400985 979.319390
0.569523 142.942127 339.554338 520.243019 964.971078
0.577461 139.687355 332.094020 509.622138 948.970836
0.585511 137.234259 327.475519 502.352260 935.628465
0.593673 134.115696 320.203477 492.830621 919.638733
0.601948 131.963290 316.947252 487.173196 907.705516
0.610339 128.936515 311.886454 480.502677 893.081596
0.618847 126.119904 307.671862 477.380173 888.922003
0.627473 124.112009 302.126178 468.091894 873.373245
0.636220 121.785119 297.766689 461.421895 858.763696
0.645088 119.048917 292.886753 454.706845 844.983294
0.654081 116.629149 286.873791 445.865957 831.626195
0.663198 114.218214 283.245883 441.931133 821.759279
0.672443 112.156588 278.547373 435.829823 813.416849
0.681816 109.910840 273.612754 426.983848 796.804848
0.691320 107.691926 269.017112 421.194779 785.288108
0.700957 106.266845 265.155238 415.786294 774.650540
0.710728 103.747521 261.115931 409.836849 762.090886
0.720635 102.277057 257.386949 405.237723 755.849819
0.730680 100.388280 253.644946 398.909771 742.330807
0.740866 98.289885 248.954044 392.421576 733.548063
0.751193 96.358491 244.804199 387.388970 723.525774
0.761664 94.569794 240.695351 381.863233 715.609489
0.772281 93.506002 238.267623 377.665512 705.191715
0.783046 91.636415 234.041561 372.088409 696.816195
0.793962 90.082197 231.198536 367.719041 691.624419
0.805029 88.211582 227.372810 363.600138 683.516668
0.816251 86.839267 224.122588 357.756344 673.194178
0.827629 84.830783 220.084755 352.954627 666.210299
0.839166 83.920851 217.529733 348.585533 660.707833
0.850863 82.412526 214.057653 344.449448 653.032087
0.862724 80.761924 210.888565 339.878960 644.290791
0.874750 79.353744 207.596439 335.621530 637.301136
0.886943 78.091574 204.751038 331.580105 630.511805
0.899307 76.640076 201.668850 327.172043 623.170214
0.911843 75.492544 198.348037 322.296573 613.677574
0.924553 73.965117 195.191342 317.910275 608.839414
0.937441 72.667183 192.434867 314.507152 601.850056
0.950508 71.576292 189.543038 310.449979 594.921720
0.963758 70.121778 186.048957 305.724829 587.995463
0.977192 69.368725 184.928633 302.831450 581.273316
0.990814 68.128540 181.632074 298.739229 575.256605
1.004625 66.877594 178.359446 293.958782 566.875095
1.018629 65.834357 175.988024 290.159345 559.946082
1.032828 64.675663 173.391141 286.968653 555.419337
1.047225 63.538741 170.935980 282.550554 546.983930
1.061823 62.656039 168.607558 278.888433 539.953516
1.076624 61.565881 165.998393 274.991524 532.809201
1.091632 60.571190 163.459287 271.178145 525.508512
1.106848 59.523758 160.686595 267.367208 519.354901
1.122277 58.591326 158.438654 263.076585 511.650644
1.137921 57.635526 155.798684 259.279831 504.749813
1.153783 56.817969 153.401250 255.403365 498.091919
1.169866 55.869183 151.112950 251.502541 491.554392
1.186174 54.971205 148.976123 247.801941 484.135401
1.202708 54.215543 146.702899 244.041760 477.020482
1.219473 53.395640 144.548602 240.436150 469.370001
1.236472 52.550873 142.456226 236.908827 462.586380
1.253708 51.813537 140.135825 232.946839 456.192472
1.271184 51.040781 138.599441 229.797440 448.826583
1.288904 50.269674 135.935324 225.849458 442.604274
1.306870 49.424476 133.936136 222.128140 435.041992
1.325087 48.754384 131.970791 218.597238 427.741116
1.343558 48.018018 129.908564 214.998594 420.641699
1.362287 47.343581 127.811405 211.172442 413.923680
1.381276 46.618516 125.836793 207.373133 407.063479
1.400531 45.895209 123.959688 204.027573 399.524748
1.420053 45.137567 121.979453 200.702737 392.429063
1.439848 44.448828 120.143256 197.133561 385.766347
1.459919 43.675998 118.253445 193.680420 378.460985
1.480269 43.058890 116.236011 190.252910 371.020528
1.500903 42.343016 114.474535 186.884501 365.014890
1.521825 41.659501 112.853735 183.838949 358.026579
1.543038 40.961503 111.066476 180.835684 351.544394
1.564548 40.342459 109.311737 177.615131 344.640173
1.586357 39.678939 107.694851 174.573291 337.970709
1.608469 38.996404 106.045645 171.556457 331.780368
1.630891 38.453579 104.162857 168.291122 324.737435
1.653624 37.770890 102.487504 165.580462 318.777977
1.676675 37.154600 100.998071 162.734630 311.978441
1.700047 36.514208 99.347554 159.817753 305.778303
1.723745 35.912854 97.685909 156.933016 299.061345
1.747773 35.287658 96.026282 154.115355 292.740413
1.772136 34.718705 94.382538 151.271005 286.897497
1.796838 34.167182 92.809420 148.590013 280.679411
1.821885 33.609738 91.207319 145.837315 274.873270
1.847281 33.072272 89.785662 143.299300 269.018447
1.873032 32.536154 88.097912 140.507897 263.387068
1.899141 31.983485 86.550563 137.997235 257.717174
1.925614 31.487392 85.098132 135.465221 252.059069
1.952456 31.068194 83.654327 132.947182 246.584732
1.979672 30.500162 82.221707 130.473340 241.221632
2.007267 30.043027 80.689703 127.873778 236.150577
2.035248 29.516002 79.220702 125.383913 230.750439
2.063618 29.031874 77.749447 122.989070 225.538554
2.092383 28.558821 76.323480 120.521281 220.544346
2.121550 28.076204 74.865581 118.074657 215.428739
2.151123 27.616272 73.463616 115.624099 210.399294
2.181109 27.153951 72.048982 113.304145 205.613643
2.211512 26.697327 70.634272 110.891304 200.679605
2.242340 26.264676 69.293939 108.585565 196.016377
2.273597 25.795252 67.936758 106.190379 191.355558
2.305289 25.389365 66.603503 103.981418 186.857925
2.337424 24.960924 65.267367 101.719677 182.434771
2.370006 24.544573 63.987781 99.555035 178.267459
2.403043 24.122196 62.715488 97.331279 173.978107
2.436540 23.733005 61.473667 95.212219 169.858832
2.470504 23.341311 60.261211 93.108393 165.844396
2.504942 22.954991 59.072757 91.084639 162.006700
2.539859 22.594977 57.852641 89.038296 158.155839
2.575263 22.208825 56.660059 87.148213 154.505173
2.611161 21.860804 55.486014 85.136423 150.910422
2.647559 21.506708 54.317541 83.198472 147.372243
2.684465 21.155694 53.214783 81.306510 143.963432
2.721885 20.796861 52.052833 79.506047 140.645407
2.759826 20.454988 50.923853 77.695044 137.400649
2.798297 20.123240 49.859312 75.953471 134.351437
2.837304 19.795688 48.779092 74.236999 131.299344
2.876854 19.470596 47.714430 72.565423 128.359897
2.916956 19.153404 46.703572 70.926181 125.454657
2.957617 18.844794 45.706081 69.355087 122.699411
2.998844 18.531931 44.727256 67.797955 119.945844
3.040646 18.228697 43.751098 66.290000 117.351655
3.083031 17.926346 42.800411 64.813187 114.761760
3.126007 17.636313 41.877341 63.358784 112.192798
3.169582 17.338314 40.932965 61.928289 109.700353
3.213764 17.044803 40.031168 60.528654 107.231717
3.258562 16.746703 39.156032 59.151027 104.807244
3.303985 16.453762 38.260083 57.813267 102.423850
3.350041 16.168258 37.384296 56.471705 100.037284
3.396739 15.871090 36.541154 55.179945 97.720076
3.444087 15.593208 35.684912 53.888332 95.414689
3.492096 15.310349 34.871269 52.648704 93.197580
3.540774 15.027391 34.078145 51.423603 90.981843
3.590130 14.754193 33.283866 50.202912 88.838692
3.640175 14.486528 32.513456 49.031647 86.698927
3.690917 14.211920 31.769082 47.853729 84.614956
3.742366 13.947470 31.018734 46.714951 82.589004
3.794533 13.687821 30.309816 45.596913 80.556451
3.847427 13.430575 29.590793 44.495758 78.602133
3.901058 13.167158 28.906899 43.408430 76.642041
3.955436 12.920010 28.221356 42.323477 74.719411
4.010573 12.661664 27.546563 41.272686 72.841069
4.066478 12.410703 26.889163 40.222031 70.969152
4.123163 12.159491 26.245551 39.193688 69.146980
4.180637 11.913512 25.613137 38.186194 67.352538
4.238913 11.667126 24.985370 37.198272 65.624988
4.298001 11.419112 24.378780 36.236441 63.920571
4.357913 11.184481 23.786338 35.297947 62.283611
4.418660 10.944332 23.207814 34.380519 60.692545
4.480254 10.706791 22.641347 33.487776 59.142455
4.542706 10.476317 22.083426 32.618673 57.639416
4.606029 10.246614 21.551257 31.784001 56.201738
4.670234 10.020663 21.025188 30.978034 54.813502
4.735335 9.798034 20.513414 30.189560 53.458017
4.801343 9.581293 20.016679 29.427607 52.141219
4.868271 9.364590 19.524991 28.682417 50.868691
4.936132 9.150415 19.041852 27.962792 49.630469
5.004939 8.938650 18.571602 27.258634 48.420452
5.074705 8.728173 18.107332 26.573249 47.246635
5.145444 8.522836 17.656092 25.907124 46.103684
5.217169 8.318879 17.210311 25.260665 44.975917
5.289893 8.121967 16.778460 24.637632 43.883533
5.363631 7.925960 16.355068 24.022513 42.819092
5.438397 7.735890 15.941590 23.430486 41.774957
5.514206 7.549337 15.538210 22.854893 40.758736
5.591071 7.365345 15.147506 22.292416 39.767767
5.669007 7.189989 14.763247 21.750901 38.796257
5.748030 7.016961 14.391364 21.219829 37.844808
5.828155 6.849001 14.028470 20.703723 36.915936
5.909396 6.685314 13.673666 20.197918 36.010509
5.991770 6.525045 13.326504 19.703181 35.117890
6.075292 6.369362 12.989499 19.218756 34.243375
6.159978 6.216228 12.658743 18.742149 33.383297
6.245845 6.066569 12.334420 18.273784 32.534935
6.332908 5.919465 12.014550 17.811424 31.703894
6.421186 5.777077 11.704174 17.357306 30.887778
6.510694 5.636754 11.399727 16.915358 30.090758
6.601449 5.500718 11.104214 16.480689 29.315457
6.693470 5.367581 10.814278 16.054534 28.556244
6.786773 5.237279 10.533794 15.639299 27.818280
6.881377 5.111279 10.259550 15.235342 27.099222
6.977300 4.988427 9.994196 14.842665 26.404473
7.074559 4.868949 9.735077 14.458552 25.728152
7.173175 4.752336 9.484146 14.086737 25.074431
7.273165 4.639485 9.240743 13.725250 24.437827
7.374549 4.529498 9.002666 13.371857 23.821671
7.477346 4.422120 8.772513 13.031032 23.223286
7.581576 4.318346 8.546031 12.696004 22.638581
7.687260 4.216480 8.325787 12.369393 22.068769
7.794416 4.116823 8.110371 12.048362 21.511060
7.903066 4.019884 7.899748 11.735240 20.964341
8.013230 3.925640 7.694957 11.432200 20.432558
8.124930 3.833503 7.495376 11.134748 19.912626
8.238187 3.744435 7.300204 10.844775 19.407371
8.353023 3.657698 7.111093 10.563255 18.914062
8.469460 3.573793 6.927298 10.288748 18.434182
8.587519 3.492367 6.748323 10.021705 17.967384
8.707225 3.413484 6.574305 9.762002 17.512602
8.828599 3.337031 6.406595 9.508699 17.069489
8.951665 3.262786 6.243153 9.262670 16.638926
9.076446 3.190847 6.084816 9.023655 16.220357
9.202967 3.121056 5.930544 8.789807 15.810499
9.331251 3.053050 5.780354 8.561222 15.410362
9.461324 0.000000 0.000000 0.000000 0.000000
9.593209 0.000000 0.000000 0.000000 0.000000
9.726934 0.000000 0.000000 0.000000 0.000000
9.862522 0.000000 0.000000 0.000000 0.000000
10.000000 0.000000 0.000000 0.000000 0.000000
