0.01 5128.228809315682 9291.506095812301 12492.790635057967 17112.30377660085
0.01013939 5158.615634319471 9346.249863310602 12567.90796451564 17240.345200438074
0.01028073 5188.566749060059 9400.2253590691 12641.796798876945 17366.492779065575
0.01042404 5218.055519635173 9453.273725840176 12714.399037790938 17490.578262037467
0.01056935 5247.059221017908 9505.396665393042 12785.68622772945 17612.67291893161
0.01071668 5275.549237426197 9556.609525548278 12855.669188296397 17732.839044060238
0.01086606 5303.518540971134 9606.925687248457 12924.349580165035 17851.2008549447
0.01101753 5330.966999989906 9656.314623176086 12991.710099800839 17967.720483302593
0.01117111 5357.862117759252 9704.732022244412 13057.627188790539 18082.258955735764
0.01132683 5384.188104637319 9752.11778887381 13122.074191589438 18194.790639013
0.01148472 5409.919380323206 9798.443767992878 13185.034191034661 18305.367729566453
0.01164481 5435.00484715922 9843.657185198019 13246.451459958447 18413.877058920123
0.01180713 5459.427815038205 9887.722535104422 13306.231309949519 18520.3003204909
0.01197171 5483.215872632538 9930.67230805139 13364.443582925955 18624.81399859608
0.01213859 5506.33967085871 9972.470420062096 13421.051192497154 18727.35586578455
0.0123078 5528.726633365848 10012.992597872772 13475.90019840753 18827.704583077346
0.01247936 5550.3750081378885 10052.231287538221 13529.049531518385 18925.88717578838
0.01265332 5571.29589875201 10090.237178975218 13580.528523956462 19021.935171737397
0.0128297 5591.456209680515 10126.923918519691 13630.24942401436 19115.68409029524
0.01300854 5610.813048686189 10162.214493012416 13678.084886899604 19207.064006577264
0.01318987 5629.343246464022 10196.09009531998 13723.9358766844 19296.04547576083
0.01337373 5647.018763377667 10228.463132774912 13767.770529065085 19382.557525977703
0.01356015 5663.838190832509 10259.362896370227 13809.692241254803 19466.588330132123
0.01374917 5679.789351400646 10288.769472636128 13849.65788715128 19548.13071583209
0.01394083 5694.83746930759 10316.603918019531 13887.545678358 19626.924796450116
0.01413516 5708.955686738076 10342.835812263987 13923.22313537392 19702.870813288064
0.01433219 5722.13196361936 10367.444188987109 13956.67355303986 19775.9106586166
0.01453198 5734.312923769869 10390.300116069597 13987.830701466868 19845.89903814088
0.01473454 5745.478716072983 10411.401534313009 14016.715057128034 19912.797460201775
0.01493993 5755.6351497127525 10430.746130853542 14043.297598108158 19976.517706032017
0.01514819 5764.81666344499 10448.390123338062 14067.704312313808 20037.181782723055
0.01535935 5772.971987928868 10464.242621206356 14089.74872291361 20094.500533777424
0.01557345 5780.053807579184 10478.20265273155 14109.262840440693 20148.292429861398
0.01579053 5786.025662970739 10490.198375941996 14126.165456648092 20198.40070073629
0.01601064 5790.865899064796 10500.20673902921 14140.433038241357 20244.665749716114
0.01623382 5794.558794732479 10508.20452645732 14152.090085844557 20287.047125706238
0.01646012 5797.086672775632 10514.148758437614 14161.043325024992 20325.427768107802
0.01668956 5798.419046421897 10517.93743896722 14167.12059501883 20359.66060468508
0.0169222 5798.534313727031 10519.566512186435 14170.344198386532 20389.62501230823
0.01715809 5797.444423391121 10519.041655204146 14170.735868173768 20415.227271734824
0.01739726 5795.121876851196 10516.309577036296 14168.199531138167 20436.259429578757
0.01763977 5791.526351837691 10511.287421816103 14162.628682783687 20452.653907597105
0.01788566 5786.63824717329 10503.941329491563 14153.984644642856 20464.342817927547
0.01813498 5780.457703147731 10494.276683241384 14142.228244057425 20471.106468772625
0.01838777 5772.9700664166885 10482.249721527454 14127.359005490967 20472.77191397249
0.01864409 5764.157728302578 10467.83630204988 14109.297791389808 20469.251635150144
0.01890397 5754.009007155906 10451.002442338551 14088.014029118815 20460.60160961349
0.01916748 5742.510253985766 10431.723991593344 14063.437683122893 20446.831827292426
0.01943467 5729.638942782494 10409.957147096984 14035.537645795815 20427.657821641806
0.01970558 5715.400193800099 10385.687642406341 14004.292458079868 20402.910229534762
0.01998026 5699.782357095796 10358.901274107146 13969.651164537867 20372.488022145146
0.02025878 5682.774779869404 10329.544546036448 13931.562760840186 20336.445602440563
0.02054117 5664.363858747093 10297.64278923122 13890.015517844004 20294.696362535644
0.02082751 5644.5547610257645 10263.16240108549 13844.99785234567 20247.11780880467
0.02111783 5623.333910428165 10226.109296582685 13796.508218387342 20193.551613879317
0.0214122 5600.799315651059 10186.60777966444 13744.643603148137 20134.21819386955
0.02171068 5577.473581303773 10145.422904759871 13690.297423214764 20070.03764310637
0.02201331 5552.73596955889 10101.645123103031 13632.398770020714 20000.00573289442
0.02232016 5526.597650125618 10055.271254825107 13570.957451549173 19923.97861908387
0.0226313 5499.050064693157 10006.288500323091 13505.993690613908 19841.854852108612
0.02294676 5470.117260147156 9954.743472780296 13437.50868209774 19753.672668946187
0.02326663 5439.796644408014 9900.604194314456 13365.494457802004 19659.552564295354
0.02359095 5408.098483368822 9843.912932276373 13289.973295255224 19559.50349051961
0.0239198 5375.0528135711065 9784.700443407906 13210.997798711009 19453.616679061903
0.02425323 5340.6590825851035 9722.996826557077 13128.601724786271 19341.881140340418
0.0245913 5304.924659042611 9658.813765892806 13042.780277342068 19224.329145716416
0.02493409 5267.87964381276 9592.183013073258 12953.598465547648 19101.055749372514
0.02528166 5229.5403340862595 9523.11494559333 12861.102490384039 18972.15060101907
0.02563407 5189.929958716988 9451.698257759814 12765.329576852078 18837.70744506073
0.0259914 5149.077689475139 9377.956843937294 12666.367111984047 18697.89217933414
0.02635371 5107.022588838567 9301.96824066869 12564.293503247998 18552.82558247805
0.02672106 5063.798797338317 9223.796493585281 12459.197864845568 18402.660999271357
0.02709354 5019.436519741792 9143.505961139374 12351.179987637082 18247.544963618384
0.02747121 4973.97683329307 9061.154383137291 12240.310833685398 18087.646132568847
0.02785414 4927.394677843111 8976.727667027339 12126.592988579865 17923.096239167313
0.02824241 4879.499154442262 8889.952157565478 12009.753301972489 17753.725382685705
0.0286361 4830.627552979287 8801.331800021138 11890.358045173334 17580.049877158253
0.02903527 4780.829862710464 8710.975686200352 11768.569515054134 17402.42104153304
0.02944 4730.160020675446 8618.99605387465 11644.520872392184 17221.03425959816
0.02985038 4678.669985972416 8525.486519890366 11518.345671071771 17036.134105560817
0.03026648 4626.42158204049 8430.544770051256 11390.207405543275 16847.935631774973
0.03068838 4573.46872615818 8334.267588526378 11260.190821334598 16656.663191604777
0.03111616 4519.873219687166 8236.775529400375 11128.45982498462 16462.58934050288
0.0315499 4465.692901014734 8138.188185701425 10995.198181072677 16265.99536139959
0.03198969 4410.995459637744 8038.6330519861995 10860.550188008629 16067.131781167682
0.03243561 4355.84757650963 7938.210911012662 10724.729247961091 15866.276964694636
0.03288774 4300.315908548169 7837.0590463092785 10587.879540062091 15663.71732481553
0.03334618 4244.475966065949 7735.313668148517 10450.194480697688 15459.73736414996
0.03381101 4188.3913894820325 7633.112853930439 10311.798155623039 15254.62936740071
0.03428231 4132.1425598740325 7530.586645618445 10172.942812882702 15048.683516749448
0.03476019 4075.685529939255 7427.940029680123 10034.235975795918 14843.82578965279
0.03524473 4019.214065102911 7325.2385054152555 9895.435466393492 14638.733492106694
0.03573602 3962.800543330217 7222.6155732452935 9756.705705481889 14433.641264965012
0.03623416 3906.514344031373 7120.203556675794 9618.218676091745 14228.820912682922
0.03673925 3850.440584496471 7018.158293132749 9480.210198725346 14024.591281457786
0.03725137 3794.6732097690365 6916.641341335243 9342.866355725799 13821.328145217758
0.03777064 3739.269632459018 6815.772559725541 9206.372872732049 13619.228975508267
0.03829714 3684.3020134625203 6715.674566582208 9070.875634387823 13418.558241853001
0.03883098 3629.832609726893 6616.486569490385 8936.56363290066 13219.569099231825
0.03937226 3575.949263674922 6518.339672250519 8803.63737618697 13022.581947958133
0.03992109 3522.723008990599 6421.37465882884 8672.276326716192 12827.866932947003
0.04047757 3470.2120198329076 6325.666944857418 8542.56393098929 12635.438358025736
0.04104181 3418.357161680322 6230.634152561205 8413.179355210608 12441.890822682257
0.04161391 3367.3604156061874 6137.151300393402 8285.869536132357 12251.401876753715
0.04219398 3317.2847443957053 6045.338727559282 8160.806022421666 12064.179531495436
0.04278214 3268.1920794018088 5955.29490162114 8038.108859067194 11880.470412278115
0.0433785 3220.1216506416977 5867.114204887965 7917.92060080503 11700.432567333613
0.04398317 3173.1333344144887 5780.889906222947 7800.380675487042 11524.292223342043
0.04459628 3127.268250346293 5696.709235760429 7685.598785471372 11352.197025626174
0.04521792 3082.581265622936 5614.668196351798 7573.656918491195 11184.304217345085
0.04584824 3039.1025895977054 5534.820262821638 7464.645841706604 11020.731783820715
0.04648734 2996.857476865489 5457.199104202389 7358.654264893956 10861.587863744162
0.04713535 2955.9183967980343 5382.592830978414 7257.428206683143 10711.28926189399
0.04779239 2916.2908414196504 5310.731903295587 7160.302746737162 10568.132493753134
0.04845859 2877.9704421957 5241.214778740701 7066.305499424135 10429.547402356931
0.04913407 2840.9518322018357 5174.041364951554 6975.442219640587 10295.544185538061
0.04981898 2805.2345497591714 5109.212536395952 6887.725560207577 10166.152648154288
0.05051342 2770.8063147188764 5046.712400387542 6803.152443135475 10041.324637609228
0.05121755 2737.6597558841486 4986.517184136081 6721.670657603639 9921.041406508635
0.0519315 2705.772742747149 4928.603126790516 6643.259522791988 9805.225853040423
0.0526554 2675.122161253468 4872.905122746506 6567.823736505085 9693.770877520385
0.05338938 2645.4509646977726 4818.546869495156 6493.772529561771 9583.177153378687
0.0541336 2616.6772012521224 4765.3035493725665 6420.7259549895025 9472.666526738893
0.0548882 2589.011775709064 4714.073415531365 6350.393879269785 9366.159158170793
0.05565331 2562.391347002924 4664.746443844307 6282.617933346529 9263.412273377578
0.05642908 2536.704483798596 4617.104559747869 6217.121365083113 9164.022401064934
0.05721568 2511.8398326212723 4570.9319253415515 6153.632784475108 9067.585982049051
0.05801323 2487.8255389695983 4526.271492924125 6092.202578810639 8974.184291274021
0.0588219 2464.7564697805897 4483.315547195712 6033.08959479349 8884.201651437419
0.05964185 2442.7048337446963 4442.445719271595 5977.068912191186 8799.496286627835
0.06047322 2421.585779259288 4403.95082279986 5925.001123984107 8722.60839254085
0.06131619 2400.7200612048864 4365.901890053224 5873.541743841765 8646.614532252914
0.0621709 2379.7987835253007 4327.731709118642 5821.937604950104 8570.408221644453
0.06303753 2358.768282648657 4289.349718747558 5770.070998409744 8493.81619896115
0.06391624 2337.641626580651 4250.776410948694 5717.968004452717 8416.877092771116
0.0648072 2316.406413232209 4211.999043723192 5665.62735058095 8339.582164361027
0.06571058 2294.947399718565 4172.804183958389 5612.754235934997 8261.503470388017
0.06662655 2272.054393668338 4129.296081731221 5552.330371191692 8167.343672318325
0.06755528 2248.55437215491 4084.627270989963 5490.333041151194 8070.781009725473
0.06849697 2224.35617331901 4038.6743901079935 5426.662034824499 7971.813687802353
0.06945178 2199.3423473576854 3991.2489287834424 5361.0587353181045 7870.077666274408
0.0704199 2173.403443145005 3942.1570071890483 5293.267986607257 7765.1907591162235
0.07140151 2146.443871221452 3891.22089017553 5223.057516156819 7656.8150460402585
0.07239681 2118.625374316415 3838.9888282068905 5151.453369548929 7547.429225880693
0.07340598 2089.9052342429254 3785.4420411126866 5078.483104686824 7437.260131404628
0.07442922 2059.9183281494556 3729.6039924898437 5002.497647320991 7322.751370836528
0.07546673 2028.6019078075365 3671.3913644258823 4923.385602614511 7203.747022314963
0.07651869 1995.9343736251044 3610.7445234618253 4841.073517955834 7080.163093644545
0.07758532 1961.9156835257847 3547.6780901880916 4755.5906407837865 6952.016780058723
0.07866682 1927.2993096784012 3484.5651108137504 4671.086996233575 6827.911422902931
0.07976339 1892.5899329347985 3422.9182869869896 4590.198316511934 6713.238026619183
0.08087525 1856.6032746788899 3358.92392650858 4506.14922135027 6593.873266532677
0.08200261 1819.4193196821775 3292.732656513082 4419.117897746269 6470.087209556618
0.08314568 1781.1511197428626 3224.5423829260726 4329.384280958401 6342.268431046347
0.08430468 1741.9301142826803 3154.5884219967256 4237.260266498266 6210.8760132196185
0.08547985 1701.3830963494402 3081.3131295858284 4139.789808740004 6069.483699086445
0.08667139 1659.9805463490934 3006.0812878325705 4039.2702850348674 5922.6310729003635
0.08787954 1618.165023707872 2930.129404631075 3937.7910511708624 5774.37720839387
0.08910453 1576.150795388563 2853.8292679466895 3835.856700971346 5625.465774025867
0.0903466 1534.165418498994 2777.5816621292406 3734.0127711866107 5476.685836123576
0.09160598 1493.1155416974411 2703.9995607828428 3636.653658855822 5336.678356097947
0.09288292 1453.1397203632448 2633.2203078375146 3543.820288608007 5205.232693124664
0.09417766 1413.802247669145 2563.543984012864 3452.388491178285 5075.6616832983655
0.09549045 1375.325358199529 2495.3787288870058 3362.922723502681 4948.808094137949
0.09682153 1337.9299178094143 2429.1103021387216 3275.95150852412 4825.439363658599
0.09817117 1302.1526029398751 2366.1941748247714 3193.8329297280316 4710.101728677381
0.09953962 1267.9580363620462 2306.249908049258 3115.7840639849205 4600.948222891258
0.1009272 1235.3719034519881 2249.158784757516 3041.5063789433684 4497.152802841724
0.102334 1204.5515336560434 2195.2015041919312 2971.3814794883792 4399.296540995861
0.1037605 1175.085540943849 2142.989045039052 2902.8989604992594 4302.288917170398
0.1052069 1145.5654140284548 2088.171090600304 2828.556560599348 4191.3263064919465
0.1066734 1118.1499891170977 2037.2519109290256 2759.5227364925386 4088.2858130889676
0.1081604 1092.8590801692833 1990.2634953152663 2695.833994829545 3993.229218355051
0.1096681 1069.6940280383988 1947.1974289437915 2637.468728475977 3906.1250664436934
0.1111968 1048.5981395438655 1908.0232489419457 2584.3359473988558 3826.2040606412443
0.1127468 1029.449106918683 1872.4481615213679 2536.076206008156 3753.5431780710514
0.1143184 1012.1180418775511 1840.2404135971544 2492.391996451686 3687.7252615618695
0.115912 996.4550328735417 1811.116246545564 2452.9104211678396 3628.193604965732
0.1175277 982.6883192529015 1785.8288034322866 2418.8914473473783 3577.160419584923
0.119166 970.2150466334778 1762.9465914552327 2388.1555570508917 3531.0695256064296
0.1208271 958.7325852702623 1741.907580356535 2359.9209431345953 3488.7537298441866
0.1225114 947.9149432054735 1722.0633334523493 2333.28935688885 3448.8288668691803
0.1242191 936.9851370570416 1701.5406270191174 2305.4325429741853 3406.8357440236205
0.1259506 926.22106837165 1681.3449239385398 2278.0313948093517 3365.5969966226935
0.1277063 915.3188542147111 1660.9257540736685 2250.3619617118425 3324.0103872692293
0.1294865 904.2140509428754 1640.29356374999 2222.4427703249503 3281.8375291115563
0.1312915 892.6908985535302 1619.0913977155762 2193.7349127106445 3238.300167444116
0.1331216 880.2367289591989 1596.2392441616032 2162.7859962355674 3191.550307528327
0.1349772 866.6579010769644 1571.4043363350245 2129.2444898704493 3141.1057905258995
0.1368587 852.8039565390002 1547.710464131344 2099.1129946908995 3100.955420457373
0.1387665 837.540674055274 1521.4610900828527 2065.4587410184286 3055.610749941908
0.1407008 820.8397025873925 1492.58742851984 2028.2163459442065 3004.882752710312
0.1426621 803.6891157774977 1463.543928468043 1990.9856679042884 2953.9792954911404
0.1446507 785.4803501950049 1432.7256018704431 1951.3552476442096 2899.441752474308
0.1466671 766.050863513139 1399.597306006105 1908.4991743718815 2840.0622702233354
0.1487115 744.2108528854301 1360.7081417663799 1856.9201724775623 2766.4572426931345
0.1507845 720.7273569315927 1317.9226379869156 1799.4094926208693 2683.1760718613596
0.1528864 696.9205623304085 1274.5503723104443 1741.0324771127573 2598.570569024059
0.1550175 674.9028634714784 1236.3894894901061 1691.3198910112167 2530.0565961514258
0.1571784 654.3612497447741 1202.1873892096428 1648.0451652831941 2473.0591690721435
0.1593694 634.3302208646775 1168.7433079933332 1605.6166696844512 2416.9908264394167
0.1615909 615.7088100260258 1138.1791120781245 1567.2128574378405 2366.8168100606204
0.1638434 598.4172759014556 1110.0753428749576 1532.1275165962625 2321.3316977895843
0.1661273 582.4228024962254 1084.18141592614 1499.912412461434 2279.8541264403357
0.168443 565.2470986802136 1053.5936475044125 1459.4661971254236 2223.151838504959
0.170791 549.4744421555366 1025.2763754612074 1421.887745740118 2170.3940011513605
0.1731717 535.7858820486621 1001.0247850868691 1389.9651819493827 2125.908933927516
0.1755856 525.0997689991476 983.2537966285809 1367.3161291819242 2094.9243613840035
0.1780332 515.9960513688071 968.3889054994693 1348.649286897467 2069.987018401694
0.1805149 506.6284630127075 950.9329460684392 1324.5552875119333 2033.0089183291195
0.1830312 497.4719189268849 932.6416455114734 1298.2171448124611 1990.4145857955791
0.1855825 489.27235957873205 916.2946534260537 1274.7790821945898 1952.7771122720294
0.1881694 481.73697909198074 902.0007065215345 1255.325485167355 1924.125464004247
0.1907924 474.4723947882008 888.2217011781703 1236.5881375134936 1896.5182590305476
0.193452 466.61821035713837 873.0724809001196 1215.9072969515885 1866.6934086256174
0.1961486 458.2173818332223 856.8026528762331 1193.658603427329 1834.7414520270886
0.1988828 450.2043399355593 841.971162654495 1173.6879846042061 1806.167484970976
0.2016551 442.8481355029205 829.3926930901523 1157.2755927044557 1782.9054822414014
0.2044661 434.39533805289017 814.5919607057347 1137.6305252242585 1754.4677263110889
0.2073162 424.51383146769246 796.2343852865446 1112.3185663452944 1716.1614169696745
0.2102061 413.6300526648642 775.9798490374445 1084.3420692847747 1673.73249967051
0.2131362 405.36486496129817 764.7138619164826 1072.038442149173 1660.4341367965267
0.2161073 396.52925769945034 752.4197968463646 1058.3412529445702 1645.0603443584494
0.2191197 385.1115082489237 733.444049071444 1034.5193314812236 1614.8560449301333
0.2221741 373.1199521871213 712.8545838183338 1008.1337830313987 1580.5728623095144
0.2252711 361.9312356049751 694.317539551065 984.978175594896 1551.39575624337
0.2284112 351.4493075062469 677.1780674314285 963.7852049219794 1525.0404064222867
0.2315951 341.98196603801864 661.1349814700397 942.8236714840083 1495.1063650264832
0.2348235 333.54247251345424 646.6961439527016 923.6285745537818 1466.5092288628437
0.2380968 324.31970210004437 629.2533734741207 899.4570087262555 1430.2474782204006
0.2414157 315.80710563324254 612.794803610329 876.4866680723925 1395.8614444374184
0.2447809 307.6341065718624 596.9862773197137 854.6107870491694 1362.937373618802
0.248193 300.436873191879 583.0800644628142 835.4329340326858 1334.1488289570361
0.2516527 296.1934427659497 575.639509609887 825.3091399481146 1318.4331451003259
0.2551606 291.62032842273044 567.133044330575 813.5570485086937 1300.4790956714658
0.2587174 284.69552317629734 552.7536806892695 793.1157516838078 1269.9134531641046
0.2623238 279.0976360817664 541.9568291716446 778.2348479711827 1248.2204814177976
0.2659804 274.7280635778749 534.642112970306 768.8143885849964 1235.245287997464
0.2696881 268.6500118809297 523.3678895770771 753.5622688786759 1212.7644659057175
0.2734474 261.7453225105867 510.3416258868837 735.7779106650282 1186.2627833087884
0.2772591 256.42951321890655 501.784075179634 725.3607050115605 1173.936202297263
0.2811239 250.39913848181732 491.4362080714409 712.2099686121906 1157.9277599366242
0.2850426 243.80884172285639 479.46665490643073 696.5300240846257 1138.8720560751365
0.289016 237.45757009748263 468.9421963148777 683.1543893721206 1120.6439414047056
0.2930447 231.2588472804056 458.4751069968996 669.2974921868822 1099.756613138115
0.2971296 225.28558826174827 447.195799184997 652.5456571333799 1070.806291145867
0.3012714 219.73381906159824 437.61173950377474 639.81157188398 1052.1148274219825
0.305471 214.44645071999733 428.6233016230545 628.3882203699347 1036.9456482923429
0.3097291 208.50893203653038 417.41849578049596 613.2086121059017 1015.5785978030063
0.3140465 203.35990756407506 406.9483539864003 597.9001701790098 990.2560698214377
0.3184242 199.03264690139724 398.1702504954602 584.9942495940708 968.7350162627055
0.3228628 195.67250760322807 392.22482052196887 577.1767281545951 958.7206562133725
0.3273634 191.21593502525567 382.9766763581693 563.5307115906154 936.5223905782108
0.3319266 186.68793600939358 373.91691655820927 550.6962078710646 917.0233720655149
0.3365535 182.3263883410552 365.92370924179005 540.2162168368375 903.0920227205247
0.3412449 179.2022648602808 361.80573268624863 535.4551768451572 895.5644900194346
0.3460016 175.6684575243499 356.0581448574447 527.998198924597 885.0762856603228
0.3508247 172.03772340436035 349.5882895063952 519.2354176575822 872.1361400518365
0.355715 168.33128762733958 342.71271077621503 509.7665853443207 857.4459162140023
0.3606735 163.92951891261166 334.8579386848173 499.2205841397106 842.4218886742282
0.3657011 158.7115908390871 324.9565341673679 485.2698734686534 822.3672811922023
0.3707988 154.44220862107443 316.6999930032481 473.66675388388484 804.7600248949415
0.3759675 150.59849046475247 309.24595396863236 463.1232231799836 788.4449003566166
0.3812083 146.82720234227892 302.2709428755949 453.3894395449554 773.5617886396873
0.3865221 143.7398313267607 297.47429503364594 447.63206744190074 764.2042146793739
0.39191 140.71842268784778 290.43244765471786 436.4764892686879 747.9162035979836
0.397373 137.37554396691908 284.6727226063893 429.1310831833909 736.2084712318286
0.4029122 134.6892053561922 280.4442764839201 423.2150848840477 725.1598193096478
0.4085286 132.07047613947634 274.7951426185993 414.8286531688151 712.8624322476552
0.4142232 128.80185594850184 268.0371657501499 405.53102013183303 701.0101243293806
0.4199973 125.43227389399732 262.13628020398863 397.8378414755899 689.671878261837
0.4258518 122.61085321282162 256.93667845436653 390.3303156621748 676.6125315680146
0.431788 119.58470130628422 251.13335448647982 381.4935956375733 662.5740186721561
0.4378069 116.8917178029677 245.77300926078826 373.64504767509516 649.4952071738151
0.4439097 114.60783176228 242.10973756718283 368.9185501622847 644.0651785113278
0.4500975 111.31119214446773 235.93928106735657 360.26588803120427 630.8734875586147
0.4563716 108.61524538178926 230.39903541376498 352.07999189518796 616.2137974497901
0.4627332 106.85479649585324 227.9203182917603 349.2618298908134 613.4118763166917
0.4691835 104.10686363976775 222.50529268964152 341.3547349595441 600.0273455936044
0.4757236 102.15179460576431 218.685275054073 336.0006900011176 591.808370586823
0.4823549 99.4486410849178 213.2480297933953 328.0342262813764 580.8230720899612
0.4890787 97.21483315242631 208.903673646387 322.02953995500695 571.3184602293591
0.4958962 95.44224968220448 205.55888301033468 316.77929605119493 561.5960879953698
0.5028087 93.08728993970274 201.52845464947103 311.1730152492724 553.2631863712988
0.5098176 91.18139033347775 198.0743064720732 306.1750743354521 543.4496655780149
0.5169242 89.43779800374398 194.8443997926475 301.64395641700463 537.3856115858919
0.5241298 86.39180113447587 189.58880672246315 294.9264525587942 529.0576007107724
0.5314359 84.77786662053393 187.22504144815554 291.71942580015264 523.6567003629339
0.5388438 82.96102685894729 183.20757047078385 285.54680692268994 514.1864538413805
0.546355 81.4043152576009 180.2601693469775 281.080859989007 506.6082740562739
0.5539709 79.12433696364006 176.24303453914175 275.942972534498 498.6807135371406
0.561693 77.61623216778254 173.40447944552358 271.8038477326419 492.4624425822541
0.5695227 75.94238495509505 170.64940195879063 268.4570172968461 485.92569552660285
0.5774615 74.12808686468658 166.54820539071844 262.13357508810486 476.70382422824247
0.585511 72.674498157534 163.99860230281809 258.18030356049843 469.7520891225477
0.5936727 70.94384068310521 160.08709360965665 252.57276054561243 461.418766813132
0.6019482 69.62626817555594 158.18348480860678 249.49542237382946 455.69273680635564
0.610339 67.89520108496532 155.28043618580693 245.76625741899778 449.3263147944131
0.6188468 66.31888049936006 152.560822517195 243.1655202303372 447.62779914681823
0.6274732 65.13856806580712 149.74091871241149 238.15766788887748 439.3091238401334
0.6362198 63.71011368695318 147.39454402780586 234.74260528782617 432.55370131227426
0.6450884 62.12621513486565 144.61220640993116 230.8639198369732 425.988527747119
0.6540806 60.78594992996493 141.49658322338612 226.0068375535557 418.6659069711673
0.6631981 59.333113338927966 139.16300770801234 223.51042025207153 414.48245570849855
0.6724427 58.132488975287 136.66235632440038 219.85685583153642 409.9990166134052
0.6818162 56.78153242161089 134.2402116327451 215.50870188139078 401.68006875939307
0.6913204 55.486333893643426 131.62995695667487 212.14033395350742 395.98898203425495
0.700957 54.64938890410719 129.64902630388616 209.16477217680668 390.8341225284267
0.710728 53.14728574117476 127.36423738523061 205.9877970704743 384.571706618777
0.7206351 52.277949227013224 125.3639866043014 203.18479253877973 381.06585589780207
0.7306804 51.13522812797713 123.45073068625597 200.0483914190694 374.359943833318
0.7408657 49.953375447064644 121.0104952927773 196.42874982972137 369.24257849595136
0.7511929 48.843444958272826 118.74012097150069 193.46712348537608 364.2937787899073
0.7616642 47.87352083869181 116.57461424649615 190.29367165608295 359.27713759610066
0.7722814 47.15753970489693 115.40822268680479 188.26384672516673 354.33024770479386
0.7830465 46.14089142650256 113.18621055305472 185.02848262537123 349.6232775480376
0.7939618 45.21538423737067 111.71483774861453 182.61987479875972 345.66400637578175
0.8050292 44.18989146184213 109.55157813368281 180.05734144917176 341.0723671623154
0.8162509 43.352678492635604 107.99855855726871 177.1806993879142 334.858505727665
0.8276289 42.26239425246457 105.81034683827721 174.2355839106714 330.4686671590792
0.8391656 41.668443285799775 104.62129411840435 171.7635755163626 326.48904304393903
0.8508632 40.896126285205256 102.77842116170845 169.36927239320033 321.9861197576689
0.8627237 39.93555888971839 101.11132261355898 166.81439600929798 316.5687463111128
0.8747496 39.17056146687595 99.3671144384271 164.29565453800902 312.2801969697217
0.8869432 38.442954689339416 97.92936427417946 162.01170882284907 308.1512914398957
0.8993067 37.62141509021516 96.3552529260272 159.52197562428623 303.4455531996888
0.9118425 37.009658176216334 94.71496102677787 156.84778109745392 297.9537903998529
0.9245531 36.15490288947278 93.10143734907254 154.27438818223877 294.12990690252553
0.9374409 35.4243366665548 91.6109383917646 152.19107545516712 290.17907631696386
0.9505083 34.79171939843196 90.12157983597712 149.94428616558133 285.6298222889393
0.9637579 34.02340816184151 88.39418129661875 147.205859865413 281.27585350296755
0.9771921 33.49871516963353 87.86643946037694 145.8041322137382 277.2844104990305
0.9908137 32.818496066124595 86.17241918386715 143.33546970040533 273.41383798442774
1.004625 32.16492632913702 84.55709010865995 140.7705842647781 268.49122133568017
1.018629 31.594317334642977 83.35605707268138 138.77905430537368 264.34493538209546
1.032828 30.949076867501002 81.97789674247463 136.82434572319693 261.2134806523185
1.047225 30.304877151945107 80.78334190381486 134.57870483372244 256.49526519997863
1.061823 29.78965552134742 79.65473467271629 132.68205157806437 252.6610583347544
1.076624 29.206755948948743 78.350014134026 130.59527254449645 248.70163475755075
1.091632 28.698014587605197 77.02481580148174 128.716448901026 244.64253092729396
1.106848 28.11191666747211 75.6537844472199 126.57517048257837 240.95126138891806
1.122277 27.574368958215317 74.59796262341314 124.45119410857573 236.85824059206183
1.137921 27.04419413192204 73.2460698313748 122.42220279190533 233.06932818035386
1.153783 26.578763507279337 72.09637261531404 120.50532809287671 229.54299427433062
1.169866 26.09394133090397 71.0072457776674 118.55879712565523 226.12892396576703
1.186174 25.59095846804726 69.93082778326573 116.69950333492153 222.43231422854035
1.202708 25.14508831594502 68.78428845714552 114.92170329732518 218.85210112410672
1.219473 24.703136538300843 67.71942936496232 113.20459978659667 215.03613917907808
1.236472 24.241937143553532 66.65239002406824 111.45957198917111 211.75517428439613
1.253708 23.81613663797055 65.56236996596209 109.47791616464896 208.3626037572742
1.271184 23.395737360460608 64.72958232882256 108.08567770208428 205.00025743631306
1.288904 22.97343011236607 63.45241555602285 106.02537288717588 201.8879305604765
1.30687 22.54362210591476 62.43250564299015 104.26836815999249 198.34863020034476
1.325087 22.179956236332426 61.468034426388115 102.6379549082912 194.7871676153949
1.343558 21.785962144476485 60.45544806821711 100.87920050433232 191.59220378026248
1.362287 21.420697022910332 59.446934164571985 99.08708352186083 188.2467961184602
1.381276 21.021686413762755 58.50090705789028 97.24827661593899 185.0096182741073
1.400531 20.66578849080977 57.536293287102076 95.67413837945209 181.6132603713931
1.420053 20.285183082563087 56.501401659579734 94.11723720163097 178.36567945999505
1.439848 19.934279861479812 55.65397052377488 92.36949423156094 175.3165765528905
1.459919 19.562942541432122 54.701792397485285 90.75717272981963 172.05469790940472
1.480269 19.271615947657565 53.70158654910079 89.09153418912054 168.73430423560467
1.500903 18.927186950584833 52.85222444217483 87.46365653621413 166.0675050119779
1.521825 18.58467183948421 52.014961432857724 86.03892345390194 162.97872021738294
1.543038 18.25143894464988 51.11727606524507 84.5508131821712 160.21203167055273
1.564548 17.966347023847717 50.26048866535923 83.00727876527056 157.1954247653484
1.586357 17.658478322030437 49.4764961599108 81.54324059691466 154.28075640026125
1.608469 17.335303827205752 48.64231181029303 80.06770838921031 151.58508874970843
1.630891 17.09605847876378 47.73657450582898 78.46048033934414 148.5841020118733
1.653624 16.773096486211784 46.8994793753394 77.1094577303338 146.02713889388718
1.676675 16.477269893037874 46.17823268115372 75.75965423947069 143.18863124415523
1.700047 16.189283810911984 45.383144191892335 74.31634784162952 140.56522170056988
1.723745 15.932902394590785 44.56564321419902 72.94891328769536 137.77243497564262
1.747773 15.638764068828072 43.76069898155363 71.53708947482964 135.1534241753158
1.772136 15.36723761217862 42.996900983066155 70.15968310362285 132.67744355981546
1.796838 15.115642799962124 42.226493497478145 68.85234671164787 130.10153208551938
1.821885 14.883071018664438 41.482965394599944 67.49904847923287 127.646597986245
1.847281 14.616355499175604 40.807897219046836 66.29979676627437 125.22480889579205
1.873032 14.371130714047196 40.065873094262855 64.88381284930195 122.86138935747299
1.899141 14.12563120454609 39.301532276145856 63.69161315247822 120.4766592500655
1.925614 13.895605069605216 38.61698329320565 62.502907889917196 118.06917437007144
1.952456 13.698799024349547 37.96341410984373 61.33725409544789 115.78674209799047
1.979672 13.4343777425155 37.31204708615432 60.1525286400448 113.534481026707
2.007267 13.22648718002254 36.636576140913604 58.87170770081866 111.38491258913625
2.035248 12.986525281454531 35.92684419925322 57.72274593853775 109.12188689748214
2.063618 12.765106653752722 35.2361389933979 56.58532399470089 106.92137651625576
2.092383 12.557659805123494 34.59432587479801 55.42940242577753 104.7781222229106
2.12155 12.335110791573582 33.92300985785047 54.31183389084355 102.63958309409733
2.151123 12.128610422637404 33.29110884513829 53.18287427142339 100.48711775252958
2.181109 11.918562003698051 32.63463595362871 52.10667458815294 98.4989250781818
2.211512 11.717388944954376 31.98942479385658 50.98919648535634 96.36030568488765
2.24234 11.514451625045483 31.402651826883858 49.95705525995057 94.40769630015023
2.273597 11.304504759099414 30.7865265488206 48.87139049216883 92.45136809446745
2.305289 11.124614303328164 30.17839270056177 47.86552208585187 90.53119956775046
2.337424 10.931933465930403 29.570856192042726 46.85329798696885 88.63828321469914
2.370006 10.74074866990288 28.98850601050186 45.86684644842888 86.8084254569654
2.403043 10.544125753592525 28.417809438627977 44.86812229583177 84.94485595002355
2.43654 10.369362760881614 27.85923572820676 43.92163277431329 83.11454904461014
2.470504 10.19001124428747 27.308962994566194 42.95902483399296 81.34850238984286
2.504942 10.014067961127145 26.768431482110547 42.03768675318874 79.59777907092126
2.539859 9.84499828815023 26.208855070806198 41.109578825151075 77.82731393600359
2.575263 9.662059931388134 25.65101080457608 40.232834756591764 76.15408300851438
2.611161 9.497630534461077 25.125135891402458 39.305408986057216 74.44787472987375
2.647559 9.327337150646235 24.593048304146823 38.4068005779017 72.74865831180466
2.684465 9.161597889495535 24.093251441078333 37.5322800615495 71.0898867217563
2.721885 8.988099029010693 23.551544752842776 36.67826385836767 69.46803536940399
2.759826 8.826662169272465 23.029816518754952 35.82538943683419 67.87492356132834
2.798297 8.66350824259433 22.54978189097535 34.99251480483014 66.32690530479348
2.837304 8.50643160758631 22.05118226735454 34.173960338117084 64.77726764640899
2.876854 8.349012731140643 21.559049463021516 33.376495989596656 63.27546249832517
2.916956 8.19734776574575 21.096704998083965 32.595239676479856 61.76464621268768
2.957617 8.049851758503724 20.631440403193114 31.84145502768216 60.309599846715194
2.998844 7.900997045313949 20.18183008353604 31.08623275069373 58.87657539207216
3.040646 7.755347898305652 19.7282458103564 30.346408456011634 57.50669905376498
3.083031 7.612733886499113 19.285374419769713 29.62379508347241 56.119110228047155
3.126007 7.473668568179107 18.85619872534361 28.914627454349613 54.759230827207986
3.169582 7.332230504560231 18.420189820200804 28.198684519222997 53.42028049548
3.213764 7.1928592739350465 17.998921262320177 27.51045064115829 52.10895116500003
3.258562 7.053340732028023 17.589680337350764 26.837249515732406 50.812870205349526
3.303985 6.917676927731317 17.17064666060582 26.165056381699326 49.542318855897754
3.350041 6.786200523896241 16.762044920564186 25.50785623756601 48.288189897544704
3.396739 6.650611250383486 16.364514298029864 24.872759659452054 47.050408184627166
3.444087 6.520195391593785 15.971274806103144 24.233552907436323 45.856342051076325
3.492096 6.393688978602772 15.593157413653458 23.625332026499535 44.69140733399094
3.540774 6.263356654316603 15.220101206805204 23.033463986992608 43.55085824814695
3.59013 6.140736466431437 14.851161613002263 22.443741714880527 42.4365052184673
3.640175 6.020532570503536 14.494297427524417 21.88310198438949 41.34326235104951
3.690917 5.898417789651807 14.155064724907229 21.31641018596328 40.28112037298201
3.742366 5.779893466208121 13.803476860493763 20.778370871267885 39.252474003162206
3.794533 5.666438668900963 13.472919358278258 20.251161395648516 38.23450673559579
3.847427 5.551234118002468 13.142303534468478 19.733303087859394 37.25131094764707
3.901058 5.437539893888572 12.821852722167584 19.23043443138673 36.27740056020354
3.955436 5.329062249765988 12.505563150666427 18.73050675764297 35.32427805651908
4.010573 5.217645785211311 12.194729867713717 18.249481518798216 34.40028787864153
4.066478 5.107953190730865 11.885988362933738 17.773769356485836 33.48436623372415
4.123163 4.998842167500706 11.590305356655403 17.30691863113371 32.58842417730791
4.180637 4.894997993305283 11.299397204175346 16.856348369522582 31.715461893970897
4.238913 4.789787764547795 11.010266217590853 16.41070723533049 30.87214880457619
4.298001 4.684948666013842 10.730274118957496 15.984067127181657 30.043161410853372
4.357913 4.587131280176958 10.455980988912273 15.5685062163981 29.2467897788001
4.41866 4.487554802678574 10.193663196383307 15.15657393014306 28.470353215635402
4.480254 4.390432799782505 9.933783742218784 14.761676665859147 27.708375987572467
4.542706 4.296272063538821 9.6803357780709 14.375866309312258 26.969656532474183
4.606029 4.203156951593768 9.437863881831337 14.002246015478384 26.25758018116279
4.670234 4.111599075029986 9.19739679607512 13.64428558992624 25.56362243259063
4.735335 4.022945630918599 8.965511004290292 13.290562543807047 24.886904398091986
4.801343 3.9361903240191314 8.74132012916898 12.948403417716179 24.22465199921077
4.868271 3.8494545682548384 8.518763465401245 12.613211646862343 23.580134649303623
4.936132 3.7647167828452757 8.300619183411454 12.284008282994899 22.95165615926308
5.004939 3.680230652164412 8.0879719271195 11.964450347274322 22.334910844016026
5.074705 3.5968779388502 7.879722647048763 11.649596421073014 21.735904889261928
5.145444 3.5159736946618843 7.67629672407097 11.346051538220562 21.149230761572856
5.217169 3.4352253853931463 7.477208298227119 11.047078904509998 20.578776633514725
5.289893 3.357886112921452 7.284340583677826 10.760107935338983 20.02565052625625
5.363631 3.2800179310140614 7.096166145097196 10.47639842262236 19.48731332516564
5.438397 3.2052962159381533 6.912833717361185 10.204333508451816 18.961384190384713
5.514206 3.1318437499880245 6.735374414039658 9.938847521671024 18.453132107693293
5.591071 3.059168825436478 6.563570615647956 9.681622634684569 17.96028146966017
5.669007 2.989815916161876 6.396448927578108 9.432203119900468 17.485915629918374
5.74803 2.9210867567834384 6.233745638106146 9.189421865072948 17.01977182390036
5.828155 2.854226175816368 6.075943376491314 8.954562400231154 16.569458490908463
5.909396 2.788659350633158 5.922760502717043 8.725969117680396 16.134134242428548
5.99177 2.724436587938065 5.773081117578294 8.502149273753384 15.711212092749957
6.075292 2.6615566202291343 5.627541084951756 8.285314277736338 15.292715610640283
6.159978 2.599360361782046 5.4843521728127556 8.073471355830982 14.8884091444629
6.245845 2.5386815046798565 5.3444972695887305 7.8664192674029225 14.492173434974596
6.332908 2.4785153111869613 5.20798778423957 7.6622507550952035 14.1035235956597
6.421186 2.419989183626122 5.0749892936613135 7.463624019512517 13.726205017491225
6.510694 2.362344395753873 4.945043188013423 7.270749607109925 13.359808719771186
6.601449 2.3062906030065147 4.818916384294652 7.082743922814126 13.001837619466967
6.69347 2.2510200012698376 4.695796602128154 6.899156156283282 12.653343780423548
6.786773 2.1975025461117537 4.576138083238618 6.720640637492146 12.31675234653053
6.881377 2.145383830091307 4.4603804997677825 6.5474962630220945 11.98812876297944
6.9773 2.094509702018389 4.347790161457366 6.380625002681022 11.669642497757089
7.074559 2.045099145001572 4.238424037813027 6.21660341955697 11.360211163641072
7.173175 1.9967262168144644 4.132261550763049 6.057976456480349 11.060403107192458
7.273165 1.9499402051937746 4.029020553826575 5.904033098966366 10.76936510896281
7.374549 1.9039826728412388 3.928554935286453 5.75380532331737 10.486401935690495
7.477346 1.8590186483452005 3.8305641544336577 5.607953161777811 10.209819929132868
7.581576 1.815299011650756 3.7345558827327445 5.464488266968007 9.940163805307357
7.68726 1.7721894959285396 3.64084423466942 5.32422336900857 9.676151627951018
7.794416 1.7299280727495163 3.5491920819368428 5.186027527317978 9.417169350070271
7.903066 1.688669112756226 3.4586623760374344 5.051093780326339 9.163797525404929
8.01323 1.6480981917204625 3.371016920407781 4.919891287248182 8.917086308988331
8.12493 1.608472812052138 3.284992400058282 4.791438417065394 8.675646764858076
8.238187 1.5699365282280322 3.201226443599616 4.6656029534682375 8.440333255311955
8.353023 1.5322329928216996 3.1195337787178614 4.542994203067783 8.21114475756444
8.46946 1.4956470939888376 3.0400815075815673 4.424008533220112 7.988457159855311
8.587519 1.4600524781191246 2.9626447169356886 4.307983574903655 7.771803861840351
8.707225 1.4253937821648306 2.8873333894253577 4.195279602017536 7.561536596900724
8.828599 1.3917985820375751 2.814383006527182 4.085770061143221 7.356685915404065
8.951665 1.3590086779043182 2.743417319851158 3.978805314487364 7.158524698735382
9.076446 1.3272922404810945 2.67420328978583 3.8750891435555297 6.965224145721752
9.202967 1.296300729986424 2.60673794162285 3.7741711449066675 6.777141211836448
9.331251 1.2660420141661584 2.540914591563198 3.6753348365963556 6.593897124984442
9.461324 0.0 0.0 0.0 0.0
9.593209 0.0 0.0 0.0 0.0
9.726934 0.0 0.0 0.0 0.0
9.862522 0.0 0.0 0.0 0.0
10.0 0.0 0.0 0.0 0.0