0.01 5269.057361248568 9608.49461714265 12997.75052068642 18215.60841014073
0.01013939 5297.359075080673 9661.193366415251 13067.636904410156 18322.61320183512
0.01028073 5325.202604415768 9713.030516005007 13136.495385185119 18428.620126343165
0.01042404 5352.575674108641 9763.988276126318 13204.310486550345 18533.524347423958
0.01056935 5379.470918812612 9814.048853082677 13270.929531493251 18637.26588778837
0.01071668 5405.8888348837245 9863.20525957339 13336.327261728116 18739.85747193435
0.01086606 5431.798424447341 9911.380746891266 13400.507850715501 18841.145533668277
0.01101753 5457.150972627633 9958.52409711547 13463.406895963122 18940.874269474476
0.01117111 5481.931210462677 10004.585068165608 13524.979635391768 19038.980361409045
0.01132683 5506.140587714276 10049.572388597431 13585.161745872952 19135.492269563736
0.01148472 5529.755950668896 10093.43582738913 13643.81052097934 19230.253747555464
0.01164481 5552.74626938089 10136.13498502273 13700.87153167316 19323.126528753088
0.01180713 5575.04410658052 10177.540983263865 13756.300218327626 19413.79636496225
0.01197171 5596.723696470911 10217.770736437795 13810.267824718916 19502.494078033204
0.01213859 5617.957654750237 10257.147723344071 13863.132058387328 19589.886586226847
0.0123078 5638.640164272903 10295.513678797368 13914.662397236489 19675.54993472406
0.01247936 5658.511925699441 10332.326749387714 13964.167400559369 19758.456743350587
0.01265332 5677.5045060864595 10367.517054648364 14011.406747643437 19838.29163487658
0.0128297 5695.570132593063 10400.99505524729 14056.336359725126 19914.93400284393
0.01300854 5712.774176917754 10432.867963817702 14099.118285030767 19988.60753214286
0.01318987 5729.231207216468 10463.331600024696 14140.052102755024 20059.751386547854
0.01337373 5744.883619118465 10492.316237329316 14179.00592826807 20128.04391375774
0.01356015 5759.662005172585 10519.634100390957 14215.80874719727 20193.182235103293
0.01374917 5773.556979000483 10545.31387698965 14250.397596347362 20255.13405100587
0.01394083 5786.5503055750405 10569.32526271682 14282.670410057211 20313.821603142238
0.01413516 5798.629660489804 10591.647829507763 14312.643032397922 20369.18691799563
0.01433219 5809.7709209308105 10612.211982949593 14340.27260316921 20421.061192813817
0.01453198 5819.932262901504 10630.958001384757 14365.545878057614 20469.28597769869
0.01473454 5829.135826729092 10647.91477754884 14388.449795706725 20513.90032204092
0.01493993 5837.350633363554 10663.06204504414 14408.745719860633 20554.739082815264
0.01514819 5844.52210161666 10676.281153709107 14426.420933791833 20591.713227535016
0.01535935 5850.600582593692 10687.492858227117 14441.413834487517 20624.632096095454
0.01557345 5855.547264552926 10696.578579976298 14453.604108062826 20653.24063107647
0.01579053 5859.387307114874 10703.626502171119 14463.009070269496 20677.66953135999
0.01601064 5862.233458295057 10708.843006019013 14469.940779402923 20698.389479696096
0.01623382 5864.049908940121 10712.149060108446 14474.27954657818 20715.141402456433
0.01646012 5864.707392023763 10713.327852137385 14475.709504769084 20727.413650625134
0.01668956 5864.189812841686 10712.320125181353 14474.160423971753 20735.099498786734
0.0169222 5862.492903972589 10709.125747240934 14469.660465313187 20738.300702445154
0.01715809 5859.587819713097 10703.724955572774 14462.159449842073 20736.932730919336
0.01739726 5855.468366562525 10696.078355644435 14451.607402858834 20730.865512528933
0.01763977 5850.127388958505 10686.156457248924 14437.98401072093 20720.111704773055
0.01788566 5843.530203125489 10673.910139304784 14421.22006716774 20704.515992819386
0.01813498 5835.66379539421 10659.35926033975 14401.285843019214 20684.06580557747
0.01838777 5826.540758203249 10642.484358540803 14378.230360847872 20658.844413120434
0.01864409 5816.140253540535 10623.2758790124 14351.9653694235 20628.776299015168
0.01890397 5804.475905420589 10601.704637042461 14322.54027536757 20593.825001268287
0.01916748 5791.519052877933 10577.751354814869 14289.84756679267 20553.927028428585
0.01943467 5777.203671376302 10551.298362140089 14253.78973726249 20508.78395523913
0.01970558 5761.528701254692 10522.375732934877 14214.328374749066 20458.438312326078
0.01998026 5744.501962882005 10490.964374536345 14171.523423403922 20402.971633840487
0.02025878 5726.1391721836635 10457.104323965734 14125.366260297375 20342.551686871557
0.02054117 5706.437375449633 10420.76676005159 14075.887690082316 20277.139350033194
0.02082751 5685.364128001932 10381.913075702698 14022.981223105873 20206.57336292687
0.02111783 5662.93423573561 10340.57363191717 13966.697595527718 20130.89175755921
0.0214122 5639.255006763124 10296.896966789089 13907.215280259064 20050.199534711282
0.02171068 5614.78694918136 10251.55336274334 13845.252703714996 19965.085088844524
0.02201331 5588.959554011279 10203.726723486987 13779.918565886803 19874.83138278216
0.02232016 5561.757220616545 10153.39838243032 13711.165918625924 19779.535495836535
0.0226313 5533.2047055796975 10100.589090933734 13639.085323607796 19679.275966576122
0.02294676 5503.3287527028015 10045.35900838172 13563.708534176094 19574.09373518747
0.02326663 5472.141369221139 9987.728956893303 13485.096818180757 19464.058332883236
0.02359095 5439.650647144077 9927.700108839028 13403.252630386 19349.201494059318
0.0239198 5405.8617466910755 9865.313033351227 13318.20792559522 19229.545472113317
0.02425323 5370.790666415853 9800.561088839873 13229.965276253928 19105.16929475484
0.0245913 5334.466207917284 9733.532125158621 13138.645020873979 18976.199246620017
0.02493409 5296.898499632655 9664.221508740111 13044.249794148358 18842.676111159635
0.02528166 5258.099652535157 9592.677757352512 12946.801879301944 18704.64037631865
0.02563407 5218.102444842939 9518.951363434264 12846.4216491437 18562.264913542214
0.0259914 5176.945565819566 9443.116432480349 12743.190226068593 18415.665339906172
0.02635371 5134.6618127258525 9365.236242482839 12637.208322667926 18264.994766988886
0.02672106 5091.283990864918 9285.372095951607 12528.527593502915 18110.377381353966
0.02709354 5046.83212929798 9203.517417041729 12417.199668084237 17951.86096491055
0.02747121 5001.34003076907 9119.769884859237 12303.334958274887 17789.606541425015
0.02785414 4954.792340901925 9034.137656921865 12186.935998802974 17623.69866592367
0.02824241 4906.992810964405 8946.34173724197 12067.730893507387 17453.91767976855
0.0286361 4858.297762845036 8856.926229750869 11946.33956502679 17280.925560874068
0.02903527 4808.741005155501 8765.954271047378 11822.842736924049 17104.833470259407
0.02944 4758.3691256311495 8673.505678541947 11697.379839706544 16925.856296175345
0.02985038 4707.248367848125 8579.68873847839 11570.080401536692 16744.170342457553
0.03026648 4655.438085382409 8484.61659985727 11441.09343311027 16559.99873413894
0.03068838 4602.98975928801 8388.40038898084 11310.56782468276 16373.582969708226
0.03111616 4549.964690104327 8291.149207440667 11178.652342045187 16185.116498649268
0.0315499 4496.421217726316 8192.963250904166 11045.485831926684 15994.811171069035
0.03198969 4442.409807303713 8093.94167209862 10911.20701507532 15802.878280406569
0.03243561 4388.008426832571 7994.2022318155705 10775.983849973256 15609.538083292571
0.03288774 4333.278320085532 7893.872446651076 10639.984149981565 15415.01033751102
0.03334618 4278.298400080098 7793.094495605487 10503.37558152039 15219.542819365497
0.03381101 4223.12987245767 7691.98689971324 10366.325662685113 15023.373384491699
0.03428231 4167.837853544098 7590.682840256351 10229.001762262611 14826.83446237815
0.03476019 4112.401970963369 7489.43426542107 10092.099338894053 14631.815701957108
0.03524473 4056.9806350894823 7388.22684611813 9955.266858153505 14436.873148776674
0.03573602 4001.6536290920108 7287.197456604999 9818.700570507764 14242.2148411962
0.03623416 3946.4899043887963 7186.468158909541 9682.540824359694 14048.096066400527
0.03673925 3891.5652616823713 7086.175664956456 9547.001158929943 13854.77191566559
0.03725137 3836.9495809912123 6986.443840424318 9412.2020712032 13662.468819170104
0.03777064 3782.7107508486756 6887.414142644144 9278.34212752779 13471.47958611191
0.03829714 3728.9195779397214 6789.21223877084 9145.586500845766 13282.020931058776
0.03883098 3675.64193049406 6691.955865313085 9014.119759394156 13094.347512977974
0.03937226 3622.9485573343386 6595.762683453874 8884.101889345533 12908.67595084872
0.03992109 3570.9111586398794 6500.757148683965 8755.70445574561 12725.260872454424
0.04047757 3519.584715203093 6407.041071707861 8628.985580562183 12544.119306978391
0.04104181 3468.861238102316 6313.925418545859 8502.497517545504 12361.63705763898
0.04161391 3418.9733434773043 6222.327324156305 8378.078851067297 12182.117766657133
0.04219398 3369.9661128160324 6132.339564786878 8255.870326988223 12005.68320644468
0.04278214 3321.9032482019265 6044.064662299018 8135.983279637744 11832.569312582866
0.0433785 3274.83860751654 5957.633513216728 8018.556257068625 11662.983608839866
0.04398317 3228.814245347805 5873.112215660704 7903.711090461906 11497.076678785108
0.04459628 3183.86728513606 5790.559953236947 7791.5285177148935 11334.98019210335
0.04521792 3140.033845012364 5710.036842246027 7682.107716682921 11176.797392787927
0.04584824 3097.3382471780233 5631.596088946346 7575.503873644969 11022.63162532939
0.04648734 3055.8155829345924 5555.293795280843 7471.765272733031 10872.58633515984
0.04713535 3015.5960576775874 5482.066135113948 7372.875284695882 10731.454348476604
0.04779239 2976.64701888008 5411.55821008386 7278.078809839459 10597.361412060804
0.04845859 2938.9142369361807 5343.241817143313 7186.239210136957 10467.462635843189
0.04913407 2902.3905539093803 5277.131753171086 7097.348936006159 10341.757056399043
0.04981898 2867.071742062494 5213.203600909722 7011.396504889128 10220.24376629694
0.05051342 2832.944737839138 5151.434891869823 6928.353842837161 10102.85531475441
0.05121755 2799.9984289705785 5091.8051054193975 6848.175326494347 9989.524289973571
0.0519315 2768.204049370955 5034.255517398969 6770.780275801761 9880.183315910559
0.0526554 2737.514207126965 4978.718598900219 6696.091926031569 9774.707965642841
0.05338938 2707.675709132645 4924.3220755411885 6622.468634097942 9669.577394029755
0.0541336 2678.616732196212 4870.835288544884 6549.5563963299455 9564.010828606608
0.0548882 2650.555499337381 4819.14152867858 6479.089096497783 9461.940782242153
0.05565331 2623.3858427696637 4769.054933758486 6410.7926956993615 9362.965308304985
0.05642908 2596.9771326557084 4720.36624292278 6344.369053665172 9266.682525967217
0.05721568 2571.3300372003123 4673.077622631866 6279.816768310091 9173.066402786319
0.05801323 2546.5558876948962 4627.380018674483 6217.3997404339125 9082.529480841287
0.0588219 2522.6690018195313 4583.296021576997 6157.143533883923 8995.09331045925
0.05964185 2499.5465860890367 4540.873614735806 6099.429192447798 8912.079661482408
0.06047322 2477.1109259289733 4500.479479300718 6045.236558682724 8836.367811449476
0.06131619 2454.6372114806627 4460.008668026748 5990.9557882254085 8760.463426509543
0.0621709 2432.0431051976125 4419.311487784907 5936.3742157969145 8684.053047362171
0.06303753 2409.339289652387 4378.4172041712845 5881.525924100096 8607.181950884382
0.06391624 2386.547207275155 4337.3521525384795 5826.4343303183905 8529.913625888745
0.0648072 2363.572824349192 4295.955100885572 5770.889127688 8451.919085976086
0.06571058 2340.2605168576565 4253.930165132536 5714.502857344779 8372.636790514181
0.06662655 2315.331690486856 4207.219972482602 5649.96954780293 8276.24164009735
0.06755528 2289.7268658301778 4159.237655332635 5583.697071538807 8177.107065862999
0.06849697 2263.3904711603486 4109.931280791811 5515.655369318638 8075.345454815131
0.06945178 2236.2171127432075 4059.1055495969413 5445.604393424545 7970.630546483103
0.0704199 2208.117122510142 4006.610277018104 5373.3374493154815 7862.638498158569
0.07140151 2179.000911281531 3952.2876767410303 5298.631805444198 7751.082100247112
0.07239681 2149.0252867182903 3896.6619648719843 5222.488078441139 7638.363412136802
0.07340598 2118.1818329615035 3839.7635537281267 5145.0043034071805 7524.823056056337
0.07442922 2086.137770380741 3780.698676040524 5064.634941707069 7407.025463571963
0.07546673 2052.8605021139592 3719.4068748543227 4981.311620342081 7284.86955260576
0.07651869 2018.3477826448398 3655.891205288409 4895.0358360399805 7158.378026722656
0.07758532 1982.6091404468496 3590.1752979691805 4805.847931467202 7027.597654060917
0.07866682 1946.4509243451662 3524.7509086038226 4718.097782853791 6901.479784584159
0.07976339 1910.4065638512257 3461.209542622631 4634.540265513998 6785.623426664532
0.08087525 1873.2697684967222 3395.6381262223026 4548.212374168703 6665.515142341367
0.08200261 1835.1350846163682 3328.206457348358 4459.3495287925225 6541.482640971273
0.08314568 1796.1175345725374 3259.1076187020944 4368.226492640306 6413.930282250827
0.08430468 1756.3545435422907 3188.6036480953157 4275.187133281281 6283.333232957244
0.08547985 1715.3895546242936 3114.84644635505 4176.78092367575 6142.329530889377
0.08667139 1673.7532114890723 3039.372945820678 4075.607338489664 5996.03433275643
0.08787954 1631.942604597854 2963.5793884518725 3973.99303764801 5848.9794797247805
0.08910453 1590.15911779353 2887.8345406677395 3872.429634273444 5701.886505277846
0.0903466 1548.6039795750883 2812.5048042166422 3771.425198080313 5555.507132946966
0.09160598 1508.1698428885372 2740.1480808177243 3675.271920263613 5418.215295598631
0.09288292 1468.9839982622282 2670.861645279182 3583.997838176501 5289.791998083147
0.09417766 1430.6244952863701 2602.9789535772175 3494.5433437040883 5163.782631403759
0.09549045 1393.2898109312132 2536.8721725594337 3407.399210381985 5040.915267231574
0.09682153 1357.1616451390112 2472.902213126081 3323.060857417996 4921.9071620341665
0.09817117 1322.7210563565677 2412.422553572709 3243.77212450846 4811.1412200049435
0.09953962 1289.9175438616887 2355.0032323810888 3168.685301609113 4706.712025190607
0.1009272 1258.775461009352 2300.5197990149495 3097.452954593074 4607.731491132762
0.102334 1229.424018803262 2249.2301339198457 3030.432220462777 4514.718321863564
0.1037605 1201.368513121027 2199.56032826932 2964.8923797455727 4422.259946395533
0.1052069 1173.1048915472545 2146.9029313221627 2892.9843570785656 4314.916786687942
0.1066734 1146.8482680270192 2097.946395604831 2826.098375181356 4215.032866675988
0.1081604 1122.5999373186737 2052.68877362399 2764.2321386551102 4122.594211645
0.1096681 1100.3009441195748 2011.0236215992395 2707.236190643631 4037.3882911363044
0.1111968 1079.9873406260606 1973.228592011831 2655.4805165554985 3959.5639564097332
0.1127468 1061.423615771628 1938.6660885645313 2608.0910003405465 3888.225225896111
0.1143184 1044.4520402090925 1907.0418339365003 2564.6913729659727 3822.8236214658223
0.115912 1028.887932178 1878.00991837046 2524.7796226654027 3762.6447178893163
0.1175277 1015.0898910869431 1852.7803978340403 2490.4152562039267 3711.537466133717
0.119166 1002.2991985979224 1829.4407685516358 2458.665669891214 3664.3988503462347
0.1208271 990.2216851811404 1807.414982367247 2428.7150913265014 3619.930566989375
0.1225114 978.5443510797674 1786.0955042531034 2399.6921206213096 3576.85487994575
0.1242191 966.5431848302151 1763.8028244797113 2369.181266300714 3531.6392558698617
0.1259506 954.4392955508961 1741.3237445168675 2338.457872073837 3486.1433557230243
0.1277063 941.9661530595955 1718.1821463964466 2306.886892045863 3439.4299187171473
0.1294865 929.1153894221114 1694.4882313892197 2274.5661542856324 3391.2989677459364
0.1312915 915.7044873196462 1669.919728813427 2241.0642083093617 3341.0476200676835
0.1331216 901.2694503984084 1643.4752416247984 2205.1118386422468 3287.155763174489
0.1349772 885.6760119863649 1614.9755838606497 2166.463664067413 3229.429197523939
0.1368587 869.8472976276146 1587.7603889555153 2131.4631577646505 3182.6542755379146
0.1387665 852.6865156085278 1558.0360980901548 2093.108093739347 3130.7922384873223
0.1407008 834.2232770712798 1525.890391991103 2051.4752785696933 3073.9056196814267
0.1426621 815.423023010086 1493.8438272493065 2009.6705216694054 3016.0034576691546
0.1446507 795.7877647638932 1460.0721169344483 1965.8869768161726 2954.8163219423595
0.1466671 775.2131911937282 1424.4748822066758 1919.5844489543986 2889.7306948002956
0.1487115 752.386650727873 1382.9901807449066 1864.768364500238 2810.5045531384644
0.1507845 728.1776637168057 1338.2409165919498 1804.6100201471854 2722.2868740264316
0.1528864 703.9995497489488 1293.5587308907968 1744.5369349906089 2634.1000712385608
0.1550175 681.9243712708525 1254.6237506621596 1693.6710754806095 2562.7573562149973
0.1571784 661.6429143750544 1220.2076404959873 1649.9136079505759 2503.9175022027
0.1593694 642.1454357084702 1187.0643120409875 1607.7618546186795 2447.0831776330556
0.1615909 624.2366924978559 1157.105696645597 1569.9457895406676 2396.7116747660493
0.1638434 607.7980400222002 1129.8714290650364 1535.8047220540793 2351.6219222827435
0.1661273 592.7467111989041 1105.0339838615596 1504.8040253715062 2310.9835590752837
0.168443 576.4505987886768 1075.4160263712145 1465.6658394358622 2255.310026132302
0.170791 561.4817828835133 1047.939237505052 1429.2013319596726 2203.2888444380833
0.1731717 548.5257642649129 1024.4440738732526 1398.2376941103867 2159.52314368191
0.1755856 538.5987117295368 1007.6422105927562 1376.8054804029825 2129.9082405411173
0.1780332 530.0060619620979 993.283209817104 1358.6829608947064 2105.292276688942
0.1805149 520.8874023892828 975.8880578022774 1334.691680881522 2068.1279008872893
0.1830312 511.64932730712775 957.0738119070982 1307.7662376672472 2024.3876234381003
0.1855825 503.0689577169034 939.7059868366495 1283.0745947893113 1984.6572149897847
0.1881694 494.9911277239135 924.3881272826369 1262.5611457624398 1954.7255919378288
0.1907924 486.90201966874105 909.0756650701207 1242.0852417704057 1924.8665354603827
0.193452 477.9874753942354 891.9916112975329 1219.2151869127417 1892.141831230217
0.1961486 468.3365028910412 873.4764519281977 1194.423399733039 1856.7181189491334
0.1988828 459.0085221106139 856.2784905143127 1171.7149074836077 1824.3428178844965
0.2016551 450.3558389139657 841.348431152793 1152.4970243831729 1797.1571203194324
0.2044661 440.64451203034236 824.2640343096112 1130.2024697030006 1764.9898299276995
0.2073162 429.44280063976726 803.352337407011 1101.878556433347 1722.177923326171
0.2102061 417.48203193462757 781.0278127853908 1071.6391597722384 1676.381332394451
0.2131362 408.4255698044236 768.0829420729099 1057.1312123137914 1659.3242175216164
0.2161073 399.09685504717675 754.6718241246926 1042.0350881845786 1641.400212845126
0.2191197 387.28069076664974 734.7264771664858 1017.2667465283586 1609.4898210434033
0.2221741 375.13611753588236 713.6468340430083 990.6767188151338 1574.6886778054595
0.2252711 364.01453575441246 694.9641206315648 967.6623134175495 1545.2965213381067
0.2284112 353.81162148329463 678.0714427706918 947.1123584883403 1519.4771915293284
0.2315951 344.7591098817786 662.485739447414 927.0449124987442 1490.4008793431656
0.2348235 336.8035870554174 648.6374671339285 908.9022968796354 1462.9400989902801
0.2380968 328.04106237152496 631.92837755013 886.2632246619702 1428.9319413063065
0.2414157 319.82625829012494 615.9369864119645 864.4827218158094 1396.3813389818824
0.2447809 311.89484566073946 600.6439925514021 843.9358406978323 1365.5743775882165
0.248193 304.7167062867714 586.855292408983 825.5086997330146 1338.0520738725809
0.2516527 300.4858367620627 579.6136663223709 816.1670816269315 1324.031704160969
0.2551606 295.6381152925724 570.8198118841472 804.6039298299972 1306.8757352147422
0.2587174 288.2344747012873 555.9271561921695 784.3163395322995 1277.0824078361918
0.2623238 282.06015671813196 544.4105043113965 769.1849002888237 1255.5621697362526
0.2659804 277.04963609551686 536.2230342099814 759.1909261268929 1242.2916550285545
0.2696881 270.2310754184257 523.8832916156233 743.1523401882938 1218.8730412217938
0.2734474 262.637263643575 509.9012926588352 724.7680942058754 1191.6325816418343
0.2772591 256.7154659189331 500.46056593881696 713.7359727872084 1178.7900875981388
0.2811239 250.21541842656833 489.45722153072927 700.3696957972129 1163.00657372419
0.2850426 243.26390795628055 476.9943638596396 684.7845874698295 1144.8404896002621
0.289016 236.77862373688316 466.3065842453775 671.7010735491913 1127.1684076553645
0.2930447 230.60901245483421 455.94570297377567 658.4813665024606 1107.3848578130337
0.2971296 224.7704637038017 444.88605648968763 642.5827195070344 1080.267801358299
0.3012714 219.4845263483365 435.8931419667586 631.1893785208804 1063.9806692199693
0.305471 214.44847347966427 427.5476405767092 621.2129544426653 1051.412349590873
0.3097291 208.73288987773938 417.06834722663115 607.7887061253829 1033.420967540075
0.3140465 203.73275731949278 407.0957749093934 593.8034904136905 1010.5242928495869
0.3184242 199.44771439721393 398.6256340791481 581.9304828616731 991.0155692768383
0.3228628 196.0899658504242 393.0599083874294 575.3383626728988 983.7584279546967
0.3273634 191.44065037835335 383.7684799024533 562.3000651205464 963.0156550133377
0.3319266 186.63561547839183 374.5453220334292 549.9094412089757 944.7660009920468
0.3365535 181.96511218219442 366.35903148299263 539.8210459094979 932.114385888885
0.3412449 178.61552291253787 362.0613443626585 535.2537516499589 925.5135220620573
0.3460016 174.85026036824223 356.11319990647115 528.0524509974056 916.0901403608991
0.3508247 171.02802151262867 349.5074310352453 519.6547303434683 904.4037829962265
0.355715 167.2212190124363 342.65680717854934 510.766003455852 891.281951520754
0.3606735 162.8577532139495 335.06013063996016 501.1063150891156 878.099434623696
0.3657011 157.7632725106142 325.59863551654075 488.3771513487153 860.5371087371543
0.3707988 153.6534428359433 317.87141078172044 478.0638603307963 845.4465176519394
0.3759675 149.98516915386844 310.98514426981114 468.8477698146831 831.8663184229
0.3812083 146.36231990664285 304.52414768958835 460.3402472793285 819.6797736735658
0.3865221 143.36784314729593 300.15795021780286 455.57059326770406 812.1868597553057
0.39191 140.3782565609301 293.36393447172895 445.34426811469706 798.378673669943
0.397373 137.00812161530956 287.8797503703622 438.80204714143264 788.4018629587782
0.4029122 134.297315421652 283.7954037398383 433.4541158187584 778.7007412394923
0.4085286 131.54515155571318 278.0761356335377 425.4294734056402 767.5782100294662
0.4142232 128.15146473476725 271.3177857472478 416.6173242534634 757.1265828259144
0.4199973 124.76102975444965 265.59465123024984 409.54002363756746 747.103774951662
0.4258518 121.9807693844372 260.59337912054076 402.59857724232097 735.1268681967476
0.431788 119.03649560898987 255.00400924995785 394.41282225482894 722.6186379991675
0.4378069 116.46299528626334 250.04578744315197 387.4729316885168 711.2382614056329
0.4439097 114.34338867493942 246.85601199290443 383.8217374957615 708.5436665519169
0.4500975 111.17179171780909 241.05134445171825 375.92452431320805 696.9052549449447
0.4563716 108.54644969402742 235.78231019624457 368.3122855075136 683.063346459617
0.4627332 106.85593087991981 233.61518695926247 366.3128941052699 682.3165342532868
0.4691835 104.13956720611813 228.34092335132905 358.71947276846805 669.360034849904
0.4757236 102.16830153611764 224.64939669479546 353.80674800571967 662.1958342396166
0.4823549 99.45443946145139 219.22372623607777 346.09687566732043 651.9840451910176
0.4890787 97.26047294321754 215.07388961261324 340.50251400896224 643.214859748935
0.4958962 95.56689148264837 211.93888628654634 335.66971196139605 634.2157462494199
0.5028087 93.32991671391474 208.17359716628445 330.59063663090177 626.9518110518707
0.5098176 91.52366911557321 204.9859634133619 326.00939354779405 617.6608860988662
0.5169242 89.89372097307614 202.0482857655768 322.1093727200514 612.8491206939777
0.5241298 86.95036072764364 197.06381205128375 315.9031993268752 605.5104916076818
0.5314359 85.41919453640148 194.8676049216513 313.01176357664036 600.988238770362
0.5388438 83.64325901619017 190.96702641053676 307.05647586611076 591.8861355910562
0.546355 82.14270440364926 188.13909004230285 302.7880448452783 584.6947837048579
0.5539709 79.92792883818625 184.31269695880636 297.89524250310876 576.9547597468718
0.561693 78.48250163609178 181.61174614644608 294.0183569794885 571.1694044680146
0.5695227 76.88952060818912 179.09138317366202 290.97094040615235 564.5534114903721
0.5774615 75.13865044964228 175.09820587640473 284.83518312074114 555.6510332146138
0.585511 73.78195173399794 172.69850031984376 281.037726112005 549.0635541464668
0.5936727 72.10521600291251 168.87034788785743 275.6098689833072 540.7348836092755
0.6019482 70.88567739908744 167.15153580672248 272.72594485426004 535.2910696568933
0.610339 69.21578147522969 164.37052412080507 269.073661448216 528.647103548883
0.6188468 67.68521268977243 161.86189032283647 266.921239626755 527.707482677301
0.6274732 66.57773382190715 159.10652627228492 261.92036561461214 519.2698516351628
0.6362198 65.23752219970373 156.86201931038008 258.50785767527356 512.1751837970728
0.6450884 63.71574169917054 154.18749427478085 254.72369390242554 505.39835778206196
0.6540806 62.41415085153335 151.0960197705714 249.82239123045323 498.04542563050984
0.6631981 61.03379742262455 148.9836060803938 247.58525276525683 493.9026453676486
0.6724427 59.89222880064228 146.5386487516638 244.02880489107207 489.62418324279923
0.6818162 58.614664434937715 144.13157045151067 239.5114180772573 480.73079524940323
0.6913204 57.38170192559595 141.652622006138 236.2658493014163 474.8761209302776
0.700957 56.603459852186475 139.7586301496526 233.3702761731784 469.5273629644703
0.710728 55.170087032844165 137.55924092635428 230.18572028000565 462.8802593289901
0.7206351 54.359764676150476 135.6616966802631 227.53001546731466 459.70282765833707
0.7306804 53.2863205703087 133.80410172173038 224.3190994739306 452.4164505402543
0.7408657 52.15067420387636 131.38563164768073 220.6674600354971 447.1664494799523
0.7511929 51.08860662405195 129.1861114224939 217.7462203641872 441.89726795231667
0.7616642 50.15481076324082 127.07461921564048 214.6244170277199 436.7803679137698
0.7722814 49.52314327657583 125.98069813022708 212.57160419261655 431.252565594237
0.7830465 48.53777820037724 123.77443053319175 209.33026668328495 426.24409233428287
0.7939618 47.66990648737332 122.3449290339932 206.90667233184516 422.5473660613464
0.8050292 46.66752436857893 120.24295102424368 204.36906836959295 417.5050201767945
0.8162509 45.88959055470544 118.67050332964666 201.25990598164523 410.6666081724858
0.8276289 44.81539372161418 116.47121673316518 198.2777687331584 405.88788047182675
0.8391656 44.288148856561534 115.29075139383336 195.78486945440002 401.902824559053
0.8508632 43.53310040320018 113.45829680717362 193.33936457237596 396.86661213441863
0.8627237 42.61018876480258 111.80714665998352 190.7070317799174 390.90332918485313
0.8747496 41.87578282257759 110.069768492939 188.1159156931821 386.1741307570119
0.8869432 41.18774069706991 108.63502487205027 185.7830503973724 381.5438128070998
0.8993067 40.40124300187485 107.05415440675402 183.20475291523823 376.3946187945857
0.9118425 39.81494703443828 105.3837064060294 180.3748901425433 370.0679171852183
0.9245531 38.98877596000761 103.74707384463797 177.73143560906712 366.1590665208902
0.9374409 38.28876632293776 102.27892241564952 175.63573009822443 361.58804783896795
0.9505083 37.69173688704471 100.7982434070959 173.29807932992594 356.6125982761748
0.9637579 36.93406099494395 98.98629060942038 170.41782490483425 351.6872639619088
0.9771921 36.47575624083578 98.51598138366457 168.97912077030193 347.14340695679624
0.9908137 35.81291172399106 96.78733003938129 166.42468739570106 342.8426325269959
1.004625 35.16809935374408 95.11083609580798 163.69860191305517 337.0682657143761
1.018629 34.6140236973816 93.88666867582569 161.57164844275573 332.3104748390547
1.032828 33.98671428558354 92.48621267615911 159.55642688262958 328.8729734093576
1.047225 33.359411602028324 91.25093979441628 157.1484056708952 323.2741520941383
1.061823 32.87289716716357 90.10421472387215 155.12846554152955 318.64782095262433
1.076624 32.29812347593307 88.74851004757619 152.91434577251778 313.9341423391616
1.091632 31.79168708316783 87.41514440894382 150.88565278555535 309.21696072598013
1.106848 31.217951320697388 85.98218123432088 148.67206178402304 304.91644039304487
1.122277 30.699280469597067 84.86719516349845 146.38583359334942 299.97727062533704
1.137921 30.179916276379224 83.48891758500764 144.25387694077833 295.5048367561188
1.153783 29.73237961074841 82.28265882022752 142.1909716961244 291.35038399414776
1.169866 29.24252357014259 81.14216345498569 140.1264341007248 287.2046394994582
1.186174 28.744829780101007 80.03155609848604 138.15392554645058 282.6413925095494
1.202708 28.313006026885134 78.84298846682051 136.2089293861812 278.2805599457219
1.219473 27.872144003571886 77.74349478965891 134.34777812861904 273.6668841517171
1.236472 27.409989474671026 76.6239975959103 132.4862694068168 269.63741712208883
1.253708 26.98768087840905 75.44776749344739 130.36431816978543 265.5449161468342
1.271184 26.564574887043342 74.61518154301451 128.81483972103064 261.23207584661196
1.288904 26.136970227020356 73.2274049535667 126.57267603650862 257.39160898773883
1.30687 25.691948059438364 72.1336756072028 124.655626264232 252.96819305108787
1.325087 25.32716578231243 71.10877956705446 122.83395095016134 248.51267581529532
1.343558 24.926207343929608 70.02358374091601 120.91575136892195 244.4028838210486
1.362287 24.562155924704424 68.9343724457108 118.9098220882308 240.27386861605336
1.381276 24.162270737625995 67.90555481313535 116.8884417082004 236.2028163206057
1.400531 23.798071017489942 66.88121969910281 115.14956771895416 231.8378400099492
1.420053 23.404999519050698 65.78041165799029 113.40441766340503 227.78162564573444
1.439848 23.050207231468463 64.84654059189434 111.47074836090103 223.89161909953353
1.459919 22.662329831157614 63.813632505393265 109.67771669620716 219.6916793550541
1.480269 22.363920979819632 62.72382531328809 107.80555466350758 215.41052763921138
1.500903 22.006529004862678 61.78433571603446 105.98177279826616 211.9531820390031
1.521825 21.65504124457771 60.88868874128269 104.35885254392117 207.9548988055099
1.543038 21.307333512669686 59.90004866165949 102.70558659000541 204.33157621888586
1.564548 21.010353506177772 58.951518038554006 100.93435576610574 200.3710298593972
1.586357 20.686005379431744 58.07286412852293 99.26184458995677 196.51326635273568
1.608469 20.344712021187103 57.150072141152336 97.58150801343012 192.9793401997086
1.630891 20.093569736261294 56.12662997318102 95.7263591867848 188.97243950909504
1.653624 19.750643642958874 55.1993632717879 94.16905873557356 185.5828174189676
1.676675 19.442741226618395 54.39695108752899 92.59076222775579 181.79942474907128
1.700047 19.134439952589112 53.49998994823682 90.92419874765724 178.25247477385383
1.723745 18.8546522179209 52.587655959551746 89.29338361420622 174.48607729990889
1.747773 18.542538710864203 51.682203704886916 87.64785845106415 170.98875097566116
1.772136 18.25829333463508 50.81414788321888 86.04056846304115 167.67676579614457
1.796838 17.986844618411595 49.94425141946831 84.50204351313891 164.19884658374542
1.821885 17.729907162910546 49.09218013528133 82.9065437369217 160.86200395008788
1.847281 17.452359016836436 48.33521348371939 81.4646642490682 157.55888996167786
1.873032 17.186419347443916 47.46282213154259 79.81143665169908 154.33317337045926
1.899141 16.915593409851002 46.605307352023765 78.36940537119128 151.1193535271803
1.925614 16.647031980090897 45.823412107820026 76.92251819145092 147.84698363501371
1.952456 16.45514588473791 45.0702115214301 75.4906104772605 144.6928245313717
1.979672 16.1635105768562 44.30877826886278 74.0658384825512 141.61841801739934
2.007267 15.935854091835017 43.511099374508056 72.51620495232105 138.62677694728922
2.035248 15.666783787384588 42.69517062680076 71.08739943318739 135.5232458551818
2.063618 15.421960269332029 41.89946983373988 69.69780863109827 132.48530556898584
2.092383 15.188133853098876 41.14467613193524 68.27446516397714 129.55636825389587
2.12155 14.941632955843815 40.36730992522487 66.90519318173953 126.60073942169183
2.151123 14.712666071539127 39.62932138907821 65.51535328277635 123.69299036498931
2.181109 14.477325031985705 38.86964734453774 64.1935385599375 120.95852194378284
2.211512 14.251023560342546 38.11589702074877 62.82388869953736 118.03726791647807
2.24234 14.026834145111813 37.42876552386273 61.541580199199856 115.37916558979401
2.273597 13.7893349427213 36.7086598310332 60.1992799288084 112.71456194250769
2.305289 13.588473419428457 36.00476571367926 58.960224571476765 110.11690550596693
2.337424 13.36987509069097 35.29427743313484 57.69526438704377 107.5781244020872
2.370006 13.154213382644386 34.61327218784028 56.490037446704974 105.09448246688623
2.403043 12.932472951328512 33.942904509887676 55.25032327692743 102.5832243944452
2.43654 12.733482270856436 33.28841107569153 54.07086005134959 100.14739554005672
2.470504 12.525727757422601 32.63633822085174 52.87155660556779 97.7518395168821
2.504942 12.320884394904404 31.9978003960133 51.72728271551949 95.4149614776576
2.539859 12.125291771479459 31.340129402899993 50.56347673420879 93.07667608669746
2.575263 11.91281585722121 30.68890253745576 49.46880593252116 90.84980132224398
2.611161 11.721755652564136 30.059875921331116 48.32136039259213 88.6261057685348
2.647559 11.524619670816133 29.433568101215112 47.20671979633833 86.40770222217381
2.684465 11.332028277213965 28.84056234141703 46.12646239688037 84.26547691923837
2.721885 11.130501632939648 28.209444410697763 45.074361891030144 82.17024361671544
2.759826 10.94215392763662 27.59893276192965 44.021469506141784 79.99962321655131
2.798297 10.752301333400935 27.029515572915617 43.003482805511865 78.16788888703583
2.837304 10.568467622685832 26.447358893877155 42.00321326400282 76.19726521999524
2.876854 10.384324683469153 25.87498762304547 41.01457157379332 74.30115824011999
2.916956 10.205531017019418 25.32628070843097 40.05555324240402 72.41867892627977
2.957617 10.031358464148004 24.784860356709725 39.128942854183364 70.64265477020004
2.998844 9.85480042069358 24.252089364058307 38.200673279995144 68.82218559932738
3.040646 9.680969418213806 23.71623624874219 37.29413366988897 67.12721892389234
3.083031 9.509334173533684 23.1908010925808 36.405227290805776 65.4232972356378
3.126007 9.342649551897885 22.68167849237561 35.53108324875226 63.743791361013194
3.169582 9.170997537432847 22.16179496369267 34.65815985267914 62.112842094556456
3.213764 9.002873273004454 21.66237819947929 33.8124456742911 60.519419590135044
3.258562 8.833544466094953 21.175664622388243 32.98312042638336 58.95450031363442
3.303985 8.668624754746219 20.679952275974284 32.16882537951998 57.42844479080572
3.350041 8.50759226475925 20.19539608371016 31.360592894651443 55.93006766072198
3.396739 8.343305435503698 19.72615855516422 30.58828103745966 54.45647007857508
3.444087 8.186282448648715 19.259626141088727 29.811468310247204 53.03772616358767
3.492096 8.031040370262785 18.81269448599282 29.071355528015108 51.667949874540156
3.540774 7.872969855533902 18.372655248871443 28.350099429938947 50.32509989070182
3.59013 7.7225353228387945 17.93454059142364 27.6329054359748 49.021542376747085
3.640175 7.575669255082812 17.511205062401515 26.94971922053124 47.741939256868825
3.690917 7.425438045798928 17.10490011204292 26.26208174418589 46.50172814278311
3.742366 7.27932237240174 16.689035169955538 25.605519064250363 45.306042644943375
3.794533 7.138306619426685 16.29503068984892 24.961258527046713 44.12277645828044
3.847427 6.9955001699537664 15.89848894021716 24.327588993404113 42.979550996740315
3.901058 6.851741668893121 15.514779532841194 23.71079637502134 41.8461278772338
3.955436 6.715474702947219 15.134473287599757 23.092880517010332 40.73842786504084
4.010573 6.574969100720848 14.76045385000548 22.50340070270419 39.6699174723588
4.066478 6.437534135576976 14.390454912656526 21.916730889431744 38.61145233426587
4.123163 6.300952552020777 14.034477263585114 21.34564909636582 37.58047474007558
4.180637 6.169045150396105 13.68495673666137 20.79124137927695 36.57439951046792
4.238913 6.03719500252039 13.338182401404993 20.244895221989147 35.605131453288344
4.298001 5.905300407292845 13.00198846452625 19.718184027374573 34.65357932070875
4.357913 5.781920794357554 12.673203141806884 19.207817052524497 33.74093095157153
4.41866 5.655814434130434 12.356735089120832 18.703355623868593 32.85267188402229
4.480254 5.532792199731001 12.04351989133333 18.21740436962574 31.982023296534944
4.542706 5.413637559021252 11.737931488555375 17.741769571713885 31.13585747807242
4.606029 5.295309989289615 11.444379191794617 17.282356133214986 30.32162457114622
4.670234 5.178743258705227 11.154767989900689 16.837126983301605 29.527129632120136
4.735335 5.064832603154822 10.872869968026725 16.39786429718001 28.7484983583652
4.801343 4.953613288797807 10.597676804674501 15.971750322976376 27.985336052562637
4.868271 4.841874708745596 10.32521261294486 15.551764115683099 27.242460527061407
4.936132 4.73189530218792 10.057950132444955 15.141148162478077 26.51560199758228
5.004939 4.62301216437465 9.79735738218401 14.740514872268006 25.8062634885236
5.074705 4.515614770689685 9.54138028695507 14.34718838648091 25.113822787282864
5.145444 4.411009497141358 9.291922389423993 13.966457924361997 24.439856752276253
5.217169 4.307088896803463 9.047558088856675 13.591665170554878 23.778931969840396
5.289893 4.207220087572076 8.810935987174913 13.23325603645281 23.143390683576524
5.363631 4.106916580259263 8.579824327116233 12.878197569418248 22.522610826287494
5.438397 4.010557147310756 8.354257607494866 12.536880593251546 21.917277053217
5.514206 3.9157440760933326 8.135747354089231 12.204519868070989 21.33275758836051
5.591071 3.8221396337854725 7.92365490157834 11.881551141795978 20.765232707053485
5.669007 3.732485693840281 7.716734753237546 11.568578722353365 20.2157483861574
5.74803 3.6438277520960534 7.515939230061687 11.262868972525123 19.677672026478998
5.828155 3.5570775443833322 7.32023947556824 10.967013084451883 19.155791202151136
5.909396 3.4720210183442877 7.129196810322776 10.678304888869302 18.65034764288373
5.99177 3.388275126530875 6.942066921456885 10.394685086660497 18.15589414917999
6.075292 3.3062357784616037 6.759830051954737 10.118959407976678 17.66922383697919
6.159978 3.225168906698821 6.580460866738498 9.84958349447687 17.19585289539915
6.245845 3.1458210081500124 6.405443998226109 9.586231408629962 16.733015474960258
6.332908 3.067602765024279 6.234004462300898 9.327722377798322 16.2796526275264
6.421186 2.9915345890127343 6.067475184770472 9.076159657130578 15.839135621249671
6.510694 2.9166139180966377 5.904873031395681 8.831950218212391 15.411347102299759
6.601449 2.843982745969148 5.74709267722775 8.594302256119986 14.994611327663542
6.69347 2.77252425291991 5.592871425741375 8.362451055526227 14.589216676496319
6.786773 2.703151784527507 5.4435603789245866 8.13769245209922 14.196974755916305
6.881377 2.6359182449996363 5.298889256991125 7.919506602469679 13.81406308724868
6.9773 2.570183792798637 5.158378951172249 7.70890616715689 13.443638085012276
7.074559 2.50640102547873 5.021533836875265 7.502675527750357 13.083509584064577
7.173175 2.443845251285258 4.888131311996182 7.30314303511614 12.734246485217824
7.273165 2.383203146582809 4.759902309241294 7.109798083406538 12.394681525629862
7.374549 2.3237477229572856 4.634009801109618 6.920186855695362 12.064543513571385
7.477346 2.2654039261800927 4.511449018783273 6.736326976100605 11.942384945478194
7.581576 2.208538168956497 4.390852699638032 6.555349853502974 11.42496333553652
7.68726 2.1525251155021667 4.273469125110682 6.378730987524627 11.116423748413142
7.794416 2.0978287417363566 4.158702382746702 6.205527876481365 10.814230619006363
7.903066 2.0443333706839972 4.046186046172164 6.036608850819211 10.518760203167147
8.01323 1.9920203411048178 3.93728776745178 5.873123824986106 10.231819143577043
8.12493 1.940964853022795 3.830871275007963 5.713309223916119 9.951727400355475
8.238187 1.891403707761651 3.72727576365783 5.557389460246684 9.679576651747965
8.353023 1.84303529247867 3.6267894872141597 5.406382410081429 9.414903441811191
8.46946 1.7961581972326324 3.5293864798829606 5.259756540206334 9.15818292086876
8.587519 1.7505866025022017 3.4346573591855356 5.117232017258073 8.908946942585635
8.707225 1.7062957131295666 3.342671971238056 4.979093480195881 8.66731912286047
8.828599 1.6633220171849763 3.253762192456123 4.845152399166278 8.432124918186217
8.951665 1.6214498214464812 3.1673849293213197 4.71475673799846 8.204536988660921
9.076446 1.580829991327892 3.0833563749599278 4.588408349421486 7.983170962652993
9.202967 1.5411721155431184 3.0015675233758903 4.465455366577017 7.767357605429044
9.331251 1.5024095319395687 2.9216456378647715 4.344967172837354 7.556789751969243
9.461324 0.0 0.0 0.0 0.0
9.593209 0.0 0.0 0.0 0.0
9.726934 0.0 0.0 0.0 0.0
9.862522 0.0 0.0 0.0 0.0
10.0 0.0 0.0 0.0 0.0