0.01 5338.1051419233545 9886.659729037714 13087.087175422877 19613.019063387164
0.01013939 5370.833167741506 9923.151226000375 13129.373910663666 19673.591811354094
0.01028073 5405.96573636098 9960.245802925127 13174.966186694706 19710.809920417967
0.01042404 5443.549655511469 9998.060808498332 13223.764101982611 19730.204197875686
0.01056935 5483.432054317946 10036.563308116447 13275.392765589793 19737.55503239166
0.01071668 5525.350561272603 10075.669649429037 13329.593034253232 19739.471932635603
0.01086606 5568.880396451152 10115.28801421159 13386.232572218574 19742.826626502087
0.01101753 5613.428609345803 10155.32627123134 13445.350206293078 19754.486469183954
0.01117111 5658.3497478938225 10195.766480363014 13507.185392978508 19780.96961743499
0.01132683 5702.905784761655 10236.490539890407 13572.044953374503 19827.80797379248
0.01148472 5746.3978031731585 10277.372114283213 13640.204147646657 19899.17397842136
0.01164481 5788.200238557614 10318.285826516045 13711.829507343926 19997.373991151497
0.01180713 5827.752226134954 10359.104079936193 13786.687928537665 20122.16810541787
0.01197171 5864.582489415856 10399.742226142913 13864.373862267325 20271.015106481973
0.01213859 5898.3244503420365 10439.98641431032 13944.074494102335 20439.831710796967
0.0123078 5928.700884834877 10479.61021853218 14024.736924137325 20623.231746795707
0.01247936 5955.505522279642 10518.36611042641 14105.328321310153 20815.03031980351
0.01265332 5978.687133351882 10556.049954661115 14184.815394231118 21008.77018389668
0.0128297 5998.297244001803 10592.449763231214 14262.323684516301 21198.108636817113
0.01300854 6014.4918545697465 10627.335756626788 14336.977551232054 21377.050614974996
0.01318987 6027.50067631691 10660.471045034108 14408.033362906779 21539.974661904427
0.01337373 6037.641534383121 10691.621304956649 14474.979314002698 21681.891865467824
0.01356015 6045.2565628089205 10720.651891535985 14537.524231299005 21798.70253990578
0.01374917 6050.686928269103 10747.424654453544 14595.511578576945 21887.48134958265
0.01394083 6054.217040643001 10771.841498427137 14648.540508058813 21946.986799526727
0.01413516 6056.078953811885 10793.7868997053 14696.30107302095 21977.814382392906
0.01433219 6056.477015694295 10813.306578918837 14738.630512756048 21982.322608125047
0.01453198 6055.5756871019885 10830.39846527708 14775.511640135126 21964.376248882956
0.01473454 6053.537476440953 10845.198372641637 14806.996103915444 21928.881146193187
0.01493993 6050.445955207646 10857.777807234716 14832.898105038219 21881.053580863638
0.01514819 6046.44620800815 10868.37518868394 14853.135335406318 21826.27021714583
0.01535935 6041.641004341728 10877.08122512292 14867.653689581273 21768.88137709055
0.01557345 6036.1181511896975 10883.987342842287 14876.566602216297 21712.341965891566
0.01579053 6029.972513422369 10889.28271547393 14880.022536708504 21659.180144505786
0.01601064 6023.249560349008 10893.133458029608 14877.978843538178 21610.790319520213
0.01623382 6015.921161985552 10895.651343257148 14870.613665489454 21567.870443473777
0.01646012 6007.919362854702 10896.913360236564 14858.190565580839 21530.649400203583
0.01668956 5999.109442658469 10896.993673761928 14841.118215102257 21498.91371910322
0.0169222 5989.324628693552 10895.880997577598 14819.933190793732 21472.16796072304
0.01715809 5978.378519013982 10893.528247629754 14795.169021843958 21449.610990195633
0.01739726 5966.108727821377 10889.876476222642 14767.436990682912 21430.199022938603
0.01763977 5952.4459648475795 10884.793531103975 14737.378701770791 21412.96092464135
0.01788566 5937.405154086897 10878.162855631559 14705.70290989527 21396.76881376845
0.01813498 5921.088521348811 10869.815398903549 14672.953347889867 21379.950269441877
0.01838777 5903.693373798483 10859.647876418416 14639.616157193173 21360.468829094352
0.01864409 5885.466703921425 10847.482773752781 14605.909352202316 21336.088390226556
0.01890397 5866.705853981438 10833.201722289294 14571.9739802033 21304.786194080636
0.01916748 5847.677180760911 10816.64924238449 14537.658989374764 21264.52319474433
0.01943467 5828.630311467371 10797.751271631858 14502.683199598207 21213.33189401348
0.01970558 5809.734051310229 10776.445226826436 14466.638991261689 21149.610910518626
0.01998026 5791.090249094542 10752.629657190695 14428.979997042934 21072.321594046494
0.02025878 5772.741308498059 10726.252707197964 14389.12664037205 20981.272317718336
0.02054117 5754.672059024726 10697.243513625452 14346.496853190014 20876.876460009247
0.02082751 5736.816703700957 10665.552986323273 14300.46387988233 20760.063941776178
0.02111783 5719.113842513559 10631.194764296704 14250.536778224745 20632.188925353028
0.0214122 5701.548720226072 10594.275563546065 14196.413291930316 20495.355201651793
0.02171068 5684.46607592596 10555.44994494948 14138.449653015085 20352.276366404927
0.02201331 5667.210147526514 10513.979699364585 14075.726836102176 20204.818251554043
0.02232016 5649.6435255722945 10469.887639632178 14008.195249595527 20055.157891959578
0.0226313 5631.576087684967 10423.242420163224 13935.956673525307 19905.113371622505
0.02294676 5612.821105755267 10374.076482790446 13859.12261811731 19756.187222822515
0.02326663 5593.183965394227 10322.492562749267 13777.98847077098 19609.483881009663
0.02359095 5572.4260176557045 10268.533488578809 13692.697778897542 19465.192582135423
0.0239198 5550.339395434939 10212.230744420758 13603.487389115864 19322.846864753803
0.02425323 5526.754676940489 10153.703273888157 13510.549080916211 19181.606569764477
0.0245913 5501.53911339669 10092.979073878645 13414.080151746968 19040.504527941255
0.02493409 5474.598623242238 10030.133547821868 13314.25322970592 18898.73969041491
0.02528166 5445.889585704569 9965.23931868022 13211.313042519252 18755.75948109762
0.02563407 5415.392693058035 9898.347430034379 13105.574079296319 18611.510890285277
0.0259914 5383.148391212771 9829.58809019625 12997.503194434279 18466.691238816136
0.02635371 5349.185681540883 9758.992160870675 12887.623442634494 18322.443457255322
0.02672106 5313.542962534264 9686.61219292249 12776.492667727847 18180.404461171183
0.02709354 5276.292488461445 9612.533304805762 12664.886514958662 18042.69001325514
0.02747121 5237.4823854116075 9536.814621860089 12553.542085832476 17911.522947108548
0.02785414 5197.117793842328 9459.405932835509 12443.098876691342 17788.868623049366
0.02824241 5154.993556268245 9379.970554069694 12333.78518046135 17675.868911548074
0.0286361 5111.515291779787 9299.095659163293 12226.71907661429 17574.067950156732
0.02903527 5066.724269336759 9216.840228789308 12122.272740780334 17483.532244438407
0.02944 5020.650856831221 9133.297466800661 12020.520093158706 17403.25085799194
0.02985038 4973.3167328526315 9048.562037748188 11921.362928172237 17331.142871547894
0.03026648 4924.761759981799 8962.769959039302 11824.346712125465 17264.318670600376
0.03068838 4875.0360845391415 8876.03941104211 11728.86197164359 17199.21508598698
0.03111616 4824.191951594556 8788.461807570384 11634.092850442496 17132.05537052514
0.0315499 4772.309249792401 8700.141273217469 11539.175868986782 17059.241276342895
0.03198969 4719.53892774883 8611.172155207661 11443.27337028095 16977.88809599496
0.03243561 4666.093739195362 8521.640765573207 11345.76500144569 16886.021354042037
0.03288774 4612.21673879017 8431.62273042715 11246.172397926815 16782.810777282946
0.03334618 4558.181638509333 8341.179433152489 11144.25863891931 16668.467306570823
0.03381101 4504.281242861767 8250.35928765828 11039.948218875244 16544.04093182105
0.03428231 4450.762129003609 8159.1792249924865 10933.318981613527 16411.175835331032
0.03476019 4397.757128292557 8067.8006669681 10825.081838119917 16273.599643358913
0.03524473 4345.496929863728 7976.099823661894 10714.879271850545 16131.22617694164
0.03573602 4294.077448544319 7884.09487861339 10602.88831721451 15985.351705133555
0.03623416 4243.504485689928 7791.828159774223 10489.259495567334 15836.784049211896
0.03673925 4193.727274659857 7699.339851319794 10374.064975863941 15685.739636406024
0.03725137 4144.629999949957 7606.6667869345965 10257.444752143903 15531.972351433598
0.03777064 4096.061894676946 7513.91246226798 10139.515554327445 15374.925254435906
0.03829714 4047.8536902107003 7421.185913580465 10020.549697832434 15214.066123466773
0.03883098 3999.821567961756 7328.612367897753 9900.823796314418 15048.902477391222
0.03937226 3951.7973024193525 7236.32213980716 9780.691622210325 14879.229296023712
0.03992109 3903.643198490317 7144.444369639503 9660.566519438116 14705.125978821667
0.04047757 3855.2522723756097 7053.069455784707 9540.773770806274 14526.825437791442
0.04104181 3806.379348998233 6961.4332946045615 9419.821244515771 14340.428011657325
0.04161391 3757.2771974776765 6870.693123820041 9300.029200310124 14151.834416595817
0.04219398 3708.0357173130883 6780.985135450226 9181.584090606348 13962.045543322973
0.04278214 3658.8134811324144 6692.431744121108 9064.609822715272 13772.04974966693
0.0433785 3609.8277237380375 6605.126472961089 8949.20343018813 13582.798625854333
0.04398317 3561.3248091669434 6519.148600511728 8835.388518423253 13395.121556871796
0.04459628 3513.585950254256 6434.541929659529 8723.228892002902 13209.781517448275
0.04521792 3466.9083207385916 6351.359895378531 8612.772516112504 13027.36746470654
0.04584824 3421.5604713720204 6269.60833937792 8504.079853097288 12848.352027856583
0.04648734 3377.800588436909 6189.276923049919 8397.201567067441 12673.060540459608
0.04713535 3336.011902804 6111.443432634095 8294.560874355102 12507.650702123216
0.04779239 3296.26892573465 6035.612863376026 8195.23430991326 12349.958294248627
0.04845859 3258.5474935781717 5961.050270186422 8097.814220211926 12196.611892999475
0.04913407 3222.839834925972 5887.721818996979 8002.280789901427 12047.8704973479
0.04981898 3189.0875246964 5815.609551985319 7908.578949572513 11903.865802458886
0.05051342 3157.157655906015 5744.701366465759 7816.5736373453165 11764.707624569963
0.05121755 3126.8815934644085 5674.983880910331 7726.114309433893 11630.260549837467
0.0519315 3098.021874575679 5606.465159253801 7636.961884303179 11500.24512876914
0.0526554 3070.328674427743 5539.12896182711 7548.8484213905 11374.097049812353
0.05338938 3043.2726125319045 5472.053882584076 7459.794989009422 11247.129660888108
0.0541336 3016.5465077763015 5405.0621341236565 7369.2890863702105 11117.796210651886
0.0548882 2990.2318705303264 5339.271214748548 7279.382388704546 10990.22222206982
0.05565331 2964.1372541629503 5274.677467469343 7190.17315801306 10863.854618657104
0.05642908 2938.038314068575 5211.15923520482 7101.773239049747 10738.3609745988
0.05721568 2911.7421277869257 5148.5305609712495 7014.44091099493 10613.652928421361
0.05801323 2885.167883318431 5086.751547975331 6928.721049623347 10490.37153425299
0.0588219 2858.436087511716 5026.073474523776 6845.647558199146 10370.066956307312
0.05964185 2832.0269151979105 4967.607947434883 6767.79626504318 10257.780466976137
0.06047322 2806.0601319515613 4912.085450148595 6697.366020378193 10158.92795232223
0.06131619 2779.421401236245 4856.59119813739 6629.9405363995875 10064.615267579507
0.0621709 2751.88877540853 4800.715096665938 6565.329591544996 9975.066254167034
0.06303753 2723.4864605492467 4744.559980626904 6503.797328976243 9891.205908360802
0.06391624 2694.154870313274 4688.084623803348 6445.19755878389 9813.238384919216
0.0648072 2663.9374182962224 4631.451316162913 6389.423414982579 9741.262174659598
0.06571058 2632.7763672758856 4574.607934390287 6335.884532934254 9674.375918329742
0.06662655 2599.2599972946145 4513.241626116442 6275.800386214505 9593.072986179726
0.06755528 2564.508872448595 4451.08013493695 6215.477933712889 9512.401953639088
0.06849697 2528.588827690435 4388.138145724021 6154.090705014279 9430.790805517216
0.06945178 2491.5883446780613 4324.285627946077 6090.58458636644 9345.976356884801
0.0704199 2453.6707927283846 4259.45270689861 6024.030616406287 9255.850988474991
0.07140151 2415.0560970477836 4193.6007154588915 5953.666968677308 9158.512176169963
0.07239681 2376.2066154896825 4127.335684969029 5880.146980234083 9055.337067526067
0.07340598 2337.368208074673 4060.7442762265546 5803.313945021164 8945.659539117152
0.07442922 2298.411223818495 3993.009790506404 5721.451380736135 8824.90284496102
0.07546673 2259.42510045453 3924.12014013863 5634.557574158551 8692.65150628743
0.07651869 2220.418355964375 3854.1004424496896 5542.803288865277 8548.905962998759
0.07758532 2181.3000703294306 3782.9800244263793 5446.464679212494 8394.050937978207
0.07866682 2142.7563735701447 3713.3616734681195 5350.754548002552 8239.350398510382
0.07976339 2105.1016623273476 3646.8825075512223 5259.071862393649 8092.184364810799
0.08087525 2066.6898752529364 3579.260422079552 5163.615652744751 7935.78685533926
0.08200261 2027.3337716879741 3510.5676046844687 5064.793241743093 7771.312055418773
0.08314568 1986.9014896615247 3440.9253856167843 4963.021300564912 7599.961530285328
0.08430468 1945.3404567066802 3370.4963667914994 4858.713202465114 7423.016894680336
0.08547985 1901.9012892001829 3296.9098391180405 4747.440837269261 7231.4326833018595
0.08667139 1857.2028529113654 3221.824763638936 4632.43854660989 7032.5201205754565
0.08787954 1811.8799518085325 3146.7408659809716 4516.594636706138 6832.7450192283195
0.08910453 1766.2544098172496 3071.9679387036986 4400.487863852361 6633.510130619473
0.0903466 1720.6902144079584 2997.8525507485 4284.727213159414 6436.233364292186
0.09160598 1676.2726859391487 2926.926877686384 4174.0048270543475 6250.484801970884
0.09288292 1633.2619814569578 2859.2567607501746 4068.456129481472 6076.468331199487
0.09417766 1591.3068438497087 2793.1074627240364 3964.8947012202684 5907.575367536138
0.09549045 1550.7191483350653 2728.8523051827874 3863.998318964667 5744.991403451791
0.09682153 1511.7351234162684 2666.8090352156073 3766.3525057768447 5589.659636022196
0.09817117 1474.8804141733826 2608.314650364866 3674.4599888038842 5446.406956628062
0.09953962 1440.0685589424338 2552.919784889043 3587.4521258364402 5313.119731201225
0.1009272 1407.273883977549 2500.4662409776997 3504.94316503144 5188.648214457476
0.102334 1376.529771326071 2451.113426341163 3427.1274193572917 5073.1519315828755
0.1037605 1347.189145940233 2403.1101802863145 3350.84234149334 4960.241254454304
0.1052069 1317.4960687921225 2351.4181061833197 3267.2351577442078 4832.533287452967
0.1066734 1289.8512299044064 2303.247924507115 3189.0055250303094 4714.564403250461
0.1081604 1264.1336335302246 2258.4899683946232 3115.9704011878102 4605.88561569174
0.1096681 1240.1941140031952 2217.013506658864 3047.913018167034 4506.0331092908855
0.1111968 1218.1904319906507 2179.4847264213986 2985.9184394152785 4416.283001267393
0.1127468 1197.71091060856 2144.782507930002 2928.364637366391 4334.258231693294
0.1143184 1178.5236742478849 2112.560855749558 2874.7629186037957 4259.121276286684
0.115912 1160.382337664446 2082.4926106085545 2824.650882874644 4190.022813036838
0.1175277 1143.8740410534042 2056.4745003958933 2781.3090549757244 4132.928737375276
0.119166 1128.0022072452816 2031.977649598918 2740.7010831043244 4080.3360517667847
0.1208271 1112.4076859244544 2008.3870611241298 2701.983887228471 4030.5150696223795
0.1225114 1096.7592251095361 1985.1434638084754 2664.4918669305835 3982.0825505795287
0.1242191 1080.4094118951245 1960.8120416779925 2626.364527643159 3932.181751987903
0.1259506 1063.562850835351 1936.0885754413455 2588.7710978235978 3881.751203279653
0.1277063 1046.0141121050492 1910.5654384396291 2551.3364826113907 3829.874213331851
0.1294865 1027.8793969871822 1884.4239570586649 2514.464504303169 3776.4262787607636
0.1312915 1009.085974386538 1857.4399688445621 2478.0155032096004 3720.917131171471
0.1331216 989.2543826042433 1828.6538387881615 2440.868780092545 3662.129027483503
0.1349772 968.387836533059 1797.9161943692807 2402.9627436205787 3600.256153041423
0.1368587 947.5681662739353 1768.9089802205467 2371.2963604833976 3551.9597739095866
0.1387665 925.70807779235 1737.5937562239237 2338.2508500160934 3499.9695811777588
0.1407008 902.8946363426804 1704.0627655924197 2303.778501345774 3444.674322426131
0.1426621 880.0754814001779 1670.3472358973163 2270.3495895843125 3389.0305882204366
0.1446507 856.8405970052569 1635.3450513417222 2236.3424276914857 3332.052478866235
0.1466671 833.1505590798196 1598.802767167684 2201.168644576071 3273.786604808399
0.1487115 807.4777521443754 1555.9679371456207 2156.85683943849 3201.4022927011924
0.1507845 780.8495460192939 1509.236273719551 2106.738064660255 3120.7230655848516
0.1528864 754.9246608138433 1462.8321372372645 2057.1896617542593 3042.336976387194
0.1550175 731.9188135750888 1422.9984167174644 2018.4684824837177 2984.538823453879
0.1571784 711.5324380487383 1388.3426655764551 1988.0692501166106 2942.3942975934106
0.1593694 692.6585586964044 1355.1461413499287 1959.3388439546684 2903.5695108331424
0.1615909 676.0764559415074 1325.4285487452935 1935.2869130928052 2872.4796230625857
0.1638434 661.5848702260363 1298.6541492297383 1914.9028766222016 2847.170494277935
0.1661273 648.9598211701705 1274.3660817623318 1897.2440335608308 2825.855814996307
0.168443 635.1738256214505 1244.3376751645912 1868.0995616634775 2784.62016359573
0.170791 622.7875094716429 1216.2267762136864 1840.3042773629616 2744.581889617394
0.1731717 612.4408179902341 1192.2392352985291 1817.545982841969 2711.3257320690655
0.1755856 605.3049499842363 1175.963086869466 1805.9256830334637 2693.6319794476058
0.1780332 599.1467909968231 1161.8165878607117 1796.2763778001295 2677.9663885562727
0.1805149 591.8722590149595 1143.695538839746 1776.9682714347969 2642.929060070244
0.1830312 583.8714340703834 1123.4590483203297 1751.6870813682601 2595.7374199186875
0.1855825 575.9562043286248 1104.3508119555045 1727.093762721136 2549.686641952137
0.1881694 568.1564504673811 1087.6614682323407 1706.8883791675082 2514.1797947862856
0.1907924 559.8201326073402 1070.6101337304585 1684.7279580136453 2475.3485474089025
0.193452 550.1561610184225 1051.2774603823934 1657.5744012359214 2429.9777844814917
0.1961486 539.4643203387561 1030.3112008362762 1626.4785265414077 2379.153845238406
0.1988828 529.0753936026221 1010.9492379369107 1596.8874294259376 2330.378525916965
0.2016551 519.5708969839649 994.4637208087071 1571.0205721182992 2286.923652118904
0.2044661 509.1192325746263 975.8564781374378 1540.4771196307613 2236.9365852618694
0.2073162 497.14000426384786 952.7239230910621 1500.5866077118014 2172.481388283789
0.2102061 484.7661427633216 928.6326527591876 1458.484331428497 2105.8544369493216
0.2131362 476.1554959067371 916.0422596532615 1437.462790671599 2075.0218490720895
0.2161073 467.71021131101554 903.6985112418174 1416.3985579590603 2045.1098145137073
0.2191197 456.5181766801475 883.7819128059047 1382.3438267871163 1999.252244878667
0.2221741 445.1313168533835 862.968018702264 1346.4800824865931 1951.8239396633453
0.2252711 435.02175849529885 845.3690111279427 1315.907517447872 1912.374679663239
0.2284112 425.87383273447205 830.0179512990974 1288.8157019437247 1878.2819568651612
0.2315951 418.011634894675 816.4963712458917 1262.7879956382476 1841.4650509778976
0.2348235 411.2086687101254 805.0066128416348 1239.259620820828 1807.109391639863
0.2380968 403.0754020517109 789.8268302859414 1209.6588173518046 1765.7995985311004
0.2414157 395.2045504202319 775.0287502732109 1180.5760646831802 1725.9506575841042
0.2447809 387.4200830483425 760.8529557557306 1152.9399787756315 1688.4200555434873
0.248193 380.2326449684845 747.873780014095 1127.1394655217437 1653.7227811529
0.2516527 376.69232386936 743.0482918204235 1113.3822025278744 1635.5178953323898
0.2551606 372.32860230925706 735.7504620716504 1095.658608152451 1612.2923390052347
0.2587174 364.81289138754636 720.220424494818 1065.4408763311806 1572.824076339606
0.2623238 359.00124317651813 708.6271577333848 1041.4508903698222 1542.3615404977568
0.2659804 355.0341993659166 701.2848915356295 1024.1006147734058 1521.5281241585778
0.2696881 349.0491496449321 688.263765348549 998.1416821331024 1487.5471476685927
0.2734474 342.42588489264665 673.0707095955696 969.2134110501113 1449.2498370394153
0.2772591 338.37347134596655 663.9313812683188 950.5026322949991 1429.1650314318008
0.2811239 333.90232955300604 652.8684791670195 929.3932006287772 1406.9094752780406
0.2850426 328.9816906043597 639.7818932892898 905.9508478819662 1383.0860845564819
0.289016 324.84778981006025 629.1444724108301 886.4577539186696 1360.4447473666103
0.2930447 321.14640061469646 618.9295267173638 867.5349227307858 1336.6577123320606
0.2971296 317.6958550661814 607.473656686756 845.550853886908 1305.4064128531083
0.3012714 314.6880936797269 598.6117219843155 829.9446003414247 1287.8557960321773
0.305471 311.5802509928761 590.2582986251728 816.3695794633442 1275.263068408818
0.3097291 306.9095845303494 578.5126553475964 798.3888139784209 1256.7974397870107
0.3140465 302.6098091111674 566.6446085827583 778.9000401737643 1231.0422139831264
0.3184242 298.7415298686806 556.2666254489957 761.7518054471736 1208.604529815719
0.3228628 295.7996881368718 549.7563476839372 751.6685739797035 1201.2026030372558
0.3273634 290.30364295468485 537.3756047435123 732.4790581222609 1175.9965844190715
0.3319266 284.12209277728573 524.8036605002331 714.0272062078443 1153.1952156794257
0.3365535 277.9166261171038 513.7778862729864 698.9410124559687 1137.2409852173955
0.3412449 273.5840644802321 508.24656388397324 691.1258387418818 1128.1058839279108
0.3460016 268.40021689451635 500.50196820643765 680.33490038978 1115.640317803114
0.3508247 262.9910899852323 491.7316297987118 668.6090010539965 1100.8497388794851
0.355715 257.48332103093514 483.64932668393004 656.9099060105434 1084.777924944844
0.3606735 250.97311403330232 474.45126428807646 644.8269014887134 1068.7277086004888
0.3657011 243.04857439200134 462.71794860701846 629.2721600571003 1047.7082821167198
0.3707988 236.40652955945959 453.5914066008755 617.183294553475 1029.5387408789531
0.3759675 230.15514778805812 445.66553225670225 606.678458010101 1012.980710880298
0.3812083 223.62315211262404 438.160724120058 596.9645800523027 997.4426046004194
0.3865221 217.76508832801275 433.52063309104557 591.8579145016234 986.2550169546209
0.39191 211.75484453458554 425.367644254239 579.9418790595498 968.0943661786877
0.397373 205.08190187180548 419.18792014261436 572.806196459895 953.9899929265451
0.4029122 199.42619162393768 414.97976045788266 567.0811102538578 939.8861313724832
0.4085286 193.76207738387703 408.3755394299268 557.9173007655595 924.3974292967613
0.4142232 187.36320702620577 400.40557665252965 547.9165682558446 910.3365846783089
0.4199973 181.2922000110958 394.0900578885329 540.1893920008187 897.091499977989
0.4258518 176.41171676023544 388.74238740769425 532.4003653792831 881.6196699614023
0.431788 171.60665391218376 382.4018815042002 522.887071032422 866.0368646372328
0.4378069 167.6533412146901 376.9647383709384 514.9662908752941 852.0092760625104
0.4439097 164.5936826597132 373.8029150711037 511.0330525616432 848.234905782181
0.4500975 160.20647203853642 366.28887139839355 501.07670717960286 833.2418964212217
0.4563716 156.77434501475042 359.20807501980056 491.33251914089794 815.4578659393878
0.4627332 154.87092713330486 356.58977233076604 489.2100538927619 813.3492284509842
0.4691835 151.55247548110907 348.93482728681744 479.73465065870937 796.8046383385847
0.4757236 149.31683140333385 343.5017677636897 474.30596831097023 787.832693628263
0.4823549 145.99098094230487 335.2817285520945 465.66577124782157 776.1100440621004
0.4890787 143.35366536180965 328.9785599675476 460.2849365056482 766.5939491851335
0.4958962 141.29444749340448 324.0250577749125 456.25850891494565 757.486706308158
0.5028087 138.24189622191008 317.9719762518658 452.19414322354 751.1589236093009
0.5098176 135.58150089888815 312.5819363645066 448.728603011929 742.6703325989191
0.5169242 132.96386193599105 307.37057769545527 446.2256674291947 740.0036189852348
0.5241298 128.2226162133505 298.88307552044864 440.24976696143233 734.5817075220707
0.5314359 125.4379150316829 294.2518782103697 438.05944477161273 732.2317114626492
0.5388438 122.25838094759234 287.0344868073064 431.31366999844863 724.5808094496739
0.546355 119.53223387873275 281.3046660266597 426.19965714760013 718.961641796827
0.5539709 115.87255155549374 274.1477441542789 419.6229862656359 712.3970791231441
0.561693 113.42423828709823 268.48637972639415 413.62659742043974 707.5452048231722
0.5695227 110.8984207445017 263.11538877769794 408.01321604833595 700.9755061579333
0.5774615 108.2323740244459 255.4479656386471 397.3951843538199 691.1741046391973
0.585511 106.24092510262429 249.97442137149042 389.0422026530881 683.0820157489409
0.5936727 103.8374292596242 242.47975697000336 378.0096040318904 672.205568360951
0.6019482 102.18417905565985 238.0165994447486 369.88915699031713 663.7822100967709
0.610339 99.89342501475959 232.07883873434128 360.33248964980174 652.9181119074706
0.6188468 97.7894281188477 226.66306464091647 352.7693390594941 648.620761352075
0.6274732 96.30346001597705 220.8708667027758 341.3597363658171 634.6819819937386
0.6362198 94.47212032567596 215.85024724674182 331.9800192975805 621.6870942870786
0.6450884 92.34547280584245 210.44549507774354 322.67324816652274 609.1108044459901
0.6540806 90.50080709103287 204.56565424623713 312.4287976194015 596.1024543367605
0.6631981 88.5639454514476 200.26373497390787 306.10092493153127 586.8695473794144
0.6724427 86.94012523200773 195.52999451307775 298.7629663481438 578.1630270603741
0.6818162 85.14116861158377 190.93140564217165 290.8108328390305 564.5030564015208
0.6913204 83.40846791231863 186.4943756033064 285.1726556584115 555.3917319440887
0.700957 82.34460363338886 182.906374270004 280.537919065273 547.5662299514513
0.710728 80.40040051769077 179.09870832193658 276.0585684833818 539.0969881099785
0.7206351 79.3772835482736 175.84865460363034 272.7147922488007 535.3912259211615
0.7306804 78.02678217786386 172.77201339959782 268.8427999802658 527.2377331034216
0.7408657 76.61253159913143 169.1729651639196 264.65416157530876 521.8773163271742
0.7511929 75.33196692216693 166.06604571274963 261.3662588683438 516.4687168535062
0.7616642 74.23738159339501 163.2333691179262 257.80055145970096 511.5254741329499
0.7722814 73.60932318786766 161.82312972050016 255.28001158085524 505.4620439060297
0.7830465 72.39368959958897 159.22368840834653 251.39279163599548 499.9811682199083
0.7939618 71.30373453893391 157.75258737043606 248.41334101741944 495.94957387672525
0.8050292 69.90084833784593 155.63559715517147 245.3050265501558 490.05596716563315
0.8162509 68.73763782024147 154.25974440240367 241.4528249902703 481.9215088645286
0.8276289 66.97757262447294 152.2624005047795 237.99443498469378 476.07334848370715
0.8391656 65.91194995649288 151.6265566573106 235.22556950547667 471.0522460889651
0.8508632 64.32940525706607 150.2150199714904 232.55200189073 464.67641492208566
0.8627237 62.41000855996305 149.09590387864054 229.78799057146423 457.369484740463
0.8747496 60.65268513160786 147.87651096365425 227.1980748466599 451.33104847254657
0.8869432 58.89723863600493 147.0033797062948 224.9712303160186 445.3840200040791
0.8993067 56.965761541958464 145.90398224030315 222.56082388606836 439.02692861201814
0.9118425 55.28339239810322 144.606719301924 219.86148489843598 431.3568461538756
0.9245531 53.30475497861654 143.25738348157765 217.49504077251416 426.70397546602163
0.9374409 51.54478537911556 142.0579312518539 215.84850917276208 421.33189078871885
0.9505083 49.98241132428159 140.68605606118524 213.8923178884808 415.87135376175075
0.9637579 48.28202093038504 138.67556238591186 211.36128686756018 410.82497045442125
0.9771921 47.09367440998638 138.37843816366572 210.53982430933402 406.4643456296454
0.9908137 45.707556872274864 136.1918950589954 208.45687785273162 402.8999346990655
1.004625 44.43955500083246 133.89134923353612 206.03903510833348 398.07461090041255
1.018629 43.37102990460868 132.0744098690471 204.33589977999893 394.81338154270696
1.032828 42.28860465605632 129.89751532997408 202.7789762244119 393.6827880158903
1.047225 41.25267581588087 127.7859091149515 200.56630263521944 390.168671267253
1.061823 40.39993830103463 125.67863616460805 198.71464906146923 388.0098862288313
1.076624 39.42615518936808 123.19450470658802 196.53921385134478 385.96745946480905
1.091632 38.495129873129855 120.68457846690241 194.46190009817727 383.95568760667953
1.106848 37.456691620012414 118.0154096809645 192.09782404195974 382.62030865853325
1.122277 36.43317436048443 115.71661011767145 189.56047581706142 380.2326503300748
1.137921 35.35389693508016 113.09313001508976 187.17462822753433 378.29939090570264
1.153783 34.32333093062665 110.67395452932459 184.76568144752503 376.47038302650554
1.169866 33.21030273625749 108.35380188209604 182.32816668581867 374.4692092622006
1.186174 32.10301377442379 106.12487144494955 179.97193446765957 371.61832979950634
1.202708 31.097050277907393 103.82320771893154 177.48232379241864 368.60287956527407
1.219473 30.122173618173974 101.6553201418883 175.0298296208922 364.8424232268765
1.236472 29.194028514991093 99.49902881976087 172.43466226485893 361.2529330899661
1.253708 28.387260318214427 97.30059646057671 169.36062181388414 357.07248086816145
1.271184 27.65493606166231 95.56767401299972 166.76656093121454 351.66663435400733
1.288904 26.99385765891906 93.15700961031789 163.0877657822098 346.0470555496276
1.30687 26.375570489812244 91.14596057899587 159.52722552709537 338.7124354207496
1.325087 25.89114698117987 89.2354208003493 155.7659686669414 330.4449045273593
1.343558 25.407230623689447 87.26414606396878 151.6740964285171 321.5924586734989
1.362287 24.985611505529068 85.30251349197012 147.19701968339479 311.96665075441354
1.381276 24.549761704365938 83.454102512114 142.5273197630673 301.68536336146406
1.400531 24.158287325633164 81.6204545090461 138.00832731513125 290.5573732431506
1.420053 23.756670492606037 79.7280578392754 133.3632008833813 279.41746488399997
1.439848 23.41950380158953 78.02677543145839 128.4875888672831 268.3540079840054
1.459919 23.07356434316028 76.23285656982263 123.76028670405769 256.9160829810429
1.480269 22.854358146970764 74.39863863363159 119.0123966489738 245.55788997823606
1.500903 22.622474077932136 72.73568351584296 114.46745489417594 235.3137305973959
1.521825 22.44851756939086 71.16690230299385 110.2615232267844 224.74370798687428
1.543038 22.321155903193738 69.50055290736903 106.2085491761668 214.95575318377897
1.564548 22.28765243353254 67.8840769800181 102.25461827925284 205.20321238675174
1.586357 22.26289308332028 66.38346137362606 98.60873820356785 195.96680942892826
1.608469 22.237803151335626 64.86336772955809 95.16930883378677 187.39811559238424
1.630891 22.30622798103695 63.243357985077516 91.76212224378473 178.73556478808007
1.653624 22.261162765884187 61.76683492981695 88.802301245305 171.02299792204454
1.676675 22.219756450742047 60.451784429818765 85.97260585961844 163.2436444641142
1.700047 22.12365670415512 59.060395779106805 83.22332463145474 156.08585630908235
1.723745 21.990541175116228 57.69437624550145 80.64093448740937 149.05802414336952
1.747773 21.760340111113127 56.38277819146647 78.21485969467633 142.68100381645573
1.772136 21.492826019834872 55.160251404267385 75.97091447126077 136.87272276158942
1.796838 21.17128032189598 53.98908900335566 73.99089308647915 131.38725295933986
1.821885 20.806149786422463 52.871228443545704 72.19443540719645 126.5224117227292
1.847281 20.382241663577034 51.90694742030384 70.77307840102965 122.18070559298467
1.873032 19.940701718635573 50.861496650123144 69.43634051719467 118.46289669067859
1.899141 19.47898644459788 49.89043021953076 68.52573445161957 115.25424157952801
1.925614 19.052606338423573 49.03250482032118 67.85874583566662 112.53523126676356
1.952456 18.686722241500792 48.23688426163032 67.41522580395983 110.35333645852158
1.979672 18.264605140285724 47.47050850222302 67.14722170718602 108.68315532162579
2.007267 17.953824330704496 46.683588512311715 66.90314580830561 107.44023237778757
2.035248 17.637331210372935 45.913520767969615 66.78859015527323 106.37090158886917
2.063618 17.39429508656689 45.17822244017706 66.70804676913575 105.58411454487091
2.092383 17.199088959407646 44.48466613534226 66.52411080330799 105.02668298298526
2.12155 17.0239518820373 43.77771862025329 66.25761295289558 104.52975767570244
2.151123 16.89443396398944 43.11207783245354 65.83349340800218 104.09502213844836
2.181109 16.77565714346932 42.43489158660412 65.3037219471192 103.77701214069617
2.211512 16.673210185464363 41.762026065104926 64.54236193627307 103.28889514178061
2.24234 16.576204646860493 41.153542154749196 63.68978762747528 102.85531085038257
2.273597 16.451373022583 40.515100186908015 62.60491641251676 102.27617758434599
2.305289 16.352013612087276 39.884914641593056 61.47992441566086 101.59602629049502
2.337424 16.21196538996455 39.25439421584761 60.182802956538666 100.74035430408195
2.370006 16.048724104786476 38.640956329948544 58.85585853081862 99.76056828469088
2.403043 15.850406222645802 38.03096810402399 57.40479276736876 98.46556374508143
2.43654 15.64518267385098 37.42952803878772 55.95860611797609 97.00022232738334
2.470504 15.401302907630642 36.82276688485403 54.47212881312795 95.34451098546005
2.504942 15.129948437726437 36.21707945075243 53.030750397786065 93.5601787930079
2.539859 14.842462511954329 35.57872814764753 51.58666378443095 91.59856069827511
2.575263 14.51034794926809 34.9349590100057 50.25414376190575 89.62661773807778
2.611161 14.181025210295271 34.29742264061887 48.915741851560355 87.59737773356193
2.647559 13.832517007926958 33.64948605109862 47.69342178215837 85.57101418608438
2.684465 13.481538321933868 33.03146695430317 46.59173210400628 83.6760932377716
2.721885 13.12056679390615 32.36359051936964 45.616243224689356 81.9353705454928
2.759826 12.780802706521149 31.717426600089727 44.73703043103057 80.39844021933821
2.798297 12.451079614240163 31.110456967512427 43.99170461809945 79.1279416673324
2.837304 12.141787221569018 30.494294106765064 43.34558995433775 78.04411980275071
2.876854 11.84873151495066 29.89030163066259 42.791528273584966 77.20848405767659
2.916956 11.579343144522992 29.32139895875567 42.31861769512886 76.55087483194197
2.957617 11.332069977304124 28.77161761987612 41.92698189690423 76.10992185941573
2.998844 11.09759635886926 28.23717678607972 41.56180797978817 75.77544364859519
3.040646 10.881840972357407 27.71504190478598 41.22948980408366 75.57611541751471
3.083031 10.680934873445787 27.211884938056663 40.9134317252067 75.3473418382662
3.126007 10.496752657944473 26.740106863314445 40.59453559015868 75.07462321268517
3.169582 10.317252710322549 26.261783804367273 40.240179094386214 74.71937245468477
3.213764 10.150057800405836 25.81222875588612 39.86658589695425 74.21161542135994
3.258562 9.988544135576952 25.38116607898255 39.44998741845957 73.51680217394697
3.303985 9.839881631238528 24.939909567425158 38.987928169235666 72.61881022281807
3.350041 9.704219801819873 24.512256945686776 38.45805305255489 71.48961159685659
3.396739 9.573408192161315 24.100075620762613 37.901875314403 70.15000418890946
3.444087 9.461581223123027 23.68309991029496 37.27268995716204 68.61767512953162
3.492096 9.361061223514168 23.283485765814003 36.627132445952356 66.95333927255156
3.540774 9.269060754243485 22.887377149885346 35.944762522230974 65.15321236812993
3.59013 9.194798175746966 22.479535066999738 35.21941122707285 63.28636428487245
3.640175 9.132961452538447 22.077682504619812 34.49467788570643 61.3727586379481
3.690917 9.072755508188655 21.681129387536988 33.736158860178385 59.48181479593484
3.742366 9.019544667880124 21.261561764342677 32.98229997120653 57.66134577363074
3.794533 8.969022600779457 20.857491967453495 32.223400216179805 55.89990024930504
3.847427 8.909912601567134 20.43513713795667 31.457814872106905 54.26391095417741
3.901058 8.836897871044215 20.018724061606942 30.696047940205776 52.72888009446214
3.955436 8.756637519356067 19.592523478744205 29.91907355018081 51.31616150175574
4.010573 8.649707448873663 19.160474442674474 29.161271675548328 50.03787468798222
4.066478 8.525331229597402 18.724622518958252 28.39816487547452 48.85221943712015
4.123163 8.380138211932458 18.29492423386307 27.648047635961063 47.76685715161796
4.180637 8.21967611995696 17.86448823809266 26.914938572632238 46.75527068525221
4.238913 8.042033487049418 17.431735386786023 26.19502735392691 45.81451292472042
4.298001 7.850166065642049 17.00988938312601 25.497950342002497 44.89514572544303
4.357913 7.658876223434915 16.594519292172617 24.819548657097226 44.00582437002938
4.41866 7.458551183856582 16.192573269393275 24.151585608130862 43.11155539837524
4.480254 7.258514695189613 15.796453142479663 23.5004058769466 42.19700746607243
4.542706 7.064598554437166 15.410804765284238 22.85793682046522 41.25956374544991
4.606029 6.874957951767161 15.04465658403632 22.231496175968168 40.30950469541732
4.670234 6.692560470326549 14.687573741226597 21.616363694051273 39.33421400950814
4.735335 6.51977374484552 14.346519882913803 21.004902961188012 38.33403208370218
4.801343 6.357282328438201 14.018293397884054 20.408178341378466 37.31956303008295
4.868271 6.200828357835601 13.70006839726461 19.82299514659099 36.309020553534964
4.936132 6.05151324750065 13.39278809480739 19.257053540586696 35.30483169192036
5.004939 5.907495106414893 13.097617421778297 18.71206201174882 34.31501560313146
5.074705 5.7669443839702685 12.809788145485935 18.191214328793546 33.353560644355966
5.145444 5.630658206444367 12.53220785781162 17.70147545757956 32.427597190151054
5.217169 5.494239450298513 12.259985356433054 17.238467658728865 31.532092462209658
5.289893 5.360225526066865 11.99714146605369 16.808405028177713 30.689306804872732
5.363631 5.222577026621697 11.7391851984956 16.394787065126366 29.883964313334623
5.438397 5.085503239703379 11.48486364202851 16.002833507130727 29.112654073469706
5.514206 4.94611786149272 11.23488453718278 15.623099769261664 28.378118378848622
5.591071 4.804365458844333 10.98892899816513 15.248255048941681 27.669483485953823
5.669007 4.664276107545312 10.742510618232147 14.87604452612866 26.980586379671493
5.74803 4.523084608016263 10.499767344350923 14.498634035247377 26.302861570386977
5.828155 4.383457269487359 10.257841627592759 14.117220497538591 25.6371502812175
5.909396 4.2463909166384415 10.016334352055335 13.728973951178997 24.980622019490106
5.99177 4.113062018310836 9.775304574422751 13.332876168915552 24.326233303828154
6.075292 3.9856948763305775 9.536954481492273 12.933422771816446 23.67423495877422
6.159978 3.8644047496987524 9.298716794383894 12.530758239882156 23.028580585182514
6.245845 3.751047460260804 9.061362829727745 12.127588991684886 22.38692329860744
6.332908 3.6460338861443353 8.824476351447977 11.726881611209413 21.755067527322375
6.421186 3.5513073731371887 8.591266560277363 11.334933259896356 21.139711801218645
6.510694 3.4654954675064857 8.360900685471492 10.95683140543127 20.546590921273445
6.601449 3.389736123360774 8.13525688594749 10.594584788062924 19.979383918298936
6.69347 3.3217928446343006 7.9130476967216765 10.249852481608002 19.43977242367539
6.786773 3.261079384500152 7.696998059533342 9.926458094392727 18.932273828844988
6.881377 3.2060123315316895 7.486432612103237 9.624965742318329 18.45433600723391
6.9773 3.1539922412861148 7.282024683530093 9.345353217964364 18.00920730083211
7.074559 3.103339442510456 7.082782583492905 9.083739896409874 17.59172974466007
7.173175 3.051541837546476 6.890412700672573 8.84165724353714 17.201879436295865
7.273165 2.997894290399099 6.703970664149451 8.6168851248175 16.834395527980664
7.374549 2.940661511370784 6.523660658869353 8.405482840324503 16.488032110249467
7.477346 2.8793646981394754 6.347911030412161 8.209205689585358 16.15821837975202
7.581576 2.814576209391695 6.177126086094804 8.023094911419175 15.842829807820216
7.68726 2.7457973721662405 6.011678435539856 7.847574201077316 15.539967046250068
7.794416 2.674054250744991 5.850182126259433 7.680044729776407 15.245744883218677
7.903066 2.6004736403958026 5.692273822936502 7.521137392802757 14.959519181602172
8.01323 2.5260494320648426 5.539464400635951 7.371490672238753 14.683523137155897
8.12493 2.4519174566496202 5.390570592821816 7.2276125767551544 14.414037117347563
8.238187 2.379323439263904 5.245738566248319 7.089333877206091 14.151689313918155
8.353023 2.3085633516408075 5.105716942992815 6.956554076120533 13.893322270196956
8.46946 2.2404708827576725 4.970265790573974 6.8274572332832415 13.637540667961549
8.587519 2.174985943783019 4.839132093874188 6.700483471084586 13.380856559907862
8.707225 2.1120228888602077 4.712227691415131 6.5745002143433755 13.120495699532157
8.828599 2.0513396205135437 4.590520864069648 6.448314465515808 12.852619171742312
8.951665 1.9921862947126825 4.472861071306759 6.32073393765619 12.57696000974168
9.076446 1.9343517666010825 4.359279862981928 6.191791116514838 12.291332808526715
9.202967 1.8770960681110935 4.249495294258347 6.060481019685314 11.995252273783855
9.331251 1.820037087892177 4.143112870309568 5.926785145854315 11.690586057191565
9.461324 0.0 0.0 0.0 0.0
9.593209 0.0 0.0 0.0 0.0
9.726934 0.0 0.0 0.0 0.0
9.862522 0.0 0.0 0.0 0.0
10.0 0.0 0.0 0.0 0.0