0.01 5698.435619944748 10393.271469383446 14187.11837526035 21733.33477380194
0.01013939 5727.004877368074 10448.225735813798 14251.808218014798 21760.943191641094
0.01028073 5755.4951940083065 10503.074792107567 14315.305785427423 21789.203039816883
0.01042404 5783.900418887586 10557.692085708268 14377.565323105924 21818.059190964213
0.01056935 5812.16536220526 10611.97702143816 14438.53131723578 21847.3535969073
0.01071668 5840.251248877121 10665.846325506818 14498.169681647829 21876.864734285602
0.01086606 5868.095866491577 10719.104886999081 14556.32650657454 21906.52699666273
0.01101753 5895.659062669865 10771.52834589089 14612.90115464185 21936.294310504476
0.01117111 5922.876979939029 10822.956207083736 14667.795978567952 21966.125167924834
0.01132683 5949.69359858732 10873.264367802105 14721.048165279142 21995.91388075958
0.01148472 5976.030094589238 10922.287300603966 14772.617376598326 22025.724532875367
0.01164481 6001.804425597748 10969.820880306606 14822.376107428941 22055.625014316545
0.01180713 6026.964060917992 11015.705963953213 14870.261495234485 22085.694512275768
0.01197171 6051.390175127817 11059.75041018846 14916.19448409352 22115.7795319945
0.01213859 6074.912335974386 11101.630549159392 14959.95891539002 22145.525470377754
0.0123078 6097.512355256537 11141.32770913252 15001.645172186003 22175.000644236356
0.01247936 6119.1885292403485 11178.877687752458 15041.42762013235 22204.465497133624
0.01265332 6139.850898731964 11214.19020036371 15079.131570709324 22233.749219188758
0.0128297 6159.431773831105 11247.1911473955 15114.817387302612 22262.633313215258
0.01300854 6177.8172930121145 11277.681607756833 15148.417773475792 22290.76684800645
0.01318987 6194.862502299541 11305.52980450741 15179.848371883687 22317.575941000825
0.01337373 6210.538308982381 11330.781679937152 15209.087789232579 22342.881289468925
0.01356015 6224.795628335857 11353.457950335634 15236.22718726273 22366.4229034254
0.01374917 6237.540194278148 11373.472273261983 15261.138746925712 22387.756421073245
0.01394083 6248.703936326675 11390.80150543185 15283.766387156087 22406.58546847335
0.01413516 6258.237783492525 11405.443745278992 15304.044946517899 22422.63686698727
0.01433219 6266.101367062214 11417.4066159194 15322.009735928996 22435.70293630891
0.01453198 6272.302847472684 11426.816293511914 15337.67567421957 22445.710725531597
0.01473454 6276.834108716444 11433.704427422974 15351.086741823941 22452.590935593445
0.01493993 6279.655201943644 11438.087409753409 15362.17544439026 22455.996665112823
0.01514819 6280.793951857126 11440.045437717095 15371.012162542735 22456.237795056673
0.01535935 6280.2387412939515 11439.580779155729 15377.464880566547 22453.41032999103
0.01557345 6277.9606803090155 11436.617203036609 15381.428594141313 22447.43881302305
0.01579053 6274.012370827703 11431.289760732474 15382.894565129165 22438.487162375615
0.01601064 6268.465233730405 11423.65331279977 15381.909827976635 22426.777386621132
0.01623382 6261.363970612877 11413.77233215335 15378.437231268072 22412.53437837402
0.01646012 6252.787590822632 11401.700577135485 15372.435054211555 22395.968889475316
0.01668956 6242.781635715882 11387.441046979502 15363.826985292322 22377.289628285213
0.0169222 6231.41869098006 11371.03565481219 15352.54196100964 22356.794147875502
0.01715809 6218.779966470002 11352.564886570046 15338.534137791234 22334.55130841453
0.01739726 6204.948714873646 11332.04809633262 15321.763141142957 22310.48688574669
0.01763977 6190.022317328894 11309.532951266738 15302.164504854625 22284.53054815417
0.01788566 6174.087651974338 11285.095044154992 15279.709802583187 22256.678611484225
0.01813498 6157.241891477751 11258.80769451045 15254.387223494343 22226.924353258466
0.01838777 6139.572756403247 11230.7315997653 15226.142456026517 22195.026499670694
0.01864409 6121.134001083038 11200.854911482113 15194.859457412918 22160.46672289328
0.01890397 6101.990822200843 11169.211426942846 15160.430786118026 22122.69372464631
0.01916748 6082.223884024253 11135.869655286722 15122.857762722144 22081.517599461335
0.01943467 6061.8707618863655 11100.842785937692 15082.101940005141 22036.636915640884
0.01970558 6040.983494230822 11064.19634451836 15038.155410173 21987.61589507859
0.01998026 6019.579403300908 11025.938288232353 14990.922060551298 21933.773499968433
0.02025878 5997.664828286175 10986.086980654254 14940.347432658664 21874.49314964332
0.02054117 5975.252270563653 10944.679847038102 14886.468920893294 21809.571599601462
0.02082751 5952.309365074475 10901.673582468997 14829.227142480135 21738.761694387995
0.02111783 5928.811046171009 10857.081390655674 14768.575610091159 21661.733062019637
0.0214122 5904.831286566923 10811.080829462986 14704.749491494014 21578.51143731401
0.02171068 5880.802043923519 10764.29985033117 14638.444802439279 21489.473456605145
0.02201331 5856.041173301596 10715.832698475313 14568.70914927738 21393.58611133578
0.02232016 5830.494400822489 10665.618611433232 14495.567969106876 21290.84332162076
0.0226313 5804.085044054328 10613.633307689479 14419.059314793407 21181.337596953006
0.02294676 5776.721003804119 10559.820979214423 14339.233537606768 21065.361838976132
0.02326663 5748.327481710741 10504.115539978906 14256.152911077115 20943.11577252009
0.02359095 5718.810061499437 10446.432605828773 14169.811584246809 20814.71675928805
0.0239198 5688.0983854132555 10386.701384516953 14080.294364407424 20680.41742258221
0.02425323 5656.116050209259 10324.837468499185 13987.646869836122 20540.498485224143
0.0245913 5622.763032323104 10260.735526357588 13891.865084128016 20395.181921069252
0.02493409 5587.986737643427 10194.34144352482 13793.064145153101 20244.791299354354
0.02528166 5551.744416570556 10125.605535725104 13691.328600484123 20089.716098090885
0.02563407 5513.99277095199 10054.485123682118 13586.711995949663 19930.199809831833
0.0259914 5474.707866508134 9980.946868227506 13479.316198500657 19766.582131957795
0.02635371 5433.899808354901 9904.950851184602 13369.241325436195 19599.187407881243
0.02672106 5391.558620591749 9826.498915852186 13256.545660131644 19428.27289870915
0.02709354 5347.704723446839 9745.615928048142 13141.305258897974 19254.105581729746
0.02747121 5302.369698817208 9662.32844157105 13023.633818669754 19076.93101348454
0.02785414 5255.540847676874 9576.633781728326 12903.543122584317 18896.991717344124
0.02824241 5207.023777999113 9488.206011723829 12780.723612892982 18714.112585090683
0.0286361 5157.224401522998 9397.60767689951 12655.820910000646 18528.9997485895
0.02903527 5106.21528165881 9304.932643812544 12528.910622077974 18341.812598649754
0.02944 5054.081613659864 9210.301153060316 12400.086756514773 18152.784113931782
0.02985038 5000.9324641094845 9113.857043998429 12269.531925117892 17962.0836054912
0.03026648 4946.8802103916605 9015.778890295389 12137.368043694663 17769.92638329542
0.03068838 4892.025051405605 8916.222178235734 12003.746511363302 17576.457542145203
0.03111616 4836.4765196603075 8815.351566350673 11868.788695113099 17381.794110584215
0.0315499 4780.339388431597 8713.317384603164 11732.626232971974 17186.038380520447
0.03198969 4723.725701783165 8610.285404941627 11595.41139455816 16989.351145912064
0.03243561 4666.725252300027 8506.43191024197 11457.297432244573 16791.847701275416
0.03288774 4609.440007614854 8401.943049950654 11318.398855922003 16593.642046556986
0.03334618 4551.971969889288 8296.992443953104 11178.911622920645 16394.861498113976
0.03381101 4494.4231577557675 8191.760012838386 11039.003344500072 16195.670942626364
0.03428231 4436.900696881489 8086.421937929588 10898.88338503546 15996.286709846536
0.03476019 4379.348773432642 7981.2137293605165 10759.133239546798 15798.51711424409
0.03524473 4321.983874015877 7876.253138263133 10619.515537681047 15600.956449238047
0.03573602 4264.887861583465 7771.725200975451 10480.154638425165 15403.742165881684
0.03623416 4208.148502218229 7667.772971003856 10341.236430476585 15207.069396111565
0.03673925 4151.848619445951 7564.5792099712435 10202.938101015934 15011.21002158393
0.03725137 4096.062142615774 7462.292785734367 10065.417913541947 14816.451300414854
0.03777064 4040.8630390023272 7361.105037793146 9928.909193581472 14623.03351255034
0.03829714 3986.3202594491936 7261.16886865358 9793.591899079069 14431.296133659005
0.03883098 3932.485681852321 7162.604820330967 9659.589383828465 14241.475273192871
0.03937226 3879.4279254534085 7065.552232919494 9527.09052083366 14053.859528611421
0.03992109 3827.1964489201523 6970.140378104769 9396.253360067194 13868.687012950717
0.04047757 3775.8225902355844 6876.423592687664 9267.13882662615 13685.982381192283
0.04104181 3725.1419864151817 6783.586086682791 9138.007566969163 13501.473344961156
0.04161391 3675.4038282969027 6692.692849771188 9011.008528092521 13320.194682416572
0.04219398 3626.627624571411 6603.796112755078 8886.257130437916 13142.338707723173
0.04278214 3578.8452785919694 6516.96831401387 8763.889964608852 12968.058621648357
0.0433785 3532.0898454254616 6432.235581130119 8644.03474933478 12797.518920999079
0.04398317 3486.36334086902 6349.631000447762 8526.776277028404 12630.846242150354
0.04459628 3441.65759014951 6269.166786506407 8412.200616033651 12468.100550097897
0.04521792 3397.9821665960044 6190.835758564906 8300.38815204653 12309.407361364441
0.04584824 3355.342284359515 6114.619002423742 8191.388565239153 12154.829215724392
0.04648734 3313.7476463180465 6040.498670018221 8085.271039087358 12004.317182621648
0.04713535 3273.337469574716 5969.466343783003 7984.244701227308 11863.342721765073
0.04779239 3234.048392972243 5901.050644321511 7887.439318967718 11729.68432168808
0.04845859 3195.783172564733 5834.569501195221 7793.509002942493 11599.989002465061
0.04913407 3158.527298456071 5769.9735600825215 7702.444552103434 11474.20054891183
0.04981898 3122.2719619031445 5707.187325479767 7614.218256139232 11352.269116354926
0.05051342 3087.0009645436016 5646.137272826517 7528.761847016331 11234.08108910615
0.05121755 3052.7125407995504 5586.747355921322 7446.009614099782 11119.509653086501
0.0519315 3019.381880552297 5528.930163643668 7365.865323020529 11008.43487848707
0.0526554 2986.9856643453422 5472.591967898111 7288.234285575772 10900.692769702917
0.05338938 2955.253070683714 5416.719482414758 7211.304868192217 10792.270030620708
0.0541336 2924.1189102519847 5361.063362986441 7134.61735480835 10682.260975116254
0.0548882 2893.8525258086274 5306.635476812604 7060.0621588103995 10575.028901473308
0.05565331 2864.3620433660312 5253.223069775406 6987.3326442160005 10470.145583354717
0.05642908 2835.5560290522158 5200.597506526664 6916.127821729915 10367.154525543772
0.05721568 2807.485430920373 5148.824043972786 6846.4792969267955 10266.157727712056
0.05801323 2780.295382574252 5098.183213161716 6778.6986921866555 10167.60260062231
0.0588219 2754.016363166825 5048.7146997407835 6712.78150295633 10071.514401372955
0.05964185 2728.543533389924 5000.548188274095 6649.196692363454 9979.573629869828
0.06047322 2703.8567350202547 4954.202162024849 6589.211300433949 9895.292125310085
0.06131619 2679.081069226119 4907.131520197197 6528.472254439156 9809.582568704815
0.0621709 2654.15773933927 4859.260502373176 6466.816453048757 9722.203442958444
0.06303753 2629.1322203028344 4810.697691700058 6404.362902192275 9633.325147118881
0.06391624 2604.0321327274933 4761.537159334122 6341.203940480821 9543.10028657725
0.0648072 2578.7612368664195 4711.642381516954 6277.108098759333 9451.206737737373
0.06571058 2553.1293106919993 4660.705194371665 6211.662038666991 9357.023025789838
0.06662655 2525.748085465058 4604.279091706124 6136.9163608667495 9242.95646679222
0.06755528 2497.6325687691638 4546.183946028001 6059.917875818634 9125.134827346403
0.06849697 2468.6990540929073 4486.406522977646 5980.715464764104 9003.833959334934
0.06945178 2438.821115960734 4424.808703865817 5899.126761890495 8878.765634379983
0.0704199 2407.8877715363574 4361.26221271091 5814.9662892963415 8749.684604037553
0.07140151 2375.7777404043936 4295.628391355338 5728.074263563935 8616.379747568451
0.07239681 2342.6801896277357 4228.614579473713 5639.730397042222 8481.927322114323
0.07340598 2308.5868084759036 4160.338179680688 5550.175894729607 8346.90384137459
0.07442922 2273.083194223796 4089.800583044895 5457.617258991001 8207.239073373838
0.07546673 2236.142896448817 4017.0234365502697 5362.07671861268 8062.94213196379
0.07651869 2197.768453712945 3942.068701799626 5263.654714698825 7914.152353181823
0.07758532 2157.978375894692 3865.029913994468 5162.438538385319 7761.015951856655
0.07866682 2117.7146189634677 3788.7863220213058 5063.408212795457 7613.8909977064795
0.07976339 2077.6061095135437 3715.2102808305867 4969.722406629664 7479.247534455159
0.08087525 2036.2918773096865 3639.9356265583037 4873.6175456410765 7340.544309162459
0.08200261 1993.9160938228285 3563.2446819523648 4775.429559151445 7198.234162631209
0.08314568 1950.6398266090364 3485.4394101014723 4675.515385296732 7052.839416039545
0.08430468 1906.6574993587672 3406.86046945712 4574.292791944708 6904.945619931201
0.08547985 1861.391082189089 3325.264478331139 4467.625316598577 6745.56064551747
0.08667139 1815.530182048302 3242.521902486158 4358.606431362535 6580.879276945738
0.08787954 1769.7066880649531 3160.328818263348 4249.993637557044 6416.390990244974
0.08910453 1724.1762793114356 3079.0998201272396 4142.339082971699 6252.91084255696
0.0903466 1679.1868315407926 2999.2292935429173 4036.164223173781 6091.2445029588425
0.09160598 1635.6903332063487 2923.2995996325626 3935.7997610010407 5939.96735082637
0.09288292 1593.8362733871675 2851.42237524612 3841.2842572780087 5798.885648170659
0.09417766 1553.2022035013927 2781.9167431721753 3749.5354960276745 5661.450721649351
0.09549045 1514.0001126806835 2715.1154316592924 3660.995753449064 5528.376266279188
0.09682153 1476.4181896329128 2651.3209505968857 3576.08788455176 5400.351503416278
0.09817117 1440.8741551807564 2591.6375538315397 3496.691922414331 5281.1208990592395
0.09953962 1407.3397827960832 2535.71687149384 3422.1443809771326 5169.175105035958
0.1009272 1375.8134515995107 2483.3889832324803 3352.124405471005 5063.768137586143
0.102334 1346.363436372442 2434.7643049958997 3286.805855126294 4965.241661374083
0.1037605 1318.3626261300487 2387.907294083339 3222.931766081596 4867.172251079134
0.1052069 1290.010227413664 2337.4053329144567 3151.3564636148894 4751.569305240892
0.1066734 1263.8143030970357 2290.786355829589 3084.9789868768457 4644.04470719478
0.1081604 1239.6845360227628 2247.857050374793 3023.597972023954 4544.327235166646
0.1096681 1217.4951017671822 2208.3579775661406 2966.900095721665 4451.932294376857
0.1111968 1197.3118358627073 2172.6662534127545 2915.519104375066 4367.466398644091
0.1127468 1178.7088159824527 2139.7507341008804 2868.0207070885967 4289.1998103444785
0.1143184 1161.4480846626873 2109.170377835091 2823.8556601817218 4216.344460196241
0.115912 1145.304597332195 2080.4572975376327 2782.4446513858215 4147.943839911334
0.1175277 1130.8537071033254 2055.5301678452 2747.0825757264465 4090.2493119804385
0.119166 1116.9920255758668 2031.571642894181 2713.3998259142377 4035.5951214117817
0.1208271 1103.359386133338 2007.84140987344 2680.3877552410445 3982.292802242326
0.1225114 1089.6388634830882 1983.7449780148247 2647.2502968208228 3929.1721867522097
0.1242191 1075.2134065195073 1957.9385168428953 2612.23771187999 3874.295956303078
0.1259506 1060.1774594433086 1930.8046940240913 2575.8692583856287 3817.755434981314
0.1277063 1044.2921001294676 1901.9152193226105 2537.597489842672 3758.619463771952
0.1294865 1027.7246688307075 1871.8177385209726 2498.118944141613 3697.7699939197682
0.1312915 1010.3784187342262 1840.3687330697762 2457.210062005121 3634.8516898366843
0.1331216 991.7135242002112 1806.29797821982 2413.15374298682 3567.4588693783808
0.1349772 971.7214685803397 1769.6879237188361 2366.006938249842 3495.7741925206365
0.1368587 951.6419437017499 1734.7900344991153 2323.5051335931516 3437.170734506132
0.1387665 930.2735762157655 1697.329196819298 2277.6594017907155 3373.5089239154076
0.1407008 907.7576624792005 1657.5666442692045 2228.759980324877 3305.1547757630656
0.1426621 885.2299680513136 1618.0636476461295 2180.1556475452658 3236.0485853181253
0.1446507 862.2665390381675 1577.7791858308315 2130.3519336535587 3164.6417044151754
0.1466671 838.8223626038883 1536.467541910307 2079.000975892238 3090.78045481535
0.1487115 813.3022873444714 1489.5693644096966 2018.7717339935589 3002.051502162275
0.1507845 786.7563179240285 1439.6846407990984 1953.5581544679937 2904.757396334123
0.1528864 760.8592688113476 1391.0853147163652 1889.9287675794565 2809.781673706631
0.1550175 737.7235662317994 1349.493784115557 1837.024964585604 2733.333774865032
0.1571784 716.9997700658006 1313.6446456868912 1792.6707848503513 2671.25651693181
0.1593694 697.5730823441552 1280.1539868498978 1751.2593092656862 2613.3022849840904
0.1615909 680.0578369669321 1250.4220037715625 1714.7954028379531 2562.2668745065016
0.1638434 664.3275246909083 1224.0863707132862 1682.8165310651932 2517.617473217347
0.1661273 650.2327297577867 1200.781617762962 1654.7657903150516 2478.83157220505
0.168443 634.533110168067 1171.9359150767011 1617.217668389016 2423.3721014706875
0.170791 620.0825613258503 1145.2027544159923 1582.3030522214274 2371.675380766991
0.1731717 607.5926612518365 1122.5511951098447 1553.1084554369709 2328.6714367539616
0.1755856 598.2659979774712 1107.1877949831694 1534.5473968548329 2301.4488009542238
0.1780332 589.9038926337888 1093.710271552456 1518.6029427712801 2278.394699615097
0.1805149 580.4854156401236 1076.327152423998 1495.5656212564347 2241.8046916361877
0.1830312 570.4051525770059 1056.6071352218637 1468.300301553022 2197.341704040963
0.1855825 560.4660955736449 1037.5168472581615 1442.2674763524171 2155.7073466980523
0.1881694 550.8139053944736 1020.5801285429611 1421.0695245059799 2125.7482115337198
0.1907924 540.6368265808618 1002.7147825517958 1398.6165929587205 2094.202356511967
0.193452 529.343683637261 982.7338098461116 1373.429834776353 2060.1577769025293
0.1961486 517.0628416631971 960.8910076652568 1345.712261100576 2022.9831610094966
0.1988828 505.07888718473407 940.3056109417869 1319.9855927118606 1988.7744877610805
0.2016551 493.9513447004688 922.3157830166025 1298.221344078691 1960.3291699060176
0.2044661 481.84424641881355 902.1592668155641 1273.1571130809166 1926.815803888493
0.2073162 468.31101077853646 877.9182010410892 1241.2142121545257 1881.5535412609436
0.2102061 454.4184413858917 852.8948713270075 1208.041917842804 1834.5030622803902
0.2131362 444.1014361871202 838.5449010069265 1192.7762384180653 1818.4421678436504
0.2161073 434.0670849151773 824.65661546414 1178.0854698462326 1803.3870252870875
0.2191197 421.54394783045836 803.7191873632825 1152.3283849964325 1772.73997917845
0.2221741 409.10811795782865 782.266190390108 1125.3699219876162 1740.327680292433
0.2252711 398.0363122238526 763.6759067576875 1102.4885553954057 1713.6260292520774
0.2284112 388.2332470486308 747.4817358691524 1082.8457513495794 1691.5809112615464
0.2315951 379.80118604249327 732.8002841802069 1063.6219004931374 1665.7601068822014
0.2348235 372.57070555435314 719.9978592220854 1046.362004862126 1641.4282086211508
0.2380968 364.33796651045975 703.9570249780384 1023.8255952861864 1609.99653143756
0.2414157 356.4402181491886 688.2395465856399 1001.4622998164812 1579.050849579506
0.2447809 348.74802611058175 673.393466417705 980.6714371074567 1550.4743828140483
0.248193 341.48884150388596 659.5109134048702 961.1548244298451 1523.7626962448187
0.2516527 337.44473566261297 653.0410502340386 952.2779636048521 1512.860545721234
0.2551606 332.33069394291726 644.1867382661645 939.7692894347597 1496.7514619228207
0.2587174 324.1411200816261 628.2938490315115 916.8772154874034 1466.0327367562202
0.2623238 317.2520166061886 616.0948122206486 899.6737559045612 1444.016851437835
0.2659804 311.73255545158224 607.8106156536049 888.5261874780044 1431.2808373298305
0.2696881 304.13117710325264 594.6903166855167 869.9543492416659 1405.9563308105965
0.2734474 295.8155036801598 579.9886158735286 848.9467620469724 1376.396056538978
0.2772591 289.57343150544625 570.6627352053997 836.7072245667304 1363.2264819754898
0.2811239 282.90510728851007 559.939922148607 822.2517227488814 1347.252625169479
0.2850426 275.9034333318594 547.8101443614133 805.5786896297509 1328.935560643802
0.289016 269.58417755583156 537.8186538994589 791.7551981631028 1310.2517126217206
0.2930447 263.77175565576624 528.418730641303 778.0820788851584 1289.3761248875505
0.2971296 258.32071327425433 518.0361654142323 761.0560503958992 1259.7684107089763
0.3012714 253.53157957085622 510.23577734774636 749.7499244986466 1242.9935397600477
0.305471 248.91901485424688 503.042558751121 740.0533528933773 1230.2208734004705
0.3097291 243.31277302941905 493.00364816043293 725.967005725307 1210.6146223538951
0.3140465 238.2981201717537 483.0953092699836 710.7108277431263 1184.5739958331724
0.3184242 233.90765752406185 474.552552311494 697.5410626569051 1161.8011133654986
0.3228628 230.5100010829855 469.3231847645921 690.6710765289102 1153.2973492159942
0.3273634 225.42528338558907 459.28187794972513 675.648553429851 1128.413730037929
0.3319266 220.07783714071863 449.1217462091894 661.2341132082622 1106.20264406607
0.3365535 214.93373536387563 440.2386662149058 649.7225504866425 1090.7770872655437
0.3412449 211.46103773486158 436.39337864162303 644.8371832753141 1082.3527418759525
0.3460016 207.53849856361842 429.86953670862385 636.8603120500177 1071.0547495432659
0.3508247 203.6598570683411 423.0309049882882 627.7104339273419 1057.7323889460683
0.355715 199.8799619018347 416.0021639319281 618.1552199308901 1043.2216697175136
0.3606735 195.47368230920867 408.096853939986 607.8108568870584 1029.2300382963024
0.3657011 190.1928551728381 397.9442058097702 593.9074003990667 1010.9099399737491
0.3707988 186.05196217715894 389.8651035544411 582.9019043171226 995.6368317695466
0.3759675 182.32984397165993 382.60917279249037 572.9755517748561 982.1136574524147
0.3812083 178.52721275451177 375.6358510347704 563.5942931115127 970.0857124100156
0.3865221 175.4262913642568 371.2227611365174 558.6896989400796 963.2996147455709
0.39191 172.20018348149299 363.4627035612707 546.8961871853096 949.805703265623
0.397373 168.49391069463223 357.4009253478778 539.4582137734077 940.0122650238915
0.4029122 165.59400960065298 352.9430517238308 533.2731259381793 930.5048755711183
0.4085286 162.6198395449525 346.4326534121377 523.9224098626443 919.766333330132
0.4142232 158.9270394676047 338.81556338963094 513.8741158807406 910.1538490200477
0.4199973 155.35477923599018 332.66750610163257 506.06507492319224 901.0615298550347
0.4258518 152.6041667057916 327.4497618993018 498.4366926816258 889.7629747982222
0.431788 149.6819560823145 321.5073906144496 489.3484378986638 877.9938963548915
0.4378069 147.19593416154822 316.3348472141902 481.65087187054485 866.9741450624346
0.4439097 145.26630763678605 313.3794248911961 478.0625301296268 866.5137107580717
0.4500975 141.96490042624646 307.0524738025098 469.0205149761079 854.7245110744853
0.4563716 139.29296176971232 301.24074128323093 460.030507854475 839.3772476003052
0.4627332 137.84261382517147 299.419680249232 458.0691310352115 839.6846168340066
0.4691835 135.01234629531226 293.50163510778555 448.8922309717914 824.6598886283682
0.4757236 133.16803670760646 289.6182682114085 443.0174203786863 816.2910855854939
0.4823549 130.4046391008266 283.60504116414154 433.90086139015966 804.4677489366162
0.4890787 128.35205312943373 279.3296638660532 427.4330447000053 794.2507077936738
0.4958962 126.99788393018889 276.3514911157647 421.83884693029677 783.5611956739876
0.5028087 124.93044822241177 272.61269819761924 416.0380316011058 774.9487695754918
0.5098176 123.38010248703078 269.5335658358604 410.6157384727986 763.4029186997968
0.5169242 122.00184391862349 266.6769222498554 406.01510028833707 756.9640495095158
0.5241298 118.78983318866962 261.15069908340143 398.5690538801058 747.4844786922263
0.5314359 117.46694584900543 259.1508069481848 394.973137202298 741.1538449657595
0.5388438 115.71715757985558 254.75551587053988 387.48261289408396 729.124827226268
0.546355 114.32527810568111 251.79130645807726 382.1206981639429 719.4770217836852
0.5539709 111.90839929044279 247.51857562038543 375.99651894808886 709.121834383833
0.561693 110.51906366243357 244.656308904713 371.19023177999884 701.2591861126472
0.5695227 108.89730544973015 242.0750849700365 367.3866263907019 692.0859444730376
0.5774615 106.9368860807225 237.30997103734484 359.73319085521405 680.6046499502196
0.585511 105.48133027802488 234.56075996180135 354.85096254155826 671.7520716596097
0.5936727 103.44952241094255 229.72092461210394 347.83017295430375 660.4237030695439
0.6019482 102.04735925159429 227.64521674256872 343.93492889604073 652.6597112522937
0.610339 99.91861463101758 224.10873665248536 339.1238838151727 643.2794350926799
0.6188468 97.92816551855256 220.9623739697773 336.3816191609104 640.9437491947444
0.6274732 96.47120022548937 217.1471126635688 329.80919622144785 629.6479963063393
0.6362198 94.67065501452689 214.0899803984908 325.354327276384 620.0695390233321
0.6450884 92.52976224602895 210.35221503978332 320.39210769714504 610.5610060873832
0.6540806 90.62982761394619 205.92189858353535 314.06728270283975 600.6627399833446
0.6631981 88.60834534826559 202.86216447454854 311.07143431389255 594.2931447890282
0.6724427 86.86343085215013 199.21594673388378 306.54401988153217 587.8528442780866
0.6818162 84.90190797935969 195.45887335642374 300.60187934732085 575.9299308394719
0.6913204 82.963764528871 191.68681903193325 296.3809698514659 567.4672631236829
0.700957 81.63128137023551 188.56983645094732 292.54607008894783 559.5903020894926
0.710728 79.37353839888112 185.0940605268457 288.3936302391872 550.1748528708222
0.7206351 77.94916441589905 181.92840465135876 284.97265973024184 544.8972735662767
0.7306804 76.16564868488176 178.78069714521055 280.698668322895 534.6522709388047
0.7408657 74.25571699289465 174.88892270825397 276.0453919838643 527.1250595678804
0.7511929 72.45290610075152 171.3283654023748 272.2970227764114 519.2474645853101
0.7616642 70.80883182359622 167.87330051972137 268.32195833246584 511.9951290024456
0.7722814 69.63110741976524 165.73283072752926 265.60686429767577 503.98766010768765
0.7830465 67.92228121362795 162.1790009466078 261.50925224624694 496.7884317259414
0.7939618 66.41633289390636 159.67176737813526 258.4225131627006 491.3493139194582
0.8050292 64.70340844262886 156.39863588806153 255.29164640317015 484.35372938560823
0.8162509 63.34013155751422 153.75106546072092 251.34166084483783 475.54841787932
0.8276289 61.5701235952058 150.41492635426346 247.66332950515016 469.0864066337055
0.8391656 60.57759094532244 148.3441427109265 244.56681886324145 463.72160434851236
0.8508632 59.259199354531695 145.6192662649331 241.5846651372607 457.2166123744044
0.8627237 57.77335686319132 143.11624108487678 238.33430746462838 449.8971866864182
0.8747496 56.542392870693135 140.5855198997631 235.18489790081136 443.92234333250667
0.8869432 55.41218896115533 138.50225381935093 232.36548462235194 438.3632539447582
0.8993067 54.16939812297661 136.2846328260419 229.2116800454478 432.2367079843253
0.9118425 53.21429698041185 133.99159090354038 225.72962793509487 424.85630850423394
0.9245531 51.98167238674957 131.83529402320056 222.55860098636361 420.56872238970186
0.9374409 50.93517660623636 129.94248220716332 220.01514985477266 415.2620120456708
0.9505083 50.06153043105455 128.07284320934812 217.1265063871098 409.9549736077478
0.9637579 48.99502831864612 125.82326563633066 213.61515204785226 404.45475134056426
0.9771921 48.381156907175175 125.27616879743695 211.76378155461438 399.6465728020637
0.9908137 47.502664343774114 123.21863592241135 208.6071129555359 395.033400856424
1.004625 46.65919119393337 121.25634849527668 205.20748723131342 388.94088881865633
1.018629 45.98274124807199 119.88875992383542 202.46650402362735 383.9440957050355
1.032828 45.22547162188722 118.3304393777769 199.92670112699437 380.45244905357714
1.047225 44.496231576257564 116.96523049597914 196.8169801425818 374.45052686278336
1.061823 43.98095965461936 115.75182778925468 194.17724590619184 369.62264136638026
1.076624 43.35157813212831 114.2883640920191 191.30419320296772 364.5852539223513
1.091632 42.823621232177736 112.86821380994255 188.55413387278915 359.6194435772994
1.106848 42.23378438095976 111.31528176105446 185.6739519131966 355.1143188747755
1.122277 41.73010848670495 110.14488230405 182.61159544151317 349.6486853826997
1.137921 41.228947605098554 108.68346024542095 179.78491528474854 344.82446297023944
1.153783 40.82383916730041 107.41639390855337 176.99890421529003 340.2266041645815
1.169866 40.36806591706411 106.22752698134906 174.25388186667138 335.61713067256983
1.186174 39.90019216471243 105.08731923287151 171.55667471029253 330.3488044314682
1.202708 39.524471105306226 103.85874560571538 168.89709910097503 325.3828855782572
1.219473 39.126791511995116 102.73071721441657 166.34280665927244 320.01788214883203
1.236472 38.68917803013394 101.57447111718089 163.81436919318088 315.28061497320755
1.253708 38.30332039499754 100.30088271650024 160.95275862116384 310.43667137716034
1.271184 37.9006156341182 99.50832944124453 158.7922905053393 305.20970824054444
1.288904 37.473722593727295 97.95751574098455 155.8580036091764 300.4991775814543
1.30687 37.00131037409016 96.787474779434 153.28384414466058 295.06169000974467
1.325087 36.632821832541076 95.69295148963603 150.83197967674616 289.66267863122704
1.343558 36.192972368887744 94.49393112756549 148.31400258460033 284.503342856507
1.362287 35.78934916510288 93.25747364666026 145.66468839415654 279.4396783236303
1.381276 35.32341431465588 92.07773816390572 143.01148948265813 274.3606558020934
1.400531 34.87306587367706 90.9064825727022 140.72907880599456 268.9954645830404
1.420053 34.36708457977996 89.60692685529526 138.43821047867758 263.994028319537
1.439848 33.900785712554686 88.46041434287258 135.97728194313825 259.17829286879265
1.459919 33.362791073652524 87.18368646963539 133.6594491868344 254.05050577928617
1.480269 32.93498814318818 85.78392625475284 131.26422228645598 248.87651817704744
1.500903 32.41166159917878 84.54717325820758 128.9654642195386 244.63617704616652
1.521825 31.886171612011026 83.3535362944207 126.88010367924616 239.9548558226961
1.543038 31.348061528881825 81.99853928969107 124.82208742777173 235.65032862698087
1.564548 30.86765978327611 80.65727886299317 122.6072169807585 231.03082983519147
1.586357 30.338990142937227 79.35902291834158 120.51951153166573 226.61773317328328
1.608469 29.778799803073994 77.98294967896551 118.4349937757509 222.63747733829442
1.630891 29.333802661298083 76.43695801266536 116.13676537082794 218.12235700152252
1.653624 28.7619738689209 75.01147551476964 114.23163137638765 214.4352187140159
1.676675 28.235047551155503 73.70337329464442 112.28761995802166 210.29739218660882
1.700047 27.700087624316918 72.2657138053836 110.25971056118146 206.49978388694467
1.723745 27.1972138663856 70.78622150303228 108.26105856428087 202.46095726486024
1.747773 26.654439079187224 69.30137523797497 106.26948770906108 198.75711559638094
1.772136 26.154589028437535 67.85469475044034 104.32960958359803 195.32928289011983
1.796838 25.66644876101895 66.40578783833662 102.46111695624566 191.7045262744414
1.821885 25.195881300441688 64.96709343982978 100.54618730197987 188.27327038238957
1.847281 24.707472979823425 63.66522735507845 98.80374745299027 184.82696024378276
1.873032 24.23666591112507 62.204623104238394 96.84527305348182 181.46043415641128
1.899141 23.758109909058376 60.80186246073651 95.0996456076147 178.13481413943376
1.925614 23.318744952896807 59.504109782808484 93.34987811763062 174.69033096723362
1.952456 22.93367919802317 58.2559310940666 91.62620652878329 171.33011082347087
1.979672 22.447494582344827 57.011293213162524 89.92489250752624 168.02482854172692
2.007267 22.05141650542296 55.74854389272363 88.09119592544967 164.7525414654976
2.035248 21.60941418792734 54.50233571962186 86.35910536770277 161.31496665369752
2.063618 21.20529355306884 53.30897109186849 84.68150994222736 157.89827811932187
2.092383 20.821723614823426 52.17949123164817 82.97708885053011 154.57176549940328
2.12155 20.43424459392325 51.065924444050246 81.32413506754749 151.14498806533882
2.151123 20.076990688070534 50.02178667909893 79.64994144379813 147.73556791560574
2.181109 19.720512309992387 48.9838291152141 78.05544554501613 144.47048363250133
2.211512 19.382014466328805 47.975743204082505 76.40530282563908 140.9570637761333
2.24234 19.059429181121764 47.07201336804399 74.8548991509508 137.69878388955746
2.273597 18.72338785081145 46.15128740131654 73.22708248073992 134.38845295728234
2.305289 18.441722187889326 45.26947719552309 71.72494954809083 131.14827978030567
2.337424 18.145021406160993 44.39497264980928 70.1848918810545 127.95775861527098
2.370006 17.85594014132737 43.57072699099566 68.71938196340372 124.81107181952305
2.403043 17.563887207223843 42.76929208142295 67.20224966152097 121.62113204849146
2.43654 17.304714440602858 41.99326525878276 65.7568710803582 118.51606523288821
2.470504 17.03498026702706 41.22264401377934 64.28525658481963 115.43984625418045
2.504942 16.770260168975703 40.47328025019613 62.88344935822942 112.45945677337347
2.539859 16.519110314231725 39.69873457838722 61.44231199266566 109.47716996208088
2.575263 16.243791150866866 38.93117600703498 60.09477798005009 106.6366325990875
2.611161 15.996375569467382 38.17886356938551 58.67894028821624 103.82285073977265
2.647559 15.73904162609195 37.42709084098856 57.29460782193343 101.02240160430458
2.684465 15.482140216910615 36.707448703418315 55.955923242475784 98.34009867016553
2.721885 15.212871561231708 35.9359573077564 54.64998903895097 95.73234037470478
2.759826 14.954806352271012 35.181386110188896 53.339037107807115 93.20298514660875
2.798297 14.692747005444902 34.45994483235595 52.079974354681 90.79167534753384
2.837304 14.432801567149015 33.72203826949984 50.83353103548207 88.39576652950022
2.876854 14.167260372899834 32.98566959810887 49.601302003038334 86.09447728685788
2.916956 13.903634505376854 32.267733645490466 48.40286701789102 83.83066589864148
2.957617 13.641704572499917 31.553584933592493 47.24508602050285 81.6755422142527
2.998844 13.371746514072829 30.840974806908882 46.08859588646824 79.56038152683553
3.040646 13.10154107623877 30.119176922365934 44.95792966857767 77.56386573343728
3.083031 12.829922652171478 29.403997985642167 43.85111388372747 75.57686131284999
3.126007 12.561690297743729 28.708748197909117 42.76269194870308 73.61412947054419
3.169582 12.28420023917897 27.992486169338008 41.67931328001101 71.7296310413799
3.213764 12.00896485688542 27.302903908853743 40.62972852216705 69.8905914040931
3.258562 11.729818975266147 26.628678786212987 39.60097038243755 68.09319530032855
3.303985 11.45534466001434 25.94461962626137 38.59489036432788 66.34721086335533
3.350041 11.184996214687112 25.27648708174115 37.59953967518896 64.63439317418337
3.396739 10.911804862123352 24.63279377900687 36.64700244717694 62.9593768261293
3.444087 10.650159393830277 23.99220820672414 35.69222428277441 61.34626727579829
3.492096 10.390004756394445 23.382316998058112 34.7876835009519 59.80095314554071
3.540774 10.129511491942322 22.787798739479477 33.902263982219495 58.283472810500726
3.59013 9.881456567153087 22.19977881321684 33.027190580602664 56.82105146872204
3.640175 9.640583616451714 21.636447835261976 32.19390800236543 55.390310620059545
3.690917 9.399356618744884 21.096584940083932 31.360829024461253 54.00600811345836
3.742366 9.166870320551652 20.55533878213206 30.563421769457687 52.68256875403523
3.794533 8.943363940420486 20.04519913651014 29.78473731677341 51.37592516873579
3.847427 8.722759907170756 19.536633744045687 29.02016569140017 50.12157880380176
3.901058 8.503443201109492 19.049408731438692 28.27774410006172 48.88054035073999
3.955436 8.297773937077045 18.5687546294112 27.534870069525777 47.670934576772886
4.010573 8.09008850528746 18.099900430244876 26.82935755683326 46.50971236899461
4.066478 7.890469282228926 17.640165214850395 26.126733438193185 45.36195143388048
4.123163 7.6947468575080915 17.198487484186604 25.446261542242624 44.246825388531654
4.180637 7.506620099589858 16.76557999978126 24.786044827974166 43.157419477671205
4.238913 7.322232107939284 16.33779320944369 24.137949526293525 42.108894074665926
4.298001 7.13977418345755 15.923266406306553 23.51223342970482 41.07556218709352
4.357913 6.969005267563104 15.517231213435814 22.906297008669494 40.081336028589206
4.41866 6.79714059107736 15.125462314930509 22.312104067728864 39.108603936786544
4.480254 6.629822327252357 14.736613976651356 21.737775371261556 38.15148388337142
4.542706 6.468983212035939 14.355489465832411 21.176866308763437 37.212070822041575
4.606029 6.309733695183444 13.987813272358476 20.63640342702401 36.3022471141402
4.670234 6.153845072120751 13.624457607936808 20.111191011133062 35.40569820334375
4.735335 6.001424385442942 13.268499264976553 19.59453218816548 34.51686051672378
4.801343 5.853398032040459 12.919071041130325 19.09219063646489 33.6397017352444
4.868271 5.705659617998397 12.572294031646054 18.596811232241944 32.77543048319196
4.936132 5.560327294658636 12.230854514315416 18.113632781068883 31.92403131529019
5.004939 5.417548181061266 11.897367308726219 17.64070562348731 31.086325771342626
5.074705 5.276904502470213 11.568587869621163 17.176866521528293 30.26437857409417
5.145444 5.140620424262741 11.248068905650205 16.726874087136817 29.461885719489246
5.217169 5.005921529610388 10.933755295071 16.284203802567113 28.668234785368824
5.289893 4.876720990757187 10.629350484918008 15.860849895591096 27.906605943701514
5.363631 4.748168229250111 10.331942607307248 15.440688684103304 27.160868916122176
5.438397 4.624968014837919 10.04191600341064 15.036067828560439 26.43583039827238
5.514206 4.504468675317948 9.761071917017242 14.642606409559976 25.736952592472893
5.591071 4.386315579867171 9.48866697316474 14.258949733346467 25.060104987733546
5.669007 4.273668553047008 9.223187521100945 13.88804213583966 24.40712911930083
5.74803 4.163005948718792 8.96654506197617 13.524796013461899 23.770923167114066
5.828155 4.055189055888834 8.716693621783081 13.173564765470699 23.157394532434893
5.909396 3.9502998414141466 8.4732174302493 12.830092647064134 22.564991386840198
5.99177 3.8474459682735223 8.23524300591724 12.493057342984935 21.987568566630042
6.075292 3.7472319291979677 8.004346211618108 12.164967991276344 21.42370231132617
6.159978 3.6488748002933433 7.778059196660834 11.844152246832634 20.875596851780372
6.245845 3.552707083208495 7.557991182591807 11.530741798142541 20.340729037563964
6.332908 3.458513383850894 7.342733076318354 11.223802556538555 19.81800785356603
6.421186 3.3671410233642467 7.1346334283512585 10.924766554095797 19.309776142210737
6.510694 3.2773614701669884 6.932225985176489 10.634828761756621 18.81533032295609
6.601449 3.190470669327526 6.7368079363522115 10.352746084046172 18.333484168918204
6.69347 3.105251452646689 6.546590537533348 10.077690187939593 17.86259557626663
6.786773 3.022439163999667 6.363606005851536 9.811196550515762 17.404599275246444
6.881377 2.942329677764063 6.187083556176501 9.552840979337342 16.95560912021619
6.9773 2.86404917272859 6.017036846504486 9.30334473434546 16.519073929436175
7.074559 2.788249439154448 5.852475905758245 9.059305438258855 16.091464030777434
7.173175 2.7140184894312935 5.694209465346785 8.823237483026992 15.674135261011653
7.273165 2.6421504881393063 5.541579982922194 8.594464308394022 15.264889671392986
7.374549 2.571970367406604 5.393787361841297 8.369884935654888 14.864449956469842
7.477346 2.503356875116436 5.251400916772665 8.152211003256376 14.469726779501428
7.581576 2.436823792831494 5.112384667082392 7.937797523735772 14.081228966936248
7.68726 2.3716860406618445 4.978451169540433 7.728380518713425 13.70024821138913
7.794416 2.3084940657193975 4.848596108734794 7.523075616624839 13.325135943665565
7.903066 2.2471266983078335 4.722623494989853 7.322425314693645 12.95671278003853
8.01323 2.1877048903435545 4.601724636471496 7.128370107856771 12.597729842973797
8.12493 2.130129994286203 4.4846854635220845 6.938235345293846 12.246620291934551
8.238187 2.074759082851738 4.3714835863771615 6.752764113981502 11.90481134702195
8.353023 2.021221611736598 4.262594239118139 6.5731553168611825 11.572075753759615
8.46946 1.9697800523211295 4.157786079203454 6.39843726445249 11.249005844765025
8.587519 1.9201965667844625 4.056427257243223 6.228468895567111 10.935640542570242
8.707225 1.8723951335621352 3.9584315510070027 6.0636435347733855 10.631913734559689
8.828599 1.8263150528600758 3.864289154412165 5.903561075747955 10.336941347024675
8.951665 1.7816927068411323 3.7730197495248325 5.747880120053487 10.051950818435781
9.076446 1.7385620174862122 3.6845573622899828 5.596932977767706 9.775899524719028
9.202967 1.6966355780955202 3.5985215534328745 5.449819785656133 9.507277317399433
9.331251 1.6557300578416887 3.5144375247313113 5.305612803609374 9.246204243660511
9.461324 0.0 0.0 0.0 0.0
9.593209 0.0 0.0 0.0 0.0
9.726934 0.0 0.0 0.0 0.0
9.862522 0.0 0.0 0.0 0.0
10.0 0.0 0.0 0.0 0.0