 1.000000e-02  5.732177e+03  1.061348e+04  1.449307e+04  2.191486e+04 
 1.013939e-02  5.763045e+03  1.067049e+04  1.457078e+04  2.203196e+04 
 1.028073e-02  5.793427e+03  1.072658e+04  1.464723e+04  2.214714e+04 
 1.042404e-02  5.823300e+03  1.078172e+04  1.472238e+04  2.226035e+04 
 1.056935e-02  5.852644e+03  1.083588e+04  1.479616e+04  2.237148e+04 
 1.071668e-02  5.881440e+03  1.088900e+04  1.486855e+04  2.248047e+04 
 1.086606e-02  5.909661e+03  1.094107e+04  1.493948e+04  2.258724e+04 
 1.101753e-02  5.937292e+03  1.099204e+04  1.500890e+04  2.269174e+04 
 1.117111e-02  5.964317e+03  1.104188e+04  1.507677e+04  2.279387e+04 
 1.132683e-02  5.990715e+03  1.109054e+04  1.514304e+04  2.289356e+04 
 1.148472e-02  6.016454e+03  1.113798e+04  1.520763e+04  2.299068e+04 
 1.164481e-02  6.041515e+03  1.118415e+04  1.527049e+04  2.308518e+04 
 1.180713e-02  6.065878e+03  1.122903e+04  1.533156e+04  2.317697e+04 
 1.197171e-02  6.089522e+03  1.127257e+04  1.539080e+04  2.326597e+04 
 1.213859e-02  6.112417e+03  1.131473e+04  1.544815e+04  2.335210e+04 
 1.230780e-02  6.134556e+03  1.135546e+04  1.550356e+04  2.343527e+04 
 1.247936e-02  6.155911e+03  1.139474e+04  1.555697e+04  2.351541e+04 
 1.265332e-02  6.176462e+03  1.143252e+04  1.560833e+04  2.359243e+04 
 1.282970e-02  6.196187e+03  1.146878e+04  1.565758e+04  2.366625e+04 
 1.300854e-02  6.215066e+03  1.150345e+04  1.570468e+04  2.373680e+04 
 1.318987e-02  6.233081e+03  1.153651e+04  1.574959e+04  2.380401e+04 
 1.337373e-02  6.250213e+03  1.156793e+04  1.579224e+04  2.386781e+04 
 1.356015e-02  6.266434e+03  1.159766e+04  1.583258e+04  2.392808e+04 
 1.374917e-02  6.281725e+03  1.162567e+04  1.587054e+04  2.398476e+04 
 1.394083e-02  6.296059e+03  1.165189e+04  1.590608e+04  2.403775e+04 
 1.413516e-02  6.309416e+03  1.167630e+04  1.593912e+04  2.408696e+04 
 1.433219e-02  6.321763e+03  1.169884e+04  1.596961e+04  2.413230e+04 
 1.453198e-02  6.333088e+03  1.171947e+04  1.599749e+04  2.417365e+04 
 1.473454e-02  6.343366e+03  1.173816e+04  1.602271e+04  2.421099e+04 
 1.493993e-02  6.352574e+03  1.175486e+04  1.604521e+04  2.424419e+04 
 1.514819e-02  6.360746e+03  1.176965e+04  1.606511e+04  2.427348e+04 
 1.535935e-02  6.367829e+03  1.178243e+04  1.608226e+04  2.429860e+04 
 1.557345e-02  6.373784e+03  1.179311e+04  1.609656e+04  2.431938e+04 
 1.579053e-02  6.378585e+03  1.180167e+04  1.610792e+04  2.433571e+04 
 1.601064e-02  6.382218e+03  1.180804e+04  1.611631e+04  2.434756e+04 
 1.623382e-02  6.384651e+03  1.181220e+04  1.612167e+04  2.435481e+04 
 1.646012e-02  6.385891e+03  1.181413e+04  1.612399e+04  2.435744e+04 
 1.668956e-02  6.385909e+03  1.181381e+04  1.612321e+04  2.435537e+04 
 1.692220e-02  6.384699e+03  1.181120e+04  1.611932e+04  2.434858e+04 
 1.715809e-02  6.382232e+03  1.180624e+04  1.611223e+04  2.433696e+04 
 1.739726e-02  6.378484e+03  1.179894e+04  1.610192e+04  2.432044e+04 
 1.763977e-02  6.373452e+03  1.178924e+04  1.608833e+04  2.429897e+04 
 1.788566e-02  6.367111e+03  1.177711e+04  1.607143e+04  2.427247e+04 
 1.813498e-02  6.359443e+03  1.176252e+04  1.605115e+04  2.424086e+04 
 1.838777e-02  6.350436e+03  1.174545e+04  1.602749e+04  2.420411e+04 
 1.864409e-02  6.340075e+03  1.172587e+04  1.600040e+04  2.416218e+04 
 1.890397e-02  6.328343e+03  1.170375e+04  1.596983e+04  2.411499e+04 
 1.916748e-02  6.315237e+03  1.167908e+04  1.593578e+04  2.406253e+04 
 1.943467e-02  6.300742e+03  1.165183e+04  1.589821e+04  2.400473e+04 
 1.970558e-02  6.284865e+03  1.162202e+04  1.585715e+04  2.394165e+04 
 1.998026e-02  6.267589e+03  1.158962e+04  1.581254e+04  2.387319e+04 
 2.025878e-02  6.248918e+03  1.155464e+04  1.576440e+04  2.379940e+04 
 2.054117e-02  6.228847e+03  1.151707e+04  1.571271e+04  2.372024e+04 
 2.082751e-02  6.207387e+03  1.147691e+04  1.565752e+04  2.363577e+04 
 2.111783e-02  6.184545e+03  1.143420e+04  1.559882e+04  2.354600e+04 
 2.141220e-02  6.160414e+03  1.138906e+04  1.553676e+04  2.345105e+04 
 2.171068e-02  6.135485e+03  1.134219e+04  1.547208e+04  2.335142e+04 
 2.201331e-02  6.109173e+03  1.129275e+04  1.540389e+04  2.324649e+04 
 2.232016e-02  6.081474e+03  1.124075e+04  1.533220e+04  2.313627e+04 
 2.263130e-02  6.052396e+03  1.118618e+04  1.525701e+04  2.302076e+04 
 2.294676e-02  6.021932e+03  1.112907e+04  1.517834e+04  2.289999e+04 
 2.326663e-02  5.990106e+03  1.106943e+04  1.509621e+04  2.277398e+04 
 2.359095e-02  5.956923e+03  1.100727e+04  1.501065e+04  2.264279e+04 
 2.391980e-02  5.922397e+03  1.094262e+04  1.492170e+04  2.250647e+04 
 2.425323e-02  5.886541e+03  1.087552e+04  1.482939e+04  2.236509e+04 
 2.459130e-02  5.849380e+03  1.080600e+04  1.473379e+04  2.221874e+04 
 2.493409e-02  5.810946e+03  1.073414e+04  1.463498e+04  2.206754e+04 
 2.528166e-02  5.771262e+03  1.065996e+04  1.453303e+04  2.191162e+04 
 2.563407e-02  5.730364e+03  1.058354e+04  1.442801e+04  2.175106e+04 
 2.599140e-02  5.688293e+03  1.050495e+04  1.432005e+04  2.158605e+04 
 2.635371e-02  5.645097e+03  1.042429e+04  1.420924e+04  2.141678e+04 
 2.672106e-02  5.600826e+03  1.034164e+04  1.409574e+04  2.124344e+04 
 2.709354e-02  5.555508e+03  1.025707e+04  1.397961e+04  2.106613e+04 
 2.747121e-02  5.509169e+03  1.017061e+04  1.386092e+04  2.088498e+04 
 2.785414e-02  5.461767e+03  1.008221e+04  1.373961e+04  2.069994e+04 
 2.824241e-02  5.413055e+03  9.991510e+03  1.361528e+04  2.051062e+04 
 2.863610e-02  5.363419e+03  9.899108e+03  1.348864e+04  2.031783e+04 
 2.903527e-02  5.312900e+03  9.805079e+03  1.335977e+04  2.012170e+04 
 2.944000e-02  5.261543e+03  9.709512e+03  1.322881e+04  1.992244e+04 
 2.985038e-02  5.209396e+03  9.612495e+03  1.309589e+04  1.972022e+04 
 3.026648e-02  5.156513e+03  9.514123e+03  1.296112e+04  1.951526e+04 
 3.068838e-02  5.102955e+03  9.414512e+03  1.282468e+04  1.930777e+04 
 3.111616e-02  5.048790e+03  9.313788e+03  1.268672e+04  1.909804e+04 
 3.154990e-02  4.994089e+03  9.212082e+03  1.254743e+04  1.888632e+04 
 3.198969e-02  4.938931e+03  9.109538e+03  1.240701e+04  1.867291e+04 
 3.243561e-02  4.883399e+03  9.006313e+03  1.226567e+04  1.845814e+04 
 3.288774e-02  4.827587e+03  8.902578e+03  1.212363e+04  1.824235e+04 
 3.334618e-02  4.771600e+03  8.798524e+03  1.198118e+04  1.802594e+04 
 3.381101e-02  4.715514e+03  8.694304e+03  1.183850e+04  1.780921e+04 
 3.428231e-02  4.659396e+03  8.590023e+03  1.169575e+04  1.759238e+04 
 3.476019e-02  4.603141e+03  8.485830e+03  1.155349e+04  1.737746e+04 
 3.524473e-02  4.546929e+03  8.381737e+03  1.141138e+04  1.716282e+04 
 3.573602e-02  4.490825e+03  8.277834e+03  1.126954e+04  1.694858e+04 
 3.623416e-02  4.434872e+03  8.174226e+03  1.112810e+04  1.673496e+04 
 3.673925e-02  4.379132e+03  8.071010e+03  1.098721e+04  1.652217e+04 
 3.725137e-02  4.323663e+03  7.968304e+03  1.084701e+04  1.631045e+04 
 3.777064e-02  4.268527e+03  7.866217e+03  1.070767e+04  1.610002e+04 
 3.829714e-02  4.213789e+03  7.764873e+03  1.056934e+04  1.589115e+04 
 3.883098e-02  4.159521e+03  7.664404e+03  1.043221e+04  1.568410e+04 
 3.937226e-02  4.105806e+03  7.564954e+03  1.029646e+04  1.547916e+04 
 3.992109e-02  4.052707e+03  7.466654e+03  1.016230e+04  1.527660e+04 
 4.047757e-02  4.000307e+03  7.369607e+03  1.002980e+04  1.507647e+04 
 4.104181e-02  3.948456e+03  7.272938e+03  9.897111e+03  1.487401e+04 
 4.161391e-02  3.897497e+03  7.177917e+03  9.766673e+03  1.467500e+04 
 4.219398e-02  3.847476e+03  7.084646e+03  9.638628e+03  1.447959e+04 
 4.278214e-02  3.798429e+03  6.993181e+03  9.513054e+03  1.428793e+04 
 4.337850e-02  3.750376e+03  6.903550e+03  9.389989e+03  1.410009e+04 
 4.398317e-02  3.703331e+03  6.815806e+03  9.269500e+03  1.391614e+04 
 4.459628e-02  3.657324e+03  6.729979e+03  9.151633e+03  1.373617e+04 
 4.521792e-02  3.612373e+03  6.646105e+03  9.036437e+03  1.356025e+04 
 4.584824e-02  3.568491e+03  6.564214e+03  8.923954e+03  1.338843e+04 
 4.648734e-02  3.525699e+03  6.484343e+03  8.814223e+03  1.322077e+04 
 4.713535e-02  3.484195e+03  6.407690e+03  8.709759e+03  1.306346e+04 
 4.779239e-02  3.443912e+03  6.333795e+03  8.609584e+03  1.291406e+04 
 4.845859e-02  3.404750e+03  6.261960e+03  8.512201e+03  1.276882e+04 
 4.913407e-02  3.366699e+03  6.192163e+03  8.417586e+03  1.262773e+04 
 4.981898e-02  3.329736e+03  6.124367e+03  8.325689e+03  1.249071e+04 
 5.051342e-02  3.293829e+03  6.058512e+03  8.236428e+03  1.235763e+04 
 5.121755e-02  3.258947e+03  5.994540e+03  8.149727e+03  1.222838e+04 
 5.193150e-02  3.225051e+03  5.932385e+03  8.065493e+03  1.210283e+04 
 5.265540e-02  3.192093e+03  5.871952e+03  7.983599e+03  1.198077e+04 
 5.338938e-02  3.159753e+03  5.812159e+03  7.902053e+03  1.185784e+04 
 5.413360e-02  3.127924e+03  5.752709e+03  7.820351e+03  1.173298e+04 
 5.488820e-02  3.096850e+03  5.694651e+03  7.740551e+03  1.161099e+04 
 5.565331e-02  3.066463e+03  5.637863e+03  7.662482e+03  1.149162e+04 
 5.642908e-02  3.036659e+03  5.582150e+03  7.585876e+03  1.137445e+04 
 5.721568e-02  3.007339e+03  5.527332e+03  7.510487e+03  1.125910e+04 
 5.801323e-02  2.978386e+03  5.473206e+03  7.436052e+03  1.114522e+04 
 5.882190e-02  2.949780e+03  5.419735e+03  7.362534e+03  1.103279e+04 
 5.964185e-02  2.921584e+03  5.367420e+03  7.290999e+03  1.092447e+04 
 6.047322e-02  2.894062e+03  5.317379e+03  7.223640e+03  1.082538e+04 
 6.131619e-02  2.866491e+03  5.267234e+03  7.156128e+03  1.072602e+04 
 6.217090e-02  2.838691e+03  5.216649e+03  7.087989e+03  1.062564e+04 
 6.303753e-02  2.810616e+03  5.165533e+03  7.019109e+03  1.052411e+04 
 6.391624e-02  2.782107e+03  5.113615e+03  6.949134e+03  1.042091e+04 
 6.480720e-02  2.753096e+03  5.060778e+03  6.877911e+03  1.031585e+04 
 6.571058e-02  2.723436e+03  5.006748e+03  6.805072e+03  1.020839e+04 
 6.662655e-02  2.691770e+03  4.946968e+03  6.722220e+03  1.007974e+04 
 6.755528e-02  2.659204e+03  4.885489e+03  6.637010e+03  9.947405e+03 
 6.849697e-02  2.625710e+03  4.822318e+03  6.549522e+03  9.811727e+03 
 6.945178e-02  2.591212e+03  4.757326e+03  6.459583e+03  9.672451e+03 
 7.041990e-02  2.555635e+03  4.690375e+03  6.367013e+03  9.529315e+03 
 7.140151e-02  2.518929e+03  4.621375e+03  6.271692e+03  9.382147e+03 
 7.239681e-02  2.481354e+03  4.551107e+03  6.175054e+03  9.234326e+03 
 7.340598e-02  2.442932e+03  4.479669e+03  6.077297e+03  9.086392e+03 
 7.442922e-02  2.403323e+03  4.406071e+03  5.976631e+03  8.934171e+03 
 7.546673e-02  2.362545e+03  4.330354e+03  5.873111e+03  8.777737e+03 
 7.651869e-02  2.320636e+03  4.252583e+03  5.766834e+03  8.617246e+03 
 7.758532e-02  2.277663e+03  4.172890e+03  5.657974e+03  8.452963e+03 
 7.866682e-02  2.234633e+03  4.094373e+03  5.551979e+03  8.296166e+03 
 7.976339e-02  2.192211e+03  4.019023e+03  5.452302e+03  8.153928e+03 
 8.087525e-02  2.148971e+03  3.942110e+03  5.350444e+03  8.008269e+03 
 8.200261e-02  2.105052e+03  3.863884e+03  5.246739e+03  7.859677e+03 
 8.314568e-02  2.060614e+03  3.784637e+03  5.141576e+03  7.708723e+03 
 8.430468e-02  2.015832e+03  3.704684e+03  5.035385e+03  7.556043e+03 
 8.547985e-02  1.969975e+03  3.621334e+03  4.923214e+03  7.391103e+03 
 8.667139e-02  1.923760e+03  3.536663e+03  4.808609e+03  7.220958e+03 
 8.787954e-02  1.877837e+03  3.452519e+03  4.694704e+03  7.051806e+03 
 8.910453e-02  1.832414e+03  3.369285e+03  4.582020e+03  6.884426e+03 
 9.034660e-02  1.787705e+03  3.287351e+03  4.471087e+03  6.719609e+03 
 9.160598e-02  1.744625e+03  3.209391e+03  4.366438e+03  6.566251e+03 
 9.288292e-02  1.703294e+03  3.135503e+03  4.268097e+03  6.424133e+03 
 9.417766e-02  1.663210e+03  3.063831e+03  4.172690e+03  6.286206e+03 
 9.549045e-02  1.624550e+03  2.994700e+03  4.080658e+03  6.153139e+03 
 9.682153e-02  1.587460e+03  2.928387e+03  3.992381e+03  6.025517e+03 
 9.817117e-02  1.552346e+03  2.866063e+03  3.909850e+03  5.907274e+03 
 9.953962e-02  1.519137e+03  2.807325e+03  3.832266e+03  5.796611e+03 
 1.009272e-01  1.487812e+03  2.751982e+03  3.759225e+03  5.692579e+03 
 1.023340e-01  1.458416e+03  2.700126e+03  3.690858e+03  5.595392e+03 
 1.037605e-01  1.430265e+03  2.649646e+03  3.623521e+03  5.497804e+03 
 1.052069e-01  1.401397e+03  2.594594e+03  3.547000e+03  5.379604e+03 
 1.066734e-01  1.374498e+03  2.543221e+03  3.475530e+03  5.269080e+03 
 1.081604e-01  1.349470e+03  2.495343e+03  3.408853e+03  5.165839e+03 
 1.096681e-01  1.326185e+03  2.450723e+03  3.346643e+03  5.069384e+03 
 1.111968e-01  1.304845e+03  2.410139e+03  3.290159e+03  4.981480e+03 
 1.127468e-01  1.284919e+03  2.372207e+03  3.237317e+03  4.899101e+03 
 1.143184e-01  1.266173e+03  2.336473e+03  3.187486e+03  4.821301e+03 
 1.159120e-01  1.248373e+03  2.302500e+03  3.140072e+03  4.747186e+03 
 1.175277e-01  1.232309e+03  2.272853e+03  3.099509e+03  4.685352e+03 
 1.191660e-01  1.216750e+03  2.244239e+03  3.060440e+03  4.625963e+03 
 1.208271e-01  1.201331e+03  2.215888e+03  3.021738e+03  4.567148e+03 
 1.225114e-01  1.185750e+03  2.187232e+03  2.982638e+03  4.507861e+03 
 1.242191e-01  1.169462e+03  2.157133e+03  2.941690e+03  4.446777e+03 
 1.259506e-01  1.152547e+03  2.125886e+03  2.899187e+03  4.383375e+03 
 1.277063e-01  1.134803e+03  2.093121e+03  2.854628e+03  4.316894e+03 
 1.294865e-01  1.116434e+03  2.059424e+03  2.808854e+03  4.248296e+03 
 1.312915e-01  1.097358e+03  2.024681e+03  2.761714e+03  4.177305e+03 
 1.331216e-01  1.077057e+03  1.987677e+03  2.711503e+03  4.101713e+03 
 1.349772e-01  1.055543e+03  1.948475e+03  2.658355e+03  4.021874e+03 
 1.368587e-01  1.034110e+03  1.911567e+03  2.610765e+03  3.957439e+03 
 1.387665e-01  1.011533e+03  1.872463e+03  2.560099e+03  3.888135e+03 
 1.407008e-01  9.879511e+02  1.831406e+03  2.506675e+03  3.814410e+03 
 1.426621e-01  9.644708e+02  1.790750e+03  2.453522e+03  3.739281e+03 
 1.446507e-01  9.406947e+02  1.749521e+03  2.399425e+03  3.661992e+03 
 1.466671e-01  9.165972e+02  1.707558e+03  2.344220e+03  3.582791e+03 
 1.487115e-01  8.903074e+02  1.659440e+03  2.279185e+03  3.486527e+03 
 1.507845e-01  8.629250e+02  1.607925e+03  2.208570e+03  3.380339e+03 
 1.528864e-01  8.363074e+02  1.557844e+03  2.139907e+03  3.277027e+03 
 1.550175e-01  8.127017e+02  1.515405e+03  2.083279e+03  3.194958e+03 
 1.571784e-01  7.916642e+02  1.479091e+03  2.036071e+03  3.129127e+03 
 1.593694e-01  7.719602e+02  1.445117e+03  1.991940e+03  3.067684e+03 
 1.615909e-01  7.542375e+02  1.415004e+03  1.953084e+03  3.013893e+03 
 1.638434e-01  7.382868e+02  1.388202e+03  1.918708e+03  2.966651e+03 
 1.661273e-01  7.239162e+02  1.364237e+03  1.888136e+03  2.925031e+03 
 1.684430e-01  7.075967e+02  1.333636e+03  1.846445e+03  2.863362e+03 
 1.707910e-01  6.923817e+02  1.304746e+03  1.806860e+03  2.804516e+03 
 1.731717e-01  6.790799e+02  1.279858e+03  1.772984e+03  2.754430e+03 
 1.755856e-01  6.691685e+02  1.262997e+03  1.750971e+03  2.722652e+03 
 1.780332e-01  6.600718e+02  1.247645e+03  1.731024e+03  2.694042e+03 
 1.805149e-01  6.496534e+02  1.227530e+03  1.702578e+03  2.648595e+03 
 1.830312e-01  6.383762e+02  1.204460e+03  1.668924e+03  2.592926e+03 
 1.855825e-01  6.271880e+02  1.181903e+03  1.636363e+03  2.539853e+03 
 1.881694e-01  6.163632e+02  1.161915e+03  1.609499e+03  2.500655e+03 
 1.907924e-01  6.049744e+02  1.140872e+03  1.581170e+03  2.459168e+03 
 1.934520e-01  5.923728e+02  1.117421e+03  1.549673e+03  2.414132e+03 
 1.961486e-01  5.787612e+02  1.092043e+03  1.515564e+03  2.365456e+03 
 1.988828e-01  5.656204e+02  1.068354e+03  1.484042e+03  2.320385e+03 
 2.016551e-01  5.535774e+02  1.047857e+03  1.457291e+03  2.282140e+03 
 2.044661e-01  5.406436e+02  1.025334e+03  1.427464e+03  2.238663e+03 
 2.073162e-01  5.261669e+02  9.982024e+02  1.389925e+03  2.181115e+03 
 2.102061e-01  5.114855e+02  9.706495e+02  1.351778e+03  2.122525e+03 
 2.131362e-01  5.009116e+02  9.553549e+02  1.333773e+03  2.099241e+03 
 2.161073e-01  4.907602e+02  9.408832e+02  1.316928e+03  2.077738e+03 
 2.191197e-01  4.777102e+02  9.183158e+02  1.287850e+03  2.038653e+03 
 2.221741e-01  4.646882e+02  8.951434e+02  1.257628e+03  1.997886e+03 
 2.252711e-01  4.530835e+02  8.751175e+02  1.231983e+03  1.963575e+03 
 2.284112e-01  4.426486e+02  8.574042e+02  1.209559e+03  1.933934e+03 
 2.315951e-01  4.336295e+02  8.413015e+02  1.187689e+03  1.900168e+03 
 2.348235e-01  4.257027e+02  8.269044e+02  1.167618e+03  1.867549e+03 
 2.380968e-01  4.163699e+02  8.084362e+02  1.141520e+03  1.827063e+03 
 2.414157e-01  4.071353e+02  7.898297e+02  1.115158e+03  1.786586e+03 
 2.447809e-01  3.979542e+02  7.719510e+02  1.090436e+03  1.748813e+03 
 2.481930e-01  3.890739e+02  7.547861e+02  1.066789e+03  1.712706e+03 
 2.516527e-01  3.837727e+02  7.459464e+02  1.054932e+03  1.694431e+03 
 2.551606e-01  3.772258e+02  7.342624e+02  1.039059e+03  1.670425e+03 
 2.587174e-01  3.671994e+02  7.145098e+02  1.011805e+03  1.630448e+03 
 2.623238e-01  3.586612e+02  6.988658e+02  9.907850e+02  1.600126e+03 
 2.659804e-01  3.518004e+02  6.877841e+02  9.766668e+02  1.580501e+03 
 2.696881e-01  3.426846e+02  6.712887e+02  9.545130e+02  1.547257e+03 
 2.734474e-01  3.329051e+02  6.532141e+02  9.300280e+02  1.510126e+03 
 2.772591e-01  3.255729e+02  6.413244e+02  9.153524e+02  1.491564e+03 
 2.811239e-01  3.178778e+02  6.280583e+02  8.985989e+02  1.470906e+03 
 2.850426e-01  3.098207e+02  6.132194e+02  8.794890e+02  1.448294e+03 
 2.890160e-01  3.026039e+02  6.009336e+02  8.636026e+02  1.425331e+03 
 2.930447e-01  2.959743e+02  5.893777e+02  8.479529e+02  1.400451e+03 
 2.971296e-01  2.896905e+02  5.766691e+02  8.285858e+02  1.366642e+03 
 3.012714e-01  2.840394e+02  5.667533e+02  8.152999e+02  1.346658e+03 
 3.054710e-01  2.784750e+02  5.574068e+02  8.035956e+02  1.331037e+03 
 3.097291e-01  2.717153e+02  5.449018e+02  7.871713e+02  1.308690e+03 
 3.140465e-01  2.655374e+02  5.323494e+02  7.689759e+02  1.278473e+03 
 3.184242e-01  2.600049e+02  5.212569e+02  7.528558e+02  1.251532e+03 
 3.228628e-01  2.556463e+02  5.140806e+02  7.439070e+02  1.240716e+03 
 3.273634e-01  2.493687e+02  5.015120e+02  7.258536e+02  1.211747e+03 
 3.319266e-01  2.428416e+02  4.889438e+02  7.085236e+02  1.185694e+03 
 3.365535e-01  2.366696e+02  4.780681e+02  6.946248e+02  1.167306e+03 
 3.412449e-01  2.324579e+02  4.724664e+02  6.878385e+02  1.156155e+03 
 3.460016e-01  2.278131e+02  4.648544e+02  6.779637e+02  1.142088e+03 
 3.508247e-01  2.232527e+02  4.566552e+02  6.669567e+02  1.125926e+03 
 3.557150e-01  2.188519e+02  4.483880e+02  6.556798e+02  1.108585e+03 
 3.606735e-01  2.137916e+02  4.392787e+02  6.436562e+02  1.091438e+03 
 3.657011e-01  2.077041e+02  4.276919e+02  6.278375e+02  1.069568e+03 
 3.707988e-01  2.028524e+02  4.183426e+02  6.150612e+02  1.050487e+03 
 3.759675e-01  1.984235e+02  4.098259e+02  6.033419e+02  1.032880e+03 
 3.812083e-01  1.938432e+02  4.014712e+02  5.919800e+02  1.016257e+03 
 3.865221e-01  1.899540e+02  3.956524e+02  5.849361e+02  1.003884e+03 
 3.919100e-01  1.859773e+02  3.863989e+02  5.710010e+02  9.851882e+02 
 3.973730e-01  1.814893e+02  3.790087e+02  5.616942e+02  9.701416e+02 
 4.029122e-01  1.779272e+02  3.733365e+02  5.536919e+02  9.552121e+02 
 4.085286e-01  1.742837e+02  3.654821e+02  5.424768e+02  9.391660e+02 
 4.142232e-01  1.698862e+02  3.565483e+02  5.307425e+02  9.246478e+02 
 4.199973e-01  1.656583e+02  3.492742e+02  5.214845e+02  9.108682e+02 
 4.258518e-01  1.622885e+02  3.429251e+02  5.123548e+02  8.948193e+02 
 4.317880e-01  1.587080e+02  3.357817e+02  5.017809e+02  8.787024e+02 
 4.378069e-01  1.555690e+02  3.295180e+02  4.928265e+02  8.637581e+02 
 4.439097e-01  1.529535e+02  3.254055e+02  4.878898e+02  8.593033e+02 
 4.500975e-01  1.488160e+02  3.176802e+02  4.772517e+02  8.433987e+02 
 4.563716e-01  1.453112e+02  3.104667e+02  4.667132e+02  8.243932e+02 
 4.627332e-01  1.430894e+02  3.073507e+02  4.633352e+02  8.210400e+02 
 4.691835e-01  1.394399e+02  3.000675e+02  4.527615e+02  8.030528e+02 
 4.757236e-01  1.367883e+02  2.948847e+02  4.457069e+02  7.923230e+02 
 4.823549e-01  1.332168e+02  2.875528e+02  4.354652e+02  7.786748e+02 
 4.890787e-01  1.304025e+02  2.820807e+02  4.279839e+02  7.666908e+02 
 4.958962e-01  1.282921e+02  2.778958e+02  4.214225e+02  7.545870e+02 
 5.028087e-01  1.254624e+02  2.729336e+02  4.146814e+02  7.447085e+02 
 5.098176e-01  1.231398e+02  2.686146e+02  4.082777e+02  7.319378e+02 
 5.169242e-01  1.210070e+02  2.645527e+02  4.028415e+02  7.244916e+02 
 5.241298e-01  1.170726e+02  2.578702e+02  3.946137e+02  7.142829e+02 
 5.314359e-01  1.150196e+02  2.545886e+02  3.900125e+02  7.068484e+02 
 5.388438e-01  1.126063e+02  2.491390e+02  3.818962e+02  6.945489e+02 
 5.463550e-01  1.106008e+02  2.451227e+02  3.758547e+02  6.845055e+02 
 5.539709e-01  1.076742e+02  2.400172e+02  3.692835e+02  6.740349e+02 
 5.616930e-01  1.057647e+02  2.362487e+02  3.639054e+02  6.657365e+02 
 5.695227e-01  1.036775e+02  2.328531e+02  3.595925e+02  6.563047e+02 
 5.774615e-01  1.013150e+02  2.273947e+02  3.515729e+02  6.449315e+02 
 5.855110e-01  9.949290e+01  2.239157e+02  3.461314e+02  6.358160e+02 
 5.936727e-01  9.719344e+01  2.186003e+02  3.388573e+02  6.248313e+02 
 6.019482e-01  9.555248e+01  2.160299e+02  3.345875e+02  6.169698e+02 
 6.103390e-01  9.328930e+01  2.121543e+02  3.294375e+02  6.075342e+02 
 6.188468e-01  9.120026e+01  2.087653e+02  3.264264e+02  6.050130e+02 
 6.274732e-01  8.968773e+01  2.048321e+02  3.197346e+02  5.943199e+02 
 6.362198e-01  8.790033e+01  2.016211e+02  3.148690e+02  5.848290e+02 
 6.450884e-01  8.583953e+01  1.979478e+02  3.097714e+02  5.758908e+02 
 6.540806e-01  8.404516e+01  1.936711e+02  3.033340e+02  5.666780e+02 
 6.631981e-01  8.219632e+01  1.908280e+02  3.001746e+02  5.606564e+02 
 6.724427e-01  8.062874e+01  1.874224e+02  2.954878e+02  5.548752e+02 
 6.818162e-01  7.889901e+01  1.839649e+02  2.893649e+02  5.437347e+02 
 6.913204e-01  7.720672e+01  1.805755e+02  2.849769e+02  5.360767e+02 
 7.009570e-01  7.609390e+01  1.778145e+02  2.809420e+02  5.289307e+02 
 7.107280e-01  7.415367e+01  1.747714e+02  2.765473e+02  5.203704e+02 
 7.206351e-01  7.299796e+01  1.720550e+02  2.729338e+02  5.157916e+02 
 7.306804e-01  7.151479e+01  1.693373e+02  2.684096e+02  5.064457e+02 
 7.408657e-01  6.992015e+01  1.659607e+02  2.635583e+02  4.996808e+02 
 7.511929e-01  6.842894e+01  1.629081e+02  2.595962e+02  4.925436e+02 
 7.616642e-01  6.708200e+01  1.599426e+02  2.554056e+02  4.861687e+02 
 7.722814e-01  6.619155e+01  1.581762e+02  2.522958e+02  4.787041e+02 
 7.830465e-01  6.478506e+01  1.551135e+02  2.480056e+02  4.721466e+02 
 7.939618e-01  6.357142e+01  1.530037e+02  2.446341e+02  4.673329e+02 
 8.050292e-01  6.215999e+01  1.501691e+02  2.412499e+02  4.608842e+02 
 8.162509e-01  6.107994e+01  1.478776e+02  2.370215e+02  4.526566e+02 
 8.276289e-01  5.958467e+01  1.449331e+02  2.331773e+02  4.466902e+02 
 8.391656e-01  5.883972e+01  1.431412e+02  2.298489e+02  4.416637e+02 
 8.508632e-01  5.774028e+01  1.406333e+02  2.265514e+02  4.353551e+02 
 8.627237e-01  5.647106e+01  1.383421e+02  2.230540e+02  4.282607e+02 
 8.747496e-01  5.541904e+01  1.359723e+02  2.196710e+02  4.223362e+02 
 8.869432e-01  5.444729e+01  1.339382e+02  2.165369e+02  4.165841e+02 
 8.993067e-01  5.334668e+01  1.317480e+02  2.131492e+02  4.103895e+02 
 9.118425e-01  5.248433e+01  1.294376e+02  2.094711e+02  4.028950e+02 
 9.245531e-01  5.133521e+01  1.271998e+02  2.060809e+02  3.982187e+02 
 9.374409e-01  5.034993e+01  1.252119e+02  2.033344e+02  3.925413e+02 
 9.505083e-01  4.950242e+01  1.231903e+02  2.002673e+02  3.867545e+02 
 9.637579e-01  4.843198e+01  1.207641e+02  1.966710e+02  3.809416e+02 
 9.771921e-01  4.780122e+01  1.199523e+02  1.945748e+02  3.755321e+02 
 9.908137e-01  4.686826e+01  1.176735e+02  1.914276e+02  3.704639e+02 
 1.004625e+00  4.595099e+01  1.154569e+02  1.879982e+02  3.639119e+02 
 1.018629e+00  4.516686e+01  1.137982e+02  1.852578e+02  3.584197e+02 
 1.032828e+00  4.429847e+01  1.119777e+02  1.827779e+02  3.544643e+02 
 1.047225e+00  4.343536e+01  1.103149e+02  1.797532e+02  3.481044e+02 
 1.061823e+00  4.275249e+01  1.087519e+02  1.771758e+02  3.427682e+02 
 1.076624e+00  4.194317e+01  1.069650e+02  1.744215e+02  3.373629e+02 
 1.091632e+00  4.120639e+01  1.052137e+02  1.718131e+02  3.319801e+02 
 1.106848e+00  4.041179e+01  1.033545e+02  1.691040e+02  3.272110e+02 
 1.122277e+00  3.968865e+01  1.018414e+02  1.662530e+02  3.216015e+02 
 1.137921e+00  3.895867e+01  1.000605e+02  1.636459e+02  3.165617e+02 
 1.153783e+00  3.832134e+01  9.845380e+01  1.610485e+02  3.117650e+02 
 1.169866e+00  3.761488e+01  9.692095e+01  1.584942e+02  3.070615e+02 
 1.186174e+00  3.691827e+01  9.545884e+01  1.560555e+02  3.019173e+02 
 1.202708e+00  3.631228e+01  9.392185e+01  1.536119e+02  2.969820e+02 
 1.219473e+00  3.568458e+01  9.247894e+01  1.512901e+02  2.918300e+02 
 1.236472e+00  3.503715e+01  9.104148e+01  1.490012e+02  2.872778e+02 
 1.253708e+00  3.445146e+01  8.951540e+01  1.464589e+02  2.828763e+02 
 1.271184e+00  3.386045e+01  8.843267e+01  1.445237e+02  2.780595e+02 
 1.288904e+00  3.326919e+01  8.669189e+01  1.419268e+02  2.738452e+02 
 1.306870e+00  3.264850e+01  8.531823e+01  1.396268e+02  2.690021e+02 
 1.325087e+00  3.213890e+01  8.401097e+01  1.374159e+02  2.642222e+02 
 1.343558e+00  3.158545e+01  8.263471e+01  1.351563e+02  2.596813e+02 
 1.362287e+00  3.108002e+01  8.124292e+01  1.327677e+02  2.552639e+02 
 1.381276e+00  3.053877e+01  7.993288e+01  1.303835e+02  2.508473e+02 
 1.400531e+00  3.002666e+01  7.864825e+01  1.282975e+02  2.461203e+02 
 1.420053e+00  2.948540e+01  7.729426e+01  1.262089e+02  2.416864e+02 
 1.439848e+00  2.899798e+01  7.608540e+01  1.239570e+02  2.374541e+02 
 1.459919e+00  2.846398e+01  7.479796e+01  1.218115e+02  2.329127e+02 
 1.480269e+00  2.804041e+01  7.344552e+01  1.196229e+02  2.283231e+02 
 1.500903e+00  2.755099e+01  7.225483e+01  1.174970e+02  2.245590e+02 
 1.521825e+00  2.707922e+01  7.115069e+01  1.155754e+02  2.202871e+02 
 1.543038e+00  2.660775e+01  6.994114e+01  1.136492e+02  2.163669e+02 
 1.564548e+00  2.619774e+01  6.876450e+01  1.116012e+02  2.121609e+02 
 1.586357e+00  2.576125e+01  6.768327e+01  1.096683e+02  2.081132e+02 
 1.608469e+00  2.530850e+01  6.656732e+01  1.077430e+02  2.043872e+02 
 1.630891e+00  2.495888e+01  6.532317e+01  1.056314e+02  2.001759e+02 
 1.653624e+00  2.450716e+01  6.420730e+01  1.038550e+02  1.966171e+02 
 1.676675e+00  2.409913e+01  6.321756e+01  1.020346e+02  1.925807e+02 
 1.700047e+00  2.368567e+01  6.212379e+01  1.001298e+02  1.888582e+02 
 1.723745e+00  2.329819e+01  6.101502e+01  9.825564e+01  1.848468e+02 
 1.747773e+00  2.288600e+01  5.991612e+01  9.638869e+01  1.811201e+02 
 1.772136e+00  2.250828e+01  5.885283e+01  9.453688e+01  1.776102e+02 
 1.796838e+00  2.214329e+01  5.780729e+01  9.276729e+01  1.739163e+02 
 1.821885e+00  2.178734e+01  5.676215e+01  9.132063e+01  1.704121e+02 
 1.847281e+00  2.142337e+01  5.583502e+01  8.929399e+01  1.668918e+02 
 1.873032e+00  2.106928e+01  5.476223e+01  8.743744e+01  1.634913e+02 
 1.899141e+00  2.070537e+01  5.374024e+01  8.578544e+01  1.600925e+02 
 1.925614e+00  2.037590e+01  5.279784e+01  8.413224e+01  1.566685e+02 
 1.952456e+00  2.009294e+01  5.188032e+01  8.250183e+01  1.533479e+02 
 1.979672e+00  1.971732e+01  5.096409e+01  8.089672e+01  1.501322e+02 
 2.007267e+00  1.941841e+01  5.000505e+01  7.919668e+01  1.470313e+02 
 2.035248e+00  1.906992e+01  4.905030e+01  7.759055e+01  1.437903e+02 
 2.063618e+00  1.875249e+01  4.811343e+01  7.604167e+01  1.406412e+02 
 2.092383e+00  1.844418e+01  4.721029e+01  7.446209e+01  1.376093e+02 
 2.121550e+00  1.812510e+01  4.628759e+01  7.291342e+01  1.345147e+02 
 2.151123e+00  1.782497e+01  4.540061e+01  7.135988e+01  1.314763e+02 
 2.181109e+00  1.752055e+01  4.450449e+01  6.988480e+01  1.286047e+02 
 2.211512e+00  1.722292e+01  4.360802e+01  6.835812e+01  1.255931e+02 
 2.242340e+00  1.693549e+01  4.277694e+01  6.692095e+01  1.227856e+02 
 2.273597e+00  1.662872e+01  4.191901e+01  6.542198e+01  1.199732e+02 
 2.305289e+00  1.636414e+01  4.107798e+01  6.404224e+01  1.172541e+02 
 2.337424e+00  1.608195e+01  4.023804e+01  6.263294e+01  1.145749e+02 
 2.370006e+00  1.580454e+01  3.942957e+01  6.129104e+01  1.120185e+02 
 2.403043e+00  1.552229e+01  3.863308e+01  5.991145e+01  1.093926e+02 
 2.436540e+00  1.526467e+01  3.785651e+01  5.860301e+01  1.068515e+02 
 2.470504e+00  1.500190e+01  3.709404e+01  5.729087e+01  1.043610e+02 
 2.504942e+00  1.474324e+01  3.634799e+01  5.603841e+01  1.019558e+02 
 2.539859e+00  1.449818e+01  3.558399e+01  5.476577e+01  9.954093e+01 
 2.575263e+00  1.423420e+01  3.483173e+01  5.357903e+01  9.723572e+01 
 2.611161e+00  1.399423e+01  3.409637e+01  5.232174e+01  9.493258e+01 
 2.647559e+00  1.374799e+01  3.336496e+01  5.110093e+01  9.263401e+01 
 2.684465e+00  1.350490e+01  3.267219e+01  4.991371e+01  9.040445e+01 
 2.721885e+00  1.325292e+01  3.193742e+01  4.876259e+01  8.822042e+01 
 2.759826e+00  1.301420e+01  3.122511e+01  4.760538e+01  8.607906e+01 
 2.798297e+00  1.277735e+01  3.055436e+01  4.649359e+01  8.402964e+01 
 2.837304e+00  1.254543e+01  2.987319e+01  4.539081e+01  8.197301e+01 
 2.876854e+00  1.231354e+01  2.920046e+01  4.431074e+01  7.997930e+01 
 2.916956e+00  1.208840e+01  2.855900e+01  4.325386e+01  7.799935e+01 
 2.957617e+00  1.186967e+01  2.792741e+01  4.223714e+01  7.611138e+01 
 2.998844e+00  1.164844e+01  2.730696e+01  4.122446e+01  7.423964e+01 
 3.040646e+00  1.143357e+01  2.668897e+01  4.024041e+01  7.246887e+01 
 3.083031e+00  1.122181e+01  2.608534e+01  3.927851e+01  7.069989e+01 
 3.126007e+00  1.101785e+01  2.550285e+01  3.833568e+01  6.895813e+01 
 3.169582e+00  1.080980e+01  2.490921e+01  3.739944e+01  6.727140e+01 
 3.213764e+00  1.060617e+01  2.433984e+01  3.649037e+01  6.561302e+01 
 3.258562e+00  1.040054e+01  2.378542e+01  3.559787e+01  6.398584e+01 
 3.303985e+00  1.019997e+01  2.322034e+01  3.472394e+01  6.239652e+01 
 3.350041e+00  1.000434e+01  2.266826e+01  3.385440e+01  6.082393e+01 
 3.396739e+00  9.803637e+00  2.213464e+01  3.302010e+01  5.928992e+01 
 3.444087e+00  9.613340e+00  2.159804e+01  3.218354e+01  5.779012e+01 
 3.492096e+00  9.423049e+00  2.108573e+01  3.138668e+01  5.634984e+01 
 3.540774e+00  9.231243e+00  2.058524e+01  3.060508e+01  5.492890e+01 
 3.590130e+00  9.047830e+00  2.008451e+01  2.982939e+01  5.355399e+01 
 3.640175e+00  8.868920e+00  1.960145e+01  2.908957e+01  5.220002e+01 
 3.690917e+00  8.686708e+00  1.913547e+01  2.835243e+01  5.088924e+01 
 3.742366e+00  8.510477e+00  1.866417e+01  2.764309e+01  4.962794e+01 
 3.794533e+00  8.339860e+00  1.821976e+01  2.695297e+01  4.837757e+01 
 3.847427e+00  8.169975e+00  1.777259e+01  2.627745e+01  4.717743e+01 
 3.901058e+00  7.999064e+00  1.734494e+01  2.562063e+01  4.598879e+01 
 3.955436e+00  7.837896e+00  1.691928e+01  2.496644e+01  4.482589e+01 
 4.010573e+00  7.671975e+00  1.650143e+01  2.433923e+01  4.369855e+01 
 4.066478e+00  7.510456e+00  1.609098e+01  2.371527e+01  4.258132e+01 
 4.123163e+00  7.349682e+00  1.569333e+01  2.310689e+01  4.149208e+01 
 4.180637e+00  7.193663e+00  1.530150e+01  2.251447e+01  4.042364e+01 
 4.238913e+00  7.038061e+00  1.491332e+01  2.193237e+01  3.939323e+01 
 4.298001e+00  6.882242e+00  1.453773e+01  2.136821e+01  3.837470e+01 
 4.357913e+00  6.735675e+00  1.416975e+01  2.081865e+01  3.739704e+01 
 4.418660e+00  6.586752e+00  1.381408e+01  2.027911e+01  3.644053e+01 
 4.480254e+00  6.440583e+00  1.346312e+01  1.975542e+01  3.550514e+01 
 4.542706e+00  6.299491e+00  1.311962e+01  1.924360e+01  3.459234e+01 
 4.606029e+00  6.159721e+00  1.279199e+01  1.875077e+01  3.371461e+01 
 4.670234e+00  6.022665e+00  1.246732e+01  1.827259e+01  3.285817e+01 
 4.735335e+00  5.888887e+00  1.215317e+01  1.780295e+01  3.201854e+01 
 4.801343e+00  5.759214e+00  1.184849e+01  1.734758e+01  3.119898e+01 
 4.868271e+00  5.630154e+00  1.154795e+01  1.690099e+01  3.040110e+01 
 4.936132e+00  5.503143e+00  1.125336e+01  1.646573e+01  2.962193e+01 
 5.004939e+00  5.377883e+00  1.096671e+01  1.603891e+01  2.885681e+01 
 5.074705e+00  5.253722e+00  1.068423e+01  1.561998e+01  2.811046e+01 
 5.145444e+00  5.133036e+00  1.040940e+01  1.521274e+01  2.738220e+01 
 5.217169e+00  5.013137e+00  1.013913e+01  1.481297e+01  2.666269e+01 
 5.289893e+00  4.897503e+00  9.877287e+00  1.442793e+01  2.596844e+01 
 5.363631e+00  4.781669e+00  9.621072e+00  1.404624e+01  2.528937e+01 
 5.438397e+00  4.669833e+00  9.370766e+00  1.367786e+01  2.462526e+01 
 5.514206e+00  4.559720e+00  9.127492e+00  1.331950e+01  2.398190e+01 
 5.591071e+00  4.450899e+00  8.891739e+00  1.296961e+01  2.335615e+01 
 5.669007e+00  4.346990e+00  8.660693e+00  1.263172e+01  2.274761e+01 
 5.748030e+00  4.244139e+00  8.437608e+00  1.230133e+01  2.215292e+01 
 5.828155e+00  4.143879e+00  8.220238e+00  1.198163e+01  2.157648e+01 
 5.909396e+00  4.045951e+00  8.008441e+00  1.167003e+01  2.101749e+01 
 5.991770e+00  3.949909e+00  7.801596e+00  1.136593e+01  2.047130e+01 
 6.075292e+00  3.856388e+00  7.601365e+00  1.107065e+01  1.993776e+01 
 6.159978e+00  3.764224e+00  7.405118e+00  1.078219e+01  1.941763e+01 
 6.245845e+00  3.673775e+00  7.213037e+00  1.049983e+01  1.890614e+01 
 6.332908e+00  3.584674e+00  7.024237e+00  1.022251e+01  1.840570e+01 
 6.421186e+00  3.498120e+00  6.840841e+00  9.951844e+00  1.791700e+01 
 6.510694e+00  3.412616e+00  6.661356e+00  9.689062e+00  1.744073e+01 
 6.601449e+00  3.329573e+00  6.487132e+00  9.432437e+00  1.697686e+01 
 6.693470e+00  3.247911e+00  6.316306e+00  9.181390e+00  1.652332e+01 
 6.786773e+00  3.168192e+00  6.150921e+00  8.937565e+00  1.608268e+01 
 6.881377e+00  3.090861e+00  5.989851e+00  8.700905e+00  1.565264e+01 
 6.977300e+00  3.015270e+00  5.833646e+00  8.471795e+00  1.523643e+01 
 7.074559e+00  2.941798e+00  5.681296e+00  8.247497e+00  1.483075e+01 
 7.173175e+00  2.869871e+00  5.533798e+00  8.030796e+00  1.443773e+01 
 7.273165e+00  2.800190e+00  5.390639e+00  7.820651e+00  1.405489e+01 
 7.374549e+00  2.732137e+00  5.251016e+00  7.615203e+00  1.368348e+01 
 7.477346e+00  2.665595e+00  5.115871e+00  7.417044e+00  1.332199e+01 
 7.581576e+00  2.601146e+00  4.983290e+00  7.222653e+00  1.296922e+01 
 7.687260e+00  2.537778e+00  4.854458e+00  7.033118e+00  1.262534e+01 
 7.794416e+00  2.475686e+00  4.728308e+00  6.847008e+00  1.228804e+01 
 7.903066e+00  2.414991e+00  4.604713e+00  6.665325e+00  1.195757e+01 
 8.013230e+00  2.355619e+00  4.484772e+00  6.489464e+00  1.163612e+01 
 8.124930e+00  2.297485e+00  4.367561e+00  6.316953e+00  1.132189e+01 
 8.238187e+00  2.240984e+00  4.253080e+00  6.148590e+00  1.101629e+01 
 8.353023e+00  2.185739e+00  4.141965e+00  5.985332e+00  1.071844e+01 
 8.469460e+00  2.132072e+00  4.033946e+00  5.826474e+00  1.042890e+01 
 8.587519e+00  2.079779e+00  3.928779e+00  5.671994e+00  1.014764e+01 
 8.707225e+00  2.028914e+00  3.826433e+00  5.522048e+00  9.874422e+00 
 8.828599e+00  1.979507e+00  3.727712e+00  5.376395e+00  9.608605e+00 
 8.951665e+00  1.931376e+00  3.631640e+00  5.235078e+00  9.351330e+00 
 9.076446e+00  1.884703e+00  3.538483e+00  5.098338e+00  9.101779e+00 
 9.202967e+00  1.839330e+00  3.447844e+00  4.965328e+00  8.858770e+00 
 9.331251e+00  1.795130e+00  3.359675e+00  4.835702e+00  8.622654e+00 
 9.461324e+00  0.000000e+00  0.000000e+00  0.000000e+00  0.000000e+00 
 9.593209e+00  0.000000e+00  0.000000e+00  0.000000e+00  0.000000e+00 
 9.726934e+00  0.000000e+00  0.000000e+00  0.000000e+00  0.000000e+00 
 9.862522e+00  0.000000e+00  0.000000e+00  0.000000e+00  0.000000e+00 
 1.000000e+01  0.000000e+00  0.000000e+00  0.000000e+00  0.000000e+00 
