 1.000000e-02  5.839783e+03  1.081832e+04  1.477781e+04  2.235460e+04 
 1.013939e-02  5.869029e+03  1.087234e+04  1.485147e+04  2.246568e+04 
 1.028073e-02  5.897729e+03  1.092535e+04  1.492374e+04  2.257465e+04 
 1.042404e-02  5.925858e+03  1.097729e+04  1.499456e+04  2.268140e+04 
 1.056935e-02  5.953392e+03  1.102813e+04  1.506386e+04  2.278585e+04 
 1.071668e-02  5.980321e+03  1.107784e+04  1.513162e+04  2.288794e+04 
 1.086606e-02  6.006630e+03  1.112639e+04  1.519779e+04  2.298766e+04 
 1.101753e-02  6.032285e+03  1.117373e+04  1.526230e+04  2.308482e+04 
 1.117111e-02  6.057266e+03  1.121982e+04  1.532509e+04  2.317937e+04 
 1.132683e-02  6.081539e+03  1.126459e+04  1.538609e+04  2.327121e+04 
 1.148472e-02  6.105104e+03  1.130804e+04  1.544527e+04  2.336028e+04 
 1.164481e-02  6.127925e+03  1.135010e+04  1.550255e+04  2.344648e+04 
 1.180713e-02  6.149982e+03  1.139074e+04  1.555789e+04  2.352972e+04 
 1.197171e-02  6.171243e+03  1.142991e+04  1.561120e+04  2.360989e+04 
 1.213859e-02  6.191692e+03  1.146757e+04  1.566246e+04  2.368694e+04 
 1.230780e-02  6.211309e+03  1.150368e+04  1.571159e+04  2.376075e+04 
 1.247936e-02  6.230071e+03  1.153820e+04  1.575856e+04  2.383127e+04 
 1.265332e-02  6.247955e+03  1.157108e+04  1.580327e+04  2.389839e+04 
 1.282970e-02  6.264939e+03  1.160229e+04  1.584570e+04  2.396203e+04 
 1.300854e-02  6.281003e+03  1.163180e+04  1.588579e+04  2.402212e+04 
 1.318987e-02  6.296123e+03  1.165954e+04  1.592348e+04  2.407857e+04 
 1.337373e-02  6.310273e+03  1.168550e+04  1.595871e+04  2.413130e+04 
 1.356015e-02  6.323442e+03  1.170962e+04  1.599143e+04  2.418022e+04 
 1.374917e-02  6.335598e+03  1.173187e+04  1.602159e+04  2.422525e+04 
 1.394083e-02  6.346717e+03  1.175217e+04  1.604911e+04  2.426628e+04 
 1.413516e-02  6.356775e+03  1.177051e+04  1.607392e+04  2.430321e+04 
 1.433219e-02  6.365748e+03  1.178684e+04  1.609599e+04  2.433597e+04 
 1.453198e-02  6.373610e+03  1.180111e+04  1.611523e+04  2.436445e+04 
 1.473454e-02  6.380334e+03  1.181326e+04  1.613158e+04  2.438854e+04 
 1.493993e-02  6.385902e+03  1.182327e+04  1.614500e+04  2.440819e+04 
 1.514819e-02  6.390280e+03  1.183109e+04  1.615544e+04  2.442337e+04 
 1.535935e-02  6.393448e+03  1.183668e+04  1.616286e+04  2.443398e+04 
 1.557345e-02  6.395395e+03  1.184000e+04  1.616716e+04  2.443988e+04 
 1.579053e-02  6.396098e+03  1.184101e+04  1.616831e+04  2.444100e+04 
 1.601064e-02  6.395539e+03  1.183969e+04  1.616625e+04  2.443726e+04 
 1.623382e-02  6.393707e+03  1.183600e+04  1.616097e+04  2.442864e+04 
 1.646012e-02  6.390574e+03  1.182990e+04  1.615239e+04  2.441502e+04 
 1.668956e-02  6.386134e+03  1.182136e+04  1.614049e+04  2.439639e+04 
 1.692220e-02  6.380360e+03  1.181037e+04  1.612521e+04  2.437263e+04 
 1.715809e-02  6.373244e+03  1.179688e+04  1.610653e+04  2.434372e+04 
 1.739726e-02  6.364763e+03  1.178086e+04  1.608439e+04  2.430958e+04 
 1.763977e-02  6.354898e+03  1.176227e+04  1.605875e+04  2.427011e+04 
 1.788566e-02  6.343630e+03  1.174107e+04  1.602952e+04  2.422526e+04 
 1.813498e-02  6.330936e+03  1.171723e+04  1.599671e+04  2.417494e+04 
 1.838777e-02  6.316801e+03  1.169073e+04  1.596025e+04  2.411913e+04 
 1.864409e-02  6.301224e+03  1.166155e+04  1.592014e+04  2.405778e+04 
 1.890397e-02  6.284183e+03  1.162967e+04  1.587631e+04  2.399082e+04 
 1.916748e-02  6.265670e+03  1.159506e+04  1.582876e+04  2.391822e+04 
 1.943467e-02  6.245674e+03  1.155769e+04  1.577746e+04  2.383994e+04 
 1.970558e-02  6.224195e+03  1.151757e+04  1.572239e+04  2.375599e+04 
 1.998026e-02  6.201224e+03  1.147469e+04  1.566356e+04  2.366632e+04 
 2.025878e-02  6.176760e+03  1.142906e+04  1.560096e+04  2.357094e+04 
 2.054117e-02  6.150814e+03  1.138067e+04  1.553459e+04  2.346990e+04 
 2.082751e-02  6.123384e+03  1.132952e+04  1.546448e+04  2.336317e+04 
 2.111783e-02  6.094480e+03  1.127566e+04  1.539064e+04  2.325081e+04 
 2.141220e-02  6.064202e+03  1.121922e+04  1.531325e+04  2.313297e+04 
 2.171068e-02  6.033079e+03  1.116100e+04  1.523319e+04  2.301052e+04 
 2.201331e-02  6.000494e+03  1.110005e+04  1.514942e+04  2.288244e+04 
 2.232016e-02  5.966435e+03  1.103639e+04  1.506193e+04  2.274874e+04 
 2.263130e-02  5.930924e+03  1.097003e+04  1.497077e+04  2.260950e+04 
 2.294676e-02  5.893955e+03  1.090098e+04  1.487593e+04  2.246469e+04 
 2.326663e-02  5.855548e+03  1.082925e+04  1.477744e+04  2.231437e+04 
 2.359095e-02  5.815693e+03  1.075486e+04  1.467531e+04  2.215855e+04 
 2.391980e-02  5.774433e+03  1.067787e+04  1.456964e+04  2.199739e+04 
 2.425323e-02  5.731788e+03  1.059833e+04  1.446046e+04  2.183095e+04 
 2.459130e-02  5.687784e+03  1.051626e+04  1.434787e+04  2.165934e+04 
 2.493409e-02  5.642448e+03  1.043172e+04  1.423190e+04  2.148266e+04 
 2.528166e-02  5.595812e+03  1.034480e+04  1.411267e+04  2.130105e+04 
 2.563407e-02  5.547922e+03  1.025556e+04  1.399030e+04  2.111468e+04 
 2.599140e-02  5.498834e+03  1.016410e+04  1.386489e+04  2.092375e+04 
 2.635371e-02  5.448586e+03  1.007050e+04  1.373656e+04  2.072844e+04 
 2.672106e-02  5.397246e+03  9.974885e+03  1.360550e+04  2.052898e+04 
 2.709354e-02  5.344844e+03  9.877315e+03  1.347177e+04  2.032551e+04 
 2.747121e-02  5.291419e+03  9.777854e+03  1.333545e+04  2.011817e+04 
 2.785414e-02  5.236927e+03  9.676456e+03  1.319653e+04  1.990697e+04 
 2.824241e-02  5.181159e+03  9.572829e+03  1.305470e+04  1.969169e+04 
 2.863610e-02  5.124483e+03  9.467517e+03  1.291057e+04  1.947297e+04 
 2.903527e-02  5.066928e+03  9.360597e+03  1.276425e+04  1.925096e+04 
 2.944000e-02  5.008554e+03  9.252162e+03  1.261588e+04  1.902585e+04 
 2.985038e-02  4.949409e+03  9.142316e+03  1.246558e+04  1.879787e+04 
 3.026648e-02  4.889556e+03  9.031171e+03  1.231353e+04  1.856724e+04 
 3.068838e-02  4.829072e+03  8.918857e+03  1.215988e+04  1.833424e+04 
 3.111616e-02  4.768017e+03  8.805507e+03  1.200483e+04  1.809914e+04 
 3.154990e-02  4.706481e+03  8.691265e+03  1.184857e+04  1.786222e+04 
 3.198969e-02  4.644539e+03  8.576290e+03  1.169131e+04  1.762384e+04 
 3.243561e-02  4.582291e+03  8.460757e+03  1.153330e+04  1.738434e+04 
 3.288774e-02  4.519836e+03  8.344855e+03  1.137480e+04  1.714410e+04 
 3.334618e-02  4.457294e+03  8.228795e+03  1.121609e+04  1.690357e+04 
 3.381101e-02  4.394752e+03  8.112734e+03  1.105739e+04  1.666306e+04 
 3.428231e-02  4.332268e+03  7.996800e+03  1.089886e+04  1.642284e+04 
 3.476019e-02  4.269767e+03  7.881170e+03  1.074112e+04  1.618491e+04 
 3.524473e-02  4.207435e+03  7.765864e+03  1.058384e+04  1.594772e+04 
 3.573602e-02  4.145325e+03  7.650978e+03  1.042714e+04  1.571140e+04 
 3.623416e-02  4.083500e+03  7.536626e+03  1.027116e+04  1.547617e+04 
 3.673925e-02  4.022024e+03  7.422919e+03  1.011606e+04  1.524228e+04 
 3.725137e-02  3.960971e+03  7.309993e+03  9.962029e+03  1.501001e+04 
 3.777064e-02  3.900404e+03  7.197979e+03  9.809243e+03  1.477961e+04 
 3.829714e-02  3.840403e+03  7.087007e+03  9.657885e+03  1.455138e+04 
 3.883098e-02  3.781047e+03  6.977233e+03  9.508162e+03  1.432560e+04 
 3.937226e-02  3.722418e+03  6.868809e+03  9.360278e+03  1.410262e+04 
 3.992109e-02  3.664607e+03  6.761897e+03  9.214460e+03  1.388275e+04 
 4.047757e-02  3.607699e+03  6.656619e+03  9.070844e+03  1.366610e+04 
 4.104181e-02  3.551640e+03  6.552369e+03  8.928017e+03  1.344889e+04 
 4.161391e-02  3.496696e+03  6.450195e+03  8.788023e+03  1.323598e+04 
 4.219398e-02  3.442939e+03  6.350219e+03  8.651039e+03  1.302763e+04 
 4.278214e-02  3.390413e+03  6.252521e+03  8.517169e+03  1.282399e+04 
 4.337850e-02  3.339137e+03  6.157153e+03  8.386480e+03  1.262518e+04 
 4.398317e-02  3.289153e+03  6.064170e+03  8.259051e+03  1.243130e+04 
 4.459628e-02  3.240477e+03  5.973618e+03  8.134945e+03  1.224244e+04 
 4.521792e-02  3.193139e+03  5.885537e+03  8.014216e+03  1.205870e+04 
 4.584824e-02  3.147159e+03  5.799977e+03  7.896927e+03  1.188016e+04 
 4.648734e-02  3.102563e+03  5.716975e+03  7.783132e+03  1.170690e+04 
 4.713535e-02  3.059461e+03  5.637457e+03  7.674854e+03  1.154405e+04 
 4.779239e-02  3.017832e+03  5.561085e+03  7.571308e+03  1.138957e+04 
 4.845859e-02  2.977638e+03  5.487349e+03  7.471343e+03  1.124046e+04 
 4.913407e-02  2.938876e+03  5.416253e+03  7.374967e+03  1.109672e+04 
 4.981898e-02  2.901546e+03  5.347784e+03  7.282160e+03  1.095833e+04 
 5.051342e-02  2.865616e+03  5.281898e+03  7.192866e+03  1.082520e+04 
 5.121755e-02  2.831065e+03  5.218548e+03  7.107016e+03  1.069724e+04 
 5.193150e-02  2.797854e+03  5.157670e+03  7.024522e+03  1.057430e+04 
 5.265540e-02  2.765944e+03  5.099180e+03  6.945274e+03  1.045623e+04 
 5.338938e-02  2.735063e+03  5.042151e+03  6.867555e+03  1.033922e+04 
 5.413360e-02  2.705113e+03  4.986320e+03  6.790919e+03  1.022234e+04 
 5.488820e-02  2.676295e+03  4.932580e+03  6.717136e+03  1.010977e+04 
 5.565331e-02  2.648539e+03  4.880809e+03  6.646039e+03  1.000124e+04 
 5.642908e-02  2.621762e+03  4.830843e+03  6.577402e+03  9.896419e+03 
 5.721568e-02  2.595864e+03  4.782490e+03  6.510958e+03  9.794903e+03 
 5.801323e-02  2.570717e+03  4.735534e+03  6.446418e+03  9.696252e+03 
 5.882190e-02  2.546253e+03  4.689850e+03  6.383624e+03  9.600277e+03 
 5.964185e-02  2.522518e+03  4.645814e+03  6.323400e+03  9.509041e+03 
 6.047322e-02  2.499618e+03  4.604117e+03  6.267189e+03  9.426148e+03 
 6.131619e-02  2.477036e+03  4.562999e+03  6.211762e+03  9.344421e+03 
 6.217090e-02  2.454557e+03  4.522057e+03  6.156562e+03  9.262991e+03 
 6.303753e-02  2.432123e+03  4.481179e+03  6.101427e+03  9.181593e+03 
 6.391624e-02  2.409563e+03  4.440060e+03  6.045953e+03  9.099666e+03 
 6.480720e-02  2.386774e+03  4.398513e+03  5.989896e+03  9.016859e+03 
 6.571058e-02  2.363574e+03  4.356219e+03  5.932828e+03  8.932545e+03 
 6.662655e-02  2.338733e+03  4.309075e+03  5.867209e+03  8.829885e+03 
 6.755528e-02  2.313188e+03  4.260589e+03  5.799716e+03  8.724276e+03 
 6.849697e-02  2.286851e+03  4.210651e+03  5.730260e+03  8.615753e+03 
 6.945178e-02  2.259594e+03  4.159037e+03  5.658541e+03  8.503878e+03 
 7.041990e-02  2.231313e+03  4.105550e+03  5.584292e+03  8.388260e+03 
 7.140151e-02  2.201910e+03  4.050015e+03  5.507279e+03  8.268554e+03 
 7.239681e-02  2.171554e+03  3.993018e+03  5.428624e+03  8.147505e+03 
 7.340598e-02  2.140238e+03  3.934590e+03  5.348432e+03  8.025466e+03 
 7.442922e-02  2.107586e+03  3.873723e+03  5.264941e+03  7.898528e+03 
 7.546673e-02  2.073559e+03  3.810343e+03  5.178056e+03  7.766552e+03 
 7.651869e-02  2.038152e+03  3.744445e+03  5.087771e+03  7.629533e+03 
 7.758532e-02  2.001383e+03  3.676064e+03  4.994135e+03  7.487549e+03 
 7.866682e-02  1.964061e+03  3.607742e+03  4.901667e+03  7.350130e+03 
 7.976339e-02  1.926726e+03  3.541126e+03  4.813255e+03  7.223279e+03 
 8.087525e-02  1.888163e+03  3.472194e+03  4.721644e+03  7.091497e+03 
 8.200261e-02  1.848467e+03  3.401129e+03  4.627081e+03  6.955143e+03 
 8.314568e-02  1.807781e+03  3.328176e+03  4.529892e+03  6.814689e+03 
 8.430468e-02  1.766254e+03  3.253613e+03  4.430451e+03  6.670683e+03 
 8.547985e-02  1.723460e+03  3.175659e+03  4.325357e+03  6.515599e+03 
 8.667139e-02  1.679939e+03  3.095866e+03  4.217272e+03  6.354792e+03 
 8.787954e-02  1.636196e+03  3.015649e+03  4.108594e+03  6.193034e+03 
 8.910453e-02  1.592451e+03  2.935417e+03  3.999876e+03  6.031149e+03 
 9.034660e-02  1.548940e+03  2.855596e+03  3.891699e+03  5.870005e+03 
 9.160598e-02  1.506590e+03  2.778880e+03  3.788662e+03  5.718813e+03 
 9.288292e-02  1.465553e+03  2.705415e+03  3.690838e+03  5.577377e+03 
 9.417766e-02  1.425392e+03  2.633468e+03  3.594979e+03  5.438630e+03 
 9.549045e-02  1.386334e+03  2.563460e+03  3.501663e+03  5.303443e+03 
 9.682153e-02  1.348588e+03  2.495782e+03  3.411426e+03  5.172634e+03 
 9.817117e-02  1.312682e+03  2.431902e+03  3.326732e+03  5.051058e+03 
 9.953962e-02  1.278566e+03  2.371407e+03  3.246718e+03  4.936674e+03 
 1.009272e-01  1.246272e+03  2.314171e+03  3.171039e+03  4.828541e+03 
 1.023340e-01  1.215920e+03  2.260432e+03  3.100028e+03  4.727187e+03 
 1.037605e-01  1.187037e+03  2.208622e+03  3.030913e+03  4.626942e+03 
 1.052069e-01  1.158145e+03  2.154119e+03  2.955646e+03  4.511550e+03 
 1.066734e-01  1.131469e+03  2.103759e+03  2.886061e+03  4.404797e+03 
 1.081604e-01  1.106994e+03  2.057514e+03  2.822119e+03  4.306617e+03 
 1.096681e-01  1.084676e+03  2.015293e+03  2.763696e+03  4.216827e+03 
 1.111968e-01  1.064496e+03  1.977223e+03  2.710958e+03  4.135165e+03 
 1.127468e-01  1.046250e+03  1.942763e+03  2.663165e+03  4.061001e+03 
 1.143184e-01  1.029776e+03  1.911606e+03  2.619897e+03  3.993725e+03 
 1.159120e-01  1.014889e+03  1.883406e+03  2.580682e+03  3.932618e+03 
 1.175277e-01  1.001861e+03  1.859143e+03  2.547206e+03  3.880788e+03 
 1.191660e-01  9.899746e+02  1.837046e+03  2.516724e+03  3.833563e+03 
 1.208271e-01  9.789151e+02  1.816491e+03  2.488356e+03  3.789570e+03 
 1.225114e-01  9.683297e+02  1.796775e+03  2.461113e+03  3.747288e+03 
 1.242191e-01  9.574073e+02  1.775947e+03  2.432070e+03  3.702109e+03 
 1.259506e-01  9.464087e+02  1.754993e+03  2.402870e+03  3.656732e+03 
 1.277063e-01  9.350373e+02  1.733365e+03  2.372763e+03  3.610027e+03 
 1.294865e-01  9.232453e+02  1.711109e+03  2.341827e+03  3.561817e+03 
 1.312915e-01  9.108365e+02  1.687883e+03  2.309590e+03  3.511348e+03 
 1.331216e-01  8.972905e+02  1.662567e+03  2.274521e+03  3.456657e+03 
 1.349772e-01  8.824435e+02  1.634895e+03  2.236300e+03  3.397389e+03 
 1.368587e-01  8.672163e+02  1.608244e+03  2.201465e+03  3.348996e+03 
 1.387665e-01  8.504975e+02  1.578797e+03  2.162781e+03  3.294696e+03 
 1.407008e-01  8.322723e+02  1.546516e+03  2.120185e+03  3.234366e+03 
 1.426621e-01  8.136199e+02  1.514033e+03  2.077492e+03  3.173476e+03 
 1.446507e-01  7.940009e+02  1.479875e+03  2.032512e+03  3.108876e+03 
 1.466671e-01  7.732581e+02  1.443523e+03  1.984449e+03  3.039426e+03 
 1.487115e-01  7.501389e+02  1.401202e+03  1.927183e+03  2.954501e+03 
 1.507845e-01  7.255213e+02  1.355072e+03  1.864014e+03  2.859578e+03 
 1.528864e-01  7.008222e+02  1.308790e+03  1.800621e+03  2.764208e+03 
 1.550175e-01  6.782324e+02  1.268423e+03  1.746956e+03  2.686942e+03 
 1.571784e-01  6.574410e+02  1.232687e+03  1.700676e+03  2.623010e+03 
 1.593694e-01  6.374307e+02  1.198217e+03  1.655963e+03  2.561048e+03 
 1.615909e-01  6.190933e+02  1.167164e+03  1.616038e+03  2.506227e+03 
 1.638434e-01  6.023189e+02  1.139045e+03  1.580093e+03  2.457215e+03 
 1.661273e-01  5.870535e+02  1.113576e+03  1.547646e+03  2.413238e+03 
 1.684430e-01  5.706751e+02  1.083454e+03  1.507013e+03  2.353874e+03 
 1.707910e-01  5.557721e+02  1.055771e+03  1.469497e+03  2.298864e+03 
 1.731717e-01  5.430297e+02  1.032395e+03  1.438009e+03  2.252952e+03 
 1.755856e-01  5.333946e+02  1.015918e+03  1.416472e+03  2.221937e+03 
 1.780332e-01  5.252465e+02  1.002220e+03  1.398763e+03  2.196829e+03 
 1.805149e-01  5.166483e+02  9.855259e+02  1.375041e+03  2.158602e+03 
 1.830312e-01  5.080740e+02  9.676116e+02  1.348533e+03  2.113823e+03 
 1.855825e-01  5.002601e+02  9.513137e+02  1.324493e+03  2.073452e+03 
 1.881694e-01  4.929411e+02  9.368989e+02  1.304316e+03  2.042242e+03 
 1.907924e-01  4.856150e+02  9.225076e+02  1.284199e+03  2.011181e+03 
 1.934520e-01  4.774227e+02  9.062676e+02  1.261565e+03  1.977164e+03 
 1.961486e-01  4.684189e+02  8.884545e+02  1.236786e+03  1.940164e+03 
 1.988828e-01  4.596034e+02  8.717353e+02  1.213816e+03  1.905817e+03 
 2.016551e-01  4.512965e+02  8.570134e+02  1.194014e+03  1.876121e+03 
 2.044661e-01  4.418020e+02  8.398790e+02  1.170741e+03  1.840815e+03 
 2.073162e-01  4.307723e+02  8.188441e+02  1.141274e+03  1.794627e+03 
 2.102061e-01  4.188360e+02  7.960941e+02  1.109435e+03  1.744725e+03 
 2.131362e-01  4.097275e+02  7.828836e+02  1.094004e+03  1.725440e+03 
 2.161073e-01  4.002537e+02  7.690063e+02  1.077675e+03  1.704772e+03 
 2.191197e-01  3.883257e+02  7.485636e+02  1.051434e+03  1.669486e+03 
 2.221741e-01  3.760376e+02  7.268915e+02  1.023191e+03  1.630954e+03 
 2.252711e-01  3.648328e+02  7.078652e+02  9.990170e+02  1.598938e+03 
 2.284112e-01  3.545656e+02  6.907253e+02  9.775070e+02  1.570932e+03 
 2.315951e-01  3.454614e+02  6.749320e+02  9.565372e+02  1.539733e+03 
 2.348235e-01  3.375183e+02  6.610150e+02  9.377057e+02  1.510500e+03 
 2.380968e-01  3.288487e+02  6.442838e+02  9.143143e+02  1.474445e+03 
 2.414157e-01  3.208514e+02  6.285018e+02  8.921055e+02  1.440361e+03 
 2.447809e-01  3.131811e+02  6.134307e+02  8.711190e+02  1.407917e+03 
 2.481930e-01  3.063485e+02  6.000465e+02  8.525405e+02  1.379254e+03 
 2.516527e-01  3.024137e+02  5.930848e+02  8.428611e+02  1.363590e+03 
 2.551606e-01  2.978893e+02  5.845710e+02  8.309231e+02  1.344740e+03 
 2.587174e-01  2.906914e+02  5.695408e+02  8.095480e+02  1.312106e+03 
 2.623238e-01  2.847263e+02  5.579656e+02  7.934987e+02  1.288024e+03 
 2.659804e-01  2.799016e+02  5.497461e+02  7.826624e+02  1.272285e+03 
 2.696881e-01  2.732074e+02  5.372020e+02  7.655363e+02  1.246180e+03 
 2.734474e-01  2.656290e+02  5.228005e+02  7.457807e+02  1.215885e+03 
 2.772591e-01  2.597003e+02  5.130283e+02  7.335928e+02  1.200303e+03 
 2.811239e-01  2.531769e+02  5.016945e+02  7.190617e+02  1.181687e+03 
 2.850426e-01  2.462275e+02  4.890149e+02  7.024769e+02  1.160860e+03 
 2.890160e-01  2.396971e+02  4.780922e+02  6.885250e+02  1.141234e+03 
 2.930447e-01  2.334762e+02  4.674961e+02  6.744589e+02  1.119553e+03 
 2.971296e-01  2.276385e+02  4.563209e+02  6.578540e+02  1.090503e+03 
 3.012714e-01  2.223954e+02  4.472995e+02  6.459408e+02  1.072913e+03 
 3.054710e-01  2.174452e+02  4.389774e+02  6.355130e+02  1.059173e+03 
 3.097291e-01  2.118153e+02  4.283683e+02  6.213097e+02  1.039115e+03 
 3.140465e-01  2.068744e+02  4.182950e+02  6.066944e+02  1.014765e+03 
 3.184242e-01  2.026348e+02  4.096822e+02  5.941339e+02  9.937285e+02 
 3.228628e-01  1.992616e+02  4.037324e+02  5.863936e+02  9.838371e+02 
 3.273634e-01  1.946384e+02  3.941433e+02  5.723698e+02  9.608683e+02 
 3.319266e-01  1.898269e+02  3.845458e+02  5.589043e+02  9.402471e+02 
 3.365535e-01  1.850943e+02  3.758711e+02  5.475896e+02  9.249214e+02 
 3.412449e-01  1.816819e+02  3.712595e+02  5.421155e+02  9.161036e+02 
 3.460016e-01  1.778762e+02  3.650072e+02  5.340295e+02  9.046628e+02 
 3.508247e-01  1.740276e+02  3.581311e+02  5.248039e+02  8.909913e+02 
 3.557150e-01  1.702035e+02  3.510519e+02  5.151698e+02  8.759698e+02 
 3.606735e-01  1.658012e+02  3.432128e+02  5.048408e+02  8.613949e+02 
 3.657011e-01  1.606891e+02  3.334880e+02  4.913963e+02  8.422629e+02 
 3.707988e-01  1.565439e+02  3.254614e+02  4.803238e+02  8.255705e+02 
 3.759675e-01  1.528369e+02  3.182675e+02  4.703379e+02  8.102788e+02 
 3.812083e-01  1.491887e+02  3.115512e+02  4.611616e+02  7.964858e+02 
 3.865221e-01  1.461807e+02  3.070315e+02  4.559368e+02  7.880270e+02 
 3.919100e-01  1.430761e+02  2.996873e+02  4.445753e+02  7.718208e+02 
 3.973730e-01  1.396232e+02  2.937160e+02  4.370092e+02  7.596773e+02 
 4.029122e-01  1.367987e+02  2.891954e+02  4.307165e+02  7.479672e+02 
 4.085286e-01  1.339802e+02  2.831154e+02  4.218927e+02  7.350950e+02 
 4.142232e-01  1.305432e+02  2.760156e+02  4.123464e+02  7.229432e+02 
 4.199973e-01  1.270938e+02  2.699538e+02  4.045717e+02  7.114540e+02 
 4.258518e-01  1.242544e+02  2.646699e+02  3.970663e+02  6.984527e+02 
 4.317880e-01  1.212414e+02  2.588140e+02  3.883513e+02  6.847077e+02 
 4.378069e-01  1.185863e+02  2.534586e+02  3.806210e+02  6.717492e+02 
 4.439097e-01  1.163921e+02  2.499766e+02  3.763391e+02  6.672786e+02 
 4.500975e-01  1.131229e+02  2.438029e+02  3.678535e+02  6.545439e+02 
 4.563716e-01  1.103939e+02  2.380812e+02  3.595028e+02  6.395581e+02 
 4.627332e-01  1.086206e+02  2.355761e+02  3.567669e+02  6.369783e+02 
 4.691835e-01  1.057887e+02  2.298902e+02  3.486010e+02  6.232005e+02 
 4.757236e-01  1.037519e+02  2.258186e+02  3.429346e+02  6.143070e+02 
 4.823549e-01  1.009449e+02  2.200684e+02  3.346946e+02  6.027754e+02 
 4.890787e-01  9.865277e+01  2.155208e+02  3.284998e+02  5.930077e+02 
 4.958962e-01  9.687146e+01  2.120370e+02  3.230957e+02  5.829579e+02 
 5.028087e-01  9.452715e+01  2.079346e+02  3.175079e+02  5.746127e+02 
 5.098176e-01  9.263174e+01  2.043937e+02  3.124165e+02  5.646465e+02 
 5.169242e-01  9.089480e+01  2.010688e+02  3.078555e+02  5.584092e+02 
 5.241298e-01  8.783414e+01  1.957180e+02  3.011726e+02  5.500047e+02 
 5.314359e-01  8.620841e+01  1.932471e+02  2.978405e+02  5.444011e+02 
 5.388438e-01  8.431996e+01  1.888985e+02  2.912630e+02  5.342057e+02 
 5.463550e-01  8.271026e+01  1.857301e+02  2.865322e+02  5.261294e+02 
 5.539709e-01  8.037946e+01  1.814953e+02  2.811048e+02  5.176859e+02 
 5.616930e-01  7.884240e+01  1.784722e+02  2.767865e+02  5.111201e+02 
 5.695227e-01  7.716283e+01  1.756161e+02  2.732515e+02  5.040003e+02 
 5.774615e-01  7.531504e+01  1.713221e+02  2.667481e+02  4.943335e+02 
 5.855110e-01  7.386119e+01  1.686404e+02  2.626819e+02  4.872040e+02 
 5.936727e-01  7.207809e+01  1.645076e+02  2.567947e+02  4.781901e+02 
 6.019482e-01  7.074591e+01  1.623894e+02  2.534277e+02  4.719135e+02 
 6.103390e-01  6.897500e+01  1.592947e+02  2.494444e+02  4.649769e+02 
 6.188468e-01  6.736625e+01  1.564821e+02  2.467276e+02  4.629831e+02 
 6.274732e-01  6.614551e+01  1.533835e+02  2.413496e+02  4.539567e+02 
 6.362198e-01  6.469537e+01  1.508827e+02  2.377819e+02  4.470114e+02 
 6.450884e-01  6.308296e+01  1.479138e+02  2.336272e+02  4.397052e+02 
 6.540806e-01  6.169395e+01  1.445758e+02  2.285202e+02  4.320113e+02 
 6.631981e-01  6.021714e+01  1.420969e+02  2.257753e+02  4.273840e+02 
 6.724427e-01  5.897890e+01  1.394294e+02  2.219689e+02  4.225271e+02 
 6.818162e-01  5.759942e+01  1.367684e+02  2.173523e+02  4.137743e+02 
 6.913204e-01  5.627590e+01  1.340326e+02  2.137875e+02  4.077325e+02 
 7.009570e-01  5.540766e+01  1.318786e+02  2.105763e+02  4.021714e+02 
 7.107280e-01  5.387938e+01  1.294590e+02  2.072479e+02  3.956152e+02 
 7.206351e-01  5.297450e+01  1.272845e+02  2.042652e+02  3.919177e+02 
 7.306804e-01  5.181470e+01  1.252340e+02  2.009126e+02  3.847456e+02 
 7.408657e-01  5.059696e+01  1.226171e+02  1.971322e+02  3.795141e+02 
 7.511929e-01  4.945705e+01  1.202117e+02  1.940110e+02  3.742132e+02 
 7.616642e-01  4.844689e+01  1.178976e+02  1.906702e+02  3.690630e+02 
 7.722814e-01  4.771531e+01  1.166033e+02  1.884821e+02  3.638765e+02 
 7.830465e-01  4.666062e+01  1.142296e+02  1.850692e+02  3.589609e+02 
 7.939618e-01  4.572038e+01  1.126294e+02  1.825436e+02  3.547863e+02 
 8.050292e-01  4.464557e+01  1.103537e+02  1.798633e+02  3.501172e+02 
 8.162509e-01  4.378357e+01  1.086370e+02  1.768081e+02  3.437859e+02 
 8.276289e-01  4.265861e+01  1.063237e+02  1.737162e+02  3.391955e+02 
 8.391656e-01  4.203843e+01  1.049636e+02  1.710916e+02  3.349959e+02 
 8.508632e-01  4.121958e+01  1.030447e+02  1.686373e+02  3.304359e+02 
 8.627237e-01  4.023517e+01  1.012456e+02  1.659325e+02  3.249853e+02 
 8.747496e-01  3.943939e+01  9.937846e+01  1.632901e+02  3.205457e+02 
 8.869432e-01  3.868458e+01  9.785210e+01  1.609445e+02  3.164586e+02 
 8.993067e-01  3.782930e+01  9.617206e+01  1.583858e+02  3.116325e+02 
 9.118425e-01  3.719336e+01  9.442359e+01  1.555913e+02  3.060285e+02 
 9.245531e-01  3.631365e+01  9.275246e+01  1.530227e+02  3.023214e+02 
 9.374409e-01  3.554957e+01  9.117704e+01  1.508826e+02  2.982704e+02 
 9.505083e-01  3.489419e+01  8.960986e+01  1.485451e+02  2.938327e+02 
 9.637579e-01  3.409736e+01  8.781367e+01  1.458097e+02  2.893781e+02 
 9.771921e-01  3.355963e+01  8.718370e+01  1.443547e+02  2.854377e+02 
 9.908137e-01  3.285576e+01  8.543319e+01  1.418448e+02  2.814677e+02 
 1.004625e+00  3.216541e+01  8.375491e+01  1.392993e+02  2.766720e+02 
 1.018629e+00  3.157814e+01  8.250700e+01  1.372610e+02  2.724936e+02 
 1.032828e+00  3.090307e+01  8.106753e+01  1.353185e+02  2.693601e+02 
 1.047225e+00  3.023959e+01  7.979059e+01  1.330670e+02  2.646003e+02 
 1.061823e+00  2.970805e+01  7.863274e+01  1.311713e+02  2.608381e+02 
 1.076624e+00  2.909783e+01  7.729232e+01  1.291315e+02  2.568739e+02 
 1.091632e+00  2.856729e+01  7.594258e+01  1.272272e+02  2.528524e+02 
 1.106848e+00  2.796109e+01  7.454477e+01  1.251291e+02  2.492499e+02 
 1.122277e+00  2.740894e+01  7.344177e+01  1.230209e+02  2.450398e+02 
 1.137921e+00  2.685832e+01  7.208507e+01  1.210359e+02  2.413162e+02 
 1.153783e+00  2.636971e+01  7.091513e+01  1.191788e+02  2.378024e+02 
 1.169866e+00  2.587625e+01  6.981037e+01  1.173200e+02  2.344799e+02 
 1.186174e+00  2.535368e+01  6.872943e+01  1.155024e+02  2.306580e+02 
 1.202708e+00  2.489066e+01  6.758387e+01  1.137631e+02  2.272006e+02 
 1.219473e+00  2.443444e+01  6.652170e+01  1.121144e+02  2.233496e+02 
 1.236472e+00  2.395592e+01  6.545447e+01  1.104420e+02  2.201310e+02 
 1.253708e+00  2.351659e+01  6.435692e+01  1.084923e+02  2.166623e+02 
 1.271184e+00  2.308193e+01  6.352569e+01  1.071640e+02  2.133291e+02 
 1.288904e+00  2.264153e+01  6.225176e+01  1.052016e+02  2.101677e+02 
 1.306870e+00  2.219696e+01  6.123203e+01  1.035054e+02  2.065444e+02 
 1.325087e+00  2.181683e+01  6.028044e+01  1.019528e+02  2.030403e+02 
 1.343558e+00  2.140905e+01  5.926913e+01  1.002975e+02  1.997801e+02 
 1.362287e+00  2.102678e+01  5.826926e+01  9.856765e+01  1.963875e+02 
 1.381276e+00  2.062203e+01  5.734811e+01  9.680206e+01  1.930550e+02 
 1.400531e+00  2.025228e+01  5.640870e+01  9.531737e+01  1.896648e+02 
 1.420053e+00  1.986414e+01  5.539123e+01  9.381398e+01  1.863793e+02 
 1.439848e+00  1.950617e+01  5.455768e+01  9.217028e+01  1.833057e+02 
 1.459919e+00  1.912687e+01  5.363311e+01  9.065352e+01  1.799780e+02 
 1.480269e+00  1.882272e+01  5.265943e+01  8.902759e+01  1.765618e+02 
 1.500903e+00  1.847375e+01  5.183342e+01  8.751662e+01  1.738226e+02 
 1.521825e+00  1.812726e+01  5.102001e+01  8.615001e+01  1.706544e+02 
 1.543038e+00  1.778849e+01  5.015006e+01  8.475708e+01  1.678521e+02 
 1.564548e+00  1.749351e+01  4.932121e+01  8.329755e+01  1.647181e+02 
 1.586357e+00  1.717981e+01  4.854115e+01  8.189325e+01  1.617158e+02 
 1.608469e+00  1.685106e+01  4.772819e+01  8.047913e+01  1.589430e+02 
 1.630891e+00  1.660097e+01  4.684842e+01  7.892281e+01  1.557174e+02 
 1.653624e+00  1.627791e+01  4.603761e+01  7.763435e+01  1.531005e+02 
 1.676675e+00  1.598114e+01  4.532760e+01  7.632947e+01  1.501098e+02 
 1.700047e+00  1.569089e+01  4.456158e+01  7.496842e+01  1.473668e+02 
 1.723745e+00  1.543143e+01  4.376574e+01  7.363809e+01  1.443931e+02 
 1.747773e+00  1.513443e+01  4.298558e+01  7.227971e+01  1.415963e+02 
 1.772136e+00  1.486684e+01  4.225794e+01  7.094623e+01  1.389902e+02 
 1.796838e+00  1.461147e+01  4.150850e+01  6.966369e+01  1.362440e+02 
 1.821885e+00  1.437842e+01  4.078226e+01  6.835497e+01  1.336420e+02 
 1.847281e+00  1.411064e+01  4.012453e+01  6.718939e+01  1.310376e+02 
 1.873032e+00  1.386758e+01  3.940465e+01  6.582448e+01  1.284946e+02 
 1.899141e+00  1.362317e+01  3.866720e+01  6.463812e+01  1.259393e+02 
 1.925614e+00  1.339611e+01  3.800332e+01  6.346236e+01  1.233312e+02 
 1.952456e+00  1.319799e+01  3.737148e+01  6.231320e+01  1.208435e+02 
 1.979672e+00  1.293794e+01  3.673363e+01  6.113899e+01  1.184151e+02 
 2.007267e+00  1.272917e+01  3.606731e+01  5.988929e+01  1.160698e+02 
 2.035248e+00  1.249499e+01  3.538127e+01  5.872355e+01  1.135779e+02 
 2.063618e+00  1.227564e+01  3.471401e+01  5.757022e+01  1.111627e+02 
 2.092383e+00  1.207004e+01  3.407711e+01  5.640999e+01  1.088048e+02 
 2.121550e+00  1.185063e+01  3.342902e+01  5.529028e+01  1.064957e+02 
 2.151123e+00  1.164830e+01  3.281810e+01  5.415763e+01  1.041391e+02 
 2.181109e+00  1.144175e+01  3.217204e+01  5.306999e+01  1.019374e+02 
 2.211512e+00  1.124638e+01  3.154642e+01  5.194789e+01  9.962704e+01 
 2.242340e+00  1.105042e+01  3.097422e+01  5.091285e+01  9.747463e+01 
 2.273597e+00  1.084677e+01  3.038045e+01  4.981966e+01  9.531098e+01 
 2.305289e+00  1.067106e+01  2.978540e+01  4.880397e+01  9.321882e+01 
 2.337424e+00  1.048789e+01  2.919800e+01  4.776443e+01  9.117167e+01 
 2.370006e+00  1.030171e+01  2.862877e+01  4.677031e+01  8.916923e+01 
 2.403043e+00  1.011160e+01  2.807300e+01  4.575509e+01  8.712843e+01 
 2.436540e+00  9.943163e+00  2.753185e+01  4.479153e+01  8.514191e+01 
 2.470504e+00  9.769566e+00  2.698700e+01  4.381142e+01  8.319209e+01 
 2.504942e+00  9.599947e+00  2.645923e+01  4.287851e+01  8.130748e+01 
 2.539859e+00  9.438103e+00  2.591379e+01  4.192599e+01  7.937768e+01 
 2.575263e+00  9.263171e+00  2.537015e+01  4.103070e+01  7.757594e+01 
 2.611161e+00  9.105221e+00  2.486021e+01  4.008651e+01  7.575509e+01 
 2.647559e+00  8.944179e+00  2.434262e+01  3.917409e+01  7.393001e+01 
 2.684465e+00  8.784915e+00  2.385222e+01  3.828960e+01  7.217242e+01 
 2.721885e+00  8.621564e+00  2.332598e+01  3.742032e+01  7.045258e+01 
 2.759826e+00  8.468926e+00  2.282444e+01  3.655187e+01  6.875958e+01 
 2.798297e+00  8.314126e+00  2.234653e+01  3.570798e+01  6.713728e+01 
 2.837304e+00  8.165207e+00  2.186368e+01  3.488073e+01  6.551809e+01 
 2.876854e+00  8.016102e+00  2.138606e+01  3.406890e+01  6.394286e+01 
 2.916956e+00  7.872148e+00  2.093121e+01  3.327564e+01  6.235914e+01 
 2.957617e+00  7.731582e+00  2.048040e+01  3.250942e+01  6.085037e+01 
 2.998844e+00  7.590921e+00  2.003842e+01  3.174375e+01  5.936113e+01 
 3.040646e+00  7.452578e+00  1.959598e+01  3.098398e+01  5.794455e+01 
 3.083031e+00  7.317365e+00  1.915757e+01  3.025017e+01  5.651728e+01 
 3.126007e+00  7.185000e+00  1.874230e+01  2.953035e+01  5.511296e+01 
 3.169582e+00  7.051576e+00  1.831166e+01  2.880148e+01  5.374456e+01 
 3.213764e+00  6.920172e+00  1.789850e+01  2.810438e+01  5.240546e+01 
 3.258562e+00  6.788769e+00  1.749786e+01  2.742009e+01  5.108938e+01 
 3.303985e+00  6.661089e+00  1.708796e+01  2.674189e+01  4.980287e+01 
 3.350041e+00  6.536277e+00  1.668766e+01  2.607780e+01  4.853970e+01 
 3.396739e+00  6.409755e+00  1.629879e+01  2.543638e+01  4.729719e+01 
 3.444087e+00  6.287787e+00  1.591407e+01  2.478651e+01  4.609050e+01 
 3.492096e+00  6.167988e+00  1.554277e+01  2.417506e+01  4.492843e+01 
 3.540774e+00  6.045175e+00  1.517718e+01  2.357253e+01  4.378279e+01 
 3.590130e+00  5.929811e+00  1.481574e+01  2.297464e+01  4.267411e+01 
 3.640175e+00  5.815605e+00  1.446466e+01  2.240592e+01  4.158776e+01 
 3.690917e+00  5.700590e+00  1.412794e+01  2.182901e+01  4.052094e+01 
 3.742366e+00  5.589185e+00  1.378221e+01  2.128331e+01  3.949734e+01 
 3.794533e+00  5.480910e+00  1.345592e+01  2.074717e+01  3.848335e+01 
 3.847427e+00  5.371879e+00  1.312940e+01  2.021764e+01  3.750563e+01 
 3.901058e+00  5.263417e+00  1.281164e+01  1.970442e+01  3.653305e+01 
 3.955436e+00  5.161191e+00  1.249948e+01  1.919145e+01  3.558165e+01 
 4.010573e+00  5.054255e+00  1.219082e+01  1.870179e+01  3.466877e+01 
 4.066478e+00  4.950743e+00  1.188577e+01  1.821413e+01  3.375835e+01 
 4.123163e+00  4.848301e+00  1.159330e+01  1.773928e+01  3.287281e+01 
 4.180637e+00  4.749508e+00  1.130630e+01  1.727945e+01  3.200883e+01 
 4.238913e+00  4.650496e+00  1.102007e+01  1.682548e+01  3.117442e+01 
 4.298001e+00  4.551313e+00  1.074284e+01  1.638797e+01  3.035331e+01 
 4.357913e+00  4.458232e+00  1.047143e+01  1.596053e+01  2.956392e+01 
 4.418660e+00  4.363902e+00  1.021048e+01  1.554087e+01  2.879536e+01 
 4.480254e+00  4.270755e+00  9.952406e+00  1.513463e+01  2.804083e+01 
 4.542706e+00  4.181198e+00  9.699909e+00  1.473798e+01  2.730890e+01 
 4.606029e+00  4.091852e+00  9.457551e+00  1.435378e+01  2.660180e+01 
 4.670234e+00  4.004067e+00  9.218345e+00  1.398472e+01  2.591320e+01 
 4.735335e+00  3.918737e+00  8.986314e+00  1.361982e+01  2.523775e+01 
 4.801343e+00  3.835676e+00  8.760648e+00  1.326525e+01  2.457534e+01 
 4.868271e+00  3.752019e+00  8.536563e+00  1.291635e+01  2.393104e+01 
 4.936132e+00  3.670229e+00  8.317243e+00  1.257559e+01  2.330114e+01 
 5.004939e+00  3.588895e+00  8.103613e+00  1.224352e+01  2.268409e+01 
 5.074705e+00  3.508696e+00  7.894677e+00  1.191781e+01  2.208519e+01 
 5.145444e+00  3.431175e+00  7.690581e+00  1.160184e+01  2.149903e+01 
 5.217169e+00  3.353485e+00  7.490186e+00  1.129308e+01  2.092445e+01 
 5.289893e+00  3.279111e+00  7.296371e+00  1.099583e+01  2.037254e+01 
 5.363631e+00  3.204259e+00  7.107017e+00  1.070211e+01  1.983113e+01 
 5.438397e+00  3.132080e+00  6.922023e+00  1.041910e+01  1.930329e+01 
 5.514206e+00  3.061052e+00  6.742731e+00  1.014331e+01  1.879326e+01 
 5.591071e+00  2.990657e+00  6.568839e+00  9.875430e+00  1.829630e+01 
 5.669007e+00  2.923375e+00  6.399190e+00  9.615988e+00  1.781709e+01 
 5.748030e+00  2.856631e+00  6.233963e+00  9.362647e+00  1.734613e+01 
 5.828155e+00  2.791409e+00  6.073572e+00  9.117509e+00  1.689040e+01 
 5.909396e+00  2.727487e+00  5.916941e+00  8.878567e+00  1.644815e+01 
 5.991770e+00  2.664550e+00  5.763868e+00  8.644389e+00  1.601585e+01 
 6.075292e+00  2.602885e+00  5.614791e+00  8.417146e+00  1.558953e+01 
 6.159978e+00  2.542091e+00  5.468218e+00  8.194363e+00  1.517645e+01 
 6.245845e+00  2.482637e+00  5.325543e+00  7.977392e+00  1.477203e+01 
 6.332908e+00  2.423923e+00  5.185715e+00  7.764676e+00  1.437576e+01 
 6.421186e+00  2.366735e+00  5.050015e+00  7.557442e+00  1.399029e+01 
 6.510694e+00  2.310470e+00  4.917519e+00  7.356440e+00  1.361570e+01 
 6.601449e+00  2.255865e+00  4.788853e+00  7.160742e+00  1.325042e+01 
 6.693470e+00  2.201879e+00  4.663251e+00  6.969729e+00  1.289478e+01 
 6.786773e+00  2.149535e+00  4.541127e+00  6.784156e+00  1.255042e+01 
 6.881377e+00  2.098500e+00  4.422720e+00  6.604421e+00  1.221428e+01 
 6.977300e+00  2.048515e+00  4.307838e+00  6.430813e+00  1.188826e+01 
 7.074559e+00  2.000097e+00  4.195912e+00  6.260751e+00  1.157102e+01 
 7.173175e+00  1.952492e+00  4.087490e+00  6.095787e+00  1.126385e+01 
 7.273165e+00  1.906364e+00  3.981912e+00  5.936075e+00  1.096504e+01 
 7.374549e+00  1.860937e+00  3.878782e+00  5.780039e+00  1.067443e+01 
 7.477346e+00  1.816515e+00  3.778602e+00  5.628671e+00  1.038969e+01 
 7.581576e+00  1.773209e+00  3.680152e+00  5.479696e+00  1.011171e+01 
 7.687260e+00  1.730544e+00  3.584423e+00  5.334627e+00  9.840470e+00 
 7.794416e+00  1.688804e+00  3.491046e+00  5.192246e+00  9.574743e+00 
 7.903066e+00  1.648055e+00  3.399207e+00  5.053432e+00  9.314993e+00 
 8.013230e+00  1.608135e+00  3.310417e+00  4.919118e+00  9.062758e+00 
 8.124930e+00  1.569107e+00  3.223691e+00  4.787851e+00  8.816495e+00 
 8.238187e+00  1.531240e+00  3.139274e+00  4.659910e+00  8.576840e+00 
 8.353023e+00  1.494140e+00  3.057226e+00  4.535577e+00  8.343636e+00 
 8.469460e+00  1.458114e+00  2.977593e+00  4.415116e+00  8.117604e+00 
 8.587519e+00  1.423082e+00  2.900057e+00  4.297785e+00  7.897749e+00 
 8.707225e+00  1.389089e+00  2.824724e+00  4.184138e+00  7.684421e+00 
 8.828599e+00  1.355720e+00  2.751900e+00  4.073871e+00  7.477044e+00 
 8.951665e+00  1.323250e+00  2.681192e+00  3.966471e+00  7.276345e+00 
 9.076446e+00  1.291840e+00  2.612263e+00  3.862453e+00  7.080947e+00 
 9.202967e+00  1.261104e+00  2.545206e+00  3.761285e+00  6.890694e+00 
 9.331251e+00  1.231064e+00  2.479775e+00  3.662286e+00  6.705241e+00 
 9.461324e+00  0.000000e+00  0.000000e+00  0.000000e+00  0.000000e+00 
 9.593209e+00  0.000000e+00  0.000000e+00  0.000000e+00  0.000000e+00 
 9.726934e+00  0.000000e+00  0.000000e+00  0.000000e+00  0.000000e+00 
 9.862522e+00  0.000000e+00  0.000000e+00  0.000000e+00  0.000000e+00 
 1.000000e+01  0.000000e+00  0.000000e+00  0.000000e+00  0.000000e+00 
