 1.000000e-02  5.833998e+03  1.087903e+04  1.493090e+04  2.277345e+04 
 1.013939e-02  5.864473e+03  1.093569e+04  1.500852e+04  2.289146e+04 
 1.028073e-02  5.894439e+03  1.099140e+04  1.508482e+04  2.300744e+04 
 1.042404e-02  5.923875e+03  1.104610e+04  1.515975e+04  2.312132e+04 
 1.056935e-02  5.952760e+03  1.109978e+04  1.523325e+04  2.323297e+04 
 1.071668e-02  5.981077e+03  1.115238e+04  1.530528e+04  2.334239e+04 
 1.086606e-02  6.008800e+03  1.120389e+04  1.537580e+04  2.344950e+04 
 1.101753e-02  6.035921e+03  1.125425e+04  1.544476e+04  2.355419e+04 
 1.117111e-02  6.062409e+03  1.130344e+04  1.551207e+04  2.365638e+04 
 1.132683e-02  6.088243e+03  1.135139e+04  1.557771e+04  2.375599e+04 
 1.148472e-02  6.113394e+03  1.139808e+04  1.564159e+04  2.385292e+04 
 1.164481e-02  6.137851e+03  1.144346e+04  1.570367e+04  2.394707e+04 
 1.180713e-02  6.161586e+03  1.148748e+04  1.576388e+04  2.403839e+04 
 1.197171e-02  6.184580e+03  1.153012e+04  1.582219e+04  2.412677e+04 
 1.213859e-02  6.206810e+03  1.157132e+04  1.587854e+04  2.421214e+04 
 1.230780e-02  6.228243e+03  1.161103e+04  1.593282e+04  2.429435e+04 
 1.247936e-02  6.248858e+03  1.164922e+04  1.598502e+04  2.437336e+04 
 1.265332e-02  6.268648e+03  1.168586e+04  1.603506e+04  2.444910e+04 
 1.282970e-02  6.287585e+03  1.172090e+04  1.608293e+04  2.452148e+04 
 1.300854e-02  6.305644e+03  1.175430e+04  1.612853e+04  2.459040e+04 
 1.318987e-02  6.322806e+03  1.178602e+04  1.617181e+04  2.465577e+04 
 1.337373e-02  6.339051e+03  1.181602e+04  1.621274e+04  2.471753e+04 
 1.356015e-02  6.354345e+03  1.184426e+04  1.625124e+04  2.477558e+04 
 1.374917e-02  6.368687e+03  1.187070e+04  1.628726e+04  2.482984e+04 
 1.394083e-02  6.382036e+03  1.189528e+04  1.632075e+04  2.488021e+04 
 1.413516e-02  6.394383e+03  1.191800e+04  1.635165e+04  2.492663e+04 
 1.433219e-02  6.405688e+03  1.193876e+04  1.637987e+04  2.496895e+04 
 1.453198e-02  6.415935e+03  1.195755e+04  1.640538e+04  2.500711e+04 
 1.473454e-02  6.425090e+03  1.197429e+04  1.642808e+04  2.504098e+04 
 1.493993e-02  6.433144e+03  1.198897e+04  1.644793e+04  2.507051e+04 
 1.514819e-02  6.440092e+03  1.200162e+04  1.646502e+04  2.509582e+04 
 1.535935e-02  6.445908e+03  1.201215e+04  1.647921e+04  2.511670e+04 
 1.557345e-02  6.450550e+03  1.202049e+04  1.649038e+04  2.513298e+04 
 1.579053e-02  6.454001e+03  1.202659e+04  1.649847e+04  2.514457e+04 
 1.601064e-02  6.456235e+03  1.203044e+04  1.650348e+04  2.515141e+04 
 1.623382e-02  6.457241e+03  1.203199e+04  1.650531e+04  2.515342e+04 
 1.646012e-02  6.456997e+03  1.203119e+04  1.650392e+04  2.515052e+04 
 1.668956e-02  6.455488e+03  1.202805e+04  1.649930e+04  2.514268e+04 
 1.692220e-02  6.452698e+03  1.202251e+04  1.649140e+04  2.512979e+04 
 1.715809e-02  6.448613e+03  1.201454e+04  1.648018e+04  2.511185e+04 
 1.739726e-02  6.443211e+03  1.200413e+04  1.646558e+04  2.508875e+04 
 1.763977e-02  6.436472e+03  1.199121e+04  1.644755e+04  2.506042e+04 
 1.788566e-02  6.428383e+03  1.197577e+04  1.642606e+04  2.502679e+04 
 1.813498e-02  6.418916e+03  1.195777e+04  1.640103e+04  2.498778e+04 
 1.838777e-02  6.408061e+03  1.193716e+04  1.637246e+04  2.494333e+04 
 1.864409e-02  6.395795e+03  1.191394e+04  1.634026e+04  2.489337e+04 
 1.890397e-02  6.382118e+03  1.188808e+04  1.630445e+04  2.483788e+04 
 1.916748e-02  6.367009e+03  1.185953e+04  1.626497e+04  2.477679e+04 
 1.943467e-02  6.350459e+03  1.182831e+04  1.622180e+04  2.471007e+04 
 1.970558e-02  6.332453e+03  1.179437e+04  1.617490e+04  2.463767e+04 
 1.998026e-02  6.312998e+03  1.175772e+04  1.612429e+04  2.455960e+04 
 2.025878e-02  6.292084e+03  1.171836e+04  1.606994e+04  2.447584e+04 
 2.054117e-02  6.269714e+03  1.167628e+04  1.601189e+04  2.438639e+04 
 2.082751e-02  6.245881e+03  1.163148e+04  1.595008e+04  2.429124e+04 
 2.111783e-02  6.220596e+03  1.158396e+04  1.588455e+04  2.419040e+04 
 2.141220e-02  6.193948e+03  1.153388e+04  1.581545e+04  2.408404e+04 
 2.171068e-02  6.166476e+03  1.148199e+04  1.574362e+04  2.397280e+04 
 2.201331e-02  6.137560e+03  1.142742e+04  1.566811e+04  2.385593e+04 
 2.232016e-02  6.107199e+03  1.137016e+04  1.558889e+04  2.373342e+04 
 2.263130e-02  6.075390e+03  1.131018e+04  1.550596e+04  2.360526e+04 
 2.294676e-02  6.042144e+03  1.124754e+04  1.541938e+04  2.347151e+04 
 2.326663e-02  6.007479e+03  1.118225e+04  1.532916e+04  2.333223e+04 
 2.359095e-02  5.971395e+03  1.111432e+04  1.523532e+04  2.318744e+04 
 2.391980e-02  5.933907e+03  1.104377e+04  1.513788e+04  2.303716e+04 
 2.425323e-02  5.895030e+03  1.097063e+04  1.503690e+04  2.288149e+04 
 2.459130e-02  5.854789e+03  1.089495e+04  1.493245e+04  2.272054e+04 
 2.493409e-02  5.813209e+03  1.081679e+04  1.482459e+04  2.255441e+04 
 2.528166e-02  5.770323e+03  1.073621e+04  1.471340e+04  2.238320e+04 
 2.563407e-02  5.726167e+03  1.065325e+04  1.459897e+04  2.220706e+04 
 2.599140e-02  5.680785e+03  1.056801e+04  1.448140e+04  2.202617e+04 
 2.635371e-02  5.634214e+03  1.048057e+04  1.436082e+04  2.184069e+04 
 2.672106e-02  5.586515e+03  1.039103e+04  1.423737e+04  2.165086e+04 
 2.709354e-02  5.537732e+03  1.029948e+04  1.411117e+04  2.145684e+04 
 2.747121e-02  5.487905e+03  1.020599e+04  1.398231e+04  2.125880e+04 
 2.785414e-02  5.436999e+03  1.011051e+04  1.385075e+04  2.105672e+04 
 2.824241e-02  5.384760e+03  1.001268e+04  1.371611e+04  2.085025e+04 
 2.863610e-02  5.331571e+03  9.913094e+03  1.357905e+04  2.064011e+04 
 2.903527e-02  5.277470e+03  9.811811e+03  1.343967e+04  2.042647e+04 
 2.944000e-02  5.222499e+03  9.708917e+03  1.329809e+04  2.020950e+04 
 2.985038e-02  5.166713e+03  9.604509e+03  1.315445e+04  1.998941e+04 
 3.026648e-02  5.110159e+03  9.498685e+03  1.300886e+04  1.976639e+04 
 3.068838e-02  5.052897e+03  9.391552e+03  1.286150e+04  1.954068e+04 
 3.111616e-02  4.994989e+03  9.283229e+03  1.271252e+04  1.931253e+04 
 3.154990e-02  4.936517e+03  9.173855e+03  1.256209e+04  1.908220e+04 
 3.198969e-02  4.877543e+03  9.063563e+03  1.241043e+04  1.885002e+04 
 3.243561e-02  4.818156e+03  8.952515e+03  1.225773e+04  1.861629e+04 
 3.288774e-02  4.758447e+03  8.840874e+03  1.210423e+04  1.838137e+04 
 3.334618e-02  4.698522e+03  8.728830e+03  1.195019e+04  1.814565e+04 
 3.381101e-02  4.638477e+03  8.616584e+03  1.179587e+04  1.790952e+04 
 3.428231e-02  4.578398e+03  8.504283e+03  1.164148e+04  1.767332e+04 
 3.476019e-02  4.518257e+03  8.392207e+03  1.148781e+04  1.743936e+04 
 3.524473e-02  4.458180e+03  8.280270e+03  1.133432e+04  1.720576e+04 
 3.573602e-02  4.398235e+03  8.168572e+03  1.118117e+04  1.697266e+04 
 3.623416e-02  4.338462e+03  8.057207e+03  1.102849e+04  1.674029e+04 
 3.673925e-02  4.278924e+03  7.946288e+03  1.087641e+04  1.650884e+04 
 3.725137e-02  4.219679e+03  7.835924e+03  1.072510e+04  1.627857e+04 
 3.777064e-02  4.160802e+03  7.726233e+03  1.057472e+04  1.604973e+04 
 3.829714e-02  4.102351e+03  7.617352e+03  1.042545e+04  1.582260e+04 
 3.883098e-02  4.044403e+03  7.509414e+03  1.027747e+04  1.559745e+04 
 3.937226e-02  3.987039e+03  7.402559e+03  1.013099e+04  1.537457e+04 
 3.992109e-02  3.930331e+03  7.296937e+03  9.986189e+03  1.515426e+04 
 4.047757e-02  3.874362e+03  7.192652e+03  9.843196e+03  1.493660e+04 
 4.104181e-02  3.819023e+03  7.088935e+03  9.700299e+03  1.471713e+04 
 4.161391e-02  3.764614e+03  6.986966e+03  9.559810e+03  1.450135e+04 
 4.219398e-02  3.711237e+03  6.886922e+03  9.421967e+03  1.428962e+04 
 4.278214e-02  3.658950e+03  6.788904e+03  9.286905e+03  1.408214e+04 
 4.337850e-02  3.607780e+03  6.692981e+03  9.154715e+03  1.387905e+04 
 4.398317e-02  3.557753e+03  6.599187e+03  9.025449e+03  1.368042e+04 
 4.459628e-02  3.508893e+03  6.507569e+03  8.899173e+03  1.348636e+04 
 4.521792e-02  3.461226e+03  6.418172e+03  8.775947e+03  1.329695e+04 
 4.584824e-02  3.414768e+03  6.331035e+03  8.655818e+03  1.311227e+04 
 4.648734e-02  3.369543e+03  6.246196e+03  8.538844e+03  1.293240e+04 
 4.713535e-02  3.325735e+03  6.164798e+03  8.427448e+03  1.276340e+04 
 4.779239e-02  3.283291e+03  6.086419e+03  8.320695e+03  1.260289e+04 
 4.845859e-02  3.242128e+03  6.010405e+03  8.217171e+03  1.244724e+04 
 4.913407e-02  3.202247e+03  5.936770e+03  8.116891e+03  1.229650e+04 
 4.981898e-02  3.163652e+03  5.865513e+03  8.019852e+03  1.215063e+04 
 5.051342e-02  3.126317e+03  5.796588e+03  7.926001e+03  1.200959e+04 
 5.121755e-02  3.090218e+03  5.729948e+03  7.835270e+03  1.187325e+04 
 5.193150e-02  3.055324e+03  5.665538e+03  7.747579e+03  1.174150e+04 
 5.265540e-02  3.021593e+03  5.603285e+03  7.662828e+03  1.161419e+04 
 5.338938e-02  2.988732e+03  5.542162e+03  7.579110e+03  1.148705e+04 
 5.413360e-02  2.956647e+03  5.481901e+03  7.495963e+03  1.135909e+04 
 5.488820e-02  2.925572e+03  5.423519e+03  7.415395e+03  1.123505e+04 
 5.565331e-02  2.895453e+03  5.366907e+03  7.337246e+03  1.111469e+04 
 5.642908e-02  2.866178e+03  5.311864e+03  7.261237e+03  1.099758e+04 
 5.721568e-02  2.837673e+03  5.258250e+03  7.187196e+03  1.088343e+04 
 5.801323e-02  2.809812e+03  5.205846e+03  7.114813e+03  1.077184e+04 
 5.882190e-02  2.782585e+03  5.154635e+03  7.044084e+03  1.066283e+04 
 5.964185e-02  2.755989e+03  5.104947e+03  6.975820e+03  1.055858e+04 
 6.047322e-02  2.730239e+03  5.057765e+03  6.911959e+03  1.046376e+04 
 6.131619e-02  2.704698e+03  5.010954e+03  6.848586e+03  1.036962e+04 
 6.217090e-02  2.679225e+03  4.964250e+03  6.785339e+03  1.027560e+04 
 6.303753e-02  2.653731e+03  4.917486e+03  6.721996e+03  1.018140e+04 
 6.391624e-02  2.628070e+03  4.870413e+03  6.658225e+03  1.008655e+04 
 6.480720e-02  2.602139e+03  4.822842e+03  6.593781e+03  9.990695e+03 
 6.571058e-02  2.575774e+03  4.774469e+03  6.528251e+03  9.893198e+03 
 6.662655e-02  2.547621e+03  4.720762e+03  6.453250e+03  9.775147e+03 
 6.755528e-02  2.518757e+03  4.665686e+03  6.376324e+03  9.654036e+03 
 6.849697e-02  2.489116e+03  4.609188e+03  6.297473e+03  9.530067e+03 
 6.945178e-02  2.458581e+03  4.551056e+03  6.216416e+03  9.402826e+03 
 7.041990e-02  2.427062e+03  4.491116e+03  6.132917e+03  9.271965e+03 
 7.140151e-02  2.394471e+03  4.429222e+03  6.046779e+03  9.137193e+03 
 7.239681e-02  2.360985e+03  4.365971e+03  5.959149e+03  9.001404e+03 
 7.340598e-02  2.326604e+03  4.301406e+03  5.870159e+03  8.865015e+03 
 7.442922e-02  2.290974e+03  4.234556e+03  5.778077e+03  8.724018e+03 
 7.546673e-02  2.254066e+03  4.165363e+03  5.682825e+03  8.578302e+03 
 7.651869e-02  2.215885e+03  4.093846e+03  5.584430e+03  8.427914e+03 
 7.758532e-02  2.176454e+03  4.020049e+03  5.482953e+03  8.272953e+03 
 7.866682e-02  2.136674e+03  3.946813e+03  5.383464e+03  8.124134e+03 
 7.976339e-02  2.097142e+03  3.875975e+03  5.289192e+03  7.988211e+03 
 8.087525e-02  2.056500e+03  3.803034e+03  5.191999e+03  7.847750e+03 
 8.200261e-02  2.014857e+03  3.728186e+03  5.092150e+03  7.703130e+03 
 8.314568e-02  1.972343e+03  3.651673e+03  4.989970e+03  7.554832e+03 
 8.430468e-02  1.929112e+03  3.573768e+03  4.885828e+03  7.403399e+03 
 8.547985e-02  1.884572e+03  3.492173e+03  4.775408e+03  7.239417e+03 
 8.667139e-02  1.839342e+03  3.408708e+03  4.661853e+03  7.069254e+03 
 8.787954e-02  1.793996e+03  3.325021e+03  4.547983e+03  6.898561e+03 
 8.910453e-02  1.748746e+03  3.241508e+03  4.434336e+03  6.728150e+03 
 9.034660e-02  1.703815e+03  3.158572e+03  4.321459e+03  6.558842e+03 
 9.160598e-02  1.660169e+03  3.079052e+03  4.214215e+03  6.400369e+03 
 9.288292e-02  1.617942e+03  3.003058e+03  4.112623e+03  6.252459e+03 
 9.417766e-02  1.576635e+03  2.928680e+03  4.013146e+03  6.107499e+03 
 9.549045e-02  1.536462e+03  2.856315e+03  3.916328e+03  5.966314e+03 
 9.682153e-02  1.497616e+03  2.786328e+03  3.822666e+03  5.829668e+03 
 9.817117e-02  1.460650e+03  2.720274e+03  3.734803e+03  5.702835e+03 
 9.953962e-02  1.425473e+03  2.657636e+03  3.651699e+03  5.583411e+03 
 1.009272e-01  1.392088e+03  2.598224e+03  3.572899e+03  5.470241e+03 
 1.023340e-01  1.360604e+03  2.542250e+03  3.498707e+03  5.363808e+03 
 1.037605e-01  1.330469e+03  2.487913e+03  3.425944e+03  5.257629e+03 
 1.052069e-01  1.300001e+03  2.429973e+03  3.345486e+03  5.133276e+03 
 1.066734e-01  1.271678e+03  2.376061e+03  3.270569e+03  5.017390e+03 
 1.081604e-01  1.245468e+03  2.326112e+03  3.201106e+03  4.909839e+03 
 1.096681e-01  1.221310e+03  2.280013e+03  3.136938e+03  4.810379e+03 
 1.111968e-01  1.199330e+03  2.238297e+03  3.078903e+03  4.719941e+03 
 1.127468e-01  1.179177e+03  2.200014e+03  3.025590e+03  4.636710e+03 
 1.143184e-01  1.160674e+03  2.164815e+03  2.976515e+03  4.559965e+03 
 1.159120e-01  1.143624e+03  2.132335e+03  2.931177e+03  4.488941e+03 
 1.175277e-01  1.128529e+03  2.104243e+03  2.892465e+03  4.429153e+03 
 1.191660e-01  1.114462e+03  2.078139e+03  2.856533e+03  4.373713e+03 
 1.208271e-01  1.101098e+03  2.053337e+03  2.822394e+03  4.321024e+03 
 1.225114e-01  1.088096e+03  2.029179e+03  2.789124e+03  4.269708e+03 
 1.242191e-01  1.074696e+03  2.003875e+03  2.754116e+03  4.215972e+03 
 1.259506e-01  1.061142e+03  1.978297e+03  2.718746e+03  4.161722e+03 
 1.277063e-01  1.047152e+03  1.951924e+03  2.682304e+03  4.105885e+03 
 1.294865e-01  1.032727e+03  1.924870e+03  2.644906e+03  4.048142e+03 
 1.312915e-01  1.017689e+03  1.896819e+03  2.606110e+03  3.987738e+03 
 1.331216e-01  1.001535e+03  1.866711e+03  2.564520e+03  3.923158e+03 
 1.349772e-01  9.841497e+02  1.834373e+03  2.519950e+03  3.854261e+03 
 1.368587e-01  9.665540e+02  1.803588e+03  2.479768e+03  3.798703e+03 
 1.387665e-01  9.475646e+02  1.770166e+03  2.435930e+03  3.737461e+03 
 1.407008e-01  9.272242e+02  1.734176e+03  2.388518e+03  3.670627e+03 
 1.426621e-01  9.065578e+02  1.697978e+03  2.340756e+03  3.602022e+03 
 1.446507e-01  8.850720e+02  1.660303e+03  2.290895e+03  3.529702e+03 
 1.466671e-01  8.626663e+02  1.620805e+03  2.238446e+03  3.453255e+03 
 1.487115e-01  8.377526e+02  1.574823e+03  2.175885e+03  3.359619e+03 
 1.507845e-01  8.113192e+02  1.524814e+03  2.106992e+03  3.255119e+03 
 1.528864e-01  7.850094e+02  1.475045e+03  2.038418e+03  3.151006e+03 
 1.550175e-01  7.611542e+02  1.432056e+03  1.980932e+03  3.067389e+03 
 1.571784e-01  7.393857e+02  1.394395e+03  1.931920e+03  2.999010e+03 
 1.593694e-01  7.185148e+02  1.358236e+03  1.884808e+03  2.933151e+03 
 1.615909e-01  6.994445e+02  1.325791e+03  1.842955e+03  2.875321e+03 
 1.638434e-01  6.820131e+02  1.296465e+03  1.805370e+03  2.823838e+03 
 1.661273e-01  6.660947e+02  1.269809e+03  1.771327e+03  2.777497e+03 
 1.684430e-01  6.487164e+02  1.237622e+03  1.727741e+03  2.713495e+03 
 1.707910e-01  6.327168e+02  1.207676e+03  1.686999e+03  2.653437e+03 
 1.731717e-01  6.188950e+02  1.182162e+03  1.652519e+03  2.602934e+03 
 1.755856e-01  6.085005e+02  1.164478e+03  1.629488e+03  2.569889e+03 
 1.780332e-01  5.994549e+02  1.149313e+03  1.609932e+03  2.542221e+03 
 1.805149e-01  5.896576e+02  1.130339e+03  1.583015e+03  2.498901e+03 
 1.830312e-01  5.796306e+02  1.109526e+03  1.552329e+03  2.447261e+03 
 1.855825e-01  5.702509e+02  1.090195e+03  1.524008e+03  2.400059e+03 
 1.881694e-01  5.614066e+02  1.073227e+03  1.500643e+03  2.364703e+03 
 1.907924e-01  5.524673e+02  1.056105e+03  1.477083e+03  2.329070e+03 
 1.934520e-01  5.424984e+02  1.036725e+03  1.450374e+03  2.289509e+03 
 1.961486e-01  5.316649e+02  1.015629e+03  1.421293e+03  2.246575e+03 
 1.988828e-01  5.211671e+02  9.959646e+02  1.394483e+03  2.206874e+03 
 2.016551e-01  5.114268e+02  9.788434e+02  1.371594e+03  2.172809e+03 
 2.044661e-01  5.005235e+02  9.592736e+02  1.345107e+03  2.132804e+03 
 2.073162e-01  4.879037e+02  9.350829e+02  1.311113e+03  2.079391e+03 
 2.102061e-01  4.745340e+02  9.094615e+02  1.275125e+03  2.022803e+03 
 2.131362e-01  4.646041e+02  8.949973e+02  1.258071e+03  2.000764e+03 
 2.161073e-01  4.544913e+02  8.802222e+02  1.240619e+03  1.978099e+03 
 2.191197e-01  4.415549e+02  8.578677e+02  1.211790e+03  1.939183e+03 
 2.221741e-01  4.283058e+02  8.343086e+02  1.180985e+03  1.897204e+03 
 2.252711e-01  4.163138e+02  8.140489e+02  1.154791e+03  1.862294e+03 
 2.284112e-01  4.053345e+02  7.953043e+02  1.131490e+03  1.831665e+03 
 2.315951e-01  3.957324e+02  7.784883e+02  1.108949e+03  1.797455e+03 
 2.348235e-01  3.873255e+02  7.635999e+02  1.088562e+03  1.765029e+03 
 2.380968e-01  3.779050e+02  7.452855e+02  1.062850e+03  1.725252e+03 
 2.414157e-01  3.690466e+02  7.277087e+02  1.038065e+03  1.687251e+03 
 2.447809e-01  3.604320e+02  7.108500e+02  1.014642e+03  1.651123e+03 
 2.481930e-01  3.525614e+02  6.955192e+02  9.934182e+02  1.618444e+03 
 2.516527e-01  3.480573e+02  6.877917e+02  9.828336e+02  1.601554e+03 
 2.551606e-01  3.427594e+02  6.780617e+02  9.693576e+02  1.580580e+03 
 2.587174e-01  3.343216e+02  6.607364e+02  9.449211e+02  1.543726e+03 
 2.623238e-01  3.272629e+02  6.472654e+02  9.264016e+02  1.516230e+03 
 2.659804e-01  3.216157e+02  6.378059e+02  9.140555e+02  1.498478e+03 
 2.696881e-01  3.137902e+02  6.232109e+02  8.941251e+02  1.467908e+03 
 2.734474e-01  3.050508e+02  6.066120e+02  8.712944e+02  1.432575e+03 
 2.772591e-01  2.983553e+02  5.955875e+02  8.575558e+02  1.414986e+03 
 2.811239e-01  2.910454e+02  5.828397e+02  8.412626e+02  1.394399e+03 
 2.850426e-01  2.832296e+02  5.684165e+02  8.224770e+02  1.371431e+03 
 2.890160e-01  2.760575e+02  5.563010e+02  8.068667e+02  1.348966e+03 
 2.930447e-01  2.693358e+02  5.447307e+02  7.913184e+02  1.324405e+03 
 2.971296e-01  2.630060e+02  5.323078e+02  7.725731e+02  1.291477e+03 
 3.012714e-01  2.573171e+02  5.224668e+02  7.594789e+02  1.271845e+03 
 3.054710e-01  2.519272e+02  5.132054e+02  7.482810e+02  1.257032e+03 
 3.097291e-01  2.456473e+02  5.018113e+02  7.328559e+02  1.235807e+03 
 3.140465e-01  2.400712e+02  4.903882e+02  7.161845e+02  1.207771e+03 
 3.184242e-01  2.352578e+02  4.805909e+02  7.018073e+02  1.183388e+03 
 3.228628e-01  2.315062e+02  4.742389e+02  6.937695e+02  1.173582e+03 
 3.273634e-01  2.261046e+02  4.630829e+02  6.774664e+02  1.146853e+03 
 3.319266e-01  2.204418e+02  4.518580e+02  6.617498e+02  1.122788e+03 
 3.365535e-01  2.149808e+02  4.419744e+02  6.489504e+02  1.105602e+03 
 3.412449e-01  2.111436e+02  4.368168e+02  6.427166e+02  1.095202e+03 
 3.460016e-01  2.068067e+02  4.296494e+02  6.333687e+02  1.081747e+03 
 3.508247e-01  2.024530e+02  4.218083e+02  6.227979e+02  1.066025e+03 
 3.557150e-01  1.981853e+02  4.138414e+02  6.119170e+02  1.049081e+03 
 3.606735e-01  1.933053e+02  4.050936e+02  6.003382e+02  1.032480e+03 
 3.657011e-01  1.875315e+02  3.940701e+02  5.851366e+02  1.011055e+03 
 3.707988e-01  1.829435e+02  3.852024e+02  5.729295e+02  9.926049e+02 
 3.759675e-01  1.788477e+02  3.772921e+02  5.619767e+02  9.759230e+02 
 3.812083e-01  1.747228e+02  3.697291e+02  5.516460e+02  9.605876e+02 
 3.865221e-01  1.712879e+02  3.646166e+02  5.456081e+02  9.500591e+02 
 3.919100e-01  1.677737e+02  3.562490e+02  5.327420e+02  9.323969e+02 
 3.973730e-01  1.637955e+02  3.495537e+02  5.242900e+02  9.185933e+02 
 4.029122e-01  1.605801e+02  3.444051e+02  5.170070e+02  9.047021e+02 
 4.085286e-01  1.573050e+02  3.372724e+02  5.066866e+02  8.897220e+02 
 4.142232e-01  1.532998e+02  3.290216e+02  4.957072e+02  8.759951e+02 
 4.199973e-01  1.493459e+02  3.221187e+02  4.868511e+02  8.626885e+02 
 4.258518e-01  1.461416e+02  3.160745e+02  4.781310e+02  8.471941e+02 
 4.317880e-01  1.427671e+02  3.093761e+02  4.681182e+02  8.315792e+02 
 4.378069e-01  1.398420e+02  3.035125e+02  4.596691e+02  8.172661e+02 
 4.439097e-01  1.374278e+02  2.997335e+02  4.551114e+02  8.130680e+02 
 4.500975e-01  1.336851e+02  2.926634e+02  4.453217e+02  7.982811e+02 
 4.563716e-01  1.305559e+02  2.861271e+02  4.356970e+02  7.806563e+02 
 4.627332e-01  1.285699e+02  2.833988e+02  4.328176e+02  7.780810e+02 
 4.691835e-01  1.252939e+02  2.767678e+02  4.231389e+02  7.614177e+02 
 4.757236e-01  1.229102e+02  2.720594e+02  4.166587e+02  7.513295e+02 
 4.823549e-01  1.196612e+02  2.653214e+02  4.070870e+02  7.383080e+02 
 4.890787e-01  1.170515e+02  2.601714e+02  4.000034e+02  7.268821e+02 
 4.958962e-01  1.150560e+02  2.562203e+02  3.937694e+02  7.151483e+02 
 5.028087e-01  1.124219e+02  2.515797e+02  3.874181e+02  7.056678e+02 
 5.098176e-01  1.102996e+02  2.476303e+02  3.815808e+02  6.938249e+02 
 5.169242e-01  1.083679e+02  2.439488e+02  3.766048e+02  6.870301e+02 
 5.241298e-01  1.048252e+02  2.378142e+02  3.689900e+02  6.775358e+02 
 5.314359e-01  1.029680e+02  2.349245e+02  3.649820e+02  6.708596e+02 
 5.388438e-01  1.007994e+02  2.299370e+02  3.574404e+02  6.592670e+02 
 5.463550e-01  9.897462e+01  2.262847e+02  3.519027e+02  6.498381e+02 
 5.539709e-01  9.629451e+01  2.215007e+02  3.457219e+02  6.399205e+02 
 5.616930e-01  9.453822e+01  2.180217e+02  3.407156e+02  6.321504e+02 
 5.695227e-01  9.262494e+01  2.148601e+02  3.367400e+02  6.234385e+02 
 5.774615e-01  9.049164e+01  2.098511e+02  3.292228e+02  6.125191e+02 
 5.855110e-01  8.883607e+01  2.067182e+02  3.243121e+02  6.040523e+02 
 5.936727e-01  8.677165e+01  2.018806e+02  3.175639e+02  5.937154e+02 
 6.019482e-01  8.528210e+01  1.995606e+02  3.136979e+02  5.864222e+02 
 6.103390e-01  8.324350e+01  1.960270e+02  3.090359e+02  5.778639e+02 
 6.188468e-01  8.135484e+01  1.928728e+02  3.062053e+02  5.757126e+02 
 6.274732e-01  7.997247e+01  1.892593e+02  2.999081e+02  5.653621e+02 
 6.362198e-01  7.832654e+01  1.863250e+02  2.955012e+02  5.565945e+02 
 6.450884e-01  7.646804e+01  1.829551e+02  2.907772e+02  5.481185e+02 
 6.540806e-01  7.486194e+01  1.790610e+02  2.848205e+02  5.394327e+02 
 6.631981e-01  7.318799e+01  1.764127e+02  2.819282e+02  5.339855e+02 
 6.724427e-01  7.177665e+01  1.733121e+02  2.775687e+02  5.286062e+02 
 6.818162e-01  7.020910e+01  1.701959e+02  2.719812e+02  5.181136e+02 
 6.913204e-01  6.868375e+01  1.670743e+02  2.679178e+02  5.109911e+02 
 7.009570e-01  6.769084e+01  1.645823e+02  2.642115e+02  5.043479e+02 
 7.107280e-01  6.592479e+01  1.617872e+02  2.602169e+02  4.963593e+02 
 7.206351e-01  6.488845e+01  1.592957e+02  2.568454e+02  4.921866e+02 
 7.306804e-01  6.354777e+01  1.568633e+02  2.527549e+02  4.834009e+02 
 7.408657e-01  6.211595e+01  1.537690e+02  2.482508e+02  4.771137e+02 
 7.511929e-01  6.077707e+01  1.509575e+02  2.445921e+02  4.705531e+02 
 7.616642e-01  5.957664e+01  1.482345e+02  2.406799e+02  4.645022e+02 
 7.722814e-01  5.875978e+01  1.466833e+02  2.379226e+02  4.577042e+02 
 7.830465e-01  5.750470e+01  1.438753e+02  2.339118e+02  4.516713e+02 
 7.939618e-01  5.640883e+01  1.419796e+02  2.308584e+02  4.470210e+02 
 8.050292e-01  5.514150e+01  1.393391e+02  2.277230e+02  4.411044e+02 
 8.162509e-01  5.415994e+01  1.372735e+02  2.238713e+02  4.333402e+02 
 8.276289e-01  5.282135e+01  1.345554e+02  2.202800e+02  4.278043e+02 
 8.391656e-01  5.213907e+01  1.329559e+02  2.171829e+02  4.230012e+02 
 8.508632e-01  5.116245e+01  1.306634e+02  2.142052e+02  4.172158e+02 
 8.627237e-01  5.001680e+01  1.285682e+02  2.109658e+02  4.105541e+02 
 8.747496e-01  4.907952e+01  1.263804e+02  2.078279e+02  4.050992e+02 
 8.869432e-01  4.820447e+01  1.245472e+02  2.049661e+02  3.998529e+02 
 8.993067e-01  4.721211e+01  1.225549e+02  2.018747e+02  3.940250e+02 
 9.118425e-01  4.645226e+01  1.204477e+02  1.984629e+02  3.870119e+02 
 9.245531e-01  4.542101e+01  1.184261e+02  1.953429e+02  3.826505e+02 
 9.374409e-01  4.453554e+01  1.166003e+02  1.928258e+02  3.775003e+02 
 9.505083e-01  4.377728e+01  1.147461e+02  1.899945e+02  3.720448e+02 
 9.637579e-01  4.282515e+01  1.125461e+02  1.866736e+02  3.666710e+02 
 9.771921e-01  4.224433e+01  1.118584e+02  1.848397e+02  3.616590e+02 
 9.908137e-01  4.141359e+01  1.097655e+02  1.818927e+02  3.569293e+02 
 1.004625e+00  4.059904e+01  1.077374e+02  1.787476e+02  3.508700e+02 
 1.018629e+00  3.990392e+01  1.062455e+02  1.762511e+02  3.457378e+02 
 1.032828e+00  3.912388e+01  1.045661e+02  1.739760e+02  3.420733e+02 
 1.047225e+00  3.835089e+01  1.030519e+02  1.711928e+02  3.361337e+02 
 1.061823e+00  3.773788e+01  1.016497e+02  1.688426e+02  3.312541e+02 
 1.076624e+00  3.701558e+01  1.000222e+02  1.663195e+02  3.262666e+02 
 1.091632e+00  3.637170e+01  9.841295e+01  1.639629e+02  3.212394e+02 
 1.106848e+00  3.565827e+01  9.670987e+01  1.614295e+02  3.167866e+02 
 1.122277e+00  3.500983e+01  9.534969e+01  1.587976e+02  3.115359e+02 
 1.137921e+00  3.435637e+01  9.370546e+01  1.563670e+02  3.068431e+02 
 1.153783e+00  3.378636e+01  9.224955e+01  1.540092e+02  3.023998e+02 
 1.169866e+00  3.316950e+01  9.086938e+01  1.516605e+02  2.980914e+02 
 1.186174e+00  3.254789e+01  8.954464e+01  1.494104e+02  2.932689e+02 
 1.202708e+00  3.200335e+01  8.813186e+01  1.471752e+02  2.887388e+02 
 1.219473e+00  3.144927e+01  8.681844e+01  1.450710e+02  2.838835e+02 
 1.236472e+00  3.087289e+01  8.550167e+01  1.429671e+02  2.797064e+02 
 1.253708e+00  3.035027e+01  8.412561e+01  1.405858e+02  2.754884e+02 
 1.271184e+00  2.982761e+01  8.313724e+01  1.388552e+02  2.710995e+02 
 1.288904e+00  2.930056e+01  8.153281e+01  1.364261e+02  2.671711e+02 
 1.306870e+00  2.875501e+01  8.027582e+01  1.343013e+02  2.626178e+02 
 1.325087e+00  2.830065e+01  7.908390e+01  1.322881e+02  2.581423e+02 
 1.343558e+00  2.781028e+01  7.782120e+01  1.301989e+02  2.539499e+02 
 1.362287e+00  2.735868e+01  7.655470e+01  1.279912e+02  2.497498e+02 
 1.381276e+00  2.687388e+01  7.537971e+01  1.257691e+02  2.455785e+02 
 1.400531e+00  2.642221e+01  7.420354e+01  1.238568e+02  2.411839e+02 
 1.420053e+00  2.594459e+01  7.294257e+01  1.219324e+02  2.370074e+02 
 1.439848e+00  2.551194e+01  7.186425e+01  1.198266e+02  2.330826e+02 
 1.459919e+00  2.504216e+01  7.068848e+01  1.178688e+02  2.288199e+02 
 1.480269e+00  2.467037e+01  6.944882e+01  1.158099e+02  2.244790e+02 
 1.500903e+00  2.423915e+01  6.837772e+01  1.138598e+02  2.210000e+02 
 1.521825e+00  2.381901e+01  6.736171e+01  1.120953e+02  2.169395e+02 
 1.543038e+00  2.340328e+01  6.625354e+01  1.103144e+02  2.133241e+02 
 1.564548e+00  2.304211e+01  6.518254e+01  1.084230e+02  2.093638e+02 
 1.586357e+00  2.265754e+01  6.419760e+01  1.066308e+02  2.055550e+02 
 1.608469e+00  2.225641e+01  6.317643e+01  1.048364e+02  2.020730e+02 
 1.630891e+00  2.194898e+01  6.203435e+01  1.028635e+02  1.980363e+02 
 1.653624e+00  2.154869e+01  6.100402e+01  1.012127e+02  1.947082e+02 
 1.676675e+00  2.118631e+01  6.010359e+01  9.951948e+01  1.908850e+02 
 1.700047e+00  2.082253e+01  5.910282e+01  9.775630e+01  1.873849e+02 
 1.723745e+00  2.048862e+01  5.807713e+01  9.601720e+01  1.835671e+02 
 1.747773e+00  2.012133e+01  5.706658e+01  9.426838e+01  1.800340e+02 
 1.772136e+00  1.978758e+01  5.610223e+01  9.253172e+01  1.767192e+02 
 1.796838e+00  1.946691e+01  5.513273e+01  9.087190e+01  1.732061e+02 
 1.821885e+00  1.916133e+01  5.417585e+01  8.916875e+01  1.698713e+02 
 1.847281e+00  1.883397e+01  5.332123e+01  8.763124e+01  1.665303e+02 
 1.873032e+00  1.852339e+01  5.234791e+01  8.586817e+01  1.633085e+02 
 1.899141e+00  1.820708e+01  5.139590e+01  8.432017e+01  1.600535e+02 
 1.925614e+00  1.791828e+01  5.052433e+01  8.277768e+01  1.567563e+02 
 1.952456e+00  1.767058e+01  4.968443e+01  8.125715e+01  1.535738e+02 
 1.979672e+00  1.733867e+01  4.884649e+01  7.973768e+01  1.505087e+02 
 2.007267e+00  1.707614e+01  4.796144e+01  7.812175e+01  1.475583e+02 
 2.035248e+00  1.677173e+01  4.707006e+01  7.660447e+01  1.444258e+02 
 2.063618e+00  1.649304e+01  4.619984e+01  7.513128e+01  1.413799e+02 
 2.092383e+00  1.622569e+01  4.536273e+01  7.362611e+01  1.384302e+02 
 2.121550e+00  1.594419e+01  4.450411e+01  7.216045e+01  1.354780e+02 
 2.151123e+00  1.568198e+01  4.368752e+01  7.068282e+01  1.325168e+02 
 2.181109e+00  1.541450e+01  4.284180e+01  6.927590e+01  1.297299e+02 
 2.211512e+00  1.515707e+01  4.200800e+01  6.781339e+01  1.268094e+02 
 2.242340e+00  1.490459e+01  4.123912e+01  6.645093e+01  1.240827e+02 
 2.273597e+00  1.463618e+01  4.044320e+01  6.501659e+01  1.213481e+02 
 2.305289e+00  1.440561e+01  3.965357e+01  6.369685e+01  1.187006e+02 
 2.337424e+00  1.416178e+01  3.887123e+01  6.233375e+01  1.161040e+02 
 2.370006e+00  1.391880e+01  3.811420e+01  6.104900e+01  1.136034e+02 
 2.403043e+00  1.367126e+01  3.736998e+01  5.972407e+01  1.110280e+02 
 2.436540e+00  1.344714e+01  3.664542e+01  5.846441e+01  1.085330e+02 
 2.470504e+00  1.321822e+01  3.592521e+01  5.719597e+01  1.060852e+02 
 2.504942e+00  1.299311e+01  3.522347e+01  5.598432e+01  1.037202e+02 
 2.539859e+00  1.277948e+01  3.450056e+01  5.475054e+01  1.013230e+02 
 2.575263e+00  1.254865e+01  3.378641e+01  5.359503e+01  9.905462e+01 
 2.611161e+00  1.233860e+01  3.309763e+01  5.236592e+01  9.677900e+01 
 2.647559e+00  1.212434e+01  3.240521e+01  5.117929e+01  9.449379e+01 
 2.684465e+00  1.191251e+01  3.175028e+01  5.002364e+01  9.228691e+01 
 2.721885e+00  1.169297e+01  3.104998e+01  4.889560e+01  9.011505e+01 
 2.759826e+00  1.148656e+01  3.037632e+01  4.776422e+01  8.798691e+01 
 2.798297e+00  1.127900e+01  2.973688e+01  4.666698e+01  8.594503e+01 
 2.837304e+00  1.107735e+01  2.908765e+01  4.558768e+01  8.389544e+01 
 2.876854e+00  1.087546e+01  2.844702e+01  4.452518e+01  8.190297e+01 
 2.916956e+00  1.067978e+01  2.783462e+01  4.348476e+01  7.994731e+01 
 2.957617e+00  1.048916e+01  2.723167e+01  4.248403e+01  7.801773e+01 
 2.998844e+00  1.029706e+01  2.663737e+01  4.148302e+01  7.613747e+01 
 3.040646e+00  1.010933e+01  2.604568e+01  4.050107e+01  7.435862e+01 
 3.083031e+00  9.925251e+00  2.546223e+01  3.954716e+01  7.256780e+01 
 3.126007e+00  9.746869e+00  2.490483e+01  3.861097e+01  7.080947e+01 
 3.169582e+00  9.565107e+00  2.433099e+01  3.767337e+01  6.909965e+01 
 3.213764e+00  9.386982e+00  2.378041e+01  3.676668e+01  6.741616e+01 
 3.258562e+00  9.207578e+00  2.324507e+01  3.587423e+01  6.576243e+01 
 3.303985e+00  9.032759e+00  2.269731e+01  3.499890e+01  6.414383e+01 
 3.350041e+00  8.862102e+00  2.216247e+01  3.412893e+01  6.254581e+01 
 3.396739e+00  8.687806e+00  2.164294e+01  3.329375e+01  6.097920e+01 
 3.444087e+00  8.521228e+00  2.112443e+01  3.245102e+01  5.945067e+01 
 3.492096e+00  8.355621e+00  2.062658e+01  3.165055e+01  5.797763e+01 
 3.540774e+00  8.187858e+00  2.013884e+01  3.086402e+01  5.652599e+01 
 3.590130e+00  8.027892e+00  1.965231e+01  3.008267e+01  5.511934e+01 
 3.640175e+00  7.871089e+00  1.918072e+01  2.933735e+01  5.373309e+01 
 3.690917e+00  7.711932e+00  1.872758e+01  2.858800e+01  5.238426e+01 
 3.742366e+00  7.557877e+00  1.826575e+01  2.787431e+01  5.108680e+01 
 3.794533e+00  7.408739e+00  1.783037e+01  2.717569e+01  4.979920e+01 
 3.847427e+00  7.259392e+00  1.739307e+01  2.648908e+01  4.856138e+01 
 3.901058e+00  7.110001e+00  1.697209e+01  2.582281e+01  4.733223e+01 
 3.955436e+00  6.969295e+00  1.655557e+01  2.515613e+01  4.612914e+01 
 4.010573e+00  6.822875e+00  1.614420e+01  2.451846e+01  4.496696e+01 
 4.066478e+00  6.680778e+00  1.573904e+01  2.388338e+01  4.380985e+01 
 4.123163e+00  6.539810e+00  1.534799e+01  2.326390e+01  4.268176e+01 
 4.180637e+00  6.403111e+00  1.496353e+01  2.266108e+01  4.157635e+01 
 4.238913e+00  6.266527e+00  1.458093e+01  2.206854e+01  4.050916e+01 
 4.298001e+00  6.129640e+00  1.421072e+01  2.149471e+01  3.945562e+01 
 4.357913e+00  6.001221e+00  1.384836e+01  2.093484e+01  3.844256e+01 
 4.418660e+00  5.870498e+00  1.349792e+01  2.038463e+01  3.745281e+01 
 4.480254e+00  5.741821e+00  1.315244e+01  1.985138e+01  3.648183e+01 
 4.542706e+00  5.617865e+00  1.281392e+01  1.932998e+01  3.553735e+01 
 4.606029e+00  5.494715e+00  1.248973e+01  1.882673e+01  3.462619e+01 
 4.670234e+00  5.373749e+00  1.217027e+01  1.834079e+01  3.373857e+01 
 4.735335e+00  5.256156e+00  1.186033e+01  1.786187e+01  3.286767e+01 
 4.801343e+00  5.141946e+00  1.155941e+01  1.739795e+01  3.201476e+01 
 4.868271e+00  5.027854e+00  1.126213e+01  1.694211e+01  3.118830e+01 
 4.936132e+00  4.915685e+00  1.097098e+01  1.649786e+01  3.037842e+01 
 5.004939e+00  4.804660e+00  1.068746e+01  1.606276e+01  2.958437e+01 
 5.074705e+00  4.694951e+00  1.040892e+01  1.563620e+01  2.881048e+01 
 5.145444e+00  4.588457e+00  1.013768e+01  1.522151e+01  2.805388e+01 
 5.217169e+00  4.482317e+00  9.870809e+00  1.481552e+01  2.730864e+01 
 5.289893e+00  4.380340e+00  9.612728e+00  1.442453e+01  2.659114e+01 
 5.363631e+00  4.277917e+00  9.360381e+00  1.403775e+01  2.588866e+01 
 5.438397e+00  4.179091e+00  9.113952e+00  1.366446e+01  2.520190e+01 
 5.514206e+00  4.081790e+00  8.874751e+00  1.330118e+01  2.453767e+01 
 5.591071e+00  3.985563e+00  8.643146e+00  1.294765e+01  2.389116e+01 
 5.669007e+00  3.893547e+00  8.416280e+00  1.260551e+01  2.326409e+01 
 5.748030e+00  3.802495e+00  8.196875e+00  1.227165e+01  2.265078e+01 
 5.828155e+00  3.713712e+00  7.983680e+00  1.194860e+01  2.205674e+01 
 5.909396e+00  3.626884e+00  7.775702e+00  1.163449e+01  2.148144e+01 
 5.991770e+00  3.541665e+00  7.572993e+00  1.132745e+01  2.091918e+01 
 6.075292e+00  3.458679e+00  7.376398e+00  1.102977e+01  2.036840e+01 
 6.159978e+00  3.376710e+00  7.183635e+00  1.073866e+01  1.983251e+01 
 6.245845e+00  3.296521e+00  6.995404e+00  1.045417e+01  1.930691e+01 
 6.332908e+00  3.217333e+00  6.810679e+00  1.017507e+01  1.879195e+01 
 6.421186e+00  3.140360e+00  6.631314e+00  9.903032e+00  1.828979e+01 
 6.510694e+00  3.064425e+00  6.456192e+00  9.639008e+00  1.780107e+01 
 6.601449e+00  2.990764e+00  6.286096e+00  9.381727e+00  1.732485e+01 
 6.693470e+00  2.918160e+00  6.119786e+00  9.130302e+00  1.686021e+01 
 6.786773e+00  2.847526e+00  5.958572e+00  8.886255e+00  1.640969e+01 
 6.881377e+00  2.778887e+00  5.801965e+00  8.649773e+00  1.596971e+01 
 6.977300e+00  2.711779e+00  5.650158e+00  8.420966e+00  1.554347e+01 
 7.074559e+00  2.646621e+00  5.502129e+00  8.197123e+00  1.512870e+01 
 7.173175e+00  2.582745e+00  5.359066e+00  7.980516e+00  1.472713e+01 
 7.273165e+00  2.520910e+00  5.220063e+00  7.771045e+00  1.433641e+01 
 7.374549e+00  2.460349e+00  5.084523e+00  7.566336e+00  1.395743e+01 
 7.477346e+00  2.401228e+00  4.953388e+00  7.368725e+00  1.358747e+01 
 7.581576e+00  2.343857e+00  4.824757e+00  7.174789e+00  1.322706e+01 
 7.687260e+00  2.287392e+00  4.699752e+00  6.985821e+00  1.287534e+01 
 7.794416e+00  2.232103e+00  4.577575e+00  6.800212e+00  1.253052e+01 
 7.903066e+00  2.178056e+00  4.457697e+00  6.619270e+00  1.219282e+01 
 8.013230e+00  2.125130e+00  4.341493e+00  6.444077e+00  1.186463e+01 
 8.124930e+00  2.073382e+00  4.228011e+00  6.272447e+00  1.154376e+01 
 8.238187e+00  2.023110e+00  4.117331e+00  6.105116e+00  1.123158e+01 
 8.353023e+00  1.973925e+00  4.009884e+00  5.942701e+00  1.092750e+01 
 8.469460e+00  1.926183e+00  3.905552e+00  5.785016e+00  1.063240e+01 
 8.587519e+00  1.879702e+00  3.803997e+00  5.631603e+00  1.034545e+01 
 8.707225e+00  1.834432e+00  3.705233e+00  5.482771e+00  1.006696e+01 
 8.828599e+00  1.790481e+00  3.609938e+00  5.338411e+00  9.796047e+00 
 8.951665e+00  1.747563e+00  3.517311e+00  5.198080e+00  9.533911e+00 
 9.076446e+00  1.706035e+00  3.427314e+00  5.062345e+00  9.279253e+00 
 9.202967e+00  1.665570e+00  3.339853e+00  4.930370e+00  9.031582e+00 
 9.331251e+00  1.626152e+00  3.254712e+00  4.801639e+00  8.790706e+00 
 9.461324e+00  0.000000e+00  0.000000e+00  0.000000e+00  0.000000e+00 
 9.593209e+00  0.000000e+00  0.000000e+00  0.000000e+00  0.000000e+00 
 9.726934e+00  0.000000e+00  0.000000e+00  0.000000e+00  0.000000e+00 
 9.862522e+00  0.000000e+00  0.000000e+00  0.000000e+00  0.000000e+00 
 1.000000e+01  0.000000e+00  0.000000e+00  0.000000e+00  0.000000e+00 
