 1.000000e-02  5.848095e+03  1.075963e+04  1.462933e+04  2.196111e+04 
 1.013939e-02  5.879076e+03  1.081647e+04  1.470645e+04  2.207650e+04 
 1.028073e-02  5.909531e+03  1.087234e+04  1.478225e+04  2.218988e+04 
 1.042404e-02  5.939442e+03  1.092720e+04  1.485667e+04  2.230118e+04 
 1.056935e-02  5.968787e+03  1.098101e+04  1.492966e+04  2.241033e+04 
 1.071668e-02  5.997545e+03  1.103373e+04  1.500118e+04  2.251724e+04 
 1.086606e-02  6.025696e+03  1.108534e+04  1.507117e+04  2.262184e+04 
 1.101753e-02  6.053214e+03  1.113576e+04  1.513956e+04  2.272405e+04 
 1.117111e-02  6.080082e+03  1.118499e+04  1.520632e+04  2.282377e+04 
 1.132683e-02  6.106272e+03  1.123297e+04  1.527136e+04  2.292093e+04 
 1.148472e-02  6.131759e+03  1.127965e+04  1.533463e+04  2.301539e+04 
 1.164481e-02  6.156517e+03  1.132499e+04  1.539607e+04  2.310711e+04 
 1.180713e-02  6.180533e+03  1.136895e+04  1.545564e+04  2.319600e+04 
 1.197171e-02  6.203787e+03  1.141150e+04  1.551329e+04  2.328199e+04 
 1.213859e-02  6.226244e+03  1.145258e+04  1.556893e+04  2.336497e+04 
 1.230780e-02  6.247883e+03  1.149216e+04  1.562252e+04  2.344485e+04 
 1.247936e-02  6.268685e+03  1.153019e+04  1.567401e+04  2.352155e+04 
 1.265332e-02  6.288630e+03  1.156664e+04  1.572333e+04  2.359499e+04 
 1.282970e-02  6.307693e+03  1.160145e+04  1.577044e+04  2.366510e+04 
 1.300854e-02  6.325853e+03  1.163461e+04  1.581528e+04  2.373179e+04 
 1.318987e-02  6.343086e+03  1.166605e+04  1.585779e+04  2.379497e+04 
 1.337373e-02  6.359374e+03  1.169575e+04  1.589791e+04  2.385457e+04 
 1.356015e-02  6.374694e+03  1.172365e+04  1.593560e+04  2.391048e+04 
 1.374917e-02  6.389013e+03  1.174972e+04  1.597079e+04  2.396263e+04 
 1.394083e-02  6.402312e+03  1.177390e+04  1.600340e+04  2.401091e+04 
 1.413516e-02  6.414557e+03  1.179614e+04  1.603337e+04  2.405520e+04 
 1.433219e-02  6.425730e+03  1.181640e+04  1.606064e+04  2.409543e+04 
 1.453198e-02  6.435803e+03  1.183463e+04  1.608516e+04  2.413151e+04 
 1.473454e-02  6.444757e+03  1.185079e+04  1.610686e+04  2.416336e+04 
 1.493993e-02  6.452557e+03  1.186483e+04  1.612566e+04  2.419084e+04 
 1.514819e-02  6.459189e+03  1.187674e+04  1.614158e+04  2.421404e+04 
 1.535935e-02  6.464622e+03  1.188646e+04  1.615452e+04  2.423274e+04 
 1.557345e-02  6.468853e+03  1.189395e+04  1.616444e+04  2.424692e+04 
 1.579053e-02  6.471841e+03  1.189915e+04  1.617124e+04  2.425640e+04 
 1.601064e-02  6.473573e+03  1.190205e+04  1.617490e+04  2.426115e+04 
 1.623382e-02  6.474018e+03  1.190257e+04  1.617533e+04  2.426106e+04 
 1.646012e-02  6.473178e+03  1.190073e+04  1.617254e+04  2.425611e+04 
 1.668956e-02  6.471023e+03  1.189645e+04  1.616643e+04  2.424620e+04 
 1.692220e-02  6.467536e+03  1.188972e+04  1.615701e+04  2.423127e+04 
 1.715809e-02  6.462695e+03  1.188051e+04  1.614419e+04  2.421125e+04 
 1.739726e-02  6.456481e+03  1.186876e+04  1.612793e+04  2.418606e+04 
 1.763977e-02  6.448873e+03  1.185445e+04  1.610816e+04  2.415562e+04 
 1.788566e-02  6.439839e+03  1.183752e+04  1.608484e+04  2.411982e+04 
 1.813498e-02  6.429376e+03  1.181795e+04  1.605794e+04  2.407863e+04 
 1.838777e-02  6.417466e+03  1.179571e+04  1.602741e+04  2.403200e+04 
 1.864409e-02  6.404096e+03  1.177080e+04  1.599323e+04  2.397988e+04 
 1.890397e-02  6.389233e+03  1.174313e+04  1.595531e+04  2.392215e+04 
 1.916748e-02  6.372884e+03  1.171273e+04  1.591369e+04  2.385885e+04 
 1.943467e-02  6.355034e+03  1.167957e+04  1.586829e+04  2.378990e+04 
 1.970558e-02  6.335686e+03  1.164365e+04  1.581916e+04  2.371531e+04 
 1.998026e-02  6.314817e+03  1.160494e+04  1.576621e+04  2.363504e+04 
 2.025878e-02  6.292435e+03  1.156345e+04  1.570950e+04  2.354907e+04 
 2.054117e-02  6.268538e+03  1.151916e+04  1.564899e+04  2.345742e+04 
 2.082751e-02  6.243133e+03  1.147210e+04  1.558470e+04  2.336012e+04 
 2.111783e-02  6.216219e+03  1.142227e+04  1.551666e+04  2.325715e+04 
 2.141220e-02  6.187897e+03  1.136983e+04  1.544502e+04  2.314869e+04 
 2.171068e-02  6.158714e+03  1.131556e+04  1.537067e+04  2.303557e+04 
 2.201331e-02  6.128020e+03  1.125852e+04  1.529255e+04  2.291679e+04 
 2.232016e-02  6.095818e+03  1.119871e+04  1.521066e+04  2.279235e+04 
 2.263130e-02  6.062112e+03  1.113613e+04  1.512502e+04  2.266229e+04 
 2.294676e-02  6.026906e+03  1.107079e+04  1.503563e+04  2.252660e+04 
 2.326663e-02  5.990212e+03  1.100272e+04  1.494254e+04  2.238536e+04 
 2.359095e-02  5.952046e+03  1.093195e+04  1.484577e+04  2.223860e+04 
 2.391980e-02  5.912426e+03  1.085851e+04  1.474537e+04  2.208641e+04 
 2.425323e-02  5.871373e+03  1.078244e+04  1.464139e+04  2.192887e+04 
 2.459130e-02  5.828914e+03  1.070380e+04  1.453392e+04  2.176608e+04 
 2.493409e-02  5.785078e+03  1.062261e+04  1.442302e+04  2.159815e+04 
 2.528166e-02  5.739900e+03  1.053897e+04  1.430876e+04  2.142521e+04 
 2.563407e-02  5.693425e+03  1.045295e+04  1.419129e+04  2.124745e+04 
 2.599140e-02  5.645700e+03  1.036464e+04  1.407070e+04  2.106505e+04 
 2.635371e-02  5.596779e+03  1.027413e+04  1.394714e+04  2.087819e+04 
 2.672106e-02  5.546702e+03  1.018150e+04  1.382070e+04  2.068703e+04 
 2.709354e-02  5.495506e+03  1.008682e+04  1.369148e+04  2.049172e+04 
 2.747121e-02  5.443218e+03  9.990142e+03  1.355955e+04  2.029235e+04 
 2.785414e-02  5.389806e+03  9.891428e+03  1.342489e+04  2.008896e+04 
 2.824241e-02  5.335044e+03  9.790366e+03  1.328717e+04  1.988131e+04 
 2.863610e-02  5.279306e+03  9.687515e+03  1.314702e+04  1.967006e+04 
 2.903527e-02  5.222640e+03  9.582972e+03  1.300458e+04  1.945539e+04 
 2.944000e-02  5.165100e+03  9.476826e+03  1.285996e+04  1.923749e+04 
 2.985038e-02  5.106743e+03  9.369182e+03  1.271333e+04  1.901657e+04 
 3.026648e-02  5.047632e+03  9.260169e+03  1.256484e+04  1.879290e+04 
 3.068838e-02  4.987839e+03  9.149910e+03  1.241466e+04  1.856673e+04 
 3.111616e-02  4.927443e+03  9.038547e+03  1.226300e+04  1.833836e+04 
 3.154990e-02  4.866527e+03  8.926239e+03  1.211007e+04  1.810810e+04 
 3.198969e-02  4.805179e+03  8.813149e+03  1.195608e+04  1.787628e+04 
 3.243561e-02  4.743505e+03  8.699465e+03  1.180128e+04  1.764329e+04 
 3.288774e-02  4.681607e+03  8.585376e+03  1.164596e+04  1.740952e+04 
 3.334618e-02  4.619603e+03  8.471104e+03  1.149038e+04  1.717540e+04 
 3.381101e-02  4.557559e+03  8.356766e+03  1.133472e+04  1.694117e+04 
 3.428231e-02  4.495538e+03  8.242474e+03  1.117914e+04  1.670707e+04 
 3.476019e-02  4.433430e+03  8.128375e+03  1.102419e+04  1.647507e+04 
 3.524473e-02  4.371448e+03  8.014517e+03  1.086959e+04  1.624362e+04 
 3.573602e-02  4.309656e+03  7.901012e+03  1.071548e+04  1.601290e+04 
 3.623416e-02  4.248117e+03  7.787979e+03  1.056201e+04  1.578315e+04 
 3.673925e-02  4.186899e+03  7.675535e+03  1.040934e+04  1.555462e+04 
 3.725137e-02  4.126073e+03  7.563817e+03  1.025766e+04  1.532759e+04 
 3.777064e-02  4.065717e+03  7.452968e+03  1.010716e+04  1.510234e+04 
 3.829714e-02  4.005908e+03  7.343127e+03  9.958037e+03  1.487915e+04 
 3.883098e-02  3.946729e+03  7.234451e+03  9.810499e+03  1.465835e+04 
 3.937226e-02  3.888273e+03  7.127105e+03  9.664771e+03  1.444026e+04 
 3.992109e-02  3.830634e+03  7.021261e+03  9.521081e+03  1.422524e+04 
 4.047757e-02  3.773905e+03  6.917055e+03  9.379582e+03  1.401341e+04 
 4.104181e-02  3.718025e+03  6.813830e+03  9.238780e+03  1.380081e+04 
 4.161391e-02  3.663270e+03  6.712677e+03  9.100800e+03  1.359247e+04 
 4.219398e-02  3.609690e+03  6.613690e+03  8.965767e+03  1.338856e+04 
 4.278214e-02  3.557321e+03  6.516934e+03  8.833770e+03  1.318922e+04 
 4.337850e-02  3.506192e+03  6.422465e+03  8.704883e+03  1.299456e+04 
 4.398317e-02  3.456335e+03  6.330336e+03  8.579187e+03  1.280469e+04 
 4.459628e-02  3.407775e+03  6.240596e+03  8.456737e+03  1.261971e+04 
 4.521792e-02  3.360538e+03  6.153291e+03  8.337595e+03  1.243970e+04 
 4.584824e-02  3.314653e+03  6.068469e+03  8.221839e+03  1.226478e+04 
 4.648734e-02  3.270142e+03  5.986181e+03  8.109524e+03  1.209502e+04 
 4.713535e-02  3.227128e+03  5.907388e+03  8.002739e+03  1.193566e+04 
 4.779239e-02  3.185586e+03  5.831740e+03  7.900693e+03  1.178468e+04 
 4.845859e-02  3.145474e+03  5.758707e+03  7.802184e+03  1.163893e+04 
 4.913407e-02  3.106790e+03  5.688283e+03  7.707202e+03  1.149844e+04 
 4.981898e-02  3.069514e+03  5.620439e+03  7.615706e+03  1.136313e+04 
 5.051342e-02  3.033624e+03  5.555122e+03  7.527634e+03  1.123292e+04 
 5.121755e-02  2.999084e+03  5.492273e+03  7.442905e+03  1.110768e+04 
 5.193150e-02  2.965853e+03  5.431827e+03  7.361422e+03  1.098727e+04 
 5.265540e-02  2.933891e+03  5.373699e+03  7.283077e+03  1.087153e+04 
 5.338938e-02  2.902907e+03  5.316900e+03  7.206054e+03  1.075647e+04 
 5.413360e-02  2.872794e+03  5.261147e+03  7.129881e+03  1.064116e+04 
 5.488820e-02  2.843759e+03  5.207378e+03  7.056398e+03  1.052988e+04 
 5.565331e-02  2.815739e+03  5.155469e+03  6.985442e+03  1.042237e+04 
 5.642908e-02  2.788608e+03  5.105194e+03  6.916698e+03  1.031814e+04 
 5.721568e-02  2.762284e+03  5.056394e+03  6.849950e+03  1.021691e+04 
 5.801323e-02  2.736625e+03  5.008825e+03  6.784883e+03  1.011821e+04 
 5.882190e-02  2.711618e+03  4.962469e+03  6.721483e+03  1.002206e+04 
 5.964185e-02  2.687223e+03  4.917557e+03  6.660378e+03  9.930253e+03 
 6.047322e-02  2.663621e+03  4.874947e+03  6.603274e+03  9.846803e+03 
 6.131619e-02  2.640186e+03  4.832628e+03  6.546546e+03  9.763865e+03 
 6.217090e-02  2.616770e+03  4.790324e+03  6.489817e+03  9.680866e+03 
 6.303753e-02  2.593269e+03  4.747854e+03  6.432845e+03  9.597462e+03 
 6.391624e-02  2.569520e+03  4.704925e+03  6.375252e+03  9.513126e+03 
 6.480720e-02  2.545406e+03  4.661325e+03  6.316754e+03  9.427452e+03 
 6.571058e-02  2.520747e+03  4.616735e+03  6.256914e+03  9.339782e+03 
 6.662655e-02  2.494248e+03  4.566861e+03  6.187889e+03  9.232774e+03 
 6.755528e-02  2.466891e+03  4.515367e+03  6.116624e+03  9.122279e+03 
 6.849697e-02  2.438598e+03  4.462170e+03  6.043069e+03  9.008415e+03 
 6.945178e-02  2.409257e+03  4.407070e+03  5.966951e+03  8.890777e+03 
 7.041990e-02  2.378754e+03  4.349861e+03  5.887995e+03  8.768969e+03 
 7.140151e-02  2.346998e+03  4.290378e+03  5.805985e+03  8.642682e+03 
 7.239681e-02  2.314208e+03  4.229321e+03  5.722216e+03  8.514969e+03 
 7.340598e-02  2.280376e+03  4.166735e+03  5.636820e+03  8.386245e+03 
 7.442922e-02  2.245110e+03  4.101541e+03  5.547913e+03  8.252346e+03 
 7.546673e-02  2.208381e+03  4.033692e+03  5.455436e+03  8.113187e+03 
 7.651869e-02  2.170204e+03  3.963214e+03  5.359423e+03  7.968823e+03 
 7.758532e-02  2.130610e+03  3.890167e+03  5.259956e+03  7.819384e+03 
 7.866682e-02  2.090492e+03  3.817319e+03  5.161910e+03  7.674989e+03 
 7.976339e-02  2.050457e+03  3.746464e+03  5.068398e+03  7.542020e+03 
 8.087525e-02  2.009186e+03  3.673293e+03  4.971695e+03  7.404160e+03 
 8.200261e-02  1.966809e+03  3.598037e+03  4.872109e+03  7.261852e+03 
 8.314568e-02  1.923483e+03  3.520977e+03  4.770013e+03  7.115637e+03 
 8.430468e-02  1.879381e+03  3.442424e+03  4.665828e+03  6.966128e+03 
 8.547985e-02  1.834025e+03  3.360426e+03  4.555860e+03  6.805267e+03 
 8.667139e-02  1.788018e+03  3.276689e+03  4.443007e+03  6.638806e+03 
 8.787954e-02  1.741911e+03  3.192749e+03  4.329860e+03  6.471841e+03 
 8.910453e-02  1.695949e+03  3.109056e+03  4.217022e+03  6.305269e+03 
 9.034660e-02  1.650377e+03  3.026056e+03  4.105101e+03  6.139994e+03 
 9.160598e-02  1.606159e+03  2.946521e+03  3.998795e+03  5.985303e+03 
 9.288292e-02  1.563453e+03  2.870609e+03  3.898195e+03  5.841035e+03 
 9.417766e-02  1.521810e+03  2.796545e+03  3.799998e+03  5.700098e+03 
 9.549045e-02  1.481455e+03  2.724742e+03  3.704770e+03  5.563346e+03 
 9.682153e-02  1.442599e+03  2.655594e+03  3.613050e+03  5.431591e+03 
 9.817117e-02  1.405739e+03  2.590473e+03  3.527128e+03  5.309276e+03 
 9.953962e-02  1.370834e+03  2.529008e+03  3.446226e+03  5.194589e+03 
 1.009272e-01  1.337922e+03  2.471104e+03  3.370059e+03  5.086740e+03 
 1.023340e-01  1.307110e+03  2.416967e+03  3.298917e+03  4.986186e+03 
 1.037605e-01  1.277850e+03  2.364832e+03  3.229711e+03  4.886704e+03 
 1.052069e-01  1.248465e+03  2.309541e+03  3.153540e+03  4.770565e+03 
 1.066734e-01  1.221408e+03  2.258582e+03  3.083292e+03  4.663385e+03 
 1.081604e-01  1.196623e+03  2.211840e+03  3.018809e+03  4.564914e+03 
 1.096681e-01  1.174025e+03  2.169158e+03  2.959871e+03  4.474820e+03 
 1.111968e-01  1.153598e+03  2.130674e+03  2.906670e+03  4.392859e+03 
 1.127468e-01  1.135090e+03  2.095756e+03  2.858343e+03  4.318245e+03 
 1.143184e-01  1.118301e+03  2.064016e+03  2.814348e+03  4.250172e+03 
 1.159120e-01  1.102999e+03  2.035027e+03  2.774109e+03  4.187776e+03 
 1.175277e-01  1.089583e+03  2.010145e+03  2.739942e+03  4.135378e+03 
 1.191660e-01  1.077165e+03  1.987158e+03  2.708401e+03  4.087019e+03 
 1.208271e-01  1.065386e+03  1.965352e+03  2.678468e+03  4.041089e+03 
 1.225114e-01  1.053882e+03  1.944013e+03  2.649156e+03  3.996119e+03 
 1.242191e-01  1.041879e+03  1.921352e+03  2.617877e+03  3.948333e+03 
 1.259506e-01  1.029566e+03  1.898128e+03  2.585844e+03  3.899437e+03 
 1.277063e-01  1.016633e+03  1.873775e+03  2.552282e+03  3.848269e+03 
 1.294865e-01  1.003132e+03  1.848586e+03  2.517658e+03  3.795344e+03 
 1.312915e-01  9.888706e+02  1.822247e+03  2.481554e+03  3.740018e+03 
 1.331216e-01  9.732735e+02  1.793455e+03  2.442129e+03  3.679739e+03 
 1.349772e-01  9.562256e+02  1.762042e+03  2.399200e+03  3.614374e+03 
 1.368587e-01  9.388259e+02  1.731921e+03  2.360221e+03  3.561156e+03 
 1.387665e-01  9.198450e+02  1.698836e+03  2.317160e+03  3.501661e+03 
 1.407008e-01  8.993406e+02  1.662880e+03  2.270130e+03  3.436028e+03 
 1.426621e-01  8.784979e+02  1.626894e+03  2.223202e+03  3.369985e+03 
 1.446507e-01  8.567727e+02  1.589386e+03  2.174182e+03  3.300468e+03 
 1.466671e-01  8.340702e+02  1.549947e+03  2.122428e+03  3.226612e+03 
 1.487115e-01  8.089495e+02  1.504307e+03  2.061059e+03  3.136526e+03 
 1.507845e-01  7.824140e+02  1.454913e+03  1.993804e+03  3.036384e+03 
 1.528864e-01  7.560765e+02  1.405885e+03  1.927027e+03  2.936847e+03 
 1.550175e-01  7.321577e+02  1.363357e+03  1.870727e+03  2.856319e+03 
 1.571784e-01  7.103571e+02  1.326064e+03  1.822608e+03  2.790190e+03 
 1.593694e-01  6.896281e+02  1.290578e+03  1.776800e+03  2.727173e+03 
 1.615909e-01  6.707603e+02  1.258755e+03  1.736007e+03  2.671358e+03 
 1.638434e-01  6.536649e+02  1.230226e+03  1.699653e+03  2.621958e+03 
 1.661273e-01  6.382796e+02  1.204730e+03  1.667332e+03  2.578431e+03 
 1.684430e-01  6.215768e+02  1.173927e+03  1.625765e+03  2.517715e+03 
 1.707910e-01  6.064093e+02  1.145650e+03  1.587423e+03  2.461504e+03 
 1.731717e-01  5.934850e+02  1.121868e+03  1.555377e+03  2.414798e+03 
 1.755856e-01  5.838562e+02  1.105449e+03  1.533955e+03  2.383974e+03 
 1.780332e-01  5.756399e+02  1.091663e+03  1.516152e+03  2.358717e+03 
 1.805149e-01  5.667842e+02  1.074450e+03  1.491719e+03  2.319467e+03 
 1.830312e-01  5.577224e+02  1.055523e+03  1.463790e+03  2.272589e+03 
 1.855825e-01  5.492287e+02  1.037886e+03  1.437911e+03  2.229531e+03 
 1.881694e-01  5.411470e+02  1.022274e+03  1.416364e+03  2.196914e+03 
 1.907924e-01  5.327952e+02  1.006175e+03  1.394156e+03  2.163299e+03 
 1.934520e-01  5.234050e+02  9.880174e+02  1.369260e+03  2.126760e+03 
 1.961486e-01  5.130077e+02  9.679555e+02  1.341795e+03  2.086669e+03 
 1.988828e-01  5.027784e+02  9.490154e+02  1.316192e+03  2.049278e+03 
 2.016551e-01  4.931464e+02  9.323450e+02  1.294162e+03  2.017156e+03 
 2.044661e-01  4.822562e+02  9.130903e+02  1.268393e+03  1.978960e+03 
 2.073162e-01  4.697790e+02  8.897026e+02  1.236007e+03  1.929081e+03 
 2.102061e-01  4.564968e+02  8.647724e+02  1.201472e+03  1.875811e+03 
 2.131362e-01  4.464283e+02  8.502837e+02  1.184640e+03  1.854928e+03 
 2.161073e-01  4.362059e+02  8.355185e+02  1.167443e+03  1.833471e+03 
 2.191197e-01  4.233554e+02  8.135608e+02  1.139319e+03  1.795796e+03 
 2.221741e-01  4.103069e+02  7.906281e+02  1.109525e+03  1.755409e+03 
 2.252711e-01  3.984956e+02  7.705376e+02  1.083984e+03  1.721543e+03 
 2.284112e-01  3.878152e+02  7.526745e+02  1.061557e+03  1.692311e+03 
 2.315951e-01  3.784206e+02  7.362510e+02  1.039648e+03  1.659534e+03 
 2.348235e-01  3.703258e+02  7.219444e+02  1.020179e+03  1.629114e+03 
 2.380968e-01  3.613671e+02  7.044776e+02  9.956731e+02  1.591312e+03 
 2.414157e-01  3.530027e+02  6.877942e+02  9.721238e+02  1.555177e+03 
 2.447809e-01  3.449696e+02  6.719947e+02  9.501656e+02  1.521433e+03 
 2.481930e-01  3.376479e+02  6.576513e+02  9.302991e+02  1.490957e+03 
 2.516527e-01  3.334705e+02  6.504267e+02  9.204016e+02  1.475255e+03 
 2.551606e-01  3.284495e+02  6.411548e+02  9.075711e+02  1.455389e+03 
 2.587174e-01  3.204497e+02  6.248022e+02  8.846092e+02  1.421008e+03 
 2.623238e-01  3.137073e+02  6.120537e+02  8.672083e+02  1.395470e+03 
 2.659804e-01  3.082094e+02  6.029809e+02  8.555063e+02  1.378979e+03 
 2.696881e-01  3.006454e+02  5.891240e+02  8.368332e+02  1.351011e+03 
 2.734474e-01  2.921525e+02  5.732793e+02  8.153201e+02  1.318484e+03 
 2.772591e-01  2.855227e+02  5.625070e+02  8.020102e+02  1.301654e+03 
 2.811239e-01  2.783396e+02  5.501468e+02  7.862822e+02  1.281734e+03 
 2.850426e-01  2.707635e+02  5.363740e+02  7.683658e+02  1.259490e+03 
 2.890160e-01  2.636937e+02  5.244828e+02  7.531312e+02  1.237980e+03 
 2.930447e-01  2.570703e+02  5.131260e+02  7.380057e+02  1.214642e+03 
 2.971296e-01  2.508920e+02  5.011351e+02  7.201140e+02  1.183508e+03 
 3.012714e-01  2.453809e+02  4.915644e+02  7.074344e+02  1.164771e+03 
 3.054710e-01  2.401760e+02  4.827768e+02  6.964290e+02  1.150286e+03 
 3.097291e-01  2.341931e+02  4.715042e+02  6.813901e+02  1.129259e+03 
 3.140465e-01  2.289159e+02  4.607642e+02  6.658614e+02  1.103588e+03 
 3.184242e-01  2.243299e+02  4.515179e+02  6.524555e+02  1.081345e+03 
 3.228628e-01  2.206880e+02  4.452754e+02  6.444927e+02  1.071526e+03 
 3.273634e-01  2.156009e+02  4.349224e+02  6.295102e+02  1.047365e+03 
 3.319266e-01  2.102367e+02  4.244211e+02  6.149304e+02  1.025368e+03 
 3.365535e-01  2.049647e+02  4.149409e+02  6.026983e+02  1.009046e+03 
 3.412449e-01  2.011885e+02  4.099415e+02  5.968264e+02  9.997133e+02 
 3.460016e-01  1.969594e+02  4.030412e+02  5.879422e+02  9.872197e+02 
 3.508247e-01  1.927033e+02  3.954471e+02  5.777693e+02  9.722150e+02 
 3.557150e-01  1.885178e+02  3.876782e+02  5.671930e+02  9.558062e+02 
 3.606735e-01  1.837405e+02  3.791403e+02  5.559513e+02  9.399843e+02 
 3.657011e-01  1.781860e+02  3.685496e+02  5.413594e+02  9.193962e+02 
 3.707988e-01  1.737291e+02  3.599081e+02  5.294759e+02  9.016273e+02 
 3.759675e-01  1.697601e+02  3.522252e+02  5.188609e+02  8.855674e+02 
 3.812083e-01  1.658218e+02  3.450200e+02  5.090699e+02  8.710627e+02 
 3.865221e-01  1.625745e+02  3.402298e+02  5.035721e+02  8.621328e+02 
 3.919100e-01  1.592052e+02  3.323399e+02  4.914925e+02  8.452911e+02 
 3.973730e-01  1.554337e+02  3.259526e+02  4.834729e+02  8.325501e+02 
 4.029122e-01  1.523249e+02  3.210421e+02  4.766767e+02  8.200478e+02 
 4.085286e-01  1.491665e+02  3.142865e+02  4.669405e+02  8.059748e+02 
 4.142232e-01  1.453349e+02  3.064335e+02  4.564411e+02  7.926738e+02 
 4.199973e-01  1.415314e+02  2.997872e+02  4.479399e+02  7.801480e+02 
 4.258518e-01  1.384188e+02  2.939934e+02  4.397183e+02  7.659714e+02 
 4.317880e-01  1.351237e+02  2.875651e+02  4.301915e+02  7.511210e+02 
 4.378069e-01  1.322509e+02  2.817832e+02  4.218834e+02  7.373245e+02 
 4.439097e-01  1.298960e+02  2.780923e+02  4.174082e+02  7.328856e+02 
 4.500975e-01  1.263405e+02  2.714265e+02  4.082917e+02  7.194110e+02 
 4.563716e-01  1.233671e+02  2.652440e+02  3.992993e+02  7.033717e+02 
 4.627332e-01  1.214546e+02  2.626132e+02  3.965088e+02  7.008839e+02 
 4.691835e-01  1.183243e+02  2.563778e+02  3.875662e+02  6.859191e+02 
 4.757236e-01  1.160487e+02  2.518662e+02  3.813121e+02  6.762136e+02 
 4.823549e-01  1.129262e+02  2.454855e+02  3.722306e+02  6.636238e+02 
 4.890787e-01  1.104023e+02  2.405208e+02  3.654897e+02  6.530382e+02 
 4.958962e-01  1.084653e+02  2.367459e+02  3.596425e+02  6.422708e+02 
 5.028087e-01  1.059008e+02  2.322763e+02  3.535782e+02  6.333046e+02 
 5.098176e-01  1.038386e+02  2.284516e+02  3.480770e+02  6.226018e+02 
 5.169242e-01  1.019567e+02  2.248784e+02  3.432243e+02  6.160472e+02 
 5.241298e-01  9.858537e+01  2.190440e+02  3.359855e+02  6.070778e+02 
 5.314359e-01  9.680978e+01  2.163551e+02  3.323635e+02  6.011247e+02 
 5.388438e-01  9.472039e+01  2.115857e+02  3.251842e+02  5.901044e+02 
 5.463550e-01  9.294701e+01  2.081114e+02  3.200114e+02  5.813842e+02 
 5.539709e-01  9.036297e+01  2.034574e+02  3.140517e+02  5.721417e+02 
 5.616930e-01  8.866707e+01  2.001423e+02  3.093423e+02  5.650418e+02 
 5.695227e-01  8.682285e+01  1.970423e+02  3.054928e+02  5.572191e+02 
 5.774615e-01  8.479584e+01  1.923553e+02  2.984448e+02  5.469478e+02 
 5.855110e-01  8.321388e+01  1.894536e+02  2.940354e+02  5.393587e+02 
 5.936727e-01  8.123842e+01  1.848935e+02  2.875989e+02  5.295430e+02 
 6.019482e-01  7.977523e+01  1.825888e+02  2.839274e+02  5.228093e+02 
 6.103390e-01  7.781144e+01  1.791869e+02  2.795334e+02  5.151816e+02 
 6.188468e-01  7.603119e+01  1.761257e+02  2.766404e+02  5.130390e+02 
 6.274732e-01  7.468659e+01  1.727186e+02  2.707574e+02  5.033168e+02 
 6.362198e-01  7.309446e+01  1.699879e+02  2.668340e+02  4.956993e+02 
 6.450884e-01  7.130383e+01  1.667064e+02  2.622614e+02  4.877730e+02 
 6.540806e-01  6.976028e+01  1.630131e+02  2.566333e+02  4.794270e+02 
 6.631981e-01  6.812640e+01  1.603300e+02  2.536660e+02  4.744285e+02 
 6.724427e-01  6.675896e+01  1.573938e+02  2.495154e+02  4.691530e+02 
 6.818162e-01  6.523699e+01  1.544551e+02  2.444143e+02  4.596917e+02 
 6.913204e-01  6.377525e+01  1.514649e+02  2.405386e+02  4.531082e+02 
 7.009570e-01  6.281914e+01  1.491109e+02  2.370426e+02  4.470875e+02 
 7.107280e-01  6.113277e+01  1.464552e+02  2.333747e+02  4.399343e+02 
 7.206351e-01  6.013415e+01  1.440892e+02  2.301515e+02  4.359674e+02 
 7.306804e-01  5.885545e+01  1.418241e+02  2.264434e+02  4.281889e+02 
 7.408657e-01  5.750433e+01  1.389367e+02  2.222992e+02  4.224940e+02 
 7.511929e-01  5.623876e+01  1.362960e+02  2.188688e+02  4.167058e+02 
 7.616642e-01  5.511696e+01  1.337574e+02  2.152357e+02  4.111031e+02 
 7.722814e-01  5.432095e+01  1.323433e+02  2.128248e+02  4.053860e+02 
 7.830465e-01  5.314409e+01  1.297106e+02  2.090826e+02  3.999772e+02 
 7.939618e-01  5.210213e+01  1.279365e+02  2.062699e+02  3.955902e+02 
 8.050292e-01  5.089810e+01  1.254363e+02  2.033082e+02  3.903639e+02 
 8.162509e-01  4.994193e+01  1.235201e+02  1.998816e+02  3.834192e+02 
 8.276289e-01  4.867910e+01  1.209397e+02  1.964542e+02  3.783154e+02 
 8.391656e-01  4.799627e+01  1.194222e+02  1.935669e+02  3.738375e+02 
 8.508632e-01  4.708081e+01  1.173018e+02  1.908255e+02  3.687439e+02 
 8.627237e-01  4.598266e+01  1.153035e+02  1.878368e+02  3.627473e+02 
 8.747496e-01  4.509436e+01  1.132379e+02  1.849095e+02  3.578290e+02 
 8.869432e-01  4.425647e+01  1.115466e+02  1.823227e+02  3.532960e+02 
 8.993067e-01  4.330531e+01  1.096832e+02  1.794681e+02  3.480188e+02 
 9.118425e-01  4.259491e+01  1.077410e+02  1.763683e+02  3.418082e+02 
 9.245531e-01  4.161535e+01  1.058748e+02  1.735245e+02  3.378326e+02 
 9.374409e-01  4.076451e+01  1.041359e+02  1.711578e+02  3.332867e+02 
 9.505083e-01  4.003528e+01  1.024113e+02  1.685801e+02  3.284967e+02 
 9.637579e-01  3.914338e+01  1.003888e+02  1.655263e+02  3.235260e+02 
 9.771921e-01  3.855618e+01  9.969709e+01  1.639116e+02  3.192197e+02 
 9.908137e-01  3.776780e+01  9.774821e+01  1.611242e+02  3.148683e+02 
 1.004625e+00  3.699204e+01  9.587471e+01  1.582828e+02  3.094970e+02 
 1.018629e+00  3.633344e+01  9.447259e+01  1.559911e+02  3.049131e+02 
 1.032828e+00  3.557771e+01  9.286592e+01  1.538076e+02  3.014662e+02 
 1.047225e+00  3.483198e+01  9.143641e+01  1.512920e+02  2.961684e+02 
 1.061823e+00  3.424164e+01  9.014522e+01  1.491694e+02  2.919501e+02 
 1.076624e+00  3.355758e+01  8.864022e+01  1.468774e+02  2.875154e+02 
 1.091632e+00  3.295807e+01  8.714563e+01  1.447219e+02  2.831275e+02 
 1.106848e+00  3.227997e+01  8.557349e+01  1.424067e+02  2.791165e+02 
 1.122277e+00  3.166344e+01  8.432418e+01  1.400465e+02  2.744324e+02 
 1.137921e+00  3.104881e+01  8.281867e+01  1.378354e+02  2.703271e+02 
 1.153783e+00  3.050308e+01  8.150356e+01  1.357416e+02  2.664747e+02 
 1.169866e+00  2.994580e+01  8.026014e+01  1.336748e+02  2.627390e+02 
 1.186174e+00  2.935867e+01  7.904157e+01  1.316324e+02  2.584783e+02 
 1.202708e+00  2.884148e+01  7.776093e+01  1.296731e+02  2.546149e+02 
 1.219473e+00  2.832765e+01  7.657269e+01  1.277984e+02  2.503872e+02 
 1.236472e+00  2.778787e+01  7.536571e+01  1.259195e+02  2.467987e+02 
 1.253708e+00  2.729119e+01  7.410760e+01  1.237377e+02  2.429720e+02 
 1.271184e+00  2.679883e+01  7.317812e+01  1.222028e+02  2.391677e+02 
 1.288904e+00  2.629975e+01  7.173330e+01  1.199765e+02  2.356407e+02 
 1.306870e+00  2.579234e+01  7.056960e+01  1.180657e+02  2.316144e+02 
 1.325087e+00  2.536362e+01  6.949322e+01  1.162875e+02  2.276820e+02 
 1.343558e+00  2.490000e+01  6.835101e+01  1.144132e+02  2.239977e+02 
 1.362287e+00  2.447345e+01  6.721525e+01  1.124480e+02  2.202632e+02 
 1.381276e+00  2.401819e+01  6.615235e+01  1.104535e+02  2.165671e+02 
 1.400531e+00  2.359971e+01  6.509153e+01  1.087699e+02  2.127567e+02 
 1.420053e+00  2.315832e+01  6.394831e+01  1.070629e+02  2.091554e+02 
 1.439848e+00  2.275434e+01  6.298869e+01  1.052109e+02  2.057116e+02 
 1.459919e+00  2.232236e+01  6.193738e+01  1.034885e+02  2.019988e+02 
 1.480269e+00  2.197800e+01  6.082837e+01  1.016572e+02  1.981977e+02 
 1.500903e+00  2.158136e+01  5.987833e+01  9.993286e+01  1.951159e+02 
 1.521825e+00  2.118840e+01  5.895794e+01  9.836667e+01  1.916359e+02 
 1.543038e+00  2.080202e+01  5.796130e+01  9.679604e+01  1.884693e+02 
 1.564548e+00  2.046593e+01  5.701284e+01  9.512019e+01  1.849465e+02 
 1.586357e+00  2.010571e+01  5.611115e+01  9.352082e+01  1.815523e+02 
 1.608469e+00  1.972930e+01  5.517417e+01  9.191525e+01  1.784452e+02 
 1.630891e+00  1.944060e+01  5.415930e+01  9.013666e+01  1.748391e+02 
 1.653624e+00  1.907068e+01  5.323451e+01  8.866528e+01  1.718998e+02 
 1.676675e+00  1.873279e+01  5.241835e+01  8.717620e+01  1.685647e+02 
 1.700047e+00  1.840005e+01  5.153725e+01  8.561736e+01  1.654600e+02 
 1.723745e+00  1.809929e+01  5.062938e+01  8.408540e+01  1.621358e+02 
 1.747773e+00  1.776092e+01  4.973311e+01  8.253394e+01  1.590272e+02 
 1.772136e+00  1.745595e+01  4.889004e+01  8.102984e+01  1.561229e+02 
 1.796838e+00  1.716202e+01  4.802894e+01  7.957340e+01  1.530617e+02 
 1.821885e+00  1.689104e+01  4.719040e+01  7.808324e+01  1.501441e+02 
 1.847281e+00  1.658870e+01  4.644064e+01  7.674243e+01  1.472270e+02 
 1.873032e+00  1.630866e+01  4.559782e+01  7.520092e+01  1.443622e+02 
 1.899141e+00  1.602501e+01  4.475391e+01  7.384185e+01  1.415394e+02 
 1.925614e+00  1.576247e+01  4.398869e+01  7.248726e+01  1.386304e+02 
 1.952456e+00  1.555177e+01  4.325678e+01  7.115987e+01  1.358387e+02 
 1.979672e+00  1.523185e+01  4.250809e+01  6.982563e+01  1.331117e+02 
 2.007267e+00  1.498964e+01  4.173338e+01  6.839039e+01  1.304443e+02 
 2.035248e+00  1.471630e+01  4.093665e+01  6.704580e+01  1.276709e+02 
 2.063618e+00  1.446113e+01  4.016288e+01  6.572554e+01  1.249578e+02 
 2.092383e+00  1.421984e+01  3.942083e+01  6.439673e+01  1.223324e+02 
 2.121550e+00  1.396655e+01  3.867105e+01  6.311978e+01  1.197192e+02 
 2.151123e+00  1.373199e+01  3.795913e+01  6.182372e+01  1.171080e+02 
 2.181109e+00  1.349187e+01  3.721640e+01  6.058175e+01  1.146602e+02 
 2.211512e+00  1.326332e+01  3.648874e+01  5.930345e+01  1.120474e+02 
 2.242340e+00  1.303606e+01  3.582745e+01  5.811555e+01  1.096613e+02 
 2.273597e+00  1.279898e+01  3.513540e+01  5.686519e+01  1.072536e+02 
 2.305289e+00  1.259534e+01  3.445206e+01  5.570604e+01  1.049210e+02 
 2.337424e+00  1.238024e+01  3.376742e+01  5.452209e+01  1.026476e+02 
 2.370006e+00  1.216221e+01  3.310536e+01  5.338858e+01  1.003866e+02 
 2.403043e+00  1.193978e+01  3.245792e+01  5.222444e+01  9.810673e+01 
 2.436540e+00  1.174298e+01  3.182726e+01  5.112045e+01  9.589122e+01 
 2.470504e+00  1.153749e+01  3.119185e+01  4.999256e+01  9.369960e+01 
 2.504942e+00  1.133728e+01  3.057720e+01  4.892602e+01  9.158104e+01 
 2.539859e+00  1.114629e+01  2.994405e+01  4.783106e+01  8.943262e+01 
 2.575263e+00  1.093992e+01  2.931481e+01  4.680468e+01  8.740913e+01 
 2.611161e+00  1.075465e+01  2.871484e+01  4.573194e+01  8.537619e+01 
 2.647559e+00  1.056481e+01  2.811401e+01  4.468563e+01  8.333280e+01 
 2.684465e+00  1.037767e+01  2.754201e+01  4.367688e+01  8.136813e+01 
 2.721885e+00  1.018546e+01  2.693442e+01  4.268549e+01  7.944589e+01 
 2.759826e+00  1.000524e+01  2.635101e+01  4.169367e+01  7.755990e+01 
 2.798297e+00  9.823065e+00  2.579664e+01  4.073737e+01  7.574751e+01 
 2.837304e+00  9.647529e+00  2.523825e+01  3.979520e+01  7.393082e+01 
 2.876854e+00  9.471631e+00  2.468734e+01  3.886381e+01  7.216884e+01 
 2.916956e+00  9.301169e+00  2.415761e+01  3.795961e+01  7.040499e+01 
 2.957617e+00  9.135150e+00  2.363539e+01  3.708429e+01  6.871631e+01 
 2.998844e+00  8.968329e+00  2.312141e+01  3.620870e+01  6.704928e+01 
 3.040646e+00  8.803892e+00  2.260520e+01  3.534453e+01  6.546120e+01 
 3.083031e+00  8.642751e+00  2.209596e+01  3.450439e+01  6.386343e+01 
 3.126007e+00  8.486145e+00  2.161094e+01  3.368056e+01  6.227918e+01 
 3.169582e+00  8.327002e+00  2.111028e+01  3.285127e+01  6.074557e+01 
 3.213764e+00  8.171020e+00  2.063108e+01  3.205471e+01  5.924543e+01 
 3.258562e+00  8.014743e+00  2.016492e+01  3.127340e+01  5.776978e+01 
 3.303985e+00  7.862920e+00  1.969040e+01  3.050181e+01  5.632835e+01 
 3.350041e+00  7.714022e+00  1.922635e+01  2.974299e+01  5.491288e+01 
 3.396739e+00  7.563916e+00  1.877732e+01  2.901296e+01  5.351491e+01 
 3.444087e+00  7.419729e+00  1.833159e+01  2.827440e+01  5.216593e+01 
 3.492096e+00  7.277182e+00  1.790300e+01  2.757774e+01  5.086581e+01 
 3.540774e+00  7.131618e+00  1.748054e+01  2.689259e+01  4.958251e+01 
 3.590130e+00  6.994440e+00  1.706160e+01  2.621315e+01  4.833817e+01 
 3.640175e+00  6.859391e+00  1.665637e+01  2.556585e+01  4.711813e+01 
 3.690917e+00  6.722821e+00  1.626589e+01  2.491166e+01  4.592196e+01 
 3.742366e+00  6.590001e+00  1.586742e+01  2.428879e+01  4.477319e+01 
 3.794533e+00  6.461226e+00  1.548928e+01  2.367715e+01  4.363417e+01 
 3.847427e+00  6.331533e+00  1.511079e+01  2.307327e+01  4.253183e+01 
 3.901058e+00  6.201744e+00  1.474313e+01  2.248838e+01  4.143652e+01 
 3.955436e+00  6.079394e+00  1.438096e+01  2.190188e+01  4.036429e+01 
 4.010573e+00  5.952636e+00  1.402465e+01  2.134468e+01  3.933489e+01 
 4.066478e+00  5.829708e+00  1.367230e+01  2.078866e+01  3.831097e+01 
 4.123163e+00  5.707873e+00  1.333451e+01  2.024901e+01  3.731375e+01 
 4.180637e+00  5.590008e+00  1.300303e+01  1.972580e+01  3.634022e+01 
 4.238913e+00  5.472625e+00  1.267385e+01  1.920904e+01  3.540033e+01 
 4.298001e+00  5.355058e+00  1.235449e+01  1.871041e+01  3.447623e+01 
 4.357913e+00  5.244670e+00  1.204182e+01  1.822567e+01  3.358796e+01 
 4.418660e+00  5.132513e+00  1.174145e+01  1.774908e+01  3.272309e+01 
 4.480254e+00  5.022376e+00  1.144432e+01  1.728822e+01  3.187470e+01 
 4.542706e+00  4.916368e+00  1.115412e+01  1.683766e+01  3.104920e+01 
 4.606029e+00  4.810541e+00  1.087493e+01  1.640188e+01  3.025318e+01 
 4.670234e+00  4.706569e+00  1.060029e+01  1.598024e+01  2.947551e+01 
 4.735335e+00  4.605003e+00  1.033286e+01  1.556421e+01  2.871146e+01 
 4.801343e+00  4.506219e+00  1.007176e+01  1.515970e+01  2.796262e+01 
 4.868271e+00  4.406936e+00  9.813587e+00  1.476143e+01  2.723212e+01 
 4.936132e+00  4.309598e+00  9.560960e+00  1.437294e+01  2.651842e+01 
 5.004939e+00  4.213355e+00  9.315089e+00  1.399438e+01  2.582110e+01 
 5.074705e+00  4.118464e+00  9.074303e+00  1.362329e+01  2.514212e+01 
 5.145444e+00  4.026627e+00  8.839521e+00  1.326397e+01  2.448027e+01 
 5.217169e+00  3.934928e+00  8.609710e+00  1.291123e+01  2.382944e+01 
 5.289893e+00  3.846981e+00  8.387380e+00  1.257376e+01  2.320623e+01 
 5.363631e+00  3.758544e+00  8.170164e+00  1.223939e+01  2.259393e+01 
 5.438397e+00  3.673508e+00  7.957998e+00  1.191760e+01  2.199780e+01 
 5.514206e+00  3.589787e+00  7.752622e+00  1.160430e+01  2.142166e+01 
 5.591071e+00  3.506996e+00  7.552977e+00  1.129957e+01  2.086029e+01 
 5.669007e+00  3.427769e+00  7.358555e+00  1.100454e+01  2.031813e+01 
 5.748030e+00  3.349299e+00  7.169497e+00  1.071588e+01  1.978506e+01 
 5.828155e+00  3.272351e+00  6.985407e+00  1.043692e+01  1.926828e+01 
 5.909396e+00  3.197020e+00  6.805576e+00  1.016422e+01  1.876602e+01 
 5.991770e+00  3.122727e+00  6.629453e+00  9.896393e+00  1.827418e+01 
 6.075292e+00  3.049991e+00  6.458186e+00  9.636486e+00  1.779022e+01 
 6.159978e+00  2.978425e+00  6.289786e+00  9.382250e+00  1.732003e+01 
 6.245845e+00  2.908330e+00  6.126015e+00  9.134493e+00  1.686046e+01 
 6.332908e+00  2.839382e+00  5.965561e+00  8.891956e+00  1.641021e+01 
 6.421186e+00  2.772247e+00  5.809991e+00  8.655768e+00  1.597281e+01 
 6.510694e+00  2.706197e+00  5.658166e+00  8.426621e+00  1.554774e+01 
 6.601449e+00  2.642165e+00  5.510862e+00  8.203722e+00  1.513348e+01 
 6.693470e+00  2.578959e+00  5.366880e+00  7.986252e+00  1.473024e+01 
 6.786773e+00  2.517630e+00  5.227207e+00  7.775167e+00  1.433968e+01 
 6.881377e+00  2.458033e+00  5.091875e+00  7.570419e+00  1.395829e+01 
 6.977300e+00  2.399591e+00  4.960494e+00  7.372720e+00  1.358869e+01 
 7.074559e+00  2.343023e+00  4.832448e+00  7.179037e+00  1.322887e+01 
 7.173175e+00  2.287350e+00  4.708243e+00  6.991244e+00  1.287982e+01 
 7.273165e+00  2.233345e+00  4.587286e+00  6.809302e+00  1.253990e+01 
 7.374549e+00  2.180224e+00  4.469083e+00  6.630872e+00  1.220904e+01 
 7.477346e+00  2.128106e+00  4.354025e+00  6.457595e+00  1.188412e+01 
 7.581576e+00  2.077325e+00  4.240881e+00  6.287173e+00  1.156686e+01 
 7.687260e+00  2.027328e+00  4.130979e+00  6.121175e+00  1.125764e+01 
 7.794416e+00  1.978561e+00  4.023668e+00  5.958655e+00  1.095475e+01 
 7.903066e+00  1.930890e+00  3.918403e+00  5.800047e+00  1.065881e+01 
 8.013230e+00  1.884295e+00  3.816690e+00  5.646795e+00  1.037158e+01 
 8.124930e+00  1.838764e+00  3.717356e+00  5.497039e+00  1.009143e+01 
 8.238187e+00  1.794588e+00  3.620639e+00  5.351062e+00  9.818944e+00 
 8.353023e+00  1.751374e+00  3.526738e+00  5.209553e+00  9.553975e+00 
 8.469460e+00  1.709417e+00  3.435684e+00  5.072209e+00  9.296904e+00 
 8.587519e+00  1.668609e+00  3.347013e+00  4.938454e+00  9.047067e+00 
 8.707225e+00  1.628856e+00  3.260831e+00  4.808888e+00  8.804636e+00 
 8.828599e+00  1.590207e+00  3.177469e+00  4.683136e+00  8.568702e+00 
 8.951665e+00  1.552719e+00  3.096431e+00  4.560629e+00  8.340161e+00 
 9.076446e+00  1.515817e+00  3.017449e+00  4.441811e+00  8.117680e+00 
 9.202967e+00  1.479956e+00  2.940497e+00  4.326113e+00  7.900452e+00 
 9.331251e+00  1.444840e+00  2.865197e+00  4.212556e+00  7.688320e+00 
 9.461324e+00  0.000000e+00  0.000000e+00  0.000000e+00  0.000000e+00 
 9.593209e+00  0.000000e+00  0.000000e+00  0.000000e+00  0.000000e+00 
 9.726934e+00  0.000000e+00  0.000000e+00  0.000000e+00  0.000000e+00 
 9.862522e+00  0.000000e+00  0.000000e+00  0.000000e+00  0.000000e+00 
 1.000000e+01  0.000000e+00  0.000000e+00  0.000000e+00  0.000000e+00 
