 1.000000e-02  5.805025e+03  1.065042e+04  1.447974e+04  2.173893e+04 
 1.013939e-02  5.835794e+03  1.070710e+04  1.455683e+04  2.185445e+04 
 1.028073e-02  5.866083e+03  1.076288e+04  1.463270e+04  2.196815e+04 
 1.042404e-02  5.895888e+03  1.081778e+04  1.470734e+04  2.207997e+04 
 1.056935e-02  5.925179e+03  1.087171e+04  1.478066e+04  2.218982e+04 
 1.071668e-02  5.953935e+03  1.092464e+04  1.485263e+04  2.229761e+04 
 1.086606e-02  5.982128e+03  1.097654e+04  1.492319e+04  2.240325e+04 
 1.101753e-02  6.009751e+03  1.102737e+04  1.499226e+04  2.250668e+04 
 1.117111e-02  6.036778e+03  1.107710e+04  1.505985e+04  2.260782e+04 
 1.132683e-02  6.063176e+03  1.112567e+04  1.512584e+04  2.270659e+04 
 1.148472e-02  6.088933e+03  1.117304e+04  1.519019e+04  2.280287e+04 
 1.164481e-02  6.114023e+03  1.121918e+04  1.525288e+04  2.289660e+04 
 1.180713e-02  6.138429e+03  1.126406e+04  1.531383e+04  2.298772e+04 
 1.197171e-02  6.162122e+03  1.130761e+04  1.537297e+04  2.307612e+04 
 1.213859e-02  6.185079e+03  1.134980e+04  1.543026e+04  2.316171e+04 
 1.230780e-02  6.207278e+03  1.139059e+04  1.548563e+04  2.324442e+04 
 1.247936e-02  6.228699e+03  1.142994e+04  1.553903e+04  2.332415e+04 
 1.265332e-02  6.249317e+03  1.146780e+04  1.559041e+04  2.340084e+04 
 1.282970e-02  6.269117e+03  1.150415e+04  1.563972e+04  2.347440e+04 
 1.300854e-02  6.288064e+03  1.153893e+04  1.568689e+04  2.354472e+04 
 1.318987e-02  6.306153e+03  1.157212e+04  1.573189e+04  2.361175e+04 
 1.337373e-02  6.323341e+03  1.160366e+04  1.577463e+04  2.367540e+04 
 1.356015e-02  6.339624e+03  1.163351e+04  1.581507e+04  2.373560e+04 
 1.374917e-02  6.354959e+03  1.166163e+04  1.585317e+04  2.379223e+04 
 1.394083e-02  6.369337e+03  1.168795e+04  1.588883e+04  2.384519e+04 
 1.413516e-02  6.382712e+03  1.171246e+04  1.592198e+04  2.389439e+04 
 1.433219e-02  6.395079e+03  1.173509e+04  1.595259e+04  2.393976e+04 
 1.453198e-02  6.406405e+03  1.175581e+04  1.598059e+04  2.398119e+04 
 1.473454e-02  6.416674e+03  1.177457e+04  1.600592e+04  2.401860e+04 
 1.493993e-02  6.425853e+03  1.179133e+04  1.602853e+04  2.405190e+04 
 1.514819e-02  6.433947e+03  1.180611e+04  1.604845e+04  2.408119e+04 
 1.535935e-02  6.440918e+03  1.181883e+04  1.606557e+04  2.410627e+04 
 1.557345e-02  6.446736e+03  1.182943e+04  1.607978e+04  2.412699e+04 
 1.579053e-02  6.451383e+03  1.183786e+04  1.609109e+04  2.414330e+04 
 1.601064e-02  6.454844e+03  1.184411e+04  1.609937e+04  2.415512e+04 
 1.623382e-02  6.457096e+03  1.184813e+04  1.610467e+04  2.416238e+04 
 1.646012e-02  6.458108e+03  1.184989e+04  1.610684e+04  2.416497e+04 
 1.668956e-02  6.457883e+03  1.184935e+04  1.610592e+04  2.416289e+04 
 1.692220e-02  6.456398e+03  1.184648e+04  1.610180e+04  2.415601e+04 
 1.715809e-02  6.453630e+03  1.184127e+04  1.609450e+04  2.414432e+04 
 1.739726e-02  6.449555e+03  1.183364e+04  1.608391e+04  2.412770e+04 
 1.763977e-02  6.444150e+03  1.182358e+04  1.606999e+04  2.410607e+04 
 1.788566e-02  6.437403e+03  1.181103e+04  1.605270e+04  2.407936e+04 
 1.813498e-02  6.429289e+03  1.179598e+04  1.603202e+04  2.404752e+04 
 1.838777e-02  6.419802e+03  1.177840e+04  1.600784e+04  2.401048e+04 
 1.864409e-02  6.408921e+03  1.175824e+04  1.598020e+04  2.396821e+04 
 1.890397e-02  6.396633e+03  1.173550e+04  1.594903e+04  2.392062e+04 
 1.916748e-02  6.382924e+03  1.171014e+04  1.591431e+04  2.386769e+04 
 1.943467e-02  6.367791e+03  1.168218e+04  1.587602e+04  2.380938e+04 
 1.970558e-02  6.351214e+03  1.165155e+04  1.583411e+04  2.374566e+04 
 1.998026e-02  6.333202e+03  1.161827e+04  1.578860e+04  2.367651e+04 
 2.025878e-02  6.313744e+03  1.158234e+04  1.573948e+04  2.360193e+04 
 2.054117e-02  6.292834e+03  1.154375e+04  1.568673e+04  2.352191e+04 
 2.082751e-02  6.270484e+03  1.150250e+04  1.563036e+04  2.343647e+04 
 2.111783e-02  6.246694e+03  1.145861e+04  1.557041e+04  2.334560e+04 
 2.141220e-02  6.221548e+03  1.141218e+04  1.550697e+04  2.324941e+04 
 2.171068e-02  6.195563e+03  1.136396e+04  1.544084e+04  2.314852e+04 
 2.201331e-02  6.168124e+03  1.131308e+04  1.537109e+04  2.304218e+04 
 2.232016e-02  6.139231e+03  1.125952e+04  1.529769e+04  2.293036e+04 
 2.263130e-02  6.108901e+03  1.120331e+04  1.522068e+04  2.281314e+04 
 2.294676e-02  6.077125e+03  1.114445e+04  1.514007e+04  2.269049e+04 
 2.326663e-02  6.043927e+03  1.108297e+04  1.505591e+04  2.256252e+04 
 2.359095e-02  6.009304e+03  1.101888e+04  1.496819e+04  2.242921e+04 
 2.391980e-02  5.973274e+03  1.095221e+04  1.487695e+04  2.229063e+04 
 2.425323e-02  5.935860e+03  1.088300e+04  1.478226e+04  2.214685e+04 
 2.459130e-02  5.897091e+03  1.081130e+04  1.468419e+04  2.199802e+04 
 2.493409e-02  5.856994e+03  1.073715e+04  1.458280e+04  2.184422e+04 
 2.528166e-02  5.815601e+03  1.066063e+04  1.447818e+04  2.168556e+04 
 2.563407e-02  5.772946e+03  1.058179e+04  1.437041e+04  2.152219e+04 
 2.599140e-02  5.729074e+03  1.050073e+04  1.425963e+04  2.135430e+04 
 2.635371e-02  5.684043e+03  1.041752e+04  1.414592e+04  2.118207e+04 
 2.672106e-02  5.637885e+03  1.033225e+04  1.402943e+04  2.100563e+04 
 2.709354e-02  5.590618e+03  1.024497e+04  1.391019e+04  2.082508e+04 
 2.747121e-02  5.542286e+03  1.015572e+04  1.378829e+04  2.064055e+04 
 2.785414e-02  5.492839e+03  1.006444e+04  1.366367e+04  2.045202e+04 
 2.824241e-02  5.442039e+03  9.970817e+03  1.353595e+04  2.025915e+04 
 2.863610e-02  5.390273e+03  9.875416e+03  1.340584e+04  2.006269e+04 
 2.903527e-02  5.337581e+03  9.778321e+03  1.327343e+04  1.986282e+04 
 2.944000e-02  5.284014e+03  9.679625e+03  1.313885e+04  1.965969e+04 
 2.985038e-02  5.229630e+03  9.579433e+03  1.300224e+04  1.945356e+04 
 3.026648e-02  5.174485e+03  9.477855e+03  1.286375e+04  1.924462e+04 
 3.068838e-02  5.118646e+03  9.375003e+03  1.272356e+04  1.903313e+04 
 3.111616e-02  5.062186e+03  9.271020e+03  1.258181e+04  1.881935e+04 
 3.154990e-02  5.005182e+03  9.166040e+03  1.243873e+04  1.860360e+04 
 3.198969e-02  4.947722e+03  9.060233e+03  1.229452e+04  1.838617e+04 
 3.243561e-02  4.889903e+03  8.953759e+03  1.214942e+04  1.816743e+04 
 3.288774e-02  4.831811e+03  8.846809e+03  1.200368e+04  1.794773e+04 
 3.334618e-02  4.773567e+03  8.739568e+03  1.185755e+04  1.772748e+04 
 3.381101e-02  4.715219e+03  8.632156e+03  1.171118e+04  1.750689e+04 
 3.428231e-02  4.656831e+03  8.524656e+03  1.156471e+04  1.728617e+04 
 3.476019e-02  4.598286e+03  8.417234e+03  1.141873e+04  1.706730e+04 
 3.524473e-02  4.539796e+03  8.309904e+03  1.127288e+04  1.684870e+04 
 3.573602e-02  4.481412e+03  8.202776e+03  1.112732e+04  1.663054e+04 
 3.623416e-02  4.423195e+03  8.095961e+03  1.098217e+04  1.641301e+04 
 3.673925e-02  4.365211e+03  7.989583e+03  1.083761e+04  1.619639e+04 
 3.725137e-02  4.307527e+03  7.883746e+03  1.069382e+04  1.598090e+04 
 3.777064e-02  4.250211e+03  7.778589e+03  1.055094e+04  1.576681e+04 
 3.829714e-02  4.193343e+03  7.674251e+03  1.040918e+04  1.555440e+04 
 3.883098e-02  4.136996e+03  7.570879e+03  1.026874e+04  1.534398e+04 
 3.937226e-02  4.081263e+03  7.468636e+03  1.012983e+04  1.513585e+04 
 3.992109e-02  4.026224e+03  7.367663e+03  9.992649e+03  1.493034e+04 
 4.047757e-02  3.971969e+03  7.268093e+03  9.857337e+03  1.472753e+04 
 4.104181e-02  3.918382e+03  7.169116e+03  9.722130e+03  1.452291e+04 
 4.161391e-02  3.865782e+03  7.071959e+03  9.589398e+03  1.432203e+04 
 4.219398e-02  3.814200e+03  6.976668e+03  9.459221e+03  1.412499e+04 
 4.278214e-02  3.763674e+03  6.883312e+03  9.331677e+03  1.393192e+04 
 4.337850e-02  3.714224e+03  6.791947e+03  9.206838e+03  1.374293e+04 
 4.398317e-02  3.665880e+03  6.702618e+03  9.084764e+03  1.355809e+04 
 4.459628e-02  3.618662e+03  6.615357e+03  8.965525e+03  1.337752e+04 
 4.521792e-02  3.572603e+03  6.530215e+03  8.849163e+03  1.320128e+04 
 4.584824e-02  3.527716e+03  6.447241e+03  8.735737e+03  1.302945e+04 
 4.648734e-02  3.484026e+03  6.366461e+03  8.625309e+03  1.286213e+04 
 4.713535e-02  3.441722e+03  6.289044e+03  8.520303e+03  1.270527e+04 
 4.779239e-02  3.400751e+03  6.214557e+03  8.419796e+03  1.255651e+04 
 4.845859e-02  3.361019e+03  6.142334e+03  8.322344e+03  1.241231e+04 
 4.913407e-02  3.322520e+03  6.072361e+03  8.227930e+03  1.227262e+04 
 4.981898e-02  3.285226e+03  6.004587e+03  8.136501e+03  1.213737e+04 
 5.051342e-02  3.249112e+03  5.938966e+03  8.047985e+03  1.200646e+04 
 5.121755e-02  3.214146e+03  5.875444e+03  7.962306e+03  1.187977e+04 
 5.193150e-02  3.180287e+03  5.813935e+03  7.879360e+03  1.175715e+04 
 5.265540e-02  3.147491e+03  5.754369e+03  7.799046e+03  1.163844e+04 
 5.338938e-02  3.115441e+03  5.695676e+03  7.719396e+03  1.151935e+04 
 5.413360e-02  3.084030e+03  5.637575e+03  7.639934e+03  1.139892e+04 
 5.488820e-02  3.053488e+03  5.581058e+03  7.562639e+03  1.128173e+04 
 5.565331e-02  3.023762e+03  5.526028e+03  7.487359e+03  1.116755e+04 
 5.642908e-02  2.994695e+03  5.472216e+03  7.413720e+03  1.105582e+04 
 5.721568e-02  2.966238e+03  5.419520e+03  7.341608e+03  1.094638e+04 
 5.801323e-02  2.938255e+03  5.367709e+03  7.270716e+03  1.083881e+04 
 5.882190e-02  2.910742e+03  5.316775e+03  7.201040e+03  1.073312e+04 
 5.964185e-02  2.883682e+03  5.267047e+03  7.133374e+03  1.063148e+04 
 6.047322e-02  2.857357e+03  5.219637e+03  7.069869e+03  1.053879e+04 
 6.131619e-02  2.830985e+03  5.172122e+03  7.006198e+03  1.044581e+04 
 6.217090e-02  2.804511e+03  5.124396e+03  6.942208e+03  1.035227e+04 
 6.303753e-02  2.777786e+03  5.076205e+03  6.877579e+03  1.025775e+04 
 6.391624e-02  2.750694e+03  5.027337e+03  6.812037e+03  1.016187e+04 
 6.480720e-02  2.723102e+03  4.977562e+03  6.745270e+03  1.006416e+04 
 6.571058e-02  2.694878e+03  4.926621e+03  6.676919e+03  9.964107e+03 
 6.662655e-02  2.664634e+03  4.869940e+03  6.598624e+03  9.843169e+03 
 6.755528e-02  2.633482e+03  4.811552e+03  6.517953e+03  9.718542e+03 
 6.849697e-02  2.601367e+03  4.751402e+03  6.434917e+03  9.590444e+03 
 6.945178e-02  2.568191e+03  4.689343e+03  6.349309e+03  9.458560e+03 
 7.041990e-02  2.533871e+03  4.625207e+03  6.260921e+03  9.322593e+03 
 7.140151e-02  2.498338e+03  4.558872e+03  6.169574e+03  9.182311e+03 
 7.239681e-02  2.461847e+03  4.491119e+03  6.076696e+03  9.041012e+03 
 7.340598e-02  2.424416e+03  4.422029e+03  5.982470e+03  8.899211e+03 
 7.442922e-02  2.385665e+03  4.350546e+03  5.885033e+03  8.752675e+03 
 7.546673e-02  2.345615e+03  4.276705e+03  5.784413e+03  8.601455e+03 
 7.651869e-02  2.304287e+03  4.200557e+03  5.680692e+03  8.445678e+03 
 7.758532e-02  2.261739e+03  4.122196e+03  5.574008e+03  8.285546e+03 
 7.866682e-02  2.218966e+03  4.044676e+03  5.469689e+03  8.132059e+03 
 7.976339e-02  2.176620e+03  3.969939e+03  5.371120e+03  7.992103e+03 
 8.087525e-02  2.133287e+03  3.893333e+03  5.269947e+03  7.848118e+03 
 8.200261e-02  2.089113e+03  3.815115e+03  5.166531e+03  7.700609e+03 
 8.314568e-02  2.044256e+03  3.735578e+03  5.061250e+03  7.550149e+03 
 8.430468e-02  1.998897e+03  3.655042e+03  4.954548e+03  7.397371e+03 
 8.547985e-02  1.952371e+03  3.571013e+03  4.841798e+03  7.232421e+03 
 8.667139e-02  1.905378e+03  3.485486e+03  4.726411e+03  7.062033e+03 
 8.787954e-02  1.858552e+03  3.400249e+03  4.611389e+03  6.892139e+03 
 8.910453e-02  1.812122e+03  3.315717e+03  4.497312e+03  6.723585e+03 
 9.034660e-02  1.766318e+03  3.232308e+03  4.384738e+03  6.557211e+03 
 9.160598e-02  1.722085e+03  3.152768e+03  4.278297e+03  6.402095e+03 
 9.288292e-02  1.679556e+03  3.077198e+03  4.178036e+03  6.258021e+03 
 9.417766e-02  1.638255e+03  3.003788e+03  4.080616e+03  6.117974e+03 
 9.549045e-02  1.598372e+03  2.932893e+03  3.986522e+03  5.982681e+03 
 9.682153e-02  1.560085e+03  2.864837e+03  3.896199e+03  5.852829e+03 
 9.817117e-02  1.523832e+03  2.800867e+03  3.811747e+03  5.732509e+03 
 9.953962e-02  1.489558e+03  2.740600e+03  3.732395e+03  5.619961e+03 
 1.009272e-01  1.457257e+03  2.683871e+03  3.657757e+03  5.514272e+03 
 1.023340e-01  1.426997e+03  2.630808e+03  3.588032e+03  5.415745e+03 
 1.037605e-01  1.398129e+03  2.579398e+03  3.519724e+03  5.317437e+03 
 1.052069e-01  1.368758e+03  2.523884e+03  3.442958e+03  5.199859e+03 
 1.066734e-01  1.341530e+03  2.472358e+03  3.371657e+03  5.090549e+03 
 1.081604e-01  1.316360e+03  2.424658e+03  3.305587e+03  4.989148e+03 
 1.096681e-01  1.293130e+03  2.380556e+03  3.244439e+03  4.895197e+03 
 1.111968e-01  1.271986e+03  2.340675e+03  3.189206e+03  4.809951e+03 
 1.127468e-01  1.252458e+03  2.303798e+03  3.138083e+03  4.730912e+03 
 1.143184e-01  1.234317e+03  2.269490e+03  3.090465e+03  4.657167e+03 
 1.159120e-01  1.217325e+03  2.237305e+03  3.045749e+03  4.587807e+03 
 1.175277e-01  1.202158e+03  2.209457e+03  3.007745e+03  4.530142e+03 
 1.191660e-01  1.187664e+03  2.182932e+03  2.971613e+03  4.475436e+03 
 1.208271e-01  1.173470e+03  2.156955e+03  2.936230e+03  4.421854e+03 
 1.225114e-01  1.159227e+03  2.130864e+03  2.900689e+03  4.368119e+03 
 1.242191e-01  1.144319e+03  2.103318e+03  2.863195e+03  4.312160e+03 
 1.259506e-01  1.128852e+03  2.074752e+03  2.824317e+03  4.254139e+03 
 1.277063e-01  1.112565e+03  2.044680e+03  2.783395e+03  4.193046e+03 
 1.294865e-01  1.095626e+03  2.013631e+03  2.741200e+03  4.129777e+03 
 1.312915e-01  1.077914e+03  1.981415e+03  2.697487e+03  4.063941e+03 
 1.331216e-01  1.058879e+03  1.946765e+03  2.650470e+03  3.993158e+03 
 1.349772e-01  1.038486e+03  1.909654e+03  2.600162e+03  3.917592e+03 
 1.368587e-01  1.017989e+03  1.874441e+03  2.554795e+03  3.856202e+03 
 1.387665e-01  9.961357e+02  1.836655e+03  2.505846e+03  3.789223e+03 
 1.407008e-01  9.730753e+02  1.796558e+03  2.453666e+03  3.717143e+03 
 1.426621e-01  9.499438e+02  1.756668e+03  2.401624e+03  3.643841e+03 
 1.446507e-01  9.262858e+02  1.715818e+03  2.348156e+03  3.567772e+03 
 1.466671e-01  9.020940e+02  1.673847e+03  2.293048e+03  3.489002e+03 
 1.487115e-01  8.755708e+02  1.625553e+03  2.227951e+03  3.393090e+03 
 1.507845e-01  8.478248e+02  1.573678e+03  2.157065e+03  3.287040e+03 
 1.528864e-01  8.206889e+02  1.522944e+03  2.087734e+03  3.183250e+03 
 1.550175e-01  7.964563e+02  1.479646e+03  2.030157e+03  3.100282e+03 
 1.571784e-01  7.747189e+02  1.442326e+03  1.981795e+03  3.033235e+03 
 1.593694e-01  7.542819e+02  1.407269e+03  1.936396e+03  2.970375e+03 
 1.615909e-01  7.358772e+02  1.376172e+03  1.896403e+03  2.915323e+03 
 1.638434e-01  7.193169e+02  1.348515e+03  1.861056e+03  2.867044e+03 
 1.661273e-01  7.044469e+02  1.323884e+03  1.829770e+03  2.824748e+03 
 1.684430e-01  6.878685e+02  1.293109e+03  1.788064e+03  2.763558e+03 
 1.707910e-01  6.725890e+02  1.264403e+03  1.748958e+03  2.705940e+03 
 1.731717e-01  6.593912e+02  1.239978e+03  1.715909e+03  2.657555e+03 
 1.755856e-01  6.496532e+02  1.223564e+03  1.694600e+03  2.627068e+03 
 1.780332e-01  6.409489e+02  1.209058e+03  1.675901e+03  2.600569e+03 
 1.805149e-01  6.311396e+02  1.190196e+03  1.649266e+03  2.558126e+03 
 1.830312e-01  6.206647e+02  1.168732e+03  1.617899e+03  2.506193e+03 
 1.855825e-01  6.104020e+02  1.147961e+03  1.587832e+03  2.457068e+03 
 1.881694e-01  6.004821e+02  1.129526e+03  1.562945e+03  2.420572e+03 
 1.907924e-01  5.900357e+02  1.110104e+03  1.536685e+03  2.381936e+03 
 1.934520e-01  5.783599e+02  1.088262e+03  1.507256e+03  2.339748e+03 
 1.961486e-01  5.656116e+02  1.064389e+03  1.475078e+03  2.293732e+03 
 1.988828e-01  5.531747e+02  1.041891e+03  1.445058e+03  2.250670e+03 
 2.016551e-01  5.416215e+02  1.022175e+03  1.419246e+03  2.213584e+03 
 2.044661e-01  5.290145e+02  1.000164e+03  1.390014e+03  2.170795e+03 
 2.073162e-01  5.147908e+02  9.735558e+02  1.353216e+03  2.114385e+03 
 2.102061e-01  5.001570e+02  9.461436e+02  1.315286e+03  2.056141e+03 
 2.131362e-01  4.893894e+02  9.305176e+02  1.296875e+03  2.032476e+03 
 2.161073e-01  4.788782e+02  9.153993e+02  1.279191e+03  2.009923e+03 
 2.191197e-01  4.655610e+02  8.924705e+02  1.249682e+03  1.970230e+03 
 2.221741e-01  4.522275e+02  8.688692e+02  1.218933e+03  1.928642e+03 
 2.252711e-01  4.403228e+02  8.484566e+02  1.192858e+03  1.893874e+03 
 2.284112e-01  4.296792e+02  8.305468e+02  1.170291e+03  1.864298e+03 
 2.315951e-01  4.204660e+02  8.142845e+02  1.148384e+03  1.830976e+03 
 2.348235e-01  4.124651e+02  7.999449e+02  1.128593e+03  1.799344e+03 
 2.380968e-01  4.032840e+02  7.819445e+02  1.103271e+03  1.760322e+03 
 2.414157e-01  3.943911e+02  7.641550e+02  1.078149e+03  1.721945e+03 
 2.447809e-01  3.856441e+02  7.471521e+02  1.054662e+03  1.686155e+03 
 2.481930e-01  3.773175e+02  7.310699e+02  1.032526e+03  1.652452e+03 
 2.516527e-01  3.724726e+02  7.229985e+02  1.021682e+03  1.635688e+03 
 2.551606e-01  3.664147e+02  7.121406e+02  1.006889e+03  1.613252e+03 
 2.587174e-01  3.569229e+02  6.932970e+02  9.807893e+02  1.574824e+03 
 2.623238e-01  3.488464e+02  6.784102e+02  9.607182e+02  1.545786e+03 
 2.659804e-01  3.422704e+02  6.677284e+02  9.470488e+02  1.526696e+03 
 2.696881e-01  3.334101e+02  6.516404e+02  9.254073e+02  1.494248e+03 
 2.734474e-01  3.237773e+02  6.338032e+02  9.012202e+02  1.457636e+03 
 2.772591e-01  3.164329e+02  6.218516e+02  8.864167e+02  1.438779e+03 
 2.811239e-01  3.086612e+02  6.084494e+02  8.694127e+02  1.417475e+03 
 2.850426e-01  3.005514e+02  5.935937e+02  8.501998e+02  1.394230e+03 
 2.890160e-01  2.932467e+02  5.812213e+02  8.342546e+02  1.371399e+03 
 2.930447e-01  2.865156e+02  5.695743e+02  8.185859e+02  1.346819e+03 
 2.971296e-01  2.802057e+02  5.570063e+02  7.995861e+02  1.313772e+03 
 3.012714e-01  2.746204e+02  5.473010e+02  7.866779e+02  1.294609e+03 
 3.054710e-01  2.692188e+02  5.382879e+02  7.754594e+02  1.279898e+03 
 3.097291e-01  2.627382e+02  5.262740e+02  7.596364e+02  1.258274e+03 
 3.140465e-01  2.568647e+02  5.143818e+02  7.424440e+02  1.229871e+03 
 3.184242e-01  2.516513e+02  5.039551e+02  7.273341e+02  1.204784e+03 
 3.228628e-01  2.474858e+02  4.970273e+02  7.186533e+02  1.194271e+03 
 3.273634e-01  2.414894e+02  4.849866e+02  7.013281e+02  1.166481e+03 
 3.319266e-01  2.352192e+02  4.728744e+02  6.845938e+02  1.141323e+03 
 3.365535e-01  2.291862e+02  4.621752e+02  6.708576e+02  1.123042e+03 
 3.412449e-01  2.249658e+02  4.565065e+02  6.640045e+02  1.111885e+03 
 3.460016e-01  2.203051e+02  4.488486e+02  6.540760e+02  1.097779e+03 
 3.508247e-01  2.157397e+02  4.406637e+02  6.430981e+02  1.081644e+03 
 3.557150e-01  2.113249e+02  4.324196e+02  6.318623e+02  1.064314e+03 
 3.606735e-01  2.062832e+02  4.233820e+02  6.199603e+02  1.047477e+03 
 3.657011e-01  2.003462e+02  4.121059e+02  6.045482e+02  1.026127e+03 
 3.707988e-01  1.956248e+02  4.030232e+02  5.921389e+02  1.007685e+03 
 3.759675e-01  1.913419e+02  3.947932e+02  5.808193e+02  9.907150e+02 
 3.812083e-01  1.869539e+02  3.868104e+02  5.699875e+02  9.748714e+02 
 3.865221e-01  1.832739e+02  3.813856e+02  5.635708e+02  9.639009e+02 
 3.919100e-01  1.794393e+02  3.724513e+02  5.500690e+02  9.456126e+02 
 3.973730e-01  1.750933e+02  3.652078e+02  5.409215e+02  9.309044e+02 
 4.029122e-01  1.715848e+02  3.596089e+02  5.330569e+02  9.163572e+02 
 4.085286e-01  1.680100e+02  3.519431e+02  5.220857e+02  9.006100e+02 
 4.142232e-01  1.637096e+02  3.432015e+02  5.105363e+02  8.861657e+02 
 4.199973e-01  1.595375e+02  3.359879e+02  5.013281e+02  8.725050e+02 
 4.258518e-01  1.562140e+02  3.297642e+02  4.924286e+02  8.570255e+02 
 4.317880e-01  1.527081e+02  3.228458e+02  4.822042e+02  8.413690e+02 
 4.378069e-01  1.496354e+02  3.167023e+02  4.734039e+02  8.267410e+02 
 4.439097e-01  1.470914e+02  3.127298e+02  4.686463e+02  8.223447e+02 
 4.500975e-01  1.431167e+02  3.053213e+02  4.584856e+02  8.073057e+02 
 4.563716e-01  1.397531e+02  2.983767e+02  4.483581e+02  7.891829e+02 
 4.627332e-01  1.375897e+02  2.956989e+02  4.450957e+02  7.859988e+02 
 4.691835e-01  1.340347e+02  2.882730e+02  4.348669e+02  7.687685e+02 
 4.757236e-01  1.314556e+02  2.832006e+02  4.279005e+02  7.580652e+02 
 4.823549e-01  1.279736e+02  2.760807e+02  4.178990e+02  7.445188e+02 
 4.890787e-01  1.252046e+02  2.706818e+02  4.105410e+02  7.328683e+02 
 4.958962e-01  1.231207e+02  2.665734e+02  4.041317e+02  7.210873e+02 
 5.028087e-01  1.203591e+02  2.617602e+02  3.976136e+02  7.115361e+02 
 5.098176e-01  1.181105e+02  2.575883e+02  3.914992e+02  6.995208e+02 
 5.169242e-01  1.160322e+02  2.536357e+02  3.861849e+02  6.922630e+02 
 5.241298e-01  1.122304e+02  2.471580e+02  3.782004e+02  6.823402e+02 
 5.314359e-01  1.102429e+02  2.440384e+02  3.738803e+02  6.753392e+02 
 5.388438e-01  1.078936e+02  2.387110e+02  3.659298e+02  6.632589e+02 
 5.463550e-01  1.059236e+02  2.348007e+02  3.600779e+02  6.535077e+02 
 5.539709e-01  1.030597e+02  2.297467e+02  3.535754e+02  6.433047e+02 
 5.616930e-01  1.011969e+02  2.260890e+02  3.483797e+02  6.353895e+02 
 5.695227e-01  9.917641e+01  2.227718e+02  3.441896e+02  6.264849e+02 
 5.774615e-01  9.689790e+01  2.175209e+02  3.364230e+02  6.153745e+02 
 5.855110e-01  9.513187e+01  2.141971e+02  3.312974e+02  6.067222e+02 
 5.936727e-01  9.290228e+01  2.090606e+02  3.241750e+02  5.959580e+02 
 6.019482e-01  9.129701e+01  2.065245e+02  3.200466e+02  5.883820e+02 
 6.103390e-01  8.909906e+01  2.027461e+02  3.150773e+02  5.794668e+02 
 6.188468e-01  8.708269e+01  1.994178e+02  3.120261e+02  5.770155e+02 
 6.274732e-01  8.559822e+01  1.955864e+02  3.054944e+02  5.664599e+02 
 6.362198e-01  8.385455e+01  1.925181e+02  3.009526e+02  5.576681e+02 
 6.450884e-01  8.186349e+01  1.889347e+02  2.959637e+02  5.489499e+02 
 6.540806e-01  8.012978e+01  1.848056e+02  2.897369e+02  5.399592e+02 
 6.631981e-01  7.832846e+01  1.819636e+02  2.865705e+02  5.342492e+02 
 6.724427e-01  7.680370e+01  1.786799e+02  2.820131e+02  5.285323e+02 
 6.818162e-01  7.511827e+01  1.753438e+02  2.761806e+02  5.178854e+02 
 6.913204e-01  7.348289e+01  1.720528e+02  2.719032e+02  5.105339e+02 
 7.009570e-01  7.240671e+01  1.693910e+02  2.679885e+02  5.037052e+02 
 7.107280e-01  7.052715e+01  1.664464e+02  2.638089e+02  4.955812e+02 
 7.206351e-01  6.940638e+01  1.638061e+02  2.602758e+02  4.911634e+02 
 7.306804e-01  6.797520e+01  1.612153e+02  2.559780e+02  4.822549e+02 
 7.408657e-01  6.644164e+01  1.579596e+02  2.513177e+02  4.758281e+02 
 7.511929e-01  6.500667e+01  1.550076e+02  2.474797e+02  4.690656e+02 
 7.616642e-01  6.371654e+01  1.521449e+02  2.434160e+02  4.629093e+02 
 7.722814e-01  6.284420e+01  1.504778e+02  2.405167e+02  4.560087e+02 
 7.830465e-01  6.149427e+01  1.475120e+02  2.363324e+02  4.497763e+02 
 7.939618e-01  6.032214e+01  1.454827e+02  2.331073e+02  4.449569e+02 
 8.050292e-01  5.895296e+01  1.427115e+02  2.298052e+02  4.388833e+02 
 8.162509e-01  5.789144e+01  1.405007e+02  2.257877e+02  4.309792e+02 
 8.276289e-01  5.644813e+01  1.376195e+02  2.219850e+02  4.251791e+02 
 8.391656e-01  5.570380e+01  1.358711e+02  2.187286e+02  4.201773e+02 
 8.508632e-01  5.464592e+01  1.334634e+02  2.155726e+02  4.142208e+02 
 8.627237e-01  5.341299e+01  1.312235e+02  2.121814e+02  4.074451e+02 
 8.747496e-01  5.240068e+01  1.289157e+02  2.088932e+02  4.017680e+02 
 8.869432e-01  5.146042e+01  1.269762e+02  2.059148e+02  3.964351e+02 
 8.993067e-01  5.039265e+01  1.248697e+02  2.026729e+02  3.904770e+02 
 9.118425e-01  4.957493e+01  1.226570e+02  1.991446e+02  3.833751e+02 
 9.245531e-01  4.847107e+01  1.205366e+02  1.959265e+02  3.789199e+02 
 9.374409e-01  4.751773e+01  1.186106e+02  1.932823e+02  3.736038e+02 
 9.505083e-01  4.670200e+01  1.166699e+02  1.903490e+02  3.681747e+02 
 9.637579e-01  4.568179e+01  1.143676e+02  1.869131e+02  3.625867e+02 
 9.771921e-01  4.505738e+01  1.135857e+02  1.849784e+02  3.575628e+02 
 9.908137e-01  4.416375e+01  1.113955e+02  1.819090e+02  3.526723e+02 
 1.004625e+00  4.327994e+01  1.092752e+02  1.786598e+02  3.465383e+02 
 1.018629e+00  4.253051e+01  1.076819e+02  1.760294e+02  3.412934e+02 
 1.032828e+00  4.168285e+01  1.059002e+02  1.736072e+02  3.374217e+02 
 1.047225e+00  4.084463e+01  1.042827e+02  1.707205e+02  3.313598e+02 
 1.061823e+00  4.018321e+01  1.027948e+02  1.682650e+02  3.263945e+02 
 1.076624e+00  3.940333e+01  1.010827e+02  1.656422e+02  3.212701e+02 
 1.091632e+00  3.870535e+01  9.939112e+01  1.631497e+02  3.161942e+02 
 1.106848e+00  3.793924e+01  9.761334e+01  1.605384e+02  3.116628e+02 
 1.122277e+00  3.724265e+01  9.617161e+01  1.578214e+02  3.063026e+02 
 1.137921e+00  3.654233e+01  9.446876e+01  1.553244e+02  3.015688e+02 
 1.153783e+00  3.592613e+01  9.294890e+01  1.528817e+02  2.970604e+02 
 1.169866e+00  3.526867e+01  9.150232e+01  1.504853e+02  2.926932e+02 
 1.186174e+00  3.460031e+01  9.010957e+01  1.481526e+02  2.877944e+02 
 1.202708e+00  3.401534e+01  8.864712e+01  1.458538e+02  2.832359e+02 
 1.219473e+00  3.342086e+01  8.727796e+01  1.436684e+02  2.783578e+02 
 1.236472e+00  3.280113e+01  8.590275e+01  1.414937e+02  2.741254e+02 
 1.253708e+00  3.223673e+01  8.444943e+01  1.390227e+02  2.698511e+02 
 1.271184e+00  3.167029e+01  8.339380e+01  1.372047e+02  2.653542e+02 
 1.288904e+00  3.109753e+01  8.172986e+01  1.346943e+02  2.612873e+02 
 1.306870e+00  3.050584e+01  8.040185e+01  1.324848e+02  2.566541e+02 
 1.325087e+00  3.001429e+01  7.915622e+01  1.303972e+02  2.521343e+02 
 1.343558e+00  2.948266e+01  7.783909e+01  1.282475e+02  2.478385e+02 
 1.362287e+00  2.899536e+01  7.651864e+01  1.259741e+02  2.436010e+02 
 1.381276e+00  2.847664e+01  7.528684e+01  1.236950e+02  2.393821e+02 
 1.400531e+00  2.799086e+01  7.406849e+01  1.217330e+02  2.349651e+02 
 1.420053e+00  2.747860e+01  7.277238e+01  1.197532e+02  2.307925e+02 
 1.439848e+00  2.701602e+01  7.164471e+01  1.176303e+02  2.268156e+02 
 1.459919e+00  2.651340e+01  7.043298e+01  1.156215e+02  2.225506e+02 
 1.480269e+00  2.611340e+01  6.915721e+01  1.135285e+02  2.182134e+02 
 1.500903e+00  2.565263e+01  6.804624e+01  1.115404e+02  2.146611e+02 
 1.521825e+00  2.520376e+01  6.699707e+01  1.097286e+02  2.106496e+02 
 1.543038e+00  2.475726e+01  6.585604e+01  1.079134e+02  2.069862e+02 
 1.564548e+00  2.436714e+01  6.475052e+01  1.059820e+02  2.029821e+02 
 1.586357e+00  2.395118e+01  6.371547e+01  1.041399e+02  1.991351e+02 
 1.608469e+00  2.351673e+01  6.264533e+01  1.023001e+02  1.955847e+02 
 1.630891e+00  2.318021e+01  6.146735e+01  1.002707e+02  1.915189e+02 
 1.653624e+00  2.275118e+01  6.040612e+01  9.857911e+01  1.881526e+02 
 1.676675e+00  2.236162e+01  5.946300e+01  9.685577e+01  1.843233e+02 
 1.700047e+00  2.197211e+01  5.843718e+01  9.506165e+01  1.807959e+02 
 1.723745e+00  2.161202e+01  5.738687e+01  9.329203e+01  1.769912e+02 
 1.747773e+00  2.122008e+01  5.635279e+01  9.152248e+01  1.734494e+02 
 1.772136e+00  2.086509e+01  5.536710e+01  8.978090e+01  1.701343e+02 
 1.796838e+00  2.052138e+01  5.437990e+01  8.810486e+01  1.666462e+02 
 1.821885e+00  2.019460e+01  5.340222e+01  8.639655e+01  1.633391e+02 
 1.847281e+00  1.984629e+01  5.253184e+01  8.484687e+01  1.600102e+02 
 1.873032e+00  1.951654e+01  5.153984e+01  8.309444e+01  1.567836e+02 
 1.899141e+00  1.917826e+01  5.057417e+01  8.153215e+01  1.535691e+02 
 1.925614e+00  1.886986e+01  4.968909e+01  7.997312e+01  1.503035e+02 
 1.952456e+00  1.860143e+01  4.883185e+01  7.844026e+01  1.471401e+02 
 1.979672e+00  1.824735e+01  4.796596e+01  7.691312e+01  1.440722e+02 
 2.007267e+00  1.796259e+01  4.706118e+01  7.529553e+01  1.410882e+02 
 2.035248e+00  1.763650e+01  4.615205e+01  7.375890e+01  1.379678e+02 
 2.063618e+00  1.733606e+01  4.526514e+01  7.226868e+01  1.349442e+02 
 2.092383e+00  1.704787e+01  4.440919e+01  7.076533e+01  1.320225e+02 
 2.121550e+00  1.674775e+01  4.354302e+01  6.930212e+01  1.290878e+02 
 2.151123e+00  1.646793e+01  4.271547e+01  6.783132e+01  1.261769e+02 
 2.181109e+00  1.618331e+01  4.186741e+01  6.643131e+01  1.234350e+02 
 2.211512e+00  1.590854e+01  4.102959e+01  6.498733e+01  1.205618e+02 
 2.242340e+00  1.564079e+01  4.025779e+01  6.363816e+01  1.178887e+02 
 2.273597e+00  1.535722e+01  3.946018e+01  6.222633e+01  1.152041e+02 
 2.305289e+00  1.511250e+01  3.867241e+01  6.092280e+01  1.126164e+02 
 2.337424e+00  1.485424e+01  3.788875e+01  5.958939e+01  1.100761e+02 
 2.370006e+00  1.459521e+01  3.713035e+01  5.831811e+01  1.076181e+02 
 2.403043e+00  1.433201e+01  3.638617e+01  5.701200e+01  1.051036e+02 
 2.436540e+00  1.409424e+01  3.566095e+01  5.577316e+01  1.026670e+02 
 2.470504e+00  1.384955e+01  3.493854e+01  5.452180e+01  1.002615e+02 
 2.504942e+00  1.360885e+01  3.423478e+01  5.332942e+01  9.794302e+01 
 2.539859e+00  1.338036e+01  3.351257e+01  5.211113e+01  9.560030e+01 
 2.575263e+00  1.313398e+01  3.279956e+01  5.097449e+01  9.338200e+01 
 2.611161e+00  1.291057e+01  3.211129e+01  4.977717e+01  9.116346e+01 
 2.647559e+00  1.268239e+01  3.142418e+01  4.861521e+01  8.894183e+01 
 2.684465e+00  1.245661e+01  3.077257e+01  4.749128e+01  8.680023e+01 
 2.721885e+00  1.222458e+01  3.008214e+01  4.639515e+01  8.470590e+01 
 2.759826e+00  1.200560e+01  2.941816e+01  4.529595e+01  8.265051e+01 
 2.798297e+00  1.178712e+01  2.878690e+01  4.424198e+01  8.068667e+01 
 2.837304e+00  1.157455e+01  2.815168e+01  4.319918e+01  7.871939e+01 
 2.876854e+00  1.136177e+01  2.752418e+01  4.217488e+01  7.680884e+01 
 2.916956e+00  1.115556e+01  2.692359e+01  4.117552e+01  7.490408e+01 
 2.957617e+00  1.095467e+01  2.633325e+01  4.021231e+01  7.309022e+01 
 2.998844e+00  1.075218e+01  2.575163e+01  3.925135e+01  7.129180e+01 
 3.040646e+00  1.055405e+01  2.517111e+01  3.830871e+01  6.958578e+01 
 3.083031e+00  1.035896e+01  2.459927e+01  3.739040e+01  6.787542e+01 
 3.126007e+00  1.016957e+01  2.405168e+01  3.648873e+01  6.618274e+01 
 3.169582e+00  9.977204e+00  2.348916e+01  3.558795e+01  6.454604e+01 
 3.213764e+00  9.788735e+00  2.295086e+01  3.471913e+01  6.294044e+01 
 3.258562e+00  9.599100e+00  2.242747e+01  3.386635e+01  6.136623e+01 
 3.303985e+00  9.414542e+00  2.189480e+01  3.303033e+01  5.983039e+01 
 3.350041e+00  9.234058e+00  2.137487e+01  3.220310e+01  5.831713e+01 
 3.396739e+00  9.050835e+00  2.087237e+01  3.140951e+01  5.683741e+01 
 3.444087e+00  8.876287e+00  2.037027e+01  3.061049e+01  5.539441e+01 
 3.492096e+00  8.702461e+00  1.988960e+01  2.985524e+01  5.401262e+01 
 3.540774e+00  8.526487e+00  1.941958e+01  2.911243e+01  5.264743e+01 
 3.590130e+00  8.359513e+00  1.895092e+01  2.837602e+01  5.132862e+01 
 3.640175e+00  8.195696e+00  1.849823e+01  2.767437e+01  5.003221e+01 
 3.690917e+00  8.029592e+00  1.806103e+01  2.697155e+01  4.876839e+01 
 3.742366e+00  7.868584e+00  1.761794e+01  2.629777e+01  4.755493e+01 
 3.794533e+00  7.711987e+00  1.719882e+01  2.563975e+01  4.635046e+01 
 3.847427e+00  7.555444e+00  1.677708e+01  2.499184e+01  4.518968e+01 
 3.901058e+00  7.397808e+00  1.637059e+01  2.436196e+01  4.403562e+01 
 3.955436e+00  7.249381e+00  1.596766e+01  2.373252e+01  4.290589e+01 
 4.010573e+00  7.095737e+00  1.557173e+01  2.313236e+01  4.181773e+01 
 4.066478e+00  6.946991e+00  1.518241e+01  2.253439e+01  4.073763e+01 
 4.123163e+00  6.799292e+00  1.480711e+01  2.195356e+01  3.968672e+01 
 4.180637e+00  6.656066e+00  1.443803e+01  2.138911e+01  3.865858e+01 
 4.238913e+00  6.513586e+00  1.407213e+01  2.083407e+01  3.766738e+01 
 4.298001e+00  6.370921e+00  1.371822e+01  2.029703e+01  3.669104e+01 
 4.357913e+00  6.236777e+00  1.337195e+01  1.977391e+01  3.575240e+01 
 4.418660e+00  6.100912e+00  1.303809e+01  1.926187e+01  3.483721e+01 
 4.480254e+00  5.967136e+00  1.270827e+01  1.876465e+01  3.394198e+01 
 4.542706e+00  5.838443e+00  1.238566e+01  1.827887e+01  3.306916e+01 
 4.606029e+00  5.710384e+00  1.207568e+01  1.781040e+01  3.222866e+01 
 4.670234e+00  5.584685e+00  1.177179e+01  1.735617e+01  3.140791e+01 
 4.735335e+00  5.461804e+00  1.147542e+01  1.690851e+01  3.060107e+01 
 4.801343e+00  5.342490e+00  1.118669e+01  1.647305e+01  2.981103e+01 
 4.868271e+00  5.222901e+00  1.090082e+01  1.604437e+01  2.903986e+01 
 4.936132e+00  5.105352e+00  1.062083e+01  1.562663e+01  2.828639e+01 
 5.004939e+00  4.989372e+00  1.034864e+01  1.521794e+01  2.754828e+01 
 5.074705e+00  4.874685e+00  1.008127e+01  1.481744e+01  2.682999e+01 
 5.145444e+00  4.763654e+00  9.820998e+00  1.442847e+01  2.612982e+01 
 5.217169e+00  4.653070e+00  9.565509e+00  1.404767e+01  2.543838e+01 
 5.289893e+00  4.546733e+00  9.318371e+00  1.368158e+01  2.477508e+01 
 5.363631e+00  4.440198e+00  9.076842e+00  1.331913e+01  2.412465e+01 
 5.438397e+00  4.337468e+00  8.840947e+00  1.296953e+01  2.349041e+01 
 5.514206e+00  4.236407e+00  8.612050e+00  1.262968e+01  2.287703e+01 
 5.591071e+00  4.136576e+00  8.390150e+00  1.229818e+01  2.227969e+01 
 5.669007e+00  4.041116e+00  8.172907e+00  1.197793e+01  2.170020e+01 
 5.748030e+00  3.946579e+00  7.962656e+00  1.166454e+01  2.113246e+01 
 5.828155e+00  3.854177e+00  7.757800e+00  1.136105e+01  2.058185e+01 
 5.909396e+00  3.763770e+00  7.557526e+00  1.106469e+01  2.004661e+01 
 5.991770e+00  3.674697e+00  7.361455e+00  1.077431e+01  1.952177e+01 
 6.075292e+00  3.587621e+00  7.170891e+00  1.049162e+01  1.900712e+01 
 6.159978e+00  3.501851e+00  6.983822e+00  1.021502e+01  1.850544e+01 
 6.245845e+00  3.417777e+00  6.801391e+00  9.945002e+00  1.801381e+01 
 6.332908e+00  3.335082e+00  6.622271e+00  9.680563e+00  1.753301e+01 
 6.421186e+00  3.254723e+00  6.448602e+00  9.422705e+00  1.706464e+01 
 6.510694e+00  3.175532e+00  6.278926e+00  9.172578e+00  1.660877e+01 
 6.601449e+00  3.098745e+00  6.114309e+00  8.928858e+00  1.616526e+01 
 6.693470e+00  3.023152e+00  5.953220e+00  8.690765e+00  1.573250e+01 
 6.786773e+00  2.949562e+00  5.797262e+00  8.459728e+00  1.531269e+01 
 6.881377e+00  2.878162e+00  5.645605e+00  8.235763e+00  1.490327e+01 
 6.977300e+00  2.808304e+00  5.498617e+00  8.019063e+00  1.450686e+01 
 7.074559e+00  2.740558e+00  5.355264e+00  7.807000e+00  1.412069e+01 
 7.173175e+00  2.674064e+00  5.216401e+00  7.601676e+00  1.374635e+01 
 7.273165e+00  2.609573e+00  5.081351e+00  7.402607e+00  1.338143e+01 
 7.374549e+00  2.546346e+00  4.949305e+00  7.207509e+00  1.302660e+01 
 7.477346e+00  2.484368e+00  4.821148e+00  7.018595e+00  1.267957e+01 
 7.581576e+00  2.424060e+00  4.694933e+00  6.832624e+00  1.234002e+01 
 7.687260e+00  2.364708e+00  4.572318e+00  6.651351e+00  1.200913e+01 
 7.794416e+00  2.306698e+00  4.452526e+00  6.473748e+00  1.168496e+01 
 7.903066e+00  2.250061e+00  4.335234e+00  6.300510e+00  1.136800e+01 
 8.013230e+00  2.194731e+00  4.221661e+00  6.133177e+00  1.106030e+01 
 8.124930e+00  2.140631e+00  4.110874e+00  5.969392e+00  1.076017e+01 
 8.238187e+00  2.088150e+00  4.002849e+00  5.809777e+00  1.046849e+01 
 8.353023e+00  2.036844e+00  3.898091e+00  5.655194e+00  1.018470e+01 
 8.469460e+00  1.987053e+00  3.796419e+00  5.505028e+00  9.909321e+00 
 8.587519e+00  1.938622e+00  3.697487e+00  5.359002e+00  9.641934e+00 
 8.707225e+00  1.891508e+00  3.601313e+00  5.217457e+00  9.382331e+00 
 8.828599e+00  1.845734e+00  3.508505e+00  5.080018e+00  9.129932e+00 
 8.951665e+00  1.801073e+00  3.418222e+00  4.946527e+00  8.885512e+00 
 9.076446e+00  1.757757e+00  3.330458e+00  4.817174e+00  8.648052e+00 
 9.202967e+00  1.715501e+00  3.244977e+00  4.691168e+00  8.416344e+00 
 9.331251e+00  1.674203e+00  3.161489e+00  4.567859e+00  8.190438e+00 
 9.461324e+00  0.000000e+00  0.000000e+00  0.000000e+00  0.000000e+00 
 9.593209e+00  0.000000e+00  0.000000e+00  0.000000e+00  0.000000e+00 
 9.726934e+00  0.000000e+00  0.000000e+00  0.000000e+00  0.000000e+00 
 9.862522e+00  0.000000e+00  0.000000e+00  0.000000e+00  0.000000e+00 
 1.000000e+01  0.000000e+00  0.000000e+00  0.000000e+00  0.000000e+00 
