 1.000000e-02  5.891215e+03  1.068134e+04  1.438119e+04  2.124223e+04 
 1.013939e-02  5.920264e+03  1.073389e+04  1.445174e+04  2.134605e+04 
 1.028073e-02  5.948730e+03  1.078534e+04  1.452080e+04  2.144771e+04 
 1.042404e-02  5.976614e+03  1.083567e+04  1.458847e+04  2.154720e+04 
 1.056935e-02  6.003900e+03  1.088485e+04  1.465467e+04  2.164444e+04 
 1.071668e-02  6.030538e+03  1.093292e+04  1.471927e+04  2.173934e+04 
 1.086606e-02  6.056511e+03  1.097992e+04  1.478224e+04  2.183181e+04 
 1.101753e-02  6.081817e+03  1.102569e+04  1.484357e+04  2.192180e+04 
 1.117111e-02  6.106420e+03  1.107009e+04  1.490322e+04  2.200926e+04 
 1.132683e-02  6.130321e+03  1.111314e+04  1.496119e+04  2.209418e+04 
 1.148472e-02  6.153520e+03  1.115496e+04  1.501743e+04  2.217663e+04 
 1.164481e-02  6.175979e+03  1.119552e+04  1.507182e+04  2.225647e+04 
 1.180713e-02  6.197660e+03  1.123466e+04  1.512425e+04  2.233341e+04 
 1.197171e-02  6.218492e+03  1.127222e+04  1.517453e+04  2.240714e+04 
 1.213859e-02  6.238466e+03  1.130818e+04  1.522268e+04  2.247764e+04 
 1.230780e-02  6.257610e+03  1.134262e+04  1.526890e+04  2.254518e+04 
 1.247936e-02  6.275902e+03  1.137554e+04  1.531311e+04  2.260973e+04 
 1.265332e-02  6.293284e+03  1.140683e+04  1.535507e+04  2.267103e+04 
 1.282970e-02  6.309742e+03  1.143641e+04  1.539466e+04  2.272892e+04 
 1.300854e-02  6.325245e+03  1.146428e+04  1.543191e+04  2.278337e+04 
 1.318987e-02  6.339789e+03  1.149039e+04  1.546683e+04  2.283427e+04 
 1.337373e-02  6.353345e+03  1.151471e+04  1.549938e+04  2.288158e+04 
 1.356015e-02  6.365881e+03  1.153719e+04  1.552946e+04  2.292517e+04 
 1.374917e-02  6.377379e+03  1.155776e+04  1.555694e+04  2.296495e+04 
 1.394083e-02  6.387811e+03  1.157640e+04  1.558178e+04  2.300088e+04 
 1.413516e-02  6.397167e+03  1.159307e+04  1.560400e+04  2.303302e+04 
 1.433219e-02  6.405417e+03  1.160774e+04  1.562351e+04  2.306123e+04 
 1.453198e-02  6.412539e+03  1.162037e+04  1.564026e+04  2.308526e+04 
 1.473454e-02  6.418516e+03  1.163092e+04  1.565419e+04  2.310501e+04 
 1.493993e-02  6.423323e+03  1.163935e+04  1.566527e+04  2.312052e+04 
 1.514819e-02  6.426902e+03  1.164556e+04  1.567337e+04  2.313168e+04 
 1.535935e-02  6.429237e+03  1.164951e+04  1.567847e+04  2.313846e+04 
 1.557345e-02  6.430324e+03  1.165121e+04  1.568053e+04  2.314085e+04 
 1.579053e-02  6.430138e+03  1.165062e+04  1.567948e+04  2.313873e+04 
 1.601064e-02  6.428682e+03  1.164772e+04  1.567530e+04  2.313194e+04 
 1.623382e-02  6.425948e+03  1.164248e+04  1.566797e+04  2.312039e+04 
 1.646012e-02  6.421907e+03  1.163488e+04  1.565746e+04  2.310406e+04 
 1.668956e-02  6.416506e+03  1.162481e+04  1.564368e+04  2.308281e+04 
 1.692220e-02  6.409726e+03  1.161222e+04  1.562656e+04  2.305655e+04 
 1.715809e-02  6.401600e+03  1.159719e+04  1.560612e+04  2.302544e+04 
 1.739726e-02  6.392084e+03  1.157964e+04  1.558226e+04  2.298938e+04 
 1.763977e-02  6.381148e+03  1.155953e+04  1.555492e+04  2.294823e+04 
 1.788566e-02  6.368804e+03  1.153684e+04  1.552413e+04  2.290202e+04 
 1.813498e-02  6.355026e+03  1.151158e+04  1.548984e+04  2.285070e+04 
 1.838777e-02  6.339793e+03  1.148367e+04  1.545202e+04  2.279402e+04 
 1.864409e-02  6.323100e+03  1.145313e+04  1.541064e+04  2.273203e+04 
 1.890397e-02  6.304955e+03  1.141992e+04  1.536569e+04  2.266481e+04 
 1.916748e-02  6.285338e+03  1.138405e+04  1.531710e+04  2.259214e+04 
 1.943467e-02  6.264227e+03  1.134549e+04  1.526491e+04  2.251413e+04 
 1.970558e-02  6.241617e+03  1.130420e+04  1.520904e+04  2.243092e+04 
 1.998026e-02  6.217490e+03  1.126018e+04  1.514950e+04  2.234239e+04 
 2.025878e-02  6.191893e+03  1.121346e+04  1.508637e+04  2.224839e+04 
 2.054117e-02  6.164812e+03  1.116406e+04  1.501961e+04  2.214893e+04 
 2.082751e-02  6.136234e+03  1.111194e+04  1.494920e+04  2.204407e+04 
 2.111783e-02  6.106145e+03  1.105709e+04  1.487511e+04  2.193381e+04 
 2.141220e-02  6.074648e+03  1.099967e+04  1.479751e+04  2.181827e+04 
 2.171068e-02  6.042291e+03  1.094049e+04  1.471731e+04  2.169827e+04 
 2.201331e-02  6.008470e+03  1.087862e+04  1.463351e+04  2.157291e+04 
 2.232016e-02  5.973177e+03  1.081411e+04  1.454614e+04  2.144236e+04 
 2.263130e-02  5.936450e+03  1.074698e+04  1.445524e+04  2.130672e+04 
 2.294676e-02  5.898274e+03  1.067724e+04  1.436084e+04  2.116594e+04 
 2.326663e-02  5.858653e+03  1.060488e+04  1.426291e+04  2.101993e+04 
 2.359095e-02  5.817606e+03  1.052994e+04  1.416152e+04  2.086881e+04 
 2.391980e-02  5.775198e+03  1.045255e+04  1.405681e+04  2.071274e+04 
 2.425323e-02  5.731454e+03  1.037271e+04  1.394886e+04  2.055188e+04 
 2.459130e-02  5.686368e+03  1.029045e+04  1.383764e+04  2.038622e+04 
 2.493409e-02  5.639965e+03  1.020581e+04  1.372320e+04  2.021580e+04 
 2.528166e-02  5.592276e+03  1.011885e+04  1.360564e+04  2.004078e+04 
 2.563407e-02  5.543362e+03  1.002966e+04  1.348509e+04  1.986137e+04 
 2.599140e-02  5.493266e+03  9.938322e+03  1.336165e+04  1.967770e+04 
 2.635371e-02  5.441995e+03  9.844889e+03  1.323539e+04  1.948990e+04 
 2.672106e-02  5.389595e+03  9.749421e+03  1.310640e+04  1.929811e+04 
 2.709354e-02  5.336114e+03  9.652016e+03  1.297478e+04  1.910244e+04 
 2.747121e-02  5.281616e+03  9.552738e+03  1.284068e+04  1.890310e+04 
 2.785414e-02  5.226088e+03  9.451619e+03  1.270411e+04  1.870020e+04 
 2.824241e-02  5.169331e+03  9.348400e+03  1.256485e+04  1.849361e+04 
 2.863610e-02  5.111705e+03  9.243626e+03  1.242352e+04  1.828399e+04 
 2.903527e-02  5.053271e+03  9.137404e+03  1.228023e+04  1.807153e+04 
 2.944000e-02  4.994099e+03  9.029862e+03  1.213514e+04  1.785642e+04 
 2.985038e-02  4.934256e+03  8.921101e+03  1.198841e+04  1.763892e+04 
 3.026648e-02  4.873816e+03  8.811259e+03  1.184025e+04  1.741929e+04 
 3.068838e-02  4.812843e+03  8.700446e+03  1.169080e+04  1.719779e+04 
 3.111616e-02  4.751400e+03  8.588781e+03  1.154023e+04  1.697461e+04 
 3.154990e-02  4.689543e+03  8.476388e+03  1.138866e+04  1.674999e+04 
 3.198969e-02  4.627353e+03  8.363406e+03  1.123632e+04  1.652421e+04 
 3.243561e-02  4.564928e+03  8.250000e+03  1.108341e+04  1.629764e+04 
 3.288774e-02  4.502350e+03  8.136325e+03  1.093011e+04  1.607053e+04 
 3.334618e-02  4.439682e+03  8.022487e+03  1.077660e+04  1.584314e+04 
 3.381101e-02  4.377000e+03  7.908636e+03  1.062309e+04  1.561573e+04 
 3.428231e-02  4.314385e+03  7.794914e+03  1.046978e+04  1.538861e+04 
 3.476019e-02  4.251729e+03  7.681440e+03  1.031716e+04  1.516356e+04 
 3.524473e-02  4.189299e+03  7.568408e+03  1.016513e+04  1.493939e+04 
 3.573602e-02  4.127190e+03  7.455951e+03  1.001387e+04  1.471636e+04 
 3.623416e-02  4.065488e+03  7.344213e+03  9.863576e+03  1.449473e+04 
 3.673925e-02  4.004260e+03  7.233347e+03  9.714441e+03  1.427480e+04 
 3.725137e-02  3.943586e+03  7.123481e+03  9.566643e+03  1.405685e+04 
 3.777064e-02  3.883549e+03  7.014756e+03  9.420400e+03  1.384118e+04 
 3.829714e-02  3.824237e+03  6.907345e+03  9.275913e+03  1.362810e+04 
 3.883098e-02  3.765724e+03  6.801377e+03  9.133358e+03  1.341788e+04 
 3.937226e-02  3.708065e+03  6.696962e+03  8.992895e+03  1.321072e+04 
 3.992109e-02  3.651330e+03  6.594225e+03  8.854677e+03  1.300686e+04 
 4.047757e-02  3.595578e+03  6.493244e+03  8.718787e+03  1.280632e+04 
 4.104181e-02  3.540733e+03  6.393329e+03  8.583728e+03  1.260536e+04 
 4.161391e-02  3.487010e+03  6.295440e+03  8.451420e+03  1.240848e+04 
 4.219398e-02  3.434463e+03  6.199699e+03  8.322004e+03  1.221587e+04 
 4.278214e-02  3.383145e+03  6.106197e+03  8.195604e+03  1.202771e+04 
 4.337850e-02  3.333097e+03  6.015014e+03  8.072316e+03  1.184416e+04 
 4.398317e-02  3.284370e+03  5.926211e+03  7.952231e+03  1.166538e+04 
 4.459628e-02  3.236993e+03  5.839846e+03  7.835439e+03  1.149146e+04 
 4.521792e-02  3.191002e+03  5.755994e+03  7.722021e+03  1.132254e+04 
 4.584824e-02  3.146423e+03  5.674687e+03  7.612047e+03  1.115868e+04 
 4.648734e-02  3.103264e+03  5.595967e+03  7.505551e+03  1.099996e+04 
 4.713535e-02  3.061624e+03  5.520711e+03  7.404448e+03  1.085107e+04 
 4.779239e-02  3.021472e+03  5.448565e+03  7.307956e+03  1.071012e+04 
 4.845859e-02  2.982767e+03  5.379007e+03  7.214912e+03  1.057423e+04 
 4.913407e-02  2.945482e+03  5.312003e+03  7.125300e+03  1.044338e+04 
 4.981898e-02  2.909594e+03  5.247538e+03  7.039070e+03  1.031749e+04 
 5.051342e-02  2.875072e+03  5.185561e+03  6.956184e+03  1.019648e+04 
 5.121755e-02  2.841892e+03  5.125990e+03  6.876535e+03  1.008021e+04 
 5.193150e-02  2.810019e+03  5.068756e+03  6.800021e+03  9.968545e+03 
 5.265540e-02  2.779391e+03  5.013757e+03  6.726513e+03  9.861300e+03 
 5.338938e-02  2.749727e+03  4.960077e+03  6.654314e+03  9.754853e+03 
 5.413360e-02  2.720915e+03  4.907437e+03  6.582987e+03  9.648338e+03 
 5.488820e-02  2.693157e+03  4.856712e+03  6.514226e+03  9.545610e+03 
 5.565331e-02  2.666365e+03  4.807723e+03  6.447818e+03  9.446355e+03 
 5.642908e-02  2.640388e+03  4.760203e+03  6.383412e+03  9.350041e+03 
 5.721568e-02  2.615077e+03  4.713895e+03  6.320629e+03  9.256131e+03 
 5.801323e-02  2.590452e+03  4.668838e+03  6.259529e+03  9.164712e+03 
 5.882190e-02  2.566642e+03  4.625262e+03  6.200414e+03  9.076236e+03 
 5.964185e-02  2.543760e+03  4.583645e+03  6.144220e+03  8.992849e+03 
 6.047322e-02  2.521733e+03  4.544359e+03  6.091969e+03  8.917415e+03 
 6.131619e-02  2.499681e+03  4.505020e+03  6.039644e+03  8.841894e+03 
 6.217090e-02  2.477226e+03  4.464946e+03  5.986325e+03  8.764929e+03 
 6.303753e-02  2.454312e+03  4.424031e+03  5.931883e+03  8.686332e+03 
 6.391624e-02  2.430977e+03  4.382358e+03  5.876414e+03  8.606239e+03 
 6.480720e-02  2.407228e+03  4.339944e+03  5.819964e+03  8.524715e+03 
 6.571058e-02  2.382952e+03  4.296586e+03  5.762240e+03  8.441337e+03 
 6.662655e-02  2.356861e+03  4.248178e+03  5.695902e+03  8.340354e+03 
 6.755528e-02  2.329845e+03  4.198052e+03  5.627206e+03  8.235817e+03 
 6.849697e-02  2.301812e+03  4.146096e+03  5.556081e+03  8.127770e+03 
 6.945178e-02  2.272678e+03  4.092153e+03  5.482308e+03  8.015909e+03 
 7.041990e-02  2.242347e+03  4.036061e+03  5.405674e+03  7.899926e+03 
 7.140151e-02  2.210746e+03  3.977690e+03  5.325999e+03  7.779581e+03 
 7.239681e-02  2.178097e+03  3.917739e+03  5.244569e+03  7.657768e+03 
 7.340598e-02  2.144391e+03  3.856248e+03  5.161513e+03  7.534874e+03 
 7.442922e-02  2.109264e+03  3.792205e+03  5.075050e+03  7.407061e+03 
 7.546673e-02  2.072715e+03  3.725615e+03  4.985184e+03  7.274335e+03 
 7.651869e-02  2.034776e+03  3.656518e+03  4.891973e+03  7.136783e+03 
 7.758532e-02  1.995491e+03  3.585014e+03  4.795555e+03  6.994608e+03 
 7.866682e-02  1.955721e+03  3.513710e+03  4.700441e+03  6.856942e+03 
 7.976339e-02  1.916047e+03  3.444278e+03  4.609505e+03  6.729518e+03 
 8.087525e-02  1.875259e+03  3.372768e+03  4.515736e+03  6.597812e+03 
 8.200261e-02  1.833500e+03  3.299430e+03  4.419470e+03  6.462295e+03 
 8.314568e-02  1.790938e+03  3.224578e+03  4.321106e+03  6.323550e+03 
 8.430468e-02  1.747758e+03  3.148547e+03  4.221086e+03  6.182219e+03 
 8.547985e-02  1.703514e+03  3.069534e+03  4.116035e+03  6.031062e+03 
 8.667139e-02  1.658806e+03  2.989173e+03  4.008705e+03  5.875403e+03 
 8.787954e-02  1.614185e+03  2.908940e+03  3.901538e+03  5.719942e+03 
 8.910453e-02  1.569886e+03  2.829277e+03  3.795127e+03  5.565521e+03 
 9.034660e-02  1.526161e+03  2.750637e+03  3.690075e+03  5.413015e+03 
 9.160598e-02  1.483889e+03  2.675492e+03  3.590520e+03  5.270444e+03 
 9.288292e-02  1.443211e+03  2.603994e+03  3.496550e+03  5.137726e+03 
 9.417766e-02  1.403735e+03  2.534592e+03  3.405311e+03  5.008814e+03 
 9.549045e-02  1.365692e+03  2.467699e+03  3.317363e+03  4.884492e+03 
 9.682153e-02  1.329266e+03  2.403647e+03  3.233163e+03  4.765456e+03 
 9.817117e-02  1.294865e+03  2.343559e+03  3.154569e+03  4.655259e+03 
 9.953962e-02  1.262472e+03  2.287156e+03  3.080986e+03  4.552527e+03 
 1.009272e-01  1.232105e+03  2.234369e+03  3.012188e+03  4.456624e+03 
 1.023340e-01  1.203845e+03  2.185355e+03  2.948389e+03  4.367905e+03 
 1.037605e-01  1.177158e+03  2.138452e+03  2.886723e+03  4.280753e+03 
 1.052069e-01  1.150456e+03  2.088860e+03  2.819049e+03  4.179323e+03 
 1.066734e-01  1.126000e+03  2.043374e+03  2.756976e+03  4.086198e+03 
 1.081604e-01  1.103716e+03  2.001883e+03  2.700326e+03  4.001137e+03 
 1.096681e-01  1.083504e+03  1.964220e+03  2.648842e+03  3.923797e+03 
 1.111968e-01  1.065309e+03  1.930442e+03  2.602641e+03  3.853938e+03 
 1.127468e-01  1.048854e+03  1.899840e+03  2.560762e+03  3.790460e+03 
 1.143184e-01  1.033918e+03  1.872026e+03  2.522659e+03  3.732594e+03 
 1.159120e-01  1.020266e+03  1.846579e+03  2.487755e+03  3.679487e+03 
 1.175277e-01  1.008291e+03  1.824810e+03  2.458307e+03  3.635294e+03 
 1.191660e-01  9.970981e+02  1.804525e+03  2.430915e+03  3.594217e+03 
 1.208271e-01  9.863106e+02  1.784997e+03  2.404525e+03  3.554648e+03 
 1.225114e-01  9.755810e+02  1.765558e+03  2.378234e+03  3.515285e+03 
 1.242191e-01  9.642254e+02  1.744663e+03  2.349888e+03  3.473118e+03 
 1.259506e-01  9.523673e+02  1.722868e+03  2.320340e+03  3.429171e+03 
 1.277063e-01  9.397356e+02  1.699678e+03  2.288914e+03  3.382471e+03 
 1.294865e-01  9.264212e+02  1.675474e+03  2.256215e+03  3.333858e+03 
 1.312915e-01  9.122655e+02  1.650011e+03  2.221934e+03  3.282839e+03 
 1.331216e-01  8.967149e+02  1.622017e+03  2.184249e+03  3.226807e+03 
 1.349772e-01  8.797030e+02  1.591403e+03  2.143086e+03  3.165769e+03 
 1.368587e-01  8.623125e+02  1.561846e+03  2.105234e+03  3.114976e+03 
 1.387665e-01  8.434253e+02  1.529511e+03  2.063562e+03  3.058398e+03 
 1.407008e-01  8.231359e+02  1.494536e+03  2.018301e+03  2.996303e+03 
 1.426621e-01  8.025946e+02  1.459616e+03  1.973227e+03  2.934014e+03 
 1.446507e-01  7.813444e+02  1.423486e+03  1.926475e+03  2.868937e+03 
 1.466671e-01  7.593458e+02  1.385861e+03  1.877607e+03  2.800479e+03 
 1.487115e-01  7.352673e+02  1.342808e+03  1.820302e+03  2.717904e+03 
 1.507845e-01  7.100740e+02  1.296669e+03  1.758066e+03  2.626894e+03 
 1.528864e-01  6.853015e+02  1.251300e+03  1.696853e+03  2.537286e+03 
 1.550175e-01  6.629431e+02  1.212057e+03  1.645313e+03  2.464657e+03 
 1.571784e-01  6.427505e+02  1.177894e+03  1.601503e+03  2.405148e+03 
 1.593694e-01  6.237691e+02  1.145792e+03  1.560347e+03  2.349271e+03 
 1.615909e-01  6.066589e+02  1.117254e+03  1.523994e+03  2.300092e+03 
 1.638434e-01  5.913543e+02  1.092012e+03  1.492041e+03  2.257149e+03 
 1.661273e-01  5.777635e+02  1.069802e+03  1.464084e+03  2.220006e+03 
 1.684430e-01  5.630572e+02  1.043014e+03  1.428207e+03  2.168397e+03 
 1.707910e-01  5.498046e+02  1.018610e+03  1.395365e+03  2.120944e+03 
 1.731717e-01  5.386119e+02  9.982881e+02  1.368201e+03  2.081952e+03 
 1.755856e-01  5.304364e+02  9.846365e+02  1.350603e+03  2.057122e+03 
 1.780332e-01  5.234565e+02  9.731841e+02  1.336000e+03  2.036782e+03 
 1.805149e-01  5.157808e+02  9.585567e+02  1.315468e+03  2.004411e+03 
 1.830312e-01  5.077314e+02  9.421235e+02  1.291531e+03  1.965093e+03 
 1.855825e-01  4.999711e+02  9.264362e+02  1.268861e+03  1.928267e+03 
 1.881694e-01  4.924285e+02  9.123018e+02  1.249690e+03  1.900013e+03 
 1.907924e-01  4.844230e+02  8.973245e+02  1.229365e+03  1.870030e+03 
 1.934520e-01  4.753865e+02  8.804017e+02  1.206569e+03  1.837443e+03 
 1.961486e-01  4.653240e+02  8.615764e+02  1.181228e+03  1.801396e+03 
 1.988828e-01  4.553039e+02  8.435069e+02  1.157167e+03  1.767078e+03 
 2.016551e-01  4.457694e+02  8.273055e+02  1.136013e+03  1.736891e+03 
 2.044661e-01  4.351120e+02  8.087978e+02  1.111534e+03  1.701393e+03 
 2.073162e-01  4.230368e+02  7.866073e+02  1.081195e+03  1.655689e+03 
 2.102061e-01  4.103376e+02  7.632344e+02  1.049223e+03  1.607467e+03 
 2.131362e-01  4.005908e+02  7.491191e+02  1.032722e+03  1.587009e+03 
 2.161073e-01  3.908666e+02  7.350465e+02  1.016285e+03  1.566637e+03 
 2.191197e-01  3.789411e+02  7.148409e+02  9.905177e+02  1.532416e+03 
 2.221741e-01  3.670455e+02  6.941536e+02  9.637982e+02  1.496588e+03 
 2.252711e-01  3.564090e+02  6.762266e+02  9.411255e+02  1.466878e+03 
 2.284112e-01  3.469737e+02  6.606190e+02  9.216611e+02  1.441904e+03 
 2.315951e-01  3.387882e+02  6.464607e+02  9.029188e+02  1.414393e+03 
 2.348235e-01  3.318017e+02  6.342377e+02  8.864080e+02  1.389069e+03 
 2.380968e-01  3.240988e+02  6.193970e+02  8.657561e+02  1.357763e+03 
 2.414157e-01  3.168751e+02  6.051639e+02  8.458285e+02  1.327692e+03 
 2.447809e-01  3.099039e+02  5.917034e+02  8.273271e+02  1.299814e+03 
 2.481930e-01  3.034327e+02  5.792753e+02  8.103061e+02  1.274205e+03 
 2.516527e-01  2.996799e+02  5.729666e+02  8.018036e+02  1.261061e+03 
 2.551606e-01  2.949829e+02  5.645051e+02  7.902623e+02  1.243598e+03 
 2.587174e-01  2.874694e+02  5.495576e+02  7.695543e+02  1.213172e+03 
 2.623238e-01  2.810191e+02  5.376693e+02  7.535364e+02  1.190096e+03 
 2.659804e-01  2.756403e+02  5.289329e+02  7.423663e+02  1.174605e+03 
 2.696881e-01  2.683594e+02  5.158447e+02  7.249010e+02  1.148954e+03 
 2.734474e-01  2.603253e+02  5.011288e+02  7.051172e+02  1.119639e+03 
 2.772591e-01  2.540041e+02  4.908885e+02  6.924519e+02  1.103596e+03 
 2.811239e-01  2.473033e+02  4.794695e+02  6.779690e+02  1.085266e+03 
 2.850426e-01  2.404040e+02  4.670974e+02  6.619606e+02  1.065405e+03 
 2.890160e-01  2.340358e+02  4.564805e+02  6.484384e+02  1.046661e+03 
 2.930447e-01  2.281532e+02  4.465038e+02  6.352679e+02  1.026807e+03 
 2.971296e-01  2.227262e+02  4.361038e+02  6.199102e+02  1.000582e+03 
 3.012714e-01  2.179749e+02  4.279856e+02  6.092765e+02  9.852915e+02 
 3.054710e-01  2.134977e+02  4.205574e+02  6.000837e+02  9.735724e+02 
 3.097291e-01  2.082783e+02  4.108553e+02  5.872246e+02  9.558065e+02 
 3.140465e-01  2.036006e+02  4.015336e+02  5.739107e+02  9.342919e+02 
 3.184242e-01  1.994492e+02  3.933580e+02  5.622244e+02  9.153925e+02 
 3.228628e-01  1.960389e+02  3.875634e+02  5.548529e+02  9.062775e+02 
 3.273634e-01  1.913049e+02  3.781505e+02  5.413905e+02  8.849664e+02 
 3.319266e-01  1.862991e+02  3.685429e+02  5.281680e+02  8.653042e+02 
 3.365535e-01  1.813593e+02  3.597665e+02  5.168700e+02  8.502793e+02 
 3.412449e-01  1.777425e+02  3.548950e+02  5.111010e+02  8.413872e+02 
 3.460016e-01  1.737939e+02  3.484794e+02  5.028746e+02  8.299933e+02 
 3.508247e-01  1.699156e+02  3.416409e+02  4.937781e+02  8.167925e+02 
 3.557150e-01  1.661625e+02  3.347751e+02  4.845007e+02  8.026293e+02 
 3.606735e-01  1.619220e+02  3.272975e+02  4.747477e+02  7.892212e+02 
 3.657011e-01  1.570700e+02  3.181851e+02  4.623082e+02  7.719584e+02 
 3.707988e-01  1.531812e+02  3.107637e+02  4.521984e+02  7.571544e+02 
 3.759675e-01  1.496837e+02  3.040919e+02  4.430574e+02  7.435796e+02 
 3.812083e-01  1.461806e+02  2.977739e+02  4.345437e+02  7.311737e+02 
 3.865221e-01  1.432668e+02  2.935308e+02  4.297158e+02  7.236786e+02 
 3.919100e-01  1.401663e+02  2.864325e+02  4.189770e+02  7.087542e+02 
 3.973730e-01  1.366968e+02  2.805571e+02  4.115636e+02  6.971979e+02 
 4.029122e-01  1.337837e+02  2.759464e+02  4.052261e+02  6.859335e+02 
 4.085286e-01  1.308662e+02  2.698476e+02  3.965114e+02  6.734411e+02 
 4.142232e-01  1.274022e+02  2.628752e+02  3.872238e+02  6.616574e+02 
 4.199973e-01  1.239959e+02  2.569889e+02  3.797198e+02  6.507981e+02 
 4.258518e-01  1.212364e+02  2.519383e+02  3.726386e+02  6.389491e+02 
 4.317880e-01  1.183427e+02  2.464065e+02  3.645484e+02  6.265271e+02 
 4.378069e-01  1.158038e+02  2.413506e+02  3.573212e+02  6.147404e+02 
 4.439097e-01  1.137028e+02  2.380891e+02  3.533964e+02  6.107982e+02 
 4.500975e-01  1.105533e+02  2.322690e+02  3.455122e+02  5.993871e+02 
 4.563716e-01  1.078825e+02  2.267854e+02  3.376025e+02  5.856712e+02 
 4.627332e-01  1.061131e+02  2.243213e+02  3.349160e+02  5.830795e+02 
 4.691835e-01  1.032660e+02  2.187434e+02  3.270114e+02  5.701991e+02 
 4.757236e-01  1.011979e+02  2.146737e+02  3.213540e+02  5.614659e+02 
 4.823549e-01  9.840744e+01  2.090858e+02  3.134653e+02  5.505057e+02 
 4.890787e-01  9.614994e+01  2.046977e+02  3.075532e+02  5.414714e+02 
 4.958962e-01  9.442571e+01  2.013779e+02  3.024803e+02  5.323553e+02 
 5.028087e-01  9.216533e+01  1.974994e+02  2.972780e+02  5.248036e+02 
 5.098176e-01  9.033996e+01  1.941454e+02  2.925134e+02  5.159008e+02 
 5.169242e-01  8.864138e+01  1.909503e+02  2.881848e+02  5.100462e+02 
 5.241298e-01  8.564876e+01  1.858271e+02  2.818614e+02  5.022257e+02 
 5.314359e-01  8.405051e+01  1.834177e+02  2.786431e+02  4.970465e+02 
 5.388438e-01  8.216562e+01  1.791734e+02  2.723080e+02  4.874110e+02 
 5.463550e-01  8.055865e+01  1.760751e+02  2.677619e+02  4.798949e+02 
 5.539709e-01  7.826043e+01  1.719561e+02  2.624927e+02  4.719776e+02 
 5.616930e-01  7.675518e+01  1.690495e+02  2.584118e+02  4.659500e+02 
 5.695227e-01  7.513635e+01  1.663411e+02  2.550407e+02  4.594464e+02 
 5.774615e-01  7.334358e+01  1.622861e+02  2.489955e+02  4.506478e+02 
 5.855110e-01  7.193363e+01  1.597279e+02  2.452050e+02  4.442456e+02 
 5.936727e-01  7.016657e+01  1.557505e+02  2.395676e+02  4.357494e+02 
 6.019482e-01  6.885495e+01  1.536421e+02  2.363135e+02  4.299092e+02 
 6.103390e-01  6.711028e+01  1.506352e+02  2.324580e+02  4.234534e+02 
 6.188468e-01  6.554095e+01  1.479454e+02  2.298093e+02  4.214245e+02 
 6.274732e-01  6.432915e+01  1.449417e+02  2.247131e+02  4.130278e+02 
 6.362198e-01  6.292113e+01  1.425684e+02  2.213932e+02  4.068619e+02 
 6.450884e-01  6.135468e+01  1.397128e+02  2.174384e+02  4.001198e+02 
 6.540806e-01  6.000120e+01  1.365366e+02  2.126530e+02  3.930660e+02 
 6.631981e-01  5.856910e+01  1.341697e+02  2.099892e+02  3.888556e+02 
 6.724427e-01  5.736125e+01  1.316441e+02  2.064520e+02  3.843224e+02 
 6.818162e-01  5.601985e+01  1.290747e+02  2.021334e+02  3.764246e+02 
 6.913204e-01  5.473426e+01  1.264864e+02  1.987569e+02  3.708860e+02 
 7.009570e-01  5.387882e+01  1.244259e+02  1.957037e+02  3.657918e+02 
 7.107280e-01  5.239995e+01  1.221069e+02  1.925628e+02  3.598390e+02 
 7.206351e-01  5.150411e+01  1.200219e+02  1.897282e+02  3.563538e+02 
 7.306804e-01  5.037397e+01  1.180383e+02  1.865321e+02  3.497853e+02 
 7.408657e-01  4.918226e+01  1.155215e+02  1.829680e+02  3.449492e+02 
 7.511929e-01  4.806332e+01  1.132178e+02  1.799634e+02  3.400075e+02 
 7.616642e-01  4.706984e+01  1.109968e+02  1.767934e+02  3.352221e+02 
 7.722814e-01  4.634756e+01  1.097347e+02  1.747031e+02  3.304851e+02 
 7.830465e-01  4.531096e+01  1.074418e+02  1.714471e+02  3.258416e+02 
 7.939618e-01  4.439376e+01  1.058752e+02  1.690264e+02  3.219475e+02 
 8.050292e-01  4.333184e+01  1.037071e+02  1.664401e+02  3.176404e+02 
 8.162509e-01  4.248329e+01  1.020363e+02  1.635537e+02  3.118963e+02 
 8.276289e-01  4.138510e+01  9.981351e+01  1.605870e+02  3.075680e+02 
 8.391656e-01  4.077035e+01  9.847215e+01  1.581124e+02  3.036515e+02 
 8.508632e-01  3.996631e+01  9.666026e+01  1.557723e+02  2.994618e+02 
 8.627237e-01  3.900625e+01  9.491750e+01  1.532033e+02  2.945203e+02 
 8.747496e-01  3.822843e+01  9.313252e+01  1.506903e+02  2.903841e+02 
 8.869432e-01  3.749172e+01  9.168177e+01  1.485050e+02  2.866842e+02 
 8.993067e-01  3.665670e+01  9.007220e+01  1.460848e+02  2.822565e+02 
 9.118425e-01  3.603916e+01  8.841688e+01  1.434625e+02  2.771625e+02 
 9.245531e-01  3.518617e+01  8.683331e+01  1.410896e+02  2.738245e+02 
 9.374409e-01  3.443945e+01  8.533006e+01  1.390604e+02  2.700765e+02 
 9.505083e-01  3.380025e+01  8.385904e+01  1.368701e+02  2.661735e+02 
 9.637579e-01  3.303138e+01  8.215946e+01  1.343312e+02  2.620255e+02 
 9.771921e-01  3.251129e+01  8.152202e+01  1.329846e+02  2.585563e+02 
 9.908137e-01  3.182914e+01  7.988221e+01  1.306290e+02  2.549056e+02 
 1.004625e+00  3.115649e+01  7.830454e+01  1.282822e+02  2.506101e+02 
 1.018629e+00  3.059218e+01  7.712447e+01  1.263765e+02  2.468682e+02 
 1.032828e+00  2.993409e+01  7.575636e+01  1.245443e+02  2.440070e+02 
 1.047225e+00  2.929081e+01  7.453069e+01  1.224695e+02  2.396968e+02 
 1.061823e+00  2.877674e+01  7.344485e+01  1.207091e+02  2.363339e+02 
 1.076624e+00  2.818375e+01  7.217633e+01  1.188181e+02  2.327284e+02 
 1.091632e+00  2.766658e+01  7.090690e+01  1.169994e+02  2.291504e+02 
 1.106848e+00  2.707820e+01  6.958879e+01  1.150584e+02  2.258957e+02 
 1.122277e+00  2.654310e+01  6.852482e+01  1.131093e+02  2.220212e+02 
 1.137921e+00  2.600824e+01  6.726005e+01  1.112582e+02  2.186862e+02 
 1.153783e+00  2.552749e+01  6.615193e+01  1.095279e+02  2.155202e+02 
 1.169866e+00  2.505511e+01  6.510071e+01  1.078317e+02  2.124993e+02 
 1.186174e+00  2.454363e+01  6.406865e+01  1.061279e+02  2.089830e+02 
 1.202708e+00  2.409171e+01  6.299672e+01  1.048298e+02  2.058978e+02 
 1.219473e+00  2.364856e+01  6.199776e+01  1.029545e+02  2.024589e+02 
 1.236472e+00  2.318288e+01  6.098477e+01  1.014056e+02  1.995765e+02 
 1.253708e+00  2.275421e+01  5.994060e+01  9.959076e+01  1.964101e+02 
 1.271184e+00  2.233083e+01  5.914832e+01  9.834658e+01  1.933982e+02 
 1.288904e+00  2.190110e+01  5.796239e+01  9.652551e+01  1.905075e+02 
 1.306870e+00  2.146926e+01  5.699105e+01  9.496272e+01  1.872342e+02 
 1.325087e+00  2.109944e+01  5.610254e+01  9.352063e+01  1.841247e+02 
 1.343558e+00  2.070034e+01  5.515424e+01  9.200156e+01  1.811430e+02 
 1.362287e+00  2.033076e+01  5.421750e+01  9.040176e+01  1.781063e+02 
 1.381276e+00  1.994168e+01  5.334845e+01  8.877766e+01  1.750793e+02 
 1.400531e+00  1.958246e+01  5.247206e+01  8.741386e+01  1.720626e+02 
 1.420053e+00  1.920772e+01  5.152945e+01  8.601335e+01  1.691657e+02 
 1.439848e+00  1.886252e+01  5.074145e+01  8.452850e+01  1.663983e+02 
 1.459919e+00  1.849519e+01  4.987976e+01  8.313831e+01  1.634147e+02 
 1.480269e+00  1.819913e+01  4.897831e+01  8.164021e+01  1.603656e+02 
 1.500903e+00  1.786370e+01  4.820408e+01  8.027091e+01  1.578589e+02 
 1.521825e+00  1.753012e+01  4.745079e+01  7.900452e+01  1.550914e+02 
 1.543038e+00  1.720203e+01  4.664264e+01  7.774492e+01  1.525812e+02 
 1.564548e+00  1.691698e+01  4.588047e+01  7.641635e+01  1.497579e+02 
 1.586357e+00  1.661421e+01  4.514444e+01  7.513644e+01  1.470697e+02 
 1.608469e+00  1.629633e+01  4.438418e+01  7.385354e+01  1.445865e+02 
 1.630891e+00  1.604885e+01  4.357357e+01  7.242619e+01  1.416685e+02 
 1.653624e+00  1.573933e+01  4.282941e+01  7.124972e+01  1.393443e+02 
 1.676675e+00  1.545394e+01  4.216354e+01  7.006229e+01  1.366821e+02 
 1.700047e+00  1.517507e+01  4.145713e+01  6.882973e+01  1.342034e+02 
 1.723745e+00  1.492360e+01  4.072437e+01  6.760732e+01  1.315413e+02 
 1.747773e+00  1.463723e+01  4.000248e+01  6.636943e+01  1.290306e+02 
 1.772136e+00  1.438171e+01  3.933408e+01  6.516933e+01  1.267004e+02 
 1.796838e+00  1.413257e+01  3.864173e+01  6.400074e+01  1.242461e+02 
 1.821885e+00  1.390767e+01  3.796696e+01  6.281709e+01  1.219118e+02 
 1.847281e+00  1.365028e+01  3.736221e+01  6.175547e+01  1.195715e+02 
 1.873032e+00  1.341686e+01  3.669436e+01  6.053418e+01  1.172650e+02 
 1.899141e+00  1.318042e+01  3.601861e+01  5.944681e+01  1.150046e+02 
 1.925614e+00  1.296208e+01  3.540974e+01  5.837328e+01  1.126730e+02 
 1.952456e+00  1.276842e+01  3.483275e+01  5.732914e+01  1.104419e+02 
 1.979672e+00  1.252079e+01  3.423765e+01  5.627530e+01  1.082690e+02 
 2.007267e+00  1.231870e+01  3.362471e+01  5.515535e+01  1.061318e+02 
 2.035248e+00  1.209497e+01  3.299505e+01  5.408813e+01  1.039030e+02 
 2.063618e+00  1.188342e+01  3.238424e+01  5.303354e+01  1.017320e+02 
 2.092383e+00  1.168362e+01  3.179108e+01  5.198457e+01  9.961870e+01 
 2.121550e+00  1.147347e+01  3.120107e+01  5.097492e+01  9.753873e+01 
 2.151123e+00  1.127979e+01  3.063998e+01  4.995380e+01  9.543757e+01 
 2.181109e+00  1.108101e+01  3.004922e+01  4.896743e+01  9.346487e+01 
 2.211512e+00  1.089327e+01  2.947520e+01  4.795808e+01  9.138216e+01 
 2.242340e+00  1.070564e+01  2.895403e+01  4.702389e+01  8.945742e+01 
 2.273597e+00  1.051126e+01  2.841015e+01  4.603957e+01  8.750962e+01 
 2.305289e+00  1.034310e+01  2.786891e+01  4.512359e+01  8.563768e+01 
 2.337424e+00  1.016858e+01  2.733155e+01  4.418537e+01  8.381580e+01 
 2.370006e+00  9.988952e+00  2.681125e+01  4.329517e+01  8.200888e+01 
 2.403043e+00  9.807161e+00  2.630627e+01  4.238268e+01  8.018194e+01 
 2.436540e+00  9.648250e+00  2.581467e+01  4.151621e+01  7.840699e+01 
 2.470504e+00  9.480645e+00  2.531334e+01  4.063029e+01  7.664241e+01 
 2.504942e+00  9.317889e+00  2.483082e+01  3.979400e+01  7.494994e+01 
 2.539859e+00  9.161798e+00  2.433294e+01  3.892687e+01  7.321197e+01 
 2.575263e+00  8.992982e+00  2.383527e+01  3.811256e+01  7.158690e+01 
 2.611161e+00  8.840881e+00  2.336527e+01  3.726515e+01  6.994940e+01 
 2.647559e+00  8.685786e+00  2.289191e+01  3.643708e+01  6.829844e+01 
 2.684465e+00  8.532563e+00  2.244014e+01  3.564258e+01  6.671554e+01 
 2.721885e+00  8.377229e+00  2.196195e+01  3.485622e+01  6.517112e+01 
 2.759826e+00  8.231955e+00  2.150655e+01  3.407063e+01  6.364627e+01 
 2.798297e+00  8.084488e+00  2.106729e+01  3.331731e+01  6.219046e+01 
 2.837304e+00  7.943128e+00  2.063079e+01  3.257373e+01  6.073323e+01 
 2.876854e+00  7.801581e+00  2.019871e+01  3.183861e+01  5.931439e+01 
 2.916956e+00  7.664484e+00  1.978255e+01  3.112630e+01  5.788904e+01 
 2.957617e+00  7.530912e+00  1.937412e+01  3.043515e+01  5.653371e+01 
 2.998844e+00  7.397413e+00  1.897049e+01  2.974601e+01  5.519353e+01 
 3.040646e+00  7.265429e+00  1.856634e+01  2.905963e+01  5.391638e+01 
 3.083031e+00  7.136126e+00  1.816477e+01  2.839635e+01  5.263394e+01 
 3.126007e+00  7.009523e+00  1.778576e+01  2.774563e+01  5.135666e+01 
 3.169582e+00  6.881205e+00  1.738924e+01  2.708427e+01  5.012072e+01 
 3.213764e+00  6.754886e+00  1.700981e+01  2.645162e+01  4.890919e+01 
 3.258562e+00  6.628249e+00  1.664013e+01  2.582986e+01  4.771681e+01 
 3.303985e+00  6.505376e+00  1.626357e+01  2.521382e+01  4.655171e+01 
 3.350041e+00  6.384388e+00  1.589509e+01  2.461009e+01  4.540951e+01 
 3.396739e+00  6.263775e+00  1.553894e+01  2.402862e+01  4.428246e+01 
 3.444087e+00  6.147650e+00  1.518637e+01  2.343761e+01  4.318976e+01 
 3.492096e+00  6.032855e+00  1.484604e+01  2.288439e+01  4.214207e+01 
 3.540774e+00  5.915594e+00  1.451085e+01  2.233698e+01  4.110414e+01 
 3.590130e+00  5.805838e+00  1.417904e+01  2.179485e+01  4.010087e+01 
 3.640175e+00  5.697038e+00  1.385812e+01  2.127857e+01  3.911958e+01 
 3.690917e+00  5.587836e+00  1.354718e+01  2.075640e+01  3.815014e+01 
 3.742366e+00  5.481714e+00  1.323054e+01  2.025884e+01  3.722355e+01 
 3.794533e+00  5.378070e+00  1.292970e+01  1.977061e+01  3.630532e+01 
 3.847427e+00  5.273860e+00  1.262882e+01  1.928624e+01  3.541622e+01 
 3.901058e+00  5.169371e+00  1.233445e+01  1.881728e+01  3.453009e+01 
 3.955436e+00  5.070614e+00  1.204452e+01  1.834460e+01  3.366014e+01 
 4.010573e+00  4.967313e+00  1.175756e+01  1.789514e+01  3.282625e+01 
 4.066478e+00  4.867502e+00  1.147317e+01  1.744463e+01  3.199312e+01 
 4.123163e+00  4.768674e+00  1.120041e+01  1.700795e+01  3.118249e+01 
 4.180637e+00  4.672628e+00  1.093300e+01  1.658393e+01  3.039060e+01 
 4.238913e+00  4.577377e+00  1.066597e+01  1.616456e+01  2.962481e+01 
 4.298001e+00  4.482111e+00  1.040760e+01  1.575922e+01  2.887214e+01 
 4.357913e+00  4.392240e+00  1.015386e+01  1.536398e+01  2.814708e+01 
 4.418660e+00  4.301581e+00  9.910619e+00  1.497730e+01  2.744209e+01 
 4.480254e+00  4.211957e+00  9.669057e+00  1.460165e+01  2.675067e+01 
 4.542706e+00  4.126145e+00  9.433293e+00  1.423440e+01  2.607754e+01 
 4.606029e+00  4.040116e+00  9.205941e+00  1.387912e+01  2.542807e+01 
 4.670234e+00  3.955680e+00  8.982588e+00  1.353521e+01  2.479383e+01 
 4.735335e+00  3.873126e+00  8.764607e+00  1.319543e+01  2.416916e+01 
 4.801343e+00  3.792951e+00  8.551299e+00  1.286428e+01  2.355719e+01 
 4.868271e+00  3.711792e+00  8.339577e+00  1.253689e+01  2.295833e+01 
 4.936132e+00  3.632019e+00  8.131693e+00  1.221681e+01  2.237200e+01 
 5.004939e+00  3.552906e+00  7.929204e+00  1.190384e+01  2.179745e+01 
 5.074705e+00  3.474590e+00  7.730210e+00  1.159643e+01  2.107127e+01 
 5.145444e+00  3.398939e+00  7.535462e+00  1.129749e+01  2.069083e+01 
 5.217169e+00  3.323119e+00  7.344397e+00  1.100463e+01  2.015085e+01 
 5.289893e+00  3.250350e+00  7.159405e+00  1.072342e+01  1.963552e+01 
 5.363631e+00  3.177339e+00  6.978619e+00  1.044492e+01  1.912684e+01 
 5.438397e+00  3.107024e+00  6.801815e+00  1.017625e+01  1.863246e+01 
 5.514206e+00  3.037810e+00  6.630510e+00  9.914649e+00  1.815436e+01 
 5.591071e+00  2.969375e+00  6.463802e+00  9.659770e+00  1.768746e+01 
 5.669007e+00  2.903888e+00  6.301345e+00  9.413202e+00  1.723683e+01 
 5.748030e+00  2.838969e+00  6.143225e+00  9.171414e+00  1.679338e+01 
 5.828155e+00  2.775254e+00  5.988731e+00  8.937698e+00  1.636359e+01 
 5.909396e+00  2.712847e+00  5.837906e+00  8.708854e+00  1.594506e+01 
 5.991770e+00  2.651169e+00  5.690080e+00  8.484069e+00  1.553448e+01 
 6.075292e+00  2.590566e+00  5.545887e+00  8.265305e+00  1.512967e+01 
 6.159978e+00  2.530855e+00  5.403677e+00  8.050203e+00  1.473666e+01 
 6.245845e+00  2.472106e+00  5.265100e+00  7.840305e+00  1.435110e+01 
 6.332908e+00  2.414244e+00  5.128808e+00  7.634700e+00  1.397273e+01 
 6.421186e+00  2.357695e+00  4.996486e+00  7.433861e+00  1.360525e+01 
 6.510694e+00  2.302032e+00  4.867180e+00  7.238642e+00  1.324653e+01 
 6.601449e+00  2.248065e+00  4.741540e+00  7.048644e+00  1.289687e+01 
 6.693470e+00  2.194736e+00  4.618764e+00  6.863197e+00  1.255641e+01 
 6.786773e+00  2.143033e+00  4.499535e+00  6.683090e+00  1.222620e+01 
 6.881377e+00  2.092752e+00  4.383932e+00  6.508463e+00  1.190406e+01 
 6.977300e+00  2.043417e+00  4.271793e+00  6.339716e+00  1.159174e+01 
 7.074559e+00  1.995776e+00  4.162452e+00  6.174596e+00  1.128757e+01 
 7.173175e+00  1.948844e+00  4.056410e+00  6.014223e+00  1.099274e+01 
 7.273165e+00  1.903296e+00  3.953100e+00  5.858938e+00  1.070548e+01 
 7.374549e+00  1.858453e+00  3.852441e+00  5.706717e+00  1.042598e+01 
 7.477346e+00  1.814471e+00  3.754103e+00  5.558809e+00  1.015157e+01 
 7.581576e+00  1.771492e+00  3.657204e+00  5.413109e+00  9.883123e+00 
 7.687260e+00  1.729063e+00  3.562909e+00  5.270989e+00  9.621385e+00 
 7.794416e+00  1.687585e+00  3.470677e+00  5.131697e+00  9.364631e+00 
 7.903066e+00  1.646964e+00  3.380025e+00  4.994784e+00  9.113269e+00 
 8.013230e+00  1.607205e+00  3.292285e+00  4.863010e+00  8.869145e+00 
 8.124930e+00  1.568280e+00  3.206611e+00  4.734124e+00  8.631031e+00 
 8.238187e+00  1.530550e+00  3.123108e+00  4.608524e+00  8.399261e+00 
 8.353023e+00  1.493600e+00  3.042044e+00  4.486753e+00  8.173893e+00 
 8.469460e+00  1.457741e+00  2.963451e+00  4.369205e+00  7.955375e+00 
 8.587519e+00  1.422920e+00  2.886955e+00  4.254147e+00  7.743035e+00 
 8.707225e+00  1.389014e+00  2.812656e+00  4.142826e+00  7.537012e+00 
 8.828599e+00  1.356060e+00  2.740836e+00  4.034805e+00  7.336819e+00 
 8.951665e+00  1.323868e+00  2.671097e+00  3.929711e+00  7.142864e+00 
 9.076446e+00  1.292673e+00  2.603116e+00  3.827803e+00  6.954483e+00 
 9.202967e+00  1.262152e+00  2.536568e+00  3.728613e+00  6.770450e+00 
 9.331251e+00  1.232270e+00  2.471826e+00  3.631313e+00  6.590713e+00 
 9.461324e+00  0.000000e+00  0.000000e+00  0.000000e+00  0.000000e+00 
 9.593209e+00  0.000000e+00  0.000000e+00  0.000000e+00  0.000000e+00 
 9.726934e+00  0.000000e+00  0.000000e+00  0.000000e+00  0.000000e+00 
 9.862522e+00  0.000000e+00  0.000000e+00  0.000000e+00  0.000000e+00 
 1.000000e+01  0.000000e+00  0.000000e+00  0.000000e+00  0.000000e+00 
