1.000000e-02 3.249708e+04 6.802991e+04 9.238546e+04 1.644845e+05 
1.013939e-02 3.224164e+04 6.723126e+04 9.101433e+04 1.615101e+05 
1.028073e-02 3.198832e+04 6.643968e+04 8.967257e+04 1.585828e+05 
1.042404e-02 3.173621e+04 6.565399e+04 8.836004e+04 1.557034e+05 
1.056935e-02 3.148452e+04 6.487316e+04 8.707633e+04 1.528723e+05 
1.071668e-02 3.123248e+04 6.409629e+04 8.582112e+04 1.500898e+05 
1.086606e-02 3.097943e+04 6.332253e+04 8.459393e+04 1.473561e+05 
1.101753e-02 3.072479e+04 6.255116e+04 8.339438e+04 1.446714e+05 
1.117111e-02 3.046806e+04 6.178167e+04 8.222190e+04 1.420352e+05 
1.132683e-02 3.020880e+04 6.101356e+04 8.107601e+04 1.394473e+05 
1.148472e-02 2.994668e+04 6.024649e+04 7.995608e+04 1.369075e+05 
1.164481e-02 2.968145e+04 5.948014e+04 7.886143e+04 1.344151e+05 
1.180713e-02 2.941291e+04 5.871436e+04 7.779134e+04 1.319694e+05 
1.197171e-02 2.914096e+04 5.794916e+04 7.674505e+04 1.295699e+05 
1.213859e-02 2.886554e+04 5.718443e+04 7.572174e+04 1.272157e+05 
1.230780e-02 2.858668e+04 5.642035e+04 7.472055e+04 1.249059e+05 
1.247936e-02 2.830442e+04 5.565696e+04 7.374047e+04 1.226394e+05 
1.265332e-02 2.801890e+04 5.489460e+04 7.278050e+04 1.204154e+05 
1.282970e-02 2.773027e+04 5.413337e+04 7.183968e+04 1.182328e+05 
1.300854e-02 2.743874e+04 5.337367e+04 7.091693e+04 1.160905e+05 
1.318987e-02 2.714454e+04 5.261581e+04 7.001117e+04 1.139874e+05 
1.337373e-02 2.684791e+04 5.186014e+04 6.912124e+04 1.119225e+05 
1.356015e-02 2.654913e+04 5.110698e+04 6.824602e+04 1.098945e+05 
1.374917e-02 2.624848e+04 5.035679e+04 6.738436e+04 1.079026e+05 
1.394083e-02 2.594623e+04 4.960991e+04 6.653509e+04 1.059453e+05 
1.413516e-02 2.564267e+04 4.886668e+04 6.569709e+04 1.040218e+05 
1.433219e-02 2.533807e+04 4.812747e+04 6.486915e+04 1.021309e+05 
1.453198e-02 2.503269e+04 4.739264e+04 6.405016e+04 1.002715e+05 
1.473454e-02 2.472675e+04 4.666246e+04 6.323896e+04 9.844262e+04 
1.493993e-02 2.442047e+04 4.593718e+04 6.243444e+04 9.664308e+04 
1.514819e-02 2.411402e+04 4.521704e+04 6.163545e+04 9.487181e+04 
1.535935e-02 2.380756e+04 4.450223e+04 6.084093e+04 9.312787e+04 
1.557345e-02 2.350121e+04 4.379288e+04 6.004986e+04 9.141020e+04 
1.579053e-02 2.319507e+04 4.308915e+04 5.926119e+04 8.971781e+04 
1.601064e-02 2.288920e+04 4.239107e+04 5.847403e+04 8.804987e+04 
1.623382e-02 2.258365e+04 4.169868e+04 5.768748e+04 8.640539e+04 
1.646012e-02 2.227841e+04 4.101206e+04 5.690070e+04 8.478359e+04 
1.668956e-02 2.197348e+04 4.033113e+04 5.611290e+04 8.318366e+04 
1.692220e-02 2.166880e+04 3.965586e+04 5.532342e+04 8.160484e+04 
1.715809e-02 2.136434e+04 3.898617e+04 5.453158e+04 8.004638e+04 
1.739726e-02 2.105999e+04 3.832194e+04 5.373689e+04 7.850764e+04 
1.763977e-02 2.075567e+04 3.766312e+04 5.293878e+04 7.698804e+04 
1.788566e-02 2.045127e+04 3.700949e+04 5.213687e+04 7.548698e+04 
1.813498e-02 2.014667e+04 3.636096e+04 5.133078e+04 7.400388e+04 
1.838777e-02 1.984173e+04 3.571732e+04 5.052020e+04 7.253821e+04 
1.864409e-02 1.953633e+04 3.507843e+04 4.970492e+04 7.108954e+04 
1.890397e-02 1.923035e+04 3.444409e+04 4.888482e+04 6.965742e+04 
1.916748e-02 1.892367e+04 3.381421e+04 4.805986e+04 6.824153e+04 
1.943467e-02 1.861620e+04 3.318861e+04 4.723005e+04 6.684160e+04 
1.970558e-02 1.830787e+04 3.256720e+04 4.639554e+04 6.545736e+04 
1.998026e-02 1.799861e+04 3.194992e+04 4.555648e+04 6.408862e+04 
2.025878e-02 1.768838e+04 3.133666e+04 4.471318e+04 6.273526e+04 
2.054117e-02 1.737718e+04 3.072745e+04 4.386595e+04 6.139717e+04 
2.082751e-02 1.706502e+04 3.012225e+04 4.301528e+04 6.007433e+04 
2.111783e-02 1.675196e+04 2.952111e+04 4.216163e+04 5.876678e+04 
2.141220e-02 1.643809e+04 2.892415e+04 4.130560e+04 5.747462e+04 
2.171068e-02 1.612350e+04 2.833146e+04 4.044784e+04 5.619790e+04 
2.201331e-02 1.580834e+04 2.774318e+04 3.958903e+04 5.493681e+04 
2.232016e-02 1.549276e+04 2.715947e+04 3.872985e+04 5.369143e+04 
2.263130e-02 1.517695e+04 2.658055e+04 3.787110e+04 5.246197e+04 
2.294676e-02 1.486114e+04 2.600661e+04 3.701363e+04 5.124866e+04 
2.326663e-02 1.454557e+04 2.543795e+04 3.615829e+04 5.005173e+04 
2.359095e-02 1.423052e+04 2.487484e+04 3.530599e+04 4.887148e+04 
2.391980e-02 1.391629e+04 2.431762e+04 3.445765e+04 4.770822e+04 
2.425323e-02 1.360320e+04 2.376660e+04 3.361424e+04 4.656224e+04 
2.459130e-02 1.329154e+04 2.322210e+04 3.277665e+04 4.543383e+04 
2.493409e-02 1.298166e+04 2.268445e+04 3.194584e+04 4.432330e+04 
2.528166e-02 1.267391e+04 2.215401e+04 3.112277e+04 4.323092e+04 
2.563407e-02 1.236865e+04 2.163111e+04 3.030836e+04 4.215708e+04 
2.599140e-02 1.206623e+04 2.111609e+04 2.950357e+04 4.110211e+04 
2.635371e-02 1.176703e+04 2.060933e+04 2.870932e+04 4.006631e+04 
2.672106e-02 1.147137e+04 2.011109e+04 2.792645e+04 3.905001e+04 
2.709354e-02 1.117960e+04 1.962168e+04 2.715577e+04 3.805340e+04 
2.747121e-02 1.089204e+04 1.914135e+04 2.639802e+04 3.707671e+04 
2.785414e-02 1.060899e+04 1.867030e+04 2.565395e+04 3.612019e+04 
2.824241e-02 1.033077e+04 1.820879e+04 2.492424e+04 3.518403e+04 
2.863610e-02 1.005765e+04 1.775701e+04 2.420952e+04 3.426847e+04 
2.903527e-02 9.789920e+03 1.731513e+04 2.351043e+04 3.337372e+04 
2.944000e-02 9.527811e+03 1.688330e+04 2.282744e+04 3.249990e+04 
2.985038e-02 9.271526e+03 1.646157e+04 2.216099e+04 3.164704e+04 
3.026648e-02 9.021246e+03 1.604999e+04 2.151141e+04 3.081521e+04 
3.068838e-02 8.777133e+03 1.564859e+04 2.087903e+04 3.000443e+04 
3.111616e-02 8.539332e+03 1.525737e+04 2.026410e+04 2.921473e+04 
3.154990e-02 8.307972e+03 1.487635e+04 1.966683e+04 2.844613e+04 
3.198969e-02 8.083162e+03 1.450549e+04 1.908744e+04 2.769866e+04 
3.243561e-02 7.864968e+03 1.414475e+04 1.852597e+04 2.697225e+04 
3.288774e-02 7.653412e+03 1.379398e+04 1.798240e+04 2.626673e+04 
3.334618e-02 7.448499e+03 1.345305e+04 1.745667e+04 2.558192e+04 
3.381101e-02 7.250212e+03 1.312183e+04 1.694867e+04 2.491765e+04 
3.428231e-02 7.058532e+03 1.280017e+04 1.645826e+04 2.427373e+04 
3.476019e-02 6.873418e+03 1.248794e+04 1.598529e+04 2.365002e+04 
3.524473e-02 6.694828e+03 1.218501e+04 1.552961e+04 2.304633e+04 
3.573602e-02 6.522693e+03 1.189125e+04 1.509097e+04 2.246247e+04 
3.623416e-02 6.356905e+03 1.160646e+04 1.466907e+04 2.189814e+04 
3.673925e-02 6.197346e+03 1.133046e+04 1.426360e+04 2.135302e+04 
3.725137e-02 6.043896e+03 1.106307e+04 1.387422e+04 2.082684e+04 
3.777064e-02 5.896434e+03 1.080415e+04 1.350060e+04 2.031930e+04 
3.829714e-02 5.754840e+03 1.055356e+04 1.314242e+04 1.983015e+04 
3.883098e-02 5.618997e+03 1.031120e+04 1.279937e+04 1.935918e+04 
3.937226e-02 5.488775e+03 1.007693e+04 1.247113e+04 1.890612e+04 
3.992109e-02 5.363980e+03 9.850554e+03 1.215720e+04 1.847048e+04 
4.047757e-02 5.244413e+03 9.631826e+03 1.185710e+04 1.805176e+04 
4.104181e-02 5.129873e+03 9.420539e+03 1.157035e+04 1.764949e+04 
4.161391e-02 5.020171e+03 9.216493e+03 1.129649e+04 1.726318e+04 
4.219398e-02 4.915122e+03 9.019513e+03 1.103506e+04 1.689240e+04 
4.278214e-02 4.814549e+03 8.829431e+03 1.078565e+04 1.653670e+04 
4.337850e-02 4.718288e+03 8.646111e+03 1.054785e+04 1.619571e+04 
4.398317e-02 4.626217e+03 8.469487e+03 1.032136e+04 1.586915e+04 
4.459628e-02 4.538238e+03 8.299530e+03 1.010593e+04 1.555684e+04 
4.521792e-02 4.454264e+03 8.136231e+03 9.901327e+03 1.525861e+04 
4.584824e-02 4.374222e+03 7.979599e+03 9.707349e+03 1.497434e+04 
4.648734e-02 4.298055e+03 7.829663e+03 9.523826e+03 1.470392e+04 
4.713535e-02 4.225719e+03 7.686466e+03 9.350617e+03 1.444732e+04 
4.779239e-02 4.157148e+03 7.550006e+03 9.187534e+03 1.420436e+04 
4.845859e-02 4.092153e+03 7.420038e+03 9.034102e+03 1.397448e+04 
4.913407e-02 4.030505e+03 7.296254e+03 8.889779e+03 1.375695e+04 
4.981898e-02 3.971982e+03 7.178335e+03 8.754021e+03 1.355106e+04 
5.051342e-02 3.916353e+03 7.065946e+03 8.626274e+03 1.335606e+04 
5.121755e-02 3.863386e+03 6.958741e+03 8.505973e+03 1.317118e+04 
5.193150e-02 3.812851e+03 6.856368e+03 8.392561e+03 1.299564e+04 
5.265540e-02 3.764594e+03 6.758602e+03 8.285638e+03 1.282894e+04 
5.338938e-02 3.718499e+03 6.665285e+03 8.184896e+03 1.267066e+04 
5.413360e-02 3.674458e+03 6.576256e+03 8.090027e+03 1.252043e+04 
5.488820e-02 3.632357e+03 6.491339e+03 8.000716e+03 1.237785e+04 
5.565331e-02 3.592084e+03 6.410355e+03 7.916646e+03 1.224248e+04 
5.642908e-02 3.553513e+03 6.333089e+03 7.837468e+03 1.211387e+04 
5.721568e-02 3.516458e+03 6.259220e+03 7.762703e+03 1.199134e+04 
5.801323e-02 3.480710e+03 6.188376e+03 7.691810e+03 1.187414e+04 
5.882190e-02 3.446046e+03 6.120158e+03 7.624225e+03 1.176147e+04 
5.964185e-02 3.412231e+03 6.054143e+03 7.559349e+03 1.165246e+04 
6.047322e-02 3.379018e+03 5.989880e+03 7.496554e+03 1.154621e+04 
6.131619e-02 3.346205e+03 5.926998e+03 7.435312e+03 1.144198e+04 
6.217090e-02 3.313627e+03 5.865181e+03 7.375162e+03 1.133913e+04 
6.303753e-02 3.281106e+03 5.804093e+03 7.315626e+03 1.123701e+04 
6.391624e-02 3.248458e+03 5.743379e+03 7.256200e+03 1.113489e+04 
6.480720e-02 3.215484e+03 5.682660e+03 7.196354e+03 1.103204e+04 
6.571058e-02 3.181998e+03 5.621577e+03 7.135586e+03 1.092775e+04 
6.662655e-02 3.147826e+03 5.559787e+03 7.073407e+03 1.082135e+04 
6.755528e-02 3.112775e+03 5.496920e+03 7.009306e+03 1.071211e+04 
6.849697e-02 3.076646e+03 5.432586e+03 6.942745e+03 1.059927e+04 
6.945178e-02 3.039239e+03 5.366399e+03 6.873193e+03 1.048209e+04 
7.041990e-02 3.000421e+03 5.298088e+03 6.800266e+03 1.036004e+04 
7.140151e-02 2.960073e+03 5.227405e+03 6.723616e+03 1.023263e+04 
7.239681e-02 2.918066e+03 5.154092e+03 6.642883e+03 1.009939e+04 
7.340598e-02 2.874272e+03 5.077888e+03 6.557707e+03 9.959794e+03 
7.442922e-02 2.828624e+03 4.998639e+03 6.467871e+03 9.813571e+03 
7.546673e-02 2.781113e+03 4.916296e+03 6.373297e+03 9.660633e+03 
7.651869e-02 2.731730e+03 4.830814e+03 6.273917e+03 9.500913e+03 
7.758532e-02 2.680474e+03 4.742161e+03 6.169685e+03 9.334368e+03 
7.866682e-02 2.627396e+03 4.650403e+03 6.060687e+03 9.161150e+03 
7.976339e-02 2.572624e+03 4.555734e+03 5.947179e+03 8.981668e+03 
8.087525e-02 2.516297e+03 4.458379e+03 5.829463e+03 8.796388e+03 
8.200261e-02 2.458568e+03 4.358589e+03 5.707881e+03 8.605834e+03 
8.314568e-02 2.399633e+03 4.256685e+03 5.582872e+03 8.410670e+03 
8.430468e-02 2.339722e+03 4.153058e+03 5.454968e+03 8.211701e+03 
8.547985e-02 2.279088e+03 4.048138e+03 5.324757e+03 8.009805e+03 
8.667139e-02 2.218000e+03 3.942390e+03 5.192875e+03 7.805933e+03 
8.787954e-02 2.156741e+03 3.836296e+03 5.059989e+03 7.601073e+03 
8.910453e-02 2.095607e+03 3.730374e+03 4.926806e+03 7.396274e+03 
9.034660e-02 2.034916e+03 3.625177e+03 4.794090e+03 7.192666e+03 
9.160598e-02 1.974987e+03 3.521255e+03 4.662598e+03 6.991365e+03 
9.288292e-02 1.916107e+03 3.419115e+03 4.533030e+03 6.793400e+03 
9.417766e-02 1.858584e+03 3.319292e+03 4.406126e+03 6.599854e+03 
9.549045e-02 1.802743e+03 3.222358e+03 4.282674e+03 6.411886e+03 
9.682153e-02 1.748897e+03 3.128859e+03 4.163425e+03 6.230591e+03 
9.817117e-02 1.697269e+03 3.039188e+03 4.048934e+03 6.056771e+03 
9.953962e-02 1.648081e+03 2.953735e+03 3.939743e+03 5.891209e+03 
1.009272e-01 1.601564e+03 2.872904e+03 3.836416e+03 5.734722e+03 
1.023340e-01 1.557905e+03 2.797029e+03 3.739421e+03 5.587980e+03 
1.037605e-01 1.517170e+03 2.726219e+03 3.648933e+03 5.451217e+03 
1.052069e-01 1.479400e+03 2.660556e+03 3.565080e+03 5.324596e+03 
1.066734e-01 1.444634e+03 2.600105e+03 3.487972e+03 5.208264e+03 
1.081604e-01 1.412832e+03 2.544800e+03 3.417545e+03 5.102103e+03 
1.096681e-01 1.383862e+03 2.494412e+03 3.353511e+03 5.005667e+03 
1.111968e-01 1.357568e+03 2.448672e+03 3.295531e+03 4.918435e+03 
1.127468e-01 1.333771e+03 2.407268e+03 3.243206e+03 4.839806e+03 
1.143184e-01 1.312231e+03 2.369782e+03 3.195994e+03 4.768964e+03 
1.159120e-01 1.292668e+03 2.335731e+03 3.153260e+03 4.704965e+03 
1.175277e-01 1.274779e+03 2.304587e+03 3.114313e+03 4.646774e+03 
1.191660e-01 1.258233e+03 2.275777e+03 3.078393e+03 4.593266e+03 
1.208271e-01 1.242674e+03 2.248677e+03 3.044673e+03 4.543210e+03 
1.225114e-01 1.227711e+03 2.222618e+03 3.012260e+03 4.495279e+03 
1.242191e-01 1.212958e+03 2.196922e+03 2.980248e+03 4.448129e+03 
1.259506e-01 1.198047e+03 2.170957e+03 2.947787e+03 4.400490e+03 
1.277063e-01 1.182596e+03 2.144054e+03 2.913978e+03 4.351025e+03 
1.294865e-01 1.166236e+03 2.115580e+03 2.877963e+03 4.298445e+03 
1.312915e-01 1.148700e+03 2.085065e+03 2.839105e+03 4.241799e+03 
1.331216e-01 1.129720e+03 2.052049e+03 2.796773e+03 4.180136e+03 
1.349772e-01 1.109084e+03 2.016162e+03 2.750463e+03 4.112687e+03 
1.368587e-01 1.086742e+03 1.977314e+03 2.700042e+03 4.039249e+03 
1.387665e-01 1.062668e+03 1.935462e+03 2.645443e+03 3.959705e+03 
1.407008e-01 1.036911e+03 1.890687e+03 2.586769e+03 3.874195e+03 
1.426621e-01 1.009644e+03 1.843284e+03 2.524412e+03 3.783299e+03 
1.446507e-01 9.810664e+02 1.793601e+03 2.458839e+03 3.687698e+03 
1.466671e-01 9.514371e+02 1.742081e+03 2.390648e+03 3.588283e+03 
1.487115e-01 9.210706e+02 1.689270e+03 2.320575e+03 3.486143e+03 
1.507845e-01 8.903094e+02 1.635757e+03 2.249423e+03 3.382472e+03 
1.528864e-01 8.595395e+02 1.582212e+03 2.178100e+03 3.278618e+03 
1.550175e-01 8.291796e+02 1.529359e+03 2.107591e+03 3.176044e+03 
1.571784e-01 7.996520e+02 1.477928e+03 2.038891e+03 3.076226e+03 
1.593694e-01 7.713705e+02 1.428636e+03 1.972974e+03 2.980612e+03 
1.615909e-01 7.447449e+02 1.382193e+03 1.910806e+03 2.890628e+03 
1.638434e-01 7.200528e+02 1.339080e+03 1.853042e+03 2.807245e+03 
1.661273e-01 6.975291e+02 1.299704e+03 1.800238e+03 2.731280e+03 
1.684430e-01 6.772863e+02 1.264258e+03 1.752662e+03 2.663122e+03 
1.707910e-01 6.593093e+02 1.232718e+03 1.710283e+03 2.602724e+03 
1.731717e-01 6.435227e+02 1.204951e+03 1.672931e+03 2.549825e+03 
1.755856e-01 6.297310e+02 1.180617e+03 1.640156e+03 2.503753e+03 
1.780332e-01 6.177007e+02 1.159312e+03 1.611416e+03 2.463701e+03 
1.805149e-01 6.071520e+02 1.140551e+03 1.586065e+03 2.428705e+03 
1.830312e-01 5.977746e+02 1.123797e+03 1.563386e+03 2.397694e+03 
1.855825e-01 5.892314e+02 1.108468e+03 1.542600e+03 2.369500e+03 
1.881694e-01 5.811587e+02 1.093935e+03 1.522867e+03 2.342857e+03 
1.907924e-01 5.731708e+02 1.079534e+03 1.503297e+03 2.316418e+03 
1.934520e-01 5.648635e+02 1.064569e+03 1.482959e+03 2.288765e+03 
1.961486e-01 5.558868e+02 1.048439e+03 1.461049e+03 2.258666e+03 
1.988828e-01 5.459367e+02 1.030624e+03 1.436868e+03 2.225046e+03 
2.016551e-01 5.348513e+02 1.010848e+03 1.410053e+03 2.187331e+03 
2.044661e-01 5.225812e+02 9.890325e+02 1.380498e+03 2.145345e+03 
2.073162e-01 5.092181e+02 9.653384e+02 1.348429e+03 2.099417e+03 
2.102061e-01 4.949508e+02 9.400953e+02 1.314292e+03 2.050220e+03 
2.131362e-01 4.800460e+02 9.137662e+02 1.278715e+03 1.998707e+03 
2.161073e-01 4.648146e+02 8.868886e+02 1.242424e+03 1.945986e+03 
2.191197e-01 4.495800e+02 8.600206e+02 1.206171e+03 1.893205e+03 
2.221741e-01 4.346731e+02 8.337320e+02 1.170721e+03 1.841533e+03 
2.252711e-01 4.204157e+02 8.085743e+02 1.136815e+03 1.792097e+03 
2.284112e-01 4.070955e+02 7.850408e+02 1.105110e+03 1.745902e+03 
2.315951e-01 3.949479e+02 7.635322e+02 1.076140e+03 1.703759e+03 
2.348235e-01 3.841028e+02 7.442679e+02 1.050194e+03 1.666107e+03 
2.380968e-01 3.745983e+02 7.273093e+02 1.027352e+03 1.633069e+03 
2.414157e-01 3.663507e+02 7.125100e+02 1.007412e+03 1.604345e+03 
2.447809e-01 3.591981e+02 6.995893e+02 9.899963e+02 1.579368e+03 
2.481930e-01 3.529050e+02 6.881425e+02 9.745627e+02 1.557317e+03 
2.516527e-01 3.471820e+02 6.776740e+02 9.604473e+02 1.537194e+03 
2.551606e-01 3.417184e+02 6.676527e+02 9.469391e+02 1.517922e+03 
2.587174e-01 3.362094e+02 6.575604e+02 9.333445e+02 1.498447e+03 
2.623238e-01 3.303887e+02 6.469445e+02 9.190578e+02 1.477849e+03 
2.659804e-01 3.240538e+02 6.354633e+02 9.036210e+02 1.455430e+03 
2.696881e-01 3.171047e+02 6.229493e+02 8.868101e+02 1.430851e+03 
2.734474e-01 3.095532e+02 6.094262e+02 8.686563e+02 1.404165e+03 
2.772591e-01 3.015009e+02 5.950690e+02 8.493940e+02 1.375732e+03 
2.811239e-01 2.931220e+02 5.801756e+02 8.294213e+02 1.346167e+03 
2.850426e-01 2.846416e+02 5.651287e+02 8.092497e+02 1.316257e+03 
2.890160e-01 2.763006e+02 5.503365e+02 7.894228e+02 1.286833e+03 
2.930447e-01 2.683279e+02 5.361848e+02 7.704541e+02 1.258677e+03 
2.971296e-01 2.609138e+02 5.229933e+02 7.527670e+02 1.232432e+03 
3.012714e-01 2.541886e+02 5.109788e+02 7.366478e+02 1.208530e+03 
3.054710e-01 2.481921e+02 5.002049e+02 7.221782e+02 1.187091e+03 
3.097291e-01 2.428695e+02 4.905759e+02 7.092288e+02 1.167916e+03 
3.140465e-01 2.380919e+02 4.818725e+02 6.975061e+02 1.150564e+03 
3.184242e-01 2.336806e+02 4.737924e+02 6.866071e+02 1.134423e+03 
3.228628e-01 2.294365e+02 4.660005e+02 6.760860e+02 1.118825e+03 
3.273634e-01 2.251796e+02 4.581949e+02 6.655413e+02 1.103164e+03 
3.319266e-01 2.207629e+02 4.501300e+02 6.546469e+02 1.086950e+03 
3.365535e-01 2.160853e+02 4.416384e+02 6.431813e+02 1.069852e+03 
3.412449e-01 2.111283e+02 4.326907e+02 6.311060e+02 1.051819e+03 
3.460016e-01 2.059540e+02 4.233921e+02 6.185623e+02 1.033066e+03 
3.508247e-01 2.006883e+02 4.139540e+02 6.058308e+02 1.014022e+03 
3.557150e-01 1.954814e+02 4.046269e+02 5.932443e+02 9.951866e+02 
3.606735e-01 1.904687e+02 3.956346e+02 5.810989e+02 9.770062e+02 
3.657011e-01 1.857490e+02 3.871405e+02 5.696097e+02 9.598007e+02 
3.707988e-01 1.813837e+02 3.792442e+02 5.589073e+02 9.437620e+02 
3.759675e-01 1.773856e+02 3.719647e+02 5.490154e+02 9.289224e+02 
3.812083e-01 1.737073e+02 3.652218e+02 5.398269e+02 9.151192e+02 
3.865221e-01 1.702482e+02 3.588476e+02 5.311201e+02 9.020206e+02 
3.919100e-01 1.668879e+02 3.526430e+02 5.226323e+02 8.892357e+02 
3.973730e-01 1.635289e+02 3.464470e+02 5.141520e+02 8.764515e+02 
4.029122e-01 1.601067e+02 3.401542e+02 5.055414e+02 8.634647e+02 
4.085286e-01 1.565932e+02 3.337191e+02 4.967419e+02 8.501912e+02 
4.142232e-01 1.530075e+02 3.271740e+02 4.877967e+02 8.366973e+02 
4.199973e-01 1.494122e+02 3.206219e+02 4.788422e+02 8.231861e+02 
4.258518e-01 1.458851e+02 3.141899e+02 4.700455e+02 8.099038e+02 
4.317880e-01 1.424958e+02 3.079915e+02 4.615547e+02 7.970677e+02 
4.378069e-01 1.392830e+02 3.020879e+02 4.534498e+02 7.847926e+02 
4.439097e-01 1.362640e+02 2.965072e+02 4.457662e+02 7.731279e+02 
4.500975e-01 1.334145e+02 2.912077e+02 4.384497e+02 7.619917e+02 
4.563716e-01 1.306859e+02 2.861103e+02 4.313961e+02 7.512307e+02 
4.627332e-01 1.280177e+02 2.811163e+02 4.244775e+02 7.406581e+02 
4.691835e-01 1.253657e+02 2.761547e+02 4.176015e+02 7.301402e+02 
4.757236e-01 1.227075e+02 2.711895e+02 4.107224e+02 7.196114e+02 
4.823549e-01 1.200427e+02 2.662204e+02 4.038399e+02 7.090729e+02 
4.890787e-01 1.173998e+02 2.612934e+02 3.970146e+02 6.986123e+02 
4.958962e-01 1.148173e+02 2.564702e+02 3.903264e+02 6.883443e+02 
5.028087e-01 1.123241e+02 2.517967e+02 3.838339e+02 6.783524e+02 
5.098176e-01 1.099328e+02 2.472924e+02 3.775621e+02 6.686707e+02 
5.169242e-01 1.076455e+02 2.429603e+02 3.715143e+02 6.593024e+02 
5.241298e-01 1.054425e+02 2.387678e+02 3.656484e+02 6.501862e+02 
5.314359e-01 1.032928e+02 2.346660e+02 3.599013e+02 6.412324e+02 
5.388438e-01 1.011747e+02 2.306204e+02 3.542289e+02 6.323786e+02 
5.463550e-01 9.908178e+01 2.266206e+02 3.486178e+02 6.236067e+02 
5.539709e-01 9.701137e+01 2.226628e+02 3.430636e+02 6.149106e+02 
5.616930e-01 9.498060e+01 2.187738e+02 3.376004e+02 6.063384e+02 
5.695227e-01 9.300488e+01 2.149776e+02 3.322585e+02 5.979321e+02 
5.774615e-01 9.109135e+01 2.112853e+02 3.270514e+02 5.897095e+02 
5.855110e-01 8.924063e+01 2.076970e+02 3.219794e+02 5.816708e+02 
5.936727e-01 8.744761e+01 2.042049e+02 3.170316e+02 5.737999e+02 
6.019482e-01 8.569661e+01 2.007841e+02 3.121768e+02 5.660540e+02 
6.103390e-01 8.397888e+01 1.974211e+02 3.073976e+02 5.584094e+02 
6.188468e-01 8.229268e+01 1.941131e+02 3.026907e+02 5.508615e+02 
6.274732e-01 8.063740e+01 1.908592e+02 2.980544e+02 5.434087e+02 
6.362198e-01 7.902121e+01 1.876716e+02 2.935042e+02 5.360717e+02 
6.450884e-01 7.744758e+01 1.845557e+02 2.890464e+02 5.288584e+02 
6.540806e-01 7.591964e+01 1.815157e+02 2.846859e+02 5.217756e+02 
6.631981e-01 7.443192e+01 1.785433e+02 2.804121e+02 5.148084e+02 
6.724427e-01 7.297710e+01 1.756270e+02 2.762107e+02 5.079379e+02 
6.818162e-01 7.155443e+01 1.727656e+02 2.720799e+02 5.011621e+02 
6.913204e-01 7.016315e+01 1.699580e+02 2.680181e+02 4.944785e+02 
7.009570e-01 6.880266e+01 1.672029e+02 2.640237e+02 4.878852e+02 
7.107280e-01 6.747307e+01 1.645004e+02 2.600967e+02 4.813818e+02 
7.206351e-01 6.617455e+01 1.618506e+02 2.562369e+02 4.749685e+02 
7.306804e-01 6.490722e+01 1.592534e+02 2.524443e+02 4.686446e+02 
7.408657e-01 6.367039e+01 1.567077e+02 2.487171e+02 4.624080e+02 
7.511929e-01 6.246263e+01 1.542112e+02 2.450524e+02 4.562548e+02 
7.616642e-01 6.128232e+01 1.517613e+02 2.414470e+02 4.501807e+02 
7.722814e-01 6.012789e+01 1.493556e+02 2.378979e+02 4.441821e+02 
7.830465e-01 5.899880e+01 1.469931e+02 2.344038e+02 4.382571e+02 
7.939618e-01 5.789479e+01 1.446733e+02 2.309640e+02 4.324049e+02 
8.050292e-01 5.681551e+01 1.423955e+02 2.275778e+02 4.266242e+02 
8.162509e-01 5.576048e+01 1.401590e+02 2.242438e+02 4.209134e+02 
8.276289e-01 5.472905e+01 1.379625e+02 2.209607e+02 4.152708e+02 
8.391656e-01 5.372046e+01 1.358049e+02 2.177272e+02 4.096946e+02 
8.508632e-01 5.273386e+01 1.336848e+02 2.145415e+02 4.041823e+02 
8.627237e-01 5.176867e+01 1.316012e+02 2.114024e+02 3.987326e+02 
8.747496e-01 5.082439e+01 1.295534e+02 2.083088e+02 3.933441e+02 
8.869432e-01 4.990048e+01 1.275402e+02 2.052598e+02 3.880155e+02 
8.993067e-01 4.899635e+01 1.255610e+02 2.022540e+02 3.827452e+02 
9.118425e-01 4.811156e+01 1.236148e+02 1.992909e+02 3.775319e+02 
9.245531e-01 4.724561e+01 1.217009e+02 1.963690e+02 3.723746e+02 
9.374409e-01 4.639796e+01 1.198183e+02 1.934877e+02 3.672718e+02 
9.505083e-01 4.556811e+01 1.179663e+02 1.906458e+02 3.622226e+02 
9.637579e-01 4.475563e+01 1.161442e+02 1.878426e+02 3.572255e+02 
9.771921e-01 4.396005e+01 1.143511e+02 1.850771e+02 3.522797e+02 
9.908137e-01 4.318082e+01 1.125863e+02 1.823485e+02 3.473841e+02 
1.004625e+00 4.241756e+01 1.108491e+02 1.796558e+02 3.425376e+02 
1.018629e+00 4.166991e+01 1.091389e+02 1.769985e+02 3.377394e+02 
1.032828e+00 4.093740e+01 1.074549e+02 1.743759e+02 3.329888e+02 
1.047225e+00 4.021963e+01 1.057966e+02 1.717869e+02 3.282846e+02 
1.061823e+00 3.951624e+01 1.041634e+02 1.692312e+02 3.236262e+02 
1.076624e+00 3.882685e+01 1.025546e+02 1.667079e+02 3.190129e+02 
1.091632e+00 3.815103e+01 1.009696e+02 1.642164e+02 3.144437e+02 
1.106848e+00 3.748845e+01 9.940796e+01 1.617559e+02 3.099181e+02 
1.122277e+00 3.683881e+01 9.786907e+01 1.593261e+02 3.054357e+02 
1.137921e+00 3.620180e+01 9.635249e+01 1.569263e+02 3.009955e+02 
1.153783e+00 3.557707e+01 9.485769e+01 1.545561e+02 2.965973e+02 
1.169866e+00 3.496435e+01 9.338425e+01 1.522148e+02 2.922403e+02 
1.186174e+00 3.436333e+01 9.193168e+01 1.499019e+02 2.879243e+02 
1.202708e+00 3.377369e+01 9.049950e+01 1.476170e+02 2.836485e+02 
1.219473e+00 3.319509e+01 8.908726e+01 1.453594e+02 2.794126e+02 
1.236472e+00 3.262732e+01 8.769456e+01 1.431289e+02 2.752162e+02 
1.253708e+00 3.207005e+01 8.632097e+01 1.409249e+02 2.710588e+02 
1.271184e+00 3.152299e+01 8.496606e+01 1.387468e+02 2.669400e+02 
1.288904e+00 3.098591e+01 8.362948e+01 1.365944e+02 2.628596e+02 
1.306870e+00 3.045860e+01 8.231093e+01 1.344673e+02 2.588174e+02 
1.325087e+00 2.994082e+01 8.101007e+01 1.323652e+02 2.548128e+02 
1.343558e+00 2.943235e+01 7.972654e+01 1.302874e+02 2.508459e+02 
1.362287e+00 2.893295e+01 7.846004e+01 1.282341e+02 2.469162e+02 
1.381276e+00 2.844240e+01 7.721026e+01 1.262044e+02 2.430235e+02 
1.400531e+00 2.796045e+01 7.597683e+01 1.241984e+02 2.391677e+02 
1.420053e+00 2.748689e+01 7.475949e+01 1.222154e+02 2.353486e+02 
1.439848e+00 2.702154e+01 7.355799e+01 1.202554e+02 2.315660e+02 
1.459919e+00 2.656425e+01 7.237208e+01 1.183180e+02 2.278196e+02 
1.480269e+00 2.611478e+01 7.120149e+01 1.164030e+02 2.241096e+02 
1.500903e+00 2.567300e+01 7.004600e+01 1.145101e+02 2.204356e+02 
1.521825e+00 2.523870e+01 6.890536e+01 1.126390e+02 2.167977e+02 
1.543038e+00 2.481171e+01 6.777934e+01 1.107896e+02 2.131957e+02 
1.564548e+00 2.439184e+01 6.666769e+01 1.089613e+02 2.096295e+02 
1.586357e+00 2.397893e+01 6.557023e+01 1.071544e+02 2.060990e+02 
1.608469e+00 2.357286e+01 6.448676e+01 1.053683e+02 2.026043e+02 
1.630891e+00 2.317344e+01 6.341706e+01 1.036029e+02 1.991452e+02 
1.653624e+00 2.278053e+01 6.236096e+01 1.018581e+02 1.957219e+02 
1.676675e+00 2.239402e+01 6.131830e+01 1.001335e+02 1.923341e+02 
1.700047e+00 2.201377e+01 6.028891e+01 9.842924e+01 1.889821e+02 
1.723745e+00 2.163964e+01 5.927261e+01 9.674492e+01 1.856656e+02 
1.747773e+00 2.127150e+01 5.826925e+01 9.508044e+01 1.823846e+02 
1.772136e+00 2.090923e+01 5.727867e+01 9.343564e+01 1.791393e+02 
1.796838e+00 2.055270e+01 5.630071e+01 9.181037e+01 1.759297e+02 
1.821885e+00 2.020179e+01 5.533524e+01 9.020447e+01 1.727556e+02 
1.847281e+00 1.985640e+01 5.438212e+01 8.861782e+01 1.696174e+02 
1.873032e+00 1.951642e+01 5.344122e+01 8.705028e+01 1.665147e+02 
1.899141e+00 1.918174e+01 5.251239e+01 8.550173e+01 1.634477e+02 
1.925614e+00 1.885227e+01 5.159553e+01 8.397205e+01 1.604165e+02 
1.952456e+00 1.852791e+01 5.069052e+01 8.246111e+01 1.574210e+02 
1.979672e+00 1.820855e+01 4.979722e+01 8.096880e+01 1.544613e+02 
2.007267e+00 1.789409e+01 4.891551e+01 7.949499e+01 1.515374e+02 
2.035248e+00 1.758446e+01 4.804530e+01 7.803960e+01 1.486493e+02 
2.063618e+00 1.727955e+01 4.718648e+01 7.660250e+01 1.457971e+02 
2.092383e+00 1.697928e+01 4.633892e+01 7.518360e+01 1.429807e+02 
2.121550e+00 1.668360e+01 4.550254e+01 7.378282e+01 1.402003e+02 
2.151123e+00 1.639239e+01 4.467724e+01 7.240004e+01 1.374556e+02 
2.181109e+00 1.610559e+01 4.386291e+01 7.103517e+01 1.347469e+02 
2.211512e+00 1.582314e+01 4.305948e+01 6.968812e+01 1.320741e+02 
2.242340e+00 1.554495e+01 4.226681e+01 6.835880e+01 1.294372e+02 
2.273597e+00 1.527094e+01 4.148485e+01 6.704711e+01 1.268361e+02 
2.305289e+00 1.500105e+01 4.071348e+01 6.575298e+01 1.242708e+02 
2.337424e+00 1.473521e+01 3.995263e+01 6.447631e+01 1.217414e+02 
2.370006e+00 1.447337e+01 3.920220e+01 6.321702e+01 1.192477e+02 
2.403043e+00 1.421543e+01 3.846211e+01 6.197501e+01 1.167897e+02 
2.436540e+00 1.396137e+01 3.773227e+01 6.075022e+01 1.143675e+02 
2.470504e+00 1.371109e+01 3.701260e+01 5.954253e+01 1.119807e+02 
2.504942e+00 1.346458e+01 3.630303e+01 5.835188e+01 1.096296e+02 
2.539859e+00 1.322173e+01 3.560346e+01 5.717818e+01 1.073139e+02 
2.575263e+00 1.298253e+01 3.491380e+01 5.602134e+01 1.050335e+02 
2.611161e+00 1.274689e+01 3.423400e+01 5.488127e+01 1.027884e+02 
2.647559e+00 1.251478e+01 3.356396e+01 5.375789e+01 1.005782e+02 
2.684465e+00 1.228614e+01 3.290361e+01 5.265112e+01 9.840316e+01 
2.721885e+00 1.206092e+01 3.225286e+01 5.156084e+01 9.626293e+01 
2.759826e+00 1.183908e+01 3.161164e+01 5.048699e+01 9.415737e+01 
2.798297e+00 1.162056e+01 3.097988e+01 4.942946e+01 9.208635e+01 
2.837304e+00 1.140531e+01 3.035750e+01 4.838816e+01 9.004967e+01 
2.876854e+00 1.119330e+01 2.974441e+01 4.736301e+01 8.804715e+01 
2.916956e+00 1.098447e+01 2.914054e+01 4.635389e+01 8.607860e+01 
2.957617e+00 1.077879e+01 2.854583e+01 4.536072e+01 8.414380e+01 
2.998844e+00 1.057621e+01 2.796018e+01 4.438340e+01 8.224255e+01 
3.040646e+00 1.037669e+01 2.738354e+01 4.342182e+01 8.037461e+01 
3.083031e+00 1.018019e+01 2.681582e+01 4.247589e+01 7.853973e+01 
3.126007e+00 9.986661e+00 2.625694e+01 4.154547e+01 7.673768e+01 
3.169582e+00 9.796076e+00 2.570684e+01 4.063050e+01 7.496819e+01 
3.213764e+00 9.608394e+00 2.516543e+01 3.973084e+01 7.323099e+01 
3.258562e+00 9.423577e+00 2.463265e+01 3.884638e+01 7.152582e+01 
3.303985e+00 9.241587e+00 2.410842e+01 3.797702e+01 6.985237e+01 
3.350041e+00 9.062389e+00 2.359266e+01 3.712263e+01 6.821036e+01 
3.396739e+00 8.885951e+00 2.308530e+01 3.628309e+01 6.659948e+01 
3.444087e+00 8.712235e+00 2.258628e+01 3.545829e+01 6.501943e+01 
3.492096e+00 8.541210e+00 2.209549e+01 3.464809e+01 6.346987e+01 
3.540774e+00 8.372841e+00 2.161290e+01 3.385239e+01 6.195051e+01 
3.590130e+00 8.207097e+00 2.113841e+01 3.307104e+01 6.046100e+01 
3.640175e+00 8.043944e+00 2.067195e+01 3.230391e+01 5.900099e+01 
3.690917e+00 7.883353e+00 2.021343e+01 3.155089e+01 5.757017e+01 
3.742366e+00 7.725292e+00 1.976281e+01 3.081182e+01 5.616816e+01 
3.794533e+00 7.569732e+00 1.932000e+01 3.008657e+01 5.479462e+01 
3.847427e+00 7.416642e+00 1.888490e+01 2.937501e+01 5.344921e+01 
3.901058e+00 7.265994e+00 1.845748e+01 2.867699e+01 5.213155e+01 
3.955436e+00 7.117760e+00 1.803764e+01 2.799237e+01 5.084127e+01 
4.010573e+00 6.971910e+00 1.762530e+01 2.732100e+01 4.957802e+01 
4.066478e+00 6.828417e+00 1.722039e+01 2.666274e+01 4.834141e+01 
4.123163e+00 6.687254e+00 1.682284e+01 2.601743e+01 4.713108e+01 
4.180637e+00 6.548394e+00 1.643257e+01 2.538493e+01 4.594666e+01 
4.238913e+00 6.411809e+00 1.604950e+01 2.476509e+01 4.478775e+01 
4.298001e+00 6.277473e+00 1.567357e+01 2.415775e+01 4.365400e+01 
4.357913e+00 6.145362e+00 1.530468e+01 2.356276e+01 4.254500e+01 
4.418660e+00 6.015449e+00 1.494276e+01 2.297994e+01 4.146039e+01 
4.480254e+00 5.887707e+00 1.458774e+01 2.240917e+01 4.039978e+01 
4.542706e+00 5.762114e+00 1.423955e+01 2.185027e+01 3.936278e+01 
4.606029e+00 5.638643e+00 1.389809e+01 2.130308e+01 3.834903e+01 
4.670234e+00 5.517271e+00 1.356329e+01 2.076743e+01 3.735813e+01 
4.735335e+00 5.397971e+00 1.323507e+01 2.024318e+01 3.638971e+01 
4.801343e+00 5.280723e+00 1.291336e+01 1.973016e+01 3.544338e+01 
4.868271e+00 5.165499e+00 1.259806e+01 1.922821e+01 3.451876e+01 
4.936132e+00 5.052277e+00 1.228911e+01 1.873715e+01 3.361549e+01 
5.004939e+00 4.941033e+00 1.198642e+01 1.825683e+01 3.273317e+01 
5.074705e+00 4.831745e+00 1.168992e+01 1.778709e+01 3.187145e+01 
5.145444e+00 4.724388e+00 1.139952e+01 1.732775e+01 3.102993e+01 
5.217169e+00 4.618941e+00 1.111514e+01 1.687867e+01 3.020827e+01 
5.289893e+00 4.515380e+00 1.083669e+01 1.643966e+01 2.940609e+01 
5.363631e+00 4.413682e+00 1.056410e+01 1.601058e+01 2.862301e+01 
5.438397e+00 4.313825e+00 1.029729e+01 1.559125e+01 2.785869e+01 
5.514206e+00 4.215785e+00 1.003617e+01 1.518150e+01 2.711275e+01 
5.591071e+00 4.119543e+00 9.780654e+00 1.478118e+01 2.638486e+01 
5.669007e+00 4.025074e+00 9.530669e+00 1.439014e+01 2.567465e+01 
5.748030e+00 3.932357e+00 9.286129e+00 1.400819e+01 2.498177e+01 
5.828155e+00 3.841369e+00 9.046951e+00 1.363519e+01 2.430587e+01 
5.909396e+00 3.752091e+00 8.813053e+00 1.327097e+01 2.364662e+01 
5.991770e+00 3.664499e+00 8.584353e+00 1.291537e+01 2.300368e+01 
6.075292e+00 3.578570e+00 8.360767e+00 1.256825e+01 2.237670e+01 
6.159978e+00 3.494286e+00 8.142213e+00 1.222943e+01 2.176537e+01 
6.245845e+00 3.411624e+00 7.928610e+00 1.189876e+01 2.116936e+01 
6.332908e+00 3.330563e+00 7.719875e+00 1.157609e+01 2.058832e+01 
6.421186e+00 3.251081e+00 7.515927e+00 1.126126e+01 2.002196e+01 
6.510694e+00 3.173158e+00 7.316684e+00 1.095413e+01 1.946996e+01 
6.601449e+00 3.096773e+00 7.122064e+00 1.065452e+01 1.893201e+01 
6.693470e+00 3.021904e+00 6.931988e+00 1.036232e+01 1.840780e+01 
6.786773e+00 2.948531e+00 6.746375e+00 1.007736e+01 1.789703e+01 
6.881377e+00 2.876634e+00 6.565144e+00 9.799496e+00 1.739939e+01 
6.977300e+00 2.806192e+00 6.388216e+00 9.528582e+00 1.691462e+01 
7.074559e+00 2.737184e+00 6.215513e+00 9.264477e+00 1.644240e+01 
7.173175e+00 2.669590e+00 6.046955e+00 9.007038e+00 1.598246e+01 
7.273165e+00 2.603391e+00 5.882465e+00 8.756126e+00 1.553453e+01 
7.374549e+00 2.538565e+00 5.721966e+00 8.511602e+00 1.509831e+01 
7.477346e+00 2.475093e+00 5.565381e+00 8.273331e+00 1.467356e+01 
7.581576e+00 2.412954e+00 5.412633e+00 8.041176e+00 1.426000e+01 
7.687260e+00 2.352129e+00 5.263649e+00 7.815007e+00 1.385736e+01 
7.794416e+00 2.292600e+00 5.118351e+00 7.594691e+00 1.346541e+01 
7.903066e+00 2.234344e+00 4.976669e+00 7.380099e+00 1.308387e+01 
8.013230e+00 2.177343e+00 4.838527e+00 7.171105e+00 1.271251e+01 
8.124930e+00 2.121579e+00 4.703854e+00 6.967582e+00 1.235109e+01 
8.238187e+00 2.067030e+00 4.572579e+00 6.769409e+00 1.199936e+01 
8.353023e+00 2.013679e+00 4.444630e+00 6.576462e+00 1.165708e+01 
8.469460e+00 1.961506e+00 4.319938e+00 6.388622e+00 1.132404e+01 
8.587519e+00 1.910492e+00 4.198434e+00 6.205773e+00 1.100001e+01 
8.707225e+00 1.860618e+00 4.080049e+00 6.027797e+00 1.068476e+01 
8.828599e+00 1.811866e+00 3.964717e+00 5.854582e+00 1.037809e+01 
8.951665e+00 1.764216e+00 3.852371e+00 5.686015e+00 1.007978e+01 
9.076446e+00 1.717650e+00 3.742947e+00 5.521987e+00 9.789610e+00 
9.202967e+00 1.672152e+00 3.636379e+00 5.362390e+00 9.507394e+00 
9.331251e+00 1.627699e+00 3.532603e+00 5.207117e+00 9.232928e+00 
9.461324e+00 1.584276e+00 3.431559e+00 5.056066e+00 8.966016e+00 
9.593209e+00 1.541865e+00 3.333184e+00 4.909133e+00 8.706468e+00 
9.726934e+00 1.500447e+00 3.237415e+00 4.766218e+00 8.454096e+00 
9.862522e+00 1.460004e+00 3.144196e+00 4.627222e+00 8.208717e+00 
1.000000e+01 1.420519e+00 3.053466e+00 4.492051e+00 7.970154e+00 
