1.000000e-02 -1.026302e+03 -1.100593e+04 -7.678243e+03 -2.252694e+04 
1.013939e-02 -1.018748e+03 -1.125813e+04 -7.070908e+03 -2.131734e+04 
1.028073e-02 -1.092082e+03 -1.149842e+04 -6.480267e+03 -1.993341e+04 
1.042404e-02 -1.236641e+03 -1.172429e+04 -5.907124e+03 -1.842452e+04 
1.056935e-02 -1.434099e+03 -1.192099e+04 -5.352790e+03 -1.682532e+04 
1.071668e-02 -1.663803e+03 -1.208164e+04 -4.819141e+03 -1.517237e+04 
1.086606e-02 -1.902955e+03 -1.218538e+04 -4.307815e+03 -1.351147e+04 
1.101753e-02 -2.124906e+03 -1.221099e+04 -3.820323e+03 -1.187739e+04 
1.117111e-02 -2.304396e+03 -1.214288e+04 -3.357782e+03 -1.032379e+04 
1.132683e-02 -2.427837e+03 -1.198120e+04 -2.920895e+03 -8.894208e+03 
1.148472e-02 -2.485881e+03 -1.172557e+04 -2.509687e+03 -7.601361e+03 
1.164481e-02 -2.472296e+03 -1.138508e+04 -2.123310e+03 -6.469722e+03 
1.180713e-02 -2.385327e+03 -1.096313e+04 -1.759955e+03 -5.504491e+03 
1.197171e-02 -2.225206e+03 -1.047156e+04 -1.417360e+03 -4.719938e+03 
1.213859e-02 -2.003625e+03 -9.936107e+03 -1.092636e+03 -4.124622e+03 
1.230780e-02 -1.741954e+03 -9.387613e+03 -7.821024e+02 -3.705199e+03 
1.247936e-02 -1.455897e+03 -8.846075e+03 -4.813912e+02 -3.433312e+03 
1.265332e-02 -1.157486e+03 -8.326760e+03 -1.857419e+02 -3.281491e+03 
1.282970e-02 -8.648360e+02 -7.839595e+03 1.094385e+02 -3.206663e+03 
1.300854e-02 -5.974206e+02 -7.396767e+03 4.082091e+02 -3.184482e+03 
1.318987e-02 -3.724640e+02 -7.008462e+03 7.141515e+02 -3.156312e+03 
1.337373e-02 -1.987491e+02 -6.668704e+03 1.029988e+03 -3.059874e+03 
1.356015e-02 -6.961571e+01 -6.353952e+03 1.357002e+03 -2.839909e+03 
1.374917e-02 2.411754e+01 -6.037067e+03 1.694898e+03 -2.457961e+03 
1.394083e-02 9.039598e+01 -5.695583e+03 2.041757e+03 -1.897517e+03 
1.413516e-02 1.457906e+02 -5.310757e+03 2.394514e+03 -1.154226e+03 
1.433219e-02 2.131946e+02 -4.860759e+03 2.749326e+03 -2.191583e+02 
1.453198e-02 3.104431e+02 -4.325481e+03 3.101665e+03 8.813047e+02 
1.473454e-02 4.580702e+02 -3.689644e+03 3.446694e+03 2.098858e+03 
1.493993e-02 6.608109e+02 -2.958230e+03 3.779854e+03 3.375188e+03 
1.514819e-02 9.138719e+02 -2.150066e+03 4.097227e+03 4.653723e+03 
1.535935e-02 1.212969e+03 -1.282751e+03 4.395894e+03 5.899677e+03 
1.557345e-02 1.545222e+03 -3.740834e+02 4.673842e+03 7.082782e+03 
1.579053e-02 1.888942e+03 5.495111e+02 4.929801e+03 8.174545e+03 
1.601064e-02 2.226012e+03 1.462269e+03 5.163335e+03 9.165107e+03 
1.623382e-02 2.525864e+03 2.328552e+03 5.374663e+03 1.006273e+04 
1.646012e-02 2.767002e+03 3.123538e+03 5.564486e+03 1.089100e+04 
1.668956e-02 2.937720e+03 3.831507e+03 5.733767e+03 1.167993e+04 
1.692220e-02 3.024017e+03 4.434898e+03 5.883470e+03 1.244586e+04 
1.715809e-02 3.019216e+03 4.919430e+03 6.014529e+03 1.320757e+04 
1.739726e-02 2.925876e+03 5.282321e+03 6.128002e+03 1.398041e+04 
1.763977e-02 2.748020e+03 5.521659e+03 6.224970e+03 1.477081e+04 
1.788566e-02 2.504599e+03 5.650741e+03 6.306702e+03 1.558234e+04 
1.813498e-02 2.215181e+03 5.681542e+03 6.374553e+03 1.640337e+04 
1.838777e-02 1.895579e+03 5.627842e+03 6.429957e+03 1.721106e+04 
1.864409e-02 1.566943e+03 5.511069e+03 6.474489e+03 1.798599e+04 
1.890397e-02 1.248976e+03 5.353198e+03 6.509874e+03 1.869936e+04 
1.916748e-02 9.580236e+02 5.170632e+03 6.537855e+03 1.932737e+04 
1.943467e-02 7.079829e+02 4.980848e+03 6.560122e+03 1.985074e+04 
1.970558e-02 5.031208e+02 4.793186e+03 6.578127e+03 2.024430e+04 
1.998026e-02 3.437298e+02 4.618663e+03 6.593182e+03 2.049191e+04 
2.025878e-02 2.314231e+02 4.466369e+03 6.606578e+03 2.059181e+04 
2.054117e-02 1.623539e+02 4.336138e+03 6.619571e+03 2.054621e+04 
2.082751e-02 1.296620e+02 4.225110e+03 6.633324e+03 2.036845e+04 
2.111783e-02 1.242148e+02 4.131299e+03 6.648855e+03 2.007144e+04 
2.141220e-02 1.376983e+02 4.051829e+03 6.667114e+03 1.966943e+04 
2.171068e-02 1.656025e+02 3.985777e+03 6.689045e+03 1.918383e+04 
2.201331e-02 2.062499e+02 3.928789e+03 6.715440e+03 1.863860e+04 
2.232016e-02 2.542291e+02 3.872914e+03 6.746734e+03 1.805304e+04 
2.263130e-02 3.060053e+02 3.816461e+03 6.782986e+03 1.744707e+04 
2.294676e-02 3.611004e+02 3.759340e+03 6.823970e+03 1.683516e+04 
2.326663e-02 4.203683e+02 3.700597e+03 6.869274e+03 1.622704e+04 
2.359095e-02 4.839619e+02 3.638504e+03 6.918278e+03 1.563345e+04 
2.391980e-02 5.503132e+02 3.570259e+03 6.970190e+03 1.506595e+04 
2.425323e-02 6.154321e+02 3.495033e+03 7.024208e+03 1.453191e+04 
2.459130e-02 6.797664e+02 3.417534e+03 7.079763e+03 1.403426e+04 
2.493409e-02 7.460657e+02 3.340720e+03 7.136547e+03 1.357084e+04 
2.528166e-02 8.138565e+02 3.266034e+03 7.194465e+03 1.314300e+04 
2.563407e-02 8.838491e+02 3.196365e+03 7.253567e+03 1.275915e+04 
2.599140e-02 9.580458e+02 3.136154e+03 7.314077e+03 1.242214e+04 
2.635371e-02 1.039983e+03 3.091793e+03 7.376321e+03 1.212830e+04 
2.672106e-02 1.135750e+03 3.070153e+03 7.440551e+03 1.187445e+04 
2.709354e-02 1.248512e+03 3.073586e+03 7.506841e+03 1.166109e+04 
2.747121e-02 1.376936e+03 3.102607e+03 7.574983e+03 1.149281e+04 
2.785414e-02 1.522797e+03 3.159019e+03 7.644588e+03 1.137129e+04 
2.824241e-02 1.686224e+03 3.243117e+03 7.715062e+03 1.129196e+04 
2.863610e-02 1.865619e+03 3.353374e+03 7.785601e+03 1.125369e+04 
2.903527e-02 2.056393e+03 3.484471e+03 7.855239e+03 1.125842e+04 
2.944000e-02 2.250807e+03 3.628108e+03 7.923003e+03 1.130687e+04 
2.985038e-02 2.441589e+03 3.778125e+03 7.987936e+03 1.139755e+04 
3.026648e-02 2.624535e+03 3.930164e+03 8.049238e+03 1.152474e+04 
3.068838e-02 2.793111e+03 4.079197e+03 8.106189e+03 1.168114e+04 
3.111616e-02 2.940901e+03 4.220416e+03 8.158214e+03 1.186143e+04 
3.154990e-02 3.062348e+03 4.349219e+03 8.204930e+03 1.205949e+04 
3.198969e-02 3.155495e+03 4.465051e+03 8.246121e+03 1.226802e+04 
3.243561e-02 3.221015e+03 4.570069e+03 8.281638e+03 1.247883e+04 
3.288774e-02 3.260791e+03 4.666045e+03 8.311346e+03 1.268406e+04 
3.334618e-02 3.276297e+03 4.753945e+03 8.335083e+03 1.287803e+04 
3.381101e-02 3.271103e+03 4.834857e+03 8.352746e+03 1.305645e+04 
3.428231e-02 3.250010e+03 4.910667e+03 8.364296e+03 1.321350e+04 
3.476019e-02 3.218462e+03 4.984076e+03 8.369686e+03 1.334283e+04 
3.524473e-02 3.180277e+03 5.055059e+03 8.368857e+03 1.343947e+04 
3.573602e-02 3.138761e+03 5.122617e+03 8.361811e+03 1.350204e+04 
3.623416e-02 3.096640e+03 5.185440e+03 8.348636e+03 1.353016e+04 
3.673925e-02 3.056312e+03 5.242528e+03 8.329576e+03 1.352378e+04 
3.725137e-02 3.018763e+03 5.292825e+03 8.304936e+03 1.348551e+04 
3.777064e-02 2.984465e+03 5.334555e+03 8.275088e+03 1.342208e+04 
3.829714e-02 2.953275e+03 5.365792e+03 8.240502e+03 1.334101e+04 
3.883098e-02 2.925163e+03 5.386272e+03 8.201706e+03 1.324975e+04 
3.937226e-02 2.899470e+03 5.395718e+03 8.159228e+03 1.315382e+04 
3.992109e-02 2.875418e+03 5.394401e+03 8.113427e+03 1.305837e+04 
4.047757e-02 2.852443e+03 5.382985e+03 8.064544e+03 1.296848e+04 
4.104181e-02 2.830544e+03 5.362768e+03 8.012796e+03 1.288586e+04 
4.161391e-02 2.809423e+03 5.335797e+03 7.958343e+03 1.280813e+04 
4.219398e-02 2.788835e+03 5.304089e+03 7.901315e+03 1.273312e+04 
4.278214e-02 2.768812e+03 5.269268e+03 7.841814e+03 1.265868e+04 
4.337850e-02 2.750038e+03 5.233902e+03 7.779984e+03 1.258219e+04 
4.398317e-02 2.732888e+03 5.199997e+03 7.716067e+03 1.250051e+04 
4.459628e-02 2.717322e+03 5.168924e+03 7.650397e+03 1.241035e+04 
4.521792e-02 2.703104e+03 5.141231e+03 7.583378e+03 1.231005e+04 
4.584824e-02 2.690143e+03 5.116975e+03 7.515481e+03 1.220049e+04 
4.648734e-02 2.678567e+03 5.096393e+03 7.447224e+03 1.208229e+04 
4.713535e-02 2.668032e+03 5.079208e+03 7.379165e+03 1.195502e+04 
4.779239e-02 2.657633e+03 5.063871e+03 7.311808e+03 1.181909e+04 
4.845859e-02 2.647021e+03 5.049248e+03 7.245429e+03 1.167542e+04 
4.913407e-02 2.636430e+03 5.034797e+03 7.180211e+03 1.152520e+04 
4.981898e-02 2.626244e+03 5.020537e+03 7.116305e+03 1.136959e+04 
5.051342e-02 2.616994e+03 5.006572e+03 7.053816e+03 1.120877e+04 
5.121755e-02 2.608691e+03 4.992414e+03 6.992828e+03 1.104289e+04 
5.193150e-02 2.601658e+03 4.978083e+03 6.933413e+03 1.087395e+04 
5.265540e-02 2.596518e+03 4.964215e+03 6.875766e+03 1.070439e+04 
5.338938e-02 2.593365e+03 4.950940e+03 6.820117e+03 1.053658e+04 
5.413360e-02 2.591675e+03 4.937789e+03 6.766677e+03 1.037244e+04 
5.488820e-02 2.590627e+03 4.923926e+03 6.715630e+03 1.021384e+04 
5.565331e-02 2.589046e+03 4.908479e+03 6.667119e+03 1.006295e+04 
5.642908e-02 2.586248e+03 4.890986e+03 6.621211e+03 9.922338e+03 
5.721568e-02 2.581469e+03 4.870829e+03 6.577809e+03 9.793228e+03 
5.801323e-02 2.574018e+03 4.847578e+03 6.536696e+03 9.676297e+03 
5.882190e-02 2.563336e+03 4.820988e+03 6.497568e+03 9.571267e+03 
5.964185e-02 2.549373e+03 4.791184e+03 6.460036e+03 9.478162e+03 
6.047322e-02 2.532492e+03 4.758628e+03 6.423636e+03 9.396540e+03 
6.131619e-02 2.513533e+03 4.723981e+03 6.387909e+03 9.325904e+03 
6.217090e-02 2.493144e+03 4.687976e+03 6.352401e+03 9.264973e+03 
6.303753e-02 2.472050e+03 4.651183e+03 6.316618e+03 9.212009e+03 
6.391624e-02 2.450749e+03 4.613804e+03 6.280052e+03 9.165021e+03 
6.480720e-02 2.430039e+03 4.576265e+03 6.242192e+03 9.122506e+03 
6.571058e-02 2.410419e+03 4.538867e+03 6.202574e+03 9.082698e+03 
6.662655e-02 2.392003e+03 4.501612e+03 6.160774e+03 9.043836e+03 
6.755528e-02 2.374551e+03 4.464262e+03 6.116386e+03 9.003772e+03 
6.849697e-02 2.357873e+03 4.426432e+03 6.069013e+03 8.960604e+03 
6.945178e-02 2.341524e+03 4.387814e+03 6.018284e+03 8.913270e+03 
7.041990e-02 2.325220e+03 4.348291e+03 5.963958e+03 8.860913e+03 
7.140151e-02 2.308302e+03 4.307408e+03 5.905805e+03 8.802696e+03 
7.239681e-02 2.290164e+03 4.264744e+03 5.843581e+03 8.737530e+03 
7.340598e-02 2.270365e+03 4.219882e+03 5.777019e+03 8.664418e+03 
7.442922e-02 2.248693e+03 4.172667e+03 5.705966e+03 8.582786e+03 
7.546673e-02 2.224844e+03 4.122878e+03 5.630356e+03 8.492413e+03 
7.651869e-02 2.198724e+03 4.070268e+03 5.550121e+03 8.392471e+03 
7.758532e-02 2.170188e+03 4.014581e+03 5.465206e+03 8.282507e+03 
7.866682e-02 2.139247e+03 3.955694e+03 5.375679e+03 8.162386e+03 
7.976339e-02 2.105954e+03 3.893406e+03 5.281765e+03 8.032666e+03 
8.087525e-02 2.070388e+03 3.827672e+03 5.183729e+03 7.894140e+03 
8.200261e-02 2.032440e+03 3.758266e+03 5.081872e+03 7.747772e+03 
8.314568e-02 1.992185e+03 3.685206e+03 4.976585e+03 7.594587e+03 
8.430468e-02 1.949669e+03 3.608573e+03 4.868343e+03 7.436103e+03 
8.547985e-02 1.905006e+03 3.528454e+03 4.757656e+03 7.273644e+03 
8.667139e-02 1.858409e+03 3.445126e+03 4.645074e+03 7.108236e+03 
8.787954e-02 1.810186e+03 3.359128e+03 4.531179e+03 6.940767e+03 
8.910453e-02 1.760616e+03 3.270976e+03 4.416586e+03 6.772101e+03 
9.034660e-02 1.710248e+03 3.181471e+03 4.301961e+03 6.603032e+03 
9.160598e-02 1.659597e+03 3.091390e+03 4.187969e+03 6.434352e+03 
9.288292e-02 1.609193e+03 3.001540e+03 4.075240e+03 6.266706e+03 
9.417766e-02 1.559552e+03 2.912825e+03 3.964451e+03 6.100859e+03 
9.549045e-02 1.511183e+03 2.826119e+03 3.856330e+03 5.938100e+03 
9.682153e-02 1.464524e+03 2.742153e+03 3.751575e+03 5.779672e+03 
9.817117e-02 1.420013e+03 2.661578e+03 3.650739e+03 5.626548e+03 
9.953962e-02 1.377927e+03 2.584902e+03 3.554378e+03 5.479745e+03 
1.009272e-01 1.338550e+03 2.512628e+03 3.463081e+03 5.340307e+03 
1.023340e-01 1.302088e+03 2.445151e+03 3.377335e+03 5.209169e+03 
1.037605e-01 1.268677e+03 2.382682e+03 3.297378e+03 5.086965e+03 
1.052069e-01 1.238390e+03 2.325354e+03 3.223415e+03 4.973970e+03 
1.066734e-01 1.211297e+03 2.273354e+03 3.155639e+03 4.870479e+03 
1.081604e-01 1.187318e+03 2.226676e+03 3.094057e+03 4.776585e+03 
1.096681e-01 1.166325e+03 2.185180e+03 3.038471e+03 4.692138e+03 
1.111968e-01 1.148133e+03 2.148681e+03 2.988645e+03 4.616927e+03 
1.127468e-01 1.132526e+03 2.116915e+03 2.944278e+03 4.550608e+03 
1.143184e-01 1.119145e+03 2.089417e+03 2.904911e+03 4.492469e+03 
1.159120e-01 1.107638e+03 2.065702e+03 2.870007e+03 4.441793e+03 
1.175277e-01 1.097582e+03 2.045156e+03 2.838972e+03 4.397784e+03 
1.191660e-01 1.088585e+03 2.027138e+03 2.811147e+03 4.359430e+03 
1.208271e-01 1.080218e+03 2.010954e+03 2.785814e+03 4.325499e+03 
1.225114e-01 1.072046e+03 1.995871e+03 2.762187e+03 4.294674e+03 
1.242191e-01 1.063639e+03 1.981155e+03 2.739458e+03 4.265568e+03 
1.259506e-01 1.054665e+03 1.966154e+03 2.716816e+03 4.236873e+03 
1.277063e-01 1.044769e+03 1.950165e+03 2.693385e+03 4.207142e+03 
1.294865e-01 1.033691e+03 1.932592e+03 2.668321e+03 4.174882e+03 
1.312915e-01 1.021223e+03 1.912950e+03 2.640930e+03 4.138882e+03 
1.331216e-01 1.007182e+03 1.890761e+03 2.610488e+03 4.097955e+03 
1.349772e-01 9.914708e+02 1.865664e+03 2.576405e+03 4.051078e+03 
1.368587e-01 9.741369e+02 1.837540e+03 2.538404e+03 3.997727e+03 
1.387665e-01 9.551757e+02 1.806248e+03 2.496231e+03 3.937324e+03 
1.407008e-01 9.346426e+02 1.771774e+03 2.449836e+03 3.869592e+03 
1.426621e-01 9.126595e+02 1.734273e+03 2.399441e+03 3.794807e+03 
1.446507e-01 8.893739e+02 1.693951e+03 2.345325e+03 3.713357e+03 
1.466671e-01 8.649914e+02 1.651162e+03 2.287974e+03 3.625919e+03 
1.487115e-01 8.397461e+02 1.606371e+03 2.228026e+03 3.533496e+03 
1.507845e-01 8.138876e+02 1.560084e+03 2.166204e+03 3.437264e+03 
1.528864e-01 7.877435e+02 1.512931e+03 2.103349e+03 3.338717e+03 
1.550175e-01 7.616902e+02 1.465641e+03 2.040386e+03 3.239554e+03 
1.571784e-01 7.361133e+02 1.418961e+03 1.978264e+03 3.141448e+03 
1.593694e-01 7.113954e+02 1.373639e+03 1.917959e+03 3.046096e+03 
1.615909e-01 6.879173e+02 1.330418e+03 1.860443e+03 2.955234e+03 
1.638434e-01 6.659957e+02 1.289906e+03 1.806492e+03 2.870253e+03 
1.661273e-01 6.459391e+02 1.252687e+03 1.756846e+03 2.792454e+03 
1.684430e-01 6.279089e+02 1.219092e+03 1.711922e+03 2.722543e+03 
1.707910e-01 6.119669e+02 1.189251e+03 1.671916e+03 2.660805e+03 
1.731717e-01 5.980976e+02 1.163158e+03 1.636817e+03 2.607228e+03 
1.755856e-01 5.861663e+02 1.140582e+03 1.606310e+03 2.561303e+03 
1.780332e-01 5.760078e+02 1.121215e+03 1.579980e+03 2.522318e+03 
1.805149e-01 5.673787e+02 1.104615e+03 1.557264e+03 2.489307e+03 
1.830312e-01 5.599962e+02 1.090277e+03 1.537525e+03 2.461156e+03 
1.855825e-01 5.535434e+02 1.077619e+03 1.520024e+03 2.436624e+03 
1.881694e-01 5.476747e+02 1.066022e+03 1.503946e+03 2.414364e+03 
1.907924e-01 5.420201e+02 1.054805e+03 1.488417e+03 2.392903e+03 
1.934520e-01 5.361863e+02 1.043256e+03 1.472512e+03 2.370690e+03 
1.961486e-01 5.297965e+02 1.030706e+03 1.455365e+03 2.346292e+03 
1.988828e-01 5.225082e+02 1.016553e+03 1.436157e+03 2.318378e+03 
2.016551e-01 5.141051e+02 1.000409e+03 1.414360e+03 2.286107e+03 
2.044661e-01 5.044488e+02 9.820389e+02 1.389632e+03 2.248924e+03 
2.073162e-01 4.935571e+02 9.614825e+02 1.362015e+03 2.206889e+03 
2.102061e-01 4.815306e+02 9.389487e+02 1.331766e+03 2.160447e+03 
2.131362e-01 4.685937e+02 9.148579e+02 1.299432e+03 2.110503e+03 
2.161073e-01 4.550279e+02 8.897275e+02 1.265686e+03 2.058175e+03 
2.191197e-01 4.411537e+02 8.641388e+02 1.231306e+03 2.004714e+03 
2.221741e-01 4.273068e+02 8.386968e+02 1.197099e+03 1.951411e+03 
2.252711e-01 4.138227e+02 8.139963e+02 1.163869e+03 1.899568e+03 
2.284112e-01 4.010171e+02 7.905933e+02 1.132356e+03 1.850392e+03 
2.315951e-01 3.891809e+02 7.689794e+02 1.103218e+03 1.804931e+03 
2.348235e-01 3.785089e+02 7.494797e+02 1.076891e+03 1.763886e+03 
2.380968e-01 3.691186e+02 7.322776e+02 1.053620e+03 1.727636e+03 
2.414157e-01 3.610082e+02 7.173534e+02 1.033378e+03 1.696156e+03 
2.447809e-01 3.540765e+02 7.045150e+02 1.015908e+03 1.669075e+03 
2.481930e-01 3.481363e+02 6.934258e+02 1.000761e+03 1.645700e+03 
2.516527e-01 3.429196e+02 6.836104e+02 9.873054e+02 1.625046e+03 
2.551606e-01 3.381086e+02 6.745208e+02 9.748172e+02 1.605989e+03 
2.587174e-01 3.333669e+02 6.655776e+02 9.625226e+02 1.587325e+03 
2.623238e-01 3.283821e+02 6.562466e+02 9.497168e+02 1.567964e+03 
2.659804e-01 3.229050e+02 6.461001e+02 9.358331e+02 1.547012e+03 
2.696881e-01 3.167734e+02 6.348616e+02 9.205008e+02 1.523875e+03 
2.734474e-01 3.099338e+02 6.224406e+02 9.035981e+02 1.498351e+03 
2.772591e-01 3.024346e+02 6.089222e+02 8.852371e+02 1.470611e+03 
2.811239e-01 2.944211e+02 5.945505e+02 8.657413e+02 1.441152e+03 
2.850426e-01 2.861084e+02 5.796915e+02 8.455977e+02 1.410723e+03 
2.890160e-01 2.777583e+02 5.647908e+02 8.253953e+02 1.380227e+03 
2.930447e-01 2.696359e+02 5.503024e+02 8.057383e+02 1.350593e+03 
2.971296e-01 2.619761e+02 5.366278e+02 7.871625e+02 1.322645e+03 
3.012714e-01 2.549540e+02 5.240648e+02 7.700655e+02 1.296983e+03 
3.054710e-01 2.486619e+02 5.127673e+02 7.546519e+02 1.273905e+03 
3.097291e-01 2.430973e+02 5.027309e+02 7.409161e+02 1.253396e+03 
3.140465e-01 2.381729e+02 4.938033e+02 7.286562e+02 1.235131e+03 
3.184242e-01 2.337326e+02 4.857139e+02 7.175133e+02 1.218551e+03 
3.228628e-01 2.295777e+02 4.781175e+02 7.070270e+02 1.202943e+03 
3.273634e-01 2.254959e+02 4.706459e+02 6.967071e+02 1.187548e+03 
3.319266e-01 2.213039e+02 4.629806e+02 6.861298e+02 1.171719e+03 
3.365535e-01 2.168723e+02 4.548986e+02 6.749984e+02 1.155007e+03 
3.412449e-01 2.121397e+02 4.462923e+02 6.631702e+02 1.137203e+03 
3.460016e-01 2.071232e+02 4.371901e+02 6.506841e+02 1.118381e+03 
3.508247e-01 2.019181e+02 4.277560e+02 6.377622e+02 1.098902e+03 
3.557150e-01 1.966705e+02 4.182424e+02 6.247431e+02 1.079297e+03 
3.606735e-01 1.915402e+02 4.089250e+02 6.119942e+02 1.060138e+03 
3.657011e-01 1.866600e+02 4.000338e+02 5.998210e+02 1.041888e+03 
3.707988e-01 1.821225e+02 3.917261e+02 5.884318e+02 1.024857e+03 
3.759675e-01 1.779631e+02 3.840624e+02 5.779027e+02 1.009148e+03 
3.812083e-01 1.741689e+02 3.770197e+02 5.682006e+02 9.946936e+02 
3.865221e-01 1.706729e+02 3.704821e+02 5.591655e+02 9.812221e+02 
3.919100e-01 1.673565e+02 3.642454e+02 5.505225e+02 9.682928e+02 
3.973730e-01 1.640964e+02 3.580972e+02 5.419875e+02 9.554555e+02 
4.029122e-01 1.608004e+02 3.518797e+02 5.333507e+02 9.423800e+02 
4.085286e-01 1.574178e+02 3.455075e+02 5.244986e+02 9.288886e+02 
4.142232e-01 1.539450e+02 3.389768e+02 5.154306e+02 9.149789e+02 
4.199973e-01 1.504207e+02 3.323539e+02 5.062375e+02 9.007940e+02 
4.258518e-01 1.469136e+02 3.257576e+02 4.970807e+02 8.865925e+02 
4.317880e-01 1.435068e+02 3.193317e+02 4.881528e+02 8.726782e+02 
4.378069e-01 1.402688e+02 3.131935e+02 4.796088e+02 8.592944e+02 
4.439097e-01 1.372239e+02 3.073857e+02 4.715033e+02 8.465300e+02 
4.500975e-01 1.343679e+02 3.019013e+02 4.638247e+02 8.343749e+02 
4.563716e-01 1.316672e+02 2.966841e+02 4.564946e+02 8.227200e+02 
4.627332e-01 1.290636e+02 2.916380e+02 4.493828e+02 8.113774e+02 
4.691835e-01 1.264954e+02 2.866609e+02 4.423509e+02 8.001462e+02 
4.757236e-01 1.239198e+02 2.816809e+02 4.353049e+02 7.888936e+02 
4.823549e-01 1.213305e+02 2.766873e+02 4.282315e+02 7.776107e+02 
4.890787e-01 1.187403e+02 2.717022e+02 4.211620e+02 7.663523e+02 
4.958962e-01 1.161821e+02 2.667800e+02 4.141706e+02 7.552328e+02 
5.028087e-01 1.136966e+02 2.619880e+02 4.073482e+02 7.443873e+02 
5.098176e-01 1.113109e+02 2.573700e+02 4.007555e+02 7.339031e+02 
5.169242e-01 1.090302e+02 2.529332e+02 3.944042e+02 7.237942e+02 
5.241298e-01 1.068423e+02 2.486580e+02 3.882689e+02 7.140179e+02 
5.314359e-01 1.047242e+02 2.445062e+02 3.823009e+02 7.044939e+02 
5.388438e-01 1.026405e+02 2.404205e+02 3.764256e+02 6.951059e+02 
5.463550e-01 1.005720e+02 2.363691e+02 3.706016e+02 6.857891e+02 
5.539709e-01 9.852018e+01 2.323545e+02 3.648336e+02 6.765455e+02 
5.616930e-01 9.648767e+01 2.283802e+02 3.591255e+02 6.673776e+02 
5.695227e-01 9.449309e+01 2.244760e+02 3.535159e+02 6.583356e+02 
5.774615e-01 9.255689e+01 2.206732e+02 3.480454e+02 6.494743e+02 
5.855110e-01 9.068142e+01 2.169740e+02 3.427166e+02 6.407954e+02 
5.936727e-01 8.886348e+01 2.133716e+02 3.375203e+02 6.322853e+02 
6.019482e-01 8.709561e+01 2.098525e+02 3.324385e+02 6.239189e+02 
6.103390e-01 8.536178e+01 2.063905e+02 3.274364e+02 6.156475e+02 
6.188468e-01 8.365506e+01 2.029739e+02 3.224985e+02 6.074509e+02 
6.274732e-01 8.197762e+01 1.996058e+02 3.176280e+02 5.993359e+02 
6.362198e-01 8.033373e+01 1.962931e+02 3.128318e+02 5.913152e+02 
6.450884e-01 7.872975e+01 1.930461e+02 3.081216e+02 5.834063e+02 
6.540806e-01 7.716989e+01 1.898719e+02 3.035044e+02 5.756197e+02 
6.631981e-01 7.565526e+01 1.867724e+02 2.989815e+02 5.679562e+02 
6.724427e-01 7.417776e+01 1.837354e+02 2.945360e+02 5.603931e+02 
6.818162e-01 7.273512e+01 1.807575e+02 2.901625e+02 5.529238e+02 
6.913204e-01 7.132561e+01 1.778363e+02 2.858572e+02 5.455436e+02 
7.009570e-01 6.994718e+01 1.749687e+02 2.816164e+02 5.382472e+02 
7.107280e-01 6.859970e+01 1.721543e+02 2.774400e+02 5.310348e+02 
7.206351e-01 6.728378e+01 1.693937e+02 2.733293e+02 5.239089e+02 
7.306804e-01 6.600014e+01 1.666880e+02 2.692861e+02 5.168734e+02 
7.408657e-01 6.474852e+01 1.640368e+02 2.653104e+02 5.099301e+02 
7.511929e-01 6.352703e+01 1.614368e+02 2.613994e+02 5.030763e+02 
7.616642e-01 6.233328e+01 1.588845e+02 2.575497e+02 4.963081e+02 
7.722814e-01 6.116499e+01 1.563763e+02 2.537575e+02 4.896215e+02 
7.830465e-01 6.002070e+01 1.539106e+02 2.500210e+02 4.830147e+02 
7.939618e-01 5.890010e+01 1.514868e+02 2.463399e+02 4.764877e+02 
8.050292e-01 5.780279e+01 1.491046e+02 2.427139e+02 4.700396e+02 
8.162509e-01 5.672857e+01 1.467635e+02 2.391425e+02 4.636683e+02 
8.276289e-01 5.567693e+01 1.444628e+02 2.356246e+02 4.573714e+02 
8.391656e-01 5.464726e+01 1.422013e+02 2.321585e+02 4.511464e+02 
8.508632e-01 5.363876e+01 1.399778e+02 2.287427e+02 4.449903e+02 
8.627237e-01 5.265098e+01 1.377911e+02 2.253754e+02 4.389002e+02 
8.747496e-01 5.168372e+01 1.356404e+02 2.220561e+02 4.328738e+02 
8.869432e-01 5.073676e+01 1.335253e+02 2.187835e+02 4.269095e+02 
8.993067e-01 4.980971e+01 1.314446e+02 2.155566e+02 4.210059e+02 
9.118425e-01 4.890219e+01 1.293975e+02 2.123746e+02 4.151616e+02 
9.245531e-01 4.801391e+01 1.273833e+02 2.092363e+02 4.093751e+02 
9.374409e-01 4.714451e+01 1.254011e+02 2.061407e+02 4.036451e+02 
9.505083e-01 4.629350e+01 1.234501e+02 2.030867e+02 3.979710e+02 
9.637579e-01 4.546052e+01 1.215297e+02 2.000735e+02 3.923521e+02 
9.771921e-01 4.464514e+01 1.196391e+02 1.971002e+02 3.867876e+02 
9.908137e-01 4.384691e+01 1.177774e+02 1.941658e+02 3.812770e+02 
1.004625e+00 4.306542e+01 1.159443e+02 1.912696e+02 3.758193e+02 
1.018629e+00 4.230023e+01 1.141390e+02 1.884106e+02 3.704140e+02 
1.032828e+00 4.155083e+01 1.123607e+02 1.855883e+02 3.650608e+02 
1.047225e+00 4.081669e+01 1.106089e+02 1.828018e+02 3.597589e+02 
1.061823e+00 4.009740e+01 1.088830e+02 1.800504e+02 3.545080e+02 
1.076624e+00 3.939259e+01 1.071826e+02 1.773336e+02 3.493077e+02 
1.091632e+00 3.870185e+01 1.055072e+02 1.746507e+02 3.441577e+02 
1.106848e+00 3.802476e+01 1.038563e+02 1.720011e+02 3.390576e+02 
1.122277e+00 3.736102e+01 1.022294e+02 1.693841e+02 3.340076e+02 
1.137921e+00 3.671033e+01 1.006263e+02 1.667991e+02 3.290072e+02 
1.153783e+00 3.607237e+01 9.904657e+01 1.642457e+02 3.240558e+02 
1.169866e+00 3.544687e+01 9.748973e+01 1.617229e+02 3.191526e+02 
1.186174e+00 3.483358e+01 9.595532e+01 1.592305e+02 3.142972e+02 
1.202708e+00 3.423218e+01 9.444288e+01 1.567679e+02 3.094890e+02 
1.219473e+00 3.364238e+01 9.295192e+01 1.543345e+02 3.047269e+02 
1.236472e+00 3.306390e+01 9.148201e+01 1.519300e+02 3.000099e+02 
1.253708e+00 3.249642e+01 9.003266e+01 1.495537e+02 2.953371e+02 
1.271184e+00 3.193961e+01 8.860325e+01 1.472052e+02 2.907076e+02 
1.288904e+00 3.139314e+01 8.719332e+01 1.448841e+02 2.861209e+02 
1.306870e+00 3.085681e+01 8.580251e+01 1.425900e+02 2.815762e+02 
1.325087e+00 3.033035e+01 8.443041e+01 1.403225e+02 2.770732e+02 
1.343558e+00 2.981343e+01 8.307656e+01 1.380812e+02 2.726113e+02 
1.362287e+00 2.930583e+01 8.174051e+01 1.358657e+02 2.681903e+02 
1.381276e+00 2.880730e+01 8.042197e+01 1.336759e+02 2.638102e+02 
1.400531e+00 2.831760e+01 7.912061e+01 1.315115e+02 2.594712e+02 
1.420053e+00 2.783643e+01 7.783604e+01 1.293718e+02 2.551729e+02 
1.439848e+00 2.736351e+01 7.656792e+01 1.272570e+02 2.509157e+02 
1.459919e+00 2.689859e+01 7.531594e+01 1.251664e+02 2.466995e+02 
1.480269e+00 2.644140e+01 7.407984e+01 1.230999e+02 2.425246e+02 
1.500903e+00 2.599177e+01 7.285946e+01 1.210573e+02 2.383910e+02 
1.521825e+00 2.554951e+01 7.165462e+01 1.190381e+02 2.342992e+02 
1.543038e+00 2.513570e+01 7.046519e+01 1.170422e+02 2.302492e+02 
1.564548e+00 2.468652e+01 6.929103e+01 1.150695e+02 2.262410e+02 
1.586357e+00 2.426558e+01 6.813206e+01 1.131196e+02 2.222751e+02 
1.608469e+00 2.385156e+01 6.698820e+01 1.111925e+02 2.183513e+02 
1.630891e+00 2.344432e+01 6.585927e+01 1.092877e+02 2.144697e+02 
1.653624e+00 2.302246e+01 6.474506e+01 1.074053e+02 2.106305e+02 
1.676675e+00 2.264976e+01 6.364546e+01 1.055451e+02 2.068335e+02 
1.700047e+00 2.226223e+01 6.256026e+01 1.037068e+02 2.030788e+02 
1.723745e+00 2.188100e+01 6.148926e+01 1.018904e+02 1.993665e+02 
1.747773e+00 2.150595e+01 6.043226e+01 1.000957e+02 1.956965e+02 
1.772136e+00 2.113698e+01 5.938905e+01 9.832245e+01 1.920690e+02 
1.796838e+00 2.077394e+01 5.835947e+01 9.657069e+01 1.884838e+02 
1.821885e+00 2.041670e+01 5.734330e+01 9.484023e+01 1.849412e+02 
1.847281e+00 2.006515e+01 5.634038e+01 9.313094e+01 1.814410e+02 
1.873032e+00 1.971917e+01 5.535051e+01 9.144269e+01 1.779833e+02 
1.899141e+00 1.937860e+01 5.437353e+01 8.977536e+01 1.745678e+02 
1.925614e+00 1.904337e+01 5.340926e+01 8.812882e+01 1.711948e+02 
1.952456e+00 1.871336e+01 5.245756e+01 8.650296e+01 1.678639e+02 
1.979672e+00 1.838847e+01 5.151830e+01 8.489766e+01 1.645755e+02 
2.007267e+00 1.806859e+01 5.059136e+01 8.331281e+01 1.613292e+02 
2.035248e+00 1.775365e+01 4.967663e+01 8.174830e+01 1.581251e+02 
2.063618e+00 1.744356e+01 4.877401e+01 8.020403e+01 1.549636e+02 
2.092383e+00 1.713821e+01 4.788341e+01 7.867989e+01 1.518444e+02 
2.121550e+00 1.683754e+01 4.700473e+01 7.717579e+01 1.487678e+02 
2.151123e+00 1.654145e+01 4.613789e+01 7.569163e+01 1.457339e+02 
2.181109e+00 1.624991e+01 4.528283e+01 7.422735e+01 1.427427e+02 
2.211512e+00 1.596282e+01 4.443945e+01 7.278283e+01 1.397942e+02 
2.242340e+00 1.568011e+01 4.360764e+01 7.135800e+01 1.368885e+02 
2.273597e+00 1.540173e+01 4.278733e+01 6.995277e+01 1.340255e+02 
2.305289e+00 1.512760e+01 4.197843e+01 6.856705e+01 1.312052e+02 
2.337424e+00 1.485766e+01 4.118083e+01 6.720076e+01 1.284275e+02 
2.370006e+00 1.459185e+01 4.039445e+01 6.585380e+01 1.256925e+02 
2.403043e+00 1.433010e+01 3.961915e+01 6.452609e+01 1.229998e+02 
2.436540e+00 1.407233e+01 3.885485e+01 6.321751e+01 1.203495e+02 
2.470504e+00 1.381847e+01 3.810142e+01 6.192800e+01 1.177414e+02 
2.504942e+00 1.356847e+01 3.735877e+01 6.065744e+01 1.151754e+02 
2.539859e+00 1.332226e+01 3.662677e+01 5.940574e+01 1.126512e+02 
2.575263e+00 1.307976e+01 3.590533e+01 5.817278e+01 1.101688e+02 
2.611161e+00 1.284091e+01 3.519435e+01 5.695847e+01 1.077279e+02 
2.647559e+00 1.260567e+01 3.449375e+01 5.576269e+01 1.053282e+02 
2.684465e+00 1.237398e+01 3.380345e+01 5.458536e+01 1.029694e+02 
2.721885e+00 1.214578e+01 3.312337e+01 5.342635e+01 1.005325e+02 
2.759826e+00 1.192101e+01 3.245346e+01 5.228554e+01 9.837380e+01 
2.798297e+00 1.169966e+01 3.179364e+01 5.116285e+01 9.613632e+01 
2.837304e+00 1.148164e+01 3.114383e+01 5.005809e+01 9.393863e+01 
2.876854e+00 1.126693e+01 3.050399e+01 4.897124e+01 9.178042e+01 
2.916956e+00 1.105548e+01 2.987402e+01 4.790218e+01 8.966133e+01 
2.957617e+00 1.084724e+01 2.925385e+01 4.685070e+01 8.758105e+01 
2.998844e+00 1.064217e+01 2.864339e+01 4.581672e+01 8.553920e+01 
3.040646e+00 1.044021e+01 2.804257e+01 4.480013e+01 8.353544e+01 
3.083031e+00 1.024133e+01 2.745130e+01 4.380078e+01 8.156942e+01 
3.126007e+00 1.004550e+01 2.686949e+01 4.281856e+01 7.964076e+01 
3.169582e+00 9.852648e+00 2.629705e+01 4.185330e+01 7.774909e+01 
3.213764e+00 9.662763e+00 2.573390e+01 4.090491e+01 7.589402e+01 
3.258562e+00 9.475795e+00 2.517995e+01 3.997324e+01 7.407517e+01 
3.303985e+00 9.291719e+00 2.463512e+01 3.905813e+01 7.229242e+01 
3.350041e+00 9.110496e+00 2.409934e+01 3.815947e+01 7.054479e+01 
3.396739e+00 8.932096e+00 2.357251e+01 3.727709e+01 6.883175e+01 
3.444087e+00 8.756472e+00 2.305456e+01 3.641085e+01 6.715359e+01 
3.492096e+00 8.583591e+00 2.254540e+01 3.556062e+01 6.550918e+01 
3.540774e+00 8.413423e+00 2.204495e+01 3.472622e+01 6.389913e+01 
3.590130e+00 8.245933e+00 2.155311e+01 3.390751e+01 6.232196e+01 
3.640175e+00 8.081084e+00 2.106981e+01 3.310434e+01 6.077760e+01 
3.690917e+00 7.918841e+00 2.059495e+01 3.231652e+01 5.926558e+01 
3.742366e+00 7.759172e+00 2.008852e+01 3.154390e+01 5.778547e+01 
3.794533e+00 7.602045e+00 1.967022e+01 3.078631e+01 5.633685e+01 
3.847427e+00 7.447426e+00 1.922017e+01 3.004363e+01 5.491926e+01 
3.901058e+00 7.295283e+00 1.877822e+01 2.931561e+01 5.353227e+01 
3.955436e+00 7.145588e+00 1.834428e+01 2.860211e+01 5.217544e+01 
4.010573e+00 6.998312e+00 1.791830e+01 2.790284e+01 5.084830e+01 
4.066478e+00 6.853425e+00 1.750016e+01 2.721782e+01 4.955043e+01 
4.123163e+00 6.710904e+00 1.708981e+01 2.654683e+01 4.828135e+01 
4.180637e+00 6.570722e+00 1.668718e+01 2.588960e+01 4.704062e+01 
4.238913e+00 6.432853e+00 1.629217e+01 2.524597e+01 4.582778e+01 
4.298001e+00 6.297274e+00 1.590473e+01 2.461579e+01 4.464235e+01 
4.357913e+00 6.163962e+00 1.552475e+01 2.399884e+01 4.348389e+01 
4.418660e+00 6.032891e+00 1.515217e+01 2.339497e+01 4.235192e+01 
4.480254e+00 5.904036e+00 1.478691e+01 2.280395e+01 4.124598e+01 
4.542706e+00 5.777371e+00 1.442885e+01 2.222565e+01 4.016561e+01 
4.606029e+00 5.652872e+00 1.407793e+01 2.165984e+01 3.911035e+01 
4.670234e+00 5.530511e+00 1.373404e+01 2.110634e+01 3.807941e+01 
4.735335e+00 5.410261e+00 1.339711e+01 2.056498e+01 3.707332e+01 
4.801343e+00 5.292095e+00 1.306704e+01 2.003555e+01 3.609065e+01 
4.868271e+00 5.175990e+00 1.274374e+01 1.951787e+01 3.513130e+01 
4.936132e+00 5.061917e+00 1.242712e+01 1.901177e+01 3.419480e+01 
5.004939e+00 4.949853e+00 1.211707e+01 1.851705e+01 3.328073e+01 
5.074705e+00 4.839774e+00 1.181350e+01 1.803351e+01 3.238866e+01 
5.145444e+00 4.731657e+00 1.151633e+01 1.756102e+01 3.151817e+01 
5.217169e+00 4.625478e+00 1.122548e+01 1.709928e+01 3.066883e+01 
5.289893e+00 4.521216e+00 1.094083e+01 1.664819e+01 2.984023e+01 
5.363631e+00 4.418851e+00 1.066231e+01 1.620755e+01 2.903195e+01 
5.438397e+00 4.318354e+00 1.038983e+01 1.577721e+01 2.824359e+01 
5.514206e+00 4.219705e+00 1.012328e+01 1.535695e+01 2.747474e+01 
5.591071e+00 4.122887e+00 9.862585e+00 1.494659e+01 2.672498e+01 
5.669007e+00 4.027876e+00 9.607652e+00 1.454595e+01 2.599394e+01 
5.748030e+00 3.934644e+00 9.358390e+00 1.415486e+01 2.528121e+01 
5.828155e+00 3.843172e+00 9.114708e+00 1.377313e+01 2.458642e+01 
5.909396e+00 3.753436e+00 8.876516e+00 1.340060e+01 2.390949e+01 
5.991770e+00 3.665411e+00 8.643721e+00 1.303707e+01 2.324908e+01 
6.075292e+00 3.579076e+00 8.416236e+00 1.268239e+01 2.260578e+01 
6.159978e+00 3.494408e+00 8.193969e+00 1.233637e+01 2.197864e+01 
6.245845e+00 3.411382e+00 7.976831e+00 1.199886e+01 2.136815e+01 
6.332908e+00 3.329976e+00 7.764734e+00 1.166967e+01 2.077311e+01 
6.421186e+00 3.250168e+00 7.557589e+00 1.134864e+01 2.019342e+01 
6.510694e+00 3.171936e+00 7.355312e+00 1.103561e+01 1.962877e+01 
6.601449e+00 3.095259e+00 7.157806e+00 1.073051e+01 1.907881e+01 
6.693470e+00 3.020113e+00 6.953523e+00 1.043290e+01 1.854320e+01 
6.786773e+00 2.946478e+00 6.776774e+00 1.014289e+01 1.802162e+01 
6.881377e+00 2.874333e+00 6.593079e+00 9.860234e+00 1.751375e+01 
6.977300e+00 2.803657e+00 6.413813e+00 9.584777e+00 1.701930e+01 
7.074559e+00 2.734429e+00 6.238895e+00 9.316364e+00 1.653790e+01 
7.173175e+00 2.666630e+00 6.068236e+00 9.054845e+00 1.606925e+01 
7.273165e+00 2.600238e+00 5.901759e+00 8.800073e+00 1.561308e+01 
7.374549e+00 2.535234e+00 5.739383e+00 8.551897e+00 1.516910e+01 
7.477346e+00 2.471595e+00 5.581023e+00 8.310167e+00 1.473703e+01 
7.581576e+00 2.409302e+00 5.426598e+00 8.074741e+00 1.431655e+01 
7.687260e+00 2.348336e+00 5.276034e+00 7.845487e+00 1.390739e+01 
7.794416e+00 2.288676e+00 5.129248e+00 7.622262e+00 1.350929e+01 
7.903066e+00 2.230299e+00 4.986166e+00 7.404923e+00 1.312198e+01 
8.013230e+00 2.173189e+00 4.846708e+00 7.193238e+00 1.274518e+01 
8.124930e+00 2.117323e+00 4.710795e+00 6.987378e+00 1.237866e+01 
8.238187e+00 2.062683e+00 4.578354e+00 6.787019e+00 1.202216e+01 
8.353023e+00 2.009249e+00 4.449308e+00 6.591806e+00 1.167541e+01 
8.469460e+00 1.957003e+00 4.323583e+00 6.401945e+00 1.133817e+01 
8.587519e+00 1.905924e+00 4.201109e+00 6.217191e+00 1.101019e+01 
8.707225e+00 1.855994e+00 4.081814e+00 6.037427e+00 1.069131e+01 
8.828599e+00 1.807194e+00 3.965631e+00 5.862528e+00 1.038122e+01 
8.951665e+00 1.759504e+00 3.852492e+00 5.692401e+00 1.007972e+01 
9.076446e+00 1.712907e+00 3.742331e+00 5.526913e+00 9.788223e+00 
9.202967e+00 1.667379e+00 3.635082e+00 5.365947e+00 9.501623e+00 
9.331251e+00 1.622922e+00 3.530678e+00 5.209400e+00 9.224601e+00 
9.461324e+00 1.579483e+00 3.429053e+00 5.057130e+00 8.955321e+00 
9.593209e+00 1.537069e+00 3.330143e+00 4.909122e+00 8.693575e+00 
9.726934e+00 1.495655e+00 3.233880e+00 4.765198e+00 8.439194e+00 
9.862522e+00 1.455221e+00 3.140203e+00 4.625056e+00 8.191956e+00 
1.000000e+01 1.415751e+00 3.049049e+00 4.489002e+00 7.951705e+00 
