1.000000e-02 1.505555e+04 1.098658e+04 3.307837e+04 1.634885e+04 
1.013939e-02 1.547095e+04 1.133213e+04 3.298364e+04 1.794565e+04 
1.028073e-02 1.582439e+04 1.167075e+04 3.288294e+04 1.967244e+04 
1.042404e-02 1.612066e+04 1.200608e+04 3.277854e+04 2.150950e+04 
1.056935e-02 1.636519e+04 1.234242e+04 3.267250e+04 2.343591e+04 
1.071668e-02 1.656381e+04 1.268459e+04 3.256659e+04 2.542980e+04 
1.086606e-02 1.672258e+04 1.303770e+04 3.246232e+04 2.746879e+04 
1.101753e-02 1.684767e+04 1.340694e+04 3.236085e+04 2.953013e+04 
1.117111e-02 1.694513e+04 1.379738e+04 3.226303e+04 3.159121e+04 
1.132683e-02 1.702079e+04 1.421378e+04 3.216938e+04 3.362970e+04 
1.148472e-02 1.708007e+04 1.466038e+04 3.208003e+04 3.562390e+04 
1.164481e-02 1.712794e+04 1.514077e+04 3.199488e+04 3.755301e+04 
1.180713e-02 1.716873e+04 1.565771e+04 3.191339e+04 3.939731e+04 
1.197171e-02 1.720609e+04 1.621303e+04 3.183483e+04 4.113851e+04 
1.213859e-02 1.724297e+04 1.680751e+04 3.175815e+04 4.275979e+04 
1.230780e-02 1.728151e+04 1.744083e+04 3.168207e+04 4.424601e+04 
1.247936e-02 1.732310e+04 1.811153e+04 3.160505e+04 4.558384e+04 
1.265332e-02 1.736834e+04 1.881702e+04 3.152551e+04 4.676196e+04 
1.282970e-02 1.741713e+04 1.955358e+04 3.144165e+04 4.777094e+04 
1.300854e-02 1.746867e+04 2.031643e+04 3.135158e+04 4.860342e+04 
1.318987e-02 1.752156e+04 2.109985e+04 3.125350e+04 4.925416e+04 
1.337373e-02 1.757388e+04 2.189722e+04 3.114545e+04 4.971986e+04 
1.356015e-02 1.762329e+04 2.270120e+04 3.102561e+04 4.999924e+04 
1.374917e-02 1.766713e+04 2.350389e+04 3.089221e+04 5.009302e+04 
1.394083e-02 1.770252e+04 2.429701e+04 3.074362e+04 5.000377e+04 
1.413516e-02 1.772653e+04 2.507203e+04 3.057838e+04 4.973582e+04 
1.433219e-02 1.773622e+04 2.582041e+04 3.039514e+04 4.929519e+04 
1.453198e-02 1.772879e+04 2.653376e+04 3.019281e+04 4.868941e+04 
1.473454e-02 1.770165e+04 2.720401e+04 2.997052e+04 4.792738e+04 
1.493993e-02 1.765252e+04 2.782360e+04 2.972761e+04 4.701918e+04 
1.514819e-02 1.757952e+04 2.838561e+04 2.946369e+04 4.597605e+04 
1.535935e-02 1.748116e+04 2.888394e+04 2.917854e+04 4.481000e+04 
1.557345e-02 1.735649e+04 2.931338e+04 2.887231e+04 4.353379e+04 
1.579053e-02 1.720503e+04 2.966972e+04 2.854532e+04 4.216069e+04 
1.601064e-02 1.702679e+04 2.994984e+04 2.819818e+04 4.070432e+04 
1.623382e-02 1.682230e+04 3.015166e+04 2.783172e+04 3.917840e+04 
1.646012e-02 1.659254e+04 3.027425e+04 2.744696e+04 3.759664e+04 
1.668956e-02 1.633891e+04 3.031771e+04 2.704514e+04 3.597255e+04 
1.692220e-02 1.606318e+04 3.028320e+04 2.662769e+04 3.431926e+04 
1.715809e-02 1.576742e+04 3.017284e+04 2.619622e+04 3.264946e+04 
1.739726e-02 1.545394e+04 2.998963e+04 2.575241e+04 3.097509e+04 
1.763977e-02 1.512519e+04 2.973733e+04 2.529816e+04 2.930746e+04 
1.788566e-02 1.478374e+04 2.942035e+04 2.483534e+04 2.765696e+04 
1.813498e-02 1.443212e+04 2.904364e+04 2.436597e+04 2.603313e+04 
1.838777e-02 1.407283e+04 2.861254e+04 2.389203e+04 2.444447e+04 
1.864409e-02 1.370826e+04 2.813268e+04 2.341557e+04 2.289859e+04 
1.890397e-02 1.334064e+04 2.760987e+04 2.293864e+04 2.140210e+04 
1.916748e-02 1.297200e+04 2.705001e+04 2.246323e+04 1.996064e+04 
1.943467e-02 1.260413e+04 2.645893e+04 2.199126e+04 1.857890e+04 
1.970558e-02 1.223857e+04 2.584234e+04 2.152468e+04 1.726073e+04 
1.998026e-02 1.187663e+04 2.520576e+04 2.106520e+04 1.600908e+04 
2.025878e-02 1.151933e+04 2.455442e+04 2.061454e+04 1.482619e+04 
2.054117e-02 1.116748e+04 2.389328e+04 2.017423e+04 1.371357e+04 
2.082751e-02 1.082166e+04 2.322693e+04 1.974570e+04 1.267215e+04 
2.111783e-02 1.048229e+04 2.255963e+04 1.933017e+04 1.170231e+04 
2.141220e-02 1.014961e+04 2.189528e+04 1.892876e+04 1.080399e+04 
2.171068e-02 9.823772e+03 2.123740e+04 1.854242e+04 9.976725e+03 
2.201331e-02 9.504821e+03 2.058917e+04 1.817187e+04 9.219748e+03 
2.232016e-02 9.192772e+03 1.995340e+04 1.781764e+04 8.532039e+03 
2.263130e-02 8.887643e+03 1.933263e+04 1.748016e+04 7.912372e+03 
2.294676e-02 8.589480e+03 1.872912e+04 1.715958e+04 7.359382e+03 
2.326663e-02 8.298378e+03 1.814488e+04 1.685599e+04 6.871588e+03 
2.359095e-02 8.014519e+03 1.758167e+04 1.656923e+04 6.447412e+03 
2.391980e-02 7.738171e+03 1.704108e+04 1.629906e+04 6.085209e+03 
2.425323e-02 7.469686e+03 1.652444e+04 1.604501e+04 5.783261e+03 
2.459130e-02 7.209519e+03 1.603296e+04 1.580654e+04 5.539790e+03 
2.493409e-02 6.958205e+03 1.556762e+04 1.558293e+04 5.352955e+03 
2.528166e-02 6.716358e+03 1.512926e+04 1.537342e+04 5.220839e+03 
2.563407e-02 6.484649e+03 1.471854e+04 1.517715e+04 5.141437e+03 
2.599140e-02 6.263780e+03 1.433595e+04 1.499313e+04 5.112649e+03 
2.635371e-02 6.054461e+03 1.398177e+04 1.482040e+04 5.132265e+03 
2.672106e-02 5.857373e+03 1.365609e+04 1.465789e+04 5.197933e+03 
2.709354e-02 5.673144e+03 1.335874e+04 1.450451e+04 5.307166e+03 
2.747121e-02 5.502329e+03 1.308937e+04 1.435916e+04 5.457327e+03 
2.785414e-02 5.345383e+03 1.284737e+04 1.422075e+04 5.645631e+03 
2.824241e-02 5.202638e+03 1.263192e+04 1.408823e+04 5.869136e+03 
2.863610e-02 5.074287e+03 1.244197e+04 1.396055e+04 6.124766e+03 
2.903527e-02 4.960372e+03 1.227623e+04 1.383674e+04 6.409296e+03 
2.944000e-02 4.860766e+03 1.213320e+04 1.371588e+04 6.719387e+03 
2.985038e-02 4.775172e+03 1.201116e+04 1.359707e+04 7.051580e+03 
3.026648e-02 4.703131e+03 1.190821e+04 1.347951e+04 7.402340e+03 
3.068838e-02 4.644031e+03 1.182233e+04 1.336247e+04 7.768090e+03 
3.111616e-02 4.597116e+03 1.175136e+04 1.324533e+04 8.145217e+03 
3.154990e-02 4.561503e+03 1.169308e+04 1.312752e+04 8.530138e+03 
3.198969e-02 4.536201e+03 1.164521e+04 1.300861e+04 8.919291e+03 
3.243561e-02 4.520128e+03 1.160549e+04 1.288822e+04 9.309219e+03 
3.288774e-02 4.512126e+03 1.157164e+04 1.276603e+04 9.696508e+03 
3.334618e-02 4.510999e+03 1.154144e+04 1.264181e+04 1.007792e+04 
3.381101e-02 4.515533e+03 1.151280e+04 1.251542e+04 1.045036e+04 
3.428231e-02 4.524523e+03 1.148375e+04 1.238679e+04 1.081094e+04 
3.476019e-02 4.536792e+03 1.145250e+04 1.225593e+04 1.115699e+04 
3.524473e-02 4.551215e+03 1.141741e+04 1.212292e+04 1.148609e+04 
3.573602e-02 4.566726e+03 1.137705e+04 1.198788e+04 1.179607e+04 
3.623416e-02 4.582333e+03 1.133018e+04 1.185096e+04 1.208502e+04 
3.673925e-02 4.597136e+03 1.127576e+04 1.171235e+04 1.235134e+04 
3.725137e-02 4.610328e+03 1.121295e+04 1.157229e+04 1.259368e+04 
3.777064e-02 4.621220e+03 1.114114e+04 1.143104e+04 1.281103e+04 
3.829714e-02 4.629224e+03 1.105991e+04 1.128888e+04 1.300271e+04 
3.883098e-02 4.633865e+03 1.096904e+04 1.114612e+04 1.316834e+04 
3.937226e-02 4.634767e+03 1.086846e+04 1.100306e+04 1.330784e+04 
3.992109e-02 4.631636e+03 1.075821e+04 1.085995e+04 1.342134e+04 
4.047757e-02 4.624261e+03 1.063846e+04 1.071703e+04 1.350926e+04 
4.104181e-02 4.612524e+03 1.050948e+04 1.057454e+04 1.357225e+04 
4.161391e-02 4.596381e+03 1.037166e+04 1.043269e+04 1.361127e+04 
4.219398e-02 4.575861e+03 1.022548e+04 1.029172e+04 1.362743e+04 
4.278214e-02 4.551052e+03 1.007148e+04 1.015181e+04 1.362207e+04 
4.337850e-02 4.522098e+03 9.910281e+03 1.001316e+04 1.359671e+04 
4.398317e-02 4.489206e+03 9.742578e+03 9.875984e+03 1.355306e+04 
4.459628e-02 4.452628e+03 9.569123e+03 9.740512e+03 1.349294e+04 
4.521792e-02 4.412642e+03 9.390692e+03 9.606949e+03 1.341826e+04 
4.584824e-02 4.369553e+03 9.208083e+03 9.475486e+03 1.333098e+04 
4.648734e-02 4.323680e+03 9.022105e+03 9.346310e+03 1.323302e+04 
4.713535e-02 4.275354e+03 8.833577e+03 9.219592e+03 1.312633e+04 
4.779239e-02 4.224902e+03 8.643303e+03 9.095480e+03 1.301273e+04 
4.845859e-02 4.172600e+03 8.451971e+03 8.973991e+03 1.289380e+04 
4.913407e-02 4.118680e+03 8.260196e+03 8.855057e+03 1.277088e+04 
4.981898e-02 4.063366e+03 8.068571e+03 8.738582e+03 1.264516e+04 
5.051342e-02 4.006859e+03 7.877666e+03 8.624452e+03 1.251764e+04 
5.121755e-02 3.949348e+03 7.688031e+03 8.512522e+03 1.238914e+04 
5.193150e-02 3.890995e+03 7.500177e+03 8.402626e+03 1.226028e+04 
5.265540e-02 3.831945e+03 7.314590e+03 8.294575e+03 1.213149e+04 
5.338938e-02 3.772371e+03 7.131815e+03 8.188271e+03 1.200318e+04 
5.413360e-02 3.712470e+03 6.952431e+03 8.083695e+03 1.187570e+04 
5.488820e-02 3.652419e+03 6.776979e+03 7.980818e+03 1.174928e+04 
5.565331e-02 3.592373e+03 6.605942e+03 7.879602e+03 1.162400e+04 
5.642908e-02 3.532466e+03 6.439747e+03 7.780000e+03 1.149980e+04 
5.721568e-02 3.472813e+03 6.278758e+03 7.681955e+03 1.137654e+04 
5.801323e-02 3.413506e+03 6.123274e+03 7.585402e+03 1.125398e+04 
5.882190e-02 3.354595e+03 5.973483e+03 7.490211e+03 1.113175e+04 
5.964185e-02 3.296094e+03 5.829479e+03 7.396219e+03 1.100936e+04 
6.047322e-02 3.238001e+03 5.691287e+03 7.303247e+03 1.088632e+04 
6.131619e-02 3.180295e+03 5.558861e+03 7.211107e+03 1.076211e+04 
6.217090e-02 3.122941e+03 5.432089e+03 7.119605e+03 1.063622e+04 
6.303753e-02 3.065889e+03 5.310793e+03 7.028541e+03 1.050816e+04 
6.391624e-02 3.009100e+03 5.194769e+03 6.937744e+03 1.037753e+04 
6.480720e-02 2.952543e+03 5.083788e+03 6.847090e+03 1.024407e+04 
6.571058e-02 2.896191e+03 4.977582e+03 6.756466e+03 1.010758e+04 
6.662655e-02 2.840012e+03 4.875848e+03 6.665763e+03 9.967912e+03 
6.755528e-02 2.783979e+03 4.778249e+03 6.574884e+03 9.825029e+03 
6.849697e-02 2.728070e+03 4.684434e+03 6.483740e+03 9.678951e+03 
6.945178e-02 2.672286e+03 4.594059e+03 6.392291e+03 9.529837e+03 
7.041990e-02 2.616646e+03 4.506803e+03 6.300543e+03 9.377959e+03 
7.140151e-02 2.561182e+03 4.422346e+03 6.208518e+03 9.223665e+03 
7.239681e-02 2.505939e+03 4.340385e+03 6.116262e+03 9.067366e+03 
7.340598e-02 2.450977e+03 4.260636e+03 6.023840e+03 8.909532e+03 
7.442922e-02 2.396363e+03 4.182840e+03 5.931336e+03 8.750677e+03 
7.546673e-02 2.342180e+03 4.106765e+03 5.838852e+03 8.591345e+03 
7.651869e-02 2.288521e+03 4.032218e+03 5.746509e+03 8.432104e+03 
7.758532e-02 2.235491e+03 3.959040e+03 5.654449e+03 8.273546e+03 
7.866682e-02 2.183207e+03 3.887113e+03 5.562839e+03 8.116268e+03 
7.976339e-02 2.131775e+03 3.816335e+03 5.471820e+03 7.960809e+03 
8.087525e-02 2.081282e+03 3.746590e+03 5.381473e+03 7.807585e+03 
8.200261e-02 2.031813e+03 3.677789e+03 5.291881e+03 7.656975e+03 
8.314568e-02 1.983454e+03 3.609880e+03 5.203138e+03 7.509331e+03 
8.430468e-02 1.936293e+03 3.542842e+03 5.115337e+03 7.364970e+03 
8.547985e-02 1.890399e+03 3.476656e+03 5.028540e+03 7.224120e+03 
8.667139e-02 1.845826e+03 3.411306e+03 4.942781e+03 7.086919e+03 
8.787954e-02 1.802622e+03 3.346799e+03 4.858088e+03 6.953466e+03 
8.910453e-02 1.760827e+03 3.283154e+03 4.774490e+03 6.823817e+03 
9.034660e-02 1.720477e+03 3.220421e+03 4.692021e+03 6.698005e+03 
9.160598e-02 1.681611e+03 3.158673e+03 4.610742e+03 6.576067e+03 
9.288292e-02 1.644257e+03 3.097998e+03 4.530714e+03 6.458012e+03 
9.417766e-02 1.608432e+03 3.038488e+03 4.451994e+03 6.343818e+03 
9.549045e-02 1.574142e+03 2.980229e+03 4.374622e+03 6.233422e+03 
9.682153e-02 1.541369e+03 2.923287e+03 4.298605e+03 6.126691e+03 
9.817117e-02 1.510080e+03 2.867717e+03 4.223932e+03 6.023458e+03 
9.953962e-02 1.480234e+03 2.813563e+03 4.150586e+03 5.923533e+03 
1.009272e-01 1.451767e+03 2.760845e+03 4.078512e+03 5.826668e+03 
1.023340e-01 1.424585e+03 2.709527e+03 4.007585e+03 5.732510e+03 
1.037605e-01 1.398577e+03 2.659549e+03 3.937658e+03 5.640666e+03 
1.052069e-01 1.373621e+03 2.610831e+03 3.868559e+03 5.550720e+03 
1.066734e-01 1.349589e+03 2.563277e+03 3.800119e+03 5.462250e+03 
1.081604e-01 1.326349e+03 2.516782e+03 3.732162e+03 5.374839e+03 
1.096681e-01 1.303757e+03 2.471217e+03 3.664497e+03 5.288046e+03 
1.111968e-01 1.281675e+03 2.426450e+03 3.596950e+03 5.201467e+03 
1.127468e-01 1.260021e+03 2.382446e+03 3.529501e+03 5.114940e+03 
1.143184e-01 1.238728e+03 2.339186e+03 3.462177e+03 5.028373e+03 
1.159120e-01 1.217728e+03 2.296637e+03 3.394998e+03 4.941690e+03 
1.175277e-01 1.196960e+03 2.254766e+03 3.327997e+03 4.854841e+03 
1.191660e-01 1.176389e+03 2.213569e+03 3.261262e+03 4.767877e+03 
1.208271e-01 1.155993e+03 2.173060e+03 3.194916e+03 4.680912e+03 
1.225114e-01 1.135762e+03 2.133249e+03 3.129084e+03 4.594083e+03 
1.242191e-01 1.115692e+03 2.094148e+03 3.063902e+03 4.507549e+03 
1.259506e-01 1.095781e+03 2.055766e+03 2.999489e+03 4.421468e+03 
1.277063e-01 1.076034e+03 2.018105e+03 2.935968e+03 4.336009e+03 
1.294865e-01 1.056468e+03 1.981181e+03 2.873469e+03 4.251364e+03 
1.312915e-01 1.037102e+03 1.945005e+03 2.812116e+03 4.167723e+03 
1.331216e-01 1.017951e+03 1.909575e+03 2.752002e+03 4.085245e+03 
1.349772e-01 9.990364e+02 1.874895e+03 2.693223e+03 4.004091e+03 
1.368587e-01 9.803865e+02 1.840973e+03 2.635873e+03 3.924433e+03 
1.387665e-01 9.620122e+02 1.807789e+03 2.579992e+03 3.846359e+03 
1.407008e-01 9.439137e+02 1.775296e+03 2.525576e+03 3.769900e+03 
1.426621e-01 9.260937e+02 1.743457e+03 2.472619e+03 3.695082e+03 
1.446507e-01 9.085496e+02 1.712220e+03 2.421094e+03 3.621901e+03 
1.466671e-01 8.912673e+02 1.681521e+03 2.370936e+03 3.550298e+03 
1.487115e-01 8.742304e+02 1.651285e+03 2.322068e+03 3.480197e+03 
1.507845e-01 8.574230e+02 1.621452e+03 2.274410e+03 3.411516e+03 
1.528864e-01 8.408351e+02 1.591968e+03 2.227895e+03 3.344194e+03 
1.550175e-01 8.244555e+02 1.562784e+03 2.182450e+03 3.278163e+03 
1.571784e-01 8.082702e+02 1.533847e+03 2.137991e+03 3.213338e+03 
1.593694e-01 7.922560e+02 1.505099e+03 2.094416e+03 3.149599e+03 
1.615909e-01 7.763846e+02 1.476470e+03 2.051603e+03 3.086807e+03 
1.638434e-01 7.606273e+02 1.447895e+03 2.009435e+03 3.024819e+03 
1.661273e-01 7.449670e+02 1.419338e+03 1.967825e+03 2.963540e+03 
1.684430e-01 7.293867e+02 1.390764e+03 1.926690e+03 2.902880e+03 
1.707910e-01 7.138820e+02 1.362169e+03 1.885981e+03 2.842798e+03 
1.731717e-01 6.984857e+02 1.333615e+03 1.845745e+03 2.783400e+03 
1.755856e-01 6.832362e+02 1.305182e+03 1.806046e+03 2.724821e+03 
1.780332e-01 6.681720e+02 1.276951e+03 1.766955e+03 2.667194e+03 
1.805149e-01 6.533319e+02 1.249009e+03 1.728544e+03 2.610657e+03 
1.830312e-01 6.387535e+02 1.221435e+03 1.690885e+03 2.555344e+03 
1.855825e-01 6.244614e+02 1.194294e+03 1.654024e+03 2.501341e+03 
1.881694e-01 6.104743e+02 1.167633e+03 1.617994e+03 2.448711e+03 
1.907924e-01 5.968102e+02 1.141503e+03 1.582831e+03 2.397515e+03 
1.934520e-01 5.834878e+02 1.115955e+03 1.548575e+03 2.347820e+03 
1.961486e-01 5.705238e+02 1.091034e+03 1.515261e+03 2.299685e+03 
1.988828e-01 5.579208e+02 1.066759e+03 1.482898e+03 2.253114e+03 
2.016551e-01 5.456740e+02 1.043136e+03 1.451470e+03 2.208080e+03 
2.044661e-01 5.337632e+02 1.020141e+03 1.420933e+03 2.164501e+03 
2.073162e-01 5.221494e+02 9.977144e+02 1.391189e+03 2.122217e+03 
2.102061e-01 5.107950e+02 9.757994e+02 1.362152e+03 2.081075e+03 
2.131362e-01 4.996775e+02 9.543645e+02 1.333772e+03 2.040980e+03 
2.161073e-01 4.887757e+02 9.333797e+02 1.306001e+03 2.001842e+03 
2.191197e-01 4.780705e+02 9.128173e+02 1.278797e+03 1.963575e+03 
2.221741e-01 4.675431e+02 8.926487e+02 1.252119e+03 1.926100e+03 
2.252711e-01 4.571790e+02 8.728525e+02 1.225934e+03 1.889346e+03 
2.284112e-01 4.469672e+02 8.534121e+02 1.200219e+03 1.853259e+03 
2.315951e-01 4.369121e+02 8.343373e+02 1.174987e+03 1.817846e+03 
2.348235e-01 4.270292e+02 8.156562e+02 1.150275e+03 1.783153e+03 
2.380968e-01 4.173315e+02 7.973917e+02 1.126116e+03 1.749217e+03 
2.414157e-01 4.078291e+02 7.795604e+02 1.102532e+03 1.716066e+03 
2.447809e-01 3.985199e+02 7.621570e+02 1.079513e+03 1.683678e+03 
2.481930e-01 3.893933e+02 7.451605e+02 1.057028e+03 1.652000e+03 
2.516527e-01 3.804501e+02 7.285696e+02 1.035076e+03 1.621020e+03 
2.551606e-01 3.716983e+02 7.123952e+02 1.013667e+03 1.590762e+03 
2.587174e-01 3.631484e+02 6.966526e+02 9.928206e+02 1.561254e+03 
2.623238e-01 3.548069e+02 6.813498e+02 9.725451e+02 1.532513e+03 
2.659804e-01 3.466588e+02 6.664570e+02 9.527959e+02 1.504475e+03 
2.696881e-01 3.386839e+02 6.519351e+02 9.335151e+02 1.477049e+03 
2.734474e-01 3.308642e+02 6.377492e+02 9.146514e+02 1.450164e+03 
2.772591e-01 3.231953e+02 6.238881e+02 8.961860e+02 1.423795e+03 
2.811239e-01 3.156878e+02 6.103670e+02 8.781381e+02 1.397981e+03 
2.850426e-01 3.083507e+02 5.971979e+02 8.605229e+02 1.372754e+03 
2.890160e-01 3.011863e+02 5.843815e+02 8.433396e+02 1.348121e+03 
2.930447e-01 2.941806e+02 5.718898e+02 8.265485e+02 1.324027e+03 
2.971296e-01 2.873269e+02 5.597078e+02 8.101287e+02 1.300444e+03 
3.012714e-01 2.806315e+02 5.478429e+02 7.940907e+02 1.277397e+03 
3.054710e-01 2.741055e+02 5.363107e+02 7.784578e+02 1.254928e+03 
3.097291e-01 2.677523e+02 5.251141e+02 7.632359e+02 1.233050e+03 
3.140465e-01 2.615607e+02 5.142299e+02 7.483946e+02 1.211721e+03 
3.184242e-01 2.555190e+02 5.036343e+02 7.339030e+02 1.190891e+03 
3.228628e-01 2.496209e+02 4.933126e+02 7.197439e+02 1.170536e+03 
3.273634e-01 2.438693e+02 4.832665e+02 7.059230e+02 1.150665e+03 
3.319266e-01 2.382663e+02 4.734964e+02 6.924445e+02 1.131285e+03 
3.365535e-01 2.328068e+02 4.639899e+02 6.792946e+02 1.112372e+03 
3.412449e-01 2.274783e+02 4.547220e+02 6.664423e+02 1.093875e+03 
3.460016e-01 2.222756e+02 4.456804e+02 6.538743e+02 1.075772e+03 
3.508247e-01 2.172033e+02 4.368698e+02 6.416010e+02 1.058076e+03 
3.557150e-01 2.122652e+02 4.282940e+02 6.296316e+02 1.040800e+03 
3.606735e-01 2.074538e+02 4.199371e+02 6.179472e+02 1.023908e+03 
3.657011e-01 2.027621e+02 4.117842e+02 6.065304e+02 1.007374e+03 
3.707988e-01 1.981879e+02 4.038293e+02 5.953759e+02 9.911844e+02 
3.759675e-01 1.937324e+02 3.960720e+02 5.844869e+02 9.753426e+02 
3.812083e-01 1.893942e+02 3.885080e+02 5.738592e+02 9.598408e+02 
3.865221e-01 1.851648e+02 3.811209e+02 5.634729e+02 9.446453e+02 
3.919100e-01 1.810395e+02 3.739010e+02 5.533168e+02 9.297378e+02 
3.973730e-01 1.770202e+02 3.668501e+02 5.433953e+02 9.151250e+02 
4.029122e-01 1.731066e+02 3.599672e+02 5.337087e+02 9.008082e+02 
4.085286e-01 1.692923e+02 3.532401e+02 5.242420e+02 8.867637e+02 
4.142232e-01 1.655713e+02 3.466583e+02 5.149812e+02 8.729710e+02 
4.199973e-01 1.619454e+02 3.402243e+02 5.059314e+02 8.594404e+02 
4.258518e-01 1.584152e+02 3.339392e+02 4.970946e+02 8.461771e+02 
4.317880e-01 1.549742e+02 3.277917e+02 4.884561e+02 8.331606e+02 
4.378069e-01 1.516171e+02 3.217731e+02 4.800039e+02 8.203750e+02 
4.439097e-01 1.483452e+02 3.158860e+02 4.717420e+02 8.078300e+02 
4.500975e-01 1.451572e+02 3.101287e+02 4.636678e+02 7.955253e+02 
4.563716e-01 1.420475e+02 3.044921e+02 4.557687e+02 7.834442e+02 
4.627332e-01 1.390138e+02 2.989730e+02 4.480400e+02 7.715838e+02 
4.691835e-01 1.360569e+02 2.935732e+02 4.404836e+02 7.599503e+02 
4.757236e-01 1.331741e+02 2.882890e+02 4.330939e+02 7.485389e+02 
4.823549e-01 1.303597e+02 2.831116e+02 4.258577e+02 7.373328e+02 
4.890787e-01 1.276141e+02 2.780423e+02 4.187761e+02 7.263373e+02 
4.958962e-01 1.249389e+02 2.730846e+02 4.118529e+02 7.155614e+02 
5.028087e-01 1.223276e+02 2.682283e+02 4.050734e+02 7.049855e+02 
5.098176e-01 1.197784e+02 2.634710e+02 3.984331e+02 6.946057e+02 
5.169242e-01 1.172926e+02 2.588156e+02 3.919348e+02 6.844290e+02 
5.241298e-01 1.148679e+02 2.542589e+02 3.855733e+02 6.744495e+02 
5.314359e-01 1.124995e+02 2.497937e+02 3.793377e+02 6.646528e+02 
5.388438e-01 1.101895e+02 2.454240e+02 3.732325e+02 6.550472e+02 
5.463550e-01 1.079367e+02 2.411483e+02 3.672547e+02 6.456298e+02 
5.539709e-01 1.057359e+02 2.369586e+02 3.613927e+02 6.363841e+02 
5.616930e-01 1.035897e+02 2.328599e+02 3.556523e+02 6.273195e+02 
5.695227e-01 1.014946e+02 2.288464e+02 3.500251e+02 6.184241e+02 
5.774615e-01 9.944925e+01 2.249170e+02 3.445088e+02 6.096944e+02 
5.855110e-01 9.745259e+01 2.210700e+02 3.391005e+02 6.011262e+02 
5.936727e-01 9.550451e+01 2.173057e+02 3.338001e+02 5.927192e+02 
6.019482e-01 9.360153e+01 2.136186e+02 3.285999e+02 5.844614e+02 
6.103390e-01 9.174465e+01 2.100108e+02 3.235022e+02 5.763556e+02 
6.188468e-01 8.993094e+01 2.064778e+02 3.185006e+02 5.683915e+02 
6.274732e-01 8.815857e+01 2.030169e+02 3.135912e+02 5.605624e+02 
6.362198e-01 8.642867e+01 1.996302e+02 3.087766e+02 5.528710e+02 
6.450884e-01 8.473973e+01 1.963151e+02 3.040532e+02 5.453113e+02 
6.540806e-01 8.309000e+01 1.930692e+02 2.994175e+02 5.378768e+02 
6.631981e-01 8.147788e+01 1.898898e+02 2.948659e+02 5.305611e+02 
6.724427e-01 7.990252e+01 1.867756e+02 2.903966e+02 5.233605e+02 
6.818162e-01 7.836302e+01 1.837251e+02 2.860075e+02 5.162711e+02 
6.913204e-01 7.685845e+01 1.807368e+02 2.816966e+02 5.092888e+02 
7.009570e-01 7.538794e+01 1.778092e+02 2.774619e+02 5.024099e+02 
7.107280e-01 7.395076e+01 1.749408e+02 2.733015e+02 4.956308e+02 
7.206351e-01 7.254603e+01 1.721302e+02 2.692136e+02 4.889480e+02 
7.306804e-01 7.117282e+01 1.693756e+02 2.651959e+02 4.823577e+02 
7.408657e-01 6.983040e+01 1.666755e+02 2.612466e+02 4.758571e+02 
7.511929e-01 6.851795e+01 1.640283e+02 2.573639e+02 4.694429e+02 
7.616642e-01 6.723456e+01 1.614325e+02 2.535455e+02 4.631118e+02 
7.722814e-01 6.597948e+01 1.588863e+02 2.497899e+02 4.568611e+02 
7.830465e-01 6.475213e+01 1.563884e+02 2.460953e+02 4.506890e+02 
7.939618e-01 6.355190e+01 1.539377e+02 2.424605e+02 4.445933e+02 
8.050292e-01 6.237808e+01 1.515325e+02 2.388839e+02 4.385719e+02 
8.162509e-01 6.123011e+01 1.491718e+02 2.353641e+02 4.326231e+02 
8.276289e-01 6.010746e+01 1.468542e+02 2.318997e+02 4.267456e+02 
8.391656e-01 5.900949e+01 1.445785e+02 2.284897e+02 4.209377e+02 
8.508632e-01 5.793554e+01 1.423433e+02 2.251323e+02 4.151976e+02 
8.627237e-01 5.688508e+01 1.401475e+02 2.218265e+02 4.095245e+02 
8.747496e-01 5.585749e+01 1.379898e+02 2.185711e+02 4.039166e+02 
8.869432e-01 5.485210e+01 1.358690e+02 2.153644e+02 3.983729e+02 
8.993067e-01 5.386831e+01 1.337839e+02 2.122056e+02 3.928920e+02 
9.118425e-01 5.290560e+01 1.317334e+02 2.090934e+02 3.874730e+02 
9.245531e-01 5.196340e+01 1.297166e+02 2.060269e+02 3.821147e+02 
9.374409e-01 5.104109e+01 1.277324e+02 2.030047e+02 3.768162e+02 
9.505083e-01 5.013816e+01 1.257799e+02 2.000258e+02 3.715764e+02 
9.637579e-01 4.925410e+01 1.238583e+02 1.970895e+02 3.663945e+02 
9.771921e-01 4.838835e+01 1.219666e+02 1.941944e+02 3.612694e+02 
9.908137e-01 4.754035e+01 1.201041e+02 1.913396e+02 3.562002e+02 
1.004625e+00 4.670970e+01 1.182699e+02 1.885243e+02 3.511862e+02 
1.018629e+00 4.589588e+01 1.164636e+02 1.857476e+02 3.462263e+02 
1.032828e+00 4.509839e+01 1.146842e+02 1.830084e+02 3.413198e+02 
1.047225e+00 4.431683e+01 1.129314e+02 1.803060e+02 3.364659e+02 
1.061823e+00 4.355084e+01 1.112045e+02 1.776396e+02 3.316639e+02 
1.076624e+00 4.280002e+01 1.095032e+02 1.750085e+02 3.269130e+02 
1.091632e+00 4.206395e+01 1.078268e+02 1.727793e+02 3.222123e+02 
1.106848e+00 4.134233e+01 1.061749e+02 1.698492e+02 3.175614e+02 
1.122277e+00 4.063481e+01 1.045471e+02 1.673195e+02 3.129594e+02 
1.137921e+00 3.994099e+01 1.029430e+02 1.648221e+02 3.084055e+02 
1.153783e+00 3.926051e+01 1.013620e+02 1.623565e+02 3.038990e+02 
1.169866e+00 3.859305e+01 9.980377e+01 1.599218e+02 2.994391e+02 
1.186174e+00 3.793827e+01 9.826781e+01 1.575175e+02 2.950251e+02 
1.202708e+00 3.729578e+01 9.675365e+01 1.551427e+02 2.906561e+02 
1.219473e+00 3.666529e+01 9.526089e+01 1.527971e+02 2.863315e+02 
1.236472e+00 3.604652e+01 9.378917e+01 1.504800e+02 2.820507e+02 
1.253708e+00 3.543915e+01 9.233805e+01 1.481907e+02 2.778129e+02 
1.271184e+00 3.484291e+01 9.090711e+01 1.459290e+02 2.736173e+02 
1.288904e+00 3.428852e+01 8.949602e+01 1.436941e+02 2.694636e+02 
1.306870e+00 3.368278e+01 8.810436e+01 1.414857e+02 2.653507e+02 
1.325087e+00 3.308731e+01 8.673173e+01 1.393033e+02 2.612784e+02 
1.343558e+00 3.256395e+01 8.537772e+01 1.371463e+02 2.572458e+02 
1.362287e+00 3.201938e+01 8.404196e+01 1.350144e+02 2.532525e+02 
1.381276e+00 3.148435e+01 8.272402e+01 1.329072e+02 2.492978e+02 
1.400531e+00 3.095856e+01 8.142350e+01 1.308241e+02 2.453812e+02 
1.420053e+00 3.044184e+01 8.014006e+01 1.287648e+02 2.415022e+02 
1.439848e+00 2.993395e+01 7.887338e+01 1.267290e+02 2.376604e+02 
1.459919e+00 2.943466e+01 7.762309e+01 1.247163e+02 2.338553e+02 
1.480269e+00 2.894378e+01 7.638885e+01 1.227264e+02 2.300866e+02 
1.500903e+00 2.846111e+01 7.517038e+01 1.207590e+02 2.263540e+02 
1.521825e+00 2.798644e+01 7.396736e+01 1.188137e+02 2.226570e+02 
1.543038e+00 2.751957e+01 7.277946e+01 1.168901e+02 2.189955e+02 
1.564548e+00 2.706032e+01 7.160644e+01 1.149882e+02 2.153691e+02 
1.586357e+00 2.660853e+01 7.044801e+01 1.131077e+02 2.117779e+02 
1.608469e+00 2.616403e+01 6.930396e+01 1.112482e+02 2.082217e+02 
1.630891e+00 2.572665e+01 6.817401e+01 1.094096e+02 2.047001e+02 
1.653624e+00 2.529623e+01 6.705798e+01 1.075915e+02 2.012132e+02 
1.676675e+00 2.487266e+01 6.595564e+01 1.057939e+02 1.977611e+02 
1.700047e+00 2.445576e+01 6.486677e+01 1.040165e+02 1.943436e+02 
1.723745e+00 2.404540e+01 6.379119e+01 1.022591e+02 1.909606e+02 
1.747773e+00 2.364146e+01 6.272874e+01 1.005217e+02 1.876125e+02 
1.772136e+00 2.324382e+01 6.167925e+01 9.880393e+01 1.842991e+02 
1.796838e+00 2.285231e+01 6.064253e+01 9.710571e+01 1.810203e+02 
1.821885e+00 2.246685e+01 5.961846e+01 9.542689e+01 1.777765e+02 
1.847281e+00 2.208732e+01 5.860687e+01 9.376736e+01 1.745675e+02 
1.873032e+00 2.171360e+01 5.760765e+01 9.212698e+01 1.713938e+02 
1.899141e+00 2.134558e+01 5.662065e+01 9.050563e+01 1.682550e+02 
1.925614e+00 2.098316e+01 5.564575e+01 8.890318e+01 1.651515e+02 
1.952456e+00 2.062624e+01 5.468284e+01 8.731954e+01 1.620834e+02 
1.979672e+00 2.027469e+01 5.373180e+01 8.575459e+01 1.590507e+02 
2.007267e+00 1.992844e+01 5.279250e+01 8.420825e+01 1.560536e+02 
2.035248e+00 1.958739e+01 5.186485e+01 8.268042e+01 1.530920e+02 
2.063618e+00 1.925144e+01 5.094875e+01 8.117101e+01 1.501661e+02 
2.092383e+00 1.892050e+01 5.004411e+01 7.967993e+01 1.472760e+02 
2.121550e+00 1.859448e+01 4.915082e+01 7.820710e+01 1.444216e+02 
2.151123e+00 1.827331e+01 4.826881e+01 7.675246e+01 1.416032e+02 
2.181109e+00 1.795689e+01 4.739796e+01 7.531591e+01 1.388207e+02 
2.211512e+00 1.764514e+01 4.653822e+01 7.389739e+01 1.360742e+02 
2.242340e+00 1.733799e+01 4.568948e+01 7.249682e+01 1.333636e+02 
2.273597e+00 1.703534e+01 4.485167e+01 7.111413e+01 1.306891e+02 
2.305289e+00 1.673714e+01 4.402470e+01 6.974926e+01 1.280505e+02 
2.337424e+00 1.644330e+01 4.320849e+01 6.840214e+01 1.254480e+02 
2.370006e+00 1.615375e+01 4.240299e+01 6.707270e+01 1.228815e+02 
2.403043e+00 1.586843e+01 4.160811e+01 6.576088e+01 1.203509e+02 
2.436540e+00 1.558727e+01 4.082377e+01 6.446662e+01 1.180457e+02 
2.470504e+00 1.531021e+01 4.004991e+01 6.318985e+01 1.153975e+02 
2.504942e+00 1.503718e+01 3.928646e+01 6.193051e+01 1.129747e+02 
2.539859e+00 1.476811e+01 3.853335e+01 6.068855e+01 1.105877e+02 
2.575263e+00 1.450296e+01 3.779049e+01 5.946389e+01 1.082363e+02 
2.611161e+00 1.424165e+01 3.705785e+01 5.825647e+01 1.059207e+02 
2.647559e+00 1.398414e+01 3.633534e+01 5.706623e+01 1.036407e+02 
2.684465e+00 1.373037e+01 3.562291e+01 5.589311e+01 1.013961e+02 
2.721885e+00 1.348028e+01 3.492047e+01 5.473704e+01 9.918686e+01 
2.759826e+00 1.323383e+01 3.422799e+01 5.359795e+01 9.701293e+01 
2.798297e+00 1.299096e+01 3.354539e+01 5.247578e+01 9.487415e+01 
2.837304e+00 1.275163e+01 3.287260e+01 5.137046e+01 9.277037e+01 
2.876854e+00 1.251579e+01 3.220957e+01 5.028192e+01 9.070145e+01 
2.916956e+00 1.228339e+01 3.155624e+01 4.921007e+01 8.866721e+01 
2.957617e+00 1.205440e+01 3.091255e+01 4.815485e+01 8.666751e+01 
2.998844e+00 1.182876e+01 3.027842e+01 4.711618e+01 8.470225e+01 
3.040646e+00 1.160645e+01 2.965381e+01 4.609397e+01 8.277099e+01 
3.083031e+00 1.138740e+01 2.903865e+01 4.508814e+01 8.087374e+01 
3.126007e+00 1.117159e+01 2.843288e+01 4.409861e+01 7.901021e+01 
3.169582e+00 1.095897e+01 2.783642e+01 4.312528e+01 7.718018e+01 
3.213764e+00 1.074951e+01 2.724924e+01 4.216807e+01 7.538321e+01 
3.258562e+00 1.054316e+01 2.667126e+01 4.122687e+01 7.361965e+01 
3.303985e+00 1.033991e+01 2.610241e+01 4.030159e+01 7.188866e+01 
3.350041e+00 1.013970e+01 2.554264e+01 3.939212e+01 7.019015e+01 
3.396739e+00 9.942513e+00 2.499188e+01 3.849836e+01 6.852382e+01 
3.444087e+00 9.748301e+00 2.445005e+01 3.762020e+01 6.688941e+01 
3.492096e+00 9.557037e+00 2.391711e+01 3.675751e+01 6.528661e+01 
3.540774e+00 9.368688e+00 2.339296e+01 3.591020e+01 6.371510e+01 
3.590130e+00 9.183220e+00 2.287756e+01 3.507812e+01 6.217457e+01 
3.640175e+00 9.000601e+00 2.237083e+01 3.426118e+01 6.066470e+01 
3.690917e+00 8.820802e+00 2.187271e+01 3.345923e+01 5.918514e+01 
3.742366e+00 8.643792e+00 2.138311e+01 3.267214e+01 5.773556e+01 
3.794533e+00 8.469537e+00 2.090197e+01 3.189977e+01 5.631561e+01 
3.847427e+00 8.298011e+00 2.042922e+01 3.114197e+01 5.492493e+01 
3.901058e+00 8.129181e+00 1.996478e+01 3.039867e+01 5.356318e+01 
3.955436e+00 7.963020e+00 1.950858e+01 2.966966e+01 5.222996e+01 
4.010573e+00 7.799497e+00 1.906054e+01 2.895480e+01 5.092492e+01 
4.066478e+00 7.638584e+00 1.862058e+01 2.825396e+01 4.964767e+01 
4.123163e+00 7.480253e+00 1.818864e+01 2.756697e+01 4.839784e+01 
4.180637e+00 7.324473e+00 1.776463e+01 2.689368e+01 4.717504e+01 
4.238913e+00 7.171221e+00 1.734847e+01 2.623394e+01 4.597887e+01 
4.298001e+00 7.020465e+00 1.694008e+01 2.558758e+01 4.480896e+01 
4.357913e+00 6.872180e+00 1.653939e+01 2.495444e+01 4.366490e+01 
4.418660e+00 6.726339e+00 1.614630e+01 2.433436e+01 4.254629e+01 
4.480254e+00 6.582915e+00 1.576075e+01 2.372716e+01 4.145273e+01 
4.542706e+00 6.441881e+00 1.538264e+01 2.313269e+01 4.038382e+01 
4.606029e+00 6.303212e+00 1.501188e+01 2.255077e+01 3.933916e+01 
4.670234e+00 6.166880e+00 1.464841e+01 2.198122e+01 3.831835e+01 
4.735335e+00 6.032861e+00 1.429212e+01 2.142389e+01 3.732097e+01 
4.801343e+00 5.901129e+00 1.394296e+01 2.087859e+01 3.634662e+01 
4.868271e+00 5.771659e+00 1.360079e+01 2.034514e+01 3.539491e+01 
4.936132e+00 5.644425e+00 1.326556e+01 1.982338e+01 3.446542e+01 
5.004939e+00 5.519405e+00 1.293718e+01 1.931312e+01 3.355777e+01 
5.074705e+00 5.396572e+00 1.261555e+01 1.881419e+01 3.267152e+01 
5.145444e+00 5.275903e+00 1.230059e+01 1.832641e+01 3.180632e+01 
5.217169e+00 5.157373e+00 1.199221e+01 1.784959e+01 3.096173e+01 
5.289893e+00 5.040959e+00 1.169032e+01 1.738359e+01 3.013738e+01 
5.363631e+00 4.926635e+00 1.139482e+01 1.692819e+01 2.933288e+01 
5.438397e+00 4.814380e+00 1.110563e+01 1.648322e+01 2.854783e+01 
5.514206e+00 4.704167e+00 1.082266e+01 1.604855e+01 2.778185e+01 
5.591071e+00 4.595981e+00 1.054582e+01 1.562394e+01 2.703457e+01 
5.669007e+00 4.489789e+00 1.027502e+01 1.520924e+01 2.630560e+01 
5.748030e+00 4.385572e+00 1.001016e+01 1.480428e+01 2.559456e+01 
5.828155e+00 4.283304e+00 9.751164e+00 1.440888e+01 2.490111e+01 
5.909396e+00 4.182966e+00 9.497928e+00 1.402287e+01 2.422489e+01 
5.991770e+00 4.084531e+00 9.250369e+00 1.364607e+01 2.356540e+01 
6.075292e+00 3.987979e+00 9.008393e+00 1.327831e+01 2.292253e+01 
6.159978e+00 3.893284e+00 8.771910e+00 1.291942e+01 2.229577e+01 
6.245845e+00 3.800425e+00 8.540832e+00 1.256924e+01 2.168479e+01 
6.332908e+00 3.709379e+00 8.315066e+00 1.222759e+01 2.108926e+01 
6.421186e+00 3.620121e+00 8.094524e+00 1.189431e+01 2.050888e+01 
6.510694e+00 3.532629e+00 7.879116e+00 1.156929e+01 1.994326e+01 
6.601449e+00 3.446881e+00 7.668752e+00 1.125219e+01 1.939212e+01 
6.693470e+00 3.362851e+00 7.463343e+00 1.094300e+01 1.885513e+01 
6.786773e+00 3.280519e+00 7.262800e+00 1.064161e+01 1.833196e+01 
6.881377e+00 3.199861e+00 7.067036e+00 1.034773e+01 1.782232e+01 
6.977300e+00 3.120853e+00 6.875962e+00 1.006125e+01 1.732589e+01 
7.074559e+00 3.043474e+00 6.689490e+00 9.782022e+00 1.684237e+01 
7.173175e+00 2.967699e+00 6.507534e+00 9.509889e+00 1.637147e+01 
7.273165e+00 2.893506e+00 6.330008e+00 9.244700e+00 1.591290e+01 
7.374549e+00 2.820872e+00 6.156827e+00 8.986305e+00 1.546640e+01 
7.477346e+00 2.749775e+00 5.987904e+00 8.734558e+00 1.503164e+01 
7.581576e+00 2.680191e+00 5.823157e+00 8.489313e+00 1.460838e+01 
7.687260e+00 2.612097e+00 5.662502e+00 8.250429e+00 1.419634e+01 
7.794416e+00 2.545473e+00 5.505858e+00 8.017762e+00 1.379526e+01 
7.903066e+00 2.480293e+00 5.353141e+00 7.791171e+00 1.340488e+01 
8.013230e+00 2.416535e+00 5.204271e+00 7.570504e+00 1.302492e+01 
8.124930e+00 2.354184e+00 5.059167e+00 7.355691e+00 1.265517e+01 
8.238187e+00 2.293205e+00 4.917752e+00 7.146523e+00 1.229538e+01 
8.353023e+00 2.233585e+00 4.779945e+00 6.942903e+00 1.194525e+01 
8.469460e+00 2.175299e+00 4.645670e+00 6.744697e+00 1.160461e+01 
8.587519e+00 2.118326e+00 4.514850e+00 6.551778e+00 1.127322e+01 
8.707225e+00 2.062643e+00 4.387411e+00 6.364025e+00 1.095083e+01 
8.828599e+00 2.008229e+00 4.263266e+00 6.181396e+00 1.063722e+01 
8.951665e+00 1.955063e+00 4.142382e+00 6.003527e+00 1.033217e+01 
9.076446e+00 1.903123e+00 4.024646e+00 5.830451e+00 1.003548e+01 
9.202967e+00 1.852387e+00 3.910002e+00 5.662250e+00 9.746935e+00 
9.331251e+00 1.802835e+00 3.798379e+00 5.498529e+00 9.466325e+00 
9.461324e+00 1.754443e+00 3.689709e+00 5.339261e+00 9.193454e+00 
9.593209e+00 1.707194e+00 3.583923e+00 5.184350e+00 8.928122e+00 
9.726934e+00 1.661066e+00 3.480956e+00 5.033723e+00 8.670136e+00 
9.862522e+00 1.616039e+00 3.380740e+00 4.887111e+00 8.419317e+00 
1.000000e+01 1.572091e+00 3.283213e+00 4.744751e+00 8.175464e+00 
