1.000000e-02 -3.447005e+03 -3.983243e+03 -6.843101e+03 -3.446102e+04 
1.013939e-02 -2.762730e+03 -3.015057e+03 -5.963773e+03 -3.261671e+04 
1.028073e-02 -2.147099e+03 -2.182926e+03 -5.081927e+03 -3.069094e+04 
1.042404e-02 -1.601324e+03 -1.481056e+03 -4.202076e+03 -2.870114e+04 
1.056935e-02 -1.124999e+03 -9.020798e+02 -3.328988e+03 -2.666371e+04 
1.071668e-02 -7.161765e+02 -4.373663e+02 -2.467558e+03 -2.459413e+04 
1.086606e-02 -3.714805e+02 -7.732073e+01 -1.622720e+03 -2.250711e+04 
1.101753e-02 -8.626021e+01 1.883403e+02 -7.993133e+02 -2.041662e+04 
1.117111e-02 1.452308e+02 3.703500e+02 -1.986304e+00 -1.833609e+04 
1.132683e-02 3.296312e+02 4.796969e+02 7.649118e+02 -1.627834e+04 
1.148472e-02 4.742525e+02 5.274735e+02 1.497417e+03 -1.425567e+04 
1.164481e-02 5.868498e+02 5.247649e+02 2.192032e+03 -1.227977e+04 
1.180713e-02 6.753895e+02 4.825648e+02 2.845777e+03 -1.036163e+04 
1.197171e-02 7.478189e+02 4.117053e+02 3.456240e+03 -8.511328e+03 
1.213859e-02 8.118435e+02 3.227859e+02 4.021594e+03 -6.737845e+03 
1.230780e-02 8.747164e+02 2.260877e+02 4.540616e+03 -5.048799e+03 
1.247936e-02 9.430439e+02 1.314594e+02 5.012676e+03 -3.450213e+03 
1.265332e-02 1.022612e+03 4.817041e+01 5.437727e+03 -1.946265e+03 
1.282970e-02 1.118240e+03 -1.526655e+01 5.816272e+03 -5.391321e+02 
1.300854e-02 1.233655e+03 -5.129588e+01 6.149348e+03 7.711067e+02 
1.318987e-02 1.371406e+03 -5.352942e+01 6.438471e+03 1.986469e+03 
1.337373e-02 1.532812e+03 -1.694667e+01 6.685601e+03 3.110956e+03 
1.356015e-02 1.717939e+03 6.193414e+01 6.893100e+03 4.150326e+03 
1.374917e-02 1.925630e+03 1.849352e+02 7.063663e+03 5.111780e+03 
1.394083e-02 2.153566e+03 3.521635e+02 7.200291e+03 6.003585e+03 
1.413516e-02 2.398375e+03 5.620328e+02 7.306225e+03 6.834612e+03 
1.433219e-02 2.655772e+03 8.113672e+02 7.384877e+03 7.613919e+03 
1.453198e-02 2.920747e+03 1.095585e+03 7.439772e+03 8.350324e+03 
1.473454e-02 3.187767e+03 1.408944e+03 7.474492e+03 9.052023e+03 
1.493993e-02 3.451014e+03 1.744857e+03 7.492608e+03 9.726289e+03 
1.514819e-02 3.704627e+03 2.096219e+03 7.497586e+03 1.037928e+04 
1.535935e-02 3.942946e+03 2.455773e+03 7.492781e+03 1.101591e+04 
1.557345e-02 4.160755e+03 2.816446e+03 7.481314e+03 1.163982e+04 
1.579053e-02 4.353496e+03 3.171664e+03 7.466066e+03 1.225341e+04 
1.601064e-02 4.517455e+03 3.515632e+03 7.449596e+03 1.285797e+04 
1.623382e-02 4.649915e+03 3.843547e+03 7.434143e+03 1.345377e+04 
1.646012e-02 4.749259e+03 4.151735e+03 7.421566e+03 1.404027e+04 
1.668956e-02 4.815021e+03 4.437734e+03 7.413339e+03 1.461620e+04 
1.692220e-02 4.847895e+03 4.700306e+03 7.410559e+03 1.517974e+04 
1.715809e-02 4.849687e+03 4.939352e+03 7.413962e+03 1.572869e+04 
1.739726e-02 4.823216e+03 5.155798e+03 7.423927e+03 1.626045e+04 
1.763977e-02 4.772173e+03 5.351428e+03 7.440524e+03 1.677212e+04 
1.788566e-02 4.700950e+03 5.528636e+03 7.463540e+03 1.726061e+04 
1.813498e-02 4.614427e+03 5.690208e+03 7.492521e+03 1.772260e+04 
1.838777e-02 4.517765e+03 5.839072e+03 7.526835e+03 1.815464e+04 
1.864409e-02 4.416169e+03 5.978043e+03 7.565685e+03 1.855315e+04 
1.890397e-02 4.314686e+03 6.109634e+03 7.608194e+03 1.891454e+04 
1.916748e-02 4.218000e+03 6.235876e+03 7.653405e+03 1.923533e+04 
1.943467e-02 4.130268e+03 6.358174e+03 7.700335e+03 1.951216e+04 
1.970558e-02 4.054983e+03 6.477289e+03 7.748007e+03 1.974201e+04 
1.998026e-02 3.994883e+03 6.593265e+03 7.795457e+03 1.992228e+04 
2.025878e-02 3.951903e+03 6.705526e+03 7.841770e+03 2.005091e+04 
2.054117e-02 3.927158e+03 6.812927e+03 7.886085e+03 2.012643e+04 
2.082751e-02 3.920974e+03 6.913907e+03 7.927599e+03 2.014805e+04 
2.111783e-02 3.932938e+03 7.006585e+03 7.965596e+03 2.011569e+04 
2.141220e-02 3.961979e+03 7.088970e+03 7.999452e+03 2.002993e+04 
2.171068e-02 4.006466e+03 7.159035e+03 8.028624e+03 1.989195e+04 
2.201331e-02 4.064309e+03 7.214916e+03 8.052649e+03 1.970345e+04 
2.232016e-02 4.133077e+03 7.254980e+03 8.071189e+03 1.946665e+04 
2.263130e-02 4.210120e+03 7.277967e+03 8.084001e+03 1.918415e+04 
2.294676e-02 4.292681e+03 7.283037e+03 8.090944e+03 1.885887e+04 
2.326663e-02 4.378007e+03 7.269802e+03 8.092016e+03 1.849411e+04 
2.359095e-02 4.463452e+03 7.238424e+03 8.087309e+03 1.809348e+04 
2.391980e-02 4.546571e+03 7.189534e+03 8.077040e+03 1.766099e+04 
2.425323e-02 4.625187e+03 7.124270e+03 8.061520e+03 1.720090e+04 
2.459130e-02 4.697456e+03 7.044217e+03 8.041145e+03 1.671793e+04 
2.493409e-02 4.761903e+03 6.951377e+03 8.016417e+03 1.621717e+04 
2.528166e-02 4.817441e+03 6.848085e+03 7.987876e+03 1.570410e+04 
2.563407e-02 4.863365e+03 6.736936e+03 7.956123e+03 1.518449e+04 
2.599140e-02 4.899337e+03 6.620701e+03 7.921778e+03 1.466437e+04 
2.635371e-02 4.925342e+03 6.502227e+03 7.885468e+03 1.414991e+04 
2.672106e-02 4.941634e+03 6.384333e+03 7.847793e+03 1.364723e+04 
2.709354e-02 4.948670e+03 6.269708e+03 7.809271e+03 1.316223e+04 
2.747121e-02 4.947063e+03 6.160832e+03 7.770389e+03 1.270048e+04 
2.785414e-02 4.937521e+03 6.059903e+03 7.731543e+03 1.226708e+04 
2.824241e-02 4.920784e+03 5.968756e+03 7.693038e+03 1.186645e+04 
2.863610e-02 4.897583e+03 5.888811e+03 7.655083e+03 1.150222e+04 
2.903527e-02 4.868597e+03 5.821042e+03 7.617787e+03 1.117722e+04 
2.944000e-02 4.834417e+03 5.765950e+03 7.581176e+03 1.089335e+04 
2.985038e-02 4.795522e+03 5.723550e+03 7.545150e+03 1.065155e+04 
3.026648e-02 4.752275e+03 5.693407e+03 7.509535e+03 1.045182e+04 
3.068838e-02 4.704936e+03 5.674681e+03 7.474085e+03 1.029331e+04 
3.111616e-02 4.653664e+03 5.666186e+03 7.438544e+03 1.017436e+04 
3.154990e-02 4.598539e+03 5.666441e+03 7.402590e+03 1.009254e+04 
3.198969e-02 4.539585e+03 5.673757e+03 7.365917e+03 1.004476e+04 
3.243561e-02 4.476791e+03 5.686306e+03 7.328207e+03 1.002742e+04 
3.288774e-02 4.410128e+03 5.702184e+03 7.289162e+03 1.003642e+04 
3.334618e-02 4.339585e+03 5.719481e+03 7.248474e+03 1.006730e+04 
3.381101e-02 4.265198e+03 5.736365e+03 7.205897e+03 1.011539e+04 
3.428231e-02 4.187073e+03 5.751133e+03 7.161237e+03 1.017596e+04 
3.476019e-02 4.105398e+03 5.762257e+03 7.114385e+03 1.024433e+04 
3.524473e-02 4.020446e+03 5.768404e+03 7.065240e+03 1.031590e+04 
3.573602e-02 3.932581e+03 5.768469e+03 7.013787e+03 1.038639e+04 
3.623416e-02 3.842233e+03 5.761570e+03 6.960029e+03 1.045180e+04 
3.673925e-02 3.749912e+03 5.747071e+03 6.904022e+03 1.050864e+04 
3.725137e-02 3.656197e+03 5.724583e+03 6.845845e+03 1.055380e+04 
3.777064e-02 3.561728e+03 5.693984e+03 6.785635e+03 1.058483e+04 
3.829714e-02 3.467190e+03 5.655401e+03 6.723571e+03 1.059982e+04 
3.883098e-02 3.373299e+03 5.609202e+03 6.659882e+03 1.059753e+04 
3.937226e-02 3.280775e+03 5.555951e+03 6.594797e+03 1.057716e+04 
3.992109e-02 3.190295e+03 5.496350e+03 6.528522e+03 1.053842e+04 
4.047757e-02 3.102491e+03 5.431222e+03 6.461259e+03 1.048142e+04 
4.104181e-02 3.017940e+03 5.361503e+03 6.393230e+03 1.040673e+04 
4.161391e-02 2.937152e+03 5.288186e+03 6.324653e+03 1.031520e+04 
4.219398e-02 2.860546e+03 5.212303e+03 6.255777e+03 1.020802e+04 
4.278214e-02 2.788443e+03 5.134872e+03 6.186870e+03 1.008665e+04 
4.337850e-02 2.721054e+03 5.056869e+03 6.118205e+03 9.952704e+03 
4.398317e-02 2.658492e+03 4.979206e+03 6.050079e+03 9.807972e+03 
4.459628e-02 2.600772e+03 4.902725e+03 5.982827e+03 9.654384e+03 
4.521792e-02 2.547811e+03 4.828162e+03 5.916801e+03 9.493960e+03 
4.584824e-02 2.499446e+03 4.756133e+03 5.852338e+03 9.328731e+03 
4.648734e-02 2.455445e+03 4.687138e+03 5.789759e+03 9.160700e+03 
4.713535e-02 2.415539e+03 4.621577e+03 5.729391e+03 8.991875e+03 
4.779239e-02 2.379428e+03 4.559757e+03 5.671544e+03 8.824240e+03 
4.845859e-02 2.346750e+03 4.501779e+03 5.616331e+03 8.659409e+03 
4.913407e-02 2.317114e+03 4.447607e+03 5.563750e+03 8.498785e+03 
4.981898e-02 2.290157e+03 4.397157e+03 5.513760e+03 8.343638e+03 
5.051342e-02 2.265546e+03 4.350315e+03 5.466302e+03 8.195155e+03 
5.121755e-02 2.242983e+03 4.306921e+03 5.421239e+03 8.054256e+03 
5.193150e-02 2.222201e+03 4.266791e+03 5.378404e+03 7.921694e+03 
5.265540e-02 2.202994e+03 4.229777e+03 5.337664e+03 7.798118e+03 
5.338938e-02 2.185212e+03 4.195784e+03 5.298959e+03 7.684099e+03 
5.413360e-02 2.168716e+03 4.164674e+03 5.262172e+03 7.579886e+03 
5.488820e-02 2.153375e+03 4.136291e+03 5.227176e+03 7.485501e+03 
5.565331e-02 2.139052e+03 4.110439e+03 5.193832e+03 7.400729e+03 
5.642908e-02 2.125594e+03 4.086897e+03 5.162000e+03 7.325168e+03 
5.721568e-02 2.112818e+03 4.065349e+03 5.131453e+03 7.258031e+03 
5.801323e-02 2.100509e+03 4.045433e+03 5.101943e+03 7.198357e+03 
5.882190e-02 2.088434e+03 4.026743e+03 5.073214e+03 7.145023e+03 
5.964185e-02 2.076345e+03 4.008852e+03 5.045017e+03 7.096831e+03 
6.047322e-02 2.063977e+03 3.991281e+03 5.017041e+03 7.052371e+03 
6.131619e-02 2.051075e+03 3.973565e+03 4.989011e+03 7.010282e+03 
6.217090e-02 2.037405e+03 3.955266e+03 4.960685e+03 6.969259e+03 
6.303753e-02 2.022746e+03 3.935964e+03 4.931826e+03 6.928076e+03 
6.391624e-02 2.006896e+03 3.915228e+03 4.902145e+03 6.885465e+03 
6.480720e-02 1.989678e+03 3.892665e+03 4.871357e+03 6.840316e+03 
6.571058e-02 1.970963e+03 3.867941e+03 4.839215e+03 6.791710e+03 
6.662655e-02 1.950682e+03 3.840812e+03 4.805528e+03 6.738979e+03 
6.755528e-02 1.928797e+03 3.811051e+03 4.770057e+03 6.681526e+03 
6.849697e-02 1.905305e+03 3.778476e+03 4.732573e+03 6.618953e+03 
6.945178e-02 1.880228e+03 3.742934e+03 4.692840e+03 6.551045e+03 
7.041990e-02 1.853647e+03 3.704371e+03 4.650696e+03 6.477837e+03 
7.140151e-02 1.825685e+03 3.662781e+03 4.605995e+03 6.399501e+03 
7.239681e-02 1.796470e+03 3.618184e+03 4.558601e+03 6.316353e+03 
7.340598e-02 1.766136e+03 3.570613e+03 4.508383e+03 6.228805e+03 
7.442922e-02 1.734837e+03 3.520149e+03 4.455248e+03 6.137363e+03 
7.546673e-02 1.702759e+03 3.466954e+03 4.399196e+03 6.042644e+03 
7.651869e-02 1.670087e+03 3.411207e+03 4.340257e+03 5.945302e+03 
7.758532e-02 1.636987e+03 3.353105e+03 4.278489e+03 5.845980e+03 
7.866682e-02 1.603624e+03 3.292850e+03 4.213964e+03 5.745231e+03 
7.976339e-02 1.570173e+03 3.230713e+03 4.146840e+03 5.643610e+03 
8.087525e-02 1.536805e+03 3.166984e+03 4.077325e+03 5.541627e+03 
8.200261e-02 1.503672e+03 3.101968e+03 4.005667e+03 5.439742e+03 
8.314568e-02 1.470914e+03 3.035961e+03 3.932110e+03 5.338254e+03 
8.430468e-02 1.438659e+03 2.969271e+03 3.856933e+03 5.237400e+03 
8.547985e-02 1.407024e+03 2.902214e+03 3.780453e+03 5.137385e+03 
8.667139e-02 1.376117e+03 2.835126e+03 3.703047e+03 5.038441e+03 
8.787954e-02 1.346027e+03 2.768308e+03 3.625054e+03 4.940662e+03 
8.910453e-02 1.316826e+03 2.702053e+03 3.546841e+03 4.844162e+03 
9.034660e-02 1.288583e+03 2.636668e+03 3.468814e+03 4.749110e+03 
9.160598e-02 1.261361e+03 2.572471e+03 3.391433e+03 4.655776e+03 
9.288292e-02 1.235193e+03 2.509704e+03 3.315059e+03 4.564285e+03 
9.417766e-02 1.210115e+03 2.448625e+03 3.240102e+03 4.474876e+03 
9.549045e-02 1.186169e+03 2.389510e+03 3.167006e+03 4.387888e+03 
9.682153e-02 1.163411e+03 2.332659e+03 3.096267e+03 4.303792e+03 
9.817117e-02 1.141855e+03 2.278253e+03 3.028208e+03 4.222829e+03 
9.953962e-02 1.121515e+03 2.226474e+03 2.963160e+03 4.145307e+03 
1.009272e-01 1.102429e+03 2.177525e+03 2.901480e+03 4.071619e+03 
1.023340e-01 1.084644e+03 2.131608e+03 2.843522e+03 4.002207e+03 
1.037605e-01 1.068139e+03 2.088759e+03 2.789394e+03 3.937158e+03 
1.052069e-01 1.052886e+03 2.048983e+03 2.739161e+03 3.876550e+03 
1.066734e-01 1.038871e+03 2.012290e+03 2.692892e+03 3.820487e+03 
1.081604e-01 1.026058e+03 1.978633e+03 2.650572e+03 3.768985e+03 
1.096681e-01 1.014343e+03 1.947807e+03 2.611956e+03 3.721727e+03 
1.111968e-01 1.003611e+03 1.919578e+03 2.576764e+03 3.678370e+03 
1.127468e-01 9.937410e+02 1.893690e+03 2.544687e+03 3.638550e+03 
1.143184e-01 9.845849e+02 1.869834e+03 2.515338e+03 3.601810e+03 
1.159120e-01 9.759683e+02 1.847635e+03 2.488239e+03 3.567551e+03 
1.175277e-01 9.677033e+02 1.826697e+03 2.462879e+03 3.535155e+03 
1.191660e-01 9.595949e+02 1.806615e+03 2.438741e+03 3.504004e+03 
1.208271e-01 9.514504e+02 1.786986e+03 2.415305e+03 3.473483e+03 
1.225114e-01 9.430579e+02 1.767375e+03 2.391991e+03 3.442886e+03 
1.242191e-01 9.342040e+02 1.747345e+03 2.368219e+03 3.411515e+03 
1.259506e-01 9.247056e+02 1.726535e+03 2.343500e+03 3.378807e+03 
1.277063e-01 9.143754e+02 1.704571e+03 2.317315e+03 3.344136e+03 
1.294865e-01 9.030262e+02 1.681083e+03 2.289136e+03 3.306850e+03 
1.312915e-01 8.905408e+02 1.655840e+03 2.258611e+03 3.266537e+03 
1.331216e-01 8.768159e+02 1.628643e+03 2.225430e+03 3.222828e+03 
1.349772e-01 8.617673e+02 1.599328e+03 2.189308e+03 3.175352e+03 
1.368587e-01 8.454188e+02 1.567923e+03 2.150222e+03 3.124096e+03 
1.387665e-01 8.278229e+02 1.534514e+03 2.108227e+03 3.069131e+03 
1.407008e-01 8.090710e+02 1.499263e+03 2.063485e+03 3.010657e+03 
1.426621e-01 7.893402e+02 1.462472e+03 2.016354e+03 2.949139e+03 
1.446507e-01 7.688303e+02 1.424487e+03 1.967262e+03 2.885120e+03 
1.466671e-01 7.477678e+02 1.385702e+03 1.916713e+03 2.819245e+03 
1.487115e-01 7.264113e+02 1.346570e+03 1.865314e+03 2.752301e+03 
1.507845e-01 7.050284e+02 1.307551e+03 1.813686e+03 2.685098e+03 
1.528864e-01 6.838879e+02 1.269105e+03 1.762470e+03 2.618484e+03 
1.550175e-01 6.632679e+02 1.231711e+03 1.712341e+03 2.553371e+03 
1.571784e-01 6.434405e+02 1.195843e+03 1.663977e+03 2.490689e+03 
1.593694e-01 6.246392e+02 1.161891e+03 1.617947e+03 2.431236e+03 
1.615909e-01 6.070973e+02 1.130252e+03 1.574833e+03 2.375847e+03 
1.638434e-01 5.909654e+02 1.101177e+03 1.535018e+03 2.325076e+03 
1.661273e-01 5.763591e+02 1.074858e+03 1.498802e+03 2.279369e+03 
1.684430e-01 5.633226e+02 1.051353e+03 1.466299e+03 2.238914e+03 
1.707910e-01 5.518126e+02 1.030571e+03 1.437418e+03 2.203586e+03 
1.731717e-01 5.417466e+02 1.012355e+03 1.411969e+03 2.173119e+03 
1.755856e-01 5.329539e+02 9.963932e+02 1.389554e+03 2.146914e+03 
1.780332e-01 5.252284e+02 9.823104e+02 1.369679e+03 2.124238e+03 
1.805149e-01 5.183401e+02 9.696933e+02 1.351797e+03 2.104259e+03 
1.830312e-01 5.120378e+02 9.580941e+02 1.335311e+03 2.086052e+03 
1.855825e-01 5.060611e+02 9.470514e+02 1.319604e+03 2.068647e+03 
1.881694e-01 5.001342e+02 9.360765e+02 1.304019e+03 2.051013e+03 
1.907924e-01 4.939968e+02 9.247132e+02 1.287940e+03 2.032162e+03 
1.934520e-01 4.873992e+02 9.125279e+02 1.270781e+03 2.011138e+03 
1.961486e-01 4.801407e+02 8.991757e+02 1.252070e+03 1.987170e+03 
1.988828e-01 4.720658e+02 8.843915e+02 1.231452e+03 1.959684e+03 
2.016551e-01 4.631115e+02 8.680758e+02 1.208795e+03 1.928458e+03 
2.044661e-01 4.532983e+02 8.502766e+02 1.184161e+03 1.893598e+03 
2.073162e-01 4.427319e+02 8.311900e+02 1.157825e+03 1.855561e+03 
2.102061e-01 4.315833e+02 8.111253e+02 1.130211e+03 1.815081e+03 
2.131362e-01 4.200676e+02 7.904669e+02 1.101847e+03 1.773051e+03 
2.161073e-01 4.084305e+02 7.696501e+02 1.073326e+03 1.730468e+03 
2.191197e-01 3.969239e+02 7.491173e+02 1.045250e+03 1.688362e+03 
2.221741e-01 3.857950e+02 7.292998e+02 1.018211e+03 1.647742e+03 
2.252711e-01 3.752549e+02 7.105628e+02 9.927021e+02 1.609448e+03 
2.284112e-01 3.654744e+02 6.931991e+02 9.691159e+02 1.574137e+03 
2.315951e-01 3.565635e+02 6.773949e+02 9.477064e+02 1.542253e+03 
2.348235e-01 3.485552e+02 6.632024e+02 9.285445e+02 1.513936e+03 
2.380968e-01 3.414187e+02 6.505635e+02 9.115503e+02 1.489070e+03 
2.414157e-01 3.350530e+02 6.392988e+02 8.964758e+02 1.467245e+03 
2.447809e-01 3.293066e+02 6.291434e+02 8.829662e+02 1.447899e+03 
2.481930e-01 3.239848e+02 6.197587e+02 8.705629e+02 1.430285e+03 
2.516527e-01 3.188631e+02 6.107547e+02 8.587361e+02 1.413532e+03 
2.551606e-01 3.137107e+02 6.017287e+02 8.469311e+02 1.396697e+03 
2.587174e-01 3.083104e+02 5.923048e+02 8.346377e+02 1.378945e+03 
2.623238e-01 3.025069e+02 5.822107e+02 8.214801e+02 1.359647e+03 
2.659804e-01 2.962198e+02 5.713033e+02 8.072562e+02 1.338458e+03 
2.696881e-01 2.894670e+02 5.596055e+02 7.919826e+02 1.315385e+03 
2.734474e-01 2.823299e+02 5.472543e+02 7.758453e+02 1.290761e+03 
2.772591e-01 2.749365e+02 5.344649e+02 7.591299e+02 1.265070e+03 
2.811239e-01 2.674434e+02 5.215023e+02 7.421900e+02 1.238909e+03 
2.850426e-01 2.600235e+02 5.086579e+02 7.254120e+02 1.212920e+03 
2.890160e-01 2.528508e+02 4.962310e+02 7.092041e+02 1.187812e+03 
2.930447e-01 2.460852e+02 4.844935e+02 6.939331e+02 1.164204e+03 
2.971296e-01 2.398399e+02 4.736385e+02 6.798564e+02 1.142528e+03 
3.012714e-01 2.341548e+02 4.637322e+02 6.670587e+02 1.122923e+03 
3.054710e-01 2.289923e+02 4.547140e+02 6.554588e+02 1.105274e+03 
3.097291e-01 2.242600e+02 4.464272e+02 6.448403e+02 1.089226e+03 
3.140465e-01 2.198386e+02 4.386682e+02 6.349203e+02 1.074309e+03 
3.184242e-01 2.155929e+02 4.312073e+02 6.253799e+02 1.059987e+03 
3.228628e-01 2.113859e+02 4.238139e+02 6.159040e+02 1.045751e+03 
3.273634e-01 2.070974e+02 4.162844e+02 6.062105e+02 1.031131e+03 
3.319266e-01 2.026470e+02 4.084809e+02 5.961046e+02 1.015793e+03 
3.365535e-01 1.980134e+02 4.003671e+02 5.855346e+02 9.996491e+02 
3.412449e-01 1.932390e+02 3.920180e+02 5.746068e+02 9.828890e+02 
3.460016e-01 1.884092e+02 3.835801e+02 5.635243e+02 9.658520e+02 
3.508247e-01 1.836272e+02 3.752266e+02 5.525249e+02 9.489280e+02 
3.557150e-01 1.789885e+02 3.671202e+02 5.418356e+02 9.324977e+02 
3.606735e-01 1.745761e+02 3.594038e+02 5.316584e+02 9.169045e+02 
3.657011e-01 1.704424e+02 3.521652e+02 5.221161e+02 9.023513e+02 
3.707988e-01 1.665969e+02 3.454176e+02 5.132247e+02 8.888541e+02 
3.759675e-01 1.630050e+02 3.391020e+02 5.049055e+02 8.762846e+02 
3.812083e-01 1.595994e+02 3.331048e+02 4.970035e+02 8.643890e+02 
3.865221e-01 1.563044e+02 3.272958e+02 4.893387e+02 8.528664e+02 
3.919100e-01 1.530485e+02 3.215502e+02 4.817338e+02 8.414110e+02 
3.973730e-01 1.497758e+02 3.157741e+02 4.740615e+02 8.298170e+02 
4.029122e-01 1.464583e+02 3.099204e+02 4.662574e+02 8.179801e+02 
4.085286e-01 1.431075e+02 3.040084e+02 4.583487e+02 8.059459e+02 
4.142232e-01 1.397697e+02 2.981130e+02 4.504361e+02 7.938720e+02 
4.199973e-01 1.364979e+02 2.923268e+02 4.426527e+02 7.819886e+02 
4.258518e-01 1.333347e+02 2.867227e+02 4.351009e+02 7.704663e+02 
4.317880e-01 1.303126e+02 2.813557e+02 4.278579e+02 7.594315e+02 
4.378069e-01 1.274488e+02 2.762507e+02 4.209550e+02 7.489247e+02 
4.439097e-01 1.247303e+02 2.713892e+02 4.143709e+02 7.389186e+02 
4.500975e-01 1.221181e+02 2.667050e+02 4.080136e+02 7.292597e+02 
4.563716e-01 1.195725e+02 2.621302e+02 4.017894e+02 7.197903e+02 
4.627332e-01 1.170662e+02 2.576159e+02 3.956272e+02 7.103845e+02 
4.691835e-01 1.145783e+02 2.531298e+02 3.894860e+02 7.009821e+02 
4.757236e-01 1.121023e+02 2.486617e+02 3.833522e+02 6.915597e+02 
4.823549e-01 1.096541e+02 2.442383e+02 3.772624e+02 6.821756e+02 
4.890787e-01 1.072637e+02 2.399082e+02 3.712827e+02 6.729324e+02 
4.958962e-01 1.049503e+02 2.357074e+02 3.654658e+02 6.639221e+02 
5.028087e-01 1.027226e+02 2.316508e+02 3.598330e+02 6.551778e+02 
5.098176e-01 1.005811e+02 2.277382e+02 3.543829e+02 6.466939e+02 
5.169242e-01 9.851699e+01 2.239541e+02 3.490933e+02 6.384301e+02 
5.241298e-01 9.650683e+01 2.202609e+02 3.439150e+02 6.303103e+02 
5.314359e-01 9.453489e+01 2.166325e+02 3.388118e+02 6.222762e+02 
5.388438e-01 9.259604e+01 2.130592e+02 3.337703e+02 6.143036e+02 
5.463550e-01 9.068763e+01 2.095358e+02 3.287839e+02 6.063817e+02 
5.539709e-01 8.881672e+01 2.060761e+02 3.238736e+02 5.985494e+02 
5.616930e-01 8.699556e+01 2.027001e+02 3.190683e+02 5.908538e+02 
5.695227e-01 8.522946e+01 1.994152e+02 3.143772e+02 5.833081e+02 
5.774615e-01 8.351806e+01 1.962204e+02 3.098001e+02 5.759129e+02 
5.855110e-01 8.185855e+01 1.931118e+02 3.053335e+02 5.686660e+02 
5.936727e-01 8.024117e+01 1.900724e+02 3.009551e+02 5.615333e+02 
6.019482e-01 7.865814e+01 1.870876e+02 2.966444e+02 5.544812e+02 
6.103390e-01 7.710924e+01 1.841569e+02 2.924022e+02 5.475140e+02 
6.188468e-01 7.559193e+01 1.812769e+02 2.882254e+02 5.406293e+02 
6.274732e-01 7.411064e+01 1.784545e+02 2.841243e+02 5.338451e+02 
6.362198e-01 7.266853e+01 1.756930e+02 2.801026e+02 5.271664e+02 
6.450884e-01 7.126571e+01 1.729934e+02 2.761629e+02 5.205991e+02 
6.540806e-01 6.990084e+01 1.703538e+02 2.723035e+02 5.141429e+02 
6.631981e-01 6.857133e+01 1.677696e+02 2.685190e+02 5.077898e+02 
6.724427e-01 6.727003e+01 1.652276e+02 2.647903e+02 5.015100e+02 
6.818162e-01 6.599673e+01 1.627287e+02 2.611201e+02 4.953101e+02 
6.913204e-01 6.475260e+01 1.602753e+02 2.575120e+02 4.891971e+02 
7.009570e-01 6.353867e+01 1.578691e+02 2.539682e+02 4.831756e+02 
7.107280e-01 6.235432e+01 1.555077e+02 2.504847e+02 4.772378e+02 
7.206351e-01 6.119828e+01 1.531906e+02 2.470617e+02 4.713870e+02 
7.306804e-01 6.006886e+01 1.509156e+02 2.436960e+02 4.656195e+02 
7.408657e-01 5.896445e+01 1.486801e+02 2.403845e+02 4.599307e+02 
7.511929e-01 5.788414e+01 1.464816e+02 2.371224e+02 4.543132e+02 
7.616642e-01 5.682780e+01 1.443217e+02 2.339127e+02 4.487732e+02 
7.722814e-01 5.579490e+01 1.421995e+02 2.307542e+02 4.433095e+02 
7.830465e-01 5.478482e+01 1.401144e+02 2.276455e+02 4.379198e+02 
7.939618e-01 5.379659e+01 1.380639e+02 2.245827e+02 4.325978e+02 
8.050292e-01 5.282964e+01 1.360485e+02 2.215668e+02 4.273463e+02 
8.162509e-01 5.188313e+01 1.340667e+02 2.185962e+02 4.221623e+02 
8.276289e-01 5.095642e+01 1.321178e+02 2.156687e+02 4.170428e+02 
8.391656e-01 5.004894e+01 1.302000e+02 2.127824e+02 4.119837e+02 
8.508632e-01 4.916048e+01 1.283140e+02 2.099382e+02 4.069869e+02 
8.627237e-01 4.829054e+01 1.264589e+02 2.071348e+02 4.020501e+02 
8.747496e-01 4.743864e+01 1.246335e+02 2.043706e+02 3.971700e+02 
8.869432e-01 4.660426e+01 1.228368e+02 2.016439e+02 3.923434e+02 
8.993067e-01 4.578708e+01 1.210688e+02 1.989549e+02 3.875706e+02 
9.118425e-01 4.498675e+01 1.193287e+02 1.963027e+02 3.828498e+02 
9.245531e-01 4.420279e+01 1.176154e+02 1.936855e+02 3.781774e+02 
9.374409e-01 4.343483e+01 1.159280e+02 1.911022e+02 3.735517e+02 
9.505083e-01 4.268263e+01 1.142667e+02 1.885530e+02 3.689722e+02 
9.637579e-01 4.194589e+01 1.126306e+02 1.860371e+02 3.644378e+02 
9.771921e-01 4.122413e+01 1.110189e+02 1.835526e+02 3.599453e+02 
9.908137e-01 4.051703e+01 1.094309e+02 1.810989e+02 3.554936e+02 
1.004625e+00 3.982438e+01 1.078666e+02 1.786761e+02 3.510826e+02 
1.018629e+00 3.914591e+01 1.063255e+02 1.762833e+02 3.467111e+02 
1.032828e+00 3.848114e+01 1.048066e+02 1.739179e+02 3.423767e+02 
1.047225e+00 3.782981e+01 1.033096e+02 1.715828e+02 3.380791e+02 
1.061823e+00 3.719170e+01 1.018343e+02 1.692747e+02 3.338180e+02 
1.076624e+00 3.656652e+01 1.003805e+02 1.669940e+02 3.295925e+02 
1.091632e+00 3.595372e+01 9.894678e+01 1.647392e+02 3.254004e+02 
1.106848e+00 3.535305e+01 9.753329e+01 1.625102e+02 3.212417e+02 
1.122277e+00 3.476434e+01 9.613980e+01 1.603066e+02 3.171161e+02 
1.137921e+00 3.418728e+01 9.476590e+01 1.581283e+02 3.130227e+02 
1.153783e+00 3.362130e+01 9.341053e+01 1.559735e+02 3.089596e+02 
1.169866e+00 3.306632e+01 9.207384e+01 1.541088e+02 3.049272e+02 
1.186174e+00 3.252210e+01 9.075558e+01 1.517354e+02 3.009250e+02 
1.202708e+00 3.198837e+01 8.945535e+01 1.496503e+02 2.969521e+02 
1.219473e+00 3.146457e+01 8.817215e+01 1.475883e+02 2.930071e+02 
1.236472e+00 3.095066e+01 8.690620e+01 1.455496e+02 2.890904e+02 
1.253708e+00 3.042649e+01 8.565712e+01 1.435316e+02 2.852013e+02 
1.271184e+00 2.995130e+01 8.442442e+01 1.415351e+02 2.813393e+02 
1.288904e+00 2.946508e+01 8.320728e+01 1.395589e+02 2.775033e+02 
1.306870e+00 2.898763e+01 8.200591e+01 1.376034e+02 2.736938e+02 
1.325087e+00 2.851876e+01 8.081994e+01 1.356684e+02 2.699104e+02 
1.343558e+00 2.805818e+01 7.964896e+01 1.337531e+02 2.661529e+02 
1.362287e+00 2.760557e+01 7.849240e+01 1.318572e+02 2.624207e+02 
1.381276e+00 2.716088e+01 7.735034e+01 1.299807e+02 2.587142e+02 
1.400531e+00 2.672391e+01 7.622243e+01 1.281233e+02 2.550333e+02 
1.420053e+00 2.629439e+01 7.510827e+01 1.262845e+02 2.513777e+02 
1.439848e+00 2.587209e+01 7.400749e+01 1.244638e+02 2.477473e+02 
1.459919e+00 2.545697e+01 7.292008e+01 1.226613e+02 2.441426e+02 
1.480269e+00 2.504885e+01 7.184579e+01 1.208768e+02 2.405632e+02 
1.500903e+00 2.464752e+01 7.078425e+01 1.191096e+02 2.370093e+02 
1.521825e+00 2.425280e+01 6.973523e+01 1.173597e+02 2.334809e+02 
1.543038e+00 2.386464e+01 6.869868e+01 1.156270e+02 2.299781e+02 
1.564548e+00 2.348286e+01 6.767436e+01 1.139112e+02 2.265009e+02 
1.586357e+00 2.310729e+01 6.666197e+01 1.122119e+02 2.230492e+02 
1.608469e+00 2.273780e+01 6.566135e+01 1.105289e+02 2.196233e+02 
1.630891e+00 2.237433e+01 6.467240e+01 1.088622e+02 2.162232e+02 
1.653624e+00 2.201673e+01 6.369494e+01 1.072116e+02 2.128489e+02 
1.676675e+00 2.166481e+01 6.272866e+01 1.055767e+02 2.095005e+02 
1.700047e+00 2.131848e+01 6.177344e+01 1.039575e+02 2.061781e+02 
1.723745e+00 2.097766e+01 6.082914e+01 1.023539e+02 2.028818e+02 
1.747773e+00 2.064220e+01 5.989559e+01 1.007656e+02 1.996118e+02 
1.772136e+00 2.031194e+01 5.897255e+01 9.919246e+01 1.963680e+02 
1.796838e+00 1.998684e+01 5.805991e+01 9.763338e+01 1.931508e+02 
1.821885e+00 1.966682e+01 5.715757e+01 9.609037e+01 1.899603e+02 
1.847281e+00 1.935175e+01 5.626538e+01 9.456227e+01 1.867965e+02 
1.873032e+00 1.904147e+01 5.538309e+01 9.304888e+01 1.836598e+02 
1.899141e+00 1.873594e+01 5.451064e+01 9.155019e+01 1.805503e+02 
1.925614e+00 1.843506e+01 5.364793e+01 9.006611e+01 1.774703e+02 
1.952456e+00 1.813876e+01 5.279485e+01 8.859656e+01 1.744157e+02 
1.979672e+00 1.784687e+01 5.195121e+01 8.714144e+01 1.713887e+02 
2.007267e+00 1.755937e+01 5.111698e+01 8.570071e+01 1.683896e+02 
2.035248e+00 1.727619e+01 5.029206e+01 8.427436e+01 1.654187e+02 
2.063618e+00 1.699722e+01 4.947639e+01 8.286230e+01 1.624760e+02 
2.092383e+00 1.672235e+01 4.866981e+01 8.146447e+01 1.595618e+02 
2.121550e+00 1.645154e+01 4.787230e+01 8.008087e+01 1.566761e+02 
2.151123e+00 1.618472e+01 4.708380e+01 7.871146e+01 1.538193e+02 
2.181109e+00 1.592180e+01 4.630423e+01 7.735621e+01 1.509917e+02 
2.211512e+00 1.566267e+01 4.553350e+01 7.601506e+01 1.481931e+02 
2.242340e+00 1.540729e+01 4.477156e+01 7.468804e+01 1.454241e+02 
2.273597e+00 1.515561e+01 4.401839e+01 7.337509e+01 1.426847e+02 
2.305289e+00 1.490754e+01 4.327388e+01 7.207621e+01 1.399751e+02 
2.337424e+00 1.466298e+01 4.253797e+01 7.079137e+01 1.372956e+02 
2.370006e+00 1.442189e+01 4.181062e+01 6.952057e+01 1.346463e+02 
2.403043e+00 1.418423e+01 4.109178e+01 6.826380e+01 1.320275e+02 
2.436540e+00 1.394990e+01 4.038136e+01 6.702104e+01 1.294395e+02 
2.470504e+00 1.371883e+01 3.967928e+01 6.579228e+01 1.270832e+02 
2.504942e+00 1.349101e+01 3.898552e+01 6.457750e+01 1.243562e+02 
2.539859e+00 1.326636e+01 3.829999e+01 6.337673e+01 1.218616e+02 
2.575263e+00 1.304481e+01 3.762263e+01 6.218993e+01 1.193983e+02 
2.611161e+00 1.282629e+01 3.695274e+01 6.101710e+01 1.169666e+02 
2.647559e+00 1.261080e+01 3.629152e+01 5.985825e+01 1.145669e+02 
2.684465e+00 1.239828e+01 3.563829e+01 5.871337e+01 1.121992e+02 
2.721885e+00 1.218865e+01 3.499297e+01 5.758246e+01 1.098635e+02 
2.759826e+00 1.198188e+01 3.435551e+01 5.646551e+01 1.075601e+02 
2.798297e+00 1.177796e+01 3.372587e+01 5.536251e+01 1.052891e+02 
2.837304e+00 1.157683e+01 3.310400e+01 5.427348e+01 1.030504e+02 
2.876854e+00 1.137844e+01 3.248984e+01 5.319839e+01 1.008444e+02 
2.916956e+00 1.118277e+01 3.188335e+01 5.213727e+01 9.867089e+01 
2.957617e+00 1.098978e+01 3.128448e+01 5.109007e+01 9.653000e+01 
2.998844e+00 1.079944e+01 3.069319e+01 5.005682e+01 9.442174e+01 
3.040646e+00 1.061170e+01 3.010946e+01 4.903750e+01 9.234611e+01 
3.083031e+00 1.042657e+01 2.953325e+01 4.803209e+01 9.030311e+01 
3.126007e+00 1.024401e+01 2.896451e+01 4.704061e+01 8.829276e+01 
3.169582e+00 1.006395e+01 2.840322e+01 4.606301e+01 8.631492e+01 
3.213764e+00 9.886369e+00 2.784935e+01 4.509929e+01 8.436941e+01 
3.258562e+00 9.711254e+00 2.730286e+01 4.414944e+01 8.245639e+01 
3.303985e+00 9.538574e+00 2.676372e+01 4.321343e+01 8.057567e+01 
3.350041e+00 9.368298e+00 2.623188e+01 4.229223e+01 7.872714e+01 
3.396739e+00 9.200387e+00 2.570735e+01 4.138382e+01 7.691065e+01 
3.444087e+00 9.034823e+00 2.519006e+01 4.048917e+01 7.512606e+01 
3.492096e+00 8.871575e+00 2.467999e+01 3.960825e+01 7.337323e+01 
3.540774e+00 8.710614e+00 2.417711e+01 3.874100e+01 7.165197e+01 
3.590130e+00 8.551905e+00 2.368139e+01 3.788740e+01 6.996207e+01 
3.640175e+00 8.395427e+00 2.319279e+01 3.704741e+01 6.830337e+01 
3.690917e+00 8.241155e+00 2.271127e+01 3.622095e+01 6.667561e+01 
3.742366e+00 8.089059e+00 2.223682e+01 3.540801e+01 6.507857e+01 
3.794533e+00 7.939109e+00 2.176939e+01 3.460849e+01 6.351200e+01 
3.847427e+00 7.791288e+00 2.130895e+01 3.382234e+01 6.197564e+01 
3.901058e+00 7.645570e+00 2.085547e+01 3.304949e+01 6.046922e+01 
3.955436e+00 7.501929e+00 2.040891e+01 3.228989e+01 5.899245e+01 
4.010573e+00 7.360344e+00 1.996925e+01 3.154346e+01 5.754503e+01 
4.066478e+00 7.220793e+00 1.953644e+01 3.081012e+01 5.612667e+01 
4.123163e+00 7.083256e+00 1.911045e+01 3.008978e+01 5.473703e+01 
4.180637e+00 6.947711e+00 1.869124e+01 2.938235e+01 5.337582e+01 
4.238913e+00 6.814135e+00 1.827878e+01 2.868776e+01 5.204269e+01 
4.298001e+00 6.682513e+00 1.787302e+01 2.800591e+01 5.073731e+01 
4.357913e+00 6.552822e+00 1.747394e+01 2.733670e+01 4.945933e+01 
4.418660e+00 6.425044e+00 1.708149e+01 2.668002e+01 4.820842e+01 
4.480254e+00 6.299158e+00 1.669561e+01 2.603577e+01 4.698421e+01 
4.542706e+00 6.175147e+00 1.631627e+01 2.540385e+01 4.578636e+01 
4.606029e+00 6.052991e+00 1.594345e+01 2.478414e+01 4.461450e+01 
4.670234e+00 5.932670e+00 1.557707e+01 2.417652e+01 4.346820e+01 
4.735335e+00 5.814167e+00 1.521744e+01 2.358089e+01 4.234728e+01 
4.801343e+00 5.697462e+00 1.486382e+01 2.299710e+01 4.125124e+01 
4.868271e+00 5.582539e+00 1.451651e+01 2.242506e+01 4.017969e+01 
4.936132e+00 5.469378e+00 1.417516e+01 2.186462e+01 3.913227e+01 
5.004939e+00 5.357959e+00 1.384033e+01 2.131564e+01 3.810865e+01 
5.074705e+00 5.248268e+00 1.351164e+01 2.077802e+01 3.710842e+01 
5.145444e+00 5.140286e+00 1.318906e+01 2.025158e+01 3.613121e+01 
5.217169e+00 5.033994e+00 1.287253e+01 1.973545e+01 3.517664e+01 
5.289893e+00 4.929378e+00 1.256198e+01 1.923102e+01 3.424433e+01 
5.363631e+00 4.826418e+00 1.225737e+01 1.873740e+01 3.333391e+01 
5.438397e+00 4.725095e+00 1.195862e+01 1.825443e+01 3.244499e+01 
5.514206e+00 4.625401e+00 1.166569e+01 1.778197e+01 3.157720e+01 
5.591071e+00 4.527319e+00 1.137851e+01 1.731986e+01 3.073016e+01 
5.669007e+00 4.430825e+00 1.109702e+01 1.686796e+01 2.990348e+01 
5.748030e+00 4.335906e+00 1.082115e+01 1.642611e+01 2.909679e+01 
5.828155e+00 4.242549e+00 1.055085e+01 1.599418e+01 2.830970e+01 
5.909396e+00 4.150735e+00 1.028605e+01 1.557201e+01 2.754186e+01 
5.991770e+00 4.060450e+00 1.002668e+01 1.515945e+01 2.679302e+01 
6.075292e+00 3.971678e+00 9.772682e+00 1.475634e+01 2.606225e+01 
6.159978e+00 3.884405e+00 9.523980e+00 1.436256e+01 2.534994e+01 
6.245845e+00 3.798615e+00 9.280513e+00 1.397792e+01 2.465527e+01 
6.332908e+00 3.714293e+00 9.042347e+00 1.360229e+01 2.397799e+01 
6.421186e+00 3.631422e+00 8.809132e+00 1.323551e+01 2.331772e+01 
6.510694e+00 3.549991e+00 8.580946e+00 1.287742e+01 2.267409e+01 
6.601449e+00 3.469980e+00 8.357609e+00 1.252789e+01 2.204677e+01 
6.693470e+00 3.391377e+00 8.139274e+00 1.218674e+01 2.143539e+01 
6.786773e+00 3.314167e+00 7.925763e+00 1.185385e+01 2.083960e+01 
6.881377e+00 3.238333e+00 7.717000e+00 1.152905e+01 2.025906e+01 
6.977300e+00 3.163863e+00 7.512915e+00 1.121219e+01 1.969279e+01 
7.074559e+00 3.090740e+00 7.313438e+00 1.090311e+01 1.914178e+01 
7.173175e+00 3.018949e+00 7.118494e+00 1.060168e+01 1.860500e+01 
7.273165e+00 2.948476e+00 6.928016e+00 1.030775e+01 1.808216e+01 
7.374549e+00 2.879307e+00 6.741930e+00 1.002116e+01 1.757291e+01 
7.477346e+00 2.811425e+00 6.560204e+00 9.741768e+00 1.707700e+01 
7.581576e+00 2.744816e+00 6.382685e+00 9.469433e+00 1.659357e+01 
7.687260e+00 2.679465e+00 6.209318e+00 9.204009e+00 1.612381e+01 
7.794416e+00 2.615358e+00 6.040093e+00 8.945355e+00 1.566595e+01 
7.903066e+00 2.552480e+00 5.874905e+00 8.693327e+00 1.522020e+01 
8.013230e+00 2.490829e+00 5.713684e+00 8.447786e+00 1.478626e+01 
8.124930e+00 2.430351e+00 5.556358e+00 8.208592e+00 1.436439e+01 
8.238187e+00 2.371067e+00 5.402859e+00 7.975613e+00 1.395327e+01 
8.353023e+00 2.312954e+00 5.253115e+00 7.748705e+00 1.355315e+01 
8.469460e+00 2.255996e+00 5.107057e+00 7.527742e+00 1.316372e+01 
8.587519e+00 2.200177e+00 4.964616e+00 7.312588e+00 1.278478e+01 
8.707225e+00 2.145484e+00 4.825719e+00 7.103114e+00 1.241608e+01 
8.828599e+00 2.091902e+00 4.690308e+00 6.899191e+00 1.205733e+01 
8.951665e+00 2.039415e+00 4.558304e+00 6.700682e+00 1.170737e+01 
9.076446e+00 1.988009e+00 4.429645e+00 6.507493e+00 1.136980e+01 
9.202967e+00 1.937670e+00 4.304262e+00 6.319468e+00 1.103852e+01 
9.331251e+00 1.888396e+00 4.182090e+00 6.136499e+00 1.071727e+01 
9.461324e+00 1.840151e+00 4.063061e+00 5.958462e+00 1.040483e+01 
9.593209e+00 1.792922e+00 3.947111e+00 5.785529e+00 1.010097e+01 
9.726934e+00 1.746686e+00 3.834175e+00 5.616768e+00 9.805486e+00 
9.862522e+00 1.701460e+00 3.724189e+00 5.452805e+00 9.518152e+00 
1.000000e+01 1.657213e+00 3.617087e+00 5.293354e+00 9.238783e+00 
