1.000000e-02 -1.017325e+04 -2.531700e+04 -3.499677e+04 -4.925254e+04 
1.013939e-02 -9.948102e+03 -2.463702e+04 -3.401349e+04 -4.777327e+04 
1.028073e-02 -9.725063e+03 -2.396330e+04 -3.304409e+04 -4.631947e+04 
1.042404e-02 -9.504103e+03 -2.329613e+04 -3.208869e+04 -4.489103e+04 
1.056935e-02 -9.285203e+03 -2.263577e+04 -3.114741e+04 -4.348779e+04 
1.071668e-02 -9.068337e+03 -2.198249e+04 -3.022028e+04 -4.210962e+04 
1.086606e-02 -8.853483e+03 -2.133653e+04 -2.930745e+04 -4.075638e+04 
1.101753e-02 -8.640622e+03 -2.069814e+04 -2.840891e+04 -3.942785e+04 
1.117111e-02 -8.429733e+03 -2.006755e+04 -2.752474e+04 -3.812385e+04 
1.132683e-02 -8.220804e+03 -1.944499e+04 -2.665498e+04 -3.684419e+04 
1.148472e-02 -8.013820e+03 -1.883065e+04 -2.579961e+04 -3.558859e+04 
1.164481e-02 -7.808768e+03 -1.822474e+04 -2.495871e+04 -3.435687e+04 
1.180713e-02 -7.605642e+03 -1.762746e+04 -2.413220e+04 -3.314876e+04 
1.197171e-02 -7.404436e+03 -1.703898e+04 -2.332011e+04 -3.196401e+04 
1.213859e-02 -7.205143e+03 -1.645945e+04 -2.252240e+04 -3.080235e+04 
1.230780e-02 -7.007759e+03 -1.588904e+04 -2.173904e+04 -2.966351e+04 
1.247936e-02 -6.812287e+03 -1.532787e+04 -2.096996e+04 -2.854722e+04 
1.265332e-02 -6.618727e+03 -1.477608e+04 -2.021513e+04 -2.745316e+04 
1.282970e-02 -6.427082e+03 -1.423377e+04 -1.947444e+04 -2.638105e+04 
1.300854e-02 -6.237355e+03 -1.370104e+04 -1.874785e+04 -2.533058e+04 
1.318987e-02 -6.049559e+03 -1.317797e+04 -1.803524e+04 -2.430146e+04 
1.337373e-02 -5.863694e+03 -1.266463e+04 -1.733652e+04 -2.329335e+04 
1.356015e-02 -5.679768e+03 -1.216107e+04 -1.665158e+04 -2.230596e+04 
1.374917e-02 -5.497791e+03 -1.166732e+04 -1.598029e+04 -2.133894e+04 
1.394083e-02 -5.317773e+03 -1.118342e+04 -1.532255e+04 -2.039200e+04 
1.413516e-02 -5.139724e+03 -1.070937e+04 -1.467819e+04 -1.946480e+04 
1.433219e-02 -4.963658e+03 -1.024518e+04 -1.404710e+04 -1.855704e+04 
1.453198e-02 -4.789591e+03 -9.790844e+03 -1.342916e+04 -1.766841e+04 
1.473454e-02 -4.617534e+03 -9.346336e+03 -1.282421e+04 -1.679863e+04 
1.493993e-02 -4.447506e+03 -8.911628e+03 -1.223210e+04 -1.594739e+04 
1.514819e-02 -4.279520e+03 -8.486676e+03 -1.165270e+04 -1.511440e+04 
1.535935e-02 -4.113594e+03 -8.071434e+03 -1.108587e+04 -1.429939e+04 
1.557345e-02 -3.949749e+03 -7.665841e+03 -1.053147e+04 -1.350210e+04 
1.579053e-02 -3.787999e+03 -7.269829e+03 -9.989331e+03 -1.272227e+04 
1.601064e-02 -3.628366e+03 -6.883328e+03 -9.459329e+03 -1.195965e+04 
1.623382e-02 -3.470867e+03 -6.506251e+03 -8.941327e+03 -1.121400e+04 
1.646012e-02 -3.315521e+03 -6.138508e+03 -8.435172e+03 -1.048510e+04 
1.668956e-02 -3.162345e+03 -5.780000e+03 -7.940723e+03 -9.772715e+03 
1.692220e-02 -3.011358e+03 -5.430627e+03 -7.457849e+03 -9.076650e+03 
1.715809e-02 -2.862579e+03 -5.090282e+03 -6.986408e+03 -8.396723e+03 
1.739726e-02 -2.716027e+03 -4.758855e+03 -6.526285e+03 -7.732734e+03 
1.763977e-02 -2.571720e+03 -4.436231e+03 -6.077342e+03 -7.084529e+03 
1.788566e-02 -2.429676e+03 -4.122293e+03 -5.639457e+03 -6.451936e+03 
1.813498e-02 -2.289912e+03 -3.816917e+03 -5.212516e+03 -5.834809e+03 
1.838777e-02 -2.152446e+03 -3.519980e+03 -4.796393e+03 -5.233009e+03 
1.864409e-02 -2.017292e+03 -3.231356e+03 -4.390974e+03 -4.646399e+03 
1.890397e-02 -1.884469e+03 -2.950918e+03 -3.996154e+03 -4.074864e+03 
1.916748e-02 -1.753992e+03 -2.678540e+03 -3.611829e+03 -3.518293e+03 
1.943467e-02 -1.625877e+03 -2.414092e+03 -3.237893e+03 -2.976577e+03 
1.970558e-02 -1.500137e+03 -2.157446e+03 -2.874247e+03 -2.449618e+03 
1.998026e-02 -1.376788e+03 -1.908471e+03 -2.520790e+03 -1.937323e+03 
2.025878e-02 -1.255841e+03 -1.667039e+03 -2.177430e+03 -1.439603e+03 
2.054117e-02 -1.137308e+03 -1.433021e+03 -1.844070e+03 -9.563719e+02 
2.082751e-02 -1.021202e+03 -1.206287e+03 -1.520620e+03 -4.875460e+02 
2.111783e-02 -9.075328e+02 -9.867101e+02 -1.206985e+03 -3.304448e+01 
2.141220e-02 -7.963093e+02 -7.741627e+02 -9.030765e+02 4.072153e+02 
2.171068e-02 -6.875399e+02 -5.685175e+02 -6.087995e+02 8.333164e+02 
2.201331e-02 -5.812306e+02 -3.696477e+02 -3.240626e+02 1.245343e+03 
2.232016e-02 -4.773869e+02 -1.774278e+02 -4.877089e+01 1.643382e+03 
2.263130e-02 -3.760129e+02 8.266429e+00 2.171705e+02 2.027524e+03 
2.294676e-02 -2.771119e+02 1.875581e+02 4.738582e+02 2.397863e+03 
2.326663e-02 -1.806854e+02 3.605692e+02 7.213905e+02 2.754496e+03 
2.359095e-02 -8.673400e+01 5.274211e+02 9.598712e+02 3.097533e+03 
2.391980e-02 4.743532e+00 6.882347e+02 1.189405e+03 3.427087e+03 
2.425323e-02 9.374992e+01 8.431288e+02 1.410099e+03 3.743279e+03 
2.459130e-02 1.802892e+02 9.922214e+02 1.622067e+03 4.046232e+03 
2.493409e-02 2.643668e+02 1.135630e+03 1.825423e+03 4.336084e+03 
2.528166e-02 3.459901e+02 1.273471e+03 2.020288e+03 4.612984e+03 
2.563407e-02 4.251676e+02 1.405860e+03 2.206789e+03 4.877084e+03 
2.599140e-02 5.019105e+02 1.532914e+03 2.385054e+03 5.128558e+03 
2.635371e-02 5.762315e+02 1.654749e+03 2.555226e+03 5.367585e+03 
2.672106e-02 6.481446e+02 1.771480e+03 2.717442e+03 5.594355e+03 
2.709354e-02 7.176658e+02 1.883218e+03 2.871848e+03 5.809056e+03 
2.747121e-02 7.848121e+02 1.990078e+03 3.018592e+03 6.011895e+03 
2.785414e-02 8.496037e+02 2.092174e+03 3.157832e+03 6.203105e+03 
2.824241e-02 9.120620e+02 2.189619e+03 3.289731e+03 6.382911e+03 
2.863610e-02 9.722117e+02 2.282529e+03 3.414461e+03 6.551551e+03 
2.903527e-02 1.030079e+03 2.371020e+03 3.532195e+03 6.709298e+03 
2.944000e-02 1.085693e+03 2.455206e+03 3.643111e+03 6.856407e+03 
2.985038e-02 1.139080e+03 2.535197e+03 3.747388e+03 6.993144e+03 
3.026648e-02 1.190271e+03 2.611105e+03 3.845205e+03 7.119777e+03 
3.068838e-02 1.239299e+03 2.683041e+03 3.936751e+03 7.236588e+03 
3.111616e-02 1.286199e+03 2.751121e+03 4.022224e+03 7.343888e+03 
3.154990e-02 1.331008e+03 2.815460e+03 4.101820e+03 7.441975e+03 
3.198969e-02 1.373769e+03 2.876175e+03 4.175743e+03 7.531166e+03 
3.243561e-02 1.414519e+03 2.933377e+03 4.244193e+03 7.611767e+03 
3.288774e-02 1.453301e+03 2.987178e+03 4.307371e+03 7.684105e+03 
3.334618e-02 1.490154e+03 3.037685e+03 4.365472e+03 7.748479e+03 
3.381101e-02 1.525123e+03 3.085008e+03 4.418697e+03 7.805202e+03 
3.428231e-02 1.558255e+03 3.129258e+03 4.467253e+03 7.854601e+03 
3.476019e-02 1.589598e+03 3.170553e+03 4.511353e+03 7.897030e+03 
3.524473e-02 1.619203e+03 3.209006e+03 4.551205e+03 7.932805e+03 
3.573602e-02 1.647122e+03 3.244728e+03 4.587013e+03 7.962266e+03 
3.623416e-02 1.673404e+03 3.277825e+03 4.618975e+03 7.985726e+03 
3.673925e-02 1.698099e+03 3.308405e+03 4.647294e+03 8.003522e+03 
3.725137e-02 1.721259e+03 3.336573e+03 4.672160e+03 8.015950e+03 
3.777064e-02 1.742940e+03 3.362437e+03 4.693772e+03 8.023343e+03 
3.829714e-02 1.763198e+03 3.386111e+03 4.712332e+03 8.026023e+03 
3.883098e-02 1.782092e+03 3.407707e+03 4.728045e+03 8.024336e+03 
3.937226e-02 1.799676e+03 3.427325e+03 4.741089e+03 8.018567e+03 
3.992109e-02 1.815993e+03 3.445042e+03 4.751609e+03 8.008952e+03 
4.047757e-02 1.831082e+03 3.460932e+03 4.759750e+03 7.995724e+03 
4.104181e-02 1.844985e+03 3.475066e+03 4.765648e+03 7.979129e+03 
4.161391e-02 1.857739e+03 3.487509e+03 4.769426e+03 7.959342e+03 
4.219398e-02 1.869382e+03 3.498326e+03 4.771204e+03 7.936583e+03 
4.278214e-02 1.879953e+03 3.507580e+03 4.771106e+03 7.911054e+03 
4.337850e-02 1.889490e+03 3.515340e+03 4.769256e+03 7.882974e+03 
4.398317e-02 1.898050e+03 3.521698e+03 4.765801e+03 7.852577e+03 
4.459628e-02 1.905689e+03 3.526748e+03 4.760899e+03 7.820133e+03 
4.521792e-02 1.912469e+03 3.530596e+03 4.754714e+03 7.785923e+03 
4.584824e-02 1.918448e+03 3.533344e+03 4.747405e+03 7.750222e+03 
4.648734e-02 1.923694e+03 3.535096e+03 4.739128e+03 7.713280e+03 
4.713535e-02 1.928270e+03 3.535961e+03 4.730046e+03 7.675357e+03 
4.779239e-02 1.932235e+03 3.536037e+03 4.720302e+03 7.636723e+03 
4.845859e-02 1.935597e+03 3.535327e+03 4.709914e+03 7.597401e+03 
4.913407e-02 1.938352e+03 3.533806e+03 4.698853e+03 7.557346e+03 
4.981898e-02 1.940483e+03 3.531437e+03 4.687082e+03 7.516504e+03 
5.051342e-02 1.941971e+03 3.528177e+03 4.674552e+03 7.474833e+03 
5.121755e-02 1.942787e+03 3.523962e+03 4.661180e+03 7.432197e+03 
5.193150e-02 1.942892e+03 3.518713e+03 4.646869e+03 7.388451e+03 
5.265540e-02 1.942258e+03 3.512369e+03 4.631541e+03 7.343491e+03 
5.338938e-02 1.940895e+03 3.504946e+03 4.615224e+03 7.297396e+03 
5.413360e-02 1.938819e+03 3.496462e+03 4.597937e+03 7.250202e+03 
5.488820e-02 1.936044e+03 3.486934e+03 4.579704e+03 7.201959e+03 
5.565331e-02 1.932584e+03 3.476381e+03 4.560543e+03 7.152719e+03 
5.642908e-02 1.928453e+03 3.464825e+03 4.540491e+03 7.102570e+03 
5.721568e-02 1.923659e+03 3.452270e+03 4.519537e+03 7.051501e+03 
5.801323e-02 1.918191e+03 3.438690e+03 4.497643e+03 6.999460e+03 
5.882190e-02 1.912025e+03 3.424037e+03 4.474740e+03 6.946364e+03 
5.964185e-02 1.905136e+03 3.408267e+03 4.450767e+03 6.892148e+03 
6.047322e-02 1.897489e+03 3.391309e+03 4.425618e+03 6.836641e+03 
6.131619e-02 1.889048e+03 3.373092e+03 4.399188e+03 6.779702e+03 
6.217090e-02 1.879776e+03 3.353551e+03 4.371383e+03 6.721203e+03 
6.303753e-02 1.869664e+03 3.332671e+03 4.342177e+03 6.661132e+03 
6.391624e-02 1.858703e+03 3.310428e+03 4.311521e+03 6.599411e+03 
6.480720e-02 1.846885e+03 3.286805e+03 4.279380e+03 6.535996e+03 
6.571058e-02 1.834200e+03 3.261784e+03 4.245718e+03 6.470853e+03 
6.662655e-02 1.820637e+03 3.235350e+03 4.210503e+03 6.403955e+03 
6.755528e-02 1.806197e+03 3.207493e+03 4.173704e+03 6.335245e+03 
6.849697e-02 1.790885e+03 3.178225e+03 4.135320e+03 6.264729e+03 
6.945178e-02 1.774710e+03 3.147562e+03 4.095359e+03 6.192435e+03 
7.041990e-02 1.757680e+03 3.115520e+03 4.053827e+03 6.118381e+03 
7.140151e-02 1.739805e+03 3.082110e+03 4.010716e+03 6.042544e+03 
7.239681e-02 1.721120e+03 3.047390e+03 3.966088e+03 5.965018e+03 
7.340598e-02 1.701673e+03 3.011452e+03 3.920047e+03 5.885972e+03 
7.442922e-02 1.681520e+03 2.974391e+03 3.872701e+03 5.805567e+03 
7.546673e-02 1.660720e+03 2.936304e+03 3.824155e+03 5.723944e+03 
7.651869e-02 1.639337e+03 2.897303e+03 3.774542e+03 5.641298e+03 
7.758532e-02 1.617449e+03 2.857529e+03 3.724031e+03 5.557889e+03 
7.866682e-02 1.595139e+03 2.817122e+03 3.672793e+03 5.473956e+03 
7.976339e-02 1.572497e+03 2.776235e+03 3.621005e+03 5.389749e+03 
8.087525e-02 1.549619e+03 2.735032e+03 3.568870e+03 5.305557e+03 
8.200261e-02 1.526589e+03 2.693665e+03 3.516578e+03 5.221668e+03 
8.314568e-02 1.503483e+03 2.652260e+03 3.464279e+03 5.138281e+03 
8.430468e-02 1.480383e+03 2.610953e+03 3.412138e+03 5.055621e+03 
8.547985e-02 1.457374e+03 2.569891e+03 3.360336e+03 4.973939e+03 
8.667139e-02 1.434530e+03 2.529208e+03 3.309047e+03 4.893500e+03 
8.787954e-02 1.411914e+03 2.489002e+03 3.258388e+03 4.814442e+03 
8.910453e-02 1.389589e+03 2.449382e+03 3.208488e+03 4.736941e+03 
9.034660e-02 1.367623e+03 2.410458e+03 3.159490e+03 4.661189e+03 
9.160598e-02 1.346074e+03 2.372340e+03 3.111536e+03 4.587405e+03 
9.288292e-02 1.324993e+03 2.335104e+03 3.064719e+03 4.515687e+03 
9.417766e-02 1.304433e+03 2.298837e+03 3.019147e+03 4.446181e+03 
9.549045e-02 1.284444e+03 2.263625e+03 2.974928e+03 4.379033e+03 
9.682153e-02 1.265059e+03 2.229527e+03 2.932149e+03 4.314382e+03 
9.817117e-02 1.246300e+03 2.196572e+03 2.890838e+03 4.252228e+03 
9.953962e-02 1.228187e+03 2.164793e+03 2.851038e+03 4.192626e+03 
1.009272e-01 1.210717e+03 2.134180e+03 2.812735e+03 4.135545e+03 
1.023340e-01 1.193850e+03 2.104667e+03 2.775849e+03 4.080870e+03 
1.037605e-01 1.177530e+03 2.076151e+03 2.740239e+03 4.028357e+03 
1.052069e-01 1.161701e+03 2.048526e+03 2.705763e+03 3.977788e+03 
1.066734e-01 1.146285e+03 2.021663e+03 2.672254e+03 3.928900e+03 
1.081604e-01 1.131183e+03 1.995391e+03 2.639491e+03 3.881367e+03 
1.096681e-01 1.116280e+03 1.969504e+03 2.607192e+03 3.834739e+03 
1.111968e-01 1.101450e+03 1.943781e+03 2.575067e+03 3.788565e+03 
1.127468e-01 1.086582e+03 1.918032e+03 2.542863e+03 3.742460e+03 
1.143184e-01 1.071592e+03 1.892114e+03 2.510394e+03 3.696135e+03 
1.159120e-01 1.056389e+03 1.865866e+03 2.477436e+03 3.649226e+03 
1.175277e-01 1.040882e+03 1.839123e+03 2.443771e+03 3.601388e+03 
1.191660e-01 1.025018e+03 1.811803e+03 2.409289e+03 3.552446e+03 
1.208271e-01 1.008784e+03 1.783877e+03 2.373951e+03 3.502325e+03 
1.225114e-01 9.921578e+02 1.755307e+03 2.337697e+03 3.450910e+03 
1.242191e-01 9.751330e+02 1.726074e+03 2.300505e+03 3.398147e+03 
1.259506e-01 9.577328e+02 1.696225e+03 2.262436e+03 3.344123e+03 
1.277063e-01 9.399887e+02 1.665811e+03 2.223556e+03 3.288922e+03 
1.294865e-01 9.219365e+02 1.634889e+03 2.183938e+03 3.232628e+03 
1.312915e-01 9.036404e+02 1.603567e+03 2.143724e+03 3.175449e+03 
1.331216e-01 8.851855e+02 1.571996e+03 2.103121e+03 3.117694e+03 
1.349772e-01 8.666621e+02 1.540327e+03 2.062331e+03 3.059656e+03 
1.368587e-01 8.481701e+02 1.508727e+03 2.021575e+03 3.001661e+03 
1.387665e-01 8.298202e+02 1.477386e+03 1.981109e+03 2.944094e+03 
1.407008e-01 8.117329e+02 1.446516e+03 1.941225e+03 2.887405e+03 
1.426621e-01 7.940094e+02 1.416285e+03 1.902148e+03 2.831931e+03 
1.446507e-01 7.767238e+02 1.386818e+03 1.864047e+03 2.777927e+03 
1.466671e-01 7.599524e+02 1.358246e+03 1.827100e+03 2.725664e+03 
1.487115e-01 7.437530e+02 1.330671e+03 1.791455e+03 2.675381e+03 
1.507845e-01 7.281534e+02 1.304138e+03 1.757167e+03 2.627158e+03 
1.528864e-01 7.131795e+02 1.278687e+03 1.724298e+03 2.581089e+03 
1.550175e-01 6.988416e+02 1.254335e+03 1.692872e+03 2.537218e+03 
1.571784e-01 6.851365e+02 1.231085e+03 1.662899e+03 2.495566e+03 
1.593694e-01 6.720492e+02 1.208900e+03 1.634331e+03 2.456061e+03 
1.615909e-01 6.595277e+02 1.187691e+03 1.607051e+03 2.418521e+03 
1.638434e-01 6.475002e+02 1.167335e+03 1.580895e+03 2.382694e+03 
1.661273e-01 6.358791e+02 1.147684e+03 1.555667e+03 2.348281e+03 
1.684430e-01 6.245414e+02 1.128521e+03 1.531071e+03 2.314812e+03 
1.707910e-01 6.133559e+02 1.109616e+03 1.506800e+03 2.281801e+03 
1.731717e-01 6.022211e+02 1.090797e+03 1.482617e+03 2.248872e+03 
1.755856e-01 5.910542e+02 1.071922e+03 1.458331e+03 2.215718e+03 
1.780332e-01 5.797874e+02 1.052867e+03 1.433775e+03 2.182062e+03 
1.805149e-01 5.684033e+02 1.033603e+03 1.408904e+03 2.147827e+03 
1.830312e-01 5.568948e+02 1.014117e+03 1.383701e+03 2.112976e+03 
1.855825e-01 5.452770e+02 9.944356e+02 1.358204e+03 2.077561e+03 
1.881694e-01 5.335735e+02 9.745961e+02 1.332460e+03 2.041651e+03 
1.907924e-01 5.218208e+02 9.546609e+02 1.306552e+03 2.005377e+03 
1.934520e-01 5.100675e+02 9.347146e+02 1.280598e+03 1.968916e+03 
1.961486e-01 4.983775e+02 9.148683e+02 1.254750e+03 1.932508e+03 
1.988828e-01 4.868375e+02 8.952694e+02 1.229207e+03 1.896478e+03 
2.016551e-01 4.755366e+02 8.760719e+02 1.204183e+03 1.861167e+03 
2.044661e-01 4.645522e+02 8.574115e+02 1.179863e+03 1.826875e+03 
2.073162e-01 4.539500e+02 8.394022e+02 1.156405e+03 1.793858e+03 
2.102061e-01 4.437540e+02 8.220839e+02 1.133866e+03 1.762216e+03 
2.131362e-01 4.339740e+02 8.054739e+02 1.112270e+03 1.731994e+03 
2.161073e-01 4.245957e+02 7.895492e+02 1.091587e+03 1.703141e+03 
2.191197e-01 4.155907e+02 7.742602e+02 1.071750e+03 1.675557e+03 
2.221741e-01 4.069116e+02 7.595239e+02 1.052647e+03 1.649065e+03 
2.252711e-01 3.985038e+02 7.452455e+02 1.034149e+03 1.623459e+03 
2.284112e-01 3.903089e+02 7.313254e+02 1.016117e+03 1.598505e+03 
2.315951e-01 3.822669e+02 7.176582e+02 9.984072e+02 1.573976e+03 
2.348235e-01 3.743251e+02 7.041519e+02 9.808941e+02 1.549667e+03 
2.380968e-01 3.664446e+02 6.907385e+02 9.634831e+02 1.525421e+03 
2.414157e-01 3.586071e+02 6.773876e+02 9.461294e+02 1.501154e+03 
2.447809e-01 3.508037e+02 6.640823e+02 9.288113e+02 1.476835e+03 
2.481930e-01 3.430360e+02 6.508255e+02 9.115329e+02 1.452475e+03 
2.516527e-01 3.353146e+02 6.376350e+02 8.943184e+02 1.428112e+03 
2.551606e-01 3.276632e+02 6.245535e+02 8.772239e+02 1.403824e+03 
2.587174e-01 3.201265e+02 6.116580e+02 8.603591e+02 1.379808e+03 
2.623238e-01 3.127556e+02 5.990379e+02 8.438483e+02 1.356273e+03 
2.659804e-01 3.055990e+02 5.867782e+02 8.278103e+02 1.333418e+03 
2.696881e-01 2.986806e+02 5.749204e+02 8.122998e+02 1.311322e+03 
2.734474e-01 2.919996e+02 5.634638e+02 7.973202e+02 1.290011e+03 
2.772591e-01 2.855361e+02 5.523741e+02 7.828245e+02 1.269407e+03 
2.811239e-01 2.792699e+02 5.416162e+02 7.687642e+02 1.249431e+03 
2.850426e-01 2.731846e+02 5.311614e+02 7.550964e+02 1.230002e+03 
2.890160e-01 2.672644e+02 5.209827e+02 7.417880e+02 1.211080e+03 
2.930447e-01 2.614816e+02 5.110323e+02 7.287723e+02 1.192554e+03 
2.971296e-01 2.558029e+02 5.012517e+02 7.159675e+02 1.174285e+03 
3.012714e-01 2.502038e+02 4.915981e+02 7.033110e+02 1.156162e+03 
3.054710e-01 2.446755e+02 4.820570e+02 6.907864e+02 1.138168e+03 
3.097291e-01 2.392261e+02 4.726425e+02 6.784137e+02 1.120339e+03 
3.140465e-01 2.338731e+02 4.633852e+02 6.662343e+02 1.102742e+03 
3.184242e-01 2.286277e+02 4.543042e+02 6.542735e+02 1.085414e+03 
3.228628e-01 2.234956e+02 4.454109e+02 6.425510e+02 1.068404e+03 
3.273634e-01 2.184861e+02 4.367219e+02 6.310906e+02 1.051751e+03 
3.319266e-01 2.136145e+02 4.282630e+02 6.199265e+02 1.035509e+03 
3.365535e-01 2.088879e+02 4.200471e+02 6.090771e+02 1.019711e+03 
3.412449e-01 2.042995e+02 4.120634e+02 5.985304e+02 1.004346e+03 
3.460016e-01 1.998337e+02 4.042849e+02 5.882489e+02 9.893535e+02 
3.508247e-01 1.954751e+02 3.966836e+02 5.781908e+02 9.746545e+02 
3.557150e-01 1.912143e+02 3.892437e+02 5.683351e+02 9.602175e+02 
3.606735e-01 1.870445e+02 3.819540e+02 5.586688e+02 9.460287e+02 
3.657011e-01 1.829589e+02 3.748033e+02 5.491762e+02 9.320630e+02 
3.707988e-01 1.789536e+02 3.677831e+02 5.398426e+02 9.182876e+02 
3.759675e-01 1.750316e+02 3.608994e+02 5.306787e+02 9.047271e+02 
3.812083e-01 1.712007e+02 3.541675e+02 5.217076e+02 8.914275e+02 
3.865221e-01 1.674639e+02 3.475925e+02 5.129373e+02 8.784040e+02 
3.919100e-01 1.638186e+02 3.411680e+02 5.043556e+02 8.656270e+02 
3.973730e-01 1.602650e+02 3.348958e+02 4.959677e+02 8.531149e+02 
4.029122e-01 1.568048e+02 3.287797e+02 4.877810e+02 8.408842e+02 
4.085286e-01 1.534345e+02 3.228143e+02 4.797878e+02 8.289235e+02 
4.142232e-01 1.501461e+02 3.169824e+02 4.719607e+02 8.171771e+02 
4.199973e-01 1.469302e+02 3.112703e+02 4.642837e+02 8.056287e+02 
4.258518e-01 1.437880e+02 3.056806e+02 4.567619e+02 7.942897e+02 
4.317880e-01 1.407213e+02 3.002164e+02 4.493999e+02 7.831696e+02 
4.378069e-01 1.377240e+02 2.948646e+02 4.421755e+02 7.722208e+02 
4.439097e-01 1.347955e+02 2.896270e+02 4.350957e+02 7.614676e+02 
4.500975e-01 1.319390e+02 2.845091e+02 4.281688e+02 7.509259e+02 
4.563716e-01 1.291563e+02 2.795143e+02 4.213994e+02 7.406037e+02 
4.627332e-01 1.264401e+02 2.746272e+02 4.147631e+02 7.304521e+02 
4.691835e-01 1.237891e+02 2.698483e+02 4.082645e+02 7.204902e+02 
4.757236e-01 1.212053e+02 2.651817e+02 4.019098e+02 7.107293e+02 
4.823549e-01 1.186837e+02 2.606177e+02 3.956851e+02 7.011454e+02 
4.890787e-01 1.162190e+02 2.561455e+02 3.895730e+02 6.917046e+02 
4.958962e-01 1.138128e+02 2.517704e+02 3.835845e+02 6.824341e+02 
5.028087e-01 1.114666e+02 2.474952e+02 3.777237e+02 6.733420e+02 
5.098176e-01 1.091754e+02 2.433102e+02 3.719765e+02 6.644030e+02 
5.169242e-01 1.069391e+02 2.392143e+02 3.663399e+02 6.556100e+02 
5.241298e-01 1.047581e+02 2.352104e+02 3.608211e+02 6.469816e+02 
5.314359e-01 1.026296e+02 2.312933e+02 3.554132e+02 6.385070e+02 
5.388438e-01 1.005510e+02 2.274579e+02 3.501076e+02 6.301700e+02 
5.463550e-01 9.852299e+01 2.237047e+02 3.449049e+02 6.219716e+02 
5.539709e-01 9.654414e+01 2.200329e+02 3.398063e+02 6.139183e+02 
5.616930e-01 9.461026e+01 2.164355e+02 3.348019e+02 6.059946e+02 
5.695227e-01 9.272363e+01 2.129150e+02 3.298944e+02 5.982026e+02 
5.774615e-01 9.088227e+01 2.094682e+02 3.250794e+02 5.905362e+02 
5.855110e-01 8.908340e+01 2.060915e+02 3.203537e+02 5.829935e+02 
5.936727e-01 8.732867e+01 2.027880e+02 3.157213e+02 5.755820e+02 
6.019482e-01 8.561559e+01 1.995518e+02 3.111734e+02 5.682841e+02 
6.103390e-01 8.394142e+01 1.963788e+02 3.067048e+02 5.610939e+02 
6.188468e-01 8.230823e+01 1.932737e+02 3.023231e+02 5.540259e+02 
6.274732e-01 8.071274e+01 1.902307e+02 2.980205e+02 5.470679e+02 
6.362198e-01 7.915456e+01 1.872477e+02 2.937927e+02 5.402107e+02 
6.450884e-01 7.763419e+01 1.843265e+02 2.896435e+02 5.334625e+02 
6.540806e-01 7.614795e+01 1.814615e+02 2.855658e+02 5.268137e+02 
6.631981e-01 7.469703e+01 1.786549e+02 2.815626e+02 5.202692e+02 
6.724427e-01 7.328020e+01 1.759028e+02 2.776274e+02 5.138165e+02 
6.818162e-01 7.189631e+01 1.732045e+02 2.737608e+02 5.074589e+02 
6.913204e-01 7.054437e+01 1.705589e+02 2.699614e+02 5.011953e+02 
7.009570e-01 6.922330e+01 1.679643e+02 2.662268e+02 4.950221e+02 
7.107280e-01 6.793230e+01 1.654173e+02 2.625517e+02 4.889288e+02 
7.206351e-01 6.667088e+01 1.629189e+02 2.589387e+02 4.829219e+02 
7.306804e-01 6.543839e+01 1.604683e+02 2.553864e+02 4.769999e+02 
7.408657e-01 6.423407e+01 1.580639e+02 2.518933e+02 4.711604e+02 
7.511929e-01 6.305708e+01 1.557029e+02 2.484543e+02 4.653936e+02 
7.616642e-01 6.190671e+01 1.533858e+02 2.450713e+02 4.597051e+02 
7.722814e-01 6.078207e+01 1.511109e+02 2.417425e+02 4.540918e+02 
7.830465e-01 5.968239e+01 1.488769e+02 2.384656e+02 4.485505e+02 
7.939618e-01 5.860701e+01 1.466818e+02 2.352373e+02 4.430747e+02 
8.050292e-01 5.755541e+01 1.445257e+02 2.320591e+02 4.376685e+02 
8.162509e-01 5.652691e+01 1.424077e+02 2.289295e+02 4.323299e+02 
8.276289e-01 5.552095e+01 1.403265e+02 2.258467e+02 4.270555e+02 
8.391656e-01 5.453687e+01 1.382803e+02 2.228081e+02 4.218411e+02 
8.508632e-01 5.357422e+01 1.362695e+02 2.198148e+02 4.166892e+02 
8.627237e-01 5.263240e+01 1.342931e+02 2.168653e+02 4.115979e+02 
8.747496e-01 5.171087e+01 1.323497e+02 2.139580e+02 4.065639e+02 
8.869432e-01 5.080904e+01 1.304381e+02 2.110909e+02 4.015845e+02 
8.993067e-01 4.992645e+01 1.285582e+02 2.082644e+02 3.966610e+02 
9.118425e-01 4.906259e+01 1.267093e+02 2.054776e+02 3.917917e+02 
9.245531e-01 4.821692e+01 1.248900e+02 2.027284e+02 3.869736e+02 
9.374409e-01 4.738888e+01 1.230994e+02 2.000159e+02 3.822046e+02 
9.505083e-01 4.657807e+01 1.213372e+02 1.973398e+02 3.774855e+02 
9.637579e-01 4.578406e+01 1.196029e+02 1.946994e+02 3.728149e+02 
9.771921e-01 4.500633e+01 1.178952e+02 1.920929e+02 3.681898e+02 
9.908137e-01 4.424440e+01 1.162133e+02 1.895195e+02 3.636093e+02 
1.004625e+00 4.349796e+01 1.145573e+02 1.869792e+02 3.590734e+02 
1.018629e+00 4.276662e+01 1.129263e+02 1.844712e+02 3.545810e+02 
1.032828e+00 4.204983e+01 1.113191e+02 1.819936e+02 3.501294e+02 
1.047225e+00 4.134721e+01 1.097354e+02 1.795462e+02 3.457179e+02 
1.061823e+00 4.065851e+01 1.081750e+02 1.771288e+02 3.413468e+02 
1.076624e+00 3.998338e+01 1.066373e+02 1.747408e+02 3.370146e+02 
1.091632e+00 3.932129e+01 1.051212e+02 1.723803e+02 3.327191e+02 
1.106848e+00 3.867200e+01 1.036263e+02 1.700475e+02 3.284605e+02 
1.122277e+00 3.803529e+01 1.021526e+02 1.677421e+02 3.242381e+02 
1.137921e+00 3.741081e+01 1.006997e+02 1.654634e+02 3.200513e+02 
1.153783e+00 3.679805e+01 9.926617e+01 1.632099e+02 3.158976e+02 
1.169866e+00 3.619686e+01 9.785226e+01 1.609818e+02 3.117777e+02 
1.186174e+00 3.560700e+01 9.645758e+01 1.587788e+02 3.076907e+02 
1.202708e+00 3.502816e+01 9.508168e+01 1.566003e+02 3.036360e+02 
1.219473e+00 3.445983e+01 9.372347e+01 1.544447e+02 2.996118e+02 
1.236472e+00 3.390195e+01 9.238319e+01 1.523126e+02 2.956185e+02 
1.253708e+00 3.335426e+01 9.106045e+01 1.502036e+02 2.916556e+02 
1.271184e+00 3.281643e+01 8.975473e+01 1.481168e+02 2.877221e+02 
1.288904e+00 3.228807e+01 8.846523e+01 1.460514e+02 2.838170e+02 
1.306870e+00 3.176983e+01 8.719217e+01 1.440076e+02 2.799407e+02 
1.325087e+00 3.125942e+01 8.593519e+01 1.419852e+02 2.760925e+02 
1.343558e+00 3.075864e+01 8.469384e+01 1.399833e+02 2.722719e+02 
1.362287e+00 3.026648e+01 8.346756e+01 1.380016e+02 2.684782e+02 
1.381276e+00 2.978288e+01 8.225643e+01 1.360399e+02 2.647115e+02 
1.400531e+00 2.930760e+01 8.106010e+01 1.340980e+02 2.609714e+02 
1.420053e+00 2.884038e+01 7.987815e+01 1.321755e+02 2.572573e+02 
1.439848e+00 2.838098e+01 7.871017e+01 1.302717e+02 2.535691e+02 
1.459919e+00 2.792932e+01 7.755617e+01 1.283867e+02 2.499067e+02 
1.480269e+00 2.748521e+01 7.641586e+01 1.265202e+02 2.462698e+02 
1.500903e+00 2.704838e+01 7.528887e+01 1.246718e+02 2.426581e+02 
1.521825e+00 2.661868e+01 7.417493e+01 1.228412e+02 2.390716e+02 
1.543038e+00 2.619600e+01 7.307396e+01 1.210284e+02 2.355101e+02 
1.564548e+00 2.578016e+01 7.198574e+01 1.192330e+02 2.319736e+02 
1.586357e+00 2.537094e+01 7.090993e+01 1.174547e+02 2.284620e+02 
1.608469e+00 2.496825e+01 6.984637e+01 1.156935e+02 2.249753e+02 
1.630891e+00 2.457195e+01 6.879496e+01 1.139490e+02 2.215136e+02 
1.653624e+00 2.418193e+01 6.775553e+01 1.122214e+02 2.180767e+02 
1.676675e+00 2.379797e+01 6.672775e+01 1.105100e+02 2.146648e+02 
1.700047e+00 2.341997e+01 6.571150e+01 1.088149e+02 2.112779e+02 
1.723745e+00 2.304779e+01 6.470668e+01 1.071360e+02 2.079163e+02 
1.747773e+00 2.268134e+01 6.371311e+01 1.054730e+02 2.045815e+02 
1.772136e+00 2.232041e+01 6.273055e+01 1.038259e+02 2.012704e+02 
1.796838e+00 2.196496e+01 6.175891e+01 1.021944e+02 1.979849e+02 
1.821885e+00 2.161488e+01 6.079810e+01 1.005785e+02 1.947253e+02 
1.847281e+00 2.127006e+01 5.984798e+01 9.897824e+01 1.914916e+02 
1.873032e+00 2.093033e+01 5.890830e+01 9.739322e+01 1.882840e+02 
1.899141e+00 2.059560e+01 5.797901e+01 9.582348e+01 1.851028e+02 
1.925614e+00 2.026578e+01 5.706002e+01 9.426896e+01 1.819483e+02 
1.952456e+00 1.994096e+01 5.615121e+01 9.272955e+01 1.788208e+02 
1.979672e+00 1.962067e+01 5.525238e+01 9.120514e+01 1.757203e+02 
2.007267e+00 1.930506e+01 5.436353e+01 8.969571e+01 1.726474e+02 
2.035248e+00 1.899400e+01 5.348454e+01 8.820122e+01 1.696023e+02 
2.063618e+00 1.868743e+01 5.261531e+01 8.672159e+01 1.665851e+02 
2.092383e+00 1.838518e+01 5.175568e+01 8.525672e+01 1.635963e+02 
2.121550e+00 1.808723e+01 5.090561e+01 8.380663e+01 1.606361e+02 
2.151123e+00 1.779338e+01 5.006504e+01 8.237127e+01 1.577049e+02 
2.181109e+00 1.750382e+01 4.923385e+01 8.095060e+01 1.548029e+02 
2.211512e+00 1.721828e+01 4.841195e+01 7.954459e+01 1.519306e+02 
2.242340e+00 1.693676e+01 4.759928e+01 7.815323e+01 1.490880e+02 
2.273597e+00 1.665917e+01 4.679581e+01 7.677650e+01 1.462756e+02 
2.305289e+00 1.638545e+01 4.600141e+01 7.541439e+01 1.434937e+02 
2.337424e+00 1.611549e+01 4.521602e+01 7.406686e+01 1.407425e+02 
2.370006e+00 1.584928e+01 4.443959e+01 7.273393e+01 1.380222e+02 
2.403043e+00 1.558674e+01 4.367207e+01 7.141560e+01 1.353332e+02 
2.436540e+00 1.532782e+01 4.291337e+01 7.011185e+01 1.326758e+02 
2.470504e+00 1.507243e+01 4.216345e+01 6.882270e+01 1.300501e+02 
2.504942e+00 1.482057e+01 4.142226e+01 6.754814e+01 1.274564e+02 
2.539859e+00 1.457216e+01 4.068975e+01 6.628818e+01 1.248950e+02 
2.575263e+00 1.432712e+01 3.996584e+01 6.504282e+01 1.223660e+02 
2.611161e+00 1.408543e+01 3.925052e+01 6.381208e+01 1.198696e+02 
2.647559e+00 1.384704e+01 3.854371e+01 6.259596e+01 1.174060e+02 
2.684465e+00 1.361189e+01 3.784538e+01 6.139447e+01 1.149753e+02 
2.721885e+00 1.337995e+01 3.715548e+01 6.020763e+01 1.125777e+02 
2.759826e+00 1.315115e+01 3.647396e+01 5.903544e+01 1.102133e+02 
2.798297e+00 1.292547e+01 3.580132e+01 5.787791e+01 1.078822e+02 
2.837304e+00 1.270287e+01 3.513647e+01 5.673506e+01 1.055847e+02 
2.876854e+00 1.248328e+01 3.447989e+01 5.560686e+01 1.033205e+02 
2.916956e+00 1.226669e+01 3.383156e+01 5.449336e+01 1.010898e+02 
2.957617e+00 1.205305e+01 3.319142e+01 5.339455e+01 9.889270e+01 
2.998844e+00 1.184233e+01 3.255943e+01 5.231042e+01 9.672922e+01 
3.040646e+00 1.163447e+01 3.193556e+01 5.124098e+01 9.459929e+01 
3.083031e+00 1.142945e+01 3.131979e+01 5.018622e+01 9.250281e+01 
3.126007e+00 1.122724e+01 3.071208e+01 4.914615e+01 9.043990e+01 
3.169582e+00 1.102790e+01 3.011239e+01 4.812074e+01 8.841044e+01 
3.213764e+00 1.083119e+01 2.952069e+01 4.710999e+01 8.641436e+01 
3.258562e+00 1.063718e+01 2.893697e+01 4.611389e+01 8.445156e+01 
3.303985e+00 1.044585e+01 2.836116e+01 4.513241e+01 8.252193e+01 
3.350041e+00 1.025717e+01 2.779325e+01 4.416554e+01 8.062535e+01 
3.396739e+00 1.007109e+01 2.723320e+01 4.321175e+01 7.876167e+01 
3.444087e+00 9.887605e+00 2.668100e+01 4.227400e+01 7.693074e+01 
3.492096e+00 9.706671e+00 2.613659e+01 4.135076e+01 7.513237e+01 
3.540774e+00 9.528265e+00 2.559995e+01 4.044198e+01 7.336640e+01 
3.590130e+00 9.352353e+00 2.507105e+01 3.954762e+01 7.163261e+01 
3.640175e+00 9.178915e+00 2.459374e+01 3.866765e+01 6.993078e+01 
3.690917e+00 9.007924e+00 2.403633e+01 3.780200e+01 6.826070e+01 
3.742366e+00 8.839353e+00 2.353044e+01 3.695060e+01 6.662212e+01 
3.794533e+00 8.673173e+00 2.303215e+01 3.611338e+01 6.501478e+01 
3.847427e+00 8.509365e+00 2.254143e+01 3.529031e+01 6.343840e+01 
3.901058e+00 8.347902e+00 2.205825e+01 3.448128e+01 6.189274e+01 
3.955436e+00 8.188760e+00 2.158255e+01 3.368623e+01 6.037749e+01 
4.010573e+00 8.031915e+00 2.111432e+01 3.290507e+01 5.889236e+01 
4.066478e+00 7.877343e+00 2.065350e+01 3.213772e+01 5.743705e+01 
4.123163e+00 7.725025e+00 2.020005e+01 3.138409e+01 5.601121e+01 
4.180637e+00 7.574936e+00 1.975394e+01 3.064408e+01 5.461456e+01 
4.238913e+00 7.427052e+00 1.931513e+01 2.991759e+01 5.324674e+01 
4.298001e+00 7.281352e+00 1.888356e+01 2.920453e+01 5.190742e+01 
4.357913e+00 7.137818e+00 1.845920e+01 2.850476e+01 5.059626e+01 
4.418660e+00 6.996426e+00 1.804200e+01 2.781819e+01 4.931289e+01 
4.480254e+00 6.857153e+00 1.763191e+01 2.714470e+01 4.805697e+01 
4.542706e+00 6.719984e+00 1.722887e+01 2.648418e+01 4.682813e+01 
4.606029e+00 6.584893e+00 1.683285e+01 2.583649e+01 4.562599e+01 
4.670234e+00 6.451862e+00 1.644329e+01 2.520152e+01 4.445020e+01 
4.735335e+00 6.320871e+00 1.606114e+01 2.457913e+01 4.330041e+01 
4.801343e+00 6.191901e+00 1.568585e+01 2.396918e+01 4.217612e+01 
4.868271e+00 6.064932e+00 1.531735e+01 2.337155e+01 4.107706e+01 
4.936132e+00 5.939943e+00 1.495607e+01 2.278611e+01 4.000281e+01 
5.004939e+00 5.816915e+00 1.460098e+01 2.221268e+01 3.895299e+01 
5.074705e+00 5.695832e+00 1.425252e+01 2.165116e+01 3.792721e+01 
5.145444e+00 5.576671e+00 1.391061e+01 2.110138e+01 3.692508e+01 
5.217169e+00 5.459417e+00 1.357520e+01 2.056319e+01 3.594619e+01 
5.289893e+00 5.344049e+00 1.324621e+01 2.003646e+01 3.499016e+01 
5.363631e+00 5.230549e+00 1.292359e+01 1.952204e+01 3.405661e+01 
5.438397e+00 5.118899e+00 1.260729e+01 1.901774e+01 3.314515e+01 
5.514206e+00 5.009033e+00 1.229720e+01 1.852445e+01 3.225536e+01 
5.591071e+00 4.901030e+00 1.199328e+01 1.804199e+01 3.138687e+01 
5.669007e+00 4.794867e+00 1.169546e+01 1.757021e+01 3.053929e+01 
5.748030e+00 4.690434e+00 1.140366e+01 1.710896e+01 2.971224e+01 
5.828155e+00 4.587762e+00 1.111782e+01 1.665807e+01 2.890531e+01 
5.909396e+00 4.486832e+00 1.083785e+01 1.621654e+01 2.811814e+01 
5.991770e+00 4.387626e+00 1.056369e+01 1.578594e+01 2.735039e+01 
6.075292e+00 4.290127e+00 1.029527e+01 1.536522e+01 2.660157e+01 
6.159978e+00 4.194317e+00 1.003251e+01 1.495423e+01 2.587132e+01 
6.245845e+00 4.100178e+00 9.775327e+00 1.455281e+01 2.515935e+01 
6.332908e+00 4.007694e+00 9.523657e+00 1.416156e+01 2.446526e+01 
6.421186e+00 3.916845e+00 9.277420e+00 1.377877e+01 2.378867e+01 
6.510694e+00 3.827616e+00 9.036105e+00 1.340509e+01 2.312922e+01 
6.601449e+00 3.739990e+00 8.800506e+00 1.304039e+01 2.248656e+01 
6.693470e+00 3.653947e+00 8.570535e+00 1.268434e+01 2.186031e+01 
6.786773e+00 3.569472e+00 8.345254e+00 1.233693e+01 2.125015e+01 
6.881377e+00 3.486546e+00 8.125024e+00 1.199804e+01 2.065570e+01 
6.977300e+00 3.405154e+00 7.909763e+00 1.166742e+01 2.007666e+01 
7.074559e+00 3.325276e+00 7.699391e+00 1.134494e+01 1.951230e+01 
7.173175e+00 3.246896e+00 7.493832e+00 1.103043e+01 1.896299e+01 
7.273165e+00 3.169997e+00 7.293008e+00 1.072377e+01 1.842806e+01 
7.374549e+00 3.094562e+00 7.096838e+00 1.042424e+01 1.790719e+01 
7.477346e+00 3.020572e+00 6.904858e+00 1.013278e+01 1.740005e+01 
7.581576e+00 2.948010e+00 6.717774e+00 9.848710e+00 1.690585e+01 
7.687260e+00 2.876860e+00 6.535490e+00 9.571859e+00 1.642569e+01 
7.794416e+00 2.807104e+00 6.357168e+00 9.302084e+00 1.595814e+01 
7.903066e+00 2.738724e+00 6.183116e+00 9.039237e+00 1.550280e+01 
8.013230e+00 2.671705e+00 6.013255e+00 8.783171e+00 1.505965e+01 
8.124930e+00 2.606011e+00 5.847511e+00 8.533718e+00 1.462842e+01 
8.238187e+00 2.541657e+00 5.685805e+00 8.290816e+00 1.420884e+01 
8.353023e+00 2.478605e+00 5.528065e+00 8.054241e+00 1.380057e+01 
8.469460e+00 2.416867e+00 5.374213e+00 7.823881e+00 1.340337e+01 
8.587519e+00 2.356381e+00 5.224176e+00 7.599602e+00 1.301698e+01 
8.707225e+00 2.297151e+00 5.077576e+00 7.381265e+00 1.264112e+01 
8.828599e+00 2.239156e+00 4.935253e+00 7.168737e+00 1.227553e+01 
8.951665e+00 2.182382e+00 4.796220e+00 6.961886e+00 1.191994e+01 
9.076446e+00 2.126792e+00 4.660710e+00 6.760586e+00 1.157498e+01 
9.202967e+00 2.072414e+00 4.528652e+00 6.564702e+00 1.123782e+01 
9.331251e+00 2.019208e+00 4.399975e+00 6.374111e+00 1.091081e+01 
9.461324e+00 1.967135e+00 4.274609e+00 6.189007e+00 1.059282e+01 
9.593209e+00 1.916197e+00 4.152485e+00 6.008283e+00 1.028366e+01 
9.726934e+00 1.866376e+00 4.033535e+00 5.832909e+00 9.983081e+00 
9.862522e+00 1.817653e+00 3.917689e+00 5.662216e+00 9.690861e+00 
1.000000e+01 1.770010e+00 3.804881e+00 5.496263e+00 9.406801e+00 
