1.000000000000000021e-02 5.770363646106678971e+03 1.054082287005179205e+04 1.425551138942178659e+04 2.283345583352562971e+04
1.013938999999999986e-02 5.798800108526602344e+03 1.059230197393205162e+04 1.432434233295515696e+04 2.292226103585057353e+04
1.028073000000000008e-02 5.826688888878051330e+03 1.064279701842027680e+04 1.439185426947968517e+04 2.300845321834969582e+04
1.042404000000000074e-02 5.854028467890849242e+03 1.069232887853846114e+04 1.445806943481511371e+04 2.309191929209345835e+04
1.056934999999999993e-02 5.880801064688185761e+03 1.074086743528640909e+04 1.452294882095865614e+04 2.317271182106620108e+04
1.071667999999999926e-02 5.906966548524206701e+03 1.078827051005434805e+04 1.458632097398993392e+04 2.325076496346329805e+04
1.086606000000000030e-02 5.932474645873591726e+03 1.083448757530228067e+04 1.464805512188891771e+04 2.332594934455616749e+04
1.101752999999999934e-02 5.957330989102879357e+03 1.087953933050989144e+04 1.470827482740559026e+04 2.339819171005074168e+04
1.117110999999999972e-02 5.981530031637201319e+03 1.092345658061580616e+04 1.476688976627745069e+04 2.346753952105297867e+04
1.132682999999999954e-02 6.005101781288751226e+03 1.096623951930576186e+04 1.482400280548276351e+04 2.353413842637291600e+04
1.148472000000000035e-02 6.028199127653058895e+03 1.100814269991680885e+04 1.488002173413430683e+04 2.359868599050684861e+04
1.164481000000000023e-02 6.050674279239161478e+03 1.104893206918557553e+04 1.493455056826353211e+04 2.366062338433919649e+04
1.180713000000000075e-02 6.072222118181259248e+03 1.108805822648934554e+04 1.498676637623679926e+04 2.371871468127908156e+04
1.197170999999999999e-02 6.092845310381438139e+03 1.112550097827547324e+04 1.503663955667221308e+04 2.377307781949322816e+04
1.213858999999999945e-02 6.112607428825331226e+03 1.116138249264786282e+04 1.508445549908150861e+04 2.382403492954125250e+04
1.230780000000000068e-02 6.131505016426322982e+03 1.119571295083279074e+04 1.513020455185373430e+04 2.387153006551298677e+04
1.247936000000000011e-02 6.149586376342925178e+03 1.122855333172787687e+04 1.517402937719880356e+04 2.391586193734176049e+04
1.265331999999999915e-02 6.166859189747536220e+03 1.125993403939882774e+04 1.521588954523016037e+04 2.395712359980700057e+04
1.282969999999999944e-02 6.183255022627122344e+03 1.128968207448440990e+04 1.525560230084390605e+04 2.399498906726792484e+04
1.300854000000000073e-02 6.198717640764523821e+03 1.131775664237424462e+04 1.529299503446619019e+04 2.402933667807870370e+04
1.318986999999999937e-02 6.213242567785177016e+03 1.134414743197714597e+04 1.532807794992859999e+04 2.406023710692369787e+04
1.337373000000000034e-02 6.226815176704324585e+03 1.136880345265933283e+04 1.536084083907899912e+04 2.408757817666790652e+04
1.356014999999999998e-02 6.239414751877261551e+03 1.139168387671000528e+04 1.539125310188504955e+04 2.411120450797388912e+04
1.374916999999999979e-02 6.251031732468842165e+03 1.141276820104151193e+04 1.541931453407953995e+04 2.413110955640359680e+04
1.394082999999999954e-02 6.261674803920159320e+03 1.143206640330746814e+04 1.544499440254067486e+04 2.414756251663974035e+04
1.413516000000000078e-02 6.271259351381072520e+03 1.144945636133071639e+04 1.546805889543365083e+04 2.416025558627201463e+04
1.433218999999999986e-02 6.279659214972766677e+03 1.146466359938361165e+04 1.548813213878801616e+04 2.416875331658673531e+04
1.453197999999999990e-02 6.286918583338116150e+03 1.147778961816032825e+04 1.550538642659588186e+04 2.417320456207148163e+04
1.473454000000000083e-02 6.293054242514250291e+03 1.148885462164544879e+04 1.551992289787511982e+04 2.417372418621644465e+04
1.493993000000000057e-02 6.298081941632725830e+03 1.149789912837505653e+04 1.553175128924928504e+04 2.417032961007702761e+04
1.514819000000000061e-02 6.302052876527523949e+03 1.150504490311163136e+04 1.554113496456696703e+04 2.416344942767492830e+04
1.535935000000000078e-02 6.304932071051025559e+03 1.151020042440387806e+04 1.554786033594115179e+04 2.415280026638618074e+04
1.557345000000000083e-02 6.306609565116330486e+03 1.151316252387723034e+04 1.555154142943785519e+04 2.413787622061537331e+04
1.579053000000000054e-02 6.307055460061124904e+03 1.151386011909621084e+04 1.555216771648197391e+04 2.411861491841657698e+04
1.601063999999999959e-02 6.306275304281640274e+03 1.151231354838459993e+04 1.554976924066258471e+04 2.409515283732524767e+04
1.623381999999999950e-02 6.304245247024959099e+03 1.150849240963992634e+04 1.554434561432007285e+04 2.406744501629563092e+04
1.646012000000000169e-02 6.300970796844678262e+03 1.150237648909862401e+04 1.553584575643238713e+04 2.403543433569533954e+04
1.668955999999999912e-02 6.296409837926635191e+03 1.149389485798680653e+04 1.552415777948773575e+04 2.399900948315571077e+04
1.692219999999999835e-02 6.290522271898661529e+03 1.148299693934626703e+04 1.550921041117839559e+04 2.395803671762553131e+04
1.715809000000000084e-02 6.283312544042040827e+03 1.146967279742614664e+04 1.549098311981146253e+04 2.391258056184909947e+04
1.739726000000000120e-02 6.274796210985757170e+03 1.145395312197854582e+04 1.546952637306229553e+04 2.386267212124801517e+04
1.763976999999999906e-02 6.264953365786302129e+03 1.143579759719348476e+04 1.544480956192580925e+04 2.380835121580335181e+04
1.788566000000000114e-02 6.253784330228779254e+03 1.141519639067727076e+04 1.541681226036586850e+04 2.374958254795788162e+04
1.813497999999999846e-02 6.241235754117413308e+03 1.139207883388733171e+04 1.538541273602507499e+04 2.368604654142263462e+04
1.838777000000000120e-02 6.227224929178067214e+03 1.136630330090345524e+04 1.535041839360971244e+04 2.361738109691746286e+04
1.864408999999999858e-02 6.211770355682061563e+03 1.133786010909713514e+04 1.531185968178384064e+04 2.354374657443248725e+04
1.890396999999999911e-02 6.194912767405459817e+03 1.130684103866124678e+04 1.526984814985136654e+04 2.346530144515753636e+04
1.916748000000000063e-02 6.176642267603737309e+03 1.127322630781136832e+04 1.522433324395568889e+04 2.338206658720388077e+04
1.943467000000000111e-02 6.156930728138160703e+03 1.123700631118210731e+04 1.517527460360572513e+04 2.329395712249790085e+04
1.970558000000000032e-02 6.135758102448168756e+03 1.119810048964785892e+04 1.512262179602560354e+04 2.320078280148539852e+04
1.998025999999999969e-02 6.113132656462897103e+03 1.115653987361385953e+04 1.506637510077850129e+04 2.310258208013668263e+04
2.025878000000000054e-02 6.089066681102084658e+03 1.111233523127402623e+04 1.500656523266412478e+04 2.299949646551845217e+04
2.054117000000000096e-02 6.063530974310102465e+03 1.106543652114227916e+04 1.494310139633990730e+04 2.289134320784434021e+04
2.082751000000000047e-02 6.036514532389202031e+03 1.101583428954428928e+04 1.487601440382619876e+04 2.277808478452823329e+04
2.111783000000000063e-02 6.008012408413536832e+03 1.096351910646128817e+04 1.480527433525638844e+04 2.265973492845216242e+04
2.141219999999999929e-02 5.978126841388476350e+03 1.090865388004518536e+04 1.473106398617840387e+04 2.253645220381910985e+04
2.171067999999999956e-02 5.947433286225053962e+03 1.085208057084132452e+04 1.465435600597131997e+04 2.240918441873001575e+04
2.201331000000000121e-02 5.915308809587165342e+03 1.079289773210480053e+04 1.457410780803858142e+04 2.227700635194973074e+04
2.232015999999999861e-02 5.881750439684797129e+03 1.073107571913078027e+04 1.449029973802307541e+04 2.213981462441217809e+04
2.263130000000000003e-02 5.846777442657359643e+03 1.066663557586535171e+04 1.440298304742272012e+04 2.199768211721764965e+04
2.294676000000000007e-02 5.810364593623393375e+03 1.059960848488867668e+04 1.431212800880505165e+04 2.185055665081329789e+04
2.326662999999999995e-02 5.772526097459081029e+03 1.052997496997703274e+04 1.421779603444700297e+04 2.169845845832420309e+04
2.359094999999999942e-02 5.733290307225997822e+03 1.045779661954026415e+04 1.412003841770893632e+04 2.154150086165893299e+04
2.391980000000000148e-02 5.692669398412570445e+03 1.038311475074533337e+04 1.401887608748598541e+04 2.137977611721870926e+04
2.425323000000000062e-02 5.650705868764035586e+03 1.030596054469013689e+04 1.391441095283757204e+04 2.121336589543063019e+04
2.459129999999999996e-02 5.607416944807279833e+03 1.022639556583967533e+04 1.380669430066121458e+04 2.104231028265373970e+04
2.493408999999999903e-02 5.562832993850726780e+03 1.014449149312532973e+04 1.369578753003820566e+04 2.086671150304351249e+04
2.528166000000000094e-02 5.516965184293488164e+03 1.006023693548852862e+04 1.358172166447387644e+04 2.068666139072856095e+04
2.563406999999999838e-02 5.469838838551802837e+03 9.973698484423393893e+03 1.346458843393772440e+04 2.050223111232546216e+04
2.599140000000000131e-02 5.421486357263945138e+03 9.884938659562389148e+03 1.334445930151299581e+04 2.031353335071841138e+04
2.635370999999999894e-02 5.371968436471476707e+03 9.794043249487742287e+03 1.322144617813713194e+04 2.012073264438797924e+04
2.672106000000000134e-02 5.321311420740653375e+03 9.701082824815235654e+03 1.309567105475023709e+04 1.992394192261875287e+04
2.709353999999999929e-02 5.269556816531786353e+03 9.606131978726540183e+03 1.296719517067572815e+04 1.972328466989208027e+04
2.747120999999999938e-02 5.216741084279669849e+03 9.509252111585001330e+03 1.283614043524838780e+04 1.951894664847762033e+04
2.785413999999999946e-02 5.162844120915941858e+03 9.410457009389554514e+03 1.270250730141873282e+04 1.931101046882770606e+04
2.824240999999999904e-02 5.107672098479454689e+03 9.309489116058290165e+03 1.256604326544729884e+04 1.909929038820679125e+04
2.863610000000000114e-02 5.051605974699519720e+03 9.206884571586733728e+03 1.242737596296203810e+04 1.888441752315219128e+04
2.903526999999999844e-02 4.994687276287378154e+03 9.102745115576457465e+03 1.228664732269784326e+04 1.866658903402679061e+04
2.944000000000000089e-02 4.936977734480767140e+03 8.997181551358302386e+03 1.214400932978960191e+04 1.844603338447618444e+04
2.985037999999999928e-02 4.878551200289331973e+03 8.890308681083999545e+03 1.199960379193354311e+04 1.822296902351876997e+04
3.026647999999999838e-02 4.819467383648922805e+03 8.782250363948545782e+03 1.185359268624119613e+04 1.799762505780976790e+04
3.068838000000000121e-02 4.759784983722370271e+03 8.673119270233508360e+03 1.170612781082258880e+04 1.777023092942251606e+04
3.111616000000000035e-02 4.699557648638461615e+03 8.563001700347031147e+03 1.155735078608310869e+04 1.754097514136611790e+04
3.154989999999999878e-02 4.638857200201901833e+03 8.452032480041467352e+03 1.140741328538853850e+04 1.731012911613956749e+04
3.198969000000000118e-02 4.577760502304437978e+03 8.340369650359963998e+03 1.125653772165396913e+04 1.707794395612712106e+04
3.243560999999999667e-02 4.516354507243714579e+03 8.228133743364884140e+03 1.110488575601020420e+04 1.684471234739939609e+04
3.288773999999999864e-02 4.454702933168757227e+03 8.115475589531366495e+03 1.095265944704489448e+04 1.661071695408001688e+04
3.334618000000000304e-02 4.392880594571027359e+03 8.002529763647423351e+03 1.080004056571751789e+04 1.637620979615124452e+04
3.381101000000000245e-02 4.330957245042886825e+03 7.889429765891753959e+03 1.064722094154069964e+04 1.614149474242639917e+04
3.428231000000000334e-02 4.269015749197397781e+03 7.776292843258273024e+03 1.049435189525551687e+04 1.590684499114621394e+04
3.476019000000000331e-02 4.207011749329914892e+03 7.663377850789324839e+03 1.034213085596332166e+04 1.567433770678846486e+04
3.524473000000000189e-02 4.145149230031276602e+03 7.550736136638454809e+03 1.019028426298275190e+04 1.544251451045625072e+04
3.573602000000000029e-02 4.083516049955238941e+03 7.438524232025464698e+03 1.003901488851783142e+04 1.521161840737185048e+04
3.623416000000000137e-02 4.022190961971403794e+03 7.326888492486946234e+03 9.888507264340316397e+03 1.498192353603975789e+04
3.673925000000000107e-02 3.961249670207831969e+03 7.215966112869407880e+03 9.738942857827703847e+03 1.475374542977423698e+04
3.725136999999999893e-02 3.900778962326896817e+03 7.105879058861019075e+03 9.590489962768981059e+03 1.452730707202477424e+04
3.777064000000000116e-02 3.840844405454577554e+03 6.996774547035476644e+03 9.443373494577521342e+03 1.430290371592462543e+04
3.829714000000000035e-02 3.781525678191409042e+03 6.888804811331043311e+03 9.297790037521479462e+03 1.408087192869160572e+04
3.883098000000000105e-02 3.722889314676287540e+03 6.782103833279294122e+03 9.153913918242338696e+03 1.386145569897664063e+04
3.937225999999999920e-02 3.665024036094611802e+03 6.676815681438402862e+03 9.011906313795225287e+03 1.364491972102442560e+04
3.992108999999999935e-02 3.607996335012752297e+03 6.573057073513242358e+03 8.871944591887346178e+03 1.343151848467489799e+04
4.047756999999999744e-02 3.551871674875824738e+03 6.470909281867994650e+03 8.734110032764107018e+03 1.322131099274387634e+04
4.104180999999999802e-02 3.496566098018482080e+03 6.369700557058883533e+03 8.596952298753456489e+03 1.301047633651386968e+04
4.161390999999999701e-02 3.442302505975427721e+03 6.270394619061307822e+03 8.462383639963449241e+03 1.280361321571234475e+04
4.219397999999999899e-02 3.389146308542054612e+03 6.173111156242829566e+03 8.330538005619620890e+03 1.260092483953738883e+04
4.278214000000000322e-02 3.337144729906734938e+03 6.077955688895446656e+03 8.201560512884992932e+03 1.240263504910196207e+04
4.337850000000000039e-02 3.286343970896301016e+03 5.985011474365546746e+03 8.075563947989249755e+03 1.220891628281898193e+04
4.398317000000000199e-02 3.236797287109165609e+03 5.894371902754603070e+03 7.952661145341274278e+03 1.201994102811650373e+04
4.459628000000000203e-02 3.188554895781623145e+03 5.806090897752211276e+03 7.832968030213300153e+03 1.183589210199950503e+04
4.521792000000000172e-02 3.141654890752098709e+03 5.720251759253040291e+03 7.716589458238910083e+03 1.165690092826505861e+04
4.584823999999999844e-02 3.096128290865675353e+03 5.636908450419582550e+03 7.603576709992147698e+03 1.148304755307249070e+04
4.648734000000000199e-02 3.051987933415114640e+03 5.556114959442328654e+03 7.493994281611221595e+03 1.131443265025731671e+04
4.713534999999999947e-02 3.009346616056718631e+03 5.478772968073721131e+03 7.389794622440262174e+03 1.115604179492508229e+04
4.779238999999999710e-02 2.968189911597236005e+03 5.404553909135429421e+03 7.290239043477787163e+03 1.100588746314946729e+04
4.845859000000000277e-02 2.928479146275018593e+03 5.332929588385389252e+03 7.194196872805524436e+03 1.086105727349268636e+04
4.913407000000000191e-02 2.890204920118470000e+03 5.263905504142538121e+03 7.101661022198745741e+03 1.072153914480126332e+04
4.981897999999999882e-02 2.853348734974355466e+03 5.197470971385104349e+03 7.012605219048720755e+03 1.058726965698200729e+04
5.051342000000000332e-02 2.817898143165158217e+03 5.133600128730171491e+03 6.926991087390982102e+03 1.045820602978747229e+04
5.121755000000000058e-02 2.783836648175708433e+03 5.072249904824099758e+03 6.844762064849532180e+03 1.033430555389457368e+04
5.193149999999999850e-02 2.751137641996775528e+03 5.013362036115248884e+03 6.765867704027373293e+03 1.021544642436750291e+04
5.265539999999999804e-02 2.719754297995585603e+03 4.956866098529263581e+03 6.690187692121167856e+03 1.010146064550260962e+04
5.338938000000000017e-02 2.689405355574437181e+03 4.901846215559355187e+03 6.616047413568770025e+03 9.988572728907289275e+03
5.413359999999999700e-02 2.660014582427524147e+03 4.848059269648482768e+03 6.543037138705417419e+03 9.875954841737839160e+03
5.488819999999999810e-02 2.631810908061054761e+03 4.796399726924251809e+03 6.472924955783965743e+03 9.767781739290414407e+03
5.565330999999999750e-02 2.604692845757046143e+03 4.746697714600344625e+03 6.405485087413516339e+03 9.663696364910549164e+03
5.642907999999999952e-02 2.578513380595826675e+03 4.698726497190981718e+03 6.340382191281791165e+03 9.563168976974078760e+03
5.721567999999999793e-02 2.553192152990773138e+03 4.652350537343631913e+03 6.277436922528358082e+03 9.465927899078187693e+03
5.801322999999999896e-02 2.528822655329351164e+03 4.607723398811158404e+03 6.216846101586085751e+03 9.372275163983445964e+03
5.882190000000000335e-02 2.505490325690273039e+03 4.564968323969207631e+03 6.158810771530760576e+03 9.282502582812518085e+03
5.964185000000000320e-02 2.483127944594381006e+03 4.524248243699411432e+03 6.103839531211756366e+03 9.198170860867779993e+03
6.047322000000000114e-02 2.461634889712812765e+03 4.485873406607316610e+03 6.052838097173102142e+03 9.122062581959389718e+03
6.131618999999999958e-02 2.440236883191946163e+03 4.447681289803987056e+03 6.002103693230072167e+03 9.046379731325996545e+03
6.217090000000000116e-02 2.418730822048209575e+03 4.409298109236131495e+03 5.951114940033010498e+03 8.970353733984220526e+03
6.303752999999999440e-02 2.397110782601128449e+03 4.370709356894823941e+03 5.899859669471181405e+03 8.893960353698184917e+03
6.391623999999999917e-02 2.375391075257706234e+03 4.331932026808546652e+03 5.848372382140448281e+03 8.817250350839307430e+03
6.480719999999999537e-02 2.353518226565338409e+03 4.292875475540678963e+03 5.796515947361438521e+03 8.740010089115352457e+03
6.571058000000000454e-02 2.331325405339605823e+03 4.253229578028824108e+03 5.743890013008748610e+03 8.661622577648460720e+03
6.662655000000000660e-02 2.307511138822538214e+03 4.208812389216176598e+03 5.682930166833475596e+03 8.565299071042503783e+03
6.755527999999999533e-02 2.282985111328820949e+03 4.163052722108042872e+03 5.620131757015903531e+03 8.466071117459272500e+03
6.849697000000000424e-02 2.257665352667488605e+03 4.115855406468841466e+03 5.555421316912334078e+03 8.364027283012594125e+03
6.945178000000000462e-02 2.231430408412074030e+03 4.066999200571148322e+03 5.488509720425581691e+03 8.258748749831593159e+03
7.041989999999999361e-02 2.204171980001483917e+03 4.016286171339091197e+03 5.419121750133294881e+03 8.149829798167033005e+03
7.140151000000000137e-02 2.175792915785636978e+03 3.963543754765713857e+03 5.347029667010842786e+03 8.036907648020424858e+03
7.239681000000000588e-02 2.146453330472043945e+03 3.909340892687472660e+03 5.273299518521603204e+03 7.922653751487385307e+03
7.340597999999999568e-02 2.116127104448413320e+03 3.853686423043775903e+03 5.198013266872467284e+03 7.807359563705233995e+03
7.442922000000000426e-02 2.084447823244215215e+03 3.795566656612658790e+03 5.119430951017376174e+03 7.687166352192910381e+03
7.546672999999999576e-02 2.051366106576202128e+03 3.734892425265826660e+03 5.037445904312806306e+03 7.561903930162815413e+03
7.651869000000000032e-02 2.016875203926436143e+03 3.671653999908594415e+03 4.952031717497419777e+03 7.431555356090930218e+03
7.758531999999999929e-02 1.980982649896749763e+03 3.605880437313167931e+03 4.863219932463237456e+03 7.296169491479562566e+03
7.866681999999999841e-02 1.944494590410043202e+03 3.540086347302945342e+03 4.775447799864858098e+03 7.165103674106357175e+03
7.976339000000000345e-02 1.907948976377506142e+03 3.475890879730509823e+03 4.691538822549683573e+03 7.044225887988663999e+03
8.087524999999999575e-02 1.870118528664396536e+03 3.409286952578125693e+03 4.604335034979597367e+03 6.918298635829731211e+03
8.200261000000000355e-02 1.831106501744677644e+03 3.340456919574119638e+03 4.514079065846262893e+03 6.787641862375185156e+03
8.314567999999999959e-02 1.791039602723512871e+03 3.269645497018317656e+03 4.421076996179381240e+03 6.652722020073132626e+03
8.430468000000000683e-02 1.750071033822710660e+03 3.197113949639167004e+03 4.325676016921083828e+03 6.514042928039129947e+03
8.547984999999999611e-02 1.707790513349227467e+03 3.121134393021015967e+03 4.224571887054202307e+03 6.364295697153218498e+03
8.667139000000000093e-02 1.664733620195554749e+03 3.043227534244852905e+03 4.120368609928628757e+03 6.208697994338234821e+03
8.787954000000000598e-02 1.621394560252277870e+03 2.964776429957457367e+03 4.015402572192239404e+03 6.051890268563104655e+03
8.910453000000000123e-02 1.577982807625735177e+03 2.886180072041623589e+03 3.910218104968805619e+03 5.894702090861295801e+03
9.034659999999999913e-02 1.534739354521021824e+03 2.807868321649844802e+03 3.805393942626456919e+03 5.737995682702056001e+03
9.160598000000000352e-02 1.492613956451577678e+03 2.732546761925619194e+03 3.705493989968360893e+03 5.590922644959438003e+03
9.288291999999999382e-02 1.451755494410943129e+03 2.660361186563007777e+03 3.610581807069197566e+03 5.453285091789559374e+03
9.417765999999999638e-02 1.411725815890195463e+03 2.589586389814630365e+03 3.517462473894464438e+03 5.318104926821399204e+03
9.549045000000000449e-02 1.372748822160052214e+03 2.520645045785751790e+03 3.426710461575956742e+03 5.186258550674892831e+03
9.682153000000000287e-02 1.335045367254906068e+03 2.453940676994558089e+03 3.338869327760854503e+03 5.058574634033589973e+03
9.817117000000000204e-02 1.299164772635855115e+03 2.390961995996444784e+03 3.256454269043509157e+03 4.939958266491629729e+03
9.953961999999999533e-02 1.265045961103503714e+03 2.331288624068277386e+03 3.178590879472629240e+03 4.828369645323442455e+03
1.009271999999999947e-01 1.232710946924523569e+03 2.274797021919089730e+03 3.104923134576756183e+03 4.722887817293690205e+03
1.023339999999999944e-01 1.202300307595071445e+03 2.221753630124689607e+03 3.035815108192224216e+03 4.624060188636389285e+03
1.037605000000000055e-01 1.173364545133234742e+03 2.170642918719752288e+03 2.968580486792416650e+03 4.526356996248209725e+03
1.052069000000000060e-01 1.144438431044434765e+03 2.116903563076199134e+03 2.895326729875270303e+03 4.413863320050125367e+03
1.066734000000000016e-01 1.117751788048936760e+03 2.067317111635327365e+03 2.827745218781357835e+03 4.310018082448598761e+03
1.081604000000000038e-01 1.093278693379297238e+03 2.021851174883182921e+03 2.765769293251361432e+03 4.214700768430592689e+03
1.096681000000000045e-01 1.070964787369816577e+03 1.980414083403671611e+03 2.709264561858186880e+03 4.127718477299808001e+03
1.111967999999999984e-01 1.050805326685479486e+03 1.943122630944662205e+03 2.658411846980402970e+03 4.048823426684899459e+03
1.127467999999999942e-01 1.032615120541148372e+03 1.909488552394657745e+03 2.612551953786915874e+03 3.977527540802237581e+03
1.143184000000000006e-01 1.016230256631183352e+03 1.879233911317581715e+03 2.571275610406041778e+03 3.913214003960078117e+03
1.159120000000000011e-01 1.001465949479887172e+03 1.851998813039010201e+03 2.534114440368424766e+03 3.855181632662583070e+03
1.175276999999999988e-01 9.885952252671784208e+02 1.828704684406717433e+03 2.502673950048887946e+03 3.806320971322806145e+03
1.191659999999999942e-01 9.769071909730364496e+02 1.807649780255548649e+03 2.474303567272870168e+03 3.762173323586599508e+03
1.208271000000000067e-01 9.660894860769088837e+02 1.788231039796271261e+03 2.448133601073212958e+03 3.721369095690191443e+03
1.225114000000000064e-01 9.558015546028245808e+02 1.769763097399817070e+03 2.423216911451994747e+03 3.682448232146279224e+03
1.242190999999999990e-01 9.452152587518291966e+02 1.750238635163310164e+03 2.396536622489670208e+03 3.640680139848545878e+03
1.259505999999999959e-01 9.345942105946569427e+02 1.730645241291980028e+03 2.369753600878992529e+03 3.598837299214485029e+03
1.277062999999999948e-01 9.236334121989198138e+02 1.710436297149707798e+03 2.342123212269215855e+03 3.555713380502080781e+03
1.294865000000000044e-01 9.122946996116744458e+02 1.689661766188493630e+03 2.313714353112600293e+03 3.511091023897003652e+03
1.312915000000000054e-01 9.003529403929693444e+02 1.667908522188824008e+03 2.283961560336770162e+03 3.464121396811212890e+03
1.331216000000000066e-01 8.872898485733060170e+02 1.644084607697044703e+03 2.251348986414998308e+03 3.412902784633219653e+03
1.349771999999999916e-01 8.729483194106505834e+02 1.617929145441024502e+03 2.215569442380118289e+03 3.357071940073133192e+03
1.368586999999999998e-01 8.582142000754366791e+02 1.592729119710732675e+03 2.183057819225607091e+03 3.311854804535757012e+03
1.387664999999999871e-01 8.419599579400628500e+02 1.564663016330448045e+03 2.146543421970564395e+03 3.260516052137803854e+03
1.407007999999999870e-01 8.241834939822948627e+02 1.533716895573090369e+03 2.105997368266237117e+03 3.202995208410810847e+03
1.426620999999999861e-01 8.059283144795667795e+02 1.502441750934138781e+03 2.065172487874184753e+03 3.144637917251830004e+03
1.446506999999999932e-01 7.866485647442044638e+02 1.469350529582976378e+03 2.021831433065234478e+03 3.082232065016257366e+03
1.466670999999999947e-01 7.662127570124640670e+02 1.433969677475318349e+03 1.975244231307141717e+03 3.014766723184275634e+03
1.487114999999999965e-01 7.433370663278441270e+02 1.392480943957785257e+03 1.919228205719249900e+03 2.931626259139389731e+03
1.507844999999999880e-01 7.188968841443042948e+02 1.347033874556132332e+03 1.857065165712742100e+03 2.838222968297266561e+03
1.528864000000000056e-01 6.943482836854333300e+02 1.301345629801876157e+03 1.794540789980592535e+03 2.744204630902966528e+03
1.550175000000000025e-01 6.718420378036365719e+02 1.261456444121145751e+03 1.741620190753373208e+03 2.668076532674925602e+03
1.571783999999999959e-01 6.510748253849427556e+02 1.226099018273013371e+03 1.695946331312117763e+03 2.605090646208566341e+03
1.593693999999999944e-01 6.310583807194074097e+02 1.191927401330835664e+03 1.651705092151396002e+03 2.543949259795006583e+03
1.615909000000000095e-01 6.126964947353836806e+02 1.161160718835050830e+03 1.612294550333575671e+03 2.490005248014411336e+03
1.638434000000000001e-01 5.958888506874247923e+02 1.133317931130646684e+03 1.576841085820272610e+03 2.441875316376660521e+03
1.661273000000000055e-01 5.805659606830531629e+02 1.108069855894479588e+03 1.544792743037950231e+03 2.398650278496081228e+03
1.684430000000000094e-01 5.641871947189644061e+02 1.078275958440805198e+03 1.504712756338654572e+03 2.340403150071599157e+03
1.707909999999999984e-01 5.493189785410103241e+02 1.050988788157667159e+03 1.467840798824923468e+03 2.286653581774275608e+03
1.731717000000000117e-01 5.366220888559467994e+02 1.028041772687784942e+03 1.437047089269389517e+03 2.242029292679067566e+03
1.755856000000000083e-01 5.270704644730024029e+02 1.012066247572852262e+03 1.416305164532214121e+03 2.212279297434922228e+03
1.780332000000000026e-01 5.190763080120901805e+02 9.990090611998610939e+02 1.399582702335356316e+03 2.188700966379569309e+03
1.805149000000000059e-01 5.106907344804962463e+02 9.830199625201440767e+02 1.376876685689227997e+03 2.152057693513792856e+03
1.830312000000000050e-01 5.023544019676615449e+02 9.658318920916826755e+02 1.351393072226600907e+03 2.108876060856875938e+03
1.855825000000000113e-01 4.948190527378915249e+02 9.503451442675520866e+02 1.328496942632704759e+03 2.070231597184637394e+03
1.881693999999999867e-01 4.877769086988040499e+02 9.367054402097618322e+02 1.309390424296168476e+03 2.040543320094329374e+03
1.907924000000000009e-01 4.807912853870703884e+02 9.231822946486834098e+02 1.290463237464950225e+03 2.011190185114870928e+03
1.934520000000000128e-01 4.729825366894332888e+02 9.078276354345555319e+02 1.268991122113051688e+03 1.978801761271060514e+03
1.961486000000000063e-01 4.644074822671218499e+02 8.909190023649452996e+02 1.245372507277845443e+03 1.943431018258269205e+03
1.988827999999999985e-01 4.560411095511890380e+02 8.751020924825842258e+02 1.223542544269721702e+03 1.910606260731001385e+03
2.016551000000000038e-01 4.481848945772130151e+02 8.612540469147951399e+02 1.204819186258504260e+03 1.882252828836542449e+03
2.044661000000000117e-01 4.391121748372393654e+02 8.448915762161055909e+02 1.182468978145755500e+03 1.848097733495456851e+03
2.073162000000000060e-01 4.284662369048437540e+02 8.244995754931302372e+02 1.153723990921889481e+03 1.802900978081474250e+03
2.102061000000000068e-01 4.168435311294888947e+02 8.022187967207099746e+02 1.122367762410912746e+03 1.753698330429934003e+03
2.131361999999999979e-01 4.079902962122253598e+02 7.895185773019707085e+02 1.107615020224377986e+03 1.735340214407511667e+03
2.161073000000000022e-01 3.986857193364717773e+02 7.759892326505456595e+02 1.091763202790930791e+03 1.715359770175748281e+03
2.191197000000000006e-01 3.868824126133755499e+02 7.557638001530885958e+02 1.065831121741545303e+03 1.680800387294842494e+03
2.221741000000000132e-01 3.746710160465048602e+02 7.341996797880246959e+02 1.037752302627473910e+03 1.642858248810606710e+03
2.252711000000000019e-01 3.635595924402376227e+02 7.153780753413523144e+02 1.013936885197338029e+03 1.611751738125018392e+03
2.284112000000000087e-01 3.533649795178512818e+02 6.984092001665785574e+02 9.927467862214593879e+02 1.584550106507333794e+03
2.315950999999999982e-01 3.443359778799456308e+02 6.827999905682687540e+02 9.720977713842141839e+02 1.554086304276826240e+03
2.348234999999999906e-01 3.365197765123334648e+02 6.691851944860657113e+02 9.537506442303489393e+02 1.525784214660498719e+03
2.380967999999999973e-01 3.279916539745369164e+02 6.527069215416570387e+02 9.307345032602668198e+02 1.490536380318826104e+03
2.414157000000000108e-01 3.201693993537687675e+02 6.372381860322395823e+02 9.089837441532351932e+02 1.457350848450236072e+03
2.447808999999999957e-01 3.127135905163116831e+02 6.225291510852034662e+02 8.885069000278710973e+02 1.425753530607955554e+03
2.481929999999999970e-01 3.061430851155836308e+02 6.095973462572939070e+02 8.705613776976883855e+02 1.398056017414438884e+03
2.516527000000000069e-01 3.024722702048040333e+02 6.031193244055375544e+02 8.615393383685561730e+02 1.383163502249222347e+03
2.551606000000000152e-01 2.982547546385080750e+02 5.951319619197041675e+02 8.503065770037421771e+02 1.365199761678885125e+03
2.587173999999999863e-01 2.913574477229806803e+02 5.804689946871712891e+02 8.293589619382952378e+02 1.333175025116043798e+03
2.623237999999999959e-01 2.856653308344651236e+02 5.692435417871691925e+02 8.137368300309551614e+02 1.309616776500075275e+03
2.659804000000000057e-01 2.811069955712731598e+02 5.614063740340990307e+02 8.034103593675048387e+02 1.294464396138585926e+03
2.696880999999999862e-01 2.746663350387165110e+02 5.491570522696130183e+02 7.866714599228660063e+02 1.268916342582518382e+03
2.734474000000000071e-01 2.672829951315182484e+02 5.348929384986021205e+02 7.670810226805799630e+02 1.238913542660737903e+03
2.772590999999999806e-01 2.615341717459413076e+02 5.253302347397660697e+02 7.552532493448526338e+02 1.223959529853622826e+03
2.811238999999999821e-01 2.551717428665853333e+02 5.141629106617881462e+02 7.410407924991038726e+02 1.206051429943411677e+03
2.850425999999999793e-01 2.483614147256750755e+02 5.015955220383580127e+02 7.247145640127407660e+02 1.185982788410708054e+03
2.890159999999999951e-01 2.419358910406787118e+02 4.907909502549189256e+02 7.110681826100030776e+02 1.167067894466138341e+03
2.930446999999999913e-01 2.358078688013273165e+02 4.803010965456382451e+02 6.972812564890144813e+02 1.146017748786696302e+03
2.971295999999999937e-01 2.300927559564237868e+02 4.692678931909298967e+02 6.809366823517998455e+02 1.117548824787760395e+03
3.012714000000000225e-01 2.249532786048309276e+02 4.604003545223291667e+02 6.693901835463119596e+02 1.100719715835683019e+03
3.054709999999999925e-01 2.201267995960022290e+02 4.522743439461407320e+02 6.594114933424622222e+02 1.087864554156171152e+03
3.097290999999999794e-01 2.146533960851192546e+02 4.418445459581741943e+02 6.455758196174432442e+02 1.068591216495061417e+03
3.140465000000000062e-01 2.098681559571719504e+02 4.318998272610681397e+02 6.311732269436821525e+02 1.044614374293084666e+03
3.184241999999999906e-01 2.057934551618458556e+02 4.234287542315603332e+02 6.188393613800529920e+02 1.023915512476499657e+03
3.228628000000000053e-01 2.026117888269862135e+02 4.177028422400354088e+02 6.115090386138272152e+02 1.014691796350914728e+03
3.273634000000000266e-01 1.981666202449212619e+02 4.082144781252044368e+02 5.976214747686507280e+02 9.919637079240255844e+02
3.319266000000000161e-01 1.934925057893923679e+02 3.986378895429565432e+02 5.842101318924030693e+02 9.715173937013856857e+02
3.365535000000000054e-01 1.888768403817981891e+02 3.899885143652870170e+02 5.730257856799435103e+02 9.565599668878674038e+02
3.412449000000000177e-01 1.856209837290791711e+02 3.856082384000450816e+02 5.680349215815186881e+02 9.484396557767282729e+02
3.460016000000000203e-01 1.819332554953011254e+02 3.794782056428799706e+02 5.602740215669791723e+02 9.376664234824785353e+02
3.508246999999999893e-01 1.781671981570648882e+02 3.726539391708723770e+02 5.512773017039104388e+02 9.245538611780801830e+02
3.557150000000000034e-01 1.744226621396084056e+02 3.656404746724805364e+02 5.419038654890912312e+02 9.101365489474687820e+02
3.606734999999999802e-01 1.701043166046017916e+02 3.578885046262852256e+02 5.318864504617662305e+02 8.963702004548276818e+02
3.657011000000000012e-01 1.650246874639059911e+02 3.480958414142871788e+02 5.184645622057234959e+02 8.777184443855542213e+02
3.707987999999999840e-01 1.609247312742891154e+02 3.400415518050689911e+02 5.074849788687881187e+02 8.614491792606173703e+02
3.759675000000000100e-01 1.573084695655816745e+02 3.329117361749947008e+02 4.977199775321116704e+02 8.467388463028098613e+02
3.812082999999999999e-01 1.537529217013338041e+02 3.262588958106623522e+02 4.887586633587640677e+02 8.334998438311187101e+02
3.865220999999999796e-01 1.508402771620542069e+02 3.218665867819923960e+02 4.839177822525752504e+02 8.256512073593052037e+02
3.919099999999999806e-01 1.478127196348766574e+02 3.144297677219225307e+02 4.724330615364848995e+02 8.096738518445230284e+02
3.973729999999999762e-01 1.444460477352408816e+02 3.085103705892453263e+02 4.650912494075524251e+02 7.979609153964601092e+02
4.029121999999999981e-01 1.417085733573828179e+02 3.040717858091918515e+02 4.590265450954235007e+02 7.865916808592337475e+02
4.085286000000000195e-01 1.389430592899713872e+02 2.979361633079768126e+02 4.502215155128670290e+02 7.740725046987103042e+02
4.142232000000000136e-01 1.355427026864529978e+02 2.907725992296636832e+02 4.407355950429319478e+02 7.625084528591512480e+02
4.199973000000000178e-01 1.321259259316870214e+02 2.847161966676076190e+02 4.331497250790829412e+02 7.515953816030836379e+02
4.258518000000000026e-01 1.293191787955273071e+02 2.794313649659945895e+02 4.257703051392379052e+02 7.389675605454596052e+02
4.317880000000000051e-01 1.263258782633513420e+02 2.735272305918838356e+02 4.170573798686350528e+02 7.255489430853356225e+02
4.378068999999999988e-01 1.237236219706342979e+02 2.681883802060052062e+02 4.094500429571480140e+02 7.129945131060744643e+02
4.439097000000000182e-01 1.216021284224206482e+02 2.648296572673739320e+02 4.055474394819697750e+02 7.094814177173548160e+02
4.500974999999999837e-01 1.183338798578088102e+02 2.585615560334256884e+02 3.970169765102845076e+02 6.969994917903890155e+02
4.563715999999999884e-01 1.156207122899322570e+02 2.527421923779318433e+02 3.885784401186194827e+02 6.820241977963314639e+02
4.627332000000000112e-01 1.139275685386162849e+02 2.503868696952310700e+02 3.862735807914963289e+02 6.803966509501344717e+02
4.691834999999999756e-01 1.111090216460709570e+02 2.446273316827766848e+02 3.780677149504315366e+02 6.668009314114229937e+02
4.757236000000000242e-01 1.091033645758811019e+02 2.405382416977564048e+02 3.724925818295425870e+02 6.582868343673017080e+02
4.823548999999999753e-01 1.062902266528727040e+02 2.346855048181302550e+02 3.641581767111894692e+02 6.470722872605940665e+02
4.890786999999999773e-01 1.040134626823184760e+02 2.301138975258359949e+02 3.580451243784904136e+02 6.377252020594562509e+02
4.958962000000000092e-01 1.022748947738750047e+02 2.266648585079787495e+02 3.527481238771249537e+02 6.279960278703204040e+02
5.028086999999999973e-01 9.992653528329132939e+01 2.225337704457926122e+02 3.472247325861237641e+02 6.200672154247357639e+02
5.098175999999999819e-01 9.805623884565176240e+01 2.190099466739166871e+02 3.422340742145395893e+02 6.103313020637976933e+02
5.169241999999999448e-01 9.636009747774549794e+01 2.157332735595201427e+02 3.378568369333892747e+02 6.047251682734331553e+02
5.241297999999999790e-01 9.324655986548248165e+01 2.102714213932122220e+02 3.311360848606743730e+02 5.967459648988034360e+02
5.314358999999999611e-01 9.164470393876497667e+01 2.078741222664660029e+02 3.280194966517379385e+02 5.916467878073711972e+02
5.388437999999999839e-01 8.976096219955555000e+01 2.034293353659269883e+02 3.213028887711390666e+02 5.816176402106561909e+02
5.463550000000000351e-01 8.818067362554890565e+01 2.002953903077989253e+02 3.166606889571386887e+02 5.739109969804345610e+02
5.539709000000000438e-01 8.582097722328967393e+01 1.960053504946148166e+02 3.112491572664093837e+02 5.657837062972949980e+02
5.616929999999999978e-01 8.429640833733544980e+01 1.929855312954768465e+02 3.069913996862783847e+02 5.595981594432465727e+02
5.695227000000000483e-01 8.261752884979939893e+01 1.901580574683557074e+02 3.036201109628597692e+02 5.527738464738461062e+02
5.774614999999999609e-01 8.076022714213775089e+01 1.857644963589650615e+02 2.969270801669784419e+02 5.432167776407738984e+02
5.855110000000000037e-01 7.932050920342001632e+01 1.831187307992051103e+02 2.929316681995924228e+02 5.363971925201564090e+02
5.936727000000000531e-01 7.752427745549243809e+01 1.788750541297293921e+02 2.868728394729986917e+02 5.274485551774419037e+02
6.019482000000000443e-01 7.620378448673882588e+01 1.768201528719002340e+02 2.835875638371199443e+02 5.214487116349177995e+02
6.103389999999999649e-01 7.441801781890347911e+01 1.737323714106735224e+02 2.796833894522865194e+02 5.147813071001098706e+02
6.188468000000000302e-01 7.279933415824037013e+01 1.709469254135773610e+02 2.771905624735119886e+02 5.135903033630630716e+02
6.274731999999999532e-01 7.158833023192163125e+01 1.677850953858382468e+02 2.715808736604687965e+02 5.045042040919185524e+02
6.362198000000000020e-01 7.012118772505365882e+01 1.652835949990617337e+02 2.680238686573027849e+02 4.976673647745848257e+02
6.450884000000000063e-01 6.848443874852205226e+01 1.623034135108712519e+02 2.638335154850947788e+02 4.904184946228475042e+02
6.540806000000000120e-01 6.710034940236326406e+01 1.589295745148665446e+02 2.585966079348928588e+02 4.829009345511189508e+02
6.631981000000000126e-01 6.563104380428509899e+01 1.565291259500914123e+02 2.560786035006815382e+02 4.787961745251550951e+02
6.724426999999999488e-01 6.441734568172250874e+01 1.539181733712002256e+02 2.523487220677373273e+02 4.745123591009934785e+02
6.818161999999999834e-01 6.303919024325777087e+01 1.512860246027055382e+02 2.476126808730219864e+02 4.656979602139081180e+02
6.913203999999999461e-01 6.171113791498289203e+01 1.485491251544097224e+02 2.440626942366022831e+02 4.598728679617472608e+02
7.009570000000000523e-01 6.087658789349839594e+01 1.464286576299903402e+02 2.408681665131486511e+02 4.545081807953586690e+02
7.107280000000000264e-01 5.930293737196576132e+01 1.440218271503953531e+02 2.375174299667669686e+02 4.479450898362998146e+02
7.206350999999999729e-01 5.841095088634761368e+01 1.418404717870021727e+02 2.345166451667606395e+02 4.445777319906903813e+02
7.306804000000000077e-01 5.722970192646464938e+01 1.397995099365988096e+02 2.310483139072432834e+02 4.371586642462268628e+02
7.408656999999999604e-01 5.597321051625964117e+01 1.371020266117738799e+02 2.270630693803540510e+02 4.319809005501596175e+02
7.511929000000000523e-01 5.479988569757583150e+01 1.346243343673160950e+02 2.238306873962998793e+02 4.265763492192698436e+02
7.616642000000000134e-01 5.376028646018470880e+01 1.322297784244685772e+02 2.202802050198232280e+02 4.213691550120333318e+02
7.722814000000000068e-01 5.303123581052481939e+01 1.309750737501215667e+02 2.180505443421823486e+02 4.160137153570240116e+02
7.830464999999999787e-01 5.193641504203935710e+01 1.285077123364538636e+02 2.143938879215530733e+02 4.109954111272674595e+02
7.939618000000000508e-01 5.096943404523454291e+01 1.269158645026111998e+02 2.117651938652725221e+02 4.067653381373149841e+02
8.050292000000000003e-01 4.985378902167285275e+01 1.245524983686800766e+02 2.089774517177796440e+02 4.020127785206628346e+02
8.162509000000000015e-01 4.897786193670508226e+01 1.228310401189997663e+02 2.057357308066913220e+02 3.953518274367667686e+02
8.276289000000000007e-01 4.780897959355703364e+01 1.204495924671708167e+02 2.024800448470311949e+02 3.907399051550034983e+02
8.391655999999999560e-01 4.720658428320221134e+01 1.191335577235485630e+02 1.997198282044200823e+02 3.865104120191741686e+02
8.508632000000000417e-01 4.637406557630670534e+01 1.171835848637265940e+02 1.971935066197202957e+02 3.818861941370605564e+02
8.627236999999999822e-01 4.535707786384312357e+01 1.153623261290817510e+02 1.943303445176077844e+02 3.761714093278656605e+02
8.747496000000000160e-01 4.454636685580528876e+01 1.134518624748413487e+02 1.915436120499169022e+02 3.716253214690088953e+02
8.869432000000000427e-01 4.378122004039786219e+01 1.119268677295144556e+02 1.890720913310494211e+02 3.674770499962799022e+02
8.993067000000000144e-01 4.289732055848657666e+01 1.102208339636089960e+02 1.863507982105181497e+02 3.624123486223959389e+02
9.118425000000000002e-01 4.226149389045139770e+01 1.084197558148938754e+02 1.833318148331104851e+02 3.564282831593529295e+02
9.245531000000000166e-01 4.134450754069478506e+01 1.067162028475539159e+02 1.805703948539139674e+02 3.526323422126604896e+02
9.374409000000000214e-01 4.055772579435567593e+01 1.051107233366003442e+02 1.783121033901569774e+02 3.484364798246686519e+02
9.505082999999999727e-01 3.989536396491782710e+01 1.034984979545219943e+02 1.757990280055950905e+02 3.437352553054765281e+02
9.637578999999999452e-01 3.906523010448655242e+01 1.016366431536194597e+02 1.728246142689428098e+02 3.390444113497161425e+02
9.771921000000000079e-01 3.853323199571087088e+01 1.011182497905620892e+02 1.713346430060498164e+02 3.349105954326990968e+02
9.908137000000000194e-01 3.781135606198386512e+01 9.929072764262475914e+01 1.686150614881075853e+02 3.307480004426288360e+02
1.004625000000000101e+00 3.710157571527472697e+01 9.754621015163769471e+01 1.658476912222790247e+02 3.256584689349883206e+02
1.018629000000000007e+00 3.651421814350940309e+01 9.631460024251356344e+01 1.636833465337186340e+02 3.212532539573588224e+02
1.032828000000000079e+00 3.582339929217017271e+01 9.485660430417321720e+01 1.616598547685930782e+02 3.180784661533112967e+02
1.047225000000000072e+00 3.514428998942399573e+01 9.357801726086019301e+01 1.592185849400843836e+02 3.129919064465257179e+02
1.061822999999999961e+00 3.461377729823241367e+01 9.242261669526271817e+01 1.571972526596154296e+02 3.090524883552058100e+02
1.076624000000000025e+00 3.398505632505444396e+01 9.104873816927295138e+01 1.549902435287670812e+02 3.048242214280367648e+02
1.091631999999999936e+00 3.344689600759365078e+01 8.964109301769352101e+01 1.529247015505313811e+02 3.004508637514386464e+02
1.106848000000000054e+00 3.281357606973766394e+01 8.816435993987241204e+01 1.506011329102540515e+02 2.965716946577244926e+02
1.122276999999999969e+00 3.223941874078445835e+01 8.703547750335818023e+01 1.482323345291783596e+02 2.919331370218999382e+02
1.137920999999999960e+00 3.166174091887084430e+01 8.557563531837568860e+01 1.460072677154950043e+02 2.878317926376707874e+02
1.153783000000000003e+00 3.115423093906267127e+01 8.433921535727819219e+01 1.439296997634998547e+02 2.839354568626256423e+02
1.169866000000000072e+00 3.063663762845549954e+01 8.316961848677446767e+01 1.418167337791872171e+02 2.802826719180985151e+02
1.186174000000000062e+00 3.008290058328644534e+01 8.202296045086015397e+01 1.397493764844539328e+02 2.759894892963579878e+02
1.202708000000000110e+00 2.959677371827805104e+01 8.078544172510360966e+01 1.377735211461608742e+02 2.721282942609333304e+02
1.219473000000000029e+00 2.911647464541542618e+01 7.964000139669617795e+01 1.359083434324181781e+02 2.677308959896472516e+02
1.236472000000000016e+00 2.860805583372081884e+01 7.849619783295499076e+01 1.340046959810841543e+02 2.641197484964957312e+02
1.253708000000000045e+00 2.814845308129126522e+01 7.730975331013351592e+01 1.317510478336418487e+02 2.602039208996402522e+02
1.271184000000000092e+00 2.769400202786254539e+01 7.644792753373641858e+01 1.302790942591495877e+02 2.565036351382549356e+02
1.288904000000000050e+00 2.723334894415091512e+01 7.504607426712297524e+01 1.280541554598755454e+02 2.530050903970842739e+02
1.306869999999999976e+00 2.676581982970304807e+01 7.396209088667920639e+01 1.261197757004160707e+02 2.489130995708318039e+02
1.325086999999999904e+00 2.637295481611470294e+01 7.294094306709841646e+01 1.243762536659040592e+02 2.449703161497145345e+02
1.343558000000000030e+00 2.594550830194710045e+01 7.183871035951392514e+01 1.224834950372539453e+02 2.413102860529797908e+02
1.362287000000000026e+00 2.554643564658898569e+01 7.074477746934731215e+01 1.204908054177999617e+02 2.374418149000456424e+02
1.381275999999999948e+00 2.511422255486047206e+01 6.974305250659514854e+01 1.184374732479719370e+02 2.336349519087944770e+02
1.400530999999999970e+00 2.472083269696557295e+01 6.870862240217446981e+01 1.167245203240650255e+02 2.297414126878736340e+02
1.420053000000000010e+00 2.430368453293732500e+01 6.756727528996641752e+01 1.149850399605915499e+02 2.259250159383700236e+02
1.439848000000000017e+00 2.391935703757523513e+01 6.664917483857797720e+01 1.130572845849254549e+02 2.223887937951961646e+02
1.459918999999999967e+00 2.350756434289001717e+01 6.561519590137062607e+01 1.112791065825596064e+02 2.185238579176586597e+02
1.480269000000000057e+00 2.318581258329091455e+01 6.451122588329758401e+01 1.093638807718893986e+02 2.145254853385011984e+02
1.500903000000000098e+00 2.280667055220159511e+01 6.359207642715871600e+01 1.075868871433085587e+02 2.113733414803448341e+02
1.521824999999999983e+00 2.242921871053283311e+01 6.267594018711336190e+01 1.059922404067084898e+02 2.076539867736242400e+02
1.543037999999999910e+00 2.206100549884004636e+01 6.169537606913787897e+01 1.043582379871230756e+02 2.044084160399384018e+02
1.564548000000000050e+00 2.174534708039893971e+01 6.076234431473751130e+01 1.026482961961201852e+02 2.007609574740406515e+02
1.586357000000000017e+00 2.140681648394027548e+01 5.989305151431111085e+01 1.010081919742281826e+02 1.972872109770629265e+02
1.608468999999999927e+00 2.104988608192378052e+01 5.898508232525726669e+01 9.935646901874497416e+01 1.940992515226506328e+02
1.630891000000000091e+00 2.078573357885818496e+01 5.798912675012007156e+01 9.753391931101670309e+01 1.903354594812189475e+02
1.653623999999999983e+00 2.043077246085372778e+01 5.706797202261429192e+01 9.603618323616339580e+01 1.873098075859740277e+02
1.676674999999999915e+00 2.010500530987170364e+01 5.626681076788516833e+01 9.450081767315268166e+01 1.837940883853842990e+02
1.700047000000000086e+00 1.978368911391100582e+01 5.539081461968240916e+01 9.289173661183609454e+01 1.805866189442226926e+02
1.723745000000000083e+00 1.950002428290976653e+01 5.446675200114880511e+01 9.131345367572856730e+01 1.770585188984684635e+02
1.747773000000000021e+00 1.916369887191018861e+01 5.355887107310429940e+01 8.969040168651920908e+01 1.737126023667104846e+02
1.772135999999999934e+00 1.886187276322373663e+01 5.270877371637492104e+01 8.807886400978787833e+01 1.706061114138580592e+02
1.796837999999999935e+00 1.857478253908167787e+01 5.182605748571612736e+01 8.652990229498936969e+01 1.673017504917053770e+02
1.821884999999999977e+00 1.831279640485903926e+01 5.096800622584058260e+01 8.494466910367084722e+01 1.641783273308545290e+02
1.847280999999999951e+00 1.800217147377848548e+01 5.018798454558996269e+01 8.353358611034860814e+01 1.610355764075054310e+02
1.873032000000000030e+00 1.772340475464429232e+01 4.933267724850885827e+01 8.186643806775258270e+01 1.579670099305709812e+02
1.899140999999999968e+00 1.744191538681875286e+01 4.844889067935155680e+01 8.042583422103525947e+01 1.548579622694122122e+02
1.925613999999999937e+00 1.718115251937560828e+01 4.765806583368275540e+01 7.899962117181671317e+01 1.516934286186894099e+02
1.952455999999999969e+00 1.695841922474392049e+01 4.690646217787394789e+01 7.761008428005614235e+01 1.486924032517287060e+02
1.979672000000000098e+00 1.665381622267351247e+01 4.615448467105519370e+01 7.618617848598459830e+01 1.457632126575172435e+02
2.007267000000000134e+00 1.641617504354126922e+01 4.536517156111332838e+01 7.468114475704499000e+01 1.429720109015742366e+02
2.035248000000000168e+00 1.614616020932949425e+01 4.455354553756617975e+01 7.328253261853156175e+01 1.399691698964096815e+02
2.063617999999999952e+00 1.589182005347873350e+01 4.375835694458350389e+01 7.188930146681622091e+01 1.370610409865490453e+02
2.092382999999999882e+00 1.565435991206549460e+01 4.299915003294476179e+01 7.048261854412712069e+01 1.342050772257388473e+02
2.121550000000000047e+00 1.539549543984366231e+01 4.221787486071223583e+01 6.911719175634517853e+01 1.314168895055421729e+02
2.151123000000000118e+00 1.515651180273981780e+01 4.148357286008458544e+01 6.773219375004840970e+01 1.285339598869914823e+02
2.181109000000000187e+00 1.491050243927802121e+01 4.069498546497456459e+01 6.640032633378756088e+01 1.258377462239009645e+02
2.211511999999999922e+00 1.467744015748965403e+01 3.993357665998150452e+01 6.501927760572789339e+01 1.230165665670259614e+02
2.242340000000000000e+00 1.444157749386582346e+01 3.923271268762916719e+01 6.374425536439408546e+01 1.203659685647089645e+02
2.273597000000000090e+00 1.419360646779425217e+01 3.850608770017058191e+01 6.239328688793482769e+01 1.176970154361809620e+02
2.305289000000000144e+00 1.398052144702088384e+01 3.777165842107998373e+01 6.113578872487430971e+01 1.151143023239803682e+02
2.337423999999999946e+00 1.375758192461917773e+01 3.704720179492590404e+01 5.984629458730756824e+01 1.125831835313719012e+02
2.370006000000000057e+00 1.353412690082028824e+01 3.635467261705846909e+01 5.862276424572186784e+01 1.101326550511335682e+02
2.403042999999999818e+00 1.330339472894460506e+01 3.567551868678894778e+01 5.737412501465174586e+01 1.076264301796834673e+02
2.436539999999999928e+00 1.309807197412266788e+01 3.501119380854047591e+01 5.618480907425058035e+01 1.051823716724345417e+02
2.470504000000000033e+00 1.288646132233378516e+01 3.434285809534170397e+01 5.498015944419028500e+01 1.027950106097207765e+02
2.504941999999999780e+00 1.267895771090879720e+01 3.369664499625903886e+01 5.383195124273706966e+01 1.004937813317913538e+02
2.539858999999999867e+00 1.248080327182017868e+01 3.302517287938708535e+01 5.266114407504271355e+01 9.812552235810819923e+01
2.575263000000000080e+00 1.226343231639778963e+01 3.235252774806624387e+01 5.155687472740937238e+01 9.591501379953761841e+01
2.611161000000000065e+00 1.206679904129435066e+01 3.172349797426675266e+01 5.038346387171464613e+01 9.367083416574753585e+01
2.647559000000000218e+00 1.186534401070068689e+01 3.107924076414630576e+01 4.925119618331280691e+01 9.142059646282346819e+01
2.684464999999999879e+00 1.166484121345136415e+01 3.046943007229667089e+01 4.814841177843221942e+01 8.924877283368147118e+01
2.721884999999999888e+00 1.145875656102347584e+01 2.981057639357195654e+01 4.706560354013615211e+01 8.712105000237714592e+01
2.759825999999999890e+00 1.126592149921951069e+01 2.918362951954275886e+01 4.598207748807019613e+01 8.501897719825173283e+01
2.798296999999999812e+00 1.107000111462204295e+01 2.858520788360138454e+01 4.492344726293717372e+01 8.300588817681389742e+01
2.837304000000000048e+00 1.088110465810709293e+01 2.797803621278223929e+01 4.388792530767788946e+01 8.099835884701751354e+01
2.876853999999999800e+00 1.069156853270993679e+01 2.737725870022157793e+01 4.287315093195428517e+01 7.904319561547418971e+01
2.916955999999999882e+00 1.050838911021429389e+01 2.680670739720040530e+01 4.187925139863308743e+01 7.707727739587632243e+01
2.957616999999999940e+00 1.032877574133307874e+01 2.623883399392804350e+01 4.091931849224233986e+01 7.520502337062495712e+01
2.998844000000000065e+00 1.014879639531205058e+01 2.568368631151636450e+01 3.996099639188972219e+01 7.335801668750158910e+01
3.040646000000000182e+00 9.971564264099740171e+00 2.512783644279204509e+01 3.900913468549344998e+01 7.160591790735877282e+01
3.083031000000000077e+00 9.798248377457053238e+00 2.457681637357836735e+01 3.809350007969963769e+01 6.984502568846377812e+01
3.126006999999999980e+00 9.628536380114649518e+00 2.405715542290010234e+01 3.719623760243299415e+01 6.812166518565420859e+01
3.169582000000000122e+00 9.457181603567866190e+00 2.351601969953274107e+01 3.628792322431493744e+01 6.644086561710565775e+01
3.213763999999999843e+00 9.286826999002155247e+00 2.299539982838993879e+01 3.541702912570548989e+01 6.479275891110467001e+01
3.258561999999999959e+00 9.115686405113992308e+00 2.248984858298159040e+01 3.455937467808583818e+01 6.317058619656626917e+01
3.303984999999999950e+00 8.948683042619931527e+00 2.196933410218930405e+01 3.370703016439159683e+01 6.158164757256879085e+01
3.350041000000000047e+00 8.785275118339125555e+00 2.146043422799775158e+01 3.287297453250005219e+01 6.001781577362186937e+01
3.396739000000000175e+00 8.618617475565278241e+00 2.096503836145275201e+01 3.206456975716184132e+01 5.848287973101702164e+01
3.444087000000000121e+00 8.457886453181352238e+00 2.047465148636943510e+01 3.124535510868691901e+01 5.698823811507284631e+01
3.492096000000000089e+00 8.299975792608817571e+00 2.000043878299781142e+01 3.047438818817443362e+01 5.554805279120822803e+01
3.540773999999999866e+00 8.137639994393900622e+00 1.953328586297427094e+01 2.971375488808885024e+01 5.412799676036921426e+01
3.590129999999999821e+00 7.985115276975667697e+00 1.907202856972750027e+01 2.895873725524787190e+01 5.275651990174123540e+01
3.640175000000000161e+00 7.833471278845711261e+00 1.862250541613614629e+01 2.824115782859379920e+01 5.141339844251366742e+01
3.690916999999999781e+00 7.680736722311366727e+00 1.819246203470084922e+01 2.751178617605057397e+01 5.009365837942301880e+01
3.742366000000000081e+00 7.532842272433585507e+00 1.774992136963463452e+01 2.682504983257537035e+01 4.882976390543142031e+01
3.794532999999999934e+00 7.388858114655537435e+00 1.733322218987355257e+01 2.615051533438746034e+01 4.757952560243125362e+01
3.847427000000000152e+00 7.243959982468365588e+00 1.691668465406080912e+01 2.548560365305079500e+01 4.638088975831948346e+01
3.901057999999999915e+00 7.100110294942551192e+00 1.651219340173031114e+01 2.484268433000855936e+01 4.519072860494788557e+01
3.955436000000000174e+00 6.964612992426222782e+00 1.611525507048876804e+01 2.420140177590038633e+01 4.402943769172168942e+01
4.010572999999999944e+00 6.821349681974346879e+00 1.572048964723953368e+01 2.358696115657507164e+01 4.291335972986379232e+01
4.066478000000000037e+00 6.682194909803558680e+00 1.532970609606071832e+01 2.297345964818589437e+01 4.179572953403708624e+01
4.123162999999999911e+00 6.543987442926407994e+00 1.495337944956487419e+01 2.237441057874741546e+01 4.070732111876495907e+01
4.180636999999999937e+00 6.410516405390448647e+00 1.458373106838473809e+01 2.179345387621916430e+01 3.964349680600624026e+01
4.238913000000000153e+00 6.276122161190076376e+00 1.421360034501406489e+01 2.121942253406945156e+01 3.861511181676608828e+01
4.298001000000000182e+00 6.141395126760727408e+00 1.385531392819595276e+01 2.066593712717347131e+01 3.760128357427026913e+01
4.357912999999999926e+00 6.014797065156923139e+00 1.350448480442108590e+01 2.012417615395070669e+01 3.662682274562057216e+01
4.418660000000000032e+00 5.886468472946395636e+00 1.316617134428144098e+01 1.959220839660871860e+01 3.567727642936026911e+01
4.480254000000000403e+00 5.759413440274944840e+00 1.283216138341564161e+01 1.907704602126412752e+01 3.474400481196301627e+01
4.542705999999999911e+00 5.637159064739463155e+00 1.250469028218812007e+01 1.857444309520797887e+01 3.383993861501752320e+01
4.606029000000000373e+00 5.515157804121256113e+00 1.219082093172692005e+01 1.808738180124939277e+01 3.296626363521165359e+01
4.670233999999999774e+00 5.395289964760454637e+00 1.188080276673118618e+01 1.762142189095472489e+01 3.211759448621284463e+01
4.735335000000000072e+00 5.278978568655357861e+00 1.158064697106985719e+01 1.716098689545607314e+01 3.128643370735724361e+01
4.801343000000000139e+00 5.165737484605278595e+00 1.128979731607406833e+01 1.671474988097355308e+01 3.047313077027124706e+01
4.868271000000000015e+00 5.051934383813047269e+00 1.100122549573746511e+01 1.627676201641590481e+01 2.968555597881099928e+01
4.936131999999999742e+00 4.940811610834102474e+00 1.071892085722958932e+01 1.584986206817693599e+01 2.891639838197944101e+01
5.004939000000000249e+00 4.829602542460497361e+00 1.044322180443425374e+01 1.543273480495667549e+01 2.816035491906137622e+01
5.074704999999999799e+00 4.719550296465309103e+00 1.017292412743358376e+01 1.502132048927955488e+01 2.742535206929902714e+01
5.145444000000000351e+00 4.612880849607456923e+00 9.908115863644438193e+00 1.462332001183502506e+01 2.670285377679947203e+01
5.217169000000000167e+00 4.505553161880080815e+00 9.647134438397324985e+00 1.423492050354195015e+01 2.599416809838287890e+01
5.289893000000000178e+00 4.402680060762695469e+00 9.394531661381806842e+00 1.385657026939000680e+01 2.531080246493326413e+01
5.363630999999999815e+00 4.299192301892648338e+00 9.147418932650989376e+00 1.348439415239926831e+01 2.464011507216490671e+01
5.438397000000000148e+00 4.199128845480990968e+00 8.906025701235524394e+00 1.312558916313292023e+01 2.398528773375879197e+01
5.514205999999999719e+00 4.100715400512780384e+00 8.671794428766334661e+00 1.277551364726099514e+01 2.335150361777253991e+01
5.591071000000000346e+00 4.003112067805788321e+00 8.444805424826716589e+00 1.243563926587737356e+01 2.273346437946350207e+01
5.669006999999999685e+00 3.909856277950275238e+00 8.223350807395368278e+00 1.210667185215800856e+01 2.213780336600095211e+01
5.748029999999999973e+00 3.817343795622699876e+00 8.007472568739878227e+00 1.178590719065388903e+01 2.155229039900029875e+01
5.828154999999999752e+00 3.727132063175211396e+00 7.798395557925615229e+00 1.147572833965669048e+01 2.098643975665642714e+01
5.909396000000000093e+00 3.638801743939322098e+00 7.594529372107041709e+00 1.117403906126271096e+01 2.043824304023571514e+01
5.991769999999999818e+00 3.552046219982045283e+00 7.395943873674601932e+00 1.087944223624071682e+01 1.990375118884722738e+01
6.075292000000000137e+00 3.467305916166018687e+00 7.203105398607528187e+00 1.059456770945290849e+01 1.937804913255504857e+01
6.159977999999999732e+00 3.383806352515533522e+00 7.013718668032024262e+00 1.031550360931864496e+01 1.886957887965113656e+01
6.245845000000000091e+00 3.302061214943490697e+00 6.828994542080683239e+00 1.004336142016323308e+01 1.837025143104709457e+01
6.332907999999999760e+00 3.220975503666586359e+00 6.647377967685363487e+00 9.775607153969071206e+00 1.787940837154246765e+01
6.421185999999999616e+00 3.141767314874285066e+00 6.470718513581605436e+00 9.514114643965285723e+00 1.740019121908244060e+01
6.510693999999999981e+00 3.063754392663095238e+00 6.297833300820085967e+00 9.260059672969148892e+00 1.693310780204613764e+01
6.601448999999999678e+00 2.987883606062014863e+00 6.129670063860270801e+00 9.012124274043529226e+00 1.647657218148570024e+01
6.693469999999999587e+00 2.912905114458739231e+00 5.965486002513034514e+00 8.769940673627962369e+00 1.603106871335713635e+01
6.786773000000000167e+00 2.840199183246039372e+00 5.805662566290063609e+00 8.534405452381523816e+00 1.559926979882017761e+01
6.881376999999999633e+00 2.769296006450211678e+00 5.650645715001450853e+00 8.306370293413673167e+00 1.517728316993933468e+01
6.977299999999999613e+00 2.699947722777384485e+00 5.500364916703282425e+00 8.086000076664092262e+00 1.476738044796748461e+01
7.074558999999999820e+00 2.632818622753095639e+00 5.354055277315378447e+00 7.870287615920795510e+00 1.436849175116212507e+01
7.173174999999999635e+00 2.566968039578322092e+00 5.212479684686897485e+00 7.661100800560042501e+00 1.398253419023665955e+01
7.273164999999999658e+00 2.503296775304928445e+00 5.074877192902545353e+00 7.458826630502444210e+00 1.360744833885124550e+01
7.374549000000000021e+00 2.440743621684076103e+00 4.940717789376988911e+00 7.261935336839771438e+00 1.324337357279689265e+01
7.477345999999999826e+00 2.379837525846706825e+00 4.810886087571451419e+00 7.071471891299770718e+00 1.288768526329893938e+01
7.581576000000000093e+00 2.320730843491792594e+00 4.683844444011242558e+00 6.884686619069363189e+00 1.254176795641494380e+01
7.687260000000000204e+00 2.262655017500566412e+00 4.560578662825189866e+00 6.703224735662288936e+00 1.220472420265490499e+01
7.794416000000000011e+00 2.205723329768934704e+00 4.440221328714258675e+00 6.524665096275227505e+00 1.187392872015142942e+01
7.903065999999999924e+00 2.150087828433915771e+00 4.321484098096025406e+00 6.350162716130090423e+00 1.154952768253755124e+01
8.013230000000000075e+00 2.095502205864281375e+00 4.206415048355419017e+00 6.180804186949172774e+00 1.123359261742575299e+01
8.124930000000000874e+00 2.042058161290426277e+00 4.093865055884275073e+00 6.014931333540251224e+00 1.092432974731867823e+01
8.238186999999999927e+00 1.990193713555313382e+00 3.984174676653283065e+00 5.853069671493037696e+00 1.062266850063880597e+01
8.353023000000000309e+00 1.939375544126101358e+00 3.877458332247372130e+00 5.695381026255166290e+00 1.032865594734381531e+01
8.469459999999999766e+00 1.890083439443781765e+00 3.773865482460805776e+00 5.542596226138792659e+00 1.004341978408274905e+01
8.587519000000000347e+00 1.842231615493238106e+00 3.673034238680178643e+00 5.393724549429884441e+00 9.765706236976402721e+00
8.707224999999999326e+00 1.795655771978860393e+00 3.575179794533079658e+00 5.249587544734034772e+00 9.496129850836855013e+00
8.828599000000000530e+00 1.750489954310024299e+00 3.480693247621784892e+00 5.109765708991854893e+00 9.234272712342017186e+00
8.951665000000000205e+00 1.706429500983272840e+00 3.389101720243535620e+00 4.973708291981806084e+00 8.981041660500251211e+00
9.076446000000000680e+00 1.663973474063140001e+00 3.299998890250227301e+00 4.842169333953341592e+00 8.734824640918180449e+00
9.202966999999999231e+00 1.622597386654899276e+00 3.213594024783928749e+00 4.714545937855193714e+00 8.495745036886713564e+00
9.331250999999999962e+00 1.582362003160617814e+00 3.129649868972182780e+00 4.590139368169297462e+00 8.263611179009007657e+00
9.461323999999999401e+00 0.000000000000000000e+00 0.000000000000000000e+00 0.000000000000000000e+00 0.000000000000000000e+00
9.593208999999999875e+00 0.000000000000000000e+00 0.000000000000000000e+00 0.000000000000000000e+00 0.000000000000000000e+00
9.726933999999999969e+00 0.000000000000000000e+00 0.000000000000000000e+00 0.000000000000000000e+00 0.000000000000000000e+00
9.862522000000000233e+00 0.000000000000000000e+00 0.000000000000000000e+00 0.000000000000000000e+00 0.000000000000000000e+00
1.000000000000000000e+01 0.000000000000000000e+00 0.000000000000000000e+00 0.000000000000000000e+00 0.000000000000000000e+00
