 1.000000e-02  5.641780e+03  1.028117e+04  1.390510e+04  2.072758e+04 
 1.013939e-02  5.671904e+03  1.033584e+04  1.397873e+04  2.083694e+04 
 1.028073e-02  5.701549e+03  1.038962e+04  1.405123e+04  2.094460e+04 
 1.042404e-02  5.730684e+03  1.044246e+04  1.412254e+04  2.105044e+04 
 1.056935e-02  5.759303e+03  1.049434e+04  1.419256e+04  2.115432e+04 
 1.071668e-02  5.787413e+03  1.054530e+04  1.426123e+04  2.125610e+04 
 1.086606e-02  5.814982e+03  1.059526e+04  1.432855e+04  2.135580e+04 
 1.101753e-02  5.841962e+03  1.064414e+04  1.439448e+04  2.145341e+04 
 1.117111e-02  5.868351e+03  1.069195e+04  1.445897e+04  2.154893e+04 
 1.132683e-02  5.894143e+03  1.073868e+04  1.452197e+04  2.164224e+04 
 1.148472e-02  5.919315e+03  1.078424e+04  1.458333e+04  2.173319e+04 
 1.164481e-02  5.943804e+03  1.082857e+04  1.464296e+04  2.182160e+04 
 1.180713e-02  5.967532e+03  1.087150e+04  1.470074e+04  2.190715e+04 
 1.197171e-02  5.990522e+03  1.091310e+04  1.475675e+04  2.198995e+04 
 1.213859e-02  6.012882e+03  1.095353e+04  1.481125e+04  2.207040e+04 
 1.230780e-02  6.034592e+03  1.099277e+04  1.486413e+04  2.214840e+04 
 1.247936e-02  6.055582e+03  1.103069e+04  1.491517e+04  2.222375e+04 
 1.265332e-02  6.075799e+03  1.106720e+04  1.496422e+04  2.229638e+04 
 1.282970e-02  6.095210e+03  1.110220e+04  1.501121e+04  2.236602e+04 
 1.300854e-02  6.113805e+03  1.113575e+04  1.505622e+04  2.243253e+04 
 1.318987e-02  6.131584e+03  1.116779e+04  1.509926e+04  2.249594e+04 
 1.337373e-02  6.148515e+03  1.119829e+04  1.514023e+04  2.255620e+04 
 1.356015e-02  6.164579e+03  1.122719e+04  1.517901e+04  2.261328e+04 
 1.374917e-02  6.179753e+03  1.125447e+04  1.521558e+04  2.266709e+04 
 1.394083e-02  6.194011e+03  1.128006e+04  1.524986e+04  2.271746e+04 
 1.413516e-02  6.207338e+03  1.130396e+04  1.528186e+04  2.276433e+04 
 1.433219e-02  6.219745e+03  1.132618e+04  1.531166e+04  2.280779e+04 
 1.453198e-02  6.231188e+03  1.134665e+04  1.533913e+04  2.284766e+04 
 1.473454e-02  6.241626e+03  1.136528e+04  1.536412e+04  2.288384e+04 
 1.493993e-02  6.251068e+03  1.138207e+04  1.538653e+04  2.291644e+04 
 1.514819e-02  6.259527e+03  1.139707e+04  1.540645e+04  2.294549e+04 
 1.535935e-02  6.266909e+03  1.141014e+04  1.542376e+04  2.297052e+04 
 1.557345e-02  6.273210e+03  1.142123e+04  1.543844e+04  2.299148e+04 
 1.579053e-02  6.278433e+03  1.143036e+04  1.545042e+04  2.300850e+04 
 1.601064e-02  6.282555e+03  1.143747e+04  1.545970e+04  2.302151e+04 
 1.623382e-02  6.285554e+03  1.144254e+04  1.546621e+04  2.303038e+04 
 1.646012e-02  6.287411e+03  1.144553e+04  1.546991e+04  2.303503e+04 
 1.668956e-02  6.288104e+03  1.144639e+04  1.547072e+04  2.303534e+04 
 1.692220e-02  6.287607e+03  1.144506e+04  1.546859e+04  2.303131e+04 
 1.715809e-02  6.285893e+03  1.144152e+04  1.546346e+04  2.302284e+04 
 1.739726e-02  6.282953e+03  1.143572e+04  1.545530e+04  2.300980e+04 
 1.763977e-02  6.278794e+03  1.142773e+04  1.544414e+04  2.299216e+04 
 1.788566e-02  6.273412e+03  1.141750e+04  1.542993e+04  2.296992e+04 
 1.813498e-02  6.266766e+03  1.140497e+04  1.541263e+04  2.294313e+04 
 1.838777e-02  6.258859e+03  1.139013e+04  1.539221e+04  2.291174e+04 
 1.864409e-02  6.249667e+03  1.137296e+04  1.536863e+04  2.287562e+04 
 1.890397e-02  6.239175e+03  1.135340e+04  1.534183e+04  2.283466e+04 
 1.916748e-02  6.227372e+03  1.133147e+04  1.531182e+04  2.278891e+04 
 1.943467e-02  6.214281e+03  1.130717e+04  1.527859e+04  2.273850e+04 
 1.970558e-02  6.199881e+03  1.128049e+04  1.524215e+04  2.268332e+04 
 1.998026e-02  6.184142e+03  1.125138e+04  1.520240e+04  2.262311e+04 
 2.025878e-02  6.167053e+03  1.121982e+04  1.515937e+04  2.255784e+04 
 2.054117e-02  6.148632e+03  1.118582e+04  1.511304e+04  2.248769e+04 
 2.082751e-02  6.128889e+03  1.114942e+04  1.506344e+04  2.241276e+04 
 2.111783e-02  6.107819e+03  1.111058e+04  1.501055e+04  2.233302e+04 
 2.141220e-02  6.085484e+03  1.106941e+04  1.495447e+04  2.224843e+04 
 2.171068e-02  6.062343e+03  1.102649e+04  1.489576e+04  2.215918e+04 
 2.201331e-02  6.037858e+03  1.098115e+04  1.483378e+04  2.206495e+04 
 2.232016e-02  6.012055e+03  1.093340e+04  1.476853e+04  2.196585e+04 
 2.263130e-02  5.984929e+03  1.088326e+04  1.470005e+04  2.186190e+04 
 2.294676e-02  5.956514e+03  1.083075e+04  1.462835e+04  2.175318e+04 
 2.326663e-02  5.926801e+03  1.077588e+04  1.455345e+04  2.163971e+04 
 2.359095e-02  5.895803e+03  1.071867e+04  1.447540e+04  2.152153e+04 
 2.391980e-02  5.863518e+03  1.065911e+04  1.439421e+04  2.139872e+04 
 2.425323e-02  5.829967e+03  1.059727e+04  1.430993e+04  2.127127e+04 
 2.459130e-02  5.795189e+03  1.053319e+04  1.422262e+04  2.113931e+04 
 2.493409e-02  5.759201e+03  1.046692e+04  1.413233e+04  2.100290e+04 
 2.528166e-02  5.722012e+03  1.039846e+04  1.403909e+04  2.086210e+04 
 2.563407e-02  5.683667e+03  1.032787e+04  1.394297e+04  2.071703e+04 
 2.599140e-02  5.644172e+03  1.025522e+04  1.384408e+04  2.056783e+04 
 2.635371e-02  5.603570e+03  1.018056e+04  1.374246e+04  2.041456e+04 
 2.672106e-02  5.561887e+03  1.010394e+04  1.363821e+04  2.025737e+04 
 2.709354e-02  5.519172e+03  1.002544e+04  1.353139e+04  2.009639e+04 
 2.747121e-02  5.475455e+03  9.945104e+03  1.342212e+04  1.993174e+04 
 2.785414e-02  5.430693e+03  9.862899e+03  1.331035e+04  1.976343e+04 
 2.824241e-02  5.384645e+03  9.778461e+03  1.319568e+04  1.959105e+04 
 2.863610e-02  5.337702e+03  9.692425e+03  1.307884e+04  1.941546e+04 
 2.903527e-02  5.289937e+03  9.604878e+03  1.295995e+04  1.923682e+04 
 2.944000e-02  5.241388e+03  9.515907e+03  1.283914e+04  1.905531e+04 
 2.985038e-02  5.192086e+03  9.425598e+03  1.271651e+04  1.887112e+04 
 3.026648e-02  5.142095e+03  9.334038e+03  1.259223e+04  1.868447e+04 
 3.068838e-02  5.091470e+03  9.241338e+03  1.246641e+04  1.849555e+04 
 3.111616e-02  5.040287e+03  9.147619e+03  1.233923e+04  1.830460e+04 
 3.154990e-02  4.988593e+03  9.052972e+03  1.221078e+04  1.811177e+04 
 3.198969e-02  4.936434e+03  8.957478e+03  1.208121e+04  1.791729e+04 
 3.243561e-02  4.883866e+03  8.861249e+03  1.195065e+04  1.772135e+04 
 3.288774e-02  4.830958e+03  8.764411e+03  1.181924e+04  1.752419e+04 
 3.334618e-02  4.777773e+03  8.667088e+03  1.168718e+04  1.732606e+04 
 3.381101e-02  4.724380e+03  8.569396e+03  1.155464e+04  1.712720e+04 
 3.428231e-02  4.670847e+03  8.471450e+03  1.142176e+04  1.692786e+04 
 3.476019e-02  4.617111e+03  8.373468e+03  1.128923e+04  1.673013e+04 
 3.524473e-02  4.563364e+03  8.275471e+03  1.115668e+04  1.653241e+04 
 3.573602e-02  4.509675e+03  8.177575e+03  1.102425e+04  1.633488e+04 
 3.623416e-02  4.456097e+03  8.079894e+03  1.089210e+04  1.613776e+04 
 3.673925e-02  4.402705e+03  7.982545e+03  1.076043e+04  1.594131e+04 
 3.725137e-02  4.349561e+03  7.885658e+03  1.062937e+04  1.574576e+04 
 3.777064e-02  4.296739e+03  7.789356e+03  1.049912e+04  1.555139e+04 
 3.829714e-02  4.244293e+03  7.693751e+03  1.036978e+04  1.535842e+04 
 3.883098e-02  4.192285e+03  7.598944e+03  1.024151e+04  1.516703e+04 
 3.937226e-02  4.140772e+03  7.505027e+03  1.011445e+04  1.497745e+04 
 3.992109e-02  4.089816e+03  7.412120e+03  9.988743e+03  1.478988e+04 
 4.047757e-02  4.039470e+03  7.320292e+03  9.864428e+03  1.460427e+04 
 4.104181e-02  3.989514e+03  7.228515e+03  9.739454e+03  1.441563e+04 
 4.161391e-02  3.940281e+03  7.138045e+03  9.616248e+03  1.422967e+04 
 4.219398e-02  3.891810e+03  7.048967e+03  9.494939e+03  1.404657e+04 
 4.278214e-02  3.844147e+03  6.961357e+03  9.375624e+03  1.386647e+04 
 4.337850e-02  3.797328e+03  6.875283e+03  9.258395e+03  1.368948e+04 
 4.398317e-02  3.751396e+03  6.790814e+03  9.143337e+03  1.351574e+04 
 4.459628e-02  3.706376e+03  6.708012e+03  9.030542e+03  1.334538e+04 
 4.521792e-02  3.662300e+03  6.626923e+03  8.920071e+03  1.317850e+04 
 4.584824e-02  3.619176e+03  6.547577e+03  8.811962e+03  1.301516e+04 
 4.648734e-02  3.577020e+03  6.469998e+03  8.706233e+03  1.285540e+04 
 4.713535e-02  3.536090e+03  6.395513e+03  8.605580e+03  1.270565e+04 
 4.779239e-02  3.496282e+03  6.323596e+03  8.508931e+03  1.256331e+04 
 4.845859e-02  3.457451e+03  6.253439e+03  8.414657e+03  1.242449e+04 
 4.913407e-02  3.419588e+03  6.185026e+03  8.322742e+03  1.228916e+04 
 4.981898e-02  3.382671e+03  6.118327e+03  8.233149e+03  1.215726e+04 
 5.051342e-02  3.346675e+03  6.053301e+03  8.145807e+03  1.202870e+04 
 5.121755e-02  3.311576e+03  5.989899e+03  8.060631e+03  1.190338e+04 
 5.193150e-02  3.277328e+03  5.928039e+03  7.977521e+03  1.178114e+04 
 5.265540e-02  3.243877e+03  5.867621e+03  7.896358e+03  1.166178e+04 
 5.338938e-02  3.210908e+03  5.807555e+03  7.815156e+03  1.154098e+04 
 5.413360e-02  3.178329e+03  5.747586e+03  7.733467e+03  1.141784e+04 
 5.488820e-02  3.146404e+03  5.688814e+03  7.653393e+03  1.129715e+04 
 5.565331e-02  3.114989e+03  5.630965e+03  7.574572e+03  1.117836e+04 
 5.642908e-02  3.083928e+03  5.573766e+03  7.496635e+03  1.106093e+04 
 5.721568e-02  3.053311e+03  5.517382e+03  7.419807e+03  1.094517e+04 
 5.801323e-02  3.023419e+03  5.462310e+03  7.344762e+03  1.083210e+04 
 5.882190e-02  2.994274e+03  5.408590e+03  7.271556e+03  1.072179e+04 
 5.964185e-02  2.965523e+03  5.355995e+03  7.200282e+03  1.061549e+04 
 6.047322e-02  2.936970e+03  5.304844e+03  7.132084e+03  1.051681e+04 
 6.131619e-02  2.907836e+03  5.252645e+03  7.062472e+03  1.041607e+04 
 6.217090e-02  2.878268e+03  5.199666e+03  6.991811e+03  1.031381e+04 
 6.303753e-02  2.848417e+03  5.146172e+03  6.920464e+03  1.021056e+04 
 6.391624e-02  2.818257e+03  5.092120e+03  6.848378e+03  1.010624e+04 
 6.480720e-02  2.787620e+03  5.037202e+03  6.775139e+03  1.000023e+04 
 6.571058e-02  2.756326e+03  4.981080e+03  6.700298e+03  9.891879e+03 
 6.662655e-02  2.722937e+03  4.919045e+03  6.615283e+03  9.762367e+03 
 6.755528e-02  2.688673e+03  4.855390e+03  6.528042e+03  9.629458e+03 
 6.849697e-02  2.653513e+03  4.790155e+03  6.438695e+03  9.493550e+03 
 6.945178e-02  2.617406e+03  4.723248e+03  6.347122e+03  9.354447e+03 
 7.041990e-02  2.580307e+03  4.654576e+03  6.253208e+03  9.211991e+03 
 7.140151e-02  2.542169e+03  4.584048e+03  6.156844e+03  9.066023e+03 
 7.239681e-02  2.503247e+03  4.512415e+03  6.059406e+03  8.919775e+03 
 7.340598e-02  2.463584e+03  4.439822e+03  5.961161e+03  8.773871e+03 
 7.442922e-02  2.422862e+03  4.365334e+03  5.860415e+03  8.624331e+03 
 7.546673e-02  2.381119e+03  4.289030e+03  5.757256e+03  8.471299e+03 
 7.651869e-02  2.338396e+03  4.211005e+03  5.651796e+03  8.314971e+03 
 7.758532e-02  2.294767e+03  4.131386e+03  5.544210e+03  8.155592e+03 
 7.866682e-02  2.251283e+03  4.053330e+03  5.440009e+03  8.004311e+03 
 7.976339e-02  2.208626e+03  3.978841e+03  5.342664e+03  7.868095e+03 
 8.087525e-02  2.165327e+03  3.903128e+03  5.243630e+03  7.729220e+03 
 8.200261e-02  2.121525e+03  3.826456e+03  5.143227e+03  7.588173e+03 
 8.314568e-02  2.077364e+03  3.749103e+03  5.041806e+03  7.445486e+03 
 8.430468e-02  2.033020e+03  3.671354e+03  4.939783e+03  7.301732e+03 
 8.547985e-02  1.987647e+03  3.590211e+03  4.831797e+03  7.145729e+03 
 8.667139e-02  1.942002e+03  3.507877e+03  4.721559e+03  6.984771e+03 
 8.787954e-02  1.896776e+03  3.426316e+03  4.612352e+03  6.825288e+03 
 8.910453e-02  1.852162e+03  3.345878e+03  4.504639e+03  6.667963e+03 
 9.034660e-02  1.808361e+03  3.266909e+03  4.398888e+03  6.513484e+03 
 9.160598e-02  1.766274e+03  3.191983e+03  4.299417e+03  6.370143e+03 
 9.288292e-02  1.725974e+03  3.121139e+03  4.206186e+03  6.237664e+03 
 9.417766e-02  1.686949e+03  3.052548e+03  4.115928e+03  6.109414e+03 
 9.549045e-02  1.649339e+03  2.986482e+03  4.029011e+03  5.985931e+03 
 9.682153e-02  1.613278e+03  2.923186e+03  3.945770e+03  5.867715e+03 
 9.817117e-02  1.579161e+03  2.863770e+03  3.868077e+03  5.758487e+03 
 9.953962e-02  1.546889e+03  2.807787e+03  3.795067e+03  5.656379e+03 
 1.009272e-01  1.516391e+03  2.754969e+03  3.726273e+03  5.560354e+03 
 1.023340e-01  1.487696e+03  2.705380e+03  3.661806e+03  5.470596e+03 
 1.037605e-01  1.460091e+03  2.656868e+03  3.597953e+03  5.379919e+03 
 1.052069e-01  1.431549e+03  2.603413e+03  3.524492e+03  5.268485e+03 
 1.066734e-01  1.404768e+03  2.553203e+03  3.455477e+03  5.163696e+03 
 1.081604e-01  1.379641e+03  2.506038e+03  3.390644e+03  5.065156e+03 
 1.096681e-01  1.356055e+03  2.461756e+03  3.329697e+03  4.972474e+03 
 1.111968e-01  1.334365e+03  2.421541e+03  3.274541e+03  4.888611e+03 
 1.127468e-01  1.313865e+03  2.383504e+03  3.222388e+03  4.809237e+03 
 1.143184e-01  1.294327e+03  2.347206e+03  3.172630e+03  4.733432e+03 
 1.159120e-01  1.275532e+03  2.312298e+03  3.124757e+03  4.660460e+03 
 1.175277e-01  1.258446e+03  2.281810e+03  3.083959e+03  4.600294e+03 
 1.191660e-01  1.241688e+03  2.252039e+03  3.044225e+03  4.541927e+03 
 1.208271e-01  1.224900e+03  2.222219e+03  3.004433e+03  4.483481e+03 
 1.225114e-01  1.207824e+03  2.191885e+03  2.963965e+03  4.424148e+03 
 1.242191e-01  1.190004e+03  2.160160e+03  2.921805e+03  4.363506e+03 
 1.259506e-01  1.171535e+03  2.127234e+03  2.878005e+03  4.300425e+03 
 1.277063e-01  1.152236e+03  2.092778e+03  2.832127e+03  4.234249e+03 
 1.294865e-01  1.132317e+03  2.057365e+03  2.784986e+03  4.165697e+03 
 1.312915e-01  1.111771e+03  2.021032e+03  2.736579e+03  4.094697e+03 
 1.331216e-01  1.090153e+03  1.982744e+03  2.685466e+03  4.019650e+03 
 1.349772e-01  1.067492e+03  1.942550e+03  2.631837e+03  3.940979e+03 
 1.368587e-01  1.045065e+03  1.904881e+03  2.584009e+03  3.877849e+03 
 1.387665e-01  1.021713e+03  1.865434e+03  2.533660e+03  3.810681e+03 
 1.407008e-01  9.976286e+02  1.824515e+03  2.481229e+03  3.740076e+03 
 1.426621e-01  9.737800e+02  1.784014e+03  2.428860e+03  3.667130e+03 
 1.446507e-01  9.498474e+02  1.743279e+03  2.375912e+03  3.592409e+03 
 1.466671e-01  9.258457e+02  1.702283e+03  2.322487e+03  3.516752e+03 
 1.487115e-01  8.996930e+02  1.655147e+03  2.259258e+03  3.424138e+03 
 1.507845e-01  8.725257e+02  1.604697e+03  2.190575e+03  3.321819e+03 
 1.528864e-01  8.462777e+02  1.555954e+03  2.124201e+03  3.222921e+03 
 1.550175e-01  8.232096e+02  1.515091e+03  2.070054e+03  3.145247e+03 
 1.571784e-01  8.028347e+02  1.480522e+03  2.025515e+03  3.083804e+03 
 1.593694e-01  7.837911e+02  1.448278e+03  1.984036e+03  3.026753e+03 
 1.615909e-01  7.667370e+02  1.419924e+03  1.947866e+03  2.977547e+03 
 1.638434e-01  7.514037e+02  1.394776e+03  1.916040e+03  2.934715e+03 
 1.661273e-01  7.375136e+02  1.372197e+03  1.887659e+03  2.896938e+03 
 1.684430e-01  7.215041e+02  1.342876e+03  1.848262e+03  2.839878e+03 
 1.707910e-01  7.063852e+02  1.314851e+03  1.810412e+03  2.784866e+03 
 1.731717e-01  6.930267e+02  1.290547e+03  1.777841e+03  2.737923e+03 
 1.755856e-01  6.831154e+02  1.274493e+03  1.757533e+03  2.709847e+03 
 1.780332e-01  6.737778e+02  1.259467e+03  1.738608e+03  2.683866e+03 
 1.805149e-01  6.628929e+02  1.239301e+03  1.710707e+03  2.640652e+03 
 1.830312e-01  6.509510e+02  1.215837e+03  1.677223e+03  2.586758e+03 
 1.855825e-01  6.389575e+02  1.192635e+03  1.644464e+03  2.534915e+03 
 1.881694e-01  6.272966e+02  1.172092e+03  1.617615e+03  2.497312e+03 
 1.907924e-01  6.150345e+02  1.150409e+03  1.589170e+03  2.457177e+03 
 1.934520e-01  6.015323e+02  1.126184e+03  1.557312e+03  2.413007e+03 
 1.961486e-01  5.871385e+02  1.100197e+03  1.523020e+03  2.365433e+03 
 1.988828e-01  5.733425e+02  1.075996e+03  1.491327e+03  2.321134e+03 
 2.016551e-01  5.608200e+02  1.055154e+03  1.464458e+03  2.283338e+03 
 2.044661e-01  5.475862e+02  1.032564e+03  1.434863e+03  2.240825e+03 
 2.073162e-01  5.327609e+02  1.005048e+03  1.396943e+03  2.183142e+03 
 2.102061e-01  5.179625e+02  9.775549e+02  1.359036e+03  2.125455e+03 
 2.131362e-01  5.074944e+02  9.626357e+02  1.341517e+03  2.102477e+03 
 2.161073e-01  4.976072e+02  9.488631e+02  1.325628e+03  2.082032e+03 
 2.191197e-01  4.847480e+02  9.269059e+02  1.297539e+03  2.044799e+03 
 2.221741e-01  4.719364e+02  9.043836e+02  1.268399e+03  2.006184e+03 
 2.252711e-01  4.606538e+02  8.852708e+02  1.244202e+03  1.974404e+03 
 2.284112e-01  4.505130e+02  8.684376e+02  1.223186e+03  1.947176e+03 
 2.315951e-01  4.418442e+02  8.533337e+02  1.202862e+03  1.915993e+03 
 2.348235e-01  4.341718e+02  8.397418e+02  1.184047e+03  1.885441e+03 
 2.380968e-01  4.249596e+02  8.220110e+02  1.159336e+03  1.847922e+03 
 2.414157e-01  4.156598e+02  8.038196e+02  1.133955e+03  1.809915e+03 
 2.447809e-01  4.063217e+02  7.863068e+02  1.110208e+03  1.774501e+03 
 2.481930e-01  3.971467e+02  7.692432e+02  1.087156e+03  1.740105e+03 
 2.516527e-01  3.916494e+02  7.606568e+02  1.076020e+03  1.723551e+03 
 2.551606e-01  3.847942e+02  7.489834e+02  1.060531e+03  1.700796e+03 
 2.587174e-01  3.742825e+02  7.288589e+02  1.033172e+03  1.661550e+03 
 2.623238e-01  3.653366e+02  7.129114e+02  1.012038e+03  1.631634e+03 
 2.659804e-01  3.581876e+02  7.016674e+02  9.978955e+02  1.612228e+03 
 2.696881e-01  3.487250e+02  6.847713e+02  9.752995e+02  1.578403e+03 
 2.734474e-01  3.386985e+02  6.664398e+02  9.505463e+02  1.540930e+03 
 2.772591e-01  3.312729e+02  6.545286e+02  9.359331e+02  1.522577e+03 
 2.811239e-01  3.235607e+02  6.413795e+02  9.195055e+02  1.502843e+03 
 2.850426e-01  3.154909e+02  6.266493e+02  9.008041e+02  1.481691e+03 
 2.890160e-01  3.084190e+02  6.148242e+02  8.856269e+02  1.459759e+03 
 2.930447e-01  3.019520e+02  6.037566e+02  8.706755e+02  1.435834e+03 
 2.971296e-01  2.958125e+02  5.914165e+02  8.518018e+02  1.403129e+03 
 3.012714e-01  2.903339e+02  5.821733e+02  8.396048e+02  1.385042e+03 
 3.054710e-01  2.848727e+02  5.734698e+02  8.290434e+02  1.371447e+03 
 3.097291e-01  2.781088e+02  5.614477e+02  8.136636e+02  1.351424e+03 
 3.140465e-01  2.718420e+02  5.490150e+02  7.957587e+02  1.321836e+03 
 3.184242e-01  2.661899e+02  5.379551e+02  7.797768e+02  1.295204e+03 
 3.228628e-01  2.617568e+02  5.310193e+02  7.714195e+02  1.285691e+03 
 3.273634e-01  2.552272e+02  5.181339e+02  7.529885e+02  1.256274e+03 
 3.319266e-01  2.484549e+02  5.052716e+02  7.353510e+02  1.229935e+03 
 3.365535e-01  2.420944e+02  4.942543e+02  7.214132e+02  1.211723e+03 
 3.412449e-01  2.378366e+02  4.887092e+02  7.146404e+02  1.200247e+03 
 3.460016e-01  2.331583e+02  4.811516e+02  7.048673e+02  1.186362e+03 
 3.508247e-01  2.285997e+02  4.730789e+02  6.941004e+02  1.170718e+03 
 3.557150e-01  2.242316e+02  4.650189e+02  6.831931e+02  1.154083e+03 
 3.606735e-01  2.192312e+02  4.562036e+02  6.716933e+02  1.137823e+03 
 3.657011e-01  2.131726e+02  4.448658e+02  6.564045e+02  1.117359e+03 
 3.707988e-01  2.083721e+02  4.358568e+02  6.442551e+02  1.099446e+03 
 3.759675e-01  2.039781e+02  4.276393e+02  6.330801e+02  1.082927e+03 
 3.812083e-01  1.993794e+02  4.194655e+02  6.220688e+02  1.067191e+03 
 3.865221e-01  1.954422e+02  4.138409e+02  6.153120e+02  1.054704e+03 
 3.919100e-01  1.913669e+02  4.043601e+02  6.011514e+02  1.036559e+03 
 3.973730e-01  1.867534e+02  3.969824e+02  5.919012e+02  1.021288e+03 
 4.029122e-01  1.831565e+02  3.913509e+02  5.838603e+02  1.005901e+03 
 4.085286e-01  1.794212e+02  3.833331e+02  5.725063e+02  9.899482e+02 
 4.142232e-01  1.749095e+02  3.742782e+02  5.608167e+02  9.759861e+02 
 4.199973e-01  1.706439e+02  3.671124e+02  5.517960e+02  9.624752e+02 
 4.258518e-01  1.673018e+02  3.608973e+02  5.428232e+02  9.464803e+02 
 4.317880e-01  1.637660e+02  3.538468e+02  5.324082e+02  9.310177e+02 
 4.378069e-01  1.606697e+02  3.478044e+02  5.238032e+02  9.165171e+02 
 4.439097e-01  1.581144e+02  3.439932e+02  5.194353e+02  9.134313e+02 
 4.500975e-01  1.539229e+02  3.362646e+02  5.087938e+02  8.976099e+02 
 4.563716e-01  1.503385e+02  3.289523e+02  4.980658e+02  8.780641e+02 
 4.627332e-01  1.481166e+02  3.260079e+02  4.950247e+02  8.752182e+02 
 4.691835e-01  1.443936e+02  3.185979e+02  4.842083e+02  8.567180e+02 
 4.757236e-01  1.416965e+02  3.134268e+02  4.772554e+02  8.462143e+02 
 4.823549e-01  1.380631e+02  3.059597e+02  4.669497e+02  8.329975e+02 
 4.890787e-01  1.352216e+02  3.005248e+02  4.595185e+02  8.210096e+02 
 4.958962e-01  1.331426e+02  2.964296e+02  4.530066e+02  8.088887e+02 
 5.028087e-01  1.303483e+02  2.915940e+02  4.464883e+02  7.995248e+02 
 5.098176e-01  1.280412e+02  2.873868e+02  4.401091e+02  7.864265e+02 
 5.169242e-01  1.259225e+02  2.834292e+02  4.349220e+02  7.793916e+02 
 5.241298e-01  1.219181e+02  2.767367e+02  4.268361e+02  7.696371e+02 
 5.314359e-01  1.198645e+02  2.735157e+02  4.222383e+02  7.622217e+02 
 5.388438e-01  1.174147e+02  2.679509e+02  4.139750e+02  7.499944e+02 
 5.463550e-01  1.154049e+02  2.639327e+02  4.078734e+02  7.399622e+02 
 5.539709e-01  1.124540e+02  2.589099e+02  4.014257e+02  7.295359e+02 
 5.616930e-01  1.105496e+02  2.551716e+02  3.960977e+02  7.212786e+02 
 5.695227e-01  1.084649e+02  2.519556e+02  3.920141e+02  7.115377e+02 
 5.774615e-01  1.060491e+02  2.463320e+02  3.838342e+02  7.003012e+02 
 5.855110e-01  1.042229e+02  2.428243e+02  3.782417e+02  6.911793e+02 
 5.936727e-01  1.018922e+02  2.373754e+02  3.709354e+02  6.802275e+02 
 6.019482e-01  1.002777e+02  2.349201e+02  3.666487e+02  6.723303e+02 
 6.103390e-01  9.799226e+01  2.310809e+02  3.615136e+02  6.625227e+02 
 6.188468e-01  9.586210e+01  2.278367e+02  3.589646e+02  6.604703e+02 
 6.274732e-01  9.435528e+01  2.237810e+02  3.520130e+02  6.498260e+02 
 6.362198e-01  9.257633e+01  2.205345e+02  3.469747e+02  6.399877e+02 
 6.450884e-01  9.049283e+01  2.169051e+02  3.419234e+02  6.308530e+02 
 6.540806e-01  8.865616e+01  2.124847e+02  3.352815e+02  6.218002e+02 
 6.631981e-01  8.680007e+01  2.097740e+02  3.323255e+02  6.155389e+02 
 6.724427e-01  8.521401e+01  2.063051e+02  3.276769e+02  6.101612e+02 
 6.818162e-01  8.347343e+01  2.027086e+02  3.211175e+02  5.984954e+02 
 6.913204e-01  8.175525e+01  1.993107e+02  3.167494e+02  5.906962e+02 
 7.009570e-01  8.064139e+01  1.964967e+02  3.126893e+02  5.833675e+02 
 7.107280e-01  7.867669e+01  1.934762e+02  3.082014e+02  5.745249e+02 
 7.206351e-01  7.752404e+01  1.907393e+02  3.046694e+02  5.702324e+02 
 7.306804e-01  7.603853e+01  1.879934e+02  2.999363e+02  5.603790e+02 
 7.408657e-01  7.441140e+01  1.845246e+02  2.949556e+02  5.537386e+02 
 7.511929e-01  7.290466e+01  1.814427e+02  2.910437e+02  5.462882e+02 
 7.616642e-01  7.152210e+01  1.784041e+02  2.867752e+02  5.400699e+02 
 7.722814e-01  7.066774e+01  1.766383e+02  2.835400e+02  5.320548e+02 
 7.830465e-01  6.922738e+01  1.735092e+02  2.791805e+02  5.253397e+02 
 7.939618e-01  6.801481e+01  1.714069e+02  2.757555e+02  5.208272e+02 
 8.050292e-01  6.657576e+01  1.685412e+02  2.724223e+02  5.141630e+02 
 8.162509e-01  6.550819e+01  1.661665e+02  2.678826e+02  5.056247e+02 
 8.276289e-01  6.397081e+01  1.631586e+02  2.640293e+02  4.995923e+02 
 8.391656e-01  6.325910e+01  1.613273e+02  2.605748e+02  4.946108e+02 
 8.508632e-01  6.211561e+01  1.587369e+02  2.572201e+02  4.880396e+02 
 8.627237e-01  6.083900e+01  1.564060e+02  2.535728e+02  4.806209e+02 
 8.747496e-01  5.976411e+01  1.539758e+02  2.501105e+02  4.745233e+02 
 8.869432e-01  5.878819e+01  1.518794e+02  2.468416e+02  4.685022e+02 
 8.993067e-01  5.767303e+01  1.496087e+02  2.433107e+02  4.621251e+02 
 9.118425e-01  5.679247e+01  1.471837e+02  2.394257e+02  4.541810e+02 
 9.245531e-01  5.561690e+01  1.448578e+02  2.358953e+02  4.495757e+02 
 9.374409e-01  5.461904e+01  1.428314e+02  2.331122e+02  4.435995e+02 
 9.505083e-01  5.377242e+01  1.407257e+02  2.298786e+02  4.375421e+02 
 9.637579e-01  5.266092e+01  1.381590e+02  2.261183e+02  4.316188e+02 
 9.771921e-01  5.206241e+01  1.373970e+02  2.238600e+02  4.258472e+02 
 9.908137e-01  5.110862e+01  1.349942e+02  2.206201e+02  4.206515e+02 
 1.004625e+00  5.015737e+01  1.326117e+02  2.169251e+02  4.137154e+02 
 1.018629e+00  4.935258e+01  1.309055e+02  2.140148e+02  4.079222e+02 
 1.032828e+00  4.846458e+01  1.290235e+02  2.115162e+02  4.039644e+02 
 1.047225e+00  4.758959e+01  1.272710e+02  2.082127e+02  3.972042e+02 
 1.061823e+00  4.690168e+01  1.256155e+02  2.054653e+02  3.914944e+02 
 1.076624e+00  4.606412e+01  1.237328e+02  2.025546e+02  3.857979e+02 
 1.091632e+00  4.529902e+01  1.219007e+02  1.997651e+02  3.800187e+02 
 1.106848e+00  4.448419e+01  1.199083e+02  1.969369e+02  3.751158e+02 
 1.122277e+00  4.375210e+01  1.183098e+02  1.938435e+02  3.691885e+02 
 1.137921e+00  4.300117e+01  1.164077e+02  1.910943e+02  3.638655e+02 
 1.153783e+00  4.235543e+01  1.146871e+02  1.883167e+02  3.588043e+02 
 1.169866e+00  4.160974e+01  1.130500e+02  1.855369e+02  3.538762e+02 
 1.186174e+00  4.089582e+01  1.115177e+02  1.829462e+02  3.483919e+02 
 1.202708e+00  4.028511e+01  1.098765e+02  1.803024e+02  3.431505e+02 
 1.219473e+00  3.963037e+01  1.083285e+02  1.778033e+02  3.375965e+02 
 1.236472e+00  3.895865e+01  1.068120e+02  1.753592e+02  3.327122e+02 
 1.253708e+00  3.836314e+01  1.051474e+02  1.726092e+02  3.281186e+02 
 1.271184e+00  3.774745e+01  1.040444e+02  1.704969e+02  3.229162e+02 
 1.288904e+00  3.713679e+01  1.021047e+02  1.677354e+02  3.185287e+02 
 1.306870e+00  3.648010e+01  1.006418e+02  1.651950e+02  3.132616e+02 
 1.325087e+00  3.595229e+01  9.921641e+01  1.627865e+02  3.081618e+02 
 1.343558e+00  3.537965e+01  9.770741e+01  1.603206e+02  3.032659e+02 
 1.362287e+00  3.485765e+01  9.617555e+01  1.576829e+02  2.985911e+02 
 1.381276e+00  3.429969e+01  9.474018e+01  1.550723e+02  2.938773e+02 
 1.400531e+00  3.375824e+01  9.334668e+01  1.527837e+02  2.887018e+02 
 1.420053e+00  3.319191e+01  9.187113e+01  1.504907e+02  2.838632e+02 
 1.439848e+00  3.268233e+01  9.052629e+01  1.480063e+02  2.793455e+02 
 1.459919e+00  3.211626e+01  8.911206e+01  1.456176e+02  2.743857e+02 
 1.480269e+00  3.167082e+01  8.761237e+01  1.432067e+02  2.693396e+02 
 1.500903e+00  3.115400e+01  8.629913e+01  1.408456e+02  2.653611e+02 
 1.521825e+00  3.066237e+01  8.508863e+01  1.387212e+02  2.606265e+02 
 1.543038e+00  3.016499e+01  8.374738e+01  1.365882e+02  2.563655e+02 
 1.564548e+00  2.973103e+01  8.243300e+01  1.342993e+02  2.517743e+02 
 1.586357e+00  2.926678e+01  8.122967e+01  1.321278e+02  2.473647e+02 
 1.608469e+00  2.878715e+01  7.999662e+01  1.299681e+02  2.433106e+02 
 1.630891e+00  2.841499e+01  7.859293e+01  1.276015e+02  2.386415e+02 
 1.653624e+00  2.793455e+01  7.733675e+01  1.256269e+02  2.347669e+02 
 1.676675e+00  2.750361e+01  7.623188e+01  1.235582e+02  2.302760e+02 
 1.700047e+00  2.705656e+01  7.499592e+01  1.214216e+02  2.262049e+02 
 1.723745e+00  2.663807e+01  7.375154e+01  1.192939e+02  2.217423e+02 
 1.747773e+00  2.619697e+01  7.251228e+01  1.172037e+02  2.175781e+02 
 1.772136e+00  2.579593e+01  7.129615e+01  1.150840e+02  2.137201e+02 
 1.796838e+00  2.540591e+01  7.012165e+01  1.130847e+02  2.095811e+02 
 1.821885e+00  2.501483e+01  6.893127e+01  1.110229e+02  2.057102e+02 
 1.847281e+00  2.463006e+01  6.787773e+01  1.091295e+02  2.017988e+02 
 1.873032e+00  2.424703e+01  6.663348e+01  1.070214e+02  1.980385e+02 
 1.899141e+00  2.385106e+01  6.547957e+01  1.051387e+02  1.942028e+02 
 1.925614e+00  2.349590e+01  6.440538e+01  1.032436e+02  1.903632e+02 
 1.952456e+00  2.319589e+01  6.334592e+01  1.013595e+02  1.866396e+02 
 1.979672e+00  2.278445e+01  6.229563e+01  9.950470e+01  1.830107e+02 
 2.007267e+00  2.245794e+01  6.116982e+01  9.755565e+01  1.795752e+02 
 2.035248e+00  2.207622e+01  6.008603e+01  9.569982e+01  1.758653e+02 
 2.063618e+00  2.172842e+01  5.900319e+01  9.391867e+01  1.722966e+02 
 2.092383e+00  2.138896e+01  5.795686e+01  9.208102e+01  1.688649e+02 
 2.121550e+00  2.103881e+01  5.688229e+01  9.027270e+01  1.653428e+02 
 2.151123e+00  2.070787e+01  5.585234e+01  8.846195e+01  1.618660e+02 
 2.181109e+00  2.037280e+01  5.480675e+01  8.675092e+01  1.585655e+02 
 2.211512e+00  2.004382e+01  5.376304e+01  8.497367e+01  1.551389e+02 
 2.242340e+00  1.972935e+01  5.277668e+01  8.328304e+01  1.519010e+02 
 2.273597e+00  1.938761e+01  5.177477e+01  8.152602e+01  1.486485e+02 
 2.305289e+00  1.909327e+01  5.078630e+01  7.990981e+01  1.455072e+02 
 2.337424e+00  1.877977e+01  4.979882e+01  7.824673e+01  1.423940e+02 
 2.370006e+00  1.847180e+01  4.884905e+01  7.666689e+01  1.394668e+02 
 2.403043e+00  1.815906e+01  4.790677e+01  7.503826e+01  1.364077e+02 
 2.436540e+00  1.787074e+01  4.698820e+01  7.348524e+01  1.334513e+02 
 2.470504e+00  1.757772e+01  4.608577e+01  7.193680e+01  1.305407e+02 
 2.504942e+00  1.728642e+01  4.519928e+01  7.044229e+01  1.277372e+02 
 2.539859e+00  1.701150e+01  4.428679e+01  6.892263e+01  1.248848e+02 
 2.575263e+00  1.671417e+01  4.338959e+01  6.750534e+01  1.221556e+02 
 2.611161e+00  1.644168e+01  4.250816e+01  6.598790e+01  1.194273e+02 
 2.647559e+00  1.616294e+01  4.162658e+01  6.452200e+01  1.167093e+02 
 2.684465e+00  1.588620e+01  4.079274e+01  6.308308e+01  1.140603e+02 
 2.721885e+00  1.560105e+01  3.991138e+01  6.170175e+01  1.114552e+02 
 2.759826e+00  1.532932e+01  3.905527e+01  6.030601e+01  1.088859e+02 
 2.798297e+00  1.506225e+01  3.824609e+01  5.895641e+01  1.064472e+02 
 2.837304e+00  1.479896e+01  3.742323e+01  5.762221e+01  1.039831e+02 
 2.876854e+00  1.453733e+01  3.661104e+01  5.631439e+01  1.015959e+02 
 2.916956e+00  1.428188e+01  3.583684e+01  5.502849e+01  9.921764e+01 
 2.957617e+00  1.403274e+01  3.507453e+01  5.378921e+01  9.694887e+01 
 2.998844e+00  1.378117e+01  3.432289e+01  5.255491e+01  9.468085e+01 
 3.040646e+00  1.353677e+01  3.357374e+01  5.135261e+01  9.253425e+01 
 3.083031e+00  1.329399e+01  3.284097e+01  5.017293e+01  9.038706e+01 
 3.126007e+00  1.306040e+01  3.212961e+01  4.900971e+01  8.826590e+01 
 3.169582e+00  1.282138e+01  3.140079e+01  4.785818e+01  8.620057e+01 
 3.213764e+00  1.258622e+01  3.070186e+01  4.673100e+01  8.416113e+01 
 3.258562e+00  1.234826e+01  3.002174e+01  4.561862e+01  8.216017e+01 
 3.303985e+00  1.211528e+01  2.932508e+01  4.453703e+01  8.019901e+01 
 3.350041e+00  1.188845e+01  2.864409e+01  4.345156e+01  7.824992e+01 
 3.396739e+00  1.165473e+01  2.798659e+01  4.241100e+01  7.636240e+01 
 3.444087e+00  1.143531e+01  2.732220e+01  4.137078e+01  7.449157e+01 
 3.492096e+00  1.121432e+01  2.668919e+01  4.037531e+01  7.270519e+01 
 3.540774e+00  1.099367e+01  2.607210e+01  3.939700e+01  7.093223e+01 
 3.590130e+00  1.078124e+01  2.545473e+01  3.842541e+01  6.922581e+01 
 3.640175e+00  1.057369e+01  2.485592e+01  3.749829e+01  6.753512e+01 
 3.690917e+00  1.036200e+01  2.427729e+01  3.657172e+01  6.589704e+01 
 3.742366e+00  1.015851e+01  2.369378e+01  3.568124e+01  6.431606e+01 
 3.794533e+00  9.959555e+00  2.314290e+01  3.481236e+01  6.274200e+01 
 3.847427e+00  9.762642e+00  2.258484e+01  3.396155e+01  6.123472e+01 
 3.901058e+00  9.562559e+00  2.205286e+01  3.312769e+01  5.973246e+01 
 3.955436e+00  9.374702e+00  2.152104e+01  3.229940e+01  5.826365e+01 
 4.010573e+00  9.179051e+00  2.099593e+01  3.150022e+01  5.683514e+01 
 4.066478e+00  8.989416e+00  2.048340e+01  3.070432e+01  5.541186e+01 
 4.123163e+00  8.800853e+00  1.998216e+01  2.992837e+01  5.402804e+01 
 4.180637e+00  8.617082e+00  1.948994e+01  2.917030e+01  5.266580e+01 
 4.238913e+00  8.434098e+00  1.894858e+01  2.842816e+01  5.135281e+01 
 4.298001e+00  8.251260e+00  1.852965e+01  2.770678e+01  5.005455e+01 
 4.357913e+00  8.079293e+00  1.806922e+01  2.700361e+01  4.880394e+01 
 4.418660e+00  7.904645e+00  1.762012e+01  2.631521e+01  4.758341e+01 
 4.480254e+00  7.732936e+00  1.718043e+01  2.564439e+01  4.638684e+01 
 4.542706e+00  7.567382e+00  1.674824e+01  2.498931e+01  4.521927e+01 
 4.606029e+00  7.403480e+00  1.633571e+01  2.435832e+01  4.409459e+01 
 4.670234e+00  7.242942e+00  1.592885e+01  2.374666e+01  4.299997e+01 
 4.735335e+00  7.085857e+00  1.553304e+01  2.314447e+01  4.192309e+01 
 4.801343e+00  6.933653e+00  1.514906e+01  2.255986e+01  4.086807e+01 
 4.868271e+00  6.781628e+00  1.476936e+01  2.198486e+01  3.984309e+01 
 4.936132e+00  6.631962e+00  1.439670e+01  2.142548e+01  3.883805e+01 
 5.004939e+00  6.483899e+00  1.403375e+01  2.087462e+01  3.785071e+01 
 5.074705e+00  6.336994e+00  1.367578e+01  2.033475e+01  3.688745e+01 
 5.145444e+00  6.193818e+00  1.332775e+01  1.980697e+01  3.594581e+01 
 5.217169e+00  6.051621e+00  1.298428e+01  1.929245e+01  3.501558e+01 
 5.289893e+00  5.914472e+00  1.265208e+01  1.879411e+01  3.411558e+01 
 5.363631e+00  5.777852e+00  1.232729e+01  1.830164e+01  3.323843e+01 
 5.438397e+00  5.645456e+00  1.200988e+01  1.782636e+01  3.238039e+01 
 5.514206e+00  5.515354e+00  1.170166e+01  1.736401e+01  3.154886e+01 
 5.591071e+00  5.386904e+00  1.140382e+01  1.691260e+01  3.074097e+01 
 5.669007e+00  5.264276e+00  1.111145e+01  1.647796e+01  2.995284e+01 
 5.748030e+00  5.142965e+00  1.082918e+01  1.605286e+01  2.918550e+01 
 5.828155e+00  5.024917e+00  1.055449e+01  1.564088e+01  2.844036e+01 
 5.909396e+00  4.909411e+00  1.028615e+01  1.523914e+01  2.771831e+01 
 5.991770e+00  4.795951e+00  1.002435e+01  1.484772e+01  2.701047e+01 
 6.075292e+00  4.685376e+00  9.770654e+00  1.446663e+01  2.632062e+01 
 6.159978e+00  4.576116e+00  9.521840e+00  1.409348e+01  2.564559e+01 
 6.245845e+00  4.468861e+00  9.278049e+00  1.372841e+01  2.498189e+01 
 6.332908e+00  4.362962e+00  9.037685e+00  1.336967e+01  2.433341e+01 
 6.421186e+00  4.260038e+00  8.804606e+00  1.301903e+01  2.369800e+01 
 6.510694e+00  4.158286e+00  8.576183e+00  1.267911e+01  2.307850e+01 
 6.601449e+00  4.059653e+00  8.355200e+00  1.234652e+01  2.247628e+01 
 6.693470e+00  3.962773e+00  8.138140e+00  1.202174e+01  2.188733e+01 
 6.786773e+00  3.867982e+00  7.928387e+00  1.170663e+01  2.131480e+01 
 6.881377e+00  3.776241e+00  7.723571e+00  1.140104e+01  2.075663e+01 
 6.977300e+00  3.686711e+00  7.525532e+00  1.110476e+01  2.021665e+01 
 7.074559e+00  3.599609e+00  7.332300e+00  1.081552e+01  1.969032e+01 
 7.173175e+00  3.514461e+00  7.145404e+00  1.053586e+01  1.918065e+01 
 7.273165e+00  3.431947e+00  6.964130e+00  1.026437e+01  1.868352e+01 
 7.374549e+00  3.351356e+00  6.786200e+00  9.998986e+00  1.820123e+01 
 7.477346e+00  3.272525e+00  6.614891e+00  9.743124e+00  1.773173e+01 
 7.581576e+00  3.196086e+00  6.446306e+00  9.491523e+00  1.727254e+01 
 7.687260e+00  3.120760e+00  6.282252e+00  9.246041e+00  1.682430e+01 
 7.794416e+00  3.046700e+00  6.121589e+00  9.004581e+00  1.638467e+01 
 7.903066e+00  2.974268e+00  5.964069e+00  8.768665e+00  1.595295e+01 
 8.013230e+00  2.903412e+00  5.810765e+00  8.540148e+00  1.553255e+01 
 8.124930e+00  2.833846e+00  5.661139e+00  8.315776e+00  1.512121e+01 
 8.238187e+00  2.766285e+00  5.514675e+00  8.097014e+00  1.472147e+01 
 8.353023e+00  2.700191e+00  5.372689e+00  7.884668e+00  1.433132e+01 
 8.469460e+00  2.636029e+00  5.234662e+00  7.678106e+00  1.395234e+01 
 8.587519e+00  2.573560e+00  5.100245e+00  7.477502e+00  1.358404e+01 
 8.707225e+00  2.512841e+00  4.969546e+00  7.282815e+00  1.323051e+01 
 8.828599e+00  2.453827e+00  4.843564e+00  7.093538e+00  1.287793e+01 
 8.951665e+00  2.396270e+00  4.720847e+00  6.910162e+00  1.254059e+01 
 9.076446e+00  2.340386e+00  4.601652e+00  6.732597e+00  1.221353e+01 
 9.202967e+00  2.286407e+00  4.486023e+00  6.559575e+00  1.189457e+01 
 9.331251e+00  2.233576e+00  4.373175e+00  6.391061e+00  1.158429e+01 
 9.461324e+00  0.000000e+00  0.000000e+00  0.000000e+00  0.000000e+00 
 9.593209e+00  0.000000e+00  0.000000e+00  0.000000e+00  0.000000e+00 
 9.726934e+00  0.000000e+00  0.000000e+00  0.000000e+00  0.000000e+00 
 9.862522e+00  0.000000e+00  0.000000e+00  0.000000e+00  0.000000e+00 
 1.000000e+01  0.000000e+00  0.000000e+00  0.000000e+00  0.000000e+00 
