 1.000000e-02  5.590696e+03  1.017133e+04  1.373756e+04  2.042758e+04 
 1.013939e-02  5.620833e+03  1.022604e+04  1.381126e+04  2.053686e+04 
 1.028073e-02  5.650485e+03  1.027990e+04  1.388380e+04  2.064431e+04 
 1.042404e-02  5.679626e+03  1.033278e+04  1.395506e+04  2.074986e+04 
 1.056935e-02  5.708239e+03  1.038465e+04  1.402502e+04  2.085338e+04 
 1.071668e-02  5.736309e+03  1.043553e+04  1.409362e+04  2.095484e+04 
 1.086606e-02  5.763826e+03  1.048547e+04  1.416078e+04  2.105426e+04 
 1.101753e-02  5.790758e+03  1.053434e+04  1.422645e+04  2.115157e+04 
 1.117111e-02  5.817072e+03  1.058205e+04  1.429067e+04  2.124665e+04 
 1.132683e-02  5.842745e+03  1.062852e+04  1.435338e+04  2.133943e+04 
 1.148472e-02  5.867768e+03  1.067381e+04  1.441450e+04  2.142978e+04 
 1.164481e-02  5.892129e+03  1.071792e+04  1.447392e+04  2.151763e+04 
 1.180713e-02  5.915812e+03  1.076082e+04  1.453164e+04  2.160294e+04 
 1.197171e-02  5.938777e+03  1.080239e+04  1.458761e+04  2.168556e+04 
 1.213859e-02  5.960998e+03  1.084261e+04  1.464175e+04  2.176544e+04 
 1.230780e-02  5.982464e+03  1.088146e+04  1.469398e+04  2.184255e+04 
 1.247936e-02  6.003148e+03  1.091888e+04  1.474424e+04  2.191682e+04 
 1.265332e-02  6.023027e+03  1.095482e+04  1.479252e+04  2.198814e+04 
 1.282970e-02  6.042089e+03  1.098927e+04  1.483882e+04  2.205646e+04 
 1.300854e-02  6.060307e+03  1.102217e+04  1.488306e+04  2.212169e+04 
 1.318987e-02  6.077647e+03  1.105347e+04  1.492515e+04  2.218361e+04 
 1.337373e-02  6.094089e+03  1.108315e+04  1.496499e+04  2.224217e+04 
 1.356015e-02  6.109616e+03  1.111116e+04  1.500258e+04  2.229739e+04 
 1.374917e-02  6.124184e+03  1.113741e+04  1.503785e+04  2.234904e+04 
 1.394083e-02  6.137778e+03  1.116190e+04  1.507074e+04  2.239713e+04 
 1.413516e-02  6.150412e+03  1.118463e+04  1.510120e+04  2.244178e+04 
 1.433219e-02  6.162047e+03  1.120553e+04  1.512917e+04  2.248280e+04 
 1.453198e-02  6.172643e+03  1.122454e+04  1.515452e+04  2.251995e+04 
 1.473454e-02  6.182186e+03  1.124163e+04  1.517725e+04  2.255317e+04 
 1.493993e-02  6.190656e+03  1.125675e+04  1.519737e+04  2.258245e+04 
 1.514819e-02  6.198032e+03  1.126993e+04  1.521490e+04  2.260784e+04 
 1.535935e-02  6.204289e+03  1.128107e+04  1.522974e+04  2.262916e+04 
 1.557345e-02  6.209397e+03  1.129011e+04  1.524174e+04  2.264627e+04 
 1.579053e-02  6.213337e+03  1.129701e+04  1.525083e+04  2.265905e+04 
 1.601064e-02  6.216085e+03  1.130175e+04  1.525697e+04  2.266744e+04 
 1.623382e-02  6.217641e+03  1.130431e+04  1.526011e+04  2.267145e+04 
 1.646012e-02  6.217987e+03  1.130467e+04  1.526027e+04  2.267104e+04 
 1.668956e-02  6.217066e+03  1.130273e+04  1.525739e+04  2.266595e+04 
 1.692220e-02  6.214864e+03  1.129844e+04  1.525139e+04  2.265614e+04 
 1.715809e-02  6.211380e+03  1.129183e+04  1.524222e+04  2.264162e+04 
 1.739726e-02  6.206584e+03  1.128283e+04  1.522980e+04  2.262225e+04 
 1.763977e-02  6.200462e+03  1.127141e+04  1.521411e+04  2.259805e+04 
 1.788566e-02  6.193025e+03  1.125760e+04  1.519517e+04  2.256911e+04 
 1.813498e-02  6.184243e+03  1.124135e+04  1.517292e+04  2.253531e+04 
 1.838777e-02  6.174083e+03  1.122258e+04  1.514728e+04  2.249643e+04 
 1.864409e-02  6.162527e+03  1.120127e+04  1.511820e+04  2.245239e+04 
 1.890397e-02  6.149568e+03  1.117739e+04  1.508566e+04  2.240320e+04 
 1.916748e-02  6.135202e+03  1.115096e+04  1.504968e+04  2.234883e+04 
 1.943467e-02  6.119430e+03  1.112196e+04  1.501023e+04  2.228925e+04 
 1.970558e-02  6.102225e+03  1.109038e+04  1.496728e+04  2.222448e+04 
 1.998026e-02  6.083581e+03  1.105618e+04  1.492078e+04  2.215447e+04 
 2.025878e-02  6.063499e+03  1.101936e+04  1.487076e+04  2.207916e+04 
 2.054117e-02  6.041965e+03  1.097988e+04  1.481715e+04  2.199854e+04 
 2.082751e-02  6.018972e+03  1.093774e+04  1.475995e+04  2.191262e+04 
 2.111783e-02  5.994535e+03  1.089299e+04  1.469920e+04  2.182142e+04 
 2.141220e-02  5.968746e+03  1.084575e+04  1.463504e+04  2.172504e+04 
 2.171068e-02  5.942114e+03  1.079675e+04  1.456829e+04  2.162425e+04 
 2.201331e-02  5.914037e+03  1.074511e+04  1.449802e+04  2.151819e+04 
 2.232016e-02  5.884521e+03  1.069087e+04  1.442420e+04  2.140685e+04 
 2.263130e-02  5.853571e+03  1.063401e+04  1.434684e+04  2.129026e+04 
 2.294676e-02  5.821202e+03  1.057456e+04  1.426597e+04  2.116847e+04 
 2.326663e-02  5.787421e+03  1.051256e+04  1.418165e+04  2.104151e+04 
 2.359095e-02  5.752237e+03  1.044801e+04  1.409392e+04  2.090940e+04 
 2.391980e-02  5.715667e+03  1.038093e+04  1.400277e+04  2.077227e+04 
 2.425323e-02  5.677726e+03  1.031135e+04  1.390823e+04  2.063015e+04 
 2.459130e-02  5.638430e+03  1.023931e+04  1.381040e+04  2.048310e+04 
 2.493409e-02  5.597819e+03  1.016490e+04  1.370933e+04  2.033124e+04 
 2.528166e-02  5.555913e+03  1.008812e+04  1.360510e+04  2.017467e+04 
 2.563407e-02  5.512727e+03  1.000904e+04  1.349773e+04  2.001345e+04 
 2.599140e-02  5.468307e+03  9.927686e+03  1.338733e+04  1.984776e+04 
 2.635371e-02  5.422692e+03  9.844165e+03  1.327398e+04  1.967771e+04 
 2.672106e-02  5.375911e+03  9.758535e+03  1.315778e+04  1.950342e+04 
 2.709354e-02  5.328002e+03  9.670857e+03  1.303884e+04  1.932504e+04 
 2.747121e-02  5.278999e+03  9.581190e+03  1.291723e+04  1.914268e+04 
 2.785414e-02  5.228879e+03  9.489515e+03  1.279294e+04  1.895642e+04 
 2.824241e-02  5.177430e+03  9.395559e+03  1.266568e+04  1.876603e+04 
 2.863610e-02  5.125030e+03  9.299898e+03  1.253609e+04  1.857222e+04 
 2.903527e-02  5.071739e+03  9.202624e+03  1.240432e+04  1.837519e+04 
 2.944000e-02  5.017621e+03  9.103835e+03  1.227054e+04  1.817517e+04 
 2.985038e-02  4.962729e+03  9.003629e+03  1.213489e+04  1.797236e+04 
 3.026648e-02  4.907113e+03  8.902111e+03  1.199745e+04  1.776693e+04 
 3.068838e-02  4.850829e+03  8.799392e+03  1.185837e+04  1.755908e+04 
 3.111616e-02  4.793949e+03  8.695600e+03  1.171784e+04  1.734910e+04 
 3.154990e-02  4.736543e+03  8.590866e+03  1.157606e+04  1.713728e+04 
 3.198969e-02  4.678677e+03  8.485308e+03  1.143317e+04  1.692382e+04 
 3.243561e-02  4.620419e+03  8.379032e+03  1.128933e+04  1.670896e+04 
 3.288774e-02  4.561840e+03  8.272166e+03  1.114468e+04  1.649293e+04 
 3.334618e-02  4.503021e+03  8.164863e+03  1.099944e+04  1.627606e+04 
 3.381101e-02  4.444039e+03  8.057280e+03  1.085385e+04  1.605864e+04 
 3.428231e-02  4.384964e+03  7.949539e+03  1.070805e+04  1.584093e+04 
 3.476019e-02  4.325726e+03  7.841833e+03  1.056263e+04  1.562484e+04 
 3.524473e-02  4.266538e+03  7.734229e+03  1.041736e+04  1.540900e+04 
 3.573602e-02  4.207492e+03  7.626872e+03  1.027245e+04  1.519366e+04 
 3.623416e-02  4.148674e+03  7.519910e+03  1.012808e+04  1.497914e+04 
 3.673925e-02  4.090153e+03  7.413491e+03  9.984446e+03  1.476572e+04 
 3.725137e-02  4.031999e+03  7.307768e+03  9.841723e+03  1.455367e+04 
 3.777064e-02  3.974291e+03  7.202861e+03  9.700076e+03  1.434325e+04 
 3.829714e-02  3.917103e+03  7.098887e+03  9.559705e+03  1.413471e+04 
 3.883098e-02  3.860513e+03  6.995984e+03  9.420798e+03  1.392833e+04 
 3.937226e-02  3.804593e+03  6.894302e+03  9.283541e+03  1.372440e+04 
 3.992109e-02  3.749419e+03  6.793995e+03  9.148121e+03  1.352319e+04 
 4.047757e-02  3.695046e+03  6.695120e+03  9.014593e+03  1.332472e+04 
 4.104181e-02  3.641388e+03  6.596983e+03  8.881469e+03  1.312518e+04 
 4.161391e-02  3.588671e+03  6.500547e+03  8.750655e+03  1.292911e+04 
 4.219398e-02  3.536948e+03  6.405927e+03  8.622295e+03  1.273670e+04 
 4.278214e-02  3.486279e+03  6.313228e+03  8.496535e+03  1.254820e+04 
 4.337850e-02  3.436720e+03  6.222542e+03  8.373506e+03  1.236376e+04 
 4.398317e-02  3.388319e+03  6.133961e+03  8.253329e+03  1.218358e+04 
 4.459628e-02  3.341112e+03  6.047555e+03  8.136099e+03  1.200780e+04 
 4.521792e-02  3.295126e+03  5.963389e+03  8.021889e+03  1.183653e+04 
 4.584824e-02  3.250392e+03  5.881512e+03  7.910762e+03  1.166986e+04 
 4.648734e-02  3.206943e+03  5.801973e+03  7.802788e+03  1.150788e+04 
 4.713535e-02  3.164912e+03  5.725703e+03  7.699977e+03  1.135558e+04 
 4.779239e-02  3.124263e+03  5.652360e+03  7.601560e+03  1.121101e+04 
 4.845859e-02  3.084932e+03  5.581410e+03  7.506371e+03  1.107118e+04 
 4.913407e-02  3.046914e+03  5.512853e+03  7.414402e+03  1.093611e+04 
 4.981898e-02  3.010207e+03  5.446673e+03  7.325621e+03  1.080576e+04 
 5.051342e-02  2.974806e+03  5.382841e+03  7.239989e+03  1.068006e+04 
 5.121755e-02  2.940682e+03  5.321310e+03  7.157450e+03  1.055894e+04 
 5.193150e-02  2.907794e+03  5.262009e+03  7.077930e+03  1.044229e+04 
 5.265540e-02  2.876102e+03  5.204870e+03  7.001330e+03  1.032997e+04 
 5.338938e-02  2.845330e+03  5.148978e+03  6.925951e+03  1.021827e+04 
 5.413360e-02  2.815381e+03  5.094080e+03  6.851362e+03  1.010632e+04 
 5.488820e-02  2.786487e+03  5.041086e+03  6.779343e+03  9.998174e+03 
 5.565331e-02  2.758580e+03  4.989866e+03  6.709716e+03  9.893602e+03 
 5.642908e-02  2.731527e+03  4.940186e+03  6.642173e+03  9.792148e+03 
 5.721568e-02  2.705172e+03  4.891781e+03  6.576364e+03  9.693267e+03 
 5.801323e-02  2.679509e+03  4.844642e+03  6.512271e+03  9.596940e+03 
 5.882190e-02  2.654667e+03  4.799001e+03  6.450187e+03  9.503614e+03 
 5.964185e-02  2.630818e+03  4.755448e+03  6.391210e+03  9.415716e+03 
 6.047322e-02  2.607920e+03  4.714419e+03  6.336468e+03  9.336338e+03 
 6.131619e-02  2.585145e+03  4.673610e+03  6.282031e+03  9.257426e+03 
 6.217090e-02  2.562111e+03  4.632333e+03  6.226971e+03  9.177616e+03 
 6.303753e-02  2.538724e+03  4.590416e+03  6.171059e+03  9.096567e+03 
 6.391624e-02  2.515017e+03  4.547915e+03  6.114368e+03  9.014390e+03 
 6.480720e-02  2.491016e+03  4.504883e+03  6.056963e+03  8.931179e+03 
 6.571058e-02  2.466633e+03  4.461157e+03  5.998623e+03  8.846608e+03 
 6.662655e-02  2.440541e+03  4.412511e+03  5.931748e+03  8.744185e+03 
 6.755528e-02  2.413670e+03  4.362407e+03  5.862865e+03  8.638699e+03 
 6.849697e-02  2.385918e+03  4.310718e+03  5.791871e+03  8.530169e+03 
 6.945178e-02  2.357192e+03  4.257281e+03  5.718548e+03  8.418281e+03 
 7.041990e-02  2.327393e+03  4.201928e+03  5.642677e+03  8.302710e+03 
 7.140151e-02  2.296439e+03  4.144508e+03  5.564059e+03  8.183176e+03 
 7.239681e-02  2.264532e+03  4.085649e+03  5.483852e+03  8.062405e+03 
 7.340598e-02  2.231655e+03  4.025363e+03  5.402137e+03  7.940713e+03 
 7.442922e-02  2.197433e+03  3.962662e+03  5.317202e+03  7.814345e+03 
 7.546673e-02  2.161847e+03  3.897517e+03  5.229009e+03  7.683243e+03 
 7.651869e-02  2.124888e+03  3.829925e+03  5.137555e+03  7.547398e+03 
 7.758532e-02  2.086591e+03  3.759946e+03  5.042923e+03  7.406950e+03 
 7.866682e-02  2.047814e+03  3.690192e+03  4.949678e+03  7.271321e+03 
 7.976339e-02  2.009124e+03  3.622338e+03  4.860720e+03  7.146408e+03 
 8.087525e-02  1.969261e+03  3.552317e+03  4.768810e+03  7.017029e+03 
 8.200261e-02  1.928341e+03  3.480329e+03  4.674218e+03  6.883554e+03 
 8.314568e-02  1.886505e+03  3.406629e+03  4.577274e+03  6.746469e+03 
 8.430468e-02  1.843911e+03  3.331508e+03  4.478363e+03  6.606334e+03 
 8.547985e-02  1.800082e+03  3.253054e+03  4.373911e+03  6.455460e+03 
 8.667139e-02  1.755594e+03  3.172889e+03  4.266663e+03  6.299258e+03 
 8.787954e-02  1.710986e+03  3.092489e+03  4.159093e+03  6.142533e+03 
 8.910453e-02  1.666482e+03  3.012265e+03  4.051752e+03  5.986087e+03 
 9.034660e-02  1.622311e+03  2.932655e+03  3.945215e+03  5.830771e+03 
 9.160598e-02  1.579403e+03  2.856290e+03  3.843929e+03  5.685298e+03 
 9.288292e-02  1.537912e+03  2.783300e+03  3.747962e+03  5.549504e+03 
 9.417766e-02  1.497391e+03  2.711975e+03  3.654151e+03  5.416677e+03 
 9.549045e-02  1.458044e+03  2.642715e+03  3.563030e+03  5.287603e+03 
 9.682153e-02  1.420078e+03  2.575895e+03  3.475117e+03  5.163044e+03 
 9.817117e-02  1.384004e+03  2.512891e+03  3.392706e+03  5.047420e+03 
 9.953962e-02  1.349778e+03  2.453314e+03  3.314993e+03  4.938898e+03 
 1.009272e-01  1.317394e+03  2.397012e+03  3.241610e+03  4.836540e+03 
 1.023340e-01  1.286974e+03  2.344211e+03  3.172863e+03  4.740823e+03 
 1.037605e-01  1.258022e+03  2.293278e+03  3.105885e+03  4.646064e+03 
 1.052069e-01  1.228944e+03  2.239362e+03  3.032371e+03  4.535851e+03 
 1.066734e-01  1.202054e+03  2.189464e+03  2.964356e+03  4.433837e+03 
 1.081604e-01  1.177322e+03  2.143527e+03  2.901744e+03  4.339883e+03 
 1.096681e-01  1.154690e+03  2.101484e+03  2.844372e+03  4.253783e+03 
 1.111968e-01  1.134157e+03  2.063519e+03  2.792543e+03  4.175559e+03 
 1.127468e-01  1.115467e+03  2.028940e+03  2.745333e+03  4.104212e+03 
 1.143184e-01  1.098435e+03  1.997394e+03  2.702251e+03  4.039030e+03 
 1.159120e-01  1.082858e+03  1.968505e+03  2.662771e+03  3.979241e+03 
 1.175277e-01  1.069132e+03  1.943577e+03  2.629119e+03  3.928961e+03 
 1.191660e-01  1.056422e+03  1.920554e+03  2.598084e+03  3.882646e+03 
 1.208271e-01  1.044359e+03  1.898752e+03  2.568678e+03  3.838781e+03 
 1.225114e-01  1.032608e+03  1.877495e+03  2.539990e+03  3.795994e+03 
 1.242191e-01  1.020441e+03  1.855046e+03  2.509531e+03  3.750591e+03 
 1.259506e-01  1.008047e+03  1.832201e+03  2.478532e+03  3.704382e+03 
 1.277063e-01  9.951342e+02  1.808433e+03  2.446275e+03  3.656305e+03 
 1.294865e-01  9.817396e+02  1.783959e+03  2.413104e+03  3.606631e+03 
 1.312915e-01  9.676807e+02  1.758468e+03  2.378601e+03  3.554693e+03 
 1.331216e-01  9.524126e+02  1.730775e+03  2.341121e+03  3.498345e+03 
 1.349772e-01  9.358128e+02  1.700707e+03  2.300462e+03  3.437446e+03 
 1.368587e-01  9.189122e+02  1.671866e+03  2.263512e+03  3.387765e+03 
 1.387665e-01  9.005430e+02  1.640294e+03  2.222840e+03  3.332338e+03 
 1.407008e-01  8.807350e+02  1.606065e+03  2.178465e+03  3.271278e+03 
 1.426621e-01  8.606049e+02  1.571775e+03  2.134109e+03  3.209642e+03 
 1.446507e-01  8.396261e+02  1.536019e+03  2.087748e+03  3.144667e+03 
 1.466671e-01  8.176780e+02  1.498386e+03  2.038724e+03  3.075527e+03 
 1.487115e-01  7.933868e+02  1.454811e+03  1.980575e+03  2.991050e+03 
 1.507845e-01  7.676982e+02  1.407594e+03  1.916764e+03  2.896937e+03 
 1.528864e-01  7.421327e+02  1.360624e+03  1.853235e+03  2.803139e+03 
 1.550175e-01  7.188590e+02  1.319820e+03  1.799629e+03  2.727364e+03 
 1.571784e-01  6.976027e+02  1.283986e+03  1.753782e+03  2.665215e+03 
 1.593694e-01  6.772910e+02  1.249715e+03  1.709928e+03  2.605679e+03 
 1.615909e-01  6.587368e+02  1.218923e+03  1.670865e+03  2.553125e+03 
 1.638434e-01  6.418627e+02  1.191239e+03  1.635963e+03  2.506603e+03 
 1.661273e-01  6.265517e+02  1.166291e+03  1.604709e+03  2.465290e+03 
 1.684430e-01  6.099717e+02  1.136334e+03  1.564762e+03  2.407924e+03 
 1.707910e-01  5.948438e+02  1.108735e+03  1.527781e+03  2.354637e+03 
 1.731717e-01  5.818662e+02  1.085400e+03  1.496754e+03  2.310267e+03 
 1.755856e-01  5.720994e+02  1.069172e+03  1.475956e+03  2.281217e+03 
 1.780332e-01  5.637128e+02  1.055478e+03  1.458610e+03  2.257428e+03 
 1.805149e-01  5.547166e+02  1.038500e+03  1.434910e+03  2.220148e+03 
 1.830312e-01  5.455295e+02  1.019904e+03  1.407895e+03  2.175592e+03 
 1.855825e-01  5.369182e+02  1.002593e+03  1.382902e+03  2.134769e+03 
 1.881694e-01  5.287398e+02  9.872235e+02  1.362009e+03  2.103794e+03 
 1.907924e-01  5.204055e+02  9.715733e+02  1.340719e+03  2.072172e+03 
 1.934520e-01  5.111263e+02  9.539680e+02  1.316799e+03  2.037477e+03 
 1.961486e-01  5.009802e+02  9.346903e+02  1.290593e+03  1.999530e+03 
 1.988828e-01  4.910616e+02  9.165744e+02  1.266262e+03  1.964331e+03 
 2.016551e-01  4.817888e+02  9.007201e+02  1.245447e+03  1.934260e+03 
 2.044661e-01  4.713491e+02  8.824671e+02  1.221156e+03  1.898507e+03 
 2.073162e-01  4.593568e+02  8.602000e+02  1.190449e+03  1.851435e+03 
 2.102061e-01  4.465723e+02  8.364411e+02  1.157680e+03  1.801139e+03 
 2.131362e-01  4.368702e+02  8.226603e+02  1.141816e+03  1.781820e+03 
 2.161073e-01  4.269630e+02  8.085257e+02  1.125500e+03  1.761830e+03 
 2.191197e-01  4.144909e+02  7.874991e+02  1.098770e+03  1.726461e+03 
 2.221741e-01  4.017684e+02  7.654399e+02  1.070310e+03  1.688305e+03 
 2.252711e-01  3.902053e+02  7.460766e+02  1.045908e+03  1.656437e+03 
 2.284112e-01  3.797204e+02  7.288297e+02  1.024465e+03  1.628970e+03 
 2.315951e-01  3.704878e+02  7.130251e+02  1.003631e+03  1.598304e+03 
 2.348235e-01  3.624546e+02  6.991478e+02  9.849851e+02  1.569631e+03 
 2.380968e-01  3.535863e+02  6.822475e+02  9.615217e+02  1.533869e+03 
 2.414157e-01  3.452875e+02  6.660849e+02  9.389440e+02  1.499618e+03 
 2.447809e-01  3.372658e+02  6.506400e+02  9.176809e+02  1.467332e+03 
 2.481930e-01  3.299690e+02  6.366471e+02  8.984843e+02  1.438249e+03 
 2.516527e-01  3.257550e+02  6.295579e+02  8.889283e+02  1.423369e+03 
 2.551606e-01  3.207630e+02  6.205501e+02  8.766043e+02  1.404527e+03 
 2.587174e-01  3.128953e+02  6.046864e+02  8.544232e+02  1.371433e+03 
 2.623238e-01  3.063021e+02  5.923786e+02  8.377074e+02  1.347038e+03 
 2.659804e-01  3.009342e+02  5.836244e+02  8.264890e+02  1.331385e+03 
 2.696881e-01  2.935661e+02  5.702380e+02  8.085040e+02  1.304554e+03 
 2.734474e-01  2.853548e+02  5.550320e+02  7.879096e+02  1.273519e+03 
 2.772591e-01  2.789698e+02  5.447637e+02  7.752917e+02  1.257756e+03 
 2.811239e-01  2.720253e+02  5.329281e+02  7.602960e+02  1.238934e+03 
 2.850426e-01  2.646839e+02  5.197009e+02  7.431456e+02  1.217781e+03 
 2.890160e-01  2.578425e+02  5.083651e+02  7.287435e+02  1.197721e+03 
 2.930447e-01  2.513905e+02  4.974915e+02  7.143911e+02  1.175820e+03 
 2.971296e-01  2.453334e+02  4.859684e+02  6.973348e+02  1.146286e+03 
 3.012714e-01  2.399152e+02  4.767482e+02  6.852379e+02  1.128617e+03 
 3.054710e-01  2.347743e+02  4.682324e+02  6.746716e+02  1.114917e+03 
 3.097291e-01  2.288537e+02  4.572657e+02  6.601396e+02  1.094800e+03 
 3.140465e-01  2.236359e+02  4.468117e+02  6.450952e+02  1.070035e+03 
 3.184242e-01  2.191180e+02  4.378421e+02  6.321456e+02  1.048617e+03 
 3.228628e-01  2.155203e+02  4.317730e+02  6.244482e+02  1.039182e+03 
 3.273634e-01  2.105107e+02  4.216748e+02  6.098672e+02  1.015679e+03 
 3.319266e-01  2.052829e+02  4.115155e+02  5.957822e+02  9.944546e+02 
 3.365535e-01  2.001671e+02  4.023753e+02  5.840094e+02  9.788183e+02 
 3.412449e-01  1.964866e+02  3.975343e+02  5.783685e+02  9.699908e+02 
 3.460016e-01  1.923870e+02  3.909181e+02  5.698963e+02  9.581628e+02 
 3.508247e-01  1.882798e+02  3.836810e+02  5.602572e+02  9.440642e+02 
 3.557150e-01  1.842302e+02  3.762617e+02  5.502163e+02  9.286355e+02 
 3.606735e-01  1.795745e+02  3.680390e+02  5.394265e+02  9.135255e+02 
 3.657011e-01  1.741549e+02  3.578330e+02  5.254073e+02  8.937606e+02 
 3.707988e-01  1.697998e+02  3.495026e+02  5.139946e+02  8.767651e+02 
 3.759675e-01  1.658969e+02  3.420399e+02  5.037154e+02  8.612584e+02 
 3.812083e-01  1.620150e+02  3.350057e+02  4.941833e+02  8.471593e+02 
 3.865221e-01  1.588090e+02  3.302755e+02  4.887587e+02  8.384915e+02 
 3.919100e-01  1.555191e+02  3.226588e+02  4.770690e+02  8.220116e+02 
 3.973730e-01  1.518079e+02  3.163929e+02  4.692230e+02  8.096801e+02 
 4.029122e-01  1.487677e+02  3.116324e+02  4.626805e+02  7.977124e+02 
 4.085286e-01  1.457208e+02  3.051632e+02  4.533512e+02  7.842043e+02 
 4.142232e-01  1.420056e+02  2.975937e+02  4.432228e+02  7.713922e+02 
 4.199973e-01  1.382974e+02  2.911579e+02  4.350126e+02  7.593935e+02 
 4.258518e-01  1.352741e+02  2.855848e+02  4.271231e+02  7.458146e+02 
 4.317880e-01  1.320734e+02  2.794108e+02  4.179856e+02  7.315451e+02 
 4.378069e-01  1.292726e+02  2.738321e+02  4.099929e+02  7.183022e+02 
 4.439097e-01  1.269552e+02  2.702138e+02  4.055975e+02  7.139140e+02 
 4.500975e-01  1.234698e+02  2.637086e+02  3.966993e+02  7.007147e+02 
 4.563716e-01  1.205627e+02  2.577041e+02  3.879724e+02  6.851516e+02 
 4.627332e-01  1.186681e+02  2.550931e+02  3.851906e+02  6.826863e+02 
 4.691835e-01  1.156123e+02  2.490272e+02  3.764858e+02  6.680746e+02 
 4.757236e-01  1.134060e+02  2.446895e+02  3.704928e+02  6.588190e+02 
 4.823549e-01  1.103740e+02  2.385257e+02  3.617101e+02  6.466425e+02 
 4.890787e-01  1.079229e+02  2.337229e+02  3.551814e+02  6.363986e+02 
 4.958962e-01  1.060321e+02  2.300738e+02  3.495418e+02  6.259732e+02 
 5.028087e-01  1.035326e+02  2.257438e+02  3.436683e+02  6.172935e+02 
 5.098176e-01  1.015204e+02  2.220324e+02  3.383480e+02  6.069422e+02 
 5.169242e-01  9.967486e+01  2.185445e+02  3.336003e+02  6.005417e+02 
 5.241298e-01  9.637080e+01  2.128209e+02  3.264715e+02  5.916837e+02 
 5.314359e-01  9.463045e+01  2.101775e+02  3.229239e+02  5.858682e+02 
 5.388438e-01  9.259978e+01  2.055845e+02  3.159933e+02  5.751507e+02 
 5.463550e-01  9.087207e+01  2.022111e+02  3.109719e+02  5.666550e+02 
 5.539709e-01  8.835309e+01  1.976842e+02  3.051716e+02  5.576659e+02 
 5.616930e-01  8.670640e+01  1.944786e+02  3.006097e+02  5.507741e+02 
 5.695227e-01  8.490911e+01  1.914565e+02  2.968678e+02  5.432675e+02 
 5.774615e-01  8.292969e+01  1.868953e+02  2.899950e+02  5.331745e+02 
 5.855110e-01  8.137810e+01  1.840461e+02  2.856589e+02  5.256676e+02 
 5.936727e-01  7.944771e+01  1.796191e+02  2.793913e+02  5.161325e+02 
 6.019482e-01  7.802588e+01  1.773962e+02  2.758669e+02  5.096053e+02 
 6.103390e-01  7.610879e+01  1.740691e+02  2.715618e+02  5.021755e+02 
 6.188468e-01  7.436764e+01  1.710516e+02  2.686747e+02  5.000771e+02 
 6.274732e-01  7.306113e+01  1.677723e+02  2.630020e+02  4.905590e+02 
 6.362198e-01  7.150717e+01  1.651071e+02  2.591604e+02  4.830968e+02 
 6.450884e-01  6.976704e+01  1.619206e+02  2.547351e+02  4.754654e+02 
 6.540806e-01  6.827274e+01  1.583525e+02  2.492862e+02  4.673258e+02 
 6.631981e-01  6.668194e+01  1.557420e+02  2.464038e+02  4.625130e+02 
 6.724427e-01  6.535220e+01  1.528829e+02  2.423357e+02  4.573414e+02 
 6.818162e-01  6.386806e+01  1.500345e+02  2.374041e+02  4.480761e+02 
 6.913204e-01  6.244272e+01  1.471207e+02  2.336138e+02  4.416769e+02 
 7.009570e-01  6.151038e+01  1.448360e+02  2.302031e+02  4.357850e+02 
 7.107280e-01  5.986043e+01  1.422177e+02  2.266044e+02  4.288063e+02 
 7.206351e-01  5.888576e+01  1.399144e+02  2.234365e+02  4.249002e+02 
 7.306804e-01  5.763017e+01  1.376918e+02  2.198245e+02  4.172977e+02 
 7.408657e-01  5.631114e+01  1.348682e+02  2.157541e+02  4.116122e+02 
 7.511929e-01  5.506970e+01  1.322805e+02  2.123659e+02  4.059660e+02 
 7.616642e-01  5.397513e+01  1.297968e+02  2.088075e+02  4.004221e+02 
 7.722814e-01  5.319043e+01  1.284075e+02  2.064384e+02  3.948320e+02 
 7.830465e-01  5.204216e+01  1.258357e+02  2.027744e+02  3.895101e+02 
 7.939618e-01  5.102152e+01  1.240916e+02  2.000275e+02  3.851886e+02 
 8.050292e-01  4.984726e+01  1.216462e+02  1.971067e+02  3.800948e+02 
 8.162509e-01  4.891389e+01  1.197848e+02  1.937761e+02  3.732840e+02 
 8.276289e-01  4.768152e+01  1.172647e+02  1.904210e+02  3.682923e+02 
 8.391656e-01  4.701623e+01  1.158048e+02  1.876370e+02  3.639172e+02 
 8.508632e-01  4.612859e+01  1.137223e+02  1.849349e+02  3.589430e+02 
 8.627237e-01  4.505161e+01  1.117782e+02  1.820278e+02  3.531056e+02 
 8.747496e-01  4.418692e+01  1.097672e+02  1.791595e+02  3.483079e+02 
 8.869432e-01  4.336700e+01  1.081108e+02  1.766317e+02  3.438369e+02 
 8.993067e-01  4.243915e+01  1.062897e+02  1.738499e+02  3.386974e+02 
 9.118425e-01  4.174591e+01  1.044051e+02  1.708290e+02  3.326461e+02 
 9.245531e-01  4.078824e+01  1.025770e+02  1.680469e+02  3.287143e+02 
 9.374409e-01  3.995873e+01  1.008802e+02  1.657333e+02  3.243018e+02 
 9.505083e-01  3.924525e+01  9.920653e+01  1.632223e+02  3.195976e+02 
 9.637579e-01  3.837669e+01  9.723167e+01  1.602352e+02  3.147787e+02 
 9.771921e-01  3.780362e+01  9.656153e+01  1.586893e+02  3.105701e+02 
 9.908137e-01  3.703409e+01  9.467162e+01  1.559760e+02  3.063543e+02 
 1.004625e+00  3.628331e+01  9.285396e+01  1.532104e+02  3.011049e+02 
 1.018629e+00  3.564146e+01  9.149020e+01  1.509991e+02  2.966507e+02 
 1.032828e+00  3.490721e+01  8.992894e+01  1.488633e+02  2.933299e+02 
 1.047225e+00  3.418059e+01  8.854351e+01  1.464358e+02  2.881768e+02 
 1.061823e+00  3.360292e+01  8.728927e+01  1.443697e+02  2.840448e+02 
 1.076624e+00  3.293647e+01  8.581922e+01  1.421324e+02  2.797309e+02 
 1.091632e+00  3.235087e+01  8.436090e+01  1.400391e+02  2.754435e+02 
 1.106848e+00  3.168756e+01  8.283639e+01  1.377676e+02  2.715326e+02 
 1.122277e+00  3.108346e+01  8.161629e+01  1.354833e+02  2.669712e+02 
 1.137921e+00  3.048119e+01  8.015325e+01  1.333246e+02  2.629467e+02 
 1.153783e+00  2.994816e+01  7.886816e+01  1.312732e+02  2.591771e+02 
 1.169866e+00  2.940194e+01  7.765310e+01  1.292536e+02  2.555091e+02 
 1.186174e+00  2.882648e+01  7.646256e+01  1.272733e+02  2.513603e+02 
 1.202708e+00  2.831923e+01  7.521394e+01  1.253580e+02  2.475622e+02 
 1.219473e+00  2.781639e+01  7.405831e+01  1.235307e+02  2.434518e+02 
 1.236472e+00  2.728986e+01  7.288044e+01  1.217005e+02  2.399484e+02 
 1.253708e+00  2.680401e+01  7.166856e+01  1.195968e+02  2.362373e+02 
 1.271184e+00  2.632383e+01  7.076425e+01  1.181175e+02  2.325367e+02 
 1.288904e+00  2.583713e+01  6.937088e+01  1.159469e+02  2.291006e+02 
 1.306870e+00  2.534340e+01  6.823712e+01  1.141050e+02  2.252061e+02 
 1.325087e+00  2.492506e+01  6.719606e+01  1.123756e+02  2.213771e+02 
 1.343558e+00  2.447138e+01  6.609018e+01  1.105594e+02  2.177949e+02 
 1.362287e+00  2.405431e+01  6.499135e+01  1.086548e+02  2.141484e+02 
 1.381276e+00  2.360756e+01  6.396651e+01  1.067317e+02  2.105511e+02 
 1.400531e+00  2.319993e+01  6.293395e+01  1.050977e+02  2.068387e+02 
 1.420053e+00  2.276747e+01  6.182570e+01  1.034374e+02  2.033336e+02 
 1.439848e+00  2.237302e+01  6.090030e+01  1.016428e+02  1.999753e+02 
 1.459919e+00  2.195008e+01  5.987744e+01  9.997717e+01  1.963583e+02 
 1.480269e+00  2.161382e+01  5.880765e+01  9.820137e+01  1.926651e+02 
 1.500903e+00  2.122573e+01  5.788584e+01  9.617710e+01  1.896643e+02 
 1.521825e+00  2.084144e+01  5.699957e+01  9.502582e+01  1.862626e+02 
 1.543038e+00  2.046361e+01  5.603717e+01  9.350217e+01  1.832002e+02 
 1.564548e+00  2.013722e+01  5.512232e+01  9.189121e+01  1.797895e+02 
 1.586357e+00  1.978825e+01  5.425934e+01  9.035422e+01  1.765084e+02 
 1.608469e+00  1.942145e+01  5.335943e+01  8.881523e+01  1.734923e+02 
 1.630891e+00  1.914149e+01  5.238431e+01  8.710473e+01  1.700078e+02 
 1.653624e+00  1.877985e+01  5.149425e+01  8.568114e+01  1.671538e+02 
 1.676675e+00  1.844979e+01  5.071148e+01  8.425001e+01  1.639167e+02 
 1.700047e+00  1.812554e+01  4.985985e+01  8.274755e+01  1.608959e+02 
 1.723745e+00  1.783142e+01  4.898353e+01  8.126956e+01  1.576614e+02 
 1.747773e+00  1.750067e+01  4.811866e+01  7.977167e+01  1.546496e+02 
 1.772136e+00  1.720222e+01  4.730852e+01  7.831905e+01  1.518128e+02 
 1.796838e+00  1.691392e+01  4.647850e+01  7.691346e+01  1.488365e+02 
 1.821885e+00  1.664967e+01  4.567019e+01  7.547398e+01  1.459890e+02 
 1.847281e+00  1.635388e+01  4.494845e+01  7.418413e+01  1.431515e+02 
 1.873032e+00  1.607983e+01  4.413897e+01  7.269453e+01  1.403712e+02 
 1.899141e+00  1.580232e+01  4.332574e+01  7.138590e+01  1.376199e+02 
 1.925614e+00  1.554653e+01  4.259099e+01  7.008544e+01  1.347971e+02 
 1.952456e+00  1.532258e+01  4.189183e+01  6.881199e+01  1.320856e+02 
 1.979672e+00  1.503018e+01  4.117785e+01  6.753391e+01  1.294544e+02 
 2.007267e+00  1.479590e+01  4.043760e+01  6.615784e+01  1.268709e+02 
 2.035248e+00  1.452877e+01  3.967404e+01  6.486903e+01  1.241820e+02 
 2.063618e+00  1.428127e+01  3.893385e+01  6.360547e+01  1.215577e+02 
 2.092383e+00  1.404641e+01  3.822398e+01  6.233022e+01  1.190108e+02 
 2.121550e+00  1.379876e+01  3.750561e+01  6.110521e+01  1.164711e+02 
 2.151123e+00  1.357031e+01  3.682252e+01  5.986194e+01  1.139376e+02 
 2.181109e+00  1.333573e+01  3.611170e+01  5.866899e+01  1.115601e+02 
 2.211512e+00  1.311279e+01  3.541372e+01  5.744040e+01  1.090257e+02 
 2.242340e+00  1.289056e+01  3.478084e+01  5.629997e+01  1.067047e+02 
 2.273597e+00  1.265909e+01  3.411748e+01  5.509994e+01  1.043671e+02 
 2.305289e+00  1.246077e+01  3.346232e+01  5.398794e+01  1.021037e+02 
 2.337424e+00  1.225060e+01  3.280835e+01  5.285044e+01  9.989099e+01 
 2.370006e+00  1.203829e+01  3.217722e+01  5.177072e+01  9.771659e+01 
 2.403043e+00  1.182258e+01  3.156177e+01  5.066082e+01  9.551245e+01 
 2.436540e+00  1.163199e+01  3.096233e+01  4.960824e+01  9.337081e+01 
 2.470504e+00  1.143253e+01  3.035758e+01  4.853253e+01  9.125234e+01 
 2.504942e+00  1.123764e+01  2.977066e+01  4.751380e+01  8.920277e+01 
 2.539859e+00  1.105110e+01  2.916564e+01  4.646663e+01  8.712416e+01 
 2.575263e+00  1.084927e+01  2.856294e+01  4.548232e+01  8.516473e+01 
 2.611161e+00  1.066747e+01  2.798856e+01  4.445313e+01  8.319388e+01 
 2.647559e+00  1.048137e+01  2.741336e+01  4.345063e+01  8.121312e+01 
 2.684465e+00  1.029892e+01  2.686664e+01  4.248535e+01  7.930729e+01 
 2.721885e+00  1.011093e+01  2.628517e+01  4.153532e+01  7.744435e+01 
 2.759826e+00  9.935834e+00  2.572791e+01  4.058560e+01  7.561945e+01 
 2.798297e+00  9.758251e+00  2.519937e+01  3.967251e+01  7.386677e+01 
 2.837304e+00  9.587641e+00  2.466718e+01  3.877232e+01  7.210880e+01 
 2.876854e+00  9.416706e+00  2.414150e+01  3.788307e+01  7.040639e+01 
 2.916956e+00  9.251424e+00  2.363661e+01  3.702079e+01  6.869986e+01 
 2.957617e+00  9.090589e+00  2.314054e+01  3.618687e+01  6.707025e+01 
 2.998844e+00  8.928887e+00  2.265098e+01  3.535225e+01  6.546321e+01 
 3.040646e+00  8.769508e+00  2.216031e+01  3.452926e+01  6.393346e+01 
 3.083031e+00  8.613133e+00  2.167562e+01  3.372891e+01  6.239363e+01 
 3.126007e+00  8.460603e+00  2.121309e+01  3.294399e+01  6.086812e+01 
 3.169582e+00  8.304923e+00  2.073508e+01  3.215060e+01  5.938751e+01 
 3.213764e+00  8.152234e+00  2.027632e+01  3.138865e+01  5.793689e+01 
 3.258562e+00  7.998877e+00  1.982913e+01  3.064043e+01  5.650974e+01 
 3.303985e+00  7.849975e+00  1.937400e+01  2.990144e+01  5.511524e+01 
 3.350041e+00  7.703986e+00  1.892898e+01  2.917264e+01  5.374789e+01 
 3.396739e+00  7.557114e+00  1.849819e+01  2.847426e+01  5.239729e+01 
 3.444087e+00  7.415932e+00  1.807135e+01  2.776638e+01  5.109222e+01 
 3.492096e+00  7.276763e+00  1.766088e+01  2.709931e+01  4.983697e+01 
 3.540774e+00  7.134605e+00  1.725673e+01  2.644402e+01  4.859876e+01 
 3.590130e+00  7.000763e+00  1.685531e+01  2.579338e+01  4.739775e+01 
 3.640175e+00  6.869244e+00  1.646783e+01  2.517402e+01  4.622063e+01 
 3.690917e+00  6.736058e+00  1.609423e+01  2.454887e+01  4.506834e+01 
 3.742366e+00  6.606537e+00  1.571257e+01  2.395265e+01  4.396229e+01 
 3.794533e+00  6.481149e+00  1.535107e+01  2.336786e+01  4.286690e+01 
 3.847427e+00  6.354540e+00  1.498860e+01  2.279021e+01  4.180612e+01 
 3.901058e+00  6.227574e+00  1.463575e+01  2.222974e+01  4.075152e+01 
 3.955436e+00  6.107421e+00  1.428725e+01  2.166607e+01  3.971654e+01 
 4.010573e+00  5.982643e+00  1.394356e+01  2.112947e+01  3.872215e+01 
 4.066478e+00  5.861346e+00  1.360263e+01  2.059315e+01  3.773146e+01 
 4.123163e+00  5.741062e+00  1.327592e+01  2.007179e+01  3.676605e+01 
 4.180637e+00  5.624629e+00  1.295467e+01  1.956580e+01  3.582332e+01 
 4.238913e+00  5.508749e+00  1.263562e+01  1.906586e+01  3.491283e+01 
 4.298001e+00  5.392729e+00  1.232614e+01  1.858342e+01  3.401802e+01 
 4.357913e+00  5.283916e+00  1.202294e+01  1.811418e+01  3.315737e+01 
 4.418660e+00  5.173464e+00  1.173208e+01  1.765265e+01  3.231958e+01 
 4.480254e+00  5.064964e+00  1.144330e+01  1.720608e+01  3.149795e+01 
 4.542706e+00  4.960597e+00  1.116149e+01  1.676912e+01  3.069834e+01 
 4.606029e+00  4.856484e+00  1.089070e+01  1.634684e+01  2.992775e+01 
 4.670234e+00  4.754104e+00  1.062394e+01  1.593782e+01  2.917483e+01 
 4.735335e+00  4.654126e+00  1.036408e+01  1.553387e+01  2.843531e+01 
 4.801343e+00  4.556914e+00  1.011007e+01  1.514108e+01  2.771024e+01 
 4.868271e+00  4.458771e+00  9.857990e+00  1.475363e+01  2.700232e+01 
 4.936132e+00  4.362238e+00  9.610847e+00  1.437415e+01  2.630877e+01 
 5.004939e+00  4.266549e+00  9.369626e+00  1.400347e+01  2.562992e+01 
 5.074705e+00  4.171967e+00  9.132773e+00  1.363919e+01  2.496874e+01 
 5.145444e+00  4.080302e+00  8.901268e+00  1.328583e+01  2.432233e+01 
 5.217169e+00  3.988765e+00  8.674383e+00  1.293720e+01  2.368550e+01 
 5.289893e+00  3.900898e+00  8.454565e+00  1.260556e+01  2.307572e+01 
 5.363631e+00  3.812546e+00  8.239842e+00  1.227562e+01  2.247608e+01 
 5.438397e+00  3.727663e+00  8.029800e+00  1.195768e+01  2.189164e+01 
 5.514206e+00  3.644086e+00  7.826386e+00  1.164815e+01  2.132715e+01 
 5.591071e+00  3.561520e+00  7.628630e+00  1.134690e+01  2.077694e+01 
 5.669007e+00  3.482447e+00  7.435674e+00  1.105500e+01  2.024488e+01 
 5.748030e+00  3.404166e+00  7.248252e+00  1.076930e+01  1.972224e+01 
 5.828155e+00  3.327438e+00  7.065569e+00  1.049293e+01  1.921532e+01 
 5.909396e+00  3.252275e+00  6.886975e+00  1.022298e+01  1.872293e+01 
 5.991770e+00  3.178131e+00  6.711893e+00  9.957578e+00  1.824051e+01 
 6.075292e+00  3.105373e+00  6.541230e+00  9.699529e+00  1.776511e+01 
 6.159978e+00  3.033564e+00  6.372963e+00  9.446450e+00  1.730232e+01 
 6.245845e+00  2.962980e+00  6.208781e+00  9.199080e+00  1.684888e+01 
 6.332908e+00  2.893424e+00  6.047572e+00  8.956457e+00  1.640387e+01 
 6.421186e+00  2.825597e+00  5.890907e+00  8.719816e+00  1.597078e+01 
 6.510694e+00  2.758743e+00  5.737819e+00  8.489826e+00  1.554950e+01 
 6.601449e+00  2.693939e+00  5.589078e+00  8.266021e+00  1.513858e+01 
 6.693470e+00  2.629943e+00  5.443643e+00  8.047533e+00  1.473854e+01 
 6.786773e+00  2.567913e+00  5.302561e+00  7.835436e+00  1.435080e+01 
 6.881377e+00  2.507608e+00  5.165812e+00  7.629710e+00  1.397221e+01 
 6.977300e+00  2.448533e+00  5.032997e+00  7.431067e+00  1.360548e+01 
 7.074559e+00  2.391358e+00  4.903538e+00  7.236501e+00  1.324853e+01 
 7.173175e+00  2.335111e+00  4.778049e+00  7.047965e+00  1.290239e+01 
 7.273165e+00  2.280553e+00  4.655818e+00  6.865431e+00  1.256553e+01 
 7.374549e+00  2.226920e+00  4.536406e+00  6.686439e+00  1.223784e+01 
 7.477346e+00  2.174308e+00  4.420212e+00  6.512794e+00  1.191642e+01 
 7.581576e+00  2.122934e+00  4.305753e+00  6.341799e+00  1.160218e+01 
 7.687260e+00  2.072230e+00  4.194356e+00  6.174954e+00  1.129555e+01 
 7.794416e+00  2.022661e+00  4.085333e+00  6.011310e+00  1.099477e+01 
 7.903066e+00  1.974101e+00  3.978252e+00  5.851217e+00  1.070056e+01 
 8.013230e+00  1.926535e+00  3.874662e+00  5.696599e+00  1.041477e+01 
 8.124930e+00  1.880030e+00  3.773355e+00  5.545453e+00  1.013580e+01 
 8.238187e+00  1.834873e+00  3.674678e+00  5.397928e+00  9.864492e+00 
 8.353023e+00  1.790705e+00  3.578897e+00  5.255063e+00  9.600569e+00 
 8.469460e+00  1.747881e+00  3.486036e+00  5.116461e+00  9.344668e+00 
 8.587519e+00  1.706227e+00  3.395682e+00  4.981591e+00  9.096076e+00 
 8.707225e+00  1.665680e+00  3.307903e+00  4.851000e+00  8.854994e+00 
 8.828599e+00  1.626289e+00  3.223067e+00  4.724390e+00  8.620605e+00 
 8.951665e+00  1.587835e+00  3.140496e+00  4.601196e+00  8.393660e+00 
 9.076446e+00  1.550557e+00  3.060460e+00  4.481838e+00  8.172957e+00 
 9.202967e+00  1.514099e+00  2.982370e+00  4.365755e+00  7.957718e+00 
 9.331251e+00  1.478307e+00  2.906058e+00  4.251980e+00  7.747727e+00 
 9.461324e+00  0.000000e+00  0.000000e+00  0.000000e+00  0.000000e+00 
 9.593209e+00  0.000000e+00  0.000000e+00  0.000000e+00  0.000000e+00 
 9.726934e+00  0.000000e+00  0.000000e+00  0.000000e+00  0.000000e+00 
 9.862522e+00  0.000000e+00  0.000000e+00  0.000000e+00  0.000000e+00 
 1.000000e+01  0.000000e+00  0.000000e+00  0.000000e+00  0.000000e+00 
