 1.000000e-02  5.636817e+03  1.026929e+04  1.388096e+04  2.067933e+04 
 1.013939e-02  5.666695e+03  1.032357e+04  1.395412e+04  2.078772e+04 
 1.028073e-02  5.696092e+03  1.037699e+04  1.402603e+04  2.089429e+04 
 1.042404e-02  5.724993e+03  1.042951e+04  1.409668e+04  2.099912e+04 
 1.056935e-02  5.753388e+03  1.048105e+04  1.416604e+04  2.110210e+04 
 1.071668e-02  5.781243e+03  1.053159e+04  1.423409e+04  2.120306e+04 
 1.086606e-02  5.808545e+03  1.058108e+04  1.430084e+04  2.130189e+04 
 1.101753e-02  5.835263e+03  1.062950e+04  1.436618e+04  2.139852e+04 
 1.117111e-02  5.861381e+03  1.067686e+04  1.443001e+04  2.149292e+04 
 1.132683e-02  5.886893e+03  1.072312e+04  1.449225e+04  2.158507e+04 
 1.148472e-02  5.911795e+03  1.076827e+04  1.455287e+04  2.167494e+04 
 1.164481e-02  5.936054e+03  1.081222e+04  1.461189e+04  2.176244e+04 
 1.180713e-02  5.959626e+03  1.085493e+04  1.466929e+04  2.184740e+04 
 1.197171e-02  5.982484e+03  1.089632e+04  1.472509e+04  2.192978e+04 
 1.213859e-02  6.004624e+03  1.093641e+04  1.477911e+04  2.200950e+04 
 1.230780e-02  6.026028e+03  1.097515e+04  1.483111e+04  2.208644e+04 
 1.247936e-02  6.046682e+03  1.101254e+04  1.488119e+04  2.216057e+04 
 1.265332e-02  6.066553e+03  1.104846e+04  1.492943e+04  2.223179e+04 
 1.282970e-02  6.085615e+03  1.108290e+04  1.497577e+04  2.230001e+04 
 1.300854e-02  6.103855e+03  1.111585e+04  1.502011e+04  2.236529e+04 
 1.318987e-02  6.121274e+03  1.114731e+04  1.506229e+04  2.242757e+04 
 1.337373e-02  6.137814e+03  1.117717e+04  1.510226e+04  2.248659e+04 
 1.356015e-02  6.153461e+03  1.120541e+04  1.514003e+04  2.254220e+04 
 1.374917e-02  6.168185e+03  1.123195e+04  1.517558e+04  2.259434e+04 
 1.394083e-02  6.181987e+03  1.125679e+04  1.520883e+04  2.264303e+04 
 1.413516e-02  6.194856e+03  1.127992e+04  1.523977e+04  2.268839e+04 
 1.433219e-02  6.206765e+03  1.130129e+04  1.526830e+04  2.273024e+04 
 1.453198e-02  6.217669e+03  1.132085e+04  1.529429e+04  2.276834e+04 
 1.473454e-02  6.227556e+03  1.133856e+04  1.531773e+04  2.280265e+04 
 1.493993e-02  6.236418e+03  1.135439e+04  1.533877e+04  2.283323e+04 
 1.514819e-02  6.244249e+03  1.136837e+04  1.535741e+04  2.286010e+04 
 1.535935e-02  6.251023e+03  1.138041e+04  1.537341e+04  2.288306e+04 
 1.557345e-02  6.256702e+03  1.139045e+04  1.538663e+04  2.290199e+04 
 1.579053e-02  6.261268e+03  1.139845e+04  1.539705e+04  2.291678e+04 
 1.601064e-02  6.264690e+03  1.140437e+04  1.540463e+04  2.292736e+04 
 1.623382e-02  6.266952e+03  1.140817e+04  1.540938e+04  2.293367e+04 
 1.646012e-02  6.268045e+03  1.140987e+04  1.541126e+04  2.293574e+04 
 1.668956e-02  6.267963e+03  1.140940e+04  1.541025e+04  2.293353e+04 
 1.692220e-02  6.266676e+03  1.140675e+04  1.540627e+04  2.292690e+04 
 1.715809e-02  6.264167e+03  1.140184e+04  1.539926e+04  2.291569e+04 
 1.739726e-02  6.260402e+03  1.139467e+04  1.538918e+04  2.289983e+04 
 1.763977e-02  6.255378e+03  1.138519e+04  1.537596e+04  2.287928e+04 
 1.788566e-02  6.249083e+03  1.137337e+04  1.535959e+04  2.285407e+04 
 1.813498e-02  6.241496e+03  1.135922e+04  1.534007e+04  2.282416e+04 
 1.838777e-02  6.232631e+03  1.134274e+04  1.531739e+04  2.278955e+04 
 1.864409e-02  6.222455e+03  1.132387e+04  1.529150e+04  2.275015e+04 
 1.890397e-02  6.210946e+03  1.130257e+04  1.526231e+04  2.270578e+04 
 1.916748e-02  6.198098e+03  1.127881e+04  1.522979e+04  2.265645e+04 
 1.943467e-02  6.183909e+03  1.125263e+04  1.519400e+04  2.260221e+04 
 1.970558e-02  6.168368e+03  1.122398e+04  1.515490e+04  2.254310e+04 
 1.998026e-02  6.151468e+03  1.119288e+04  1.511245e+04  2.247904e+04 
 2.025878e-02  6.133208e+03  1.115928e+04  1.506665e+04  2.240999e+04 
 2.054117e-02  6.113581e+03  1.112320e+04  1.501746e+04  2.233591e+04 
 2.082751e-02  6.092575e+03  1.108459e+04  1.496487e+04  2.225679e+04 
 2.111783e-02  6.070191e+03  1.104348e+04  1.490890e+04  2.217259e+04 
 2.141220e-02  6.046541e+03  1.100004e+04  1.484971e+04  2.208344e+04 
 2.171068e-02  6.022105e+03  1.095488e+04  1.478799e+04  2.198974e+04 
 2.201331e-02  5.996301e+03  1.090725e+04  1.472291e+04  2.189100e+04 
 2.232016e-02  5.969119e+03  1.085711e+04  1.465448e+04  2.178735e+04 
 2.263130e-02  5.940570e+03  1.080448e+04  1.458268e+04  2.167878e+04 
 2.294676e-02  5.910668e+03  1.074942e+04  1.450757e+04  2.156532e+04 
 2.326663e-02  5.879487e+03  1.069199e+04  1.442925e+04  2.144711e+04 
 2.359095e-02  5.846993e+03  1.063218e+04  1.434770e+04  2.132408e+04 
 2.391980e-02  5.813167e+03  1.056995e+04  1.426290e+04  2.119616e+04 
 2.425323e-02  5.778046e+03  1.050536e+04  1.417492e+04  2.106351e+04 
 2.459130e-02  5.741658e+03  1.043846e+04  1.408384e+04  2.092621e+04 
 2.493409e-02  5.704026e+03  1.036931e+04  1.398969e+04  2.078436e+04 
 2.528166e-02  5.665191e+03  1.029796e+04  1.389258e+04  2.063810e+04 
 2.563407e-02  5.625164e+03  1.022444e+04  1.379256e+04  2.048750e+04 
 2.599140e-02  5.583972e+03  1.014880e+04  1.368969e+04  2.033266e+04 
 2.635371e-02  5.541643e+03  1.007110e+04  1.358403e+04  2.017369e+04 
 2.672106e-02  5.498193e+03  9.991373e+03  1.347563e+04  2.001068e+04 
 2.709354e-02  5.453677e+03  9.909721e+03  1.336462e+04  1.984377e+04 
 2.747121e-02  5.408141e+03  9.826211e+03  1.325111e+04  1.967315e+04 
 2.785414e-02  5.361550e+03  9.740808e+03  1.313507e+04  1.949879e+04 
 2.824241e-02  5.313666e+03  9.653144e+03  1.301611e+04  1.932037e+04 
 2.863610e-02  5.264880e+03  9.563839e+03  1.289494e+04  1.913869e+04 
 2.903527e-02  5.215241e+03  9.473000e+03  1.277168e+04  1.895392e+04 
 2.944000e-02  5.164796e+03  9.380714e+03  1.264648e+04  1.876623e+04 
 2.985038e-02  5.113603e+03  9.287073e+03  1.251945e+04  1.857586e+04 
 3.026648e-02  5.061716e+03  9.192182e+03  1.239074e+04  1.838297e+04 
 3.068838e-02  5.009200e+03  9.096129e+03  1.226049e+04  1.818780e+04 
 3.111616e-02  4.956110e+03  8.999037e+03  1.212884e+04  1.799056e+04 
 3.154990e-02  4.902507e+03  8.901027e+03  1.199594e+04  1.779146e+04 
 3.198969e-02  4.848456e+03  8.802188e+03  1.186194e+04  1.759075e+04 
 3.243561e-02  4.794014e+03  8.702647e+03  1.172699e+04  1.738865e+04 
 3.288774e-02  4.739241e+03  8.602520e+03  1.159126e+04  1.718538e+04 
 3.334618e-02  4.684195e+03  8.501913e+03  1.145489e+04  1.698116e+04 
 3.381101e-02  4.628950e+03  8.400955e+03  1.131804e+04  1.677625e+04 
 3.428231e-02  4.573588e+03  8.299785e+03  1.118091e+04  1.657092e+04 
 3.476019e-02  4.518069e+03  8.198634e+03  1.104417e+04  1.636725e+04 
 3.524473e-02  4.462567e+03  8.097524e+03  1.090750e+04  1.616372e+04 
 3.573602e-02  4.407147e+03  7.996584e+03  1.077106e+04  1.596052e+04 
 3.623416e-02  4.351879e+03  7.895932e+03  1.063502e+04  1.575788e+04 
 3.673925e-02  4.296830e+03  7.795676e+03  1.049951e+04  1.555604e+04 
 3.725137e-02  4.242070e+03  7.695935e+03  1.036469e+04  1.535525e+04 
 3.777064e-02  4.187673e+03  7.596852e+03  1.023077e+04  1.515578e+04 
 3.829714e-02  4.133719e+03  7.498569e+03  1.009792e+04  1.495789e+04 
 3.883098e-02  4.080264e+03  7.401195e+03  9.966299e+03  1.476181e+04 
 3.937226e-02  4.027368e+03  7.304843e+03  9.836062e+03  1.456779e+04 
 3.992109e-02  3.975092e+03  7.209628e+03  9.707327e+03  1.437604e+04 
 4.047757e-02  3.923483e+03  7.115591e+03  9.580170e+03  1.418647e+04 
 4.104181e-02  3.872380e+03  7.021853e+03  9.452732e+03  1.399459e+04 
 4.161391e-02  3.822074e+03  6.929558e+03  9.327252e+03  1.380564e+04 
 4.219398e-02  3.772613e+03  6.838792e+03  9.203849e+03  1.361981e+04 
 4.278214e-02  3.724040e+03  6.749658e+03  9.082636e+03  1.343728e+04 
 4.337850e-02  3.676401e+03  6.662222e+03  8.963742e+03  1.325821e+04 
 4.398317e-02  3.629737e+03  6.576568e+03  8.847260e+03  1.308273e+04 
 4.459628e-02  3.584073e+03  6.492747e+03  8.733248e+03  1.291093e+04 
 4.521792e-02  3.539446e+03  6.410810e+03  8.621780e+03  1.274289e+04 
 4.584824e-02  3.495878e+03  6.330801e+03  8.512911e+03  1.257873e+04 
 4.648734e-02  3.453378e+03  6.252737e+03  8.406669e+03  1.241851e+04 
 4.713535e-02  3.412167e+03  6.177828e+03  8.305534e+03  1.226820e+04 
 4.779239e-02  3.372169e+03  6.105614e+03  8.208549e+03  1.212541e+04 
 4.845859e-02  3.333265e+03  6.035370e+03  8.114219e+03  1.198652e+04 
 4.913407e-02  3.295439e+03  5.967085e+03  8.022510e+03  1.185149e+04 
 4.981898e-02  3.258678e+03  5.900721e+03  7.933386e+03  1.172030e+04 
 5.051342e-02  3.222962e+03  5.836233e+03  7.846788e+03  1.159284e+04 
 5.121755e-02  3.188259e+03  5.773575e+03  7.762640e+03  1.146902e+04 
 5.193150e-02  3.154530e+03  5.712690e+03  7.680862e+03  1.134872e+04 
 5.265540e-02  3.121727e+03  5.653490e+03  7.601352e+03  1.123177e+04 
 5.338938e-02  3.089544e+03  5.594943e+03  7.522229e+03  1.111408e+04 
 5.413360e-02  3.057876e+03  5.536774e+03  7.443029e+03  1.099473e+04 
 5.488820e-02  3.027005e+03  5.480028e+03  7.365762e+03  1.087830e+04 
 5.565331e-02  2.996835e+03  5.424539e+03  7.290200e+03  1.076442e+04 
 5.642908e-02  2.967172e+03  5.369981e+03  7.215886e+03  1.065241e+04 
 5.721568e-02  2.937934e+03  5.316194e+03  7.142630e+03  1.054195e+04 
 5.801323e-02  2.909310e+03  5.263537e+03  7.070890e+03  1.043379e+04 
 5.882190e-02  2.881395e+03  5.212170e+03  7.000914e+03  1.032831e+04 
 5.964185e-02  2.854180e+03  5.162425e+03  6.933504e+03  1.022767e+04 
 6.047322e-02  2.827671e+03  5.114933e+03  6.870126e+03  1.013573e+04 
 6.131619e-02  2.800797e+03  5.066764e+03  6.805829e+03  1.004240e+04 
 6.217090e-02  2.773419e+03  5.017687e+03  6.740313e+03  9.947265e+03 
 6.303753e-02  2.745638e+03  4.967885e+03  6.673831e+03  9.850733e+03 
 6.391624e-02  2.717502e+03  4.917436e+03  6.606482e+03  9.752960e+03 
 6.480720e-02  2.688913e+03  4.866167e+03  6.538034e+03  9.653587e+03 
 6.571058e-02  2.659792e+03  4.813915e+03  6.468273e+03  9.552292e+03 
 6.662655e-02  2.628692e+03  4.756074e+03  6.388897e+03  9.430960e+03 
 6.755528e-02  2.596723e+03  4.696619e+03  6.307313e+03  9.306252e+03 
 6.849697e-02  2.563851e+03  4.635548e+03  6.223590e+03  9.178452e+03 
 6.945178e-02  2.530013e+03  4.572739e+03  6.137545e+03  9.047319e+03 
 7.041990e-02  2.495146e+03  4.508080e+03  6.049044e+03  8.912661e+03 
 7.140151e-02  2.459199e+03  4.441484e+03  5.957969e+03  8.774302e+03 
 7.239681e-02  2.422389e+03  4.373628e+03  5.865587e+03  8.635199e+03 
 7.340598e-02  2.384743e+03  4.304624e+03  5.772119e+03  8.495880e+03 
 7.442922e-02  2.345933e+03  4.233549e+03  5.675888e+03  8.352541e+03 
 7.546673e-02  2.305986e+03  4.160436e+03  5.576936e+03  8.205258e+03 
 7.651869e-02  2.264942e+03  4.085361e+03  5.475366e+03  8.054189e+03 
 7.758532e-02  2.222857e+03  4.008419e+03  5.371310e+03  7.899532e+03 
 7.866682e-02  2.180705e+03  3.932559e+03  5.269926e+03  7.751781e+03 
 7.976339e-02  2.139124e+03  3.859677e+03  5.174470e+03  7.617490e+03 
 8.087525e-02  2.096726e+03  3.785270e+03  5.076924e+03  7.479965e+03 
 8.200261e-02  2.053650e+03  3.709591e+03  4.977615e+03  7.339670e+03 
 8.314568e-02  2.010054e+03  3.632908e+03  4.876890e+03  7.197123e+03 
 8.430468e-02  1.966104e+03  3.555527e+03  4.775143e+03  7.052907e+03 
 8.547985e-02  1.921086e+03  3.474828e+03  4.667635e+03  6.897048e+03 
 8.667139e-02  1.875697e+03  3.392809e+03  4.557763e+03  6.736209e+03 
 8.787954e-02  1.830578e+03  3.311267e+03  4.448543e+03  6.576285e+03 
 8.910453e-02  1.785936e+03  3.230577e+03  4.340475e+03  6.418028e+03 
 9.034660e-02  1.741963e+03  3.151107e+03  4.234036e+03  6.262152e+03 
 9.160598e-02  1.699572e+03  3.075464e+03  4.133569e+03  6.117023e+03 
 9.288292e-02  1.658870e+03  3.003714e+03  4.039074e+03  5.982386e+03 
 9.417766e-02  1.619376e+03  2.934079e+03  3.947375e+03  5.851690e+03 
 9.549045e-02  1.581248e+03  2.866855e+03  3.858878e+03  5.725559e+03 
 9.682153e-02  1.544645e+03  2.802352e+03  3.773971e+03  5.604580e+03 
 9.817117e-02  1.509994e+03  2.741781e+03  3.694679e+03  5.492708e+03 
 9.953962e-02  1.477206e+03  2.684689e+03  3.620149e+03  5.388073e+03 
 1.009272e-01  1.446254e+03  2.630841e+03  3.549938e+03  5.289660e+03 
 1.023340e-01  1.417182e+03  2.580359e+03  3.484206e+03  5.197723e+03 
 1.037605e-01  1.389329e+03  2.531273e+03  3.419561e+03  5.105643e+03 
 1.052069e-01  1.360841e+03  2.477998e+03  3.346549e+03  4.994998e+03 
 1.066734e-01  1.334289e+03  2.428276e+03  3.278382e+03  4.891604e+03 
 1.081604e-01  1.309584e+03  2.381974e+03  3.214858e+03  4.795170e+03 
 1.096681e-01  1.286602e+03  2.338859e+03  3.155653e+03  4.705219e+03 
 1.111968e-01  1.265570e+03  2.299753e+03  3.102121e+03  4.623781e+03 
 1.127468e-01  1.245948e+03  2.263249e+03  3.052134e+03  4.547662e+03 
 1.143184e-01  1.227507e+03  2.228954e+03  3.005142e+03  4.475980e+03 
 1.159120e-01  1.210015e+03  2.196419e+03  2.960524e+03  4.407857e+03 
 1.175277e-01  1.194252e+03  2.168066e+03  2.922419e+03  4.351248e+03 
 1.191660e-01  1.179016e+03  2.140780e+03  2.885837e+03  4.297051e+03 
 1.208271e-01  1.163946e+03  2.113815e+03  2.849712e+03  4.243523e+03 
 1.225114e-01  1.148763e+03  2.086603e+03  2.813268e+03  4.189626e+03 
 1.242191e-01  1.132893e+03  2.057955e+03  2.774938e+03  4.133727e+03 
 1.259506e-01  1.116443e+03  2.028278e+03  2.735216e+03  4.075728e+03 
 1.277063e-01  1.099218e+03  1.997195e+03  2.693613e+03  4.014928e+03 
 1.294865e-01  1.081395e+03  1.965178e+03  2.650762e+03  3.951906e+03 
 1.312915e-01  1.062878e+03  1.932088e+03  2.606451e+03  3.886276e+03 
 1.331216e-01  1.043174e+03  1.896842e+03  2.559218e+03  3.816301e+03 
 1.349772e-01  1.022304e+03  1.859505e+03  2.509202e+03  3.742322e+03 
 1.368587e-01  1.001455e+03  1.824159e+03  2.464098e+03  3.681993e+03 
 1.387665e-01  9.794802e+02  1.786676e+03  2.416028e+03  3.617013e+03 
 1.407008e-01  9.565226e+02  1.747302e+03  2.365322e+03  3.547849e+03 
 1.426621e-01  9.336110e+02  1.708147e+03  2.314655e+03  3.476978e+03 
 1.446507e-01  9.103720e+02  1.668384e+03  2.262964e+03  3.403879e+03 
 1.466671e-01  8.867868e+02  1.627877e+03  2.210144e+03  3.328895e+03 
 1.487115e-01  8.610353e+02  1.581386e+03  2.147911e+03  3.237823e+03 
 1.507845e-01  8.342006e+02  1.531599e+03  2.080353e+03  3.137429e+03 
 1.528864e-01  8.080644e+02  1.483121e+03  2.014544e+03  3.039615e+03 
 1.550175e-01  7.848585e+02  1.442000e+03  1.960223e+03  2.961895e+03 
 1.571784e-01  7.641518e+02  1.406770e+03  1.914921e+03  2.899549e+03 
 1.593694e-01  7.447068e+02  1.373745e+03  1.872497e+03  2.841235e+03 
 1.615909e-01  7.272301e+02  1.344584e+03  1.835361e+03  2.790737e+03 
 1.638434e-01  7.115026e+02  1.318679e+03  1.802609e+03  2.746632e+03 
 1.661273e-01  6.973056e+02  1.295488e+03  1.773473e+03  2.707801e+03 
 1.684430e-01  6.813489e+02  1.266309e+03  1.734418e+03  2.651395e+03 
 1.707910e-01  6.664905e+02  1.238837e+03  1.697433e+03  2.597748e+03 
 1.731717e-01  6.535246e+02  1.215261e+03  1.665956e+03  2.552526e+03 
 1.755856e-01  6.439215e+02  1.199530e+03  1.645985e+03  2.524761e+03 
 1.780332e-01  6.351430e+02  1.185300e+03  1.628042e+03  2.500089e+03 
 1.805149e-01  6.251189e+02  1.166561e+03  1.602088e+03  2.459684e+03 
 1.830312e-01  6.142939e+02  1.145040e+03  1.571251e+03  2.409759e+03 
 1.855825e-01  6.035669e+02  1.124014e+03  1.541432e+03  2.362201e+03 
 1.881694e-01  5.931372e+02  1.105247e+03  1.516656e+03  2.326913e+03 
 1.907924e-01  5.821904e+02  1.085511e+03  1.490542e+03  2.289563e+03 
 1.934520e-01  5.700487e+02  1.063338e+03  1.461160e+03  2.248261e+03 
 1.961486e-01  5.569587e+02  1.039319e+03  1.429254e+03  2.203375e+03 
 1.988828e-01  5.442963e+02  1.016795e+03  1.399582e+03  2.161436e+03 
 2.016551e-01  5.326272e+02  9.971193e+02  1.374089e+03  2.125239e+03 
 2.044661e-01  5.200714e+02  9.754531e+02  1.345607e+03  2.084042e+03 
 2.073162e-01  5.059714e+02  9.492475e+02  1.309614e+03  2.029329e+03 
 2.102061e-01  4.916251e+02  9.225628e+02  1.272955e+03  1.973515e+03 
 2.131362e-01  4.811807e+02  9.074802e+02  1.255239e+03  1.950631e+03 
 2.161073e-01  4.710970e+02  8.931253e+02  1.238564e+03  1.929370e+03 
 2.191197e-01  4.582677e+02  8.712169e+02  1.210611e+03  1.892220e+03 
 2.221741e-01  4.454831e+02  8.487760e+02  1.181652e+03  1.853626e+03 
 2.252711e-01  4.341391e+02  8.295568e+02  1.157395e+03  1.821822e+03 
 2.284112e-01  4.239616e+02  8.126511e+02  1.136357e+03  1.794709e+03 
 2.315951e-01  4.152426e+02  7.975174e+02  1.116218e+03  1.764428e+03 
 2.348235e-01  4.076109e+02  7.840846e+02  1.097889e+03  1.735394e+03 
 2.380968e-01  3.987112e+02  7.669833e+02  1.074182e+03  1.699519e+03 
 2.414157e-01  3.899611e+02  7.498614e+02  1.050383e+03  1.663885e+03 
 2.447809e-01  3.812541e+02  7.333676e+02  1.028002e+03  1.630500e+03 
 2.481930e-01  3.728332e+02  7.175329e+02  1.006599e+03  1.598588e+03 
 2.516527e-01  3.678249e+02  7.095139e+02  9.961236e+02  1.582873e+03 
 2.551606e-01  3.616169e+02  6.987441e+02  9.817704e+02  1.561634e+03 
 2.587174e-01  3.519652e+02  6.800057e+02  9.561997e+02  1.524631e+03 
 2.623238e-01  3.437127e+02  6.650902e+02  9.363712e+02  1.496387e+03 
 2.659804e-01  3.370354e+02  6.544137e+02  9.228931e+02  1.477832e+03 
 2.696881e-01  3.281341e+02  6.384220e+02  9.015673e+02  1.446107e+03 
 2.734474e-01  3.185710e+02  6.208658e+02  8.779472e+02  1.410602e+03 
 2.772591e-01  3.113533e+02  6.092107e+02  8.636395e+02  1.392571e+03 
 2.811239e-01  3.038091e+02  5.963132e+02  8.474728e+02  1.372750e+03 
 2.850426e-01  2.959344e+02  5.819846e+02  8.291825e+02  1.351264e+03 
 2.890160e-01  2.889224e+02  5.702595e+02  8.142483e+02  1.330119e+03 
 2.930447e-01  2.825134e+02  5.593396e+02  7.997175e+02  1.307498e+03 
 2.971296e-01  2.764764e+02  5.474496e+02  7.818747e+02  1.276818e+03 
 3.012714e-01  2.711018e+02  5.383479e+02  7.699744e+02  1.259451e+03 
 3.054710e-01  2.658600e+02  5.298793e+02  7.596943e+02  1.246372e+03 
 3.097291e-01  2.594979e+02  5.181043e+02  7.449432e+02  1.226908e+03 
 3.140465e-01  2.536592e+02  5.068240e+02  7.283742e+02  1.199826e+03 
 3.184242e-01  2.484215e+02  4.965618e+02  7.136714e+02  1.175637e+03 
 3.228628e-01  2.442571e+02  4.898773e+02  7.055207e+02  1.166146e+03 
 3.273634e-01  2.382072e+02  4.779123e+02  6.884864e+02  1.139100e+03 
 3.319266e-01  2.318896e+02  4.658645e+02  6.720110e+02  1.114584e+03 
 3.365535e-01  2.258848e+02  4.553608e+02  6.586913e+02  1.097122e+03 
 3.412449e-01  2.217364e+02  4.498687e+02  6.521096e+02  1.086437e+03 
 3.460016e-01  2.171734e+02  4.424737e+02  6.426359e+02  1.073147e+03 
 3.508247e-01  2.127238e+02  4.346082e+02  6.322234e+02  1.058108e+03 
 3.557150e-01  2.084773e+02  4.268040e+02  6.217400e+02  1.042248e+03 
 3.606735e-01  2.036306e+02  4.182717e+02  6.106707e+02  1.026843e+03 
 3.657011e-01  1.978446e+02  4.074619e+02  5.961059e+02  1.007129e+03 
 3.707988e-01  1.932620e+02  3.988330e+02  5.845032e+02  9.901810e+02 
 3.759675e-01  1.890950e+02  3.910072e+02  5.739097e+02  9.746072e+02 
 3.812083e-01  1.847688e+02  3.832960e+02  5.635931e+02  9.598334e+02 
 3.865221e-01  1.810797e+02  3.779590e+02  5.573364e+02  9.490510e+02 
 3.919100e-01  1.772700e+02  3.691938e+02  5.442271e+02  9.316997e+02 
 3.973730e-01  1.729440e+02  3.621396e+02  5.354425e+02  9.176830e+02 
 4.029122e-01  1.694750e+02  3.566922e+02  5.278548e+02  9.036678e+02 
 4.085286e-01  1.659396e+02  3.491877e+02  5.172401e+02  8.886721e+02 
 4.142232e-01  1.617042e+02  3.406921e+02  5.061955e+02  8.752545e+02 
 4.199973e-01  1.576371e+02  3.338005e+02  4.975450e+02  8.625971e+02 
 4.258518e-01  1.544107e+02  3.278461e+02  4.890936e+02  8.479217e+02 
 4.317880e-01  1.510150e+02  3.212080e+02  4.793772e+02  8.333528e+02 
 4.378069e-01  1.480552e+02  3.154245e+02  4.712096e+02  8.198852e+02 
 4.439097e-01  1.455911e+02  3.117020e+02  4.668975e+02  8.163952e+02 
 4.500975e-01  1.416595e+02  3.044647e+02  4.570460e+02  8.019377e+02 
 4.563716e-01  1.383180e+02  2.976642e+02  4.471939e+02  7.843291e+02 
 4.627332e-01  1.361899e+02  2.948006e+02  4.442290e+02  7.816847e+02 
 4.691835e-01  1.326882e+02  2.878839e+02  4.342795e+02  7.649508e+02 
 4.757236e-01  1.301396e+02  2.829786e+02  4.276673e+02  7.549890e+02 
 4.823549e-01  1.267210e+02  2.760291e+02  4.180282e+02  7.423216e+02 
 4.890787e-01  1.240325e+02  2.708789e+02  4.110748e+02  7.313821e+02 
 4.958962e-01  1.220196e+02  2.669841e+02  4.050250e+02  7.202723e+02 
 5.028087e-01  1.193361e+02  2.623779e+02  3.988631e+02  7.114291e+02 
 5.098176e-01  1.171450e+02  2.583981e+02  3.930396e+02  6.998795e+02 
 5.169242e-01  1.151255e+02  2.546392e+02  3.880910e+02  6.933094e+02 
 5.241298e-01  1.113813e+02  2.483376e+02  3.804356e+02  6.840360e+02 
 5.314359e-01  1.094220e+02  2.452984e+02  3.762459e+02  6.773544e+02 
 5.388438e-01  1.071158e+02  2.401336e+02  3.686005e+02  6.659149e+02 
 5.463550e-01  1.052039e+02  2.363827e+02  3.630129e+02  6.567251e+02 
 5.539709e-01  1.024137e+02  2.315587e+02  3.568763e+02  6.471086e+02 
 5.616930e-01  1.006000e+02  2.280498e+02  3.519405e+02  6.396565e+02 
 5.695227e-01  9.862823e+01  2.249191e+02  3.480470e+02  6.311190e+02 
 5.774615e-01  9.638861e+01  2.197823e+02  3.405351e+02  6.206280e+02 
 5.855110e-01  9.466417e+01  2.165609e+02  3.355470e+02  6.123562e+02 
 5.936727e-01  9.247295e+01  2.115300e+02  3.286937e+02  6.021525e+02 
 6.019482e-01  9.091948e+01  2.091597e+02  3.247864e+02  5.949921e+02 
 6.103390e-01  8.877110e+01  2.055254e+02  3.200303e+02  5.863643e+02 
 6.188468e-01  8.678958e+01  2.023635e+02  3.173334e+02  5.844409e+02 
 6.274732e-01  8.535477e+01  1.986570e+02  3.110195e+02  5.744316e+02 
 6.362198e-01  8.365795e+01  1.956768e+02  3.065716e+02  5.658142e+02 
 6.450884e-01  8.170977e+01  1.922345e+02  3.018271e+02  5.575142e+02 
 6.540806e-01  8.001137e+01  1.882041e+02  2.957858e+02  5.490502e+02 
 6.631981e-01  7.826123e+01  1.855482e+02  2.929202e+02  5.436690e+02 
 6.724427e-01  7.677600e+01  1.823565e+02  2.885619e+02  5.384630e+02 
 6.818162e-01  7.513533e+01  1.791007e+02  2.828064e+02  5.280563e+02 
 6.913204e-01  7.353677e+01  1.759295e+02  2.787395e+02  5.210438e+02 
 7.009570e-01  7.248966e+01  1.733563e+02  2.750038e+02  5.144877e+02 
 7.107280e-01  7.065005e+01  1.705076e+02  2.709478e+02  5.066167e+02 
 7.206351e-01  6.956091e+01  1.679661e+02  2.676101e+02  5.026138e+02 
 7.306804e-01  6.816296e+01  1.654467e+02  2.634036e+02  4.938802e+02 
 7.408657e-01  6.665720e+01  1.622565e+02  2.588559e+02  4.877285e+02 
 7.511929e-01  6.524958e+01  1.593863e+02  2.551766e+02  4.811784e+02 
 7.616642e-01  6.397913e+01  1.565891e+02  2.512553e+02  4.753472e+02 
 7.722814e-01  6.314456e+01  1.549917e+02  2.484314e+02  4.685105e+02 
 7.830465e-01  6.181771e+01  1.520953e+02  2.443886e+02  4.625102e+02 
 7.939618e-01  6.067783e+01  1.501433e+02  2.412826e+02  4.581278e+02 
 8.050292e-01  5.933864e+01  1.474597e+02  2.381465e+02  4.522549e+02 
 8.162509e-01  5.831933e+01  1.453153e+02  2.341723e+02  4.445298e+02 
 8.276289e-01  5.690294e+01  1.425082e+02  2.305338e+02  4.390161e+02 
 8.391656e-01  5.620231e+01  1.408452e+02  2.274128e+02  4.343889e+02 
 8.508632e-01  5.516442e+01  1.384819e+02  2.243569e+02  4.285977e+02 
 8.627237e-01  5.396167e+01  1.363181e+02  2.210684e+02  4.219914e+02 
 8.747496e-01  5.297204e+01  1.340731e+02  2.178776e+02  4.165140e+02 
 8.869432e-01  5.205759e+01  1.321735e+02  2.149708e+02  4.112681e+02 
 8.993067e-01  5.101633e+01  1.301056e+02  2.117952e+02  4.055170e+02 
 9.118425e-01  5.021241e+01  1.279225e+02  2.083099e+02  3.984766e+02 
 9.245531e-01  4.912870e+01  1.258249e+02  2.051408e+02  3.942520e+02 
 9.374409e-01  4.819844e+01  1.239496e+02  2.025919e+02  3.890355e+02 
 9.505083e-01  4.740558e+01  1.220456e+02  1.997096e+02  3.836981e+02 
 9.637579e-01  4.639697e+01  1.197404e+02  1.962974e+02  3.783041e+02 
 9.771921e-01  4.580735e+01  1.190383e+02  1.944159e+02  3.733190e+02 
 9.908137e-01  4.493145e+01  1.168674e+02  1.914222e+02  3.686361e+02 
 1.004625e+00  4.406523e+01  1.147539e+02  1.881816e+02  3.625342e+02 
 1.018629e+00  4.333224e+01  1.132018e+02  1.856066e+02  3.574114e+02 
 1.032828e+00  4.250969e+01  1.114678e+02  1.832769e+02  3.538030e+02 
 1.047225e+00  4.169463e+01  1.098859e+02  1.804077e+02  3.478127e+02 
 1.061823e+00  4.105451e+01  1.084217e+02  1.779855e+02  3.428640e+02 
 1.076624e+00  4.028936e+01  1.067234e+02  1.753897e+02  3.378194e+02 
 1.091632e+00  3.960039e+01  1.050550e+02  1.729245e+02  3.327791e+02 
 1.106848e+00  3.884910e+01  1.032793e+02  1.703488e+02  3.283692e+02 
 1.122277e+00  3.816850e+01  1.018447e+02  1.676249e+02  3.230657e+02 
 1.137921e+00  3.747991e+01  1.001463e+02  1.651557e+02  3.183664e+02 
 1.153783e+00  3.688035e+01  9.861917e+01  1.627003e+02  3.139141e+02 
 1.169866e+00  3.622122e+01  9.716947e+01  1.602809e+02  3.095820e+02 
 1.186174e+00  3.556405e+01  9.578457e+01  1.579649e+02  3.046984e+02 
 1.202708e+00  3.499372e+01  9.431763e+01  1.556506e+02  3.001236e+02 
 1.219473e+00  3.440479e+01  9.294898e+01  1.534586e+02  2.952456e+02 
 1.236472e+00  3.379421e+01  9.157758e+01  1.512896e+02  2.910175e+02 
 1.253708e+00  3.324296e+01  9.011288e+01  1.488245e+02  2.868553e+02 
 1.271184e+00  3.268629e+01  8.909711e+01  1.470160e+02  2.823302e+02 
 1.288904e+00  3.212606e+01  8.740469e+01  1.445072e+02  2.783648e+02 
 1.306870e+00  3.153947e+01  8.607718e+01  1.422863e+02  2.737470e+02 
 1.325087e+00  3.105798e+01  8.482685e+01  1.401815e+02  2.692215e+02 
 1.343558e+00  3.053447e+01  8.349669e+01  1.380146e+02  2.649164e+02 
 1.362287e+00  3.005672e+01  8.215556e+01  1.356983e+02  2.607049e+02 
 1.381276e+00  2.954482e+01  8.090550e+01  1.333925e+02  2.565038e+02 
 1.400531e+00  2.906254e+01  7.967090e+01  1.314021e+02  2.519918e+02 
 1.420053e+00  2.855150e+01  7.835403e+01  1.293866e+02  2.477746e+02 
 1.439848e+00  2.809301e+01  7.719988e+01  1.272142e+02  2.437750e+02 
 1.459919e+00  2.758909e+01  7.595731e+01  1.251540e+02  2.394323e+02 
 1.480269e+00  2.719131e+01  7.464567e+01  1.230137e+02  2.350009e+02 
 1.500903e+00  2.672992e+01  7.350441e+01  1.209662e+02  2.314577e+02 
 1.521825e+00  2.628437e+01  7.244011e+01  1.191189e+02  2.273327e+02 
 1.543038e+00  2.583894e+01  7.126929e+01  1.172605e+02  2.236314e+02 
 1.564548e+00  2.545190e+01  7.013210e+01  1.152767e+02  2.195680e+02 
 1.586357e+00  2.503904e+01  6.908010e+01  1.133912e+02  2.156779e+02 
 1.608469e+00  2.460787e+01  6.799359e+01  1.115181e+02  2.121006e+02 
 1.630891e+00  2.427588e+01  6.677707e+01  1.094314e+02  2.079667e+02 
 1.653624e+00  2.384684e+01  6.568493e+01  1.076988e+02  2.045583e+02 
 1.676675e+00  2.345936e+01  6.472195e+01  1.059192e+02  2.006282e+02 
 1.700047e+00  2.306711e+01  6.365633e+01  1.040641e+02  1.970232e+02 
 1.723745e+00  2.270233e+01  6.256838e+01  1.022190e+02  1.930966e+02 
 1.747773e+00  2.230851e+01  6.149281e+01  1.003838e+02  1.894538e+02 
 1.772136e+00  2.195215e+01  6.045909e+01  9.856100e+01  1.860453e+02 
 1.796838e+00  2.160497e+01  5.943118e+01  9.681526e+01  1.824281e+02 
 1.821885e+00  2.127019e+01  5.840560e+01  9.502373e+01  1.790079e+02 
 1.847281e+00  2.092185e+01  5.749751e+01  9.339895e+01  1.755602e+02 
 1.873032e+00  2.058656e+01  5.644457e+01  9.155902e+01  1.722319e+02 
 1.899141e+00  2.024135e+01  5.543481e+01  8.992257e+01  1.688776e+02 
 1.925614e+00  1.992963e+01  5.450780e+01  8.828379e+01  1.654845e+02 
 1.952456e+00  1.966115e+01  5.360747e+01  8.666708e+01  1.621976e+02 
 1.979672e+00  1.930194e+01  5.270331e+01  8.506669e+01  1.590219e+02 
 2.007267e+00  1.901609e+01  5.174775e+01  8.337045e+01  1.559505e+02 
 2.035248e+00  1.868368e+01  5.079858e+01  8.175321e+01  1.526853e+02 
 2.063618e+00  1.837946e+01  4.986411e+01  8.019128e+01  1.495346e+02 
 2.092383e+00  1.808542e+01  4.896107e+01  7.859724e+01  1.464867e+02 
 2.121550e+00  1.777905e+01  4.804133e+01  7.704437e+01  1.433926e+02 
 2.151123e+00  1.749284e+01  4.716092e+01  7.547743e+01  1.403307e+02 
 2.181109e+00  1.720086e+01  4.625923e+01  7.398923e+01  1.374337e+02 
 2.211512e+00  1.691770e+01  4.536429e+01  7.244671e+01  1.343922e+02 
 2.242340e+00  1.664313e+01  4.453359e+01  7.099558e+01  1.315531e+02 
 2.273597e+00  1.634942e+01  4.367859e+01  6.947837e+01  1.286959e+02 
 2.305289e+00  1.609702e+01  4.283286e+01  6.807901e+01  1.259399e+02 
 2.337424e+00  1.582900e+01  4.199048e+01  6.664170e+01  1.232197e+02 
 2.370006e+00  1.556046e+01  4.117541e+01  6.527693e+01  1.206226e+02 
 2.403043e+00  1.528944e+01  4.037504e+01  6.387057e+01  1.179355e+02 
 2.436540e+00  1.504411e+01  3.959695e+01  6.253674e+01  1.153372e+02 
 2.470504e+00  1.479240e+01  3.882316e+01  6.119294e+01  1.127667e+02 
 2.504942e+00  1.454359e+01  3.806753e+01  5.990840e+01  1.102936e+02 
 2.539859e+00  1.430749e+01  3.728871e+01  5.859143e+01  1.077811e+02 
 2.575263e+00  1.405163e+01  3.651895e+01  5.736024e+01  1.053902e+02 
 2.611161e+00  1.381844e+01  3.577048e+01  5.605396e+01  1.029944e+02 
 2.647559e+00  1.358018e+01  3.502257e+01  5.478728e+01  1.005915e+02 
 2.684465e+00  1.334445e+01  3.431322e+01  5.355653e+01  9.826495e+01 
 2.721885e+00  1.310152e+01  3.356122e+01  5.235971e+01  9.598274e+01 
 2.759826e+00  1.287205e+01  3.283609e+01  5.115364e+01  9.373898e+01 
 2.798297e+00  1.264379e+01  3.214667e+01  4.999634e+01  9.159979e+01 
 2.837304e+00  1.242094e+01  3.145161e+01  4.885013e+01  8.944218e+01 
 2.876854e+00  1.219837e+01  3.076461e+01  4.772158e+01  8.735127e+01 
 2.916956e+00  1.198227e+01  3.010606e+01  4.661969e+01  8.525875e+01 
 2.957617e+00  1.177162e+01  2.946112e+01  4.555704e+01  8.326852e+01 
 2.998844e+00  1.155938e+01  2.882331e+01  4.449588e+01  8.128928e+01 
 3.040646e+00  1.135204e+01  2.818742e+01  4.345782e+01  7.941355e+01 
 3.083031e+00  1.114743e+01  2.756259e+01  4.244422e+01  7.753373e+01 
 3.126007e+00  1.094939e+01  2.696169e+01  4.144805e+01  7.567182e+01 
 3.169582e+00  1.074684e+01  2.634335e+01  4.045248e+01  7.386362e+01 
 3.213764e+00  1.054788e+01  2.575010e+01  3.948660e+01  7.208297e+01 
 3.258562e+00  1.034687e+01  2.517168e+01  3.853403e+01  7.033309e+01 
 3.303985e+00  1.015078e+01  2.458186e+01  3.760348e+01  6.862030e+01 
 3.350041e+00  9.958946e+00  2.400547e+01  3.667447e+01  6.692889e+01 
 3.396739e+00  9.763841e+00  2.344792e+01  3.578630e+01  6.527583e+01 
 3.444087e+00  9.578689e+00  2.288918e+01  3.489154e+01  6.365145e+01 
 3.492096e+00  9.393640e+00  2.235505e+01  3.404278e+01  6.210121e+01 
 3.540774e+00  9.206993e+00  2.183329e+01  3.320823e+01  6.056366e+01 
 3.590130e+00  9.029242e+00  2.131181e+01  3.237950e+01  5.908036e+01 
 3.640175e+00  8.855267e+00  2.080796e+01  3.158991e+01  5.761669e+01 
 3.690917e+00  8.678329e+00  2.032078e+01  3.079939e+01  5.619317e+01 
 3.742366e+00  8.507434e+00  1.982860e+01  3.004135e+01  5.482432e+01 
 3.794533e+00  8.341073e+00  1.936371e+01  2.930157e+01  5.346537e+01 
 3.847427e+00  8.175468e+00  1.889471e+01  2.857504e+01  5.215886e+01 
 3.901058e+00  8.007851e+00  1.844465e+01  2.786672e+01  5.085813e+01 
 3.955436e+00  7.850067e+00  1.799624e+01  2.715810e+01  4.958214e+01 
 4.010573e+00  7.685750e+00  1.755431e+01  2.648000e+01  4.834964e+01 
 4.066478e+00  7.526566e+00  1.711987e+01  2.580285e+01  4.712107e+01 
 4.123163e+00  7.368310e+00  1.669923e+01  2.514450e+01  4.592535e+01 
 4.180637e+00  7.214357e+00  1.628553e+01  2.450306e+01  4.475238e+01 
 4.238913e+00  7.061390e+00  1.587525e+01  2.387298e+01  4.362084e+01 
 4.298001e+00  6.908202e+00  1.547869e+01  2.326224e+01  4.250516e+01 
 4.357913e+00  6.764237e+00  1.509106e+01  2.266744e+01  4.143119e+01 
 4.418660e+00  6.618317e+00  1.471593e+01  2.208575e+01  4.038429e+01 
 4.480254e+00  6.474713e+00  1.434646e+01  2.151990e+01  3.935932e+01 
 4.542706e+00  6.336609e+00  1.398488e+01  2.096734e+01  3.835955e+01 
 4.606029e+00  6.199447e+00  1.363876e+01  2.043556e+01  3.739765e+01 
 4.670234e+00  6.064973e+00  1.329841e+01  1.991986e+01  3.645971e+01 
 4.735335e+00  5.933479e+00  1.296738e+01  1.941205e+01  3.553811e+01 
 4.801343e+00  5.806282e+00  1.264535e+01  1.891939e+01  3.463610e+01 
 4.868271e+00  5.678660e+00  1.232688e+01  1.843496e+01  3.375823e+01 
 4.936132e+00  5.552904e+00  1.201460e+01  1.796235e+01  3.289762e+01 
 5.004939e+00  5.428487e+00  1.171036e+01  1.749850e+01  3.205368e+01 
 5.074705e+00  5.305172e+00  1.141093e+01  1.704356e+01  3.123028e+01 
 5.145444e+00  5.185425e+00  1.111919e+01  1.660033e+01  3.042697e+01 
 5.217169e+00  5.066219e+00  1.083241e+01  1.616695e+01  2.963181e+01 
 5.289893e+00  4.951470e+00  1.055529e+01  1.574963e+01  2.886823e+01 
 5.363631e+00  4.836704e+00  1.028441e+01  1.533662e+01  2.812024e+01 
 5.438397e+00  4.725918e+00  1.001972e+01  1.493818e+01  2.738991e+01 
 5.514206e+00  4.617000e+00  9.762966e+00  1.455113e+01  2.668419e+01 
 5.591071e+00  4.509518e+00  9.514480e+00  1.417358e+01  2.599746e+01 
 5.669007e+00  4.406804e+00  9.271013e+00  1.380952e+01  2.532957e+01 
 5.748030e+00  4.305218e+00  9.035994e+00  1.345349e+01  2.467755e+01 
 5.828155e+00  4.206110e+00  8.807268e+00  1.310883e+01  2.404494e+01 
 5.909396e+00  4.109241e+00  8.583854e+00  1.277303e+01  2.343184e+01 
 5.991770e+00  4.013971e+00  8.365647e+00  1.244482e+01  2.283070e+01 
 6.075292e+00  3.920976e+00  8.153993e+00  1.212556e+01  2.224328e+01 
 6.159978e+00  3.829117e+00  7.945886e+00  1.181266e+01  2.166902e+01 
 6.245845e+00  3.738819e+00  7.742418e+00  1.150647e+01  2.110491e+01 
 6.332908e+00  3.649796e+00  7.542085e+00  1.120612e+01  2.055287e+01 
 6.421186e+00  3.563186e+00  7.347722e+00  1.091261e+01  2.001337e+01 
 6.510694e+00  3.477658e+00  7.157495e+00  1.062768e+01  1.948760e+01 
 6.601449e+00  3.394736e+00  6.972646e+00  1.034964e+01  1.897594e+01 
 6.693470e+00  3.313154e+00  6.791881e+00  1.007794e+01  1.847644e+01 
 6.786773e+00  3.233635e+00  6.617153e+00  9.814664e+00  1.799109e+01 
 6.881377e+00  3.156615e+00  6.446926e+00  9.558912e+00  1.751776e+01 
 6.977300e+00  3.081321e+00  6.282110e+00  9.311437e+00  1.705969e+01 
 7.074559e+00  3.008204e+00  6.121366e+00  9.069563e+00  1.661343e+01 
 7.173175e+00  2.936628e+00  5.966046e+00  8.835555e+00  1.618095e+01 
 7.273165e+00  2.867268e+00  5.815016e+00  8.608941e+00  1.575961e+01 
 7.374549e+00  2.799439e+00  5.667402e+00  8.386751e+00  1.535041e+01 
 7.477346e+00  2.733055e+00  5.524549e+00  8.172217e+00  1.495110e+01 
 7.581576e+00  2.668560e+00  5.383821e+00  7.961134e+00  1.482775e+01 
 7.687260e+00  2.604924e+00  5.246830e+00  7.754925e+00  1.417939e+01 
 7.794416e+00  2.542531e+00  5.112616e+00  7.552246e+00  1.380506e+01 
 7.903066e+00  2.481445e+00  4.980976e+00  7.354037e+00  1.343791e+01 
 8.013230e+00  2.421659e+00  4.853067e+00  7.162225e+00  1.308058e+01 
 8.124930e+00  2.363077e+00  4.728127e+00  6.974001e+00  1.273131e+01 
 8.238187e+00  2.306188e+00  4.605992e+00  6.790289e+00  1.239160e+01 
 8.353023e+00  2.250548e+00  4.487561e+00  6.612222e+00  1.206035e+01 
 8.469460e+00  2.196550e+00  4.372611e+00  6.438998e+00  1.173876e+01 
 8.587519e+00  2.144119e+00  4.260589e+00  6.270450e+00  1.142627e+01 
 8.707225e+00  2.093059e+00  4.151638e+00  6.107039e+00  1.112258e+01 
 8.828599e+00  2.043360e+00  4.046550e+00  5.948303e+00  1.082725e+01 
 8.951665e+00  1.995006e+00  3.944310e+00  5.794354e+00  1.054119e+01 
 9.076446e+00  1.948146e+00  3.845077e+00  5.645165e+00  1.026330e+01 
 9.202967e+00  1.902523e+00  3.748407e+00  5.499906e+00  9.992553e+00 
 9.331251e+00  1.858021e+00  3.654199e+00  5.358054e+00  9.728949e+00 
 9.461324e+00  0.000000e+00  0.000000e+00  0.000000e+00  0.000000e+00 
 9.593209e+00  0.000000e+00  0.000000e+00  0.000000e+00  0.000000e+00 
 9.726934e+00  0.000000e+00  0.000000e+00  0.000000e+00  0.000000e+00 
 9.862522e+00  0.000000e+00  0.000000e+00  0.000000e+00  0.000000e+00 
 1.000000e+01  0.000000e+00  0.000000e+00  0.000000e+00  0.000000e+00 
