 1.000000e-02  5.782642e+03  1.049570e+04  1.414516e+04  2.094095e+04 
 1.013939e-02  5.813588e+03  1.055171e+04  1.422041e+04  2.105180e+04 
 1.028073e-02  5.844034e+03  1.060679e+04  1.429437e+04  2.116082e+04 
 1.042404e-02  5.873946e+03  1.066087e+04  1.436701e+04  2.126793e+04 
 1.056935e-02  5.903313e+03  1.071395e+04  1.443833e+04  2.137305e+04 
 1.071668e-02  5.932141e+03  1.076600e+04  1.450832e+04  2.147616e+04 
 1.086606e-02  5.960392e+03  1.081699e+04  1.457689e+04  2.157715e+04 
 1.101753e-02  5.988022e+03  1.086692e+04  1.464401e+04  2.167590e+04 
 1.117111e-02  6.015020e+03  1.091572e+04  1.470959e+04  2.177237e+04 
 1.132683e-02  6.041386e+03  1.096336e+04  1.477355e+04  2.186651e+04 
 1.148472e-02  6.067105e+03  1.100980e+04  1.483582e+04  2.195820e+04 
 1.164481e-02  6.092142e+03  1.105496e+04  1.489641e+04  2.204736e+04 
 1.180713e-02  6.116457e+03  1.109884e+04  1.495525e+04  2.213389e+04 
 1.197171e-02  6.140039e+03  1.114139e+04  1.501235e+04  2.221774e+04 
 1.213859e-02  6.162882e+03  1.118258e+04  1.506769e+04  2.229890e+04 
 1.230780e-02  6.184988e+03  1.122241e+04  1.512122e+04  2.237732e+04 
 1.247936e-02  6.206318e+03  1.126083e+04  1.517281e+04  2.245293e+04 
 1.265332e-02  6.226813e+03  1.129774e+04  1.522229e+04  2.252556e+04 
 1.282970e-02  6.246459e+03  1.133311e+04  1.526966e+04  2.259508e+04 
 1.300854e-02  6.265248e+03  1.136692e+04  1.531493e+04  2.266139e+04 
 1.318987e-02  6.283153e+03  1.139912e+04  1.535805e+04  2.272439e+04 
 1.337373e-02  6.300161e+03  1.142968e+04  1.539895e+04  2.278409e+04 
 1.356015e-02  6.316259e+03  1.145858e+04  1.543755e+04  2.284051e+04 
 1.374917e-02  6.331420e+03  1.148576e+04  1.547382e+04  2.289359e+04 
 1.394083e-02  6.345616e+03  1.151120e+04  1.550774e+04  2.294317e+04 
 1.413516e-02  6.358823e+03  1.153484e+04  1.553927e+04  2.298912e+04 
 1.433219e-02  6.371005e+03  1.155661e+04  1.556833e+04  2.303126e+04 
 1.453198e-02  6.382158e+03  1.157651e+04  1.559490e+04  2.306956e+04 
 1.473454e-02  6.392262e+03  1.159450e+04  1.561891e+04  2.310406e+04 
 1.493993e-02  6.401270e+03  1.161050e+04  1.564018e+04  2.313470e+04 
 1.514819e-02  6.409207e+03  1.162458e+04  1.565881e+04  2.316158e+04 
 1.535935e-02  6.416063e+03  1.163669e+04  1.567479e+04  2.318447e+04 
 1.557345e-02  6.421794e+03  1.164673e+04  1.568797e+04  2.320310e+04 
 1.579053e-02  6.426357e+03  1.165466e+04  1.569828e+04  2.321752e+04 
 1.601064e-02  6.429727e+03  1.166044e+04  1.570571e+04  2.322777e+04 
 1.623382e-02  6.431893e+03  1.166403e+04  1.571024e+04  2.323370e+04 
 1.646012e-02  6.432856e+03  1.166543e+04  1.571182e+04  2.323521e+04 
 1.668956e-02  6.432595e+03  1.166460e+04  1.571040e+04  2.323215e+04 
 1.692220e-02  6.431076e+03  1.166150e+04  1.570588e+04  2.322445e+04 
 1.715809e-02  6.428286e+03  1.165607e+04  1.569823e+04  2.321212e+04 
 1.739726e-02  6.424202e+03  1.164829e+04  1.568741e+04  2.319510e+04 
 1.763977e-02  6.418795e+03  1.163813e+04  1.567336e+04  2.317332e+04 
 1.788566e-02  6.412069e+03  1.162558e+04  1.565608e+04  2.314680e+04 
 1.813498e-02  6.404033e+03  1.161063e+04  1.563559e+04  2.311553e+04 
 1.838777e-02  6.394672e+03  1.159328e+04  1.561185e+04  2.307941e+04 
 1.864409e-02  6.383952e+03  1.157344e+04  1.558478e+04  2.303834e+04 
 1.890397e-02  6.371851e+03  1.155109e+04  1.555431e+04  2.299225e+04 
 1.916748e-02  6.358369e+03  1.152624e+04  1.552045e+04  2.294114e+04 
 1.943467e-02  6.343507e+03  1.149889e+04  1.548323e+04  2.288504e+04 
 1.970558e-02  6.327263e+03  1.146903e+04  1.544262e+04  2.282390e+04 
 1.998026e-02  6.309614e+03  1.143664e+04  1.539858e+04  2.275759e+04 
 2.025878e-02  6.290553e+03  1.140166e+04  1.535108e+04  2.268617e+04 
 2.054117e-02  6.270084e+03  1.136412e+04  1.530013e+04  2.260976e+04 
 2.082751e-02  6.248208e+03  1.132404e+04  1.524574e+04  2.252822e+04 
 2.111783e-02  6.224920e+03  1.128142e+04  1.518790e+04  2.244157e+04 
 2.141220e-02  6.200306e+03  1.123633e+04  1.512673e+04  2.234996e+04 
 2.171068e-02  6.174861e+03  1.118948e+04  1.506296e+04  2.225373e+04 
 2.201331e-02  6.148025e+03  1.114010e+04  1.499576e+04  2.215236e+04 
 2.232016e-02  6.119818e+03  1.108822e+04  1.492520e+04  2.204597e+04 
 2.263130e-02  6.090241e+03  1.103388e+04  1.485127e+04  2.193466e+04 
 2.294676e-02  6.059277e+03  1.097701e+04  1.477397e+04  2.181839e+04 
 2.326663e-02  6.026943e+03  1.091767e+04  1.469332e+04  2.169726e+04 
 2.359095e-02  5.993273e+03  1.085590e+04  1.460941e+04  2.157131e+04 
 2.391980e-02  5.958260e+03  1.079171e+04  1.452224e+04  2.144040e+04 
 2.425323e-02  5.921930e+03  1.072513e+04  1.443187e+04  2.130472e+04 
 2.459130e-02  5.884356e+03  1.065628e+04  1.433841e+04  2.116457e+04 
 2.493409e-02  5.845536e+03  1.058517e+04  1.424190e+04  2.101992e+04 
 2.528166e-02  5.805457e+03  1.051176e+04  1.414235e+04  2.087074e+04 
 2.563407e-02  5.764160e+03  1.043616e+04  1.403986e+04  2.071716e+04 
 2.599140e-02  5.721693e+03  1.035844e+04  1.393449e+04  2.055935e+04 
 2.635371e-02  5.678079e+03  1.027867e+04  1.382635e+04  2.039745e+04 
 2.672106e-02  5.633364e+03  1.019692e+04  1.371550e+04  2.023161e+04 
 2.709354e-02  5.587599e+03  1.011325e+04  1.360210e+04  2.006198e+04 
 2.747121e-02  5.540820e+03  1.002774e+04  1.348623e+04  1.988870e+04 
 2.785414e-02  5.492988e+03  9.940345e+03  1.336787e+04  1.971178e+04 
 2.824241e-02  5.443864e+03  9.850728e+03  1.324662e+04  1.953084e+04 
 2.863610e-02  5.393857e+03  9.759511e+03  1.312322e+04  1.934671e+04 
 2.903527e-02  5.343024e+03  9.666794e+03  1.299781e+04  1.915963e+04 
 2.944000e-02  5.291418e+03  9.572684e+03  1.287051e+04  1.896980e+04 
 2.985038e-02  5.239094e+03  9.477272e+03  1.274145e+04  1.877738e+04 
 3.026648e-02  5.186101e+03  9.380653e+03  1.261078e+04  1.858259e+04 
 3.068838e-02  5.132499e+03  9.282943e+03  1.247867e+04  1.838565e+04 
 3.111616e-02  5.078354e+03  9.184268e+03  1.234526e+04  1.818683e+04 
 3.154990e-02  5.023734e+03  9.084740e+03  1.221070e+04  1.798632e+04 
 3.198969e-02  4.968706e+03  8.984465e+03  1.207514e+04  1.778436e+04 
 3.243561e-02  4.913340e+03  8.883565e+03  1.193874e+04  1.758114e+04 
 3.288774e-02  4.857696e+03  8.782168e+03  1.180168e+04  1.737695e+04 
 3.334618e-02  4.801832e+03  8.680405e+03  1.166411e+04  1.717205e+04 
 3.381101e-02  4.745822e+03  8.578393e+03  1.152624e+04  1.696669e+04 
 3.428231e-02  4.689758e+03  8.476259e+03  1.138821e+04  1.676112e+04 
 3.476019e-02  4.633507e+03  8.374117e+03  1.125055e+04  1.655719e+04 
 3.524473e-02  4.577317e+03  8.272120e+03  1.111309e+04  1.635358e+04 
 3.573602e-02  4.521266e+03  8.170401e+03  1.097598e+04  1.615051e+04 
 3.623416e-02  4.465429e+03  8.069074e+03  1.083940e+04  1.594821e+04 
 3.673925e-02  4.409884e+03  7.968255e+03  1.070352e+04  1.574696e+04 
 3.725137e-02  4.354698e+03  7.868076e+03  1.056850e+04  1.554699e+04 
 3.777064e-02  4.299945e+03  7.768673e+03  1.043451e+04  1.534856e+04 
 3.829714e-02  4.245689e+03  7.670180e+03  1.030175e+04  1.515193e+04 
 3.883098e-02  4.191989e+03  7.572709e+03  1.017034e+04  1.495729e+04 
 3.937226e-02  4.138911e+03  7.476359e+03  1.004045e+04  1.476490e+04 
 3.992109e-02  4.086510e+03  7.381234e+03  9.912216e+03  1.457496e+04 
 4.047757e-02  4.034828e+03  7.287376e+03  9.785646e+03  1.438738e+04 
 4.104181e-02  3.983679e+03  7.193792e+03  9.658724e+03  1.419731e+04 
 4.161391e-02  3.933379e+03  7.101746e+03  9.533876e+03  1.401035e+04 
 4.219398e-02  3.883973e+03  7.011326e+03  9.411229e+03  1.382664e+04 
 4.278214e-02  3.835496e+03  6.922602e+03  9.290877e+03  1.364634e+04 
 4.337850e-02  3.787989e+03  6.835650e+03  9.172908e+03  1.346959e+04 
 4.398317e-02  3.741487e+03  6.750529e+03  9.057406e+03  1.329649e+04 
 4.459628e-02  3.696029e+03  6.667291e+03  8.944445e+03  1.312721e+04 
 4.521792e-02  3.651639e+03  6.585982e+03  8.834086e+03  1.296180e+04 
 4.584824e-02  3.608323e+03  6.506624e+03  8.726359e+03  1.280029e+04 
 4.648734e-02  3.566086e+03  6.429227e+03  8.621286e+03  1.264270e+04 
 4.713535e-02  3.525141e+03  6.355026e+03  8.521385e+03  1.249505e+04 
 4.779239e-02  3.485414e+03  6.283525e+03  8.425630e+03  1.235493e+04 
 4.845859e-02  3.446766e+03  6.213962e+03  8.332467e+03  1.221864e+04 
 4.913407e-02  3.409171e+03  6.146302e+03  8.241862e+03  1.208612e+04 
 4.981898e-02  3.372600e+03  6.080501e+03  8.153764e+03  1.195729e+04 
 5.051342e-02  3.337024e+03  6.016506e+03  8.068086e+03  1.183202e+04 
 5.121755e-02  3.302413e+03  5.954250e+03  7.984732e+03  1.171018e+04 
 5.193150e-02  3.268719e+03  5.893641e+03  7.903582e+03  1.159158e+04 
 5.265540e-02  3.235887e+03  5.834568e+03  7.824505e+03  1.147605e+04 
 5.338938e-02  3.203585e+03  5.775932e+03  7.745519e+03  1.135933e+04 
 5.413360e-02  3.171701e+03  5.717442e+03  7.666131e+03  1.124046e+04 
 5.488820e-02  3.140479e+03  5.660184e+03  7.588384e+03  1.112405e+04 
 5.565331e-02  3.109789e+03  5.603910e+03  7.511952e+03  1.100963e+04 
 5.642908e-02  3.079489e+03  5.548330e+03  7.436466e+03  1.089662e+04 
 5.721568e-02  3.049578e+03  5.493452e+03  7.361937e+03  1.078503e+04 
 5.801323e-02  3.020208e+03  5.439551e+03  7.288732e+03  1.067542e+04 
 5.882190e-02  2.991418e+03  5.386690e+03  7.216938e+03  1.056794e+04 
 5.964185e-02  2.963127e+03  5.335117e+03  7.147275e+03  1.046469e+04 
 6.047322e-02  2.935352e+03  5.285550e+03  7.081410e+03  1.036993e+04 
 6.131619e-02  2.906995e+03  5.234936e+03  7.014142e+03  1.027314e+04 
 6.217090e-02  2.877970e+03  5.183128e+03  6.945273e+03  1.017402e+04 
 6.303753e-02  2.848352e+03  5.130258e+03  6.874980e+03  1.007284e+04 
 6.391624e-02  2.818223e+03  5.076455e+03  6.803447e+03  9.969879e+03 
 6.480720e-02  2.787528e+03  5.021623e+03  6.730545e+03  9.864960e+03 
 6.571058e-02  2.756111e+03  4.965485e+03  6.655894e+03  9.757488e+03 
 6.662655e-02  2.722538e+03  4.903392e+03  6.571102e+03  9.629313e+03 
 6.755528e-02  2.687947e+03  4.839409e+03  6.483735e+03  9.497253e+03 
 6.849697e-02  2.652317e+03  4.773578e+03  6.393930e+03  9.361699e+03 
 6.945178e-02  2.615594e+03  4.705808e+03  6.301571e+03  9.222499e+03 
 7.041990e-02  2.577735e+03  4.636027e+03  6.206563e+03  9.079524e+03 
 7.140151e-02  2.538711e+03  4.564184e+03  6.108817e+03  8.932657e+03 
 7.239681e-02  2.498814e+03  4.491115e+03  6.009832e+03  8.785328e+03 
 7.340598e-02  2.458111e+03  4.417003e+03  5.909938e+03  8.638233e+03 
 7.442922e-02  2.416245e+03  4.340822e+03  5.807317e+03  8.487204e+03 
 7.546673e-02  2.373267e+03  4.262649e+03  5.702086e+03  8.332410e+03 
 7.651869e-02  2.329243e+03  4.182620e+03  5.594411e+03  8.174100e+03 
 7.758532e-02  2.284255e+03  4.100896e+03  5.484476e+03  8.012563e+03 
 7.866682e-02  2.239368e+03  4.020658e+03  5.377764e+03  7.858815e+03 
 7.976339e-02  2.195297e+03  3.943952e+03  5.277777e+03  7.719781e+03 
 8.087525e-02  2.150587e+03  3.866024e+03  5.176103e+03  7.578110e+03 
 8.200261e-02  2.105395e+03  3.787159e+03  5.073119e+03  7.434343e+03 
 8.314568e-02  2.059899e+03  3.707668e+03  4.969242e+03  7.289070e+03 
 8.430468e-02  2.014285e+03  3.627894e+03  4.864916e+03  7.142943e+03 
 8.547985e-02  1.967737e+03  3.544955e+03  4.754940e+03  6.985220e+03 
 8.667139e-02  1.921044e+03  3.461067e+03  4.643029e+03  6.823102e+03 
 8.787954e-02  1.874901e+03  3.378179e+03  4.532448e+03  6.662878e+03 
 8.910453e-02  1.829518e+03  3.296667e+03  4.423715e+03  6.505302e+03 
 9.034660e-02  1.785099e+03  3.216888e+03  4.317304e+03  6.351077e+03 
 9.160598e-02  1.742523e+03  3.141337e+03  4.217369e+03  6.208114e+03 
 9.288292e-02  1.701887e+03  3.070083e+03  4.123903e+03  6.076193e+03 
 9.417766e-02  1.662721e+03  3.001422e+03  4.033836e+03  5.949114e+03 
 9.549045e-02  1.625164e+03  2.935622e+03  3.947537e+03  5.827407e+03 
 9.682153e-02  1.589344e+03  2.872911e+03  3.865319e+03  5.711531e+03 
 9.817117e-02  1.555566e+03  2.814165e+03  3.788674e+03  5.604370e+03 
 9.953962e-02  1.523770e+03  2.759062e+03  3.716995e+03  5.504616e+03 
 1.009272e-01  1.493914e+03  2.707416e+03  3.649928e+03  5.411506e+03 
 1.023340e-01  1.466004e+03  2.659255e+03  3.587481e+03  5.325071e+03 
 1.037605e-01  1.439289e+03  2.612357e+03  3.525896e+03  5.238082e+03 
 1.052069e-01  1.411699e+03  2.560601e+03  3.454878e+03  5.130686e+03 
 1.066734e-01  1.385969e+03  2.512268e+03  3.388522e+03  5.030235e+03 
 1.081604e-01  1.361941e+03  2.467088e+03  3.326434e+03  4.936142e+03 
 1.096681e-01  1.339466e+03  2.424764e+03  3.268212e+03  4.847810e+03 
 1.111968e-01  1.318838e+03  2.386326e+03  3.215536e+03  4.767840e+03 
 1.127468e-01  1.299361e+03  2.350029e+03  3.165779e+03  4.692236e+03 
 1.143184e-01  1.280753e+03  2.315347e+03  3.118212e+03  4.619909e+03 
 1.159120e-01  1.262791e+03  2.281850e+03  3.072259e+03  4.549981e+03 
 1.175277e-01  1.246464e+03  2.252633e+03  3.033179e+03  4.492487e+03 
 1.191660e-01  1.230309e+03  2.223866e+03  2.994777e+03  4.436228e+03 
 1.208271e-01  1.213962e+03  2.194766e+03  2.955934e+03  4.379320e+03 
 1.225114e-01  1.197183e+03  2.164858e+03  2.916069e+03  4.321019e+03 
 1.242191e-01  1.179543e+03  2.133408e+03  2.874401e+03  4.261384e+03 
 1.259506e-01  1.161027e+03  2.100388e+03  2.830599e+03  4.198589e+03 
 1.277063e-01  1.141499e+03  2.065541e+03  2.784319e+03  4.132115e+03 
 1.294865e-01  1.121281e+03  2.029716e+03  2.736801e+03  4.063578e+03 
 1.312915e-01  1.100364e+03  1.992921e+03  2.688084e+03  3.993005e+03 
 1.331216e-01  1.078221e+03  1.953866e+03  2.636311e+03  3.917904e+03 
 1.349772e-01  1.054950e+03  1.912796e+03  2.581835e+03  3.838911e+03 
 1.368587e-01  1.031928e+03  1.874295e+03  2.533173e+03  3.775138e+03 
 1.387665e-01  1.007944e+03  1.833909e+03  2.481891e+03  3.707182e+03 
 1.407008e-01  9.832376e+02  1.792086e+03  2.428523e+03  3.635807e+03 
 1.426621e-01  9.588823e+02  1.750996e+03  2.375705e+03  3.563172e+03 
 1.446507e-01  9.345421e+02  1.709850e+03  2.322625e+03  3.489304e+03 
 1.466671e-01  9.102719e+02  1.668674e+03  2.269399e+03  3.414968e+03 
 1.487115e-01  8.839713e+02  1.621549e+03  2.206563e+03  3.323945e+03 
 1.507845e-01  8.568052e+02  1.571384e+03  2.138576e+03  3.223653e+03 
 1.528864e-01  8.307702e+02  1.523316e+03  2.073465e+03  3.127498e+03 
 1.550175e-01  8.079391e+02  1.482990e+03  2.020211e+03  3.051592e+03 
 1.571784e-01  7.878768e+02  1.448967e+03  1.976459e+03  2.991554e+03 
 1.593694e-01  7.693378e+02  1.417616e+03  1.936268e+03  2.936612e+03 
 1.615909e-01  7.527938e+02  1.390039e+03  1.901058e+03  2.888622e+03 
 1.638434e-01  7.380286e+02  1.365716e+03  1.870222e+03  2.846911e+03 
 1.661273e-01  7.248063e+02  1.344154e+03  1.843090e+03  2.810617e+03 
 1.684430e-01  7.094416e+02  1.315751e+03  1.804758e+03  2.754822e+03 
 1.707910e-01  6.949460e+02  1.288604e+03  1.767903e+03  2.700943e+03 
 1.731717e-01  6.821571e+02  1.265069e+03  1.736217e+03  2.654919e+03 
 1.755856e-01  6.726900e+02  1.249518e+03  1.716367e+03  2.627094e+03 
 1.780332e-01  6.636748e+02  1.234769e+03  1.697605e+03  2.600888e+03 
 1.805149e-01  6.530892e+02  1.215026e+03  1.670253e+03  2.558529e+03 
 1.830312e-01  6.413613e+02  1.191931e+03  1.637314e+03  2.505804e+03 
 1.855825e-01  6.294026e+02  1.168773e+03  1.604686e+03  2.454389e+03 
 1.881694e-01  6.177209e+02  1.148180e+03  1.577811e+03  2.416917e+03 
 1.907924e-01  6.052976e+02  1.126188e+03  1.548977e+03  2.376381e+03 
 1.934520e-01  5.916805e+02  1.101932e+03  1.517272e+03  2.332863e+03 
 1.961486e-01  5.771427e+02  1.075928e+03  1.483205e+03  2.286089e+03 
 1.988828e-01  5.631697e+02  1.051655e+03  1.451649e+03  2.242554e+03 
 2.016551e-01  5.504537e+02  1.030689e+03  1.424858e+03  2.205462e+03 
 2.044661e-01  5.370707e+02  1.008071e+03  1.395480e+03  2.163879e+03 
 2.073162e-01  5.222831e+02  9.809399e+02  1.358424e+03  2.108209e+03 
 2.102061e-01  5.076147e+02  9.539964e+02  1.321602e+03  2.052821e+03 
 2.131362e-01  4.971885e+02  9.392201e+02  1.304414e+03  2.030911e+03 
 2.161073e-01  4.874632e+02  9.258014e+02  1.289136e+03  2.011929e+03 
 2.191197e-01  4.748868e+02  9.043242e+02  1.261675e+03  1.975505e+03 
 2.221741e-01  4.624813e+02  8.824972e+02  1.233432e+03  1.937992e+03 
 2.252711e-01  4.515223e+02  8.638010e+02  1.209685e+03  1.906655e+03 
 2.284112e-01  4.417278e+02  8.473959e+02  1.189122e+03  1.879892e+03 
 2.315951e-01  4.333170e+02  8.325399e+02  1.169059e+03  1.849191e+03 
 2.348235e-01  4.258273e+02  8.190479e+02  1.150319e+03  1.818922e+03 
 2.380968e-01  4.167999e+02  8.014503e+02  1.125692e+03  1.781398e+03 
 2.414157e-01  4.076076e+02  7.832516e+02  1.100190e+03  1.742986e+03 
 2.447809e-01  3.984159e+02  7.658997e+02  1.076613e+03  1.707804e+03 
 2.481930e-01  3.892599e+02  7.487656e+02  1.053418e+03  1.673174e+03 
 2.516527e-01  3.836991e+02  7.400006e+02  1.042072e+03  1.656470e+03 
 2.551606e-01  3.767497e+02  7.281339e+02  1.026371e+03  1.633555e+03 
 2.587174e-01  3.662475e+02  7.081673e+02  9.993501e+02  1.594985e+03 
 2.623238e-01  3.573154e+02  6.923805e+02  9.785627e+02  1.565833e+03 
 2.659804e-01  3.502141e+02  6.813508e+02  9.648459e+02  1.547401e+03 
 2.696881e-01  3.408954e+02  6.648890e+02  9.430181e+02  1.515246e+03 
 2.734474e-01  3.310948e+02  6.471524e+02  9.192614e+02  1.479828e+03 
 2.772591e-01  3.238298e+02  6.355739e+02  9.051454e+02  1.462299e+03 
 2.811239e-01  3.163733e+02  6.229329e+02  8.893995e+02  1.443417e+03 
 2.850426e-01  3.086102e+02  6.087976e+02  8.714143e+02  1.422801e+03 
 2.890160e-01  3.017075e+02  5.971806e+02  8.565034e+02  1.401478e+03 
 2.930447e-01  2.953852e+02  5.862714e+02  8.417957e+02  1.378245e+03 
 2.971296e-01  2.893239e+02  5.740279e+02  8.231459e+02  1.345988e+03 
 3.012714e-01  2.838831e+02  5.646899e+02  8.107931e+02  1.327765e+03 
 3.054710e-01  2.784280e+02  5.557872e+02  7.998602e+02  1.313598e+03 
 3.097291e-01  2.716883e+02  5.436020e+02  7.840622e+02  1.292523e+03 
 3.140465e-01  2.654019e+02  5.311651e+02  7.662510e+02  1.263402e+03 
 3.184242e-01  2.597069e+02  5.200932e+02  7.503925e+02  1.237379e+03 
 3.228628e-01  2.552213e+02  5.129901e+02  7.417698e+02  1.227433e+03 
 3.273634e-01  2.488100e+02  5.004569e+02  7.239559e+02  1.199291e+03 
 3.319266e-01  2.421909e+02  4.879779e+02  7.069236e+02  1.174081e+03 
 3.365535e-01  2.359968e+02  4.772952e+02  6.934449e+02  1.156601e+03 
 3.412449e-01  2.318618e+02  4.720073e+02  6.871510e+02  1.146249e+03 
 3.460016e-01  2.273260e+02  4.647280e+02  6.778386e+02  1.133289e+03 
 3.508247e-01  2.229160e+02  4.569270e+02  6.674675e+02  1.118296e+03 
 3.557150e-01  2.186781e+02  4.490806e+02  6.568311e+02  1.102018e+03 
 3.606735e-01  2.137370e+02  4.403142e+02  6.454041e+02  1.086042e+03 
 3.657011e-01  2.077527e+02  4.290497e+02  6.301698e+02  1.065521e+03 
 3.707988e-01  2.029580e+02  4.199727e+02  6.178933e+02  1.047492e+03 
 3.759675e-01  1.985399e+02  4.116373e+02  6.065297e+02  1.030672e+03 
 3.812083e-01  1.939275e+02  4.033800e+02  5.953914e+02  1.014631e+03 
 3.865221e-01  1.900209e+02  3.977614e+02  5.886992e+02  1.002782e+03 
 3.919100e-01  1.859855e+02  3.884870e+02  5.749057e+02  9.848345e+02 
 3.973730e-01  1.814943e+02  3.812406e+02  5.658283e+02  9.701002e+02 
 4.029122e-01  1.779641e+02  3.757344e+02  5.580683e+02  9.556436e+02 
 4.085286e-01  1.743461e+02  3.680361e+02  5.471850e+02  9.404306e+02 
 4.142232e-01  1.700096e+02  3.593453e+02  5.359201e+02  9.268669e+02 
 4.199973e-01  1.658722e+02  3.523674e+02  5.271357e+02  9.138747e+02 
 4.258518e-01  1.625877e+02  3.462758e+02  5.184235e+02  8.986503e+02 
 4.317880e-01  1.590821e+02  3.393413e+02  5.082158e+02  8.833976e+02 
 4.378069e-01  1.559706e+02  3.331987e+02  4.994439e+02  8.688507e+02 
 4.439097e-01  1.533731e+02  3.292503e+02  4.948302e+02  8.650051e+02 
 4.500975e-01  1.492287e+02  3.216116e+02  4.843673e+02  8.496070e+02 
 4.563716e-01  1.457027e+02  3.144179e+02  4.738895e+02  8.308453e+02 
 4.627332e-01  1.435203e+02  3.114950e+02  4.708353e+02  8.279599e+02 
 4.691835e-01  1.398877e+02  3.043361e+02  4.604984e+02  8.105735e+02 
 4.757236e-01  1.372697e+02  2.992645e+02  4.536183e+02  8.001947e+02 
 4.823549e-01  1.337428e+02  2.920831e+02  4.436581e+02  7.871601e+02 
 4.890787e-01  1.309691e+02  2.867810e+02  4.364809e+02  7.757716e+02 
 4.958962e-01  1.289126e+02  2.827444e+02  4.301402e+02  7.641455e+02 
 5.028087e-01  1.261290e+02  2.779376e+02  4.236672e+02  7.548129e+02 
 5.098176e-01  1.238282e+02  2.737148e+02  4.173939e+02  7.423168e+02 
 5.169242e-01  1.217024e+02  2.697233e+02  4.121010e+02  7.351267e+02 
 5.241298e-01  1.177718e+02  2.631463e+02  4.041001e+02  7.253547e+02 
 5.314359e-01  1.157626e+02  2.600142e+02  3.996835e+02  7.182623e+02 
 5.388438e-01  1.133590e+02  2.545799e+02  3.916445e+02  7.063123e+02 
 5.463550e-01  1.113893e+02  2.506961e+02  3.858121e+02  6.967443e+02 
 5.539709e-01  1.084947e+02  2.457166e+02  3.794540e+02  6.867198e+02 
 5.616930e-01  1.066150e+02  2.420565e+02  3.742742e+02  6.788371e+02 
 5.695227e-01  1.045668e+02  2.388174e+02  3.701720e+02  6.696075e+02 
 5.774615e-01  1.022060e+02  2.333721e+02  3.622109e+02  6.585665e+02 
 5.855110e-01  1.004059e+02  2.299796e+02  3.569083e+02  6.497532e+02 
 5.936727e-01  9.811175e+01  2.246468e+02  3.496333e+02  6.389091e+02 
 6.019482e-01  9.649740e+01  2.221615e+02  3.454640e+02  6.312985e+02 
 6.103390e-01  9.425896e+01  2.183950e+02  3.404943e+02  6.220784e+02 
 6.188468e-01  9.220080e+01  2.151678e+02  3.377812e+02  6.200255e+02 
 6.274732e-01  9.070140e+01  2.112085e+02  3.310527e+02  6.095798e+02 
 6.362198e-01  8.894555e+01  2.081045e+02  3.263728e+02  6.004563e+02 
 6.450884e-01  8.689901e+01  2.044914e+02  3.213258e+02  5.915686e+02 
 6.540806e-01  8.510562e+01  2.002097e+02  3.149039e+02  5.826016e+02 
 6.631981e-01  8.327495e+01  1.974363e+02  3.118585e+02  5.767498e+02 
 6.724427e-01  8.171493e+01  1.940884e+02  3.073114e+02  5.712449e+02 
 6.818162e-01  7.999539e+01  1.906159e+02  3.011174e+02  5.602413e+02 
 6.913204e-01  7.831726e+01  1.872716e+02  2.968070e+02  5.526822e+02 
 7.009570e-01  7.721801e+01  1.845228e+02  2.928289e+02  5.457209e+02 
 7.107280e-01  7.529874e+01  1.815802e+02  2.885283e+02  5.372998e+02 
 7.206351e-01  7.415606e+01  1.788942e+02  2.850429e+02  5.329964e+02 
 7.306804e-01  7.270039e+01  1.762208e+02  2.804938e+02  5.236843e+02 
 7.408657e-01  7.111442e+01  1.728663e+02  2.757157e+02  5.172992e+02 
 7.511929e-01  6.963998e+01  1.698548e+02  2.718564e+02  5.101964e+02 
 7.616642e-01  6.829721e+01  1.669009e+02  2.676977e+02  5.041397e+02 
 7.722814e-01  6.744391e+01  1.652002e+02  2.646647e+02  4.967801e+02 
 7.830465e-01  6.604267e+01  1.621418e+02  2.603905e+02  4.904021e+02 
 7.939618e-01  6.485413e+01  1.600939e+02  2.570649e+02  4.857751e+02 
 8.050292e-01  6.344778e+01  1.572925e+02  2.538036e+02  4.795007e+02 
 8.162509e-01  6.238485e+01  1.550195e+02  2.495702e+02  4.713464e+02 
 8.276289e-01  6.089203e+01  1.520713e+02  2.457349e+02  4.655198e+02 
 8.391656e-01  6.016691e+01  1.502748e+02  2.423783e+02  4.606084e+02 
 8.508632e-01  5.906500e+01  1.477970e+02  2.391276e+02  4.544032e+02 
 8.627237e-01  5.780712e+01  1.454971e+02  2.356267e+02  4.473554e+02 
 8.747496e-01  5.675795e+01  1.431281e+02  2.322694e+02  4.414561e+02 
 8.869432e-01  5.580318e+01  1.411170e+02  2.291648e+02  4.359237e+02 
 8.993067e-01  5.470533e+01  1.389293e+02  2.257531e+02  4.297827e+02 
 9.118425e-01  5.385565e+01  1.365974e+02  2.220574e+02  4.222883e+02 
 9.245531e-01  5.271413e+01  1.343787e+02  2.186822e+02  4.178196e+02 
 9.374409e-01  5.173109e+01  1.323949e+02  2.159685e+02  4.121741e+02 
 9.505083e-01  5.089965e+01  1.303600e+02  2.128949e+02  4.065475e+02 
 9.637579e-01  4.982732e+01  1.279220e+02  2.092770e+02  4.007255e+02 
 9.771921e-01  4.921493e+01  1.271613e+02  2.071848e+02  3.954278e+02 
 9.908137e-01  4.828926e+01  1.248406e+02  2.040156e+02  3.903833e+02 
 1.004625e+00  4.736215e+01  1.225960e+02  2.005500e+02  3.839200e+02 
 1.018629e+00  4.658972e+01  1.209390e+02  1.977709e+02  3.784504e+02 
 1.032828e+00  4.571588e+01  1.191095e+02  1.953082e+02  3.745155e+02 
 1.047225e+00  4.485040e+01  1.174235e+02  1.922133e+02  3.681275e+02 
 1.061823e+00  4.417837e+01  1.158466e+02  1.896217e+02  3.628797e+02 
 1.076624e+00  4.336535e+01  1.140498e+02  1.868532e+02  3.574655e+02 
 1.091632e+00  4.262966e+01  1.122667e+02  1.841892e+02  3.520724e+02 
 1.106848e+00  4.183538e+01  1.103745e+02  1.814676e+02  3.473871e+02 
 1.122277e+00  4.111469e+01  1.088476e+02  1.785263e+02  3.417354e+02 
 1.137921e+00  4.038671e+01  1.070332e+02  1.759119e+02  3.367380e+02 
 1.153783e+00  3.974820e+01  1.054101e+02  1.732817e+02  3.319568e+02 
 1.169866e+00  3.904549e+01  1.038593e+02  1.706956e+02  3.273517e+02 
 1.186174e+00  3.834990e+01  1.023800e+02  1.681963e+02  3.221700e+02 
 1.202708e+00  3.774772e+01  1.008239e+02  1.657441e+02  3.172969e+02 
 1.219473e+00  3.712186e+01  9.935852e+01  1.633886e+02  3.120885e+02 
 1.236472e+00  3.647145e+01  9.791087e+01  1.610675e+02  3.075585e+02 
 1.253708e+00  3.588949e+01  9.632729e+01  1.584145e+02  3.031835e+02 
 1.271184e+00  3.529720e+01  9.524640e+01  1.564664e+02  2.983349e+02 
 1.288904e+00  3.470087e+01  9.343679e+01  1.538188e+02  2.941131e+02 
 1.306870e+00  3.407077e+01  9.203306e+01  1.514165e+02  2.891622e+02 
 1.325087e+00  3.356025e+01  9.069307e+01  1.491712e+02  2.843481e+02 
 1.343558e+00  3.300369e+01  8.927391e+01  1.468507e+02  2.797434e+02 
 1.362287e+00  3.249579e+01  8.783117e+01  1.443739e+02  2.753036e+02 
 1.381276e+00  3.195350e+01  8.647493e+01  1.418882e+02  2.708519e+02 
 1.400531e+00  3.143550e+01  8.516158e+01  1.397544e+02  2.660360e+02 
 1.420053e+00  3.088926e+01  8.376230e+01  1.376118e+02  2.615222e+02 
 1.439848e+00  3.039963e+01  8.251033e+01  1.352997e+02  2.572445e+02 
 1.459919e+00  2.986053e+01  8.118816e+01  1.330607e+02  2.526319e+02 
 1.480269e+00  2.943490e+01  7.977378e+01  1.307939e+02  2.479248e+02 
 1.500903e+00  2.894089e+01  7.855078e+01  1.285803e+02  2.441270e+02 
 1.521825e+00  2.846656e+01  7.740806e+01  1.265996e+02  2.397993e+02 
 1.543038e+00  2.799019e+01  7.616114e+01  1.246110e+02  2.357986e+02 
 1.564548e+00  2.757448e+01  7.494028e+01  1.224810e+02  2.314639e+02 
 1.586357e+00  2.712983e+01  7.380841e+01  1.204511e+02  2.273277e+02 
 1.608469e+00  2.666737e+01  7.264008e+01  1.184344e+02  2.234948e+02 
 1.630891e+00  2.631047e+01  7.133079e+01  1.161854e+02  2.191255e+02 
 1.653624e+00  2.585193e+01  7.016258e+01  1.143416e+02  2.154790e+02 
 1.676675e+00  2.543582e+01  6.911953e+01  1.124350e+02  2.112922e+02 
 1.700047e+00  2.501396e+01  6.798232e+01  1.104310e+02  2.074733e+02 
 1.723745e+00  2.462039e+01  6.681627e+01  1.084609e+02  2.033197e+02 
 1.747773e+00  2.419851e+01  6.566489e+01  1.064968e+02  1.994168e+02 
 1.772136e+00  2.381515e+01  6.454500e+01  1.045466e+02  1.957954e+02 
 1.796838e+00  2.344478e+01  6.344925e+01  1.026777e+02  1.919568e+02 
 1.821885e+00  2.308174e+01  6.234943e+01  1.007617e+02  1.883533e+02 
 1.847281e+00  2.270819e+01  6.137531e+01  9.902162e+01  1.846919e+02 
 1.873032e+00  2.234914e+01  6.024041e+01  9.705924e+01  1.811478e+02 
 1.899141e+00  2.197713e+01  5.916099e+01  9.531131e+01  1.775924e+02 
 1.925614e+00  2.164145e+01  5.817020e+01  9.355303e+01  1.740067e+02 
 1.952456e+00  2.135374e+01  5.719746e+01  9.182192e+01  1.705447e+02 
 1.979672e+00  2.096686e+01  5.622370e+01  9.010904e+01  1.671438e+02 
 2.007267e+00  2.065728e+01  5.519959e+01  8.830094e+01  1.638824e+02 
 2.035248e+00  2.029996e+01  5.418496e+01  8.657458e+01  1.604248e+02 
 2.063618e+00  1.997005e+01  5.317977e+01  8.490234e+01  1.570984e+02 
 2.092383e+00  1.965174e+01  5.221224e+01  8.320937e+01  1.538864e+02 
 2.121550e+00  1.932276e+01  5.122598e+01  8.154174e+01  1.506020e+02 
 2.151123e+00  1.901239e+01  5.027921e+01  7.986638e+01  1.473624e+02 
 2.181109e+00  1.869883e+01  4.931871e+01  7.828185e+01  1.443042e+02 
 2.211512e+00  1.839071e+01  4.836043e+01  7.663755e+01  1.410958e+02 
 2.242340e+00  1.809505e+01  4.746751e+01  7.508828e+01  1.380967e+02 
 2.273597e+00  1.777782e+01  4.655055e+01  7.347148e+01  1.350775e+02 
 2.305289e+00  1.750374e+01  4.564578e+01  7.197812e+01  1.321612e+02 
 2.337424e+00  1.721310e+01  4.473920e+01  7.046475e+01  1.292728e+02 
 2.370006e+00  1.692519e+01  4.387228e+01  6.900180e+01  1.265397e+02 
 2.403043e+00  1.663282e+01  4.301617e+01  6.750318e+01  1.237093e+02 
 2.436540e+00  1.636590e+01  4.217790e+01  6.608167e+01  1.209622e+02 
 2.470504e+00  1.609338e+01  4.135282e+01  6.465171e+01  1.182596e+02 
 2.504942e+00  1.582287e+01  4.054453e+01  6.328174e+01  1.156487e+02 
 2.539859e+00  1.556658e+01  3.970947e+01  6.187874e+01  1.129973e+02 
 2.575263e+00  1.528822e+01  3.888536e+01  6.057627e+01  1.104716e+02 
 2.611161e+00  1.503669e+01  3.808319e+01  5.919002e+01  1.079383e+02 
 2.647559e+00  1.477831e+01  3.728344e+01  5.784113e+01  1.054109e+02 
 2.684465e+00  1.452170e+01  3.652795e+01  5.653194e+01  1.029565e+02 
 2.721885e+00  1.425844e+01  3.572479e+01  5.526649e+01  1.005601e+02 
 2.759826e+00  1.400760e+01  3.494841e+01  5.398764e+01  9.819120e+01 
 2.798297e+00  1.376176e+01  3.421550e+01  5.276496e+01  9.593710e+01 
 2.837304e+00  1.352003e+01  3.347362e+01  5.154579e+01  9.367105e+01 
 2.876854e+00  1.327834e+01  3.273825e+01  5.035480e+01  9.147308e+01 
 2.916956e+00  1.304374e+01  3.203983e+01  4.918770e+01  8.927194e+01 
 2.957617e+00  1.281508e+01  3.134879e+01  4.806214e+01  8.718746e+01 
 2.998844e+00  1.258394e+01  3.067147e+01  4.694031e+01  8.510529e+01 
 3.040646e+00  1.235900e+01  2.999213e+01  4.584660e+01  8.313089e+01 
 3.083031e+00  1.213614e+01  2.932871e+01  4.477438e+01  8.115911e+01 
 3.126007e+00  1.192065e+01  2.868634e+01  4.371794e+01  7.919897e+01 
 3.169582e+00  1.170094e+01  2.802761e+01  4.266673e+01  7.730035e+01 
 3.213764e+00  1.148435e+01  2.739620e+01  4.164484e+01  7.542993e+01 
 3.258562e+00  1.126571e+01  2.678123e+01  4.063995e+01  7.359483e+01 
 3.303985e+00  1.105237e+01  2.615420e+01  3.965466e+01  7.179999e+01 
 3.350041e+00  1.084446e+01  2.554166e+01  3.867818e+01  7.002059e+01 
 3.396739e+00  1.063161e+01  2.495108e+01  3.773864e+01  6.829083e+01 
 3.444087e+00  1.043074e+01  2.435554e+01  3.679660e+01  6.659143e+01 
 3.492096e+00  1.022961e+01  2.378816e+01  3.590273e+01  6.496783e+01 
 3.540774e+00  1.002643e+01  2.323450e+01  3.502321e+01  6.335529e+01 
 3.590130e+00  9.833623e+00  2.268080e+01  3.415051e+01  6.180309e+01 
 3.640175e+00  9.644712e+00  2.214648e+01  3.331881e+01  6.027149e+01 
 3.690917e+00  9.452184e+00  2.162966e+01  3.248764e+01  5.878424e+01 
 3.742366e+00  9.266454e+00  2.110759e+01  3.168721e+01  5.735223e+01 
 3.794533e+00  9.085179e+00  2.061448e+01  3.090817e+01  5.592820e+01 
 3.847427e+00  8.905176e+00  2.011602e+01  3.014359e+01  5.456252e+01 
 3.901058e+00  8.722454e+00  1.963911e+01  2.939576e+01  5.320131e+01 
 3.955436e+00  8.550406e+00  1.916135e+01  2.865193e+01  5.186744e+01 
 4.010573e+00  8.371992e+00  1.869286e+01  2.793728e+01  5.057561e+01 
 4.066478e+00  8.198958e+00  1.823286e+01  2.722434e+01  4.929097e+01 
 4.123163e+00  8.026271e+00  1.778696e+01  2.653053e+01  4.804102e+01 
 4.180637e+00  7.859213e+00  1.734758e+01  2.585587e+01  4.681548e+01 
 4.238913e+00  7.692779e+00  1.691281e+01  2.519274e+01  4.563390e+01 
 4.298001e+00  7.526228e+00  1.649265e+01  2.455118e+01  4.447099e+01 
 4.357913e+00  7.369576e+00  1.608182e+01  2.392489e+01  4.334926e+01 
 4.418660e+00  7.211117e+00  1.568442e+01  2.331325e+01  4.225498e+01 
 4.480254e+00  7.055162e+00  1.529310e+01  2.271776e+01  4.118544e+01 
 4.542706e+00  6.905021e+00  1.490933e+01  2.213675e+01  4.014107e+01 
 4.606029e+00  6.755901e+00  1.454216e+01  2.157721e+01  3.913682e+01 
 4.670234e+00  6.609941e+00  1.418141e+01  2.103452e+01  3.815720e+01 
 4.735335e+00  6.466770e+00  1.383021e+01  2.050030e+01  3.719475e+01 
 4.801343e+00  6.328119e+00  1.348901e+01  1.998098e+01  3.625486e+01 
 4.868271e+00  6.189384e+00  1.315064e+01  1.947073e+01  3.533560e+01 
 4.936132e+00  6.052701e+00  1.281870e+01  1.897251e+01  3.443670e+01 
 5.004939e+00  5.917488e+00  1.249554e+01  1.848370e+01  3.355380e+01 
 5.074705e+00  5.783155e+00  1.217729e+01  1.800438e+01  3.269442e+01 
 5.145444e+00  5.652961e+00  1.186721e+01  1.753695e+01  3.185531e+01 
 5.217169e+00  5.523305e+00  1.156279e+01  1.708026e+01  3.102646e+01 
 5.289893e+00  5.398558e+00  1.126796e+01  1.664028e+01  3.022707e+01 
 5.363631e+00  5.273955e+00  1.097999e+01  1.620453e+01  2.944651e+01 
 5.438397e+00  5.153527e+00  1.069895e+01  1.578465e+01  2.868425e+01 
 5.514206e+00  5.035094e+00  1.042584e+01  1.537650e+01  2.794620e+01 
 5.591071e+00  4.918244e+00  1.016153e+01  1.497778e+01  2.722883e+01 
 5.669007e+00  4.806759e+00  9.902604e+00  1.459409e+01  2.653148e+01 
 5.748030e+00  4.696252e+00  9.652282e+00  1.421855e+01  2.584971e+01 
 5.828155e+00  4.588540e+00  9.408490e+00  1.385460e+01  2.518848e+01 
 5.909396e+00  4.483278e+00  9.170566e+00  1.349931e+01  2.454704e+01 
 5.991770e+00  4.379676e+00  8.937638e+00  1.315250e+01  2.391837e+01 
 6.075292e+00  4.278445e+00  8.711637e+00  1.281459e+01  2.330363e+01 
 6.159978e+00  4.178482e+00  8.489510e+00  1.248357e+01  2.270279e+01 
 6.245845e+00  4.080148e+00  8.272040e+00  1.215975e+01  2.211160e+01 
 6.332908e+00  3.983245e+00  8.058050e+00  1.184186e+01  2.153481e+01 
 6.421186e+00  3.889063e+00  7.850367e+00  1.153124e+01  2.097052e+01 
 6.510694e+00  3.796104e+00  7.646878e+00  1.122992e+01  2.042055e+01 
 6.601449e+00  3.705839e+00  7.449587e+00  1.093558e+01  1.988567e+01 
 6.693470e+00  3.617334e+00  7.256316e+00  1.064831e+01  1.936282e+01 
 6.786773e+00  3.530815e+00  7.069534e+00  1.036918e+01  1.885500e+01 
 6.881377e+00  3.447016e+00  6.887334e+00  1.009860e+01  1.836015e+01 
 6.977300e+00  3.365117e+00  6.710885e+00  9.836605e+00  1.788099e+01 
 7.074559e+00  3.285590e+00  6.538953e+00  9.580391e+00  1.741412e+01 
 7.173175e+00  3.207709e+00  6.372273e+00  9.332682e+00  1.696169e+01 
 7.273165e+00  3.132209e+00  6.210513e+00  9.092094e+00  1.652076e+01 
 7.374549e+00  3.058368e+00  6.052342e+00  8.856747e+00  1.609221e+01 
 7.477346e+00  2.985970e+00  5.899043e+00  8.629255e+00  1.567451e+01 
 7.581576e+00  2.915597e+00  5.748004e+00  8.405335e+00  1.526520e+01 
 7.687260e+00  2.846218e+00  5.600904e+00  8.186610e+00  1.486599e+01 
 7.794416e+00  2.778110e+00  5.456849e+00  7.971686e+00  1.447417e+01 
 7.903066e+00  2.711523e+00  5.315570e+00  7.761546e+00  1.408988e+01 
 8.013230e+00  2.646411e+00  5.178321e+00  7.557634e+00  1.371545e+01 
 8.124930e+00  2.582535e+00  5.044323e+00  7.358233e+00  1.335024e+01 
 8.238187e+00  2.520594e+00  4.913356e+00  7.163697e+00  1.299479e+01 
 8.353023e+00  2.459961e+00  4.786343e+00  6.975193e+00  1.264843e+01 
 8.469460e+00  2.401101e+00  4.662943e+00  6.791820e+00  1.231192e+01 
 8.587519e+00  2.343767e+00  4.542812e+00  6.613637e+00  1.198542e+01 
 8.707225e+00  2.288107e+00  4.425986e+00  6.440884e+00  1.166766e+01 
 8.828599e+00  2.233992e+00  4.313321e+00  6.272855e+00  1.135897e+01 
 8.951665e+00  2.181296e+00  4.203621e+00  6.110061e+00  1.105986e+01 
 9.076446e+00  2.130020e+00  4.097238e+00  5.952376e+00  1.076970e+01 
 9.202967e+00  2.080184e+00  3.993514e+00  5.798729e+00  1.048644e+01 
 9.331251e+00  2.031717e+00  3.892374e+00  5.648772e+00  1.021079e+01 
 9.461324e+00  0.000000e+00  0.000000e+00  0.000000e+00  0.000000e+00 
 9.593209e+00  0.000000e+00  0.000000e+00  0.000000e+00  0.000000e+00 
 9.726934e+00  0.000000e+00  0.000000e+00  0.000000e+00  0.000000e+00 
 9.862522e+00  0.000000e+00  0.000000e+00  0.000000e+00  0.000000e+00 
 1.000000e+01  0.000000e+00  0.000000e+00  0.000000e+00  0.000000e+00 
