 1.000000e-02  5.840122e+03  1.060522e+04  1.429185e+04  2.117269e+04 
 1.013939e-02  5.868734e+03  1.065700e+04  1.436139e+04  2.127537e+04 
 1.028073e-02  5.896780e+03  1.070780e+04  1.442950e+04  2.137600e+04 
 1.042404e-02  5.924250e+03  1.075758e+04  1.449627e+04  2.147464e+04 
 1.056935e-02  5.951131e+03  1.080633e+04  1.456165e+04  2.157119e+04 
 1.071668e-02  5.977376e+03  1.085385e+04  1.462550e+04  2.166531e+04 
 1.086606e-02  6.002944e+03  1.090006e+04  1.468765e+04  2.175681e+04 
 1.101753e-02  6.027807e+03  1.094500e+04  1.474802e+04  2.184576e+04 
 1.117111e-02  6.051911e+03  1.098861e+04  1.480646e+04  2.193197e+04 
 1.132683e-02  6.075264e+03  1.103086e+04  1.486306e+04  2.201548e+04 
 1.148472e-02  6.097961e+03  1.107187e+04  1.491811e+04  2.209660e+04 
 1.164481e-02  6.119956e+03  1.111160e+04  1.497148e+04  2.217512e+04 
 1.180713e-02  6.141182e+03  1.114992e+04  1.502292e+04  2.225085e+04 
 1.197171e-02  6.161621e+03  1.118683e+04  1.507237e+04  2.232363e+04 
 1.213859e-02  6.181226e+03  1.122223e+04  1.511975e+04  2.239334e+04 
 1.230780e-02  6.199984e+03  1.125607e+04  1.516507e+04  2.246008e+04 
 1.247936e-02  6.217872e+03  1.128835e+04  1.520832e+04  2.252372e+04 
 1.265332e-02  6.234877e+03  1.131900e+04  1.524940e+04  2.258394e+04 
 1.282970e-02  6.250976e+03  1.134798e+04  1.528822e+04  2.264068e+04 
 1.300854e-02  6.266123e+03  1.137527e+04  1.532467e+04  2.269407e+04 
 1.318987e-02  6.280302e+03  1.140077e+04  1.535865e+04  2.274407e+04 
 1.337373e-02  6.293509e+03  1.142452e+04  1.539026e+04  2.279052e+04 
 1.356015e-02  6.305755e+03  1.144650e+04  1.541960e+04  2.283337e+04 
 1.374917e-02  6.316995e+03  1.146668e+04  1.544657e+04  2.287247e+04 
 1.394083e-02  6.327168e+03  1.148490e+04  1.547085e+04  2.290768e+04 
 1.413516e-02  6.336237e+03  1.150111e+04  1.549228e+04  2.293899e+04 
 1.433219e-02  6.344181e+03  1.151527e+04  1.551089e+04  2.296629e+04 
 1.453198e-02  6.351016e+03  1.152740e+04  1.552686e+04  2.298940e+04 
 1.473454e-02  6.356716e+03  1.153748e+04  1.554013e+04  2.300836e+04 
 1.493993e-02  6.361249e+03  1.154543e+04  1.555052e+04  2.302312e+04 
 1.514819e-02  6.364539e+03  1.155116e+04  1.555791e+04  2.303351e+04 
 1.535935e-02  6.366597e+03  1.155469e+04  1.556229e+04  2.303946e+04 
 1.557345e-02  6.367432e+03  1.155594e+04  1.556362e+04  2.304081e+04 
 1.579053e-02  6.366999e+03  1.155490e+04  1.556187e+04  2.303753e+04 
 1.601064e-02  6.365284e+03  1.155155e+04  1.555702e+04  2.302963e+04 
 1.623382e-02  6.362268e+03  1.154583e+04  1.554901e+04  2.301705e+04 
 1.646012e-02  6.357938e+03  1.153772e+04  1.553779e+04  2.299974e+04 
 1.668956e-02  6.352292e+03  1.152721e+04  1.552328e+04  2.297770e+04 
 1.692220e-02  6.345311e+03  1.151426e+04  1.550544e+04  2.295077e+04 
 1.715809e-02  6.336942e+03  1.149881e+04  1.548427e+04  2.291879e+04 
 1.739726e-02  6.327196e+03  1.148084e+04  1.545973e+04  2.288179e+04 
 1.763977e-02  6.316063e+03  1.146034e+04  1.543175e+04  2.283972e+04 
 1.788566e-02  6.303510e+03  1.143726e+04  1.540031e+04  2.279252e+04 
 1.813498e-02  6.289523e+03  1.141159e+04  1.536535e+04  2.274010e+04 
 1.838777e-02  6.274089e+03  1.138329e+04  1.532685e+04  2.268237e+04 
 1.864409e-02  6.257195e+03  1.135235e+04  1.528479e+04  2.261933e+04 
 1.890397e-02  6.238851e+03  1.131877e+04  1.523916e+04  2.255108e+04 
 1.916748e-02  6.219048e+03  1.128252e+04  1.518994e+04  2.247755e+04 
 1.943467e-02  6.197753e+03  1.124355e+04  1.513707e+04  2.239864e+04 
 1.970558e-02  6.174964e+03  1.120190e+04  1.508057e+04  2.231428e+04 
 1.998026e-02  6.150680e+03  1.115753e+04  1.502043e+04  2.222445e+04 
 2.025878e-02  6.124870e+03  1.111041e+04  1.495657e+04  2.212908e+04 
 2.054117e-02  6.097555e+03  1.106053e+04  1.488900e+04  2.202821e+04 
 2.082751e-02  6.068770e+03  1.100800e+04  1.481784e+04  2.192205e+04 
 2.111783e-02  6.038514e+03  1.095276e+04  1.474306e+04  2.181059e+04 
 2.141220e-02  6.006841e+03  1.089494e+04  1.466475e+04  2.169386e+04 
 2.171068e-02  5.974288e+03  1.083530e+04  1.458380e+04  2.157268e+04 
 2.201331e-02  5.940235e+03  1.077298e+04  1.449921e+04  2.144608e+04 
 2.232016e-02  5.904717e+03  1.070799e+04  1.441103e+04  2.131416e+04 
 2.263130e-02  5.867758e+03  1.064036e+04  1.431933e+04  2.117700e+04 
 2.294676e-02  5.829363e+03  1.057012e+04  1.422410e+04  2.103461e+04 
 2.326663e-02  5.789537e+03  1.049732e+04  1.412538e+04  2.088708e+04 
 2.359095e-02  5.748303e+03  1.042192e+04  1.402321e+04  2.073445e+04 
 2.391980e-02  5.705643e+03  1.034397e+04  1.391761e+04  2.057670e+04 
 2.425323e-02  5.661604e+03  1.026352e+04  1.380864e+04  2.041396e+04 
 2.459130e-02  5.616235e+03  1.018064e+04  1.369642e+04  2.024644e+04 
 2.493409e-02  5.569569e+03  1.009542e+04  1.358102e+04  2.007423e+04 
 2.528166e-02  5.521626e+03  1.000787e+04  1.346248e+04  1.989737e+04 
 2.563407e-02  5.472415e+03  9.918044e+03  1.334089e+04  1.971601e+04 
 2.599140e-02  5.421987e+03  9.826005e+03  1.321633e+04  1.953026e+04 
 2.635371e-02  5.370377e+03  9.731844e+03  1.308891e+04  1.934028e+04 
 2.672106e-02  5.317637e+03  9.635617e+03  1.295874e+04  1.914626e+04 
 2.709354e-02  5.263811e+03  9.537443e+03  1.282594e+04  1.894834e+04 
 2.747121e-02  5.208953e+03  9.437384e+03  1.269060e+04  1.874668e+04 
 2.785414e-02  5.153049e+03  9.335440e+03  1.255278e+04  1.854140e+04 
 2.824241e-02  5.095901e+03  9.231382e+03  1.241221e+04  1.833237e+04 
 2.863610e-02  5.037876e+03  9.125738e+03  1.226953e+04  1.812022e+04 
 2.903527e-02  4.979025e+03  9.018604e+03  1.212484e+04  1.790511e+04 
 2.944000e-02  4.919410e+03  8.910094e+03  1.197831e+04  1.768728e+04 
 2.985038e-02  4.859105e+03  8.800332e+03  1.183011e+04  1.746699e+04 
 3.026648e-02  4.798174e+03  8.689458e+03  1.168041e+04  1.724450e+04 
 3.068838e-02  4.736689e+03  8.577578e+03  1.152936e+04  1.702004e+04 
 3.111616e-02  4.674703e+03  8.464799e+03  1.137711e+04  1.679381e+04 
 3.154990e-02  4.612299e+03  8.351238e+03  1.122384e+04  1.656609e+04 
 3.198969e-02  4.549546e+03  8.237083e+03  1.106976e+04  1.633716e+04 
 3.243561e-02  4.486537e+03  8.122475e+03  1.091508e+04  1.610734e+04 
 3.288774e-02  4.423339e+03  8.007540e+03  1.075995e+04  1.587689e+04 
 3.334618e-02  4.360045e+03  7.892408e+03  1.060457e+04  1.564607e+04 
 3.381101e-02  4.296718e+03  7.777209e+03  1.044911e+04  1.541517e+04 
 3.428231e-02  4.233433e+03  7.662092e+03  1.029379e+04  1.518447e+04 
 3.476019e-02  4.170099e+03  7.547238e+03  1.013920e+04  1.495583e+04 
 3.524473e-02  4.106978e+03  7.432787e+03  9.985149e+03  1.472803e+04 
 3.573602e-02  4.044175e+03  7.318908e+03  9.831843e+03  1.450134e+04 
 3.623416e-02  3.981766e+03  7.205741e+03  9.679472e+03  1.427602e+04 
 3.673925e-02  3.919810e+03  7.093401e+03  9.528222e+03  1.405236e+04 
 3.725137e-02  3.858385e+03  6.982030e+03  9.378306e+03  1.383063e+04 
 3.777064e-02  3.797583e+03  6.871777e+03  9.229901e+03  1.361114e+04 
 3.829714e-02  3.737486e+03  6.762812e+03  9.083196e+03  1.339416e+04 
 3.883098e-02  3.678168e+03  6.655259e+03  8.938383e+03  1.317997e+04 
 3.937226e-02  3.619710e+03  6.549245e+03  8.795657e+03  1.296886e+04 
 3.992109e-02  3.562175e+03  6.444909e+03  8.655181e+03  1.276106e+04 
 4.047757e-02  3.505619e+03  6.342316e+03  8.517034e+03  1.255662e+04 
 4.104181e-02  3.449989e+03  6.240851e+03  8.379847e+03  1.235201e+04 
 4.161391e-02  3.395482e+03  6.141431e+03  8.245417e+03  1.215150e+04 
 4.219398e-02  3.342149e+03  6.044169e+03  8.113877e+03  1.195530e+04 
 4.278214e-02  3.290054e+03  5.949156e+03  7.985363e+03  1.176360e+04 
 4.337850e-02  3.239247e+03  5.856476e+03  7.860013e+03  1.157658e+04 
 4.398317e-02  3.189776e+03  5.766205e+03  7.737940e+03  1.139440e+04 
 4.459628e-02  3.141676e+03  5.678436e+03  7.619231e+03  1.121723e+04 
 4.521792e-02  3.094980e+03  5.593246e+03  7.503970e+03  1.104521e+04 
 4.584824e-02  3.049717e+03  5.510665e+03  7.392219e+03  1.087839e+04 
 4.648734e-02  3.005912e+03  5.430712e+03  7.284027e+03  1.071685e+04 
 4.713535e-02  2.963662e+03  5.354236e+03  7.181242e+03  1.056515e+04 
 4.779239e-02  2.922938e+03  5.280939e+03  7.083138e+03  1.042149e+04 
 4.845859e-02  2.883695e+03  5.210325e+03  6.988622e+03  1.028311e+04 
 4.913407e-02  2.845931e+03  5.142381e+03  6.897689e+03  1.015002e+04 
 4.981898e-02  2.809626e+03  5.077077e+03  6.810309e+03  1.002215e+04 
 5.051342e-02  2.774762e+03  5.014371e+03  6.726429e+03  9.899419e+03 
 5.121755e-02  2.741308e+03  4.954221e+03  6.645967e+03  9.781720e+03 
 5.193150e-02  2.709224e+03  4.896554e+03  6.568822e+03  9.668907e+03 
 5.265540e-02  2.678471e+03  4.841291e+03  6.494895e+03  9.560856e+03 
 5.338938e-02  2.648781e+03  4.787527e+03  6.422572e+03  9.454048e+03 
 5.413360e-02  2.620063e+03  4.735020e+03  6.351441e+03  9.347670e+03 
 5.488820e-02  2.592506e+03  4.684633e+03  6.283158e+03  9.245515e+03 
 5.565331e-02  2.566006e+03  4.636171e+03  6.217464e+03  9.147208e+03 
 5.642908e-02  2.540422e+03  4.589378e+03  6.154008e+03  9.052223e+03 
 5.721568e-02  2.515662e+03  4.544065e+03  6.092552e+03  8.960201e+03 
 5.801323e-02  2.491795e+03  4.500377e+03  6.033283e+03  8.871420e+03 
 5.882190e-02  2.468916e+03  4.458478e+03  5.976427e+03  8.786224e+03 
 5.964185e-02  2.446977e+03  4.418566e+03  5.922512e+03  8.706115e+03 
 6.047322e-02  2.425864e+03  4.380890e+03  5.872362e+03  8.633596e+03 
 6.131619e-02  2.404788e+03  4.343269e+03  5.822291e+03  8.561216e+03 
 6.217090e-02  2.383497e+03  4.305244e+03  5.771682e+03  8.488062e+03 
 6.303753e-02  2.361985e+03  4.266809e+03  5.720530e+03  8.414119e+03 
 6.391624e-02  2.340266e+03  4.227996e+03  5.668879e+03  8.339458e+03 
 6.480720e-02  2.318303e+03  4.188746e+03  5.616644e+03  8.263942e+03 
 6.571058e-02  2.295926e+03  4.148751e+03  5.563416e+03  8.186976e+03 
 6.662655e-02  2.271861e+03  4.103968e+03  5.501954e+03  8.092958e+03 
 6.755528e-02  2.246974e+03  4.057663e+03  5.438400e+03  7.995767e+03 
 6.849697e-02  2.221191e+03  4.009748e+03  5.372693e+03  7.895471e+03 
 6.945178e-02  2.194403e+03  3.960015e+03  5.304574e+03  7.791699e+03 
 7.041990e-02  2.166499e+03  3.908278e+03  5.233795e+03  7.684083e+03 
 7.140151e-02  2.137393e+03  3.854373e+03  5.160140e+03  7.572301e+03 
 7.239681e-02  2.107264e+03  3.798898e+03  5.084725e+03  7.458965e+03 
 7.340598e-02  2.076093e+03  3.741873e+03  5.007633e+03  7.344386e+03 
 7.442922e-02  2.043504e+03  3.682309e+03  4.927150e+03  7.224878e+03 
 7.546673e-02  2.009469e+03  3.620146e+03  4.843201e+03  7.100357e+03 
 7.651869e-02  1.973994e+03  3.555403e+03  4.755804e+03  6.970846e+03 
 7.758532e-02  1.937104e+03  3.488123e+03  4.665038e+03  6.836449e+03 
 7.866682e-02  1.899610e+03  3.420757e+03  4.575178e+03  6.705921e+03 
 7.976339e-02  1.862051e+03  3.354894e+03  4.488950e+03  6.584768e+03 
 8.087525e-02  1.823252e+03  3.286734e+03  4.399583e+03  6.458882e+03 
 8.200261e-02  1.783330e+03  3.216493e+03  4.307361e+03  6.328670e+03 
 8.314568e-02  1.742431e+03  3.144417e+03  4.212642e+03  6.194638e+03 
 8.430468e-02  1.700722e+03  3.070805e+03  4.115822e+03  6.057357e+03 
 8.547985e-02  1.657828e+03  2.994045e+03  4.013822e+03  5.910118e+03 
 8.667139e-02  1.614296e+03  2.915655e+03  3.909183e+03  5.757873e+03 
 8.787954e-02  1.570627e+03  2.837001e+03  3.804169e+03  5.605015e+03 
 8.910453e-02  1.527051e+03  2.758501e+03  3.699360e+03  5.452401e+03 
 9.034660e-02  1.483805e+03  2.680592e+03  3.595343e+03  5.300890e+03 
 9.160598e-02  1.441798e+03  2.605824e+03  3.496375e+03  5.158811e+03 
 9.288292e-02  1.401194e+03  2.534367e+03  3.402565e+03  5.026050e+03 
 9.417766e-02  1.361595e+03  2.464631e+03  3.310981e+03  4.896323e+03 
 9.549045e-02  1.323226e+03  2.397042e+03  3.222178e+03  4.770465e+03 
 9.682153e-02  1.286293e+03  2.331975e+03  3.136684e+03  4.649265e+03 
 9.817117e-02  1.251281e+03  2.270760e+03  3.056713e+03  4.536935e+03 
 9.953962e-02  1.218163e+03  2.213054e+03  2.981520e+03  4.431771e+03 
 1.009272e-01  1.186982e+03  2.158767e+03  2.910824e+03  4.333034e+03 
 1.023340e-01  1.157840e+03  2.108103e+03  2.844927e+03  4.241184e+03 
 1.037605e-01  1.130261e+03  2.059569e+03  2.781242e+03  4.151023e+03 
 1.052069e-01  1.102800e+03  2.008763e+03  2.712225e+03  4.047719e+03 
 1.066734e-01  1.077627e+03  1.962159e+03  2.648896e+03  3.952911e+03 
 1.081604e-01  1.054695e+03  1.919669e+03  2.591140e+03  3.866440e+03 
 1.096681e-01  1.033923e+03  1.881158e+03  2.538761e+03  3.788016e+03 
 1.111968e-01  1.015252e+03  1.846662e+03  2.491816e+03  3.717234e+03 
 1.127468e-01  9.984887e+02  1.815689e+03  2.449656e+03  3.653541e+03 
 1.143184e-01  9.834596e+02  1.787897e+03  2.411812e+03  3.596284e+03 
 1.159120e-01  9.699524e+02  1.762892e+03  2.377736e+03  3.544672e+03 
 1.175277e-01  9.582125e+02  1.741588e+03  2.348966e+03  3.501479e+03 
 1.191660e-01  9.475103e+02  1.722226e+03  2.322862e+03  3.462297e+03 
 1.208271e-01  9.375117e+02  1.704150e+03  2.298518e+03  3.425721e+03 
 1.225114e-01  9.278492e+02  1.686672e+03  2.274929e+03  3.390284e+03 
 1.242191e-01  9.177444e+02  1.667957e+03  2.249404e+03  3.351853e+03 
 1.259506e-01  9.074172e+02  1.648842e+03  2.223369e+03  3.312673e+03 
 1.277063e-01  8.965601e+02  1.628772e+03  2.196063e+03  3.271609e+03 
 1.294865e-01  8.851616e+02  1.607884e+03  2.167697e+03  3.228805e+03 
 1.312915e-01  8.730150e+02  1.585834e+03  2.137805e+03  3.183573e+03 
 1.331216e-01  8.596018e+02  1.561472e+03  2.104825e+03  3.133758e+03 
 1.349772e-01  8.447913e+02  1.534591e+03  2.068517e+03  3.079102e+03 
 1.368587e-01  8.294842e+02  1.508435e+03  2.034954e+03  3.033662e+03 
 1.387665e-01  8.126101e+02  1.479369e+03  1.997417e+03  2.982238e+03 
 1.407008e-01  7.942148e+02  1.447459e+03  1.956029e+03  2.924923e+03 
 1.426621e-01  7.753789e+02  1.415340e+03  1.914548e+03  2.867098e+03 
 1.446507e-01  7.555873e+02  1.381579e+03  1.870814e+03  2.805762e+03 
 1.466671e-01  7.347571e+02  1.345795e+03  1.824241e+03  2.740043e+03 
 1.487115e-01  7.116779e+02  1.304400e+03  1.769120e+03  2.660051e+03 
 1.507845e-01  6.872450e+02  1.259541e+03  1.708671e+03  2.571092e+03 
 1.528864e-01  6.628963e+02  1.214833e+03  1.648370e+03  2.482269e+03 
 1.550175e-01  6.406689e+02  1.175818e+03  1.597202e+03  2.409999e+03 
 1.571784e-01  6.203036e+02  1.141377e+03  1.553170e+03  2.350207e+03 
 1.593694e-01  6.008846e+02  1.108493e+03  1.511084e+03  2.292919e+03 
 1.615909e-01  5.832315e+02  1.079100e+03  1.473791e+03  2.242583e+03 
 1.638434e-01  5.672460e+02  1.052786e+03  1.440621e+03  2.198204e+03 
 1.661273e-01  5.528618e+02  1.029271e+03  1.411129e+03  2.159103e+03 
 1.684430e-01  5.375803e+02  1.001709e+03  1.374495e+03  2.106658e+03 
 1.707910e-01  5.238248e+02  9.766727e+02  1.341087e+03  2.058707e+03 
 1.731717e-01  5.122125e+02  9.558485e+02  1.313511e+03  2.019435e+03 
 1.755856e-01  5.036219e+02  9.416044e+02  1.295306e+03  1.993978e+03 
 1.780332e-01  4.964639e+02  9.300037e+02  1.280702e+03  1.973979e+03 
 1.805149e-01  4.888866e+02  9.156696e+02  1.260695e+03  1.942424e+03 
 1.830312e-01  4.812410e+02  9.000685e+02  1.237972e+03  1.904783e+03 
 1.855825e-01  4.741790e+02  8.857269e+02  1.217181e+03  1.870594e+03 
 1.881694e-01  4.674417e+02  8.728677e+02  1.199560e+03  1.844068e+03 
 1.907924e-01  4.605404e+02  8.597192e+02  1.181552e+03  1.816995e+03 
 1.934520e-01  4.527180e+02  8.447019e+02  1.161061e+03  1.787007e+03 
 1.961486e-01  4.440006e+02  8.279724e+02  1.138252e+03  1.753797e+03 
 1.988828e-01  4.353185e+02  8.119567e+02  1.116661e+03  1.722258e+03 
 2.016551e-01  4.270057e+02  7.975609e+02  1.097628e+03  1.694342e+03 
 2.044661e-01  4.174823e+02  7.807212e+02  1.075115e+03  1.660884e+03 
 2.073162e-01  4.064715e+02  7.601884e+02  1.046812e+03  1.617439e+03 
 2.102061e-01  3.945826e+02  7.379976e+02  1.016238e+03  1.570493e+03 
 2.131362e-01  3.853334e+02  7.245745e+02  1.000584e+03  1.551049e+03 
 2.161073e-01  3.758000e+02  7.106363e+02  9.842422e+02  1.530565e+03 
 2.191197e-01  3.640501e+02  6.907295e+02  9.589096e+02  1.496790e+03 
 2.221741e-01  3.521114e+02  6.699607e+02  9.321115e+02  1.460609e+03 
 2.252711e-01  3.413509e+02  6.519338e+02  9.094396e+02  1.430979e+03 
 2.284112e-01  3.316408e+02  6.359649e+02  8.896309e+02  1.405626e+03 
 2.315951e-01  3.231283e+02  6.214331e+02  8.705978e+02  1.377910e+03 
 2.348235e-01  3.158537e+02  6.089340e+02  8.539486e+02  1.352664e+03 
 2.380968e-01  3.080037e+02  5.940367e+02  8.333923e+02  1.321552e+03 
 2.414157e-01  3.008213e+02  5.800997e+02  8.140310e+02  1.292361e+03 
 2.447809e-01  2.939895e+02  5.669426e+02  7.959774e+02  1.264996e+03 
 2.481930e-01  2.878934e+02  5.552493e+02  7.799866e+02  1.240804e+03 
 2.516527e-01  2.844222e+02  5.493270e+02  7.719202e+02  1.228011e+03 
 2.551606e-01  2.802726e+02  5.417275e+02  7.614461e+02  1.211789e+03 
 2.587174e-01  2.734995e+02  5.278778e+02  7.420168e+02  1.182606e+03 
 2.623238e-01  2.677494e+02  5.169732e+02  7.271135e+02  1.160599e+03 
 2.659804e-01  2.629727e+02  5.089985e+02  7.167445e+02  1.145770e+03 
 2.696881e-01  2.563735e+02  4.968685e+02  7.003915e+02  1.121277e+03 
 2.734474e-01  2.489001e+02  4.829000e+02  6.814436e+02  1.092698e+03 
 2.772591e-01  2.429461e+02  4.731215e+02  6.692715e+02  1.077059e+03 
 2.811239e-01  2.365026e+02  4.620285e+02  6.551166e+02  1.058845e+03 
 2.850426e-01  2.297743e+02  4.499151e+02  6.393684e+02  1.038953e+03 
 2.890160e-01  2.234574e+02  4.394228e+02  6.260549e+02  1.020466e+03 
 2.930447e-01  2.175285e+02  4.294289e+02  6.129312e+02  1.000644e+03 
 2.971296e-01  2.120827e+02  4.191740e+02  5.978963e+02  9.747713e+02 
 3.012714e-01  2.072713e+02  4.110393e+02  5.873076e+02  9.595168e+02 
 3.054710e-01  2.027978e+02  4.036658e+02  5.782197e+02  9.479216e+02 
 3.097291e-01  1.977410e+02  3.942634e+02  5.657546e+02  9.305388e+02 
 3.140465e-01  1.932868e+02  3.853475e+02  5.529861e+02  9.096543e+02 
 3.184242e-01  1.894128e+02  3.776337e+02  5.418936e+02  8.914494e+02 
 3.228628e-01  1.862683e+02  3.721579e+02  5.348344e+02  8.825248e+02 
 3.273634e-01  1.819387e+02  3.633401e+02  5.220745e+02  8.619218e+02 
 3.319266e-01  1.773357e+02  3.542927e+02  5.094885e+02  8.428556e+02 
 3.365535e-01  1.727307e+02  3.459169e+02  4.985966e+02  8.280978e+02 
 3.412449e-01  1.693370e+02  3.412852e+02  4.930937e+02  8.194387e+02 
 3.460016e-01  1.655857e+02  3.351277e+02  4.851595e+02  8.082948e+02 
 3.508247e-01  1.618214e+02  3.284438e+02  4.762376e+02  7.951644e+02 
 3.557150e-01  1.581371e+02  3.216941e+02  4.671114e+02  7.810618e+02 
 3.606735e-01  1.539902e+02  3.143884e+02  4.575741e+02  7.678392e+02 
 3.657011e-01  1.492492e+02  3.054645e+02  4.453362e+02  7.505969e+02 
 3.707988e-01  1.454282e+02  2.981463e+02  4.353269e+02  7.357379e+02 
 3.759675e-01  1.420523e+02  2.916740e+02  4.264257e+02  7.223191e+02 
 3.812083e-01  1.387374e+02  2.856540e+02  4.182848e+02  7.102597e+02 
 3.865221e-01  1.359936e+02  2.816233e+02  4.137345e+02  7.031987e+02 
 3.919100e-01  1.330793e+02  2.748097e+02  4.032769e+02  6.883156e+02 
 3.973730e-01  1.298419e+02  2.692146e+02  3.961879e+02  6.771084e+02 
 4.029122e-01  1.271130e+02  2.648469e+02  3.901491e+02  6.661356e+02 
 4.085286e-01  1.243677e+02  2.590150e+02  3.817380e+02  6.538747e+02 
 4.142232e-01  1.210820e+02  2.522975e+02  3.727212e+02  6.422909e+02 
 4.199973e-01  1.178100e+02  2.465704e+02  3.653896e+02  6.315662e+02 
 4.258518e-01  1.151194e+02  2.416134e+02  3.584180e+02  6.197610e+02 
 4.317880e-01  1.122914e+02  2.361911e+02  3.504333e+02  6.072707e+02 
 4.378069e-01  1.098336e+02  2.312582e+02  3.433401e+02  5.955236e+02 
 4.439097e-01  1.078186e+02  2.281018e+02  3.394987e+02  5.915155e+02 
 4.500975e-01  1.048135e+02  2.224761e+02  3.318370e+02  5.802365e+02 
 4.563716e-01  1.022802e+02  2.171868e+02  3.241687e+02  5.667735e+02 
 4.627332e-01  1.006198e+02  2.148481e+02  3.215996e+02  5.642891e+02 
 4.691835e-01  9.794847e+01  2.095359e+02  3.140538e+02  5.518446e+02 
 4.757236e-01  9.600108e+01  2.056394e+02  3.085976e+02  5.432532e+02 
 4.823549e-01  9.334091e+01  2.002494e+02  3.009113e+02  5.323946e+02 
 4.890787e-01  9.117057e+01  1.959583e+02  2.950961e+02  5.234142e+02 
 4.958962e-01  8.949834e+01  1.927022e+02  2.900925e+02  5.142672e+02 
 5.028087e-01  8.730616e+01  1.888897e+02  2.849402e+02  5.066457e+02 
 5.098176e-01  8.554872e+01  1.856118e+02  2.802718e+02  4.978053e+02 
 5.169242e-01  8.393439e+01  1.825327e+02  2.760552e+02  4.920422e+02 
 5.241298e-01  8.109826e+01  1.776011e+02  2.699345e+02  4.843816e+02 
 5.314359e-01  7.957476e+01  1.752978e+02  2.668516e+02  4.792602e+02 
 5.388438e-01  7.778947e+01  1.711958e+02  2.606764e+02  4.697455e+02 
 5.463550e-01  7.626432e+01  1.682170e+02  2.562743e+02  4.623285e+02 
 5.539709e-01  7.407364e+01  1.642217e+02  2.511481e+02  4.545438e+02 
 5.616930e-01  7.262673e+01  1.613778e+02  2.471179e+02  4.484942e+02 
 5.695227e-01  7.106273e+01  1.587012e+02  2.437864e+02  4.420721e+02 
 5.774615e-01  6.935103e+01  1.547667e+02  2.378571e+02  4.332640e+02 
 5.855110e-01  6.800559e+01  1.523007e+02  2.341956e+02  4.269519e+02 
 5.936727e-01  6.633612e+01  1.484842e+02  2.287282e+02  4.186166e+02 
 6.019482e-01  6.508158e+01  1.464337e+02  2.255450e+02  4.128036e+02 
 6.103390e-01  6.342581e+01  1.435332e+02  2.218355e+02  4.065585e+02 
 6.188468e-01  6.193612e+01  1.409130e+02  2.192111e+02  4.045299e+02 
 6.274732e-01  6.078124e+01  1.380074e+02  2.142269e+02  3.961889e+02 
 6.362198e-01  5.941936e+01  1.356783e+02  2.109818e+02  3.901191e+02 
 6.450884e-01  5.791589e+01  1.328922e+02  2.070886e+02  3.833536e+02 
 6.540806e-01  5.661849e+01  1.297986e+02  2.023884e+02  3.762933e+02 
 6.631981e-01  5.523934e+01  1.274420e+02  1.997166e+02  3.720209e+02 
 6.724427e-01  5.408015e+01  1.249781e+02  1.962175e+02  3.674832e+02 
 6.818162e-01  5.279154e+01  1.224903e+02  1.920188e+02  3.596514e+02 
 6.913204e-01  5.156079e+01  1.199614e+02  1.886999e+02  3.541871e+02 
 7.009570e-01  5.074859e+01  1.179586e+02  1.857085e+02  3.491305e+02 
 7.107280e-01  4.933158e+01  1.157112e+02  1.826749e+02  3.433177e+02 
 7.206351e-01  4.848404e+01  1.136804e+02  1.798810e+02  3.398550e+02 
 7.306804e-01  4.740877e+01  1.117897e+02  1.768276e+02  3.334442e+02 
 7.408657e-01  4.628200e+01  1.093714e+02  1.733742e+02  3.287395e+02 
 7.511929e-01  4.522659e+01  1.071521e+02  1.704876e+02  3.239666e+02 
 7.616642e-01  4.429237e+01  1.050131e+02  1.674048e+02  3.192903e+02 
 7.722814e-01  4.360388e+01  1.038117e+02  1.654173e+02  3.147666e+02 
 7.830465e-01  4.262938e+01  1.016198e+02  1.622680e+02  3.102977e+02 
 7.939618e-01  4.176042e+01  1.001287e+02  1.599591e+02  3.063976e+02 
 8.050292e-01  4.075830e+01  9.802208e+01  1.574607e+02  3.022789e+02 
 8.162509e-01  3.995032e+01  9.642606e+01  1.547067e+02  2.966899e+02 
 8.276289e-01  3.891275e+01  9.429117e+01  1.518410e+02  2.924994e+02 
 8.391656e-01  3.832485e+01  9.300944e+01  1.494292e+02  2.885871e+02 
 8.508632e-01  3.756500e+01  9.125797e+01  1.471940e+02  2.845788e+02 
 8.627237e-01  3.665143e+01  8.958071e+01  1.447050e+02  2.797618e+02 
 8.747496e-01  3.591463e+01  8.785212e+01  1.422703e+02  2.757710e+02 
 8.869432e-01  3.521146e+01  8.645374e+01  1.401482e+02  2.721938e+02 
 8.993067e-01  3.441407e+01  8.489917e+01  1.378211e+02  2.678646e+02 
 9.118425e-01  3.383022e+01  8.330304e+01  1.352850e+02  2.629428e+02 
 9.245531e-01  3.301402e+01  8.178251e+01  1.329848e+02  2.596098e+02 
 9.374409e-01  3.230051e+01  8.031922e+01  1.310090e+02  2.560238e+02 
 9.505083e-01  3.168965e+01  7.888410e+01  1.288741e+02  2.521439e+02 
 9.637579e-01  3.095659e+01  7.725644e+01  1.264220e+02  2.481379e+02 
 9.771921e-01  3.044769e+01  7.662963e+01  1.251114e+02  2.447246e+02 
 9.908137e-01  2.979665e+01  7.504021e+01  1.228127e+02  2.411281e+02 
 1.004625e+00  2.915465e+01  7.350824e+01  1.205414e+02  2.369860e+02 
 1.018629e+00  2.861453e+01  7.237059e+01  1.186995e+02  2.333034e+02 
 1.032828e+00  2.798363e+01  7.104134e+01  1.169248e+02  2.304696e+02 
 1.047225e+00  2.737017e+01  6.985609e+01  1.149170e+02  2.263189e+02 
 1.061823e+00  2.687609e+01  6.880788e+01  1.132213e+02  2.230916e+02 
 1.076624e+00  2.631115e+01  6.759180e+01  1.114116e+02  2.196395e+02 
 1.091632e+00  2.582504e+01  6.636639e+01  1.100251e+02  2.161499e+02 
 1.106848e+00  2.526379e+01  6.510255e+01  1.078069e+02  2.130140e+02 
 1.122277e+00  2.475476e+01  6.409788e+01  1.059442e+02  2.093092e+02 
 1.137921e+00  2.424534e+01  6.287736e+01  1.041680e+02  2.060975e+02 
 1.153783e+00  2.378952e+01  6.182622e+01  1.025366e+02  2.030542e+02 
 1.169866e+00  2.334622e+01  6.083183e+01  1.009096e+02  2.002083e+02 
 1.186174e+00  2.286207e+01  5.985590e+01  9.929452e+01  1.968570e+02 
 1.202708e+00  2.243273e+01  5.883101e+01  9.775907e+01  1.939501e+02 
 1.219473e+00  2.201419e+01  5.787682e+01  9.630583e+01  1.906280e+02 
 1.236472e+00  2.157372e+01  5.691620e+01  9.483509e+01  1.878842e+02 
 1.253708e+00  2.116785e+01  5.593259e+01  9.309255e+01  1.848073e+02 
 1.271184e+00  2.076650e+01  5.517228e+01  9.192593e+01  1.819916e+02 
 1.288904e+00  2.035989e+01  5.404273e+01  9.020270e+01  1.792290e+02 
 1.306870e+00  1.995400e+01  5.312399e+01  8.870849e+01  1.760876e+02 
 1.325087e+00  1.960263e+01  5.227883e+01  8.736149e+01  1.731362e+02 
 1.343558e+00  1.922649e+01  5.137475e+01  8.592127e+01  1.703313e+02 
 1.362287e+00  1.887448e+01  5.049092e+01  8.441196e+01  1.673971e+02 
 1.381276e+00  1.850388e+01  4.968147e+01  8.287636e+01  1.645043e+02 
 1.400531e+00  1.816453e+01  4.884924e+01  8.159164e+01  1.616522e+02 
 1.420053e+00  1.781204e+01  4.794720e+01  8.027245e+01  1.588648e+02 
 1.439848e+00  1.748410e+01  4.721272e+01  7.886613e+01  1.562511e+02 
 1.459919e+00  1.713853e+01  4.639916e+01  7.756144e+01  1.534202e+02 
 1.480269e+00  1.685876e+01  4.554932e+01  7.614006e+01  1.505069e+02 
 1.500903e+00  1.654208e+01  4.482760e+01  7.485480e+01  1.481533e+02 
 1.521825e+00  1.622530e+01  4.410959e+01  7.367075e+01  1.454732e+02 
 1.543038e+00  1.591541e+01  4.334689e+01  7.247466e+01  1.431168e+02 
 1.564548e+00  1.564507e+01  4.262799e+01  7.122961e+01  1.404390e+02 
 1.586357e+00  1.535882e+01  4.193472e+01  7.001831e+01  1.378923e+02 
 1.608469e+00  1.505823e+01  4.121985e+01  6.880168e+01  1.355349e+02 
 1.630891e+00  1.482405e+01  4.046292e+01  6.746272e+01  1.327478e+02 
 1.653624e+00  1.453198e+01  3.975711e+01  6.635767e+01  1.305527e+02 
 1.676675e+00  1.426211e+01  3.913326e+01  6.524359e+01  1.280321e+02 
 1.700047e+00  1.399976e+01  3.847418e+01  6.409825e+01  1.257111e+02 
 1.723745e+00  1.376718e+01  3.778685e+01  6.296375e+01  1.232029e+02 
 1.747773e+00  1.349685e+01  3.711390e+01  6.181159e+01  1.208216e+02 
 1.772136e+00  1.325662e+01  3.649682e+01  6.068362e+01  1.186271e+02 
 1.796838e+00  1.302420e+01  3.585095e+01  5.959313e+01  1.163123e+02 
 1.821885e+00  1.281709e+01  3.522656e+01  5.849159e+01  1.141251e+02 
 1.847281e+00  1.257275e+01  3.466051e+01  5.751016e+01  1.119359e+02 
 1.873032e+00  1.235497e+01  3.405054e+01  5.636644e+01  1.097797e+02 
 1.899141e+00  1.213619e+01  3.341815e+01  5.535756e+01  1.076336e+02 
 1.925614e+00  1.193258e+01  3.285183e+01  5.436577e+01  1.054294e+02 
 1.952456e+00  1.175200e+01  3.231694e+01  5.340183e+01  1.033344e+02 
 1.979672e+00  1.151934e+01  3.176905e+01  5.241187e+01  1.012880e+02 
 2.007267e+00  1.133007e+01  3.119999e+01  5.136867e+01  9.930089e+01 
 2.035248e+00  1.112265e+01  3.061679e+01  5.038119e+01  9.718556e+01 
 2.063618e+00  1.092540e+01  3.004956e+01  4.939796e+01  9.514437e+01 
 2.092383e+00  1.074148e+01  2.950244e+01  4.842094e+01  9.314525e+01 
 2.121550e+00  1.054493e+01  2.895579e+01  4.748399e+01  9.121569e+01 
 2.151123e+00  1.036492e+01  2.844189e+01  4.653696e+01  8.922815e+01 
 2.181109e+00  1.018021e+01  2.789036e+01  4.562044e+01  8.736878e+01 
 2.211512e+00  1.000769e+01  2.736301e+01  4.468411e+01  8.543114e+01 
 2.242340e+00  9.833111e+00  2.688106e+01  4.382158e+01  8.361867e+01 
 2.273597e+00  9.653110e+00  2.638295e+01  4.291173e+01  8.178729e+01 
 2.305289e+00  9.497069e+00  2.588037e+01  4.206107e+01  8.003133e+01 
 2.337424e+00  9.336620e+00  2.538589e+01  4.118772e+01  7.832022e+01 
 2.370006e+00  9.171271e+00  2.490755e+01  4.036024e+01  7.662990e+01 
 2.403043e+00  9.002920e+00  2.444230e+01  3.951545e+01  7.491268e+01 
 2.436540e+00  8.855440e+00  2.398930e+01  3.871044e+01  7.324168e+01 
 2.470504e+00  8.700944e+00  2.352398e+01  3.788844e+01  7.158425e+01 
 2.504942e+00  8.550797e+00  2.307777e+01  3.710903e+01  6.999993e+01 
 2.539859e+00  8.406864e+00  2.261653e+01  3.630533e+01  6.835661e+01 
 2.575263e+00  8.251302e+00  2.215387e+01  3.554750e+01  6.683527e+01 
 2.611161e+00  8.110569e+00  2.172530e+01  3.475675e+01  6.529618e+01 
 2.647559e+00  7.967940e+00  2.128861e+01  3.399134e+01  6.375023e+01 
 2.684465e+00  7.826725e+00  2.087268e+01  3.325340e+01  6.226918e+01 
 2.721885e+00  7.684161e+00  2.043017e+01  3.252407e+01  6.082478e+01 
 2.759826e+00  7.551372e+00  2.001215e+01  3.179690e+01  5.939522e+01 
 2.798297e+00  7.416000e+00  1.960744e+01  3.109300e+01  5.803537e+01 
 2.837304e+00  7.286631e+00  1.920481e+01  3.040439e+01  5.667782e+01 
 2.876854e+00  7.157421e+00  1.880624e+01  2.972580e+01  5.535583e+01 
 2.916956e+00  7.032566e+00  1.842408e+01  2.906648e+01  5.402119e+01 
 2.957617e+00  6.910205e+00  1.804742e+01  2.842573e+01  5.275352e+01 
 2.998844e+00  6.788522e+00  1.767570e+01  2.778691e+01  5.150000e+01 
 3.040646e+00  6.667847e+00  1.730339e+01  2.714495e+01  5.030404e+01 
 3.083031e+00  6.549622e+00  1.693096e+01  2.652779e+01  4.909971e+01 
 3.126007e+00  6.433349e+00  1.658214e+01  2.592214e+01  4.790768e+01 
 3.169582e+00  6.316368e+00  1.621503e+01  2.530412e+01  4.674706e+01 
 3.213764e+00  6.200641e+00  1.586361e+01  2.471546e+01  4.561232e+01 
 3.258562e+00  6.085139e+00  1.552255e+01  2.413649e+01  4.449632e+01 
 3.303985e+00  5.973068e+00  1.517375e+01  2.356151e+01  4.340545e+01 
 3.350041e+00  5.863007e+00  1.483265e+01  2.300068e+01  4.233764e+01 
 3.396739e+00  5.753090e+00  1.450222e+01  2.245890e+01  4.128709e+01 
 3.444087e+00  5.646947e+00  1.417702e+01  2.190752e+01  4.026384e+01 
 3.492096e+00  5.542762e+00  1.386173e+01  2.139295e+01  3.928422e+01 
 3.540774e+00  5.435961e+00  1.355084e+01  2.088267e+01  3.831352e+01 
 3.590130e+00  5.336318e+00  1.324485e+01  2.037683e+01  3.737767e+01 
 3.640175e+00  5.236855e+00  1.294689e+01  1.989615e+01  3.646370e+01 
 3.690917e+00  5.137403e+00  1.265939e+01  1.940591e+01  3.555453e+01 
 3.742366e+00  5.040967e+00  1.236447e+01  1.894251e+01  3.468579e+01 
 3.794533e+00  4.946267e+00  1.208468e+01  1.848540e+01  3.382371e+01 
 3.847427e+00  4.850891e+00  1.180458e+01  1.803082e+01  3.299001e+01 
 3.901058e+00  4.755711e+00  1.152959e+01  1.759042e+01  3.215737e+01 
 3.955436e+00  4.666078e+00  1.126038e+01  1.714808e+01  3.134154e+01 
 4.010573e+00  4.571285e+00  1.099231e+01  1.672652e+01  3.056213e+01 
 4.066478e+00  4.480073e+00  1.072720e+01  1.630412e+01  2.978022e+01 
 4.123163e+00  4.390101e+00  1.047369e+01  1.589454e+01  2.902139e+01 
 4.180637e+00  4.302904e+00  1.022370e+01  1.549733e+01  2.828059e+01 
 4.238913e+00  4.216085e+00  9.974829e+00  1.510435e+01  2.756439e+01 
 4.298001e+00  4.129286e+00  9.733477e+00  1.472501e+01  2.686006e+01 
 4.357913e+00  4.047529e+00  9.497464e+00  1.435429e+01  2.618217e+01 
 4.418660e+00  3.965214e+00  9.270249e+00  1.399145e+01  2.552354e+01 
 4.480254e+00  3.883481e+00  9.045227e+00  1.363866e+01  2.487576e+01 
 4.542706e+00  3.805269e+00  8.824994e+00  1.329394e+01  2.424693e+01 
 4.606029e+00  3.726799e+00  8.612638e+00  1.295932e+01  2.363771e+01 
 4.670234e+00  3.649660e+00  8.403319e+00  1.263720e+01  2.304483e+01 
 4.735335e+00  3.574407e+00  8.199005e+00  1.231766e+01  2.245988e+01 
 4.801343e+00  3.501133e+00  7.999172e+00  1.200557e+01  2.188460e+01 
 4.868271e+00  3.426680e+00  7.800111e+00  1.169675e+01  2.132345e+01 
 4.936132e+00  3.353895e+00  7.604844e+00  1.139519e+01  2.077380e+01 
 5.004939e+00  3.281312e+00  7.414236e+00  1.110048e+01  2.023513e+01 
 5.074705e+00  3.209646e+00  7.227710e+00  1.081104e+01  1.971176e+01 
 5.145444e+00  3.140533e+00  7.044978e+00  1.052918e+01  1.919903e+01 
 5.217169e+00  3.071024e+00  6.865241e+00  1.025452e+01  1.869491e+01 
 5.289893e+00  3.004517e+00  6.691444e+00  9.989436e+00  1.821303e+01 
 5.363631e+00  2.937801e+00  6.521647e+00  9.727742e+00  1.773790e+01 
 5.438397e+00  2.873399e+00  6.355751e+00  9.475202e+00  1.727615e+01 
 5.514206e+00  2.810071e+00  6.194793e+00  9.228881e+00  1.682969e+01 
 5.591071e+00  2.747328e+00  6.038186e+00  8.989345e+00  1.639346e+01 
 5.669007e+00  2.687319e+00  5.885710e+00  8.757358e+00  1.597324e+01 
 5.748030e+00  2.627717e+00  5.736577e+00  8.530070e+00  1.555937e+01 
 5.828155e+00  2.569257e+00  5.591585e+00  8.309956e+00  1.515796e+01 
 5.909396e+00  2.511837e+00  5.449348e+00  8.094489e+00  1.476694e+01 
 5.991770e+00  2.454993e+00  5.310073e+00  7.882713e+00  1.438370e+01 
 6.075292e+00  2.399077e+00  5.173922e+00  7.676766e+00  1.400486e+01 
 6.159978e+00  2.344001e+00  5.039614e+00  7.473971e+00  1.363834e+01 
 6.245845e+00  2.289955e+00  4.908972e+00  7.276594e+00  1.327904e+01 
 6.332908e+00  2.236593e+00  4.780467e+00  7.083298e+00  1.292676e+01 
 6.421186e+00  2.184413e+00  4.655841e+00  6.894605e+00  1.258373e+01 
 6.510694e+00  2.133143e+00  4.534058e+00  6.711458e+00  1.225020e+01 
 6.601449e+00  2.083423e+00  4.415719e+00  6.533157e+00  1.192535e+01 
 6.693470e+00  2.034239e+00  4.300324e+00  6.359373e+00  1.160935e+01 
 6.786773e+00  1.986628e+00  4.194483e+00  6.190568e+00  1.130325e+01 
 6.881377e+00  1.940203e+00  4.080549e+00  6.027188e+00  1.100474e+01 
 6.977300e+00  1.894664e+00  3.973686e+00  5.869319e+00  1.071502e+01 
 7.074559e+00  1.850688e+00  3.870812e+00  5.714935e+00  1.043309e+01 
 7.173175e+00  1.807413e+00  3.771092e+00  5.564762e+00  1.016010e+01 
 7.273165e+00  1.765322e+00  3.673809e+00  5.419301e+00  9.894235e+00 
 7.374549e+00  1.723718e+00  3.578430e+00  5.276997e+00  9.635283e+00 
 7.477346e+00  1.682934e+00  3.485640e+00  5.138516e+00  9.380676e+00 
 7.581576e+00  1.643043e+00  3.394261e+00  5.002038e+00  9.131907e+00 
 7.687260e+00  1.603675e+00  3.305389e+00  4.869265e+00  8.889442e+00 
 7.794416e+00  1.565145e+00  3.218655e+00  4.739041e+00  8.651804e+00 
 7.903066e+00  1.527476e+00  3.133301e+00  4.611838e+00  8.419388e+00 
 8.013230e+00  1.490588e+00  3.050747e+00  4.488843e+00  8.193825e+00 
 8.124930e+00  1.454467e+00  2.970201e+00  4.368805e+00  7.973871e+00 
 8.238187e+00  1.419393e+00  2.891803e+00  4.251960e+00  7.759865e+00 
 8.353023e+00  1.385090e+00  2.815669e+00  4.138506e+00  7.551828e+00 
 8.469460e+00  1.351887e+00  2.741896e+00  4.028742e+00  7.350495e+00 
 8.587519e+00  1.319593e+00  2.670097e+00  3.921837e+00  7.154741e+00 
 8.707225e+00  1.288117e+00  2.600435e+00  3.818520e+00  6.964833e+00 
 8.828599e+00  1.257385e+00  2.532946e+00  3.718262e+00  6.780455e+00 
 8.951665e+00  1.227414e+00  2.467691e+00  3.620669e+00  6.601884e+00 
 9.076446e+00  1.198417e+00  2.403862e+00  3.526032e+00  6.427985e+00 
 9.202967e+00  1.170050e+00  2.341717e+00  3.433900e+00  6.258224e+00 
 9.331251e+00  1.142159e+00  2.280920e+00  3.343519e+00  6.092431e+00 
 9.461324e+00  0.000000e+00  0.000000e+00  0.000000e+00  0.000000e+00 
 9.593209e+00  0.000000e+00  0.000000e+00  0.000000e+00  0.000000e+00 
 9.726934e+00  0.000000e+00  0.000000e+00  0.000000e+00  0.000000e+00 
 9.862522e+00  0.000000e+00  0.000000e+00  0.000000e+00  0.000000e+00 
 1.000000e+01  0.000000e+00  0.000000e+00  0.000000e+00  0.000000e+00 
