 1.000000e-02  5.343077e+03  9.756172e+03  1.321892e+04  1.977808e+04 
 1.013939e-02  5.372454e+03  9.809622e+03  1.329117e+04  1.988572e+04 
 1.028073e-02  5.401374e+03  9.862224e+03  1.336226e+04  1.999162e+04 
 1.042404e-02  5.429854e+03  9.913975e+03  1.343222e+04  2.009583e+04 
 1.056935e-02  5.457923e+03  9.964961e+03  1.350112e+04  2.019852e+04 
 1.071668e-02  5.485549e+03  1.001513e+04  1.356890e+04  2.029948e+04 
 1.086606e-02  5.512649e+03  1.006436e+04  1.363547e+04  2.039849e+04 
 1.101753e-02  5.539212e+03  1.011262e+04  1.370071e+04  2.049550e+04 
 1.117111e-02  5.565222e+03  1.015987e+04  1.376454e+04  2.059051e+04 
 1.132683e-02  5.590667e+03  1.020608e+04  1.382692e+04  2.068346e+04 
 1.148472e-02  5.615526e+03  1.025122e+04  1.388788e+04  2.077420e+04 
 1.164481e-02  5.639804e+03  1.029527e+04  1.394739e+04  2.086255e+04 
 1.180713e-02  5.663457e+03  1.033816e+04  1.400531e+04  2.094849e+04 
 1.197171e-02  5.686449e+03  1.037987e+04  1.406157e+04  2.103210e+04 
 1.213859e-02  5.708795e+03  1.042039e+04  1.411619e+04  2.111331e+04 
 1.230780e-02  5.730475e+03  1.045969e+04  1.416917e+04  2.119205e+04 
 1.247936e-02  5.751476e+03  1.049774e+04  1.422055e+04  2.126826e+04 
 1.265332e-02  5.771758e+03  1.053448e+04  1.427015e+04  2.134179e+04 
 1.282970e-02  5.791281e+03  1.056982e+04  1.431778e+04  2.141248e+04 
 1.300854e-02  5.810027e+03  1.060372e+04  1.436344e+04  2.148023e+04 
 1.318987e-02  5.828000e+03  1.063623e+04  1.440724e+04  2.154502e+04 
 1.337373e-02  5.845172e+03  1.066727e+04  1.444910e+04  2.160681e+04 
 1.356015e-02  5.861510e+03  1.069676e+04  1.448885e+04  2.166548e+04 
 1.374917e-02  5.876998e+03  1.072470e+04  1.452636e+04  2.172101e+04 
 1.394083e-02  5.891620e+03  1.075106e+04  1.456172e+04  2.177332e+04 
 1.413516e-02  5.905367e+03  1.077581e+04  1.459497e+04  2.182234e+04 
 1.433219e-02  5.918214e+03  1.079891e+04  1.462606e+04  2.186798e+04 
 1.453198e-02  5.930124e+03  1.082031e+04  1.465483e+04  2.191013e+04 
 1.473454e-02  5.941061e+03  1.083995e+04  1.468113e+04  2.194870e+04 
 1.493993e-02  5.951028e+03  1.085778e+04  1.470498e+04  2.198368e+04 
 1.514819e-02  5.960067e+03  1.087394e+04  1.472657e+04  2.201534e+04 
 1.535935e-02  5.968132e+03  1.088832e+04  1.474578e+04  2.204342e+04 
 1.557345e-02  5.975180e+03  1.090084e+04  1.476247e+04  2.206759e+04 
 1.579053e-02  5.981190e+03  1.091147e+04  1.477660e+04  2.208781e+04 
 1.601064e-02  5.986128e+03  1.092015e+04  1.478807e+04  2.210407e+04 
 1.623382e-02  5.989975e+03  1.092680e+04  1.479678e+04  2.211637e+04 
 1.646012e-02  5.992715e+03  1.093144e+04  1.480274e+04  2.212460e+04 
 1.668956e-02  5.994339e+03  1.093404e+04  1.480595e+04  2.212865e+04 
 1.692220e-02  5.994825e+03  1.093457e+04  1.480635e+04  2.212842e+04 
 1.715809e-02  5.994151e+03  1.093297e+04  1.480388e+04  2.212380e+04 
 1.739726e-02  5.992288e+03  1.092919e+04  1.479846e+04  2.211471e+04 
 1.763977e-02  5.989237e+03  1.092324e+04  1.479008e+04  2.210122e+04 
 1.788566e-02  5.984974e+03  1.091509e+04  1.477873e+04  2.208339e+04 
 1.813498e-02  5.979500e+03  1.090473e+04  1.476438e+04  2.206109e+04 
 1.838777e-02  5.972810e+03  1.089213e+04  1.474699e+04  2.203423e+04 
 1.864409e-02  5.964875e+03  1.087726e+04  1.472653e+04  2.200264e+04 
 1.890397e-02  5.955679e+03  1.086007e+04  1.470293e+04  2.196625e+04 
 1.916748e-02  5.945189e+03  1.084053e+04  1.467615e+04  2.192517e+04 
 1.943467e-02  5.933397e+03  1.081862e+04  1.464615e+04  2.187935e+04 
 1.970558e-02  5.920334e+03  1.079438e+04  1.461297e+04  2.182870e+04 
 1.998026e-02  5.905983e+03  1.076780e+04  1.457663e+04  2.177330e+04 
 2.025878e-02  5.890316e+03  1.073881e+04  1.453703e+04  2.171315e+04 
 2.054117e-02  5.873331e+03  1.070740e+04  1.449417e+04  2.164819e+04 
 2.082751e-02  5.855040e+03  1.067361e+04  1.444807e+04  2.157834e+04 
 2.111783e-02  5.835427e+03  1.063741e+04  1.439872e+04  2.150349e+04 
 2.141220e-02  5.814573e+03  1.059894e+04  1.434622e+04  2.142378e+04 
 2.171068e-02  5.792943e+03  1.055880e+04  1.429122e+04  2.133966e+04 
 2.201331e-02  5.769986e+03  1.051623e+04  1.423293e+04  2.125072e+04 
 2.232016e-02  5.745712e+03  1.047127e+04  1.417140e+04  2.115703e+04 
 2.263130e-02  5.720145e+03  1.042392e+04  1.410665e+04  2.105848e+04 
 2.294676e-02  5.693271e+03  1.037421e+04  1.403870e+04  2.095508e+04 
 2.326663e-02  5.665099e+03  1.032213e+04  1.396754e+04  2.084689e+04 
 2.359095e-02  5.635640e+03  1.026771e+04  1.389321e+04  2.073391e+04 
 2.391980e-02  5.604905e+03  1.021096e+04  1.381573e+04  2.061619e+04 
 2.425323e-02  5.572917e+03  1.015190e+04  1.373513e+04  2.049384e+04 
 2.459130e-02  5.539697e+03  1.009059e+04  1.365147e+04  2.036696e+04 
 2.493409e-02  5.505249e+03  1.002708e+04  1.356481e+04  2.023556e+04 
 2.528166e-02  5.469602e+03  9.961374e+03  1.347519e+04  2.009971e+04 
 2.563407e-02  5.432764e+03  9.893498e+03  1.338264e+04  1.995950e+04 
 2.599140e-02  5.394752e+03  9.823491e+03  1.328721e+04  1.981501e+04 
 2.635371e-02  5.355613e+03  9.751429e+03  1.318900e+04  1.966638e+04 
 2.672106e-02  5.315383e+03  9.677369e+03  1.308810e+04  1.951371e+04 
 2.709354e-02  5.274095e+03  9.601392e+03  1.298459e+04  1.935713e+04 
 2.747121e-02  5.231776e+03  9.523532e+03  1.287853e+04  1.919676e+04 
 2.785414e-02  5.188389e+03  9.443745e+03  1.276990e+04  1.903261e+04 
 2.824241e-02  5.143704e+03  9.361699e+03  1.265832e+04  1.886430e+04 
 2.863610e-02  5.098101e+03  9.277990e+03  1.254449e+04  1.869265e+04 
 2.903527e-02  5.051618e+03  9.192704e+03  1.242852e+04  1.851780e+04 
 2.944000e-02  5.004311e+03  9.105928e+03  1.231052e+04  1.833996e+04 
 2.985038e-02  4.956217e+03  9.017739e+03  1.219060e+04  1.815928e+04 
 3.026648e-02  4.907399e+03  8.928209e+03  1.206889e+04  1.797592e+04 
 3.068838e-02  4.857910e+03  8.837432e+03  1.194553e+04  1.779008e+04 
 3.111616e-02  4.807797e+03  8.745528e+03  1.182065e+04  1.760200e+04 
 3.154990e-02  4.757108e+03  8.652627e+03  1.169440e+04  1.741189e+04 
 3.198969e-02  4.705911e+03  8.558825e+03  1.156693e+04  1.721997e+04 
 3.243561e-02  4.654279e+03  8.464209e+03  1.143838e+04  1.702646e+04 
 3.288774e-02  4.602271e+03  8.368886e+03  1.130889e+04  1.683158e+04 
 3.334618e-02  4.549940e+03  8.272972e+03  1.117862e+04  1.663553e+04 
 3.381101e-02  4.497340e+03  8.176593e+03  1.104771e+04  1.643854e+04 
 3.428231e-02  4.444543e+03  8.079872e+03  1.091634e+04  1.624088e+04 
 3.476019e-02  4.391538e+03  7.983090e+03  1.078520e+04  1.604459e+04 
 3.524473e-02  4.338472e+03  7.886219e+03  1.065394e+04  1.584816e+04 
 3.573602e-02  4.285419e+03  7.789362e+03  1.052274e+04  1.565179e+04 
 3.623416e-02  4.232447e+03  7.692643e+03  1.039173e+04  1.545574e+04 
 3.673925e-02  4.179620e+03  7.596192e+03  1.026110e+04  1.526022e+04 
 3.725137e-02  4.127001e+03  7.500132e+03  1.013098e+04  1.506549e+04 
 3.777064e-02  4.074652e+03  7.404581e+03  1.000153e+04  1.487177e+04 
 3.829714e-02  4.022647e+03  7.309654e+03  9.872932e+03  1.467932e+04 
 3.883098e-02  3.971053e+03  7.215466e+03  9.745330e+03  1.448840e+04 
 3.937226e-02  3.919931e+03  7.122137e+03  9.618888e+03  1.429921e+04 
 3.992109e-02  3.869350e+03  7.029796e+03  9.493770e+03  1.411200e+04 
 4.047757e-02  3.819351e+03  6.938491e+03  9.370014e+03  1.392674e+04 
 4.104181e-02  3.769787e+03  6.847413e+03  9.245942e+03  1.373925e+04 
 4.161391e-02  3.720933e+03  6.757628e+03  9.123635e+03  1.355443e+04 
 4.219398e-02  3.672840e+03  6.669222e+03  9.003210e+03  1.337247e+04 
 4.278214e-02  3.625553e+03  6.582289e+03  8.884784e+03  1.319352e+04 
 4.337850e-02  3.579127e+03  6.496921e+03  8.768481e+03  1.301778e+04 
 4.398317e-02  3.533608e+03  6.413206e+03  8.654422e+03  1.284543e+04 
 4.459628e-02  3.489032e+03  6.331211e+03  8.542696e+03  1.267660e+04 
 4.521792e-02  3.445415e+03  6.250986e+03  8.433375e+03  1.251136e+04 
 4.584824e-02  3.402784e+03  6.172577e+03  8.326517e+03  1.234983e+04 
 4.648734e-02  3.361175e+03  6.096014e+03  8.222175e+03  1.219209e+04 
 4.713535e-02  3.320777e+03  6.022412e+03  8.122672e+03  1.204382e+04 
 4.779239e-02  3.281535e+03  5.951361e+03  8.027109e+03  1.190275e+04 
 4.845859e-02  3.243335e+03  5.882237e+03  7.934119e+03  1.176553e+04 
 4.913407e-02  3.206185e+03  5.815032e+03  7.843699e+03  1.163213e+04 
 4.981898e-02  3.170071e+03  5.749718e+03  7.755836e+03  1.150255e+04 
 5.051342e-02  3.134997e+03  5.686256e+03  7.670502e+03  1.137673e+04 
 5.121755e-02  3.100936e+03  5.624618e+03  7.587644e+03  1.125460e+04 
 5.193150e-02  3.067855e+03  5.564771e+03  7.507181e+03  1.113604e+04 
 5.265540e-02  3.035710e+03  5.506642e+03  7.429021e+03  1.102092e+04 
 5.338938e-02  3.004229e+03  5.449248e+03  7.351396e+03  1.090536e+04 
 5.413360e-02  2.973317e+03  5.392340e+03  7.273881e+03  1.078847e+04 
 5.488820e-02  2.943215e+03  5.336921e+03  7.198390e+03  1.067462e+04 
 5.565331e-02  2.913869e+03  5.282886e+03  7.124773e+03  1.056357e+04 
 5.642908e-02  2.885142e+03  5.229990e+03  7.052691e+03  1.045485e+04 
 5.721568e-02  2.856879e+03  5.177939e+03  6.981753e+03  1.034788e+04 
 5.801323e-02  2.829142e+03  5.126849e+03  6.912114e+03  1.024291e+04 
 5.882190e-02  2.802194e+03  5.077185e+03  6.844419e+03  1.014085e+04 
 5.964185e-02  2.776258e+03  5.029676e+03  6.780016e+03  1.004464e+04 
 6.047322e-02  2.751117e+03  4.984531e+03  6.719774e+03  9.957232e+03 
 6.131619e-02  2.725646e+03  4.938799e+03  6.658728e+03  9.868693e+03 
 6.217090e-02  2.699698e+03  4.892221e+03  6.596536e+03  9.778494e+03 
 6.303753e-02  2.673401e+03  4.845017e+03  6.533506e+03  9.687080e+03 
 6.391624e-02  2.646890e+03  4.797423e+03  6.469967e+03  9.594932e+03 
 6.480720e-02  2.620147e+03  4.749395e+03  6.405860e+03  9.501954e+03 
 6.571058e-02  2.592992e+03  4.700619e+03  6.340756e+03  9.407525e+03 
 6.662655e-02  2.564025e+03  4.646634e+03  6.266582e+03  9.293964e+03 
 6.755528e-02  2.534297e+03  4.591215e+03  6.190426e+03  9.177369e+03 
 6.849697e-02  2.503766e+03  4.534366e+03  6.112364e+03  9.058031e+03 
 6.945178e-02  2.472358e+03  4.475963e+03  6.032238e+03  8.935712e+03 
 7.041990e-02  2.440006e+03  4.415882e+03  5.949887e+03  8.810178e+03 
 7.140151e-02  2.406649e+03  4.354004e+03  5.865156e+03  8.681194e+03 
 7.239681e-02  2.372471e+03  4.290901e+03  5.779118e+03  8.551395e+03 
 7.340598e-02  2.337476e+03  4.226641e+03  5.691913e+03  8.421202e+03 
 7.442922e-02  2.301351e+03  4.160355e+03  5.601996e+03  8.287076e+03 
 7.546673e-02  2.264082e+03  4.092029e+03  5.509347e+03  8.148999e+03 
 7.651869e-02  2.225691e+03  4.021702e+03  5.414035e+03  8.007057e+03 
 7.758532e-02  2.186219e+03  3.949438e+03  5.316162e+03  7.861375e+03 
 7.866682e-02  2.146562e+03  3.878015e+03  5.220608e+03  7.722025e+03 
 7.976339e-02  2.107321e+03  3.809230e+03  5.130465e+03  7.595352e+03 
 8.087525e-02  2.067171e+03  3.738755e+03  5.037984e+03  7.465112e+03 
 8.200261e-02  2.026224e+03  3.666784e+03  4.943427e+03  7.331679e+03 
 8.314568e-02  1.984606e+03  3.593543e+03  4.847109e+03  7.195489e+03 
 8.430468e-02  1.942464e+03  3.519291e+03  4.749385e+03  7.057048e+03 
 8.547985e-02  1.899153e+03  3.441638e+03  4.645847e+03  6.906989e+03 
 8.667139e-02  1.855307e+03  3.362441e+03  4.539636e+03  6.751543e+03 
 8.787954e-02  1.811510e+03  3.283339e+03  4.433539e+03  6.596216e+03 
 8.910453e-02  1.767963e+03  3.204677e+03  4.328031e+03  6.441720e+03 
 9.034660e-02  1.724861e+03  3.126812e+03  4.223592e+03  6.288768e+03 
 9.160598e-02  1.683109e+03  3.052377e+03  4.124671e+03  6.146037e+03 
 9.288292e-02  1.642818e+03  2.981460e+03  4.031270e+03  6.013272e+03 
 9.417766e-02  1.603509e+03  2.912253e+03  3.940099e+03  5.883611e+03 
 9.549045e-02  1.565374e+03  2.845095e+03  3.851614e+03  5.757729e+03 
 9.682153e-02  1.528561e+03  2.780285e+03  3.766229e+03  5.636255e+03 
 9.817117e-02  1.493548e+03  2.719189e+03  3.686247e+03  5.523760e+03 
 9.953962e-02  1.460249e+03  2.661322e+03  3.610720e+03  5.418109e+03 
 1.009272e-01  1.428663e+03  2.606466e+03  3.539189e+03  5.318196e+03 
 1.023340e-01  1.398855e+03  2.554767e+03  3.471858e+03  5.224338e+03 
 1.037605e-01  1.370229e+03  2.504403e+03  3.405570e+03  5.130229e+03 
 1.052069e-01  1.341054e+03  2.450141e+03  3.331312e+03  5.018060e+03 
 1.066734e-01  1.313799e+03  2.399451e+03  3.261885e+03  4.913192e+03 
 1.081604e-01  1.288423e+03  2.352211e+03  3.197181e+03  4.815389e+03 
 1.096681e-01  1.264857e+03  2.308266e+03  3.137010e+03  4.724334e+03 
 1.111968e-01  1.243271e+03  2.268356e+03  3.082486e+03  4.641645e+03 
 1.127468e-01  1.223220e+03  2.231311e+03  3.031828e+03  4.564811e+03 
 1.143184e-01  1.204514e+03  2.196750e+03  2.984572e+03  4.493044e+03 
 1.159120e-01  1.186969e+03  2.164315e+03  2.940223e+03  4.425614e+03 
 1.175277e-01  1.171225e+03  2.136064e+03  2.902276e+03  4.369342e+03 
 1.191660e-01  1.156244e+03  2.109292e+03  2.866398e+03  4.316311e+03 
 1.208271e-01  1.141692e+03  2.083320e+03  2.831621e+03  4.264905e+03 
 1.225114e-01  1.127271e+03  2.057560e+03  2.797121e+03  4.213931e+03 
 1.242191e-01  1.112343e+03  2.030585e+03  2.760917e+03  4.160875e+03 
 1.259506e-01  1.097092e+03  2.003018e+03  2.723913e+03  4.106678e+03 
 1.277063e-01  1.081290e+03  1.974455e+03  2.685558e+03  4.050429e+03 
 1.294865e-01  1.065006e+03  1.945146e+03  2.646155e+03  3.992070e+03 
 1.312915e-01  1.048110e+03  1.914858e+03  2.605363e+03  3.931105e+03 
 1.331216e-01  1.030146e+03  1.882609e+03  2.561912e+03  3.866141e+03 
 1.349772e-01  1.011058e+03  1.848339e+03  2.515776e+03  3.797241e+03 
 1.368587e-01  9.919283e+02  1.815913e+03  2.474302e+03  3.741769e+03 
 1.387665e-01  9.716126e+02  1.781246e+03  2.429716e+03  3.681432e+03 
 1.407008e-01  9.501926e+02  1.744474e+03  2.382206e+03  3.616443e+03 
 1.426621e-01  9.286530e+02  1.707728e+03  2.334494e+03  3.549567e+03 
 1.446507e-01  9.065621e+02  1.669966e+03  2.285274e+03  3.479766e+03 
 1.466671e-01  8.838715e+02  1.630977e+03  2.234305e+03  3.407112e+03 
 1.487115e-01  8.589170e+02  1.585968e+03  2.173839e+03  3.318233e+03 
 1.507845e-01  8.326656e+02  1.537358e+03  2.107597e+03  3.219309e+03 
 1.528864e-01  8.067959e+02  1.489443e+03  2.042316e+03  3.121688e+03 
 1.550175e-01  7.835725e+02  1.448468e+03  1.988168e+03  3.044123e+03 
 1.571784e-01  7.625867e+02  1.413008e+03  1.942576e+03  2.981673e+03 
 1.593694e-01  7.426341e+02  1.379280e+03  1.899232e+03  2.922288e+03 
 1.615909e-01  7.245035e+02  1.349213e+03  1.861012e+03  2.870659e+03 
 1.638434e-01  7.079973e+02  1.322208e+03  1.826971e+03  2.825220e+03 
 1.661273e-01  6.929493e+02  1.297768e+03  1.796343e+03  2.784742e+03 
 1.684430e-01  6.762336e+02  1.267456e+03  1.755729e+03  2.726119e+03 
 1.707910e-01  6.607068e+02  1.239010e+03  1.717462e+03  2.670581e+03 
 1.731717e-01  6.471607e+02  1.214611e+03  1.684933e+03  2.623766e+03 
 1.755856e-01  6.369669e+02  1.197942e+03  1.663747e+03  2.594486e+03 
 1.780332e-01  6.278351e+02  1.183213e+03  1.645216e+03  2.569229e+03 
 1.805149e-01  6.176871e+02  1.164280e+03  1.618885e+03  2.527849e+03 
 1.830312e-01  6.070240e+02  1.143019e+03  1.588139e+03  2.477334e+03 
 1.855825e-01  5.967226e+02  1.122719e+03  1.559059e+03  2.430181e+03 
 1.881694e-01  5.868469e+02  1.104767e+03  1.535073e+03  2.395364e+03 
 1.907924e-01  5.767046e+02  1.086303e+03  1.510369e+03  2.359425e+03 
 1.934520e-01  5.654642e+02  1.065458e+03  1.482335e+03  2.319210e+03 
 1.961486e-01  5.533630e+02  1.042890e+03  1.451879e+03  2.275475e+03 
 1.988828e-01  5.417084e+02  1.021922e+03  1.423898e+03  2.235185e+03 
 2.016551e-01  5.310163e+02  1.003841e+03  1.400285e+03  2.201253e+03 
 2.044661e-01  5.193450e+02  9.836124e+02  1.373454e+03  2.161905e+03 
 2.073162e-01  5.060524e+02  9.588094e+02  1.339047e+03  2.108786e+03 
 2.102061e-01  4.922783e+02  9.330834e+02  1.303342e+03  2.053542e+03 
 2.131362e-01  4.822053e+02  9.188000e+02  1.286784e+03  2.032682e+03 
 2.161073e-01  4.722078e+02  9.047157e+02  1.270550e+03  2.012274e+03 
 2.191197e-01  4.593933e+02  8.829771e+02  1.242773e+03  1.975419e+03 
 2.221741e-01  4.464072e+02  8.602884e+02  1.213384e+03  1.936092e+03 
 2.252711e-01  4.347429e+02  8.406533e+02  1.188548e+03  1.903502e+03 
 2.284112e-01  4.241349e+02  8.231255e+02  1.166672e+03  1.875256e+03 
 2.315951e-01  4.149404e+02  8.073200e+02  1.145622e+03  1.843477e+03 
 2.348235e-01  4.068969e+02  7.933478e+02  1.126582e+03  1.813204e+03 
 2.380968e-01  3.976357e+02  7.756197e+02  1.101829e+03  1.775188e+03 
 2.414157e-01  3.886875e+02  7.581439e+02  1.077325e+03  1.737891e+03 
 2.447809e-01  3.798430e+02  7.412365e+02  1.054077e+03  1.702581e+03 
 2.481930e-01  3.715093e+02  7.254060e+02  1.032394e+03  1.669698e+03 
 2.516527e-01  3.666256e+02  7.175202e+02  1.021951e+03  1.653648e+03 
 2.551606e-01  3.607437e+02  7.072212e+02  1.008024e+03  1.632569e+03 
 2.587174e-01  3.516044e+02  6.891246e+02  9.828678e+02  1.595311e+03 
 2.623238e-01  3.438593e+02  6.749155e+02  9.636805e+02  1.567436e+03 
 2.659804e-01  3.376240e+02  6.649099e+02  9.509463e+02  1.549698e+03 
 2.696881e-01  3.292134e+02  6.496691e+02  9.303932e+02  1.518631e+03 
 2.734474e-01  3.200213e+02  6.326346e+02  9.071976e+02  1.483170e+03 
 2.772591e-01  3.130766e+02  6.215040e+02  8.935211e+02  1.466046e+03 
 2.811239e-01  3.056461e+02  6.088066e+02  8.774839e+02  1.446290e+03 
 2.850426e-01  2.977711e+02  5.944387e+02  8.589329e+02  1.424214e+03 
 2.890160e-01  2.906606e+02  5.825915e+02  8.437679e+02  1.402565e+03 
 2.930447e-01  2.840639e+02  5.714027e+02  8.288021e+02  1.378985e+03 
 2.971296e-01  2.778491e+02  5.592802e+02  8.104841e+02  1.346871e+03 
 3.012714e-01  2.722409e+02  5.497548e+02  7.978882e+02  1.328084e+03 
 3.054710e-01  2.668101e+02  5.408963e+02  7.869594e+02  1.313804e+03 
 3.097291e-01  2.603508e+02  5.291346e+02  7.715973e+02  1.293152e+03 
 3.140465e-01  2.545483e+02  5.174531e+02  7.546185e+02  1.264753e+03 
 3.184242e-01  2.494483e+02  5.073083e+02  7.398097e+02  1.239736e+03 
 3.228628e-01  2.454593e+02  5.008872e+02  7.318893e+02  1.230385e+03 
 3.273634e-01  2.396510e+02  4.892107e+02  7.149865e+02  1.202932e+03 
 3.319266e-01  2.335816e+02  4.774636e+02  6.986787e+02  1.178209e+03 
 3.365535e-01  2.277896e+02  4.672304e+02  6.855582e+02  1.160849e+03 
 3.412449e-01  2.237818e+02  4.620197e+02  6.793768e+02  1.150739e+03 
 3.460016e-01  2.193075e+02  4.548000e+02  6.700508e+02  1.137421e+03 
 3.508247e-01  2.148758e+02  4.469568e+02  6.595533e+02  1.121996e+03 
 3.557150e-01  2.105828e+02  4.390335e+02  6.487931e+02  1.105503e+03 
 3.606735e-01  2.056630e+02  4.303072e+02  6.372834e+02  1.089071e+03 
 3.657011e-01  1.997629e+02  4.191617e+02  6.220006e+02  1.067728e+03 
 3.707988e-01  1.950953e+02  4.102610e+02  6.098184e+02  1.049475e+03 
 3.759675e-01  1.908976e+02  4.022803e+02  5.988330e+02  1.032927e+03 
 3.812083e-01  1.865849e+02  3.944945e+02  5.882595e+02  1.017414e+03 
 3.865221e-01  1.829322e+02  3.891069e+02  5.818824e+02  1.006321e+03 
 3.919100e-01  1.792496e+02  3.805249e+02  5.687193e+02  9.882613e+02 
 3.973730e-01  1.750207e+02  3.735734e+02  5.600486e+02  9.743624e+02 
 4.029122e-01  1.716452e+02  3.683130e+02  5.526911e+02  9.604239e+02 
 4.085286e-01  1.682096e+02  3.609155e+02  5.420118e+02  9.449467e+02 
 4.142232e-01  1.640133e+02  3.523425e+02  5.306413e+02  9.308530e+02 
 4.199973e-01  1.599199e+02  3.452989e+02  5.216794e+02  9.175761e+02 
 4.258518e-01  1.566527e+02  3.392066e+02  5.128960e+02  9.019513e+02 
 4.317880e-01  1.531961e+02  3.323838e+02  5.027147e+02  8.861970e+02 
 4.378069e-01  1.502195e+02  3.265110e+02  4.943165e+02  8.720593e+02 
 4.439097e-01  1.477481e+02  3.227278e+02  4.898301e+02  8.682539e+02 
 4.500975e-01  1.438171e+02  3.153597e+02  4.796365e+02  8.528735e+02 
 4.563716e-01  1.405227e+02  3.085653e+02  4.696422e+02  8.345916e+02 
 4.627332e-01  1.384245e+02  3.057539e+02  4.667345e+02  8.321175e+02 
 4.691835e-01  1.349699e+02  2.988100e+02  4.565631e+02  8.145584e+02 
 4.757236e-01  1.324596e+02  2.939484e+02  4.499514e+02  8.044696e+02 
 4.823549e-01  1.290423e+02  2.868724e+02  4.399410e+02  7.910679e+02 
 4.890787e-01  1.263548e+02  2.816205e+02  4.327136e+02  7.794112e+02 
 4.958962e-01  1.243262e+02  2.776772e+02  4.264889e+02  7.676371e+02 
 5.028087e-01  1.216018e+02  2.729292e+02  4.200129e+02  7.580948e+02 
 5.098176e-01  1.194018e+02  2.688910e+02  4.140298e+02  7.458816e+02 
 5.169242e-01  1.174001e+02  2.651332e+02  4.089879e+02  7.391098e+02 
 5.241298e-01  1.136396e+02  2.586436e+02  4.009494e+02  7.292435e+02 
 5.314359e-01  1.116821e+02  2.555877e+02  3.967158e+02  7.223195e+02 
 5.388438e-01  1.094038e+02  2.504325e+02  3.889150e+02  7.103157e+02 
 5.463550e-01  1.075046e+02  2.466460e+02  3.831657e+02  7.005806e+02 
 5.539709e-01  1.046947e+02  2.416921e+02  3.767823e+02  6.903536e+02 
 5.616930e-01  1.028768e+02  2.381236e+02  3.716417e+02  6.823675e+02 
 5.695227e-01  1.008769e+02  2.348771e+02  3.675895e+02  6.734438e+02 
 5.774615e-01  9.863762e+01  2.296262e+02  3.597468e+02  6.621930e+02 
 5.855110e-01  9.690974e+01  2.263534e+02  3.545620e+02  6.533461e+02 
 5.936727e-01  9.472587e+01  2.212520e+02  3.475041e+02  6.426893e+02 
 6.019482e-01  9.317371e+01  2.189124e+02  3.435766e+02  6.352172e+02 
 6.103390e-01  9.101049e+01  2.151763e+02  3.386169e+02  6.261477e+02 
 6.188468e-01  8.901009e+01  2.118666e+02  3.357349e+02  6.241081e+02 
 6.274732e-01  8.758592e+01  2.081669e+02  3.292692e+02  6.134715e+02 
 6.362198e-01  8.586500e+01  2.050867e+02  3.245540e+02  6.041055e+02 
 6.450884e-01  8.389602e+01  2.015461e+02  3.196488e+02  5.954841e+02 
 6.540806e-01  8.220199e+01  1.974325e+02  3.133512e+02  5.863897e+02 
 6.631981e-01  8.043293e+01  1.947130e+02  3.104252e+02  5.807913e+02 
 6.724427e-01  7.894954e+01  1.914339e+02  3.058293e+02  5.752627e+02 
 6.818162e-01  7.729698e+01  1.881494e+02  2.999034e+02  5.641477e+02 
 6.913204e-01  7.568388e+01  1.848734e+02  2.956608e+02  5.567841e+02 
 7.009570e-01  7.464463e+01  1.822826e+02  2.918111e+02  5.498591e+02 
 7.107280e-01  7.277203e+01  1.793009e+02  2.875497e+02  5.415120e+02 
 7.206351e-01  7.168784e+01  1.767230e+02  2.840556e+02  5.372497e+02 
 7.306804e-01  7.026298e+01  1.741332e+02  2.797310e+02  5.280674e+02 
 7.408657e-01  6.874504e+01  1.708437e+02  2.749331e+02  5.213245e+02 
 7.511929e-01  6.731725e+01  1.678698e+02  2.710510e+02  5.144985e+02 
 7.616642e-01  6.604522e+01  1.649940e+02  2.669599e+02  5.081846e+02 
 7.722814e-01  6.519488e+01  1.633745e+02  2.640370e+02  5.009670e+02 
 7.830465e-01  6.385835e+01  1.603879e+02  2.598150e+02  4.945747e+02 
 7.939618e-01  6.269375e+01  1.583730e+02  2.565854e+02  4.899570e+02 
 8.050292e-01  6.134262e+01  1.555722e+02  2.532421e+02  4.836943e+02 
 8.162509e-01  6.030872e+01  1.533860e+02  2.491028e+02  4.754458e+02 
 8.276289e-01  5.887000e+01  1.504716e+02  2.452940e+02  4.696155e+02 
 8.391656e-01  5.816738e+01  1.488285e+02  2.421080e+02  4.647785e+02 
 8.508632e-01  5.713213e+01  1.463492e+02  2.388713e+02  4.586297e+02 
 8.627237e-01  5.590130e+01  1.441347e+02  2.354580e+02  4.516148e+02 
 8.747496e-01  5.490367e+01  1.418205e+02  2.321134e+02  4.458914e+02 
 8.869432e-01  5.397174e+01  1.398495e+02  2.290589e+02  4.402096e+02 
 8.993067e-01  5.291723e+01  1.377114e+02  2.257461e+02  4.341467e+02 
 9.118425e-01  5.210189e+01  1.354680e+02  2.221003e+02  4.266927e+02 
 9.245531e-01  5.099267e+01  1.332619e+02  2.187346e+02  4.221011e+02 
 9.374409e-01  5.005106e+01  1.313198e+02  2.160569e+02  4.166356e+02 
 9.505083e-01  4.923928e+01  1.293567e+02  2.130471e+02  4.108588e+02 
 9.637579e-01  4.821385e+01  1.269407e+02  2.094269e+02  4.052067e+02 
 9.771921e-01  4.761080e+01  1.262543e+02  2.075176e+02  3.998821e+02 
 9.908137e-01  4.671386e+01  1.240019e+02  2.043711e+02  3.949797e+02 
 1.004625e+00  4.584374e+01  1.218003e+02  2.009337e+02  3.883816e+02 
 1.018629e+00  4.509111e+01  1.201861e+02  1.982658e+02  3.829617e+02 
 1.032828e+00  4.425913e+01  1.183858e+02  1.958033e+02  3.792325e+02 
 1.047225e+00  4.342849e+01  1.167675e+02  1.928201e+02  3.728855e+02 
 1.061823e+00  4.277170e+01  1.152547e+02  1.902827e+02  3.675746e+02 
 1.076624e+00  4.199602e+01  1.134784e+02  1.875343e+02  3.622521e+02 
 1.091632e+00  4.129410e+01  1.117448e+02  1.849792e+02  3.569093e+02 
 1.106848e+00  4.052554e+01  1.098985e+02  1.822439e+02  3.521979e+02 
 1.122277e+00  3.982773e+01  1.084172e+02  1.794199e+02  3.466249e+02 
 1.137921e+00  3.912234e+01  1.066434e+02  1.768005e+02  3.416015e+02 
 1.153783e+00  3.851475e+01  1.050499e+02  1.742033e+02  3.368809e+02 
 1.169866e+00  3.783462e+01  1.035358e+02  1.716392e+02  3.322095e+02 
 1.186174e+00  3.716059e+01  1.020894e+02  1.692295e+02  3.270916e+02 
 1.202708e+00  3.657520e+01  1.005532e+02  1.667729e+02  3.221507e+02 
 1.219473e+00  3.597023e+01  9.912360e+01  1.644622e+02  3.170058e+02 
 1.236472e+00  3.534600e+01  9.768044e+01  1.621712e+02  3.124868e+02 
 1.253708e+00  3.477748e+01  9.617141e+01  1.596191e+02  3.080845e+02 
 1.271184e+00  3.420571e+01  9.510858e+01  1.577224e+02  3.032743e+02 
 1.288904e+00  3.363366e+01  9.334744e+01  1.550438e+02  2.990818e+02 
 1.306870e+00  3.303533e+01  9.195793e+01  1.527408e+02  2.942412e+02 
 1.325087e+00  3.254332e+01  9.065516e+01  1.505088e+02  2.894051e+02 
 1.343558e+00  3.200566e+01  8.927109e+01  1.482178e+02  2.848633e+02 
 1.362287e+00  3.151598e+01  8.787679e+01  1.457863e+02  2.803781e+02 
 1.381276e+00  3.098513e+01  8.657532e+01  1.433735e+02  2.759239e+02 
 1.400531e+00  3.049238e+01  8.527208e+01  1.412636e+02  2.711236e+02 
 1.420053e+00  2.996468e+01  8.389228e+01  1.391360e+02  2.666494e+02 
 1.439848e+00  2.949154e+01  8.269179e+01  1.368243e+02  2.623790e+02 
 1.459919e+00  2.897029e+01  8.137665e+01  1.346535e+02  2.577479e+02 
 1.480269e+00  2.856240e+01  8.000577e+01  1.323975e+02  2.530537e+02 
 1.500903e+00  2.808435e+01  7.879997e+01  1.302266e+02  2.492832e+02 
 1.521825e+00  2.762141e+01  7.768690e+01  1.282784e+02  2.448601e+02 
 1.543038e+00  2.715936e+01  7.644879e+01  1.262966e+02  2.409230e+02 
 1.564548e+00  2.676261e+01  7.524855e+01  1.241947e+02  2.366204e+02 
 1.586357e+00  2.633852e+01  7.415739e+01  1.222136e+02  2.324709e+02 
 1.608469e+00  2.589424e+01  7.302099e+01  1.202403e+02  2.286735e+02 
 1.630891e+00  2.555812e+01  7.174482e+01  1.180557e+02  2.243206e+02 
 1.653624e+00  2.511167e+01  7.059724e+01  1.162149e+02  2.206874e+02 
 1.676675e+00  2.471097e+01  6.959907e+01  1.143414e+02  2.165183e+02 
 1.700047e+00  2.430588e+01  6.846892e+01  1.123707e+02  2.126656e+02 
 1.723745e+00  2.392790e+01  6.732351e+01  1.104201e+02  2.084838e+02 
 1.747773e+00  2.352122e+01  6.618684e+01  1.084718e+02  2.046433e+02 
 1.772136e+00  2.314944e+01  6.509640e+01  1.065350e+02  2.009955e+02 
 1.796838e+00  2.278939e+01  6.401087e+01  1.046898e+02  1.971434e+02 
 1.821885e+00  2.244295e+01  6.292841e+01  1.027829e+02  1.934660e+02 
 1.847281e+00  2.208309e+01  6.197335e+01  1.010559e+02  1.897913e+02 
 1.873032e+00  2.173297e+01  6.086134e+01  9.908430e+01  1.862434e+02 
 1.899141e+00  2.137369e+01  5.978960e+01  9.734969e+01  1.826598e+02 
 1.925614e+00  2.104911e+01  5.880715e+01  9.561432e+01  1.790406e+02 
 1.952456e+00  2.077093e+01  5.785773e+01  9.389588e+01  1.755200e+02 
 1.979672e+00  2.039713e+01  5.690653e+01  9.219757e+01  1.721424e+02 
 2.007267e+00  2.010435e+01  5.590174e+01  9.037904e+01  1.688655e+02 
 2.035248e+00  1.975634e+01  5.489433e+01  8.867204e+01  1.654086e+02 
 2.063618e+00  1.944335e+01  5.390839e+01  8.702724e+01  1.620478e+02 
 2.092383e+00  1.913898e+01  5.295929e+01  8.533201e+01  1.587987e+02 
 2.121550e+00  1.882016e+01  5.198297e+01  8.367940e+01  1.554792e+02 
 2.151123e+00  1.852319e+01  5.104677e+01  8.201208e+01  1.522089e+02 
 2.181109e+00  1.821913e+01  5.009382e+01  8.042465e+01  1.491174e+02 
 2.211512e+00  1.792430e+01  4.914012e+01  7.877384e+01  1.458495e+02 
 2.242340e+00  1.763673e+01  4.826044e+01  7.722254e+01  1.428094e+02 
 2.273597e+00  1.732999e+01  4.734608e+01  7.559578e+01  1.397551e+02 
 2.305289e+00  1.706792e+01  4.644725e+01  7.409992e+01  1.367984e+02 
 2.337424e+00  1.678570e+01  4.555114e+01  7.255562e+01  1.338760e+02 
 2.370006e+00  1.650695e+01  4.468355e+01  7.110074e+01  1.310880e+02 
 2.403043e+00  1.622431e+01  4.383064e+01  6.959561e+01  1.282026e+02 
 2.436540e+00  1.596828e+01  4.300116e+01  6.816641e+01  1.254100e+02 
 2.470504e+00  1.570544e+01  4.217995e+01  6.672662e+01  1.226597e+02 
 2.504942e+00  1.544657e+01  4.137432e+01  6.534881e+01  1.199991e+02 
 2.539859e+00  1.520047e+01  4.054728e+01  6.394510e+01  1.173161e+02 
 2.575263e+00  1.493423e+01  3.972856e+01  6.262612e+01  1.147553e+02 
 2.611161e+00  1.469093e+01  3.892909e+01  6.122525e+01  1.121819e+02 
 2.647559e+00  1.444129e+01  3.813094e+01  5.986671e+01  1.096018e+02 
 2.684465e+00  1.419654e+01  3.737403e+01  5.854299e+01  1.070966e+02 
 2.721885e+00  1.394079e+01  3.656813e+01  5.725270e+01  1.046338e+02 
 2.759826e+00  1.370105e+01  3.578800e+01  5.595488e+01  1.022233e+02 
 2.798297e+00  1.346053e+01  3.505333e+01  5.470484e+01  9.990985e+01 
 2.837304e+00  1.322638e+01  3.430451e+01  5.346704e+01  9.757458e+01 
 2.876854e+00  1.299219e+01  3.356525e+01  5.224776e+01  9.531249e+01 
 2.916956e+00  1.276515e+01  3.285719e+01  5.105679e+01  9.305731e+01 
 2.957617e+00  1.254437e+01  3.216314e+01  4.990799e+01  9.089845e+01 
 2.998844e+00  1.232100e+01  3.147624e+01  4.875868e+01  8.875883e+01 
 3.040646e+00  1.210331e+01  3.079259e+01  4.763795e+01  8.673125e+01 
 3.083031e+00  1.188875e+01  3.012132e+01  4.654095e+01  8.469306e+01 
 3.126007e+00  1.168099e+01  2.947349e+01  4.546457e+01  8.268843e+01 
 3.169582e+00  1.146863e+01  2.881087e+01  4.438878e+01  8.073464e+01 
 3.213764e+00  1.126027e+01  2.817282e+01  4.334221e+01  7.881019e+01 
 3.258562e+00  1.104921e+01  2.754929e+01  4.231136e+01  7.691474e+01 
 3.303985e+00  1.084332e+01  2.691256e+01  4.130111e+01  7.505856e+01 
 3.350041e+00  1.064215e+01  2.628966e+01  4.028896e+01  7.322370e+01 
 3.396739e+00  1.043627e+01  2.568555e+01  3.932247e+01  7.142601e+01 
 3.444087e+00  1.024039e+01  2.508068e+01  3.834880e+01  6.966449e+01 
 3.492096e+00  1.004540e+01  2.450144e+01  3.741979e+01  6.797265e+01 
 3.540774e+00  9.848455e+00  2.393470e+01  3.650965e+01  6.630358e+01 
 3.590130e+00  9.660038e+00  2.336706e+01  3.560317e+01  6.468332e+01 
 3.640175e+00  9.476523e+00  2.281922e+01  3.473825e+01  6.308554e+01 
 3.690917e+00  9.289185e+00  2.229023e+01  3.387444e+01  6.153662e+01 
 3.742366e+00  9.107871e+00  2.175355e+01  3.304289e+01  6.004417e+01 
 3.794533e+00  8.932678e+00  2.124729e+01  3.223176e+01  5.856374e+01 
 3.847427e+00  8.757272e+00  2.073700e+01  3.143593e+01  5.713734e+01 
 3.901058e+00  8.580858e+00  2.024706e+01  3.066163e+01  5.572375e+01 
 3.955436e+00  8.414085e+00  1.975987e+01  2.988695e+01  5.433702e+01 
 4.010573e+00  8.241489e+00  1.927911e+01  2.914311e+01  5.299255e+01 
 4.066478e+00  8.073020e+00  1.880515e+01  2.840201e+01  5.165564e+01 
 4.123163e+00  7.905464e+00  1.834604e+01  2.767856e+01  5.035060e+01 
 4.180637e+00  7.742540e+00  1.789350e+01  2.697267e+01  4.906966e+01 
 4.238913e+00  7.580000e+00  1.744441e+01  2.627860e+01  4.783286e+01 
 4.298001e+00  7.417260e+00  1.700982e+01  2.560558e+01  4.661231e+01 
 4.357913e+00  7.264527e+00  1.658405e+01  2.495085e+01  4.543727e+01 
 4.418660e+00  7.109097e+00  1.617232e+01  2.430665e+01  4.428974e+01 
 4.480254e+00  6.956604e+00  1.576572e+01  2.368193e+01  4.316582e+01 
 4.542706e+00  6.809408e+00  1.536819e+01  2.307069e+01  4.206952e+01 
 4.606029e+00  6.663640e+00  1.498723e+01  2.248222e+01  4.101485e+01 
 4.670234e+00  6.520364e+00  1.461205e+01  2.191110e+01  3.998551e+01 
 4.735335e+00  6.380719e+00  1.424746e+01  2.134920e+01  3.897595e+01 
 4.801343e+00  6.245266e+00  1.389323e+01  2.080495e+01  3.798821e+01 
 4.868271e+00  6.109797e+00  1.354357e+01  2.027066e+01  3.702894e+01 
 4.936132e+00  5.976271e+00  1.320058e+01  1.974896e+01  3.608947e+01 
 5.004939e+00  5.844156e+00  1.286606e+01  1.923719e+01  3.516768e+01 
 5.074705e+00  5.713147e+00  1.253617e+01  1.873440e+01  3.426631e+01 
 5.145444e+00  5.585500e+00  1.221476e+01  1.824540e+01  3.338628e+01 
 5.217169e+00  5.458647e+00  1.189840e+01  1.776524e+01  3.251666e+01 
 5.289893e+00  5.336259e+00  1.159193e+01  1.730289e+01  3.167928e+01 
 5.363631e+00  5.213538e+00  1.129243e+01  1.684529e+01  3.085944e+01 
 5.438397e+00  5.095258e+00  1.099963e+01  1.640365e+01  3.005792e+01 
 5.514206e+00  4.978751e+00  1.071549e+01  1.597448e+01  2.928279e+01 
 5.591071e+00  4.863574e+00  1.044032e+01  1.555619e+01  2.852901e+01 
 5.669007e+00  4.753815e+00  1.017057e+01  1.515189e+01  2.779580e+01 
 5.748030e+00  4.645087e+00  9.910380e+00  1.475700e+01  2.708027e+01 
 5.828155e+00  4.539070e+00  9.656920e+00  1.437502e+01  2.638644e+01 
 5.909396e+00  4.435345e+00  9.409748e+00  1.400340e+01  2.571432e+01 
 5.991770e+00  4.333577e+00  9.168474e+00  1.364027e+01  2.505718e+01 
 6.075292e+00  4.234398e+00  8.934731e+00  1.328793e+01  2.441495e+01 
 6.159978e+00  4.136353e+00  8.705311e+00  1.294353e+01  2.378854e+01 
 6.245845e+00  4.040025e+00  8.480627e+00  1.260613e+01  2.317276e+01 
 6.332908e+00  3.944886e+00  8.259608e+00  1.227457e+01  2.256931e+01 
 6.421186e+00  3.852302e+00  8.044774e+00  1.195105e+01  2.197985e+01 
 6.510694e+00  3.760705e+00  7.834589e+00  1.163674e+01  2.140509e+01 
 6.601449e+00  3.671800e+00  7.630374e+00  1.133014e+01  2.084576e+01 
 6.693470e+00  3.584238e+00  7.430396e+00  1.103028e+01  2.029923e+01 
 6.786773e+00  3.498916e+00  7.236893e+00  1.073964e+01  1.976835e+01 
 6.881377e+00  3.416166e+00  7.048718e+00  1.045747e+01  1.925018e+01 
 6.977300e+00  3.335305e+00  6.866229e+00  1.018464e+01  1.874886e+01 
 7.074559e+00  3.256742e+00  6.688318e+00  9.917762e+00  1.826056e+01 
 7.173175e+00  3.179785e+00  6.516372e+00  9.659981e+00  1.778740e+01 
 7.273165e+00  3.105228e+00  6.349355e+00  9.410396e+00  1.732679e+01 
 7.374549e+00  3.032358e+00  6.186441e+00  9.166132e+00  1.687980e+01 
 7.477346e+00  2.961076e+00  6.028810e+00  8.930634e+00  1.644366e+01 
 7.581576e+00  2.891902e+00  5.874192e+00  8.699490e+00  1.601874e+01 
 7.687260e+00  2.823755e+00  5.723741e+00  8.474014e+00  1.560364e+01 
 7.794416e+00  2.756883e+00  5.576259e+00  8.252346e+00  1.519608e+01 
 7.903066e+00  2.691314e+00  5.431571e+00  8.035791e+00  1.479631e+01 
 8.013230e+00  2.627026e+00  5.291066e+00  7.826031e+00  1.440690e+01 
 8.124930e+00  2.564052e+00  5.153640e+00  7.620226e+00  1.402580e+01 
 8.238187e+00  2.502785e+00  5.019417e+00  7.419205e+00  1.365488e+01 
 8.353023e+00  2.442857e+00  4.889164e+00  7.224282e+00  1.329306e+01 
 8.469460e+00  2.384636e+00  4.762603e+00  7.034734e+00  1.294134e+01 
 8.587519e+00  2.327919e+00  4.639468e+00  6.850498e+00  1.259948e+01 
 8.707225e+00  2.272741e+00  4.519691e+00  6.671724e+00  1.226753e+01 
 8.828599e+00  2.219151e+00  4.404164e+00  6.498267e+00  1.194420e+01 
 8.951665e+00  2.166893e+00  4.291857e+00  6.329839e+00  1.163289e+01 
 9.076446e+00  2.116250e+00  4.182842e+00  6.167142e+00  1.132893e+01 
 9.202967e+00  2.066947e+00  4.076909e+00  6.008693e+00  1.103291e+01 
 9.331251e+00  2.018876e+00  3.973752e+00  5.854168e+00  1.074487e+01 
 9.461324e+00  0.000000e+00  0.000000e+00  0.000000e+00  0.000000e+00 
 9.593209e+00  0.000000e+00  0.000000e+00  0.000000e+00  0.000000e+00 
 9.726934e+00  0.000000e+00  0.000000e+00  0.000000e+00  0.000000e+00 
 9.862522e+00  0.000000e+00  0.000000e+00  0.000000e+00  0.000000e+00 
 1.000000e+01  0.000000e+00  0.000000e+00  0.000000e+00  0.000000e+00 
