 1.000000e-02  5.829167e+03  1.059242e+04  1.428913e+04  2.119120e+04 
 1.013939e-02  5.860032e+03  1.064827e+04  1.436425e+04  2.130209e+04 
 1.028073e-02  5.890386e+03  1.070317e+04  1.443813e+04  2.141109e+04 
 1.042404e-02  5.920221e+03  1.075709e+04  1.451074e+04  2.151824e+04 
 1.056935e-02  5.949502e+03  1.080998e+04  1.458196e+04  2.162339e+04 
 1.071668e-02  5.978201e+03  1.086184e+04  1.465173e+04  2.172635e+04 
 1.086606e-02  6.006304e+03  1.091266e+04  1.472003e+04  2.182712e+04 
 1.101753e-02  6.033815e+03  1.096243e+04  1.478688e+04  2.192570e+04 
 1.117111e-02  6.060729e+03  1.101109e+04  1.485226e+04  2.202203e+04 
 1.132683e-02  6.087006e+03  1.105857e+04  1.491606e+04  2.211597e+04 
 1.148472e-02  6.112582e+03  1.110476e+04  1.497817e+04  2.220740e+04 
 1.164481e-02  6.137455e+03  1.114965e+04  1.503851e+04  2.229626e+04 
 1.180713e-02  6.161620e+03  1.119325e+04  1.509706e+04  2.238248e+04 
 1.197171e-02  6.185064e+03  1.123554e+04  1.515378e+04  2.246606e+04 
 1.213859e-02  6.207748e+03  1.127644e+04  1.520868e+04  2.254691e+04 
 1.230780e-02  6.229640e+03  1.131591e+04  1.526171e+04  2.262484e+04 
 1.247936e-02  6.250727e+03  1.135392e+04  1.531278e+04  2.269979e+04 
 1.265332e-02  6.270992e+03  1.139041e+04  1.536173e+04  2.277172e+04 
 1.282970e-02  6.290403e+03  1.142535e+04  1.540852e+04  2.284054e+04 
 1.300854e-02  6.308950e+03  1.145871e+04  1.545319e+04  2.290614e+04 
 1.318987e-02  6.326606e+03  1.149045e+04  1.549575e+04  2.296849e+04 
 1.337373e-02  6.343358e+03  1.152055e+04  1.553608e+04  2.302754e+04 
 1.356015e-02  6.359181e+03  1.154894e+04  1.557415e+04  2.308318e+04 
 1.374917e-02  6.374055e+03  1.157560e+04  1.560986e+04  2.313531e+04 
 1.394083e-02  6.387939e+03  1.160046e+04  1.564312e+04  2.318383e+04 
 1.413516e-02  6.400812e+03  1.162349e+04  1.567388e+04  2.322864e+04 
 1.433219e-02  6.412658e+03  1.164464e+04  1.570210e+04  2.326971e+04 
 1.453198e-02  6.423480e+03  1.166390e+04  1.572772e+04  2.330708e+04 
 1.473454e-02  6.433241e+03  1.168123e+04  1.575071e+04  2.334059e+04 
 1.493993e-02  6.441913e+03  1.169661e+04  1.577113e+04  2.337002e+04 
 1.514819e-02  6.449509e+03  1.171006e+04  1.578899e+04  2.339553e+04 
 1.535935e-02  6.455977e+03  1.172146e+04  1.580408e+04  2.341701e+04 
 1.557345e-02  6.461303e+03  1.173075e+04  1.581631e+04  2.343430e+04 
 1.579053e-02  6.465457e+03  1.173791e+04  1.582562e+04  2.344733e+04 
 1.601064e-02  6.468414e+03  1.174291e+04  1.583193e+04  2.345602e+04 
 1.623382e-02  6.470160e+03  1.174571e+04  1.583529e+04  2.346028e+04 
 1.646012e-02  6.470676e+03  1.174627e+04  1.583567e+04  2.346002e+04 
 1.668956e-02  6.469950e+03  1.174456e+04  1.583308e+04  2.345520e+04 
 1.692220e-02  6.467962e+03  1.174055e+04  1.582741e+04  2.344580e+04 
 1.715809e-02  6.464682e+03  1.173420e+04  1.581852e+04  2.343171e+04 
 1.739726e-02  6.460088e+03  1.172545e+04  1.580638e+04  2.341288e+04 
 1.763977e-02  6.454183e+03  1.171431e+04  1.579102e+04  2.338924e+04 
 1.788566e-02  6.446954e+03  1.170077e+04  1.577240e+04  2.336073e+04 
 1.813498e-02  6.438377e+03  1.168478e+04  1.575047e+04  2.332734e+04 
 1.838777e-02  6.428444e+03  1.166631e+04  1.572522e+04  2.328905e+04 
 1.864409e-02  6.417144e+03  1.164539e+04  1.569662e+04  2.324576e+04 
 1.890397e-02  6.404445e+03  1.162193e+04  1.566460e+04  2.319732e+04 
 1.916748e-02  6.390354e+03  1.159593e+04  1.562918e+04  2.314373e+04 
 1.943467e-02  6.374869e+03  1.156739e+04  1.559034e+04  2.308504e+04 
 1.970558e-02  6.357973e+03  1.153629e+04  1.554805e+04  2.302131e+04 
 1.998026e-02  6.339665e+03  1.150262e+04  1.550229e+04  2.295252e+04 
 2.025878e-02  6.319949e+03  1.146639e+04  1.545306e+04  2.287864e+04 
 2.054117e-02  6.298803e+03  1.142757e+04  1.540033e+04  2.279961e+04 
 2.082751e-02  6.276230e+03  1.138614e+04  1.534408e+04  2.271526e+04 
 2.111783e-02  6.252218e+03  1.134211e+04  1.528434e+04  2.262562e+04 
 2.141220e-02  6.226891e+03  1.129565e+04  1.522127e+04  2.253095e+04 
 2.171068e-02  6.200740e+03  1.124745e+04  1.515560e+04  2.243183e+04 
 2.201331e-02  6.173181e+03  1.119670e+04  1.508649e+04  2.232764e+04 
 2.232016e-02  6.144213e+03  1.114338e+04  1.501392e+04  2.221834e+04 
 2.263130e-02  6.113839e+03  1.108750e+04  1.493790e+04  2.210392e+04 
 2.294676e-02  6.082073e+03  1.102910e+04  1.485846e+04  2.198446e+04 
 2.326663e-02  6.048928e+03  1.096819e+04  1.477566e+04  2.185997e+04 
 2.359095e-02  6.014425e+03  1.090484e+04  1.468955e+04  2.173056e+04 
 2.391980e-02  5.978597e+03  1.083907e+04  1.460019e+04  2.159634e+04 
 2.425323e-02  5.941446e+03  1.077092e+04  1.450762e+04  2.145735e+04 
 2.459130e-02  5.903008e+03  1.070040e+04  1.441186e+04  2.131365e+04 
 2.493409e-02  5.863295e+03  1.062756e+04  1.431297e+04  2.116532e+04 
 2.528166e-02  5.822315e+03  1.055246e+04  1.421102e+04  2.101245e+04 
 2.563407e-02  5.780106e+03  1.047513e+04  1.410608e+04  2.085512e+04 
 2.599140e-02  5.736702e+03  1.039566e+04  1.399825e+04  2.069351e+04 
 2.635371e-02  5.692153e+03  1.031408e+04  1.388761e+04  2.052774e+04 
 2.672106e-02  5.646500e+03  1.023049e+04  1.377425e+04  2.035798e+04 
 2.709354e-02  5.599772e+03  1.014495e+04  1.365827e+04  2.018434e+04 
 2.747121e-02  5.552000e+03  1.005754e+04  1.353975e+04  2.000696e+04 
 2.785414e-02  5.503157e+03  9.968243e+03  1.341869e+04  1.982588e+04 
 2.824241e-02  5.453022e+03  9.876682e+03  1.329474e+04  1.964077e+04 
 2.863610e-02  5.401987e+03  9.783506e+03  1.316861e+04  1.945244e+04 
 2.903527e-02  5.350114e+03  9.688815e+03  1.304044e+04  1.926110e+04 
 2.944000e-02  5.297449e+03  9.592705e+03  1.291036e+04  1.906694e+04 
 2.985038e-02  5.244049e+03  9.495263e+03  1.277848e+04  1.887013e+04 
 3.026648e-02  5.189978e+03  9.396596e+03  1.264496e+04  1.867091e+04 
 3.068838e-02  5.135285e+03  9.296815e+03  1.250994e+04  1.846948e+04 
 3.111616e-02  5.080032e+03  9.196038e+03  1.237359e+04  1.826608e+04 
 3.154990e-02  5.024293e+03  9.094390e+03  1.223607e+04  1.806095e+04 
 3.198969e-02  4.968139e+03  8.991995e+03  1.209754e+04  1.785435e+04 
 3.243561e-02  4.911639e+03  8.888974e+03  1.195819e+04  1.764651e+04 
 3.288774e-02  4.854861e+03  8.785435e+03  1.181814e+04  1.743768e+04 
 3.334618e-02  4.797866e+03  8.681498e+03  1.167757e+04  1.722810e+04 
 3.381101e-02  4.740722e+03  8.577300e+03  1.153666e+04  1.701802e+04 
 3.428231e-02  4.683500e+03  8.472992e+03  1.139559e+04  1.680771e+04 
 3.476019e-02  4.626106e+03  8.368732e+03  1.125496e+04  1.659915e+04 
 3.524473e-02  4.568782e+03  8.264603e+03  1.111452e+04  1.639091e+04 
 3.573602e-02  4.511611e+03  8.160726e+03  1.097442e+04  1.618318e+04 
 3.623416e-02  4.454658e+03  8.057244e+03  1.083486e+04  1.597624e+04 
 3.673925e-02  4.397996e+03  7.954314e+03  1.069604e+04  1.577037e+04 
 3.725137e-02  4.341691e+03  7.852065e+03  1.055812e+04  1.556583e+04 
 3.777064e-02  4.285824e+03  7.750600e+03  1.042127e+04  1.536285e+04 
 3.829714e-02  4.230462e+03  7.650038e+03  1.028562e+04  1.516169e+04 
 3.883098e-02  4.175670e+03  7.550508e+03  1.015137e+04  1.496260e+04 
 3.937226e-02  4.121516e+03  7.452137e+03  1.001868e+04  1.476579e+04 
 3.992109e-02  4.068074e+03  7.355036e+03  9.887684e+03  1.457151e+04 
 4.047757e-02  4.015372e+03  7.259239e+03  9.758413e+03  1.437965e+04 
 4.104181e-02  3.963215e+03  7.163767e+03  9.628838e+03  1.418538e+04 
 4.161391e-02  3.911929e+03  7.069874e+03  9.501398e+03  1.399429e+04 
 4.219398e-02  3.861561e+03  6.977661e+03  9.376229e+03  1.380656e+04 
 4.278214e-02  3.812152e+03  6.887204e+03  9.253434e+03  1.362234e+04 
 4.337850e-02  3.763749e+03  6.798581e+03  9.133114e+03  1.344180e+04 
 4.398317e-02  3.716392e+03  6.711850e+03  9.015351e+03  1.326508e+04 
 4.459628e-02  3.670113e+03  6.627059e+03  8.900212e+03  1.309225e+04 
 4.521792e-02  3.624929e+03  6.544258e+03  8.787767e+03  1.292344e+04 
 4.584824e-02  3.580866e+03  6.463481e+03  8.678060e+03  1.275870e+04 
 4.648734e-02  3.537930e+03  6.384768e+03  8.571117e+03  1.259808e+04 
 4.713535e-02  3.496336e+03  6.309340e+03  8.469454e+03  1.244761e+04 
 4.779239e-02  3.455996e+03  6.236696e+03  8.372069e+03  1.230484e+04 
 4.845859e-02  3.416788e+03  6.166083e+03  8.277416e+03  1.216609e+04 
 4.913407e-02  3.378692e+03  6.097472e+03  8.185446e+03  1.203127e+04 
 4.981898e-02  3.341688e+03  6.030820e+03  8.096103e+03  1.190035e+04 
 5.051342e-02  3.305743e+03  5.966081e+03  8.009334e+03  1.177322e+04 
 5.121755e-02  3.270823e+03  5.903201e+03  7.925065e+03  1.164977e+04 
 5.193150e-02  3.236885e+03  5.842098e+03  7.843193e+03  1.152984e+04 
 5.265540e-02  3.203875e+03  5.782674e+03  7.763566e+03  1.141324e+04 
 5.338938e-02  3.171471e+03  5.723818e+03  7.684171e+03  1.129566e+04 
 5.413360e-02  3.139555e+03  5.665232e+03  7.604525e+03  1.117613e+04 
 5.488820e-02  3.108382e+03  5.608010e+03  7.526716e+03  1.105932e+04 
 5.565331e-02  3.077841e+03  5.551938e+03  7.450463e+03  1.094482e+04 
 5.642908e-02  3.047777e+03  5.496728e+03  7.375382e+03  1.083209e+04 
 5.721568e-02  3.018128e+03  5.442271e+03  7.301317e+03  1.072090e+04 
 5.801323e-02  2.989025e+03  5.388800e+03  7.228583e+03  1.061172e+04 
 5.882190e-02  2.960569e+03  5.336500e+03  7.157435e+03  1.050491e+04 
 5.964185e-02  2.932750e+03  5.285731e+03  7.088746e+03  1.040279e+04 
 6.047322e-02  2.905587e+03  5.237196e+03  7.024142e+03  1.030957e+04 
 6.131619e-02  2.877978e+03  5.187861e+03  6.958474e+03  1.021480e+04 
 6.217090e-02  2.849744e+03  5.137392e+03  6.891283e+03  1.011779e+04 
 6.303753e-02  2.820937e+03  5.085892e+03  6.822709e+03  1.001878e+04 
 6.391624e-02  2.791634e+03  5.033492e+03  6.752931e+03  9.918005e+03 
 6.480720e-02  2.761820e+03  4.980165e+03  6.681913e+03  9.815435e+03 
 6.571058e-02  2.731348e+03  4.925644e+03  6.609291e+03  9.710534e+03 
 6.662655e-02  2.698757e+03  4.865227e+03  6.526584e+03  9.584922e+03 
 6.755528e-02  2.665168e+03  4.802967e+03  6.441356e+03  9.455517e+03 
 6.849697e-02  2.630560e+03  4.738887e+03  6.353715e+03  9.322652e+03 
 6.945178e-02  2.594873e+03  4.672882e+03  6.263530e+03  9.186129e+03 
 7.041990e-02  2.558055e+03  4.604860e+03  6.170682e+03  9.045767e+03 
 7.140151e-02  2.520066e+03  4.534758e+03  6.075076e+03  8.901447e+03 
 7.239681e-02  2.481179e+03  4.463385e+03  5.978177e+03  8.756578e+03 
 7.340598e-02  2.441440e+03  4.390890e+03  5.880258e+03  8.611796e+03 
 7.442922e-02  2.400492e+03  4.316242e+03  5.779489e+03  8.462887e+03 
 7.546673e-02  2.358365e+03  4.239491e+03  5.675954e+03  8.309967e+03 
 7.651869e-02  2.315123e+03  4.160753e+03  5.569798e+03  8.153259e+03 
 7.758532e-02  2.270841e+03  4.080176e+03  5.461198e+03  7.993047e+03 
 7.866682e-02  2.226577e+03  4.000914e+03  5.355600e+03  7.840335e+03 
 7.976339e-02  2.183026e+03  3.924993e+03  5.256476e+03  7.702013e+03 
 8.087525e-02  2.138720e+03  3.847658e+03  5.155401e+03  7.560638e+03 
 8.200261e-02  2.093821e+03  3.769185e+03  5.052740e+03  7.416743e+03 
 8.314568e-02  2.048495e+03  3.689876e+03  4.948894e+03  7.270944e+03 
 8.430468e-02  2.002932e+03  3.610066e+03  4.844305e+03  7.123882e+03 
 8.547985e-02  1.956360e+03  3.526986e+03  4.733961e+03  6.965127e+03 
 8.667139e-02  1.909542e+03  3.442791e+03  4.621494e+03  6.801695e+03 
 8.787954e-02  1.863159e+03  3.359384e+03  4.510075e+03  6.639739e+03 
 8.910453e-02  1.817425e+03  3.277165e+03  4.400227e+03  6.480041e+03 
 9.034660e-02  1.772550e+03  3.196501e+03  4.292449e+03  6.323342e+03 
 9.160598e-02  1.729443e+03  3.119958e+03  4.191049e+03  6.177866e+03 
 9.288292e-02  1.688218e+03  3.047621e+03  4.096039e+03  6.043399e+03 
 9.417766e-02  1.648393e+03  2.977738e+03  4.004261e+03  5.913491e+03 
 9.549045e-02  1.610129e+03  2.910619e+03  3.916121e+03  5.788767e+03 
 9.682153e-02  1.573557e+03  2.846514e+03  3.831961e+03  5.669736e+03 
 9.817117e-02  1.539025e+03  2.786416e+03  3.753461e+03  5.559629e+03 
 9.953962e-02  1.506476e+03  2.729977e+03  3.679937e+03  5.456961e+03 
 1.009272e-01  1.475886e+03  2.677027e+03  3.611038e+03  5.360965e+03 
 1.023340e-01  1.447291e+03  2.627639e+03  3.546878e+03  5.271824e+03 
 1.037605e-01  1.419955e+03  2.579635e+03  3.483778e+03  5.182421e+03 
 1.052069e-01  1.391828e+03  2.526938e+03  3.411466e+03  5.072961e+03 
 1.066734e-01  1.365647e+03  2.477818e+03  3.343998e+03  4.970759e+03 
 1.081604e-01  1.341309e+03  2.432106e+03  3.281155e+03  4.875440e+03 
 1.096681e-01  1.318661e+03  2.389521e+03  3.222569e+03  4.786449e+03 
 1.111968e-01  1.297911e+03  2.350856e+03  3.169522e+03  4.705719e+03 
 1.127468e-01  1.278462e+03  2.314594e+03  3.119750e+03  4.629888e+03 
 1.143184e-01  1.260072e+03  2.280308e+03  3.072655e+03  4.557994e+03 
 1.159120e-01  1.242489e+03  2.247504e+03  3.027558e+03  4.489094e+03 
 1.175277e-01  1.226582e+03  2.218945e+03  2.989179e+03  4.432242e+03 
 1.191660e-01  1.211026e+03  2.191115e+03  2.951898e+03  4.377193e+03 
 1.208271e-01  1.195444e+03  2.163241e+03  2.914578e+03  4.322071e+03 
 1.225114e-01  1.179521e+03  2.134775e+03  2.876464e+03  4.265915e+03 
 1.242191e-01  1.162794e+03  2.104810e+03  2.836535e+03  4.208251e+03 
 1.259506e-01  1.145304e+03  2.073453e+03  2.794746e+03  4.147822e+03 
 1.277063e-01  1.126842e+03  2.040347e+03  2.750577e+03  4.083861e+03 
 1.294865e-01  1.107695e+03  2.006256e+03  2.705145e+03  4.017814e+03 
 1.312915e-01  1.087850e+03  1.971161e+03  2.658479e+03  3.949672e+03 
 1.331216e-01  1.066725e+03  1.933756e+03  2.608669e+03  3.876835e+03 
 1.349772e-01  1.044374e+03  1.894163e+03  2.555928e+03  3.799777e+03 
 1.368587e-01  1.022184e+03  1.856957e+03  2.508806e+03  3.737743e+03 
 1.387665e-01  9.989062e+02  1.817672e+03  2.458781e+03  3.671119e+03 
 1.407008e-01  9.747309e+02  1.776653e+03  2.406285e+03  3.600536e+03 
 1.426621e-01  9.507791e+02  1.736188e+03  2.354188e+03  3.528675e+03 
 1.446507e-01  9.266747e+02  1.695380e+03  2.301469e+03  3.455084e+03 
 1.466671e-01  9.024376e+02  1.654190e+03  2.248100e+03  3.380275e+03 
 1.487115e-01  8.760816e+02  1.606984e+03  2.185121e+03  3.288943e+03 
 1.507845e-01  8.487451e+02  1.556565e+03  2.116868e+03  3.188257e+03 
 1.528864e-01  8.223831e+02  1.507940e+03  2.051017e+03  3.091102e+03 
 1.550175e-01  7.991506e+02  1.466971e+03  1.996979e+03  3.014178e+03 
 1.571784e-01  7.786105e+02  1.432203e+03  1.952316e+03  2.952952e+03 
 1.593694e-01  7.595419e+02  1.400000e+03  1.911018e+03  2.896535e+03 
 1.615909e-01  7.424818e+02  1.371593e+03  1.874803e+03  2.847229e+03 
 1.638434e-01  7.272295e+02  1.346500e+03  1.843015e+03  2.804262e+03 
 1.661273e-01  7.135831e+02  1.324278e+03  1.815062e+03  2.766935e+03 
 1.684430e-01  6.979171e+02  1.295426e+03  1.776187e+03  2.710490e+03 
 1.707910e-01  6.832638e+02  1.268088e+03  1.739134e+03  2.656455e+03 
 1.731717e-01  6.704575e+02  1.244598e+03  1.707560e+03  2.610669e+03 
 1.755856e-01  6.610117e+02  1.229034e+03  1.687623e+03  2.582577e+03 
 1.780332e-01  6.522137e+02  1.214639e+03  1.669273e+03  2.556885e+03 
 1.805149e-01  6.419658e+02  1.195415e+03  1.642546e+03  2.515220e+03 
 1.830312e-01  6.307124e+02  1.173062e+03  1.610499e+03  2.463557e+03 
 1.855825e-01  6.193604e+02  1.150880e+03  1.579071e+03  2.413698e+03 
 1.881694e-01  6.082977e+02  1.131207e+03  1.553235e+03  2.377283e+03 
 1.907924e-01  5.965539e+02  1.110252e+03  1.525626e+03  2.338115e+03 
 1.934520e-01  5.836075e+02  1.087014e+03  1.495109e+03  2.295977e+03 
 1.961486e-01  5.696779e+02  1.061914e+03  1.462093e+03  2.250391e+03 
 1.988828e-01  5.562367e+02  1.038432e+03  1.431459e+03  2.207877e+03 
 2.016551e-01  5.439485e+02  1.018105e+03  1.405404e+03  2.171612e+03 
 2.044661e-01  5.308537e+02  9.958940e+02  1.376475e+03  2.130479e+03 
 2.073162e-01  5.162735e+02  9.691417e+02  1.339940e+03  2.075607e+03 
 2.102061e-01  5.016448e+02  9.422701e+02  1.303216e+03  2.020372e+03 
 2.131362e-01  4.911590e+02  9.274434e+02  1.286000e+03  1.998480e+03 
 2.161073e-01  4.812513e+02  9.137331e+02  1.270349e+03  1.978980e+03 
 2.191197e-01  4.684876e+02  8.920463e+02  1.242722e+03  1.942502e+03 
 2.221741e-01  4.558488e+02  8.699462e+02  1.214233e+03  1.904828e+03 
 2.252711e-01  4.446689e+02  8.510041e+02  1.190266e+03  1.873369e+03 
 2.284112e-01  4.346940e+02  8.344153e+02  1.169556e+03  1.846566e+03 
 2.315951e-01  4.261312e+02  8.193776e+02  1.149322e+03  1.815742e+03 
 2.348235e-01  4.185888e+02  8.058766e+02  1.130641e+03  1.785706e+03 
 2.380968e-01  4.096001e+02  7.883870e+02  1.106197e+03  1.748504e+03 
 2.414157e-01  4.005844e+02  7.705503e+02  1.081224e+03  1.710936e+03 
 2.447809e-01  3.916162e+02  7.535558e+02  1.058096e+03  1.676331e+03 
 2.481930e-01  3.828008e+02  7.369918e+02  1.035639e+03  1.642717e+03 
 2.516527e-01  3.775209e+02  7.285900e+02  1.024667e+03  1.626347e+03 
 2.551606e-01  3.708974e+02  7.171996e+02  1.009519e+03  1.604084e+03 
 2.587174e-01  3.607486e+02  6.977898e+02  9.831998e+02  1.566454e+03 
 2.623238e-01  3.521033e+02  6.824394e+02  9.629453e+02  1.537991e+03 
 2.659804e-01  3.452002e+02  6.716858e+02  9.495373e+02  1.519900e+03 
 2.696881e-01  3.360586e+02  6.555453e+02  9.281546e+02  1.488425e+03 
 2.734474e-01  3.263411e+02  6.379799e+02  9.046571e+02  1.453431e+03 
 2.772591e-01  3.190940e+02  6.264950e+02  8.907080e+02  1.436202e+03 
 2.811239e-01  3.115937e+02  6.138512e+02  8.750097e+02  1.417432e+03 
 2.850426e-01  3.037873e+02  5.997467e+02  8.571422e+02  1.397042e+03 
 2.890160e-01  2.968241e+02  5.881149e+02  8.422795e+02  1.375880e+03 
 2.930447e-01  2.904571e+02  5.772177e+02  8.276584e+02  1.352892e+03 
 2.971296e-01  2.843926e+02  5.650645e+02  8.092143e+02  1.321110e+03 
 3.012714e-01  2.789782e+02  5.558120e+02  7.970010e+02  1.303136e+03 
 3.054710e-01  2.736168e+02  5.470971e+02  7.863266e+02  1.289348e+03 
 3.097291e-01  2.670254e+02  5.351850e+02  7.709006e+02  1.268790e+03 
 3.140465e-01  2.609168e+02  5.230722e+02  7.535534e+02  1.240424e+03 
 3.184242e-01  2.553988e+02  5.123049e+02  7.381199e+02  1.215080e+03 
 3.228628e-01  2.510532e+02  5.054058e+02  7.297378e+02  1.205408e+03 
 3.273634e-01  2.448041e+02  4.931669e+02  7.123453e+02  1.177949e+03 
 3.319266e-01  2.383142e+02  4.809364e+02  6.956741e+02  1.153318e+03 
 3.365535e-01  2.322049e+02  4.704282e+02  6.824475e+02  1.136219e+03 
 3.412449e-01  2.280954e+02  4.652063e+02  6.762505e+02  1.126032e+03 
 3.460016e-01  2.235752e+02  4.579973e+02  6.670560e+02  1.113275e+03 
 3.508247e-01  2.191598e+02  4.502447e+02  6.567886e+02  1.098481e+03 
 3.557150e-01  2.149165e+02  4.424617e+02  6.462907e+02  1.082481e+03 
 3.606735e-01  2.100161e+02  4.338296e+02  6.350844e+02  1.066880e+03 
 3.657011e-01  2.041128e+02  4.227500e+02  6.201355e+02  1.046798e+03 
 3.707988e-01  1.993963e+02  4.138433e+02  6.081164e+02  1.029173e+03 
 3.759675e-01  1.950694e+02  4.056999e+02  5.970415e+02  1.012821e+03 
 3.812083e-01  1.905745e+02  3.976812e+02  5.862556e+02  9.973560e+02 
 3.865221e-01  1.867717e+02  3.922647e+02  5.798455e+02  9.859577e+02 
 3.919100e-01  1.828210e+02  3.831693e+02  5.663365e+02  9.685396e+02 
 3.973730e-01  1.784142e+02  3.760952e+02  5.575013e+02  9.541870e+02 
 4.029122e-01  1.749311e+02  3.706929e+02  5.498981e+02  9.399837e+02 
 4.085286e-01  1.713487e+02  3.631106e+02  5.392120e+02  9.251025e+02 
 4.142232e-01  1.670553e+02  3.545504e+02  5.281617e+02  9.118797e+02 
 4.199973e-01  1.629650e+02  3.476923e+02  5.195625e+02  8.991867e+02 
 4.258518e-01  1.597152e+02  3.417034e+02  5.110190e+02  8.842710e+02 
 4.317880e-01  1.562581e+02  3.348946e+02  5.010223e+02  8.693771e+02 
 4.378069e-01  1.532005e+02  3.288890e+02  4.924695e+02  8.551886e+02 
 4.439097e-01  1.506661e+02  3.250876e+02  4.880785e+02  8.516892e+02 
 4.500975e-01  1.466127e+02  3.176397e+02  4.779075e+02  8.368009e+02 
 4.563716e-01  1.431596e+02  3.106144e+02  4.676850e+02  8.184941e+02 
 4.627332e-01  1.410188e+02  3.078002e+02  4.647992e+02  8.158606e+02 
 4.691835e-01  1.374402e+02  3.007581e+02  4.546451e+02  7.988252e+02 
 4.757236e-01  1.348604e+02  2.957984e+02  4.479353e+02  7.886957e+02 
 4.823549e-01  1.313824e+02  2.887380e+02  4.381803e+02  7.759959e+02 
 4.890787e-01  1.286482e+02  2.835397e+02  4.311652e+02  7.649020e+02 
 4.958962e-01  1.266261e+02  2.795984e+02  4.249759e+02  7.535648e+02 
 5.028087e-01  1.238944e+02  2.749110e+02  4.186921e+02  7.445403e+02 
 5.098176e-01  1.216410e+02  2.708115e+02  4.126068e+02  7.323978e+02 
 5.169242e-01  1.195621e+02  2.669420e+02  4.075125e+02  7.255119e+02 
 5.241298e-01  1.157113e+02  2.605163e+02  3.997428e+02  7.161050e+02 
 5.314359e-01  1.137396e+02  2.574954e+02  3.955126e+02  7.093283e+02 
 5.388438e-01  1.113780e+02  2.521582e+02  3.876264e+02  6.976681e+02 
 5.463550e-01  1.094385e+02  2.483557e+02  3.819297e+02  6.883433e+02 
 5.539709e-01  1.065920e+02  2.434753e+02  3.757165e+02  6.785749e+02 
 5.616930e-01  1.047482e+02  2.399105e+02  3.706930e+02  6.709726e+02 
 5.695227e-01  1.027409e+02  2.367746e+02  3.667392e+02  6.619830e+02 
 5.774615e-01  1.004295e+02  2.314514e+02  3.589720e+02  6.512635e+02 
 5.855110e-01  9.867027e+01  2.281604e+02  3.538384e+02  6.427912e+02 
 5.936727e-01  9.642068e+01  2.229465e+02  3.467562e+02  6.322266e+02 
 6.019482e-01  9.484105e+01  2.205325e+02  3.427002e+02  6.248368e+02 
 6.103390e-01  9.264483e+01  2.168575e+02  3.378680e+02  6.158738e+02 
 6.188468e-01  9.062486e+01  2.137325e+02  3.353082e+02  6.139965e+02 
 6.274732e-01  8.915595e+01  2.098560e+02  3.287109e+02  6.038013e+02 
 6.362198e-01  8.743782e+01  2.068363e+02  3.241660e+02  5.949511e+02 
 6.450884e-01  8.543628e+01  2.033177e+02  3.192709e+02  5.863014e+02 
 6.540806e-01  8.368187e+01  1.991297e+02  3.130032e+02  5.776330e+02 
 6.631981e-01  8.189257e+01  1.964550e+02  3.100978e+02  5.720063e+02 
 6.724427e-01  8.036873e+01  1.931909e+02  3.056950e+02  5.667507e+02 
 6.818162e-01  7.869017e+01  1.898040e+02  2.996436e+02  5.560217e+02 
 6.913204e-01  7.704780e+01  1.865465e+02  2.954666e+02  5.487045e+02 
 7.009570e-01  7.597716e+01  1.838825e+02  2.916127e+02  5.419645e+02 
 7.107280e-01  7.409483e+01  1.810112e+02  2.874319e+02  5.337431e+02 
 7.206351e-01  7.297937e+01  1.783959e+02  2.840581e+02  5.296543e+02 
 7.306804e-01  7.155547e+01  1.757981e+02  2.796296e+02  5.205344e+02 
 7.408657e-01  7.000042e+01  1.725083e+02  2.749590e+02  5.143568e+02 
 7.511929e-01  6.855746e+01  1.695634e+02  2.712071e+02  5.074536e+02 
 7.616642e-01  6.724360e+01  1.666802e+02  2.671561e+02  5.015688e+02 
 7.722814e-01  6.641124e+01  1.650402e+02  2.642192e+02  4.943711e+02 
 7.830465e-01  6.503985e+01  1.620473e+02  2.600514e+02  4.881753e+02 
 7.939618e-01  6.387864e+01  1.600598e+02  2.568343e+02  4.837367e+02 
 8.050292e-01  6.250094e+01  1.573241e+02  2.536688e+02  4.776310e+02 
 8.162509e-01  6.146527e+01  1.551015e+02  2.495178e+02  4.697055e+02 
 8.276289e-01  6.000506e+01  1.522224e+02  2.457964e+02  4.640641e+02 
 8.391656e-01  5.930180e+01  1.504776e+02  2.425298e+02  4.593249e+02 
 8.508632e-01  5.822376e+01  1.480669e+02  2.393965e+02  4.532968e+02 
 8.627237e-01  5.699781e+01  1.458254e+02  2.359741e+02  4.464341e+02 
 8.747496e-01  5.597451e+01  1.435064e+02  2.327069e+02  4.407236e+02 
 8.869432e-01  5.504239e+01  1.415533e+02  2.296917e+02  4.353517e+02 
 8.993067e-01  5.397025e+01  1.394204e+02  2.263781e+02  4.293584e+02 
 9.118425e-01  5.314223e+01  1.371341e+02  2.227485e+02  4.220113e+02 
 9.245531e-01  5.202613e+01  1.349649e+02  2.194623e+02  4.177368e+02 
 9.374409e-01  5.106620e+01  1.330317e+02  2.168312e+02  4.122305e+02 
 9.505083e-01  5.025517e+01  1.310427e+02  2.138235e+02  4.067554e+02 
 9.637579e-01  4.920684e+01  1.286487e+02  2.102997e+02  4.010951e+02 
 9.771921e-01  4.861577e+01  1.279308e+02  2.082719e+02  3.959344e+02 
 9.908137e-01  4.771145e+01  1.256584e+02  2.051829e+02  3.910391e+02 
 1.004625e+00  4.680674e+01  1.234542e+02  2.017945e+02  3.847311e+02 
 1.018629e+00  4.605471e+01  1.218460e+02  1.990872e+02  3.794145e+02 
 1.032828e+00  4.520314e+01  1.200568e+02  1.967162e+02  3.756599e+02 
 1.047225e+00  4.436135e+01  1.184098e+02  1.936857e+02  3.694012e+02 
 1.061823e+00  4.370835e+01  1.168794e+02  1.911613e+02  3.642950e+02 
 1.076624e+00  4.291451e+01  1.151195e+02  1.884618e+02  3.590213e+02 
 1.091632e+00  4.219731e+01  1.133811e+02  1.858655e+02  3.537766e+02 
 1.106848e+00  4.142176e+01  1.115198e+02  1.832090e+02  3.492179e+02 
 1.122277e+00  4.071986e+01  1.100236e+02  1.803274e+02  3.436726e+02 
 1.137921e+00  4.000856e+01  1.082407e+02  1.777578e+02  3.388063e+02 
 1.153783e+00  3.938552e+01  1.066448e+02  1.751907e+02  3.341485e+02 
 1.169866e+00  3.869951e+01  1.051235e+02  1.726663e+02  3.296501e+02 
 1.186174e+00  3.801913e+01  1.036766e+02  1.702189e+02  3.245607e+02 
 1.202708e+00  3.743166e+01  1.021464e+02  1.678048e+02  3.198020e+02 
 1.219473e+00  3.682057e+01  1.007097e+02  1.655012e+02  3.147013e+02 
 1.236472e+00  3.618433e+01  9.928602e+01  1.632328e+02  3.102934e+02 
 1.253708e+00  3.561664e+01  9.773265e+01  1.606385e+02  3.060016e+02 
 1.271184e+00  3.503979e+01  9.668251e+01  1.587357e+02  3.012752e+02 
 1.288904e+00  3.445803e+01  9.489270e+01  1.561370e+02  2.971754e+02 
 1.306870e+00  3.384291e+01  9.351781e+01  1.537966e+02  2.923279e+02 
 1.325087e+00  3.334492e+01  9.220121e+01  1.515889e+02  2.876250e+02 
 1.343558e+00  3.280175e+01  9.080396e+01  1.493162e+02  2.831194e+02 
 1.362287e+00  3.230648e+01  8.938142e+01  1.468817e+02  2.787815e+02 
 1.381276e+00  3.177803e+01  8.804626e+01  1.444308e+02  2.744011e+02 
 1.400531e+00  3.127071e+01  8.675414e+01  1.423334e+02  2.696928e+02 
 1.420053e+00  3.073703e+01  8.537240e+01  1.402250e+02  2.652674e+02 
 1.439848e+00  3.025806e+01  8.413746e+01  1.379366e+02  2.610855e+02 
 1.459919e+00  2.972959e+01  8.283284e+01  1.357410e+02  2.565406e+02 
 1.480269e+00  2.931326e+01  8.143427e+01  1.334965e+02  2.519107e+02 
 1.500903e+00  2.883029e+01  8.022526e+01  1.313257e+02  2.481921e+02 
 1.521825e+00  2.836601e+01  7.909952e+01  1.293660e+02  2.439418e+02 
 1.543038e+00  2.789992e+01  7.786416e+01  1.274181e+02  2.400189e+02 
 1.564548e+00  2.749356e+01  7.665859e+01  1.253125e+02  2.357609e+02 
 1.586357e+00  2.705870e+01  7.554181e+01  1.233201e+02  2.316919e+02 
 1.608469e+00  2.660690e+01  7.439008e+01  1.213306e+02  2.279573e+02 
 1.630891e+00  2.625873e+01  7.308947e+01  1.191153e+02  2.236329e+02 
 1.653624e+00  2.580951e+01  7.193541e+01  1.173021e+02  2.200713e+02 
 1.676675e+00  2.540308e+01  7.090773e+01  1.154141e+02  2.159382e+02 
 1.700047e+00  2.498928e+01  6.977876e+01  1.134363e+02  2.121780e+02 
 1.723745e+00  2.460336e+01  6.862198e+01  1.114846e+02  2.080596e+02 
 1.747773e+00  2.418893e+01  6.747642e+01  1.095386e+02  2.042168e+02 
 1.772136e+00  2.381325e+01  6.636452e+01  1.076039e+02  2.006572e+02 
 1.796838e+00  2.344929e+01  6.527314e+01  1.057498e+02  1.968559e+02 
 1.821885e+00  2.309254e+01  6.417724e+01  1.038474e+02  1.932867e+02 
 1.847281e+00  2.272613e+01  6.320975e+01  1.021183e+02  1.896584e+02 
 1.873032e+00  2.237267e+01  6.207502e+01  1.001653e+02  1.861535e+02 
 1.899141e+00  2.200678e+01  6.100120e+01  9.842647e+01  1.826447e+02 
 1.925614e+00  2.167684e+01  6.001259e+01  9.667892e+01  1.790869e+02 
 1.952456e+00  2.139549e+01  5.904422e+01  9.495679e+01  1.756450e+02 
 1.979672e+00  2.101459e+01  5.807397e+01  9.325471e+01  1.722854e+02 
 2.007267e+00  2.071129e+01  5.705070e+01  9.145092e+01  1.690597e+02 
 2.035248e+00  2.035967e+01  5.603624e+01  8.972932e+01  1.656379e+02 
 2.063618e+00  2.003573e+01  5.503486e+01  8.806498e+01  1.623217e+02 
 2.092383e+00  1.972225e+01  5.406566e+01  8.637246e+01  1.591286e+02 
 2.121550e+00  1.939813e+01  5.307799e+01  8.470518e+01  1.558646e+02 
 2.151123e+00  1.909245e+01  5.212911e+01  8.302826e+01  1.526338e+02 
 2.181109e+00  1.878283e+01  5.116275e+01  8.144097e+01  1.495838e+02 
 2.211512e+00  1.847916e+01  5.019793e+01  7.978844e+01  1.463756e+02 
 2.242340e+00  1.818770e+01  4.930192e+01  7.823605e+01  1.433794e+02 
 2.273597e+00  1.787364e+01  4.837764e+01  7.660561e+01  1.403597e+02 
 2.305289e+00  1.760306e+01  4.746601e+01  7.510763e+01  1.374411e+02 
 2.337424e+00  1.731628e+01  4.655295e+01  7.357430e+01  1.345613e+02 
 2.370006e+00  1.702982e+01  4.567525e+01  7.210618e+01  1.318139e+02 
 2.403043e+00  1.673944e+01  4.480963e+01  7.059227e+01  1.289702e+02 
 2.436540e+00  1.647597e+01  4.396357e+01  6.915688e+01  1.262119e+02 
 2.470504e+00  1.620635e+01  4.312923e+01  6.771159e+01  1.234954e+02 
 2.504942e+00  1.593950e+01  4.231364e+01  6.633042e+01  1.208737e+02 
 2.539859e+00  1.568694e+01  4.147021e+01  6.491280e+01  1.182093e+02 
 2.575263e+00  1.541220e+01  4.063856e+01  6.359880e+01  1.156710e+02 
 2.611161e+00  1.516362e+01  3.982520e+01  6.219188e+01  1.131250e+02 
 2.647559e+00  1.490823e+01  3.901276e+01  6.082242e+01  1.105699e+02 
 2.684465e+00  1.465396e+01  3.824466e+01  5.949106e+01  1.080928e+02 
 2.721885e+00  1.439251e+01  3.742639e+01  5.820121e+01  1.056621e+02 
 2.759826e+00  1.414363e+01  3.663464e+01  5.689789e+01  1.032626e+02 
 2.798297e+00  1.389844e+01  3.588480e+01  5.564721e+01  1.009740e+02 
 2.837304e+00  1.365765e+01  3.512542e+01  5.440157e+01  9.867025e+01 
 2.876854e+00  1.341658e+01  3.437323e+01  5.318041e+01  9.642751e+01 
 2.916956e+00  1.318230e+01  3.365669e+01  5.198125e+01  9.418756e+01 
 2.957617e+00  1.295438e+01  3.294845e+01  5.082664e+01  9.205834e+01 
 2.998844e+00  1.272370e+01  3.225235e+01  4.967354e+01  8.993125e+01 
 3.040646e+00  1.249922e+01  3.155548e+01  4.854759e+01  8.791810e+01 
 3.083031e+00  1.227712e+01  3.087286e+01  4.744560e+01  8.590090e+01 
 3.126007e+00  1.206330e+01  3.021467e+01  4.635975e+01  8.389465e+01 
 3.169582e+00  1.184455e+01  2.953691e+01  4.527730e+01  8.195465e+01 
 3.213764e+00  1.162930e+01  2.888735e+01  4.422381e+01  8.003706e+01 
 3.258562e+00  1.141145e+01  2.825420e+01  4.318525e+01  7.815223e+01 
 3.303985e+00  1.119850e+01  2.760623e+01  4.216755e+01  7.630560e+01 
 3.350041e+00  1.099068e+01  2.697236e+01  4.115486e+01  7.447110e+01 
 3.396739e+00  1.077773e+01  2.636037e+01  4.017923e+01  7.268185e+01 
 3.444087e+00  1.057657e+01  2.574218e+01  3.919850e+01  7.092604e+01 
 3.492096e+00  1.037449e+01  2.515257e+01  3.826697e+01  6.924198e+01 
 3.540774e+00  1.017077e+01  2.457637e+01  3.734810e+01  6.757022e+01 
 3.590130e+00  9.976727e+00  2.399917e+01  3.643613e+01  6.595653e+01 
 3.640175e+00  9.786680e+00  2.344125e+01  3.556534e+01  6.436159e+01 
 3.690917e+00  9.593184e+00  2.290093e+01  3.469349e+01  6.281252e+01 
 3.742366e+00  9.406226e+00  2.235507e+01  3.385528e+01  6.131984e+01 
 3.794533e+00  9.224137e+00  2.184020e+01  3.303772e+01  5.983250e+01 
 3.847427e+00  9.043180e+00  2.131930e+01  3.223462e+01  5.840593e+01 
 3.901058e+00  8.859855e+00  2.082053e+01  3.145042e+01  5.698382e+01 
 3.955436e+00  8.687364e+00  2.032150e+01  3.066712e+01  5.558921e+01 
 4.010573e+00  8.508238e+00  1.983085e+01  2.991563e+01  5.423613e+01 
 4.066478e+00  8.334345e+00  1.934834e+01  2.916498e+01  5.288913e+01 
 4.123163e+00  8.160739e+00  1.887995e+01  2.843245e+01  5.157513e+01 
 4.180637e+00  7.992157e+00  1.841797e+01  2.771843e+01  5.028395e+01 
 4.238913e+00  7.824261e+00  1.795981e+01  2.701641e+01  4.903796e+01 
 4.298001e+00  7.655981e+00  1.751568e+01  2.633556e+01  4.780656e+01 
 4.357913e+00  7.497778e+00  1.708162e+01  2.567039e+01  4.662009e+01 
 4.418660e+00  7.337245e+00  1.666146e+01  2.501956e+01  4.546040e+01 
 4.480254e+00  7.179229e+00  1.624731e+01  2.438582e+01  4.432524e+01 
 4.542706e+00  7.027163e+00  1.584086e+01  2.376608e+01  4.321642e+01 
 4.606029e+00  6.876002e+00  1.545238e+01  2.316921e+01  4.214861e+01 
 4.670234e+00  6.727981e+00  1.506916e+01  2.258999e+01  4.110639e+01 
 4.735335e+00  6.583044e+00  1.469683e+01  2.201987e+01  4.008174e+01 
 4.801343e+00  6.442648e+00  1.433505e+01  2.146585e+01  3.908026e+01 
 4.868271e+00  6.302471e+00  1.397707e+01  2.092109e+01  3.810251e+01 
 4.936132e+00  6.164181e+00  1.362558e+01  2.038975e+01  3.714557e+01 
 5.004939e+00  6.027453e+00  1.328322e+01  1.986752e+01  3.620418e+01 
 5.074705e+00  5.891597e+00  1.294552e+01  1.935488e+01  3.528640e+01 
 5.145444e+00  5.759672e+00  1.261654e+01  1.885525e+01  3.438946e+01 
 5.217169e+00  5.628259e+00  1.229290e+01  1.836576e+01  3.350185e+01 
 5.289893e+00  5.501653e+00  1.197946e+01  1.789412e+01  3.264591e+01 
 5.363631e+00  5.374963e+00  1.167281e+01  1.742650e+01  3.180853e+01 
 5.438397e+00  5.252568e+00  1.137351e+01  1.697543e+01  3.099011e+01 
 5.514206e+00  5.131974e+00  1.108259e+01  1.653680e+01  3.019721e+01 
 5.591071e+00  5.013193e+00  1.080085e+01  1.610834e+01  2.942550e+01 
 5.669007e+00  4.899669e+00  1.052474e+01  1.569536e+01  2.867534e+01 
 5.748030e+00  4.787225e+00  1.025800e+01  1.529123e+01  2.794164e+01 
 5.828155e+00  4.677575e+00  9.998269e+00  1.490001e+01  2.723024e+01 
 5.909396e+00  4.570488e+00  9.744876e+00  1.451830e+01  2.653988e+01 
 5.991770e+00  4.465202e+00  9.497200e+00  1.414595e+01  2.586387e+01 
 6.075292e+00  4.362534e+00  9.257081e+00  1.378343e+01  2.520306e+01 
 6.159978e+00  4.261153e+00  9.021393e+00  1.342854e+01  2.455724e+01 
 6.245845e+00  4.161469e+00  8.790653e+00  1.308114e+01  2.392293e+01 
 6.332908e+00  4.063146e+00  8.563509e+00  1.274004e+01  2.330091e+01 
 6.421186e+00  3.967546e+00  8.342887e+00  1.240663e+01  2.269336e+01 
 6.510694e+00  3.873038e+00  8.126838e+00  1.208305e+01  2.210093e+01 
 6.601449e+00  3.781323e+00  7.917236e+00  1.176697e+01  2.152434e+01 
 6.693470e+00  3.691142e+00  7.711815e+00  1.145806e+01  2.096039e+01 
 6.786773e+00  3.603108e+00  7.513156e+00  1.115815e+01  2.041266e+01 
 6.881377e+00  3.517810e+00  7.319621e+00  1.086738e+01  1.987845e+01 
 6.977300e+00  3.434448e+00  7.132299e+00  1.058579e+01  1.936138e+01 
 7.074559e+00  3.353512e+00  6.949606e+00  1.031037e+01  1.885737e+01 
 7.173175e+00  3.274257e+00  6.772731e+00  1.004413e+01  1.836911e+01 
 7.273165e+00  3.197472e+00  6.601099e+00  9.785955e+00  1.789306e+01 
 7.374549e+00  3.122418e+00  6.433481e+00  9.533401e+00  1.743096e+01 
 7.477346e+00  3.048957e+00  6.271242e+00  9.289537e+00  1.698070e+01 
 7.581576e+00  2.977678e+00  6.111650e+00  9.049865e+00  1.654032e+01 
 7.687260e+00  2.907445e+00  5.956372e+00  8.815866e+00  1.611048e+01 
 7.794416e+00  2.838519e+00  5.804323e+00  8.585893e+00  1.568852e+01 
 7.903066e+00  2.771076e+00  5.655182e+00  8.361104e+00  1.527468e+01 
 8.013230e+00  2.705087e+00  5.510523e+00  8.143485e+00  1.487178e+01 
 8.124930e+00  2.640346e+00  5.368950e+00  7.929862e+00  1.447790e+01 
 8.238187e+00  2.577452e+00  5.230553e+00  7.721432e+00  1.409462e+01 
 8.353023e+00  2.515972e+00  5.096302e+00  7.519341e+00  1.372097e+01 
 8.469460e+00  2.456246e+00  4.965506e+00  7.322501e+00  1.335780e+01 
 8.587519e+00  2.398115e+00  4.838518e+00  7.131334e+00  1.300503e+01 
 8.707225e+00  2.341560e+00  4.714962e+00  6.945898e+00  1.266209e+01 
 8.828599e+00  2.286664e+00  4.595907e+00  6.765646e+00  1.232860e+01 
 8.951665e+00  2.233191e+00  4.480216e+00  6.590870e+00  1.200559e+01 
 9.076446e+00  2.181313e+00  4.367744e+00  6.421862e+00  1.169213e+01 
 9.202967e+00  2.130862e+00  4.257985e+00  6.256837e+00  1.138640e+01 
 9.331251e+00  2.081661e+00  4.151261e+00  6.095834e+00  1.108913e+01 
 9.461324e+00  0.000000e+00  0.000000e+00  0.000000e+00  0.000000e+00 
 9.593209e+00  0.000000e+00  0.000000e+00  0.000000e+00  0.000000e+00 
 9.726934e+00  0.000000e+00  0.000000e+00  0.000000e+00  0.000000e+00 
 9.862522e+00  0.000000e+00  0.000000e+00  0.000000e+00  0.000000e+00 
 1.000000e+01  0.000000e+00  0.000000e+00  0.000000e+00  0.000000e+00 
