 1.000000e-02  5.902490e+03  1.073073e+04  1.448099e+04  2.149323e+04 
 1.013939e-02  5.934248e+03  1.078832e+04  1.455866e+04  2.160818e+04 
 1.028073e-02  5.965473e+03  1.084495e+04  1.463502e+04  2.172110e+04 
 1.042404e-02  5.996157e+03  1.090069e+04  1.471003e+04  2.183204e+04 
 1.056935e-02  6.026286e+03  1.095541e+04  1.478368e+04  2.194099e+04 
 1.071668e-02  6.055808e+03  1.100894e+04  1.485584e+04  2.204767e+04 
 1.086606e-02  6.084713e+03  1.106128e+04  1.492641e+04  2.215206e+04 
 1.101753e-02  6.112994e+03  1.111254e+04  1.499551e+04  2.225431e+04 
 1.117111e-02  6.140611e+03  1.116264e+04  1.506297e+04  2.235418e+04 
 1.132683e-02  6.167537e+03  1.121152e+04  1.512868e+04  2.245142e+04 
 1.148472e-02  6.193758e+03  1.125906e+04  1.519265e+04  2.254597e+04 
 1.164481e-02  6.219258e+03  1.130526e+04  1.525485e+04  2.263779e+04 
 1.180713e-02  6.244016e+03  1.135012e+04  1.531523e+04  2.272692e+04 
 1.197171e-02  6.268007e+03  1.139358e+04  1.537378e+04  2.281329e+04 
 1.213859e-02  6.291197e+03  1.143562e+04  1.543037e+04  2.289681e+04 
 1.230780e-02  6.313560e+03  1.147611e+04  1.548487e+04  2.297731e+04 
 1.247936e-02  6.335068e+03  1.151506e+04  1.553729e+04  2.305469e+04 
 1.265332e-02  6.355708e+03  1.155242e+04  1.558758e+04  2.312886e+04 
 1.282970e-02  6.375453e+03  1.158816e+04  1.563566e+04  2.319971e+04 
 1.300854e-02  6.394284e+03  1.162221e+04  1.568147e+04  2.326711e+04 
 1.318987e-02  6.412165e+03  1.165455e+04  1.572494e+04  2.333099e+04 
 1.337373e-02  6.429072e+03  1.168511e+04  1.576600e+04  2.339142e+04 
 1.356015e-02  6.444979e+03  1.171385e+04  1.580461e+04  2.344835e+04 
 1.374917e-02  6.459868e+03  1.174075e+04  1.584072e+04  2.350155e+04 
 1.394083e-02  6.473709e+03  1.176573e+04  1.587417e+04  2.355084e+04 
 1.413516e-02  6.486497e+03  1.178877e+04  1.590496e+04  2.359603e+04 
 1.433219e-02  6.498185e+03  1.180984e+04  1.593310e+04  2.363719e+04 
 1.453198e-02  6.508758e+03  1.182883e+04  1.595859e+04  2.367441e+04 
 1.473454e-02  6.518184e+03  1.184576e+04  1.598133e+04  2.370751e+04 
 1.493993e-02  6.526431e+03  1.186055e+04  1.600113e+04  2.373625e+04 
 1.514819e-02  6.533448e+03  1.187315e+04  1.601797e+04  2.376065e+04 
 1.535935e-02  6.539250e+03  1.188353e+04  1.603180e+04  2.378065e+04 
 1.557345e-02  6.543810e+03  1.189165e+04  1.604255e+04  2.379610e+04 
 1.579053e-02  6.547110e+03  1.189747e+04  1.605020e+04  2.380697e+04 
 1.601064e-02  6.549126e+03  1.190093e+04  1.605467e+04  2.381318e+04 
 1.623382e-02  6.549833e+03  1.190203e+04  1.605590e+04  2.381457e+04 
 1.646012e-02  6.549192e+03  1.190067e+04  1.605387e+04  2.381107e+04 
 1.668956e-02  6.547184e+03  1.189683e+04  1.604849e+04  2.380260e+04 
 1.692220e-02  6.543790e+03  1.189048e+04  1.603972e+04  2.378905e+04 
 1.715809e-02  6.539032e+03  1.188163e+04  1.602760e+04  2.377054e+04 
 1.739726e-02  6.532871e+03  1.187024e+04  1.601202e+04  2.374692e+04 
 1.763977e-02  6.525245e+03  1.185621e+04  1.599286e+04  2.371792e+04 
 1.788566e-02  6.516152e+03  1.183948e+04  1.597007e+04  2.368351e+04 
 1.813498e-02  6.505599e+03  1.182009e+04  1.594369e+04  2.364375e+04 
 1.838777e-02  6.493554e+03  1.179800e+04  1.591368e+04  2.359859e+04 
 1.864409e-02  6.480007e+03  1.177314e+04  1.587995e+04  2.354793e+04 
 1.890397e-02  6.464945e+03  1.174556e+04  1.584251e+04  2.349184e+04 
 1.916748e-02  6.448354e+03  1.171519e+04  1.580132e+04  2.343018e+04 
 1.943467e-02  6.430225e+03  1.168202e+04  1.575636e+04  2.336283e+04 
 1.970558e-02  6.410539e+03  1.164606e+04  1.570758e+04  2.328978e+04 
 1.998026e-02  6.389299e+03  1.160726e+04  1.565497e+04  2.321114e+04 
 2.025878e-02  6.366503e+03  1.156559e+04  1.559855e+04  2.312693e+04 
 2.054117e-02  6.342135e+03  1.152104e+04  1.553824e+04  2.303701e+04 
 2.082751e-02  6.316183e+03  1.147367e+04  1.547408e+04  2.294128e+04 
 2.111783e-02  6.288656e+03  1.142344e+04  1.540606e+04  2.283976e+04 
 2.141220e-02  6.259657e+03  1.137047e+04  1.533435e+04  2.273254e+04 
 2.171068e-02  6.229768e+03  1.131565e+04  1.525990e+04  2.262068e+04 
 2.201331e-02  6.198309e+03  1.125799e+04  1.518162e+04  2.250322e+04 
 2.232016e-02  6.165266e+03  1.119746e+04  1.509946e+04  2.238016e+04 
 2.263130e-02  6.130667e+03  1.113410e+04  1.501349e+04  2.225148e+04 
 2.294676e-02  6.094546e+03  1.106795e+04  1.492376e+04  2.211715e+04 
 2.326663e-02  6.056919e+03  1.099906e+04  1.483034e+04  2.197714e+04 
 2.359095e-02  6.017786e+03  1.092742e+04  1.473321e+04  2.183165e+04 
 2.391980e-02  5.977113e+03  1.085302e+04  1.463233e+04  2.168072e+04 
 2.425323e-02  5.934941e+03  1.077591e+04  1.452780e+04  2.152442e+04 
 2.459130e-02  5.891349e+03  1.069621e+04  1.441978e+04  2.136295e+04 
 2.493409e-02  5.846353e+03  1.061397e+04  1.430835e+04  2.119637e+04 
 2.528166e-02  5.799954e+03  1.052916e+04  1.419347e+04  2.102468e+04 
 2.563407e-02  5.752184e+03  1.044186e+04  1.407521e+04  2.084802e+04 
 2.599140e-02  5.703084e+03  1.035216e+04  1.395369e+04  2.066653e+04 
 2.635371e-02  5.652697e+03  1.026011e+04  1.382903e+04  2.048041e+04 
 2.672106e-02  5.601068e+03  1.016578e+04  1.370133e+04  2.028976e+04 
 2.709354e-02  5.548217e+03  1.006928e+04  1.357068e+04  2.009472e+04 
 2.747121e-02  5.494199e+03  9.970653e+03  1.343714e+04  1.989548e+04 
 2.785414e-02  5.439000e+03  9.869911e+03  1.330081e+04  1.969213e+04 
 2.824241e-02  5.382431e+03  9.766797e+03  1.316140e+04  1.948459e+04 
 2.863610e-02  5.324855e+03  9.661868e+03  1.301957e+04  1.927345e+04 
 2.903527e-02  5.266336e+03  9.555226e+03  1.287543e+04  1.905889e+04 
 2.944000e-02  5.206934e+03  9.446991e+03  1.272915e+04  1.884116e+04 
 2.985038e-02  5.146711e+03  9.337283e+03  1.258085e+04  1.862048e+04 
 3.026648e-02  5.085735e+03  9.226215e+03  1.243073e+04  1.839711e+04 
 3.068838e-02  5.024085e+03  9.113908e+03  1.227897e+04  1.817129e+04 
 3.111616e-02  4.961821e+03  9.000502e+03  1.212572e+04  1.794333e+04 
 3.154990e-02  4.899030e+03  8.886127e+03  1.197120e+04  1.771347e+04 
 3.198969e-02  4.835785e+03  8.770934e+03  1.181557e+04  1.748198e+04 
 3.243561e-02  4.772162e+03  8.655074e+03  1.165902e+04  1.724917e+04 
 3.288774e-02  4.708232e+03  8.538658e+03  1.150174e+04  1.701528e+04 
 3.334618e-02  4.644075e+03  8.421839e+03  1.134389e+04  1.678063e+04 
 3.381101e-02  4.579771e+03  8.304756e+03  1.118574e+04  1.654550e+04 
 3.428231e-02  4.515421e+03  8.187598e+03  1.102747e+04  1.631023e+04 
 3.476019e-02  4.450952e+03  8.070598e+03  1.086980e+04  1.607690e+04 
 3.524473e-02  4.386606e+03  7.953807e+03  1.071244e+04  1.584408e+04 
 3.573602e-02  4.322462e+03  7.837390e+03  1.055558e+04  1.561203e+04 
 3.623416e-02  4.258609e+03  7.721508e+03  1.039943e+04  1.538102e+04 
 3.673925e-02  4.195134e+03  7.606306e+03  1.024419e+04  1.515139e+04 
 3.725137e-02  4.132124e+03  7.491938e+03  1.009009e+04  1.492341e+04 
 3.777064e-02  4.069659e+03  7.378566e+03  9.937309e+03  1.469742e+04 
 3.829714e-02  4.007829e+03  7.266335e+03  9.786107e+03  1.447374e+04 
 3.883098e-02  3.946713e+03  7.155408e+03  9.636648e+03  1.425265e+04 
 3.937226e-02  3.886389e+03  7.045928e+03  9.489134e+03  1.403442e+04 
 3.992109e-02  3.826938e+03  6.938034e+03  9.343746e+03  1.381936e+04 
 4.047757e-02  3.768429e+03  6.831800e+03  9.200590e+03  1.360746e+04 
 4.104181e-02  3.710769e+03  6.726534e+03  9.058096e+03  1.339479e+04 
 4.161391e-02  3.654196e+03  6.623262e+03  8.918285e+03  1.318611e+04 
 4.219398e-02  3.598765e+03  6.522094e+03  8.781323e+03  1.298169e+04 
 4.278214e-02  3.544545e+03  6.423128e+03  8.647335e+03  1.278172e+04 
 4.337850e-02  3.491602e+03  6.326467e+03  8.516463e+03  1.258640e+04 
 4.398317e-02  3.439988e+03  6.232198e+03  8.388851e+03  1.239591e+04 
 4.459628e-02  3.389734e+03  6.140418e+03  8.264595e+03  1.221040e+04 
 4.521792e-02  3.340881e+03  6.051224e+03  8.143810e+03  1.203002e+04 
 4.584824e-02  3.293464e+03  5.964647e+03  8.026578e+03  1.185492e+04 
 4.648734e-02  3.247531e+03  5.880747e+03  7.912953e+03  1.168520e+04 
 4.713535e-02  3.203177e+03  5.800452e+03  7.804970e+03  1.152592e+04 
 4.779239e-02  3.160381e+03  5.723420e+03  7.701833e+03  1.137504e+04 
 4.845859e-02  3.119084e+03  5.649119e+03  7.602362e+03  1.122954e+04 
 4.913407e-02  3.079297e+03  5.577548e+03  7.506555e+03  1.108945e+04 
 4.981898e-02  3.041011e+03  5.508688e+03  7.414394e+03  1.095474e+04 
 5.051342e-02  3.004206e+03  5.442510e+03  7.325835e+03  1.082535e+04 
 5.121755e-02  2.968861e+03  5.378954e+03  7.240812e+03  1.070118e+04 
 5.193150e-02  2.934932e+03  5.317967e+03  7.159240e+03  1.058207e+04 
 5.265540e-02  2.902380e+03  5.259473e+03  7.081014e+03  1.046791e+04 
 5.338938e-02  2.870913e+03  5.202492e+03  7.004365e+03  1.035480e+04 
 5.413360e-02  2.840439e+03  5.146767e+03  6.928831e+03  1.024184e+04 
 5.488820e-02  2.811184e+03  5.093258e+03  6.856289e+03  1.013330e+04 
 5.565331e-02  2.783029e+03  5.041752e+03  6.786440e+03  1.002876e+04 
 5.642908e-02  2.755830e+03  4.991977e+03  6.718932e+03  9.927681e+03 
 5.721568e-02  2.729541e+03  4.943846e+03  6.653640e+03  9.829887e+03 
 5.801323e-02  2.704266e+03  4.897561e+03  6.590829e+03  9.735790e+03 
 5.882190e-02  2.680064e+03  4.853216e+03  6.530638e+03  9.645549e+03 
 5.964185e-02  2.656809e+03  4.810890e+03  6.473464e+03  9.560574e+03 
 6.047322e-02  2.634385e+03  4.770887e+03  6.420261e+03  9.483735e+03 
 6.131619e-02  2.611961e+03  4.730876e+03  6.367040e+03  9.406882e+03 
 6.217090e-02  2.589369e+03  4.690571e+03  6.313409e+03  9.329403e+03 
 6.303753e-02  2.566620e+03  4.649982e+03  6.259385e+03  9.251347e+03 
 6.391624e-02  2.543727e+03  4.609126e+03  6.205016e+03  9.172761e+03 
 6.480720e-02  2.520615e+03  4.567855e+03  6.150098e+03  9.093339e+03 
 6.571058e-02  2.497085e+03  4.525819e+03  6.094154e+03  9.012395e+03 
 6.662655e-02  2.471740e+03  4.478572e+03  6.029177e+03  8.912539e+03 
 6.755528e-02  2.445563e+03  4.429761e+03  5.962034e+03  8.809352e+03 
 6.849697e-02  2.418466e+03  4.379296e+03  5.892676e+03  8.702920e+03 
 6.945178e-02  2.390327e+03  4.326965e+03  5.820802e+03  8.592793e+03 
 7.041990e-02  2.361030e+03  4.272551e+03  5.746144e+03  8.478585e+03 
 7.140151e-02  2.330471e+03  4.215872e+03  5.668449e+03  8.359939e+03 
 7.239681e-02  2.298854e+03  4.157572e+03  5.588948e+03  8.239780e+03 
 7.340598e-02  2.266162e+03  4.097690e+03  5.507745e+03  8.118509e+03 
 7.442922e-02  2.231971e+03  4.035109e+03  5.422937e+03  7.991924e+03 
 7.546673e-02  2.196243e+03  3.969762e+03  5.334419e+03  7.859888e+03 
 7.651869e-02  2.158974e+03  3.901651e+03  5.242189e+03  7.722413e+03 
 7.758532e-02  2.120183e+03  3.830804e+03  5.146297e+03  7.579565e+03 
 7.866682e-02  2.080756e+03  3.759946e+03  5.051511e+03  7.441208e+03 
 7.976339e-02  2.041288e+03  3.690834e+03  4.960870e+03  7.313519e+03 
 8.087525e-02  2.000457e+03  3.619170e+03  4.866744e+03  7.180556e+03 
 8.200261e-02  1.958383e+03  3.545181e+03  4.769418e+03  7.042720e+03 
 8.314568e-02  1.915204e+03  3.469134e+03  4.669259e+03  6.900470e+03 
 8.430468e-02  1.871093e+03  3.391333e+03  4.566662e+03  6.754412e+03 
 8.547985e-02  1.825619e+03  3.309947e+03  4.458174e+03  6.597032e+03 
 8.667139e-02  1.779362e+03  3.226604e+03  4.346545e+03  6.433761e+03 
 8.787954e-02  1.732869e+03  3.142794e+03  4.234263e+03  6.269463e+03 
 8.910453e-02  1.686387e+03  3.058973e+03  4.121929e+03  6.105053e+03 
 9.034660e-02  1.640162e+03  2.975602e+03  4.010164e+03  5.941416e+03 
 9.160598e-02  1.595201e+03  2.895534e+03  3.903800e+03  5.787970e+03 
 9.288292e-02  1.551659e+03  2.818924e+03  3.802902e+03  5.644516e+03 
 9.417766e-02  1.509090e+03  2.743976e+03  3.704123e+03  5.503948e+03 
 9.549045e-02  1.467742e+03  2.671127e+03  3.608077e+03  5.367203e+03 
 9.682153e-02  1.427841e+03  2.600800e+03  3.515336e+03  5.235120e+03 
 9.817117e-02  1.389926e+03  2.534471e+03  3.428352e+03  5.112378e+03 
 9.953962e-02  1.353970e+03  2.471768e+03  3.346332e+03  4.997128e+03 
 1.009272e-01  1.320015e+03  2.412593e+03  3.268980e+03  4.888550e+03 
 1.023340e-01  1.288181e+03  2.357201e+03  3.196630e+03  4.787157e+03 
 1.037605e-01  1.257952e+03  2.303904e+03  3.126334e+03  4.687027e+03 
 1.052069e-01  1.227701e+03  2.247708e+03  3.049519e+03  4.571258e+03 
 1.066734e-01  1.199874e+03  2.195968e+03  2.978783e+03  4.464653e+03 
 1.081604e-01  1.174430e+03  2.148610e+03  2.914022e+03  4.367019e+03 
 1.096681e-01  1.151312e+03  2.105533e+03  2.855082e+03  4.278101e+03 
 1.111968e-01  1.130473e+03  2.066788e+03  2.801959e+03  4.197314e+03 
 1.127468e-01  1.111716e+03  2.031883e+03  2.754049e+03  4.124307e+03 
 1.143184e-01  1.094839e+03  2.000428e+03  2.710861e+03  4.058350e+03 
 1.159120e-01  1.079649e+03  1.972051e+03  2.671856e+03  3.998684e+03 
 1.175277e-01  1.066455e+03  1.947810e+03  2.638804e+03  3.948483e+03 
 1.191660e-01  1.054439e+03  1.925775e+03  2.608771e+03  3.902867e+03 
 1.208271e-01  1.043241e+03  1.905259e+03  2.580793e+03  3.860325e+03 
 1.225114e-01  1.032492e+03  1.885520e+03  2.553835e+03  3.819270e+03 
 1.242191e-01  1.021347e+03  1.864558e+03  2.524961e+03  3.775243e+03 
 1.259506e-01  1.010050e+03  1.843316e+03  2.495701e+03  3.730669e+03 
 1.277063e-01  9.982546e+02  1.821165e+03  2.465223e+03  3.684297e+03 
 1.294865e-01  9.859700e+02  1.798298e+03  2.433833e+03  3.636361e+03 
 1.312915e-01  9.729807e+02  1.774350e+03  2.401042e+03  3.586073e+03 
 1.331216e-01  9.586691e+02  1.748003e+03  2.365003e+03  3.530931e+03 
 1.349772e-01  9.428873e+02  1.719022e+03  2.325442e+03  3.470690e+03 
 1.368587e-01  9.266945e+02  1.691157e+03  2.289501e+03  3.421828e+03 
 1.387665e-01  9.088067e+02  1.660162e+03  2.249276e+03  3.366435e+03 
 1.407008e-01  8.892476e+02  1.626052e+03  2.204781e+03  3.304490e+03 
 1.426621e-01  8.692321e+02  1.591749e+03  2.160231e+03  3.242089e+03 
 1.446507e-01  8.481568e+02  1.555641e+03  2.113241e+03  3.175805e+03 
 1.466671e-01  8.258729e+02  1.517197e+03  2.062995e+03  3.104443e+03 
 1.487115e-01  8.009925e+02  1.472357e+03  2.002992e+03  3.016955e+03 
 1.507845e-01  7.745123e+02  1.423524e+03  1.936834e+03  2.919231e+03 
 1.528864e-01  7.479992e+02  1.374611e+03  1.870585e+03  2.821271e+03 
 1.550175e-01  7.237516e+02  1.331922e+03  1.814420e+03  2.741675e+03 
 1.571784e-01  7.014885e+02  1.294227e+03  1.766092e+03  2.675900e+03 
 1.593694e-01  6.801532e+02  1.258052e+03  1.719684e+03  2.612617e+03 
 1.615909e-01  6.606248e+02  1.225464e+03  1.678182e+03  2.556375e+03 
 1.638434e-01  6.428463e+02  1.196117e+03  1.641033e+03  2.506443e+03 
 1.661273e-01  6.267549e+02  1.169727e+03  1.607793e+03  2.462125e+03 
 1.684430e-01  6.094480e+02  1.138335e+03  1.565862e+03  2.401765e+03 
 1.707910e-01  5.937792e+02  1.109645e+03  1.527391e+03  2.346270e+03 
 1.731717e-01  5.804574e+02  1.085579e+03  1.495332e+03  2.300349e+03 
 1.755856e-01  5.705055e+02  1.068841e+03  1.473694e+03  2.269635e+03 
 1.780332e-01  5.621710e+02  1.055097e+03  1.456144e+03  2.245164e+03 
 1.805149e-01  5.533511e+02  1.038196e+03  1.432365e+03  2.207446e+03 
 1.830312e-01  5.444836e+02  1.019887e+03  1.405535e+03  2.162867e+03 
 1.855825e-01  5.363518e+02  1.003151e+03  1.381102e+03  2.122525e+03 
 1.881694e-01  5.287005e+02  9.883630e+02  1.360694e+03  2.091592e+03 
 1.907924e-01  5.209601e+02  9.734140e+02  1.340058e+03  2.060339e+03 
 1.934520e-01  5.122926e+02  9.565709e+02  1.316932e+03  2.026377e+03 
 1.961486e-01  5.027095e+02  9.379701e+02  1.291424e+03  1.989124e+03 
 1.988828e-01  4.932877e+02  9.204196e+02  1.267622e+03  1.954256e+03 
 2.016551e-01  4.844095e+02  9.049578e+02  1.247075e+03  1.924003e+03 
 2.044661e-01  4.741989e+02  8.868133e+02  1.222691e+03  1.887623e+03 
 2.073162e-01  4.623233e+02  8.645298e+02  1.191820e+03  1.840104e+03 
 2.102061e-01  4.494300e+02  8.403396e+02  1.158329e+03  1.788535e+03 
 2.131362e-01  4.395743e+02  8.262420e+02  1.141994e+03  1.768336e+03 
 2.161073e-01  4.293338e+02  8.114591e+02  1.124751e+03  1.746780e+03 
 2.191197e-01  4.164107e+02  7.896116e+02  1.096947e+03  1.709853e+03 
 2.221741e-01  4.031599e+02  7.665914e+02  1.067235e+03  1.669903e+03 
 2.252711e-01  3.911181e+02  7.464189e+02  1.041822e+03  1.636664e+03 
 2.284112e-01  3.801404e+02  7.283459e+02  1.019343e+03  1.607773e+03 
 2.315951e-01  3.704319e+02  7.116842e+02  9.973856e+02  1.575540e+03 
 2.348235e-01  3.620666e+02  6.972017e+02  9.779520e+02  1.545815e+03 
 2.380968e-01  3.529160e+02  6.797294e+02  9.537334e+02  1.509062e+03 
 2.414157e-01  3.445051e+02  6.633107e+02  9.308358e+02  1.474495e+03 
 2.447809e-01  3.365057e+02  6.478194e+02  9.094939e+02  1.442050e+03 
 2.481930e-01  3.293756e+02  6.340505e+02  8.905813e+02  1.413337e+03 
 2.516527e-01  3.253479e+02  6.270553e+02  8.809631e+02  1.398020e+03 
 2.551606e-01  3.206338e+02  6.183235e+02  8.688590e+02  1.379250e+03 
 2.587174e-01  3.130126e+02  6.026857e+02  8.469107e+02  1.346455e+03 
 2.623238e-01  3.066384e+02  5.905487e+02  8.303019e+02  1.322036e+03 
 2.659804e-01  3.014812e+02  5.819503e+02  8.191191e+02  1.306123e+03 
 2.696881e-01  2.942822e+02  5.687242e+02  8.012921e+02  1.279488e+03 
 2.734474e-01  2.860683e+02  5.533857e+02  7.804909e+02  1.248173e+03 
 2.772591e-01  2.796228e+02  5.429001e+02  7.675271e+02  1.231783e+03 
 2.811239e-01  2.725546e+02  5.307815e+02  7.521330e+02  1.212300e+03 
 2.850426e-01  2.650537e+02  5.172763e+02  7.346359e+02  1.190614e+03 
 2.890160e-01  2.579551e+02  5.055002e+02  7.196782e+02  1.169780e+03 
 2.930447e-01  2.512382e+02  4.941663e+02  7.047370e+02  1.147079e+03 
 2.971296e-01  2.449879e+02  4.823011e+02  6.872423e+02  1.117028e+03 
 3.012714e-01  2.393847e+02  4.727573e+02  6.747418e+02  1.098856e+03 
 3.054710e-01  2.341473e+02  4.640734e+02  6.639765e+02  1.084914e+03 
 3.097291e-01  2.282234e+02  4.530616e+02  6.493769e+02  1.064619e+03 
 3.140465e-01  2.230264e+02  4.426265e+02  6.344076e+02  1.040136e+03 
 3.184242e-01  2.185577e+02  4.336883e+02  6.215282e+02  1.018987e+03 
 3.228628e-01  2.150301e+02  4.275731e+02  6.136807e+02  1.009249e+03 
 3.273634e-01  2.101596e+02  4.176382e+02  5.993186e+02  9.862043e+02 
 3.319266e-01  2.050034e+02  4.075238e+02  5.852937e+02  9.651388e+02 
 3.365535e-01  1.999048e+02  3.983294e+02  5.734364e+02  9.493393e+02 
 3.412449e-01  1.962427e+02  3.934664e+02  5.677098e+02  9.402139e+02 
 3.460016e-01  1.921040e+02  3.867257e+02  5.590520e+02  9.281343e+02 
 3.508247e-01  1.878910e+02  3.792612e+02  5.491026e+02  9.135643e+02 
 3.557150e-01  1.837189e+02  3.716191e+02  5.387774e+02  8.976504e+02 
 3.606735e-01  1.789688e+02  3.632582e+02  5.278678e+02  8.825193e+02 
 3.657011e-01  1.734512e+02  3.528886e+02  5.136728e+02  8.626963e+02 
 3.707988e-01  1.689947e+02  3.443713e+02  5.020413e+02  8.454737e+02 
 3.759675e-01  1.650661e+02  3.368576e+02  4.917265e+02  8.299857e+02 
 3.812083e-01  1.612130e+02  3.298793e+02  4.822983e+02  8.160960e+02 
 3.865221e-01  1.580563e+02  3.252737e+02  4.770715e+02  8.077186e+02 
 3.919100e-01  1.547593e+02  3.175503e+02  4.652926e+02  7.914326e+02 
 3.973730e-01  1.511127e+02  3.113650e+02  4.575325e+02  7.791156e+02 
 4.029122e-01  1.480836e+02  3.065732e+02  4.508979e+02  7.669740e+02 
 4.085286e-01  1.450027e+02  3.000215e+02  4.415053e+02  7.535415e+02 
 4.142232e-01  1.412669e+02  2.924323e+02  4.314212e+02  7.408996e+02 
 4.199973e-01  1.375306e+02  2.859619e+02  4.231895e+02  7.288642e+02 
 4.258518e-01  1.344382e+02  2.802717e+02  4.151824e+02  7.152451e+02 
 4.317880e-01  1.311667e+02  2.739810e+02  4.059233e+02  7.009460e+02 
 4.378069e-01  1.283191e+02  2.682967e+02  3.977924e+02  6.875556e+02 
 4.439097e-01  1.259925e+02  2.646681e+02  3.933912e+02  6.831058e+02 
 4.500975e-01  1.225055e+02  2.581964e+02  3.846037e+02  6.702506e+02 
 4.563716e-01  1.195937e+02  2.521785e+02  3.759134e+02  6.549475e+02 
 4.627332e-01  1.177355e+02  2.496208e+02  3.731788e+02  6.524724e+02 
 4.691835e-01  1.146878e+02  2.436094e+02  3.646477e+02  6.384101e+02 
 4.757236e-01  1.124706e+02  2.392181e+02  3.585682e+02  6.289875e+02 
 4.823549e-01  1.094205e+02  2.330686e+02  3.498614e+02  6.169860e+02 
 4.890787e-01  1.069309e+02  2.282099e+02  3.433216e+02  6.068697e+02 
 4.958962e-01  1.050089e+02  2.244765e+02  3.375815e+02  5.964452e+02 
 5.028087e-01  1.024703e+02  2.200893e+02  3.316665e+02  5.877633e+02 
 5.098176e-01  1.004354e+02  2.163371e+02  3.263162e+02  5.775219e+02 
 5.169242e-01  9.858510e+01  2.128420e+02  3.215842e+02  5.711769e+02 
 5.241298e-01  9.529819e+01  2.072256e+02  3.146677e+02  5.626623e+02 
 5.314359e-01  9.356010e+01  2.046325e+02  3.111929e+02  5.569451e+02 
 5.388438e-01  9.151614e+01  1.999763e+02  3.042388e+02  5.464318e+02 
 5.463550e-01  8.977895e+01  1.966083e+02  2.992646e+02  5.381405e+02 
 5.539709e-01  8.724591e+01  1.920835e+02  2.935166e+02  5.293494e+02 
 5.616930e-01  8.557187e+01  1.888296e+02  2.889291e+02  5.225263e+02 
 5.695227e-01  8.375613e+01  1.857880e+02  2.851763e+02  5.150431e+02 
 5.774615e-01  8.176913e+01  1.812482e+02  2.783871e+02  5.052199e+02 
 5.855110e-01  8.021439e+01  1.784319e+02  2.741705e+02  4.980416e+02 
 5.936727e-01  7.828603e+01  1.740278e+02  2.679782e+02  4.886614e+02 
 6.019482e-01  7.684481e+01  1.717440e+02  2.643740e+02  4.821817e+02 
 6.103390e-01  7.493316e+01  1.684720e+02  2.602094e+02  4.750654e+02 
 6.188468e-01  7.320123e+01  1.655169e+02  2.574006e+02  4.729650e+02 
 6.274732e-01  7.187225e+01  1.621753e+02  2.516803e+02  4.636721e+02 
 6.362198e-01  7.029893e+01  1.595128e+02  2.479367e+02  4.565510e+02 
 6.450884e-01  6.854147e+01  1.563263e+02  2.435033e+02  4.488794e+02 
 6.540806e-01  6.702336e+01  1.527461e+02  2.380937e+02  4.409340e+02 
 6.631981e-01  6.541781e+01  1.500958e+02  2.351606e+02  4.360850e+02 
 6.724427e-01  6.407263e+01  1.472544e+02  2.311717e+02  4.310538e+02 
 6.818162e-01  6.257745e+01  1.444070e+02  2.262900e+02  4.221329e+02 
 6.913204e-01  6.114492e+01  1.415052e+02  2.225542e+02  4.158779e+02 
 7.009570e-01  6.020838e+01  1.392074e+02  2.191761e+02  4.101604e+02 
 7.107280e-01  5.855819e+01  1.366611e+02  2.156998e+02  4.034385e+02 
 7.206351e-01  5.758093e+01  1.343485e+02  2.125783e+02  3.996508e+02 
 7.306804e-01  5.633589e+01  1.321842e+02  2.090588e+02  3.923292e+02 
 7.408657e-01  5.501992e+01  1.294155e+02  2.051247e+02  3.870720e+02 
 7.511929e-01  5.379327e+01  1.268780e+02  2.018814e+02  3.816406e+02 
 7.616642e-01  5.270221e+01  1.244335e+02  1.983976e+02  3.763890e+02 
 7.722814e-01  5.192185e+01  1.230672e+02  1.961162e+02  3.711046e+02 
 7.830465e-01  5.078001e+01  1.205502e+02  1.925500e+02  3.660832e+02 
 7.939618e-01  4.976716e+01  1.188550e+02  1.898857e+02  3.618537e+02 
 8.050292e-01  4.859776e+01  1.164487e+02  1.870855e+02  3.570271e+02 
 8.162509e-01  4.766263e+01  1.146101e+02  1.838648e+02  3.505746e+02 
 8.276289e-01  4.644041e+01  1.121516e+02  1.806188e+02  3.458240e+02 
 8.391656e-01  4.576639e+01  1.106740e+02  1.778283e+02  3.415278e+02 
 8.508632e-01  4.487307e+01  1.086552e+02  1.752721e+02  3.368393e+02 
 8.627237e-01  4.380743e+01  1.067340e+02  1.724226e+02  3.312274e+02 
 8.747496e-01  4.294191e+01  1.047451e+02  1.696483e+02  3.266534e+02 
 8.869432e-01  4.212412e+01  1.031294e+02  1.671940e+02  3.224972e+02 
 8.993067e-01  4.119350e+01  1.013447e+02  1.644983e+02  3.175364e+02 
 9.118425e-01  4.050429e+01  9.948123e+01  1.615657e+02  3.117742e+02 
 9.245531e-01  3.954908e+01  9.771446e+01  1.588851e+02  3.080370e+02 
 9.374409e-01  3.871592e+01  9.603812e+01  1.566324e+02  3.038352e+02 
 9.505083e-01  3.800466e+01  9.437112e+01  1.541782e+02  2.993427e+02 
 9.637579e-01  3.713625e+01  9.246467e+01  1.513177e+02  2.947115e+02 
 9.771921e-01  3.655100e+01  9.177045e+01  1.497591e+02  2.906971e+02 
 9.908137e-01  3.578499e+01  8.990854e+01  1.471131e+02  2.865890e+02 
 1.004625e+00  3.502599e+01  8.812076e+01  1.444524e+02  2.816748e+02 
 1.018629e+00  3.438652e+01  8.678955e+01  1.422868e+02  2.773915e+02 
 1.032828e+00  3.364680e+01  8.525296e+01  1.402387e+02  2.741232e+02 
 1.047225e+00  3.292188e+01  8.388364e+01  1.378625e+02  2.692426e+02 
 1.061823e+00  3.234573e+01  8.265342e+01  1.358729e+02  2.654034e+02 
 1.076624e+00  3.167988e+01  8.123419e+01  1.337413e+02  2.613294e+02 
 1.091632e+00  3.110339e+01  7.981374e+01  1.317304e+02  2.572544e+02 
 1.106848e+00  3.044412e+01  7.832309e+01  1.295621e+02  2.535532e+02 
 1.122277e+00  2.984592e+01  7.715007e+01  1.273481e+02  2.492326e+02 
 1.137921e+00  2.924917e+01  7.571784e+01  1.252791e+02  2.454593e+02 
 1.153783e+00  2.871743e+01  7.448420e+01  1.233529e+02  2.419111e+02 
 1.169866e+00  2.818439e+01  7.331987e+01  1.214266e+02  2.385350e+02 
 1.186174e+00  2.761665e+01  7.217749e+01  1.195183e+02  2.346071e+02 
 1.202708e+00  2.711481e+01  7.096980e+01  1.177107e+02  2.311265e+02 
 1.219473e+00  2.661941e+01  6.984838e+01  1.159862e+02  2.272035e+02 
 1.236472e+00  2.609736e+01  6.871953e+01  1.142455e+02  2.239330e+02 
 1.253708e+00  2.561840e+01  6.754073e+01  1.121924e+02  2.203564e+02 
 1.271184e+00  2.514367e+01  6.666208e+01  1.107791e+02  2.169350e+02 
 1.288904e+00  2.466228e+01  6.530725e+01  1.087357e+02  2.137060e+02 
 1.306870e+00  2.417541e+01  6.422556e+01  1.069517e+02  2.099834e+02 
 1.325087e+00  2.376048e+01  6.321614e+01  1.053316e+02  2.064059e+02 
 1.343558e+00  2.331561e+01  6.214461e+01  1.036007e+02  2.030613e+02 
 1.362287e+00  2.290246e+01  6.108665e+01  1.017912e+02  1.996142e+02 
 1.381276e+00  2.246376e+01  6.010295e+01  9.994285e+01  1.962139e+02 
 1.400531e+00  2.206008e+01  5.911561e+01  9.839733e+01  1.927517e+02 
 1.420053e+00  2.163835e+01  5.804242e+01  9.682974e+01  1.894314e+02 
 1.439848e+00  2.124830e+01  5.715460e+01  9.512302e+01  1.863038e+02 
 1.459919e+00  2.083558e+01  5.618236e+01  9.354351e+01  1.829141e+02 
 1.480269e+00  2.050416e+01  5.515175e+01  9.185147e+01  1.794200e+02 
 1.500903e+00  2.012476e+01  5.428063e+01  9.027321e+01  1.766233e+02 
 1.521825e+00  1.974723e+01  5.341765e+01  8.883834e+01  1.734208e+02 
 1.543038e+00  1.937798e+01  5.249569e+01  8.739700e+01  1.705463e+02 
 1.564548e+00  1.905464e+01  5.162100e+01  8.586543e+01  1.673246e+02 
 1.586357e+00  1.870911e+01  5.078377e+01  8.439407e+01  1.642297e+02 
 1.608469e+00  1.834932e+01  4.991820e+01  8.291327e+01  1.613976e+02 
 1.630891e+00  1.807157e+01  4.898722e+01  8.128561e+01  1.580742e+02 
 1.653624e+00  1.771978e+01  4.813036e+01  7.994502e+01  1.554035e+02 
 1.676675e+00  1.739692e+01  4.737578e+01  7.858146e+01  1.523616e+02 
 1.700047e+00  1.707999e+01  4.657137e+01  7.716823e+01  1.495528e+02 
 1.723745e+00  1.679794e+01  4.573716e+01  7.577931e+01  1.465309e+02 
 1.747773e+00  1.647473e+01  4.491723e+01  7.436972e+01  1.436768e+02 
 1.772136e+00  1.618513e+01  4.414979e+01  7.299629e+01  1.410424e+02 
 1.796838e+00  1.590741e+01  4.336061e+01  7.166953e+01  1.382503e+02 
 1.821885e+00  1.565351e+01  4.259734e+01  7.031782e+01  1.356085e+02 
 1.847281e+00  1.536355e+01  4.190821e+01  6.910403e+01  1.329629e+02 
 1.873032e+00  1.509957e+01  4.114801e+01  6.770281e+01  1.303607e+02 
 1.899141e+00  1.483395e+01  4.037591e+01  6.647099e+01  1.277816e+02 
 1.925614e+00  1.458630e+01  3.967829e+01  6.524665e+01  1.251223e+02 
 1.952456e+00  1.436971e+01  3.901221e+01  6.405010e+01  1.225907e+02 
 1.979672e+00  1.408527e+01  3.833370e+01  6.283438e+01  1.201032e+02 
 2.007267e+00  1.385561e+01  3.762957e+01  6.153667e+01  1.176958e+02 
 2.035248e+00  1.360104e+01  3.690758e+01  6.032277e+01  1.151587e+02 
 2.063618e+00  1.336023e+01  3.620417e+01  5.912181e+01  1.126865e+02 
 2.092383e+00  1.313525e+01  3.553167e+01  5.791847e+01  1.102865e+02 
 2.121550e+00  1.289722e+01  3.485252e+01  5.676524e+01  1.079357e+02 
 2.151123e+00  1.267724e+01  3.421352e+01  5.559488e+01  1.055483e+02 
 2.181109e+00  1.245234e+01  3.353531e+01  5.447214e+01  1.033156e+02 
 2.211512e+00  1.223997e+01  3.288034e+01  5.331919e+01  1.009521e+02 
 2.242340e+00  1.202724e+01  3.228236e+01  5.225121e+01  9.877999e+01 
 2.273597e+00  1.180593e+01  3.166144e+01  5.112636e+01  9.658803e+01 
 2.305289e+00  1.161528e+01  3.104246e+01  5.008015e+01  9.446717e+01 
 2.337424e+00  1.141618e+01  3.042478e+01  4.901114e+01  9.240512e+01 
 2.370006e+00  1.121539e+01  2.983333e+01  4.799264e+01  9.035485e+01 
 2.403043e+00  1.100930e+01  2.925358e+01  4.694941e+01  8.828851e+01 
 2.436540e+00  1.082630e+01  2.868659e+01  4.595499e+01  8.627417e+01 
 2.470504e+00  1.063524e+01  2.811171e+01  4.493904e+01  8.428144e+01 
 2.504942e+00  1.044864e+01  2.755735e+01  4.397592e+01  8.236048e+01 
 2.539859e+00  1.027034e+01  2.698395e+01  4.298785e+01  8.039308e+01 
 2.575263e+00  1.007738e+01  2.641288e+01  4.206050e+01  7.855446e+01 
 2.611161e+00  9.904241e+00  2.587590e+01  4.109085e+01  7.670420e+01 
 2.647559e+00  9.727917e+00  2.533441e+01  4.015058e+01  7.484864e+01 
 2.684465e+00  9.553669e+00  2.482036e+01  3.924337e+01  7.306980e+01 
 2.721885e+00  9.376596e+00  2.427405e+01  3.835417e+01  7.133170e+01 
 2.759826e+00  9.210814e+00  2.375343e+01  3.746687e+01  6.962248e+01 
 2.798297e+00  9.043470e+00  2.325674e+01  3.660637e+01  6.798659e+01 
 2.837304e+00  8.882795e+00  2.275783e+01  3.576529e+01  6.635238e+01 
 2.876854e+00  8.722244e+00  2.226657e+01  3.493535e+01  6.476692e+01 
 2.916956e+00  8.566781e+00  2.179542e+01  3.412922e+01  6.317612e+01 
 2.957617e+00  8.414765e+00  2.132928e+01  3.334804e+01  6.165451e+01 
 2.998844e+00  8.262567e+00  2.087148e+01  3.256712e+01  6.015198e+01 
 3.040646e+00  8.111782e+00  2.041049e+01  3.179041e+01  5.871993e+01 
 3.083031e+00  7.963815e+00  1.995336e+01  3.103870e+01  5.727730e+01 
 3.126007e+00  7.819275e+00  1.952078e+01  3.030037e+01  5.584901e+01 
 3.169582e+00  7.672948e+00  1.907045e+01  2.955480e+01  5.446313e+01 
 3.213764e+00  7.528677e+00  1.863991e+01  2.884054e+01  5.310927e+01 
 3.258562e+00  7.384662e+00  1.822256e+01  2.813981e+01  5.177900e+01 
 3.303985e+00  7.244860e+00  1.779653e+01  2.744709e+01  5.048000e+01 
 3.350041e+00  7.108136e+00  1.738068e+01  2.677037e+01  4.920670e+01 
 3.396739e+00  6.970671e+00  1.697864e+01  2.611750e+01  4.795240e+01 
 3.444087e+00  6.838744e+00  1.658137e+01  2.545712e+01  4.674235e+01 
 3.492096e+00  6.708914e+00  1.619892e+01  2.483718e+01  4.557752e+01 
 3.540774e+00  6.576185e+00  1.582166e+01  2.422632e+01  4.442764e+01 
 3.590130e+00  6.451736e+00  1.544979e+01  2.362138e+01  4.331706e+01 
 3.640175e+00  6.328454e+00  1.508835e+01  2.304633e+01  4.222954e+01 
 3.690917e+00  6.204293e+00  1.474124e+01  2.246058e+01  4.115777e+01 
 3.742366e+00  6.083699e+00  1.438525e+01  2.190770e+01  4.012995e+01 
 3.794533e+00  5.965988e+00  1.404725e+01  2.136212e+01  3.910960e+01 
 3.847427e+00  5.847227e+00  1.370875e+01  2.082191e+01  3.812390e+01 
 3.901058e+00  5.728395e+00  1.337868e+01  2.029846e+01  3.714155e+01 
 3.955436e+00  5.616609e+00  1.305451e+01  1.977363e+01  3.618152e+01 
 4.010573e+00  5.499528e+00  1.273400e+01  1.927500e+01  3.526237e+01 
 4.066478e+00  5.386403e+00  1.241735e+01  1.877672e+01  3.434478e+01 
 4.123163e+00  5.274572e+00  1.211380e+01  1.829357e+01  3.345320e+01 
 4.180637e+00  5.166662e+00  1.181699e+01  1.782584e+01  3.258380e+01 
 4.238913e+00  5.059178e+00  1.152143e+01  1.736404e+01  3.174534e+01 
 4.298001e+00  4.951728e+00  1.123511e+01  1.691926e+01  3.092128e+01 
 4.357913e+00  4.851081e+00  1.095544e+01  1.648637e+01  3.013054e+01 
 4.418660e+00  4.749028e+00  1.068685e+01  1.606122e+01  2.936167e+01 
 4.480254e+00  4.648587e+00  1.042116e+01  1.565001e+01  2.860600e+01 
 4.542706e+00  4.552107e+00  1.016141e+01  1.524831e+01  2.787265e+01 
 4.606029e+00  4.455557e+00  9.911566e+00  1.485863e+01  2.716387e+01 
 4.670234e+00  4.360658e+00  9.665263e+00  1.448317e+01  2.647251e+01 
 4.735335e+00  4.267918e+00  9.425113e+00  1.411124e+01  2.579189e+01 
 4.801343e+00  4.177458e+00  9.190416e+00  1.374878e+01  2.512308e+01 
 4.868271e+00  4.086144e+00  8.957376e+00  1.339094e+01  2.447123e+01 
 4.936132e+00  3.996779e+00  8.729161e+00  1.304183e+01  2.383355e+01 
 5.004939e+00  3.907951e+00  8.506697e+00  1.270133e+01  2.320988e+01 
 5.074705e+00  3.820431e+00  8.289123e+00  1.236744e+01  2.260346e+01 
 5.145444e+00  3.735849e+00  8.076624e+00  1.204338e+01  2.201083e+01 
 5.217169e+00  3.651112e+00  7.868213e+00  1.172645e+01  2.142957e+01 
 5.289893e+00  3.570175e+00  7.666917e+00  1.142239e+01  2.087269e+01 
 5.363631e+00  3.488897e+00  7.470274e+00  1.112165e+01  2.032574e+01 
 5.438397e+00  3.410696e+00  7.278369e+00  1.083237e+01  1.979358e+01 
 5.514206e+00  3.333860e+00  7.092614e+00  1.055023e+01  1.927913e+01 
 5.591071e+00  3.257768e+00  6.912102e+00  1.027614e+01  1.877738e+01 
 5.669007e+00  3.185070e+00  6.736457e+00  1.001058e+01  1.829376e+01 
 5.748030e+00  3.112944e+00  6.564849e+00  9.750638e+00  1.781722e+01 
 5.828155e+00  3.042173e+00  6.397902e+00  9.499060e+00  1.735511e+01 
 5.909396e+00  2.972721e+00  6.234397e+00  9.252620e+00  1.690536e+01 
 5.991770e+00  2.904036e+00  6.074111e+00  9.010216e+00  1.646426e+01 
 6.075292e+00  2.836621e+00  5.917817e+00  8.774730e+00  1.602902e+01 
 6.159978e+00  2.770204e+00  5.763784e+00  8.543661e+00  1.560656e+01 
 6.245845e+00  2.705182e+00  5.614027e+00  8.318671e+00  1.519349e+01 
 6.332908e+00  2.641052e+00  5.467070e+00  8.098134e+00  1.478839e+01 
 6.421186e+00  2.578517e+00  5.324587e+00  7.883181e+00  1.439457e+01 
 6.510694e+00  2.517098e+00  5.185462e+00  7.674703e+00  1.401187e+01 
 6.601449e+00  2.457559e+00  5.050476e+00  7.471808e+00  1.363880e+01 
 6.693470e+00  2.398811e+00  4.918754e+00  7.274099e+00  1.327596e+01 
 6.786773e+00  2.341935e+00  4.790767e+00  7.082108e+00  1.292491e+01 
 6.881377e+00  2.286627e+00  4.666941e+00  6.896135e+00  1.258204e+01 
 6.977300e+00  2.232416e+00  4.546810e+00  6.716560e+00  1.224944e+01 
 7.074559e+00  2.180003e+00  4.429707e+00  6.540686e+00  1.192566e+01 
 7.173175e+00  2.128379e+00  4.316091e+00  6.369806e+00  1.161172e+01 
 7.273165e+00  2.078289e+00  4.205325e+00  6.204153e+00  1.130588e+01 
 7.374549e+00  2.028835e+00  4.096818e+00  6.041802e+00  1.100786e+01 
 7.477346e+00  1.980297e+00  3.991108e+00  5.883779e+00  1.071454e+01 
 7.581576e+00  1.932910e+00  3.887052e+00  5.728129e+00  1.042808e+01 
 7.687260e+00  1.886192e+00  3.785910e+00  5.576583e+00  1.014882e+01 
 7.794416e+00  1.840547e+00  3.687199e+00  5.428030e+00  9.875202e+00 
 7.903066e+00  1.795939e+00  3.590182e+00  5.283039e+00  9.607807e+00 
 8.013230e+00  1.752320e+00  3.496433e+00  5.142865e+00  9.348294e+00 
 8.124930e+00  1.709667e+00  3.404927e+00  5.005984e+00  9.095198e+00 
 8.238187e+00  1.668343e+00  3.315906e+00  4.872748e+00  8.849031e+00 
 8.353023e+00  1.627918e+00  3.229494e+00  4.743470e+00  8.609798e+00 
 8.469460e+00  1.588725e+00  3.145828e+00  4.618271e+00  8.378098e+00 
 8.587519e+00  1.550682e+00  3.064393e+00  4.496396e+00  8.152905e+00 
 8.707225e+00  1.513636e+00  2.985382e+00  4.378534e+00  7.934526e+00 
 8.828599e+00  1.477630e+00  2.908964e+00  4.264190e+00  7.722252e+00 
 8.951665e+00  1.442432e+00  2.834744e+00  4.152741e+00  7.516658e+00 
 9.076446e+00  1.408323e+00  2.762324e+00  4.044644e+00  7.316371e+00 
 9.202967e+00  1.374864e+00  2.691734e+00  3.939341e+00  7.120789e+00 
 9.331251e+00  1.342061e+00  2.622624e+00  3.835917e+00  6.929707e+00 
 9.461324e+00  0.000000e+00  0.000000e+00  0.000000e+00  0.000000e+00 
 9.593209e+00  0.000000e+00  0.000000e+00  0.000000e+00  0.000000e+00 
 9.726934e+00  0.000000e+00  0.000000e+00  0.000000e+00  0.000000e+00 
 9.862522e+00  0.000000e+00  0.000000e+00  0.000000e+00  0.000000e+00 
 1.000000e+01  0.000000e+00  0.000000e+00  0.000000e+00  0.000000e+00 
