 1.000000e-02  5.312005e+03  9.686767e+03  1.310942e+04  1.956983e+04 
 1.013939e-02  5.342450e+03  9.742100e+03  1.318417e+04  1.968098e+04 
 1.028073e-02  5.372456e+03  9.796630e+03  1.325782e+04  1.979053e+04 
 1.042404e-02  5.402011e+03  9.850348e+03  1.333034e+04  1.989841e+04 
 1.056935e-02  5.431098e+03  9.903215e+03  1.340170e+04  2.000451e+04 
 1.071668e-02  5.459707e+03  9.955208e+03  1.347191e+04  2.010880e+04 
 1.086606e-02  5.487820e+03  1.000629e+04  1.354088e+04  2.021121e+04 
 1.101753e-02  5.515411e+03  1.005643e+04  1.360856e+04  2.031175e+04 
 1.117111e-02  5.542466e+03  1.010556e+04  1.367486e+04  2.041031e+04 
 1.132683e-02  5.568957e+03  1.015366e+04  1.373974e+04  2.050680e+04 
 1.148472e-02  5.594857e+03  1.020068e+04  1.380317e+04  2.060112e+04 
 1.164481e-02  5.620156e+03  1.024658e+04  1.386513e+04  2.069311e+04 
 1.180713e-02  5.644842e+03  1.029139e+04  1.392559e+04  2.078283e+04 
 1.197171e-02  5.668884e+03  1.033503e+04  1.398446e+04  2.087014e+04 
 1.213859e-02  5.692252e+03  1.037743e+04  1.404168e+04  2.095496e+04 
 1.230780e-02  5.714947e+03  1.041859e+04  1.409716e+04  2.103729e+04 
 1.247936e-02  5.736942e+03  1.045845e+04  1.415086e+04  2.111702e+04 
 1.265332e-02  5.758203e+03  1.049697e+04  1.420277e+04  2.119398e+04 
 1.282970e-02  5.778709e+03  1.053412e+04  1.425287e+04  2.126816e+04 
 1.300854e-02  5.798447e+03  1.056988e+04  1.430104e+04  2.133948e+04 
 1.318987e-02  5.817395e+03  1.060417e+04  1.434723e+04  2.140781e+04 
 1.337373e-02  5.835524e+03  1.063697e+04  1.439141e+04  2.147312e+04 
 1.356015e-02  5.852833e+03  1.066828e+04  1.443349e+04  2.153538e+04 
 1.374917e-02  5.869291e+03  1.069801e+04  1.447344e+04  2.159451e+04 
 1.394083e-02  5.884857e+03  1.072614e+04  1.451128e+04  2.165043e+04 
 1.413516e-02  5.899525e+03  1.075262e+04  1.454690e+04  2.170302e+04 
 1.433219e-02  5.913277e+03  1.077744e+04  1.458023e+04  2.175226e+04 
 1.453198e-02  5.926082e+03  1.080051e+04  1.461130e+04  2.179792e+04 
 1.473454e-02  5.937925e+03  1.082182e+04  1.463996e+04  2.183998e+04 
 1.493993e-02  5.948783e+03  1.084134e+04  1.466605e+04  2.187840e+04 
 1.514819e-02  5.958707e+03  1.085917e+04  1.468977e+04  2.191344e+04 
 1.535935e-02  5.967618e+03  1.087515e+04  1.471108e+04  2.194475e+04 
 1.557345e-02  5.975484e+03  1.088922e+04  1.472990e+04  2.197215e+04 
 1.579053e-02  5.982281e+03  1.090133e+04  1.474610e+04  2.199563e+04 
 1.601064e-02  5.987974e+03  1.091144e+04  1.475959e+04  2.201516e+04 
 1.623382e-02  5.992556e+03  1.091953e+04  1.477032e+04  2.203064e+04 
 1.646012e-02  5.996002e+03  1.092554e+04  1.477820e+04  2.204184e+04 
 1.668956e-02  5.998304e+03  1.092945e+04  1.478323e+04  2.204865e+04 
 1.692220e-02  5.999441e+03  1.093124e+04  1.478539e+04  2.205112e+04 
 1.715809e-02  5.999377e+03  1.093086e+04  1.478462e+04  2.204931e+04 
 1.739726e-02  5.998111e+03  1.092827e+04  1.478085e+04  2.204312e+04 
 1.763977e-02  5.995618e+03  1.092344e+04  1.477407e+04  2.203241e+04 
 1.788566e-02  5.991878e+03  1.091634e+04  1.476420e+04  2.201706e+04 
 1.813498e-02  5.986884e+03  1.090694e+04  1.475122e+04  2.199706e+04 
 1.838777e-02  5.980605e+03  1.089522e+04  1.473511e+04  2.197230e+04 
 1.864409e-02  5.973042e+03  1.088115e+04  1.471580e+04  2.194285e+04 
 1.890397e-02  5.964191e+03  1.086472e+04  1.469332e+04  2.190872e+04 
 1.916748e-02  5.954034e+03  1.084588e+04  1.466760e+04  2.186984e+04 
 1.943467e-02  5.942533e+03  1.082463e+04  1.463858e+04  2.182594e+04 
 1.970558e-02  5.929701e+03  1.080094e+04  1.460626e+04  2.177703e+04 
 1.998026e-02  5.915519e+03  1.077480e+04  1.457062e+04  2.172315e+04 
 2.025878e-02  5.899992e+03  1.074620e+04  1.453166e+04  2.166443e+04 
 2.054117e-02  5.883109e+03  1.071514e+04  1.448937e+04  2.160082e+04 
 2.082751e-02  5.864846e+03  1.068154e+04  1.444369e+04  2.153209e+04 
 2.111783e-02  5.845208e+03  1.064545e+04  1.439459e+04  2.145822e+04 
 2.141220e-02  5.824298e+03  1.060702e+04  1.434230e+04  2.137941e+04 
 2.171068e-02  5.802629e+03  1.056694e+04  1.428755e+04  2.129634e+04 
 2.201331e-02  5.779584e+03  1.052437e+04  1.422942e+04  2.120827e+04 
 2.232016e-02  5.755158e+03  1.047930e+04  1.416791e+04  2.111527e+04 
 2.263130e-02  5.729351e+03  1.043172e+04  1.410302e+04  2.101723e+04 
 2.294676e-02  5.702196e+03  1.038168e+04  1.403480e+04  2.091421e+04 
 2.326663e-02  5.673723e+03  1.032922e+04  1.396327e+04  2.080617e+04 
 2.359095e-02  5.643923e+03  1.027432e+04  1.388848e+04  2.069319e+04 
 2.391980e-02  5.612783e+03  1.021702e+04  1.381043e+04  2.057543e+04 
 2.425323e-02  5.580327e+03  1.015733e+04  1.372915e+04  2.045291e+04 
 2.459130e-02  5.546590e+03  1.009529e+04  1.364471e+04  2.032565e+04 
 2.493409e-02  5.511579e+03  1.003092e+04  1.355710e+04  2.019371e+04 
 2.528166e-02  5.475315e+03  9.964262e+03  1.346642e+04  2.005717e+04 
 2.563407e-02  5.437823e+03  9.895390e+03  1.337273e+04  1.991613e+04 
 2.599140e-02  5.399121e+03  9.824324e+03  1.327611e+04  1.977071e+04 
 2.635371e-02  5.359245e+03  9.751110e+03  1.317657e+04  1.962100e+04 
 2.672106e-02  5.318220e+03  9.675829e+03  1.307424e+04  1.946713e+04 
 2.709354e-02  5.276099e+03  9.598543e+03  1.296920e+04  1.930924e+04 
 2.747121e-02  5.232917e+03  9.519316e+03  1.286154e+04  1.914747e+04 
 2.785414e-02  5.188632e+03  9.438115e+03  1.275124e+04  1.898178e+04 
 2.824241e-02  5.143013e+03  9.354595e+03  1.263792e+04  1.881191e+04 
 2.863610e-02  5.096438e+03  9.269361e+03  1.252226e+04  1.863857e+04 
 2.903527e-02  5.048974e+03  9.182492e+03  1.240442e+04  1.846197e+04 
 2.944000e-02  5.000669e+03  9.094095e+03  1.228452e+04  1.828231e+04 
 2.985038e-02  4.951563e+03  9.004245e+03  1.216267e+04  1.809974e+04 
 3.026648e-02  4.901693e+03  8.913033e+03  1.203897e+04  1.791445e+04 
 3.068838e-02  4.851125e+03  8.820569e+03  1.191357e+04  1.772666e+04 
 3.111616e-02  4.799932e+03  8.726950e+03  1.178664e+04  1.753656e+04 
 3.154990e-02  4.748173e+03  8.632305e+03  1.165831e+04  1.734439e+04 
 3.198969e-02  4.695904e+03  8.536739e+03  1.152874e+04  1.715038e+04 
 3.243561e-02  4.643174e+03  8.440360e+03  1.139809e+04  1.695477e+04 
 3.288774e-02  4.590059e+03  8.343280e+03  1.126650e+04  1.675781e+04 
 3.334618e-02  4.536648e+03  8.245633e+03  1.113413e+04  1.655971e+04 
 3.381101e-02  4.482988e+03  8.147531e+03  1.100117e+04  1.636073e+04 
 3.428231e-02  4.429149e+03  8.049130e+03  1.086782e+04  1.616116e+04 
 3.476019e-02  4.375070e+03  7.950644e+03  1.073467e+04  1.596295e+04 
 3.524473e-02  4.320953e+03  7.852094e+03  1.060144e+04  1.576465e+04 
 3.573602e-02  4.266882e+03  7.753593e+03  1.046832e+04  1.556646e+04 
 3.623416e-02  4.212929e+03  7.655287e+03  1.033545e+04  1.536869e+04 
 3.673925e-02  4.159148e+03  7.557313e+03  1.020304e+04  1.517158e+04 
 3.725137e-02  4.105606e+03  7.459801e+03  1.007126e+04  1.497542e+04 
 3.777064e-02  4.052382e+03  7.362884e+03  9.940255e+03  1.478044e+04 
 3.829714e-02  3.999550e+03  7.266681e+03  9.810227e+03  1.458686e+04 
 3.883098e-02  3.947187e+03  7.171323e+03  9.681337e+03  1.439495e+04 
 3.937226e-02  3.895359e+03  7.076927e+03  9.553746e+03  1.420500e+04 
 3.992109e-02  3.844120e+03  6.983620e+03  9.427628e+03  1.401725e+04 
 4.047757e-02  3.793529e+03  6.891435e+03  9.303003e+03  1.383162e+04 
 4.104181e-02  3.743446e+03  6.799605e+03  9.178236e+03  1.364402e+04 
 4.161391e-02  3.694140e+03  6.709216e+03  9.055420e+03  1.345931e+04 
 4.219398e-02  3.645678e+03  6.620378e+03  8.934695e+03  1.327772e+04 
 4.278214e-02  3.598101e+03  6.533177e+03  8.816187e+03  1.309942e+04 
 4.337850e-02  3.551452e+03  6.447671e+03  8.699976e+03  1.292459e+04 
 4.398317e-02  3.505778e+03  6.363925e+03  8.586167e+03  1.275336e+04 
 4.459628e-02  3.461124e+03  6.282028e+03  8.474867e+03  1.258589e+04 
 4.521792e-02  3.417528e+03  6.202077e+03  8.366170e+03  1.242230e+04 
 4.584824e-02  3.375010e+03  6.124092e+03  8.260146e+03  1.226266e+04 
 4.648734e-02  3.333595e+03  6.048117e+03  8.156821e+03  1.210710e+04 
 4.713535e-02  3.293427e+03  5.975155e+03  8.058367e+03  1.196090e+04 
 4.779239e-02  3.254468e+03  5.904850e+03  7.963963e+03  1.182200e+04 
 4.845859e-02  3.216655e+03  5.836613e+03  7.872359e+03  1.168722e+04 
 4.913407e-02  3.179984e+03  5.770433e+03  7.783536e+03  1.155654e+04 
 4.981898e-02  3.144442e+03  5.706306e+03  7.697456e+03  1.142993e+04 
 5.051342e-02  3.110013e+03  5.644193e+03  7.614090e+03  1.130731e+04 
 5.121755e-02  3.076675e+03  5.584066e+03  7.533402e+03  1.118867e+04 
 5.193150e-02  3.044392e+03  5.525862e+03  7.455314e+03  1.107389e+04 
 5.265540e-02  3.013129e+03  5.469500e+03  7.379695e+03  1.096280e+04 
 5.338938e-02  2.982597e+03  5.414010e+03  7.304763e+03  1.085143e+04 
 5.413360e-02  2.952714e+03  5.359139e+03  7.230113e+03  1.073895e+04 
 5.488820e-02  2.923721e+03  5.305877e+03  7.157645e+03  1.062972e+04 
 5.565331e-02  2.895509e+03  5.254045e+03  7.087122e+03  1.052337e+04 
 5.642908e-02  2.867947e+03  5.203412e+03  7.018199e+03  1.041942e+04 
 5.721568e-02  2.840971e+03  5.153857e+03  6.950725e+03  1.031765e+04 
 5.801323e-02  2.814696e+03  5.105579e+03  6.884961e+03  1.021845e+04 
 5.882190e-02  2.789215e+03  5.058728e+03  6.821138e+03  1.012211e+04 
 5.964185e-02  2.764486e+03  5.013544e+03  6.759921e+03  1.003055e+04 
 6.047322e-02  2.740460e+03  4.970525e+03  6.702539e+03  9.947222e+03 
 6.131619e-02  2.716255e+03  4.927199e+03  6.644740e+03  9.863245e+03 
 6.217090e-02  2.691690e+03  4.883227e+03  6.586067e+03  9.777972e+03 
 6.303753e-02  2.666792e+03  4.838653e+03  6.526586e+03  9.691486e+03 
 6.391624e-02  2.641610e+03  4.793561e+03  6.466382e+03  9.603940e+03 
 6.480720e-02  2.616111e+03  4.747879e+03  6.405388e+03  9.515204e+03 
 6.571058e-02  2.590142e+03  4.701330e+03  6.343221e+03  9.424736e+03 
 6.662655e-02  2.562350e+03  4.649576e+03  6.272017e+03  9.315209e+03 
 6.755528e-02  2.533738e+03  4.596271e+03  6.198690e+03  9.202373e+03 
 6.849697e-02  2.504249e+03  4.541388e+03  6.123246e+03  9.086424e+03 
 6.945178e-02  2.473796e+03  4.484766e+03  6.045467e+03  8.967058e+03 
 7.041990e-02  2.442293e+03  4.426263e+03  5.965151e+03  8.843979e+03 
 7.140151e-02  2.409670e+03  4.365747e+03  5.882141e+03  8.716951e+03 
 7.239681e-02  2.376128e+03  4.303869e+03  5.797635e+03  8.588847e+03 
 7.340598e-02  2.341682e+03  4.240690e+03  5.711796e+03  8.460110e+03 
 7.442922e-02  2.305978e+03  4.175242e+03  5.622920e+03  8.326898e+03 
 7.546673e-02  2.269011e+03  4.107491e+03  5.530979e+03  8.189159e+03 
 7.651869e-02  2.230801e+03  4.037490e+03  5.436014e+03  8.046993e+03 
 7.758532e-02  2.191371e+03  3.965314e+03  5.338125e+03  7.900516e+03 
 7.866682e-02  2.151634e+03  3.893768e+03  5.242228e+03  7.759900e+03 
 7.976339e-02  2.112212e+03  3.824666e+03  5.151461e+03  7.631556e+03 
 8.087525e-02  2.071762e+03  3.753621e+03  5.058033e+03  7.499118e+03 
 8.200261e-02  2.030403e+03  3.680849e+03  4.962231e+03  7.362982e+03 
 8.314568e-02  1.988271e+03  3.606610e+03  4.864388e+03  7.223650e+03 
 8.430468e-02  1.945519e+03  3.531198e+03  4.764890e+03  7.081669e+03 
 8.547985e-02  1.901567e+03  3.452374e+03  4.659590e+03  6.928214e+03 
 8.667139e-02  1.857052e+03  3.371937e+03  4.551536e+03  6.769311e+03 
 8.787954e-02  1.812548e+03  3.291491e+03  4.443450e+03  6.610305e+03 
 8.910453e-02  1.768267e+03  3.211420e+03  4.335853e+03  6.451948e+03 
 9.034660e-02  1.724420e+03  3.132115e+03  4.229278e+03  6.295034e+03 
 9.160598e-02  1.681932e+03  3.056260e+03  4.128239e+03  6.148397e+03 
 9.288292e-02  1.640933e+03  2.983961e+03  4.032778e+03  6.011850e+03 
 9.417766e-02  1.600961e+03  2.913439e+03  3.939638e+03  5.878540e+03 
 9.549045e-02  1.562209e+03  2.845059e+03  3.849307e+03  5.749191e+03 
 9.682153e-02  1.524851e+03  2.779142e+03  3.762230e+03  5.624496e+03 
 9.817117e-02  1.489345e+03  2.716949e+03  3.680527e+03  5.508610e+03 
 9.953962e-02  1.455645e+03  2.658115e+03  3.603437e+03  5.399765e+03 
 1.009272e-01  1.423765e+03  2.602525e+03  3.530621e+03  5.297105e+03 
 1.023340e-01  1.393789e+03  2.550334e+03  3.462320e+03  5.200983e+03 
 1.037605e-01  1.365110e+03  2.499654e+03  3.395307e+03  5.104934e+03 
 1.052069e-01  1.335959e+03  2.445115e+03  3.320357e+03  4.990751e+03 
 1.066734e-01  1.308879e+03  2.394395e+03  3.250609e+03  4.884442e+03 
 1.081604e-01  1.283821e+03  2.347416e+03  3.185943e+03  4.785817e+03 
 1.096681e-01  1.260698e+03  2.304013e+03  3.126134e+03  4.694514e+03 
 1.111968e-01  1.239578e+03  2.264572e+03  3.071812e+03  4.611065e+03 
 1.127468e-01  1.220108e+03  2.228166e+03  3.021639e+03  4.533836e+03 
 1.143184e-01  1.202101e+03  2.194444e+03  2.975116e+03  4.462123e+03 
 1.159120e-01  1.185336e+03  2.163011e+03  2.931697e+03  4.395107e+03 
 1.175277e-01  1.170377e+03  2.135731e+03  2.894602e+03  4.338968e+03 
 1.191660e-01  1.156235e+03  2.110027e+03  2.859698e+03  4.286218e+03 
 1.208271e-01  1.142565e+03  2.085188e+03  2.825964e+03  4.235215e+03 
 1.225114e-01  1.129015e+03  2.060532e+03  2.792472e+03  4.184672e+03 
 1.242191e-01  1.114952e+03  2.034662e+03  2.757328e+03  4.132180e+03 
 1.259506e-01  1.100526e+03  2.008135e+03  2.721306e+03  4.078376e+03 
 1.277063e-01  1.085468e+03  1.980468e+03  2.683729e+03  4.022234e+03 
 1.294865e-01  1.069874e+03  1.952015e+03  2.645112e+03  3.964266e+03 
 1.312915e-01  1.053606e+03  1.922539e+03  2.605176e+03  3.904003e+03 
 1.331216e-01  1.036141e+03  1.890881e+03  2.562277e+03  3.839311e+03 
 1.349772e-01  1.017409e+03  1.856947e+03  2.516329e+03  3.770231e+03 
 1.368587e-01  9.985598e+02  1.824796e+03  2.475077e+03  3.714678e+03 
 1.387665e-01  9.783551e+02  1.790105e+03  2.430285e+03  3.653654e+03 
 1.407008e-01  9.568898e+02  1.753024e+03  2.382197e+03  3.587451e+03 
 1.426621e-01  9.352565e+02  1.715998e+03  2.334175e+03  3.520127e+03 
 1.446507e-01  9.129804e+02  1.677849e+03  2.284446e+03  3.449825e+03 
 1.466671e-01  8.899779e+02  1.638242e+03  2.232643e+03  3.376199e+03 
 1.487115e-01  8.646223e+02  1.592477e+03  2.171309e+03  3.286358e+03 
 1.507845e-01  8.379474e+02  1.543106e+03  2.104193e+03  3.186663e+03 
 1.528864e-01  8.116271e+02  1.494366e+03  2.037998e+03  3.088230e+03 
 1.550175e-01  7.879070e+02  1.452431e+03  1.982642e+03  3.009156e+03 
 1.571784e-01  7.664379e+02  1.415985e+03  1.935727e+03  2.944844e+03 
 1.593694e-01  7.460719e+02  1.381412e+03  1.891251e+03  2.883945e+03 
 1.615909e-01  7.275163e+02  1.350371e+03  1.851617e+03  2.829934e+03 
 1.638434e-01  7.106493e+02  1.322456e+03  1.816173e+03  2.782045e+03 
 1.661273e-01  6.953814e+02  1.297368e+03  1.784490e+03  2.739645e+03 
 1.684430e-01  6.784218e+02  1.266216e+03  1.742545e+03  2.678428e+03 
 1.707910e-01  6.627681e+02  1.237137e+03  1.703172e+03  2.620725e+03 
 1.731717e-01  6.492170e+02  1.212305e+03  1.669753e+03  2.572077e+03 
 1.755856e-01  6.390231e+02  1.195103e+03  1.647429e+03  2.540194e+03 
 1.780332e-01  6.300102e+02  1.180075e+03  1.628073e+03  2.512786e+03 
 1.805149e-01  6.200871e+02  1.161089e+03  1.601351e+03  2.470315e+03 
 1.830312e-01  6.096910e+02  1.139893e+03  1.570458e+03  2.419193e+03 
 1.855825e-01  5.996867e+02  1.119720e+03  1.541311e+03  2.371523e+03 
 1.881694e-01  5.901592e+02  1.102025e+03  1.517428e+03  2.336439e+03 
 1.907924e-01  5.803034e+02  1.083722e+03  1.492709e+03  2.300021e+03 
 1.934520e-01  5.693978e+02  1.063289e+03  1.465166e+03  2.260425e+03 
 1.961486e-01  5.575522e+02  1.041051e+03  1.435162e+03  2.217402e+03 
 1.988828e-01  5.460963e+02  1.020367e+03  1.407615e+03  2.177962e+03 
 2.016551e-01  5.355664e+02  1.002599e+03  1.384533e+03  2.145192e+03 
 2.044661e-01  5.239436e+02  9.825144e+02  1.358040e+03  2.106776e+03 
 2.073162e-01  5.106890e+02  9.579854e+02  1.324338e+03  2.055533e+03 
 2.102061e-01  4.968232e+02  9.322961e+02  1.289022e+03  2.001734e+03 
 2.131362e-01  4.866229e+02  9.179291e+02  1.272532e+03  1.981471e+03 
 2.161073e-01  4.764571e+02  9.036680e+02  1.256219e+03  1.961491e+03 
 2.191197e-01  4.633714e+02  8.815133e+02  1.228037e+03  1.924315e+03 
 2.221741e-01  4.501219e+02  8.584265e+02  1.198263e+03  1.884679e+03 
 2.252711e-01  4.380929e+02  8.380530e+02  1.172450e+03  1.850659e+03 
 2.284112e-01  4.271745e+02  8.198358e+02  1.149616e+03  1.820914e+03 
 2.315951e-01  4.176677e+02  8.032250e+02  1.127401e+03  1.787384e+03 
 2.348235e-01  4.093637e+02  7.885094e+02  1.107254e+03  1.755450e+03 
 2.380968e-01  3.998538e+02  7.700080e+02  1.081320e+03  1.715478e+03 
 2.414157e-01  3.907392e+02  7.519059e+02  1.055825e+03  1.676460e+03 
 2.447809e-01  3.818259e+02  7.345960e+02  1.031921e+03  1.640026e+03 
 2.481930e-01  3.734747e+02  7.184640e+02  1.009718e+03  1.606228e+03 
 2.516527e-01  3.686541e+02  7.104137e+02  9.989082e+02  1.589476e+03 
 2.551606e-01  3.628558e+02  7.000653e+02  9.848447e+02  1.568165e+03 
 2.587174e-01  3.538496e+02  6.822340e+02  9.601921e+02  1.531991e+03 
 2.623238e-01  3.462526e+02  6.683426e+02  9.415716e+02  1.505295e+03 
 2.659804e-01  3.401778e+02  6.587018e+02  9.294573e+02  1.488815e+03 
 2.696881e-01  3.318951e+02  6.439009e+02  9.097818e+02  1.459767e+03 
 2.734474e-01  3.227725e+02  6.272447e+02  8.874305e+02  1.426385e+03 
 2.772591e-01  3.158466e+02  6.163084e+02  8.741931e+02  1.410246e+03 
 2.811239e-01  3.083654e+02  6.036645e+02  8.583867e+02  1.391052e+03 
 2.850426e-01  3.003926e+02  5.892379e+02  8.398752e+02  1.369062e+03 
 2.890160e-01  2.930627e+02  5.769924e+02  8.242488e+02  1.346994e+03 
 2.930447e-01  2.862401e+02  5.653628e+02  8.087611e+02  1.322964e+03 
 2.971296e-01  2.797567e+02  5.526869e+02  7.897844e+02  1.290178e+03 
 3.012714e-01  2.738861e+02  5.425024e+02  7.762592e+02  1.270008e+03 
 3.054710e-01  2.682518e+02  5.330558e+02  7.644439e+02  1.254265e+03 
 3.097291e-01  2.616280e+02  5.208106e+02  7.483337e+02  1.232288e+03 
 3.140465e-01  2.557379e+02  5.089134e+02  7.311665e+02  1.203956e+03 
 3.184242e-01  2.506125e+02  4.987009e+02  7.163868e+02  1.179390e+03 
 3.228628e-01  2.466576e+02  4.922740e+02  7.084304e+02  1.170003e+03 
 3.273634e-01  2.409496e+02  4.809179e+02  6.921954e+02  1.144157e+03 
 3.319266e-01  2.349864e+02  4.695282e+02  6.765990e+02  1.121005e+03 
 3.365535e-01  2.292893e+02  4.596200e+02  6.640872e+02  1.104856e+03 
 3.412449e-01  2.253190e+02  4.545786e+02  6.582698e+02  1.095724e+03 
 3.460016e-01  2.208300e+02  4.474205e+02  6.491494e+02  1.083006e+03 
 3.508247e-01  2.163355e+02  4.395186e+02  6.386694e+02  1.067826e+03 
 3.557150e-01  2.119319e+02  4.314155e+02  6.277400e+02  1.051265e+03 
 3.606735e-01  2.068262e+02  4.223481e+02  6.158329e+02  1.034428e+03 
 3.657011e-01  2.007357e+02  4.108661e+02  6.001707e+02  1.012617e+03 
 3.707988e-01  1.959124e+02  4.016420e+02  5.875991e+02  9.939589e+02 
 3.759675e-01  1.915827e+02  3.933790e+02  5.762772e+02  9.770397e+02 
 3.812083e-01  1.871793e+02  3.854150e+02  5.655207e+02  9.613486e+02 
 3.865221e-01  1.835104e+02  3.799750e+02  5.591138e+02  9.505737e+02 
 3.919100e-01  1.798690e+02  3.716137e+02  5.464613e+02  9.334297e+02 
 3.973730e-01  1.756961e+02  3.648325e+02  5.381238e+02  9.204003e+02 
 4.029122e-01  1.723409e+02  3.596824e+02  5.310626e+02  9.074431e+02 
 4.085286e-01  1.689243e+02  3.524447e+02  5.207555e+02  8.928028e+02 
 4.142232e-01  1.647242e+02  3.439799e+02  5.096277e+02  8.791339e+02 
 4.199973e-01  1.605734e+02  3.368848e+02  5.006722e+02  8.660868e+02 
 4.258518e-01  1.572088e+02  3.306602e+02  4.918316e+02  8.507407e+02 
 4.317880e-01  1.536468e+02  3.237061e+02  4.815806e+02  8.350682e+02 
 4.378069e-01  1.505576e+02  3.176194e+02  4.729655e+02  8.209050e+02 
 4.439097e-01  1.479910e+02  3.136256e+02  4.681660e+02  8.164815e+02 
 4.500975e-01  1.440209e+02  3.062670e+02  4.581227e+02  8.016013e+02 
 4.563716e-01  1.407340e+02  2.995886e+02  4.484651e+02  7.843264e+02 
 4.627332e-01  1.386431e+02  2.967801e+02  4.455608e+02  7.818846e+02 
 4.691835e-01  1.351833e+02  2.899645e+02  4.357470e+02  7.653284e+02 
 4.757236e-01  1.326692e+02  2.851396e+02  4.292465e+02  7.556315e+02 
 4.823549e-01  1.292360e+02  2.781694e+02  4.194897e+02  7.426721e+02 
 4.890787e-01  1.265092e+02  2.729132e+02  4.123690e+02  7.313977e+02 
 4.958962e-01  1.244223e+02  2.688941e+02  4.061504e+02  7.199789e+02 
 5.028087e-01  1.216249e+02  2.640576e+02  3.996126e+02  7.104641e+02 
 5.098176e-01  1.193710e+02  2.599518e+02  3.936595e+02  6.986825e+02 
 5.169242e-01  1.173290e+02  2.561432e+02  3.885840e+02  6.919759e+02 
 5.241298e-01  1.135422e+02  2.496955e+02  3.806466e+02  6.823362e+02 
 5.314359e-01  1.115779e+02  2.466699e+02  3.765383e+02  6.757783e+02 
 5.388438e-01  1.092952e+02  2.416075e+02  3.689896e+02  6.643485e+02 
 5.463550e-01  1.073757e+02  2.378489e+02  3.633840e+02  6.550436e+02 
 5.539709e-01  1.045273e+02  2.328811e+02  3.570693e+02  6.451141e+02 
 5.616930e-01  1.026721e+02  2.292905e+02  3.519662e+02  6.373645e+02 
 5.695227e-01  1.006364e+02  2.259804e+02  3.478842e+02  6.287703e+02 
 5.774615e-01  9.838339e+01  2.208094e+02  3.402426e+02  6.179698e+02 
 5.855110e-01  9.663298e+01  2.175659e+02  3.352012e+02  6.095046e+02 
 5.936727e-01  9.443560e+01  2.125310e+02  3.283085e+02  5.991872e+02 
 6.019482e-01  9.285250e+01  2.101594e+02  3.244313e+02  5.920792e+02 
 6.103390e-01  9.067122e+01  2.064535e+02  3.195898e+02  5.835095e+02 
 6.188468e-01  8.866261e+01  2.031217e+02  3.166339e+02  5.813042e+02 
 6.274732e-01  8.720839e+01  1.994606e+02  3.103564e+02  5.711476e+02 
 6.362198e-01  8.546495e+01  1.964161e+02  3.057959e+02  5.622199e+02 
 6.450884e-01  8.347490e+01  1.928781e+02  3.009645e+02  5.540237e+02 
 6.540806e-01  8.177243e+01  1.888371e+02  2.948561e+02  5.452300e+02 
 6.631981e-01  7.997866e+01  1.860845e+02  2.919044e+02  5.398865e+02 
 6.724427e-01  7.848241e+01  1.828467e+02  2.874052e+02  5.344484e+02 
 6.818162e-01  7.681152e+01  1.796310e+02  2.817184e+02  5.240282e+02 
 6.913204e-01  7.518456e+01  1.763699e+02  2.775658e+02  5.169154e+02 
 7.009570e-01  7.413279e+01  1.738043e+02  2.738101e+02  5.103472e+02 
 7.107280e-01  7.224837e+01  1.708513e+02  2.696567e+02  5.023715e+02 
 7.206351e-01  7.114899e+01  1.682975e+02  2.662164e+02  4.981485e+02 
 7.306804e-01  6.970972e+01  1.657268e+02  2.620313e+02  4.895522e+02 
 7.408657e-01  6.818294e+01  1.625030e+02  2.573958e+02  4.830723e+02 
 7.511929e-01  6.674592e+01  1.595661e+02  2.535939e+02  4.766135e+02 
 7.616642e-01  6.547111e+01  1.567424e+02  2.496259e+02  4.704608e+02 
 7.722814e-01  6.460188e+01  1.551218e+02  2.467935e+02  4.636972e+02 
 7.830465e-01  6.325950e+01  1.521808e+02  2.427034e+02  4.575865e+02 
 7.939618e-01  6.207902e+01  1.501715e+02  2.395134e+02  4.531564e+02 
 8.050292e-01  6.072313e+01  1.474145e+02  2.362295e+02  4.470976e+02 
 8.162509e-01  5.967074e+01  1.452615e+02  2.322699e+02  4.393026e+02 
 8.276289e-01  5.822586e+01  1.423880e+02  2.285485e+02  4.336787e+02 
 8.391656e-01  5.749924e+01  1.407363e+02  2.254307e+02  4.290725e+02 
 8.508632e-01  5.646339e+01  1.383071e+02  2.222657e+02  4.231721e+02 
 8.627237e-01  5.522277e+01  1.361134e+02  2.189694e+02  4.164573e+02 
 8.747496e-01  5.421742e+01  1.338363e+02  2.157300e+02  4.109848e+02 
 8.869432e-01  5.327749e+01  1.318987e+02  2.127761e+02  4.055905e+02 
 8.993067e-01  5.221737e+01  1.298047e+02  2.095531e+02  3.998201e+02 
 9.118425e-01  5.139763e+01  1.276158e+02  2.060750e+02  3.927838e+02 
 9.245531e-01  5.028604e+01  1.254509e+02  2.028171e+02  3.883805e+02 
 9.374409e-01  4.933930e+01  1.235370e+02  2.001990e+02  3.831692e+02 
 9.505083e-01  4.851976e+01  1.216189e+02  1.973259e+02  3.777257e+02 
 9.637579e-01  4.749734e+01  1.192727e+02  1.938449e+02  3.722794e+02 
 9.771921e-01  4.687685e+01  1.185493e+02  1.919822e+02  3.672956e+02 
 9.908137e-01  4.597826e+01  1.163589e+02  1.889419e+02  3.626268e+02 
 1.004625e+00  4.510855e+01  1.142326e+02  1.856659e+02  3.563446e+02 
 1.018629e+00  4.435265e+01  1.126389e+02  1.830938e+02  3.512533e+02 
 1.032828e+00  4.351539e+01  1.108690e+02  1.806671e+02  3.476061e+02 
 1.047225e+00  4.267480e+01  1.092857e+02  1.778075e+02  3.416026e+02 
 1.061823e+00  4.201160e+01  1.077988e+02  1.753660e+02  3.365727e+02 
 1.076624e+00  4.123546e+01  1.060659e+02  1.727073e+02  3.314952e+02 
 1.091632e+00  4.053243e+01  1.043808e+02  1.702428e+02  3.264866e+02 
 1.106848e+00  3.976124e+01  1.025759e+02  1.676274e+02  3.219138e+02 
 1.122277e+00  3.905843e+01  1.011264e+02  1.649266e+02  3.166481e+02 
 1.137921e+00  3.835437e+01  9.940374e+01  1.624037e+02  3.118843e+02 
 1.153783e+00  3.774158e+01  9.785889e+01  1.599153e+02  3.074421e+02 
 1.169866e+00  3.706388e+01  9.638918e+01  1.574701e+02  3.029596e+02 
 1.186174e+00  3.638830e+01  9.496910e+01  1.551385e+02  2.981355e+02 
 1.202708e+00  3.579989e+01  9.347873e+01  1.528087e+02  2.934471e+02 
 1.219473e+00  3.519518e+01  9.209087e+01  1.505798e+02  2.886303e+02 
 1.236472e+00  3.457030e+01  9.068363e+01  1.483847e+02  2.843522e+02 
 1.253708e+00  3.399729e+01  8.921171e+01  1.459566e+02  2.801628e+02 
 1.271184e+00  3.342437e+01  8.816280e+01  1.441100e+02  2.755861e+02 
 1.288904e+00  3.285054e+01  8.647417e+01  1.415352e+02  2.715996e+02 
 1.306870e+00  3.225096e+01  8.512124e+01  1.393395e+02  2.670372e+02 
 1.325087e+00  3.175726e+01  8.385518e+01  1.372009e+02  2.624162e+02 
 1.343558e+00  3.121655e+01  8.252485e+01  1.349984e+02  2.581100e+02 
 1.362287e+00  3.072680e+01  8.118231e+01  1.326934e+02  2.538864e+02 
 1.381276e+00  3.019498e+01  7.990312e+01  1.303911e+02  2.496889e+02 
 1.400531e+00  2.970316e+01  7.864643e+01  1.283784e+02  2.451520e+02 
 1.420053e+00  2.917611e+01  7.732249e+01  1.263665e+02  2.409831e+02 
 1.439848e+00  2.870138e+01  7.615859e+01  1.241724e+02  2.369320e+02 
 1.459919e+00  2.818254e+01  7.489639e+01  1.221100e+02  2.325837e+02 
 1.480269e+00  2.777601e+01  7.357863e+01  1.199970e+02  2.281922e+02 
 1.500903e+00  2.729975e+01  7.241807e+01  1.179203e+02  2.245997e+02 
 1.521825e+00  2.683616e+01  7.134226e+01  1.160640e+02  2.205281e+02 
 1.543038e+00  2.637554e+01  7.015031e+01  1.141954e+02  2.167735e+02 
 1.564548e+00  2.598039e+01  6.900486e+01  1.121961e+02  2.127214e+02 
 1.586357e+00  2.555461e+01  6.795157e+01  1.103269e+02  2.087812e+02 
 1.608469e+00  2.511055e+01  6.685061e+01  1.084568e+02  2.051836e+02 
 1.630891e+00  2.477514e+01  6.562857e+01  1.063910e+02  2.011222e+02 
 1.653624e+00  2.432901e+01  6.452974e+01  1.046448e+02  1.976616e+02 
 1.676675e+00  2.392773e+01  6.356615e+01  1.028771e+02  1.937802e+02 
 1.700047e+00  2.352388e+01  6.248717e+01  1.009997e+02  1.901254e+02 
 1.723745e+00  2.314755e+01  6.139988e+01  9.916093e+01  1.862432e+02 
 1.747773e+00  2.274385e+01  6.031476e+01  9.731641e+01  1.826621e+02 
 1.772136e+00  2.237180e+01  5.926679e+01  9.551600e+01  1.792458e+02 
 1.796838e+00  2.201355e+01  5.823022e+01  9.379009e+01  1.756614e+02 
 1.821885e+00  2.166871e+01  5.720342e+01  9.200045e+01  1.722132e+02 
 1.847281e+00  2.131287e+01  5.629816e+01  9.037014e+01  1.687885e+02 
 1.873032e+00  2.096438e+01  5.524145e+01  8.853020e+01  1.654456e+02 
 1.899141e+00  2.060844e+01  5.422611e+01  8.690923e+01  1.621463e+02 
 1.925614e+00  2.028391e+01  5.329438e+01  8.528251e+01  1.587869e+02 
 1.952456e+00  2.000526e+01  5.239445e+01  8.367436e+01  1.555288e+02 
 1.979672e+00  1.963518e+01  5.148550e+01  8.209899e+01  1.523699e+02 
 2.007267e+00  1.934275e+01  5.054176e+01  8.038608e+01  1.492774e+02 
 2.035248e+00  1.899697e+01  4.958054e+01  7.879559e+01  1.461021e+02 
 2.063618e+00  1.868434e+01  4.864373e+01  7.725936e+01  1.429743e+02 
 2.092383e+00  1.838098e+01  4.774774e+01  7.568231e+01  1.399716e+02 
 2.121550e+00  1.806703e+01  4.682839e+01  7.415291e+01  1.368793e+02 
 2.151123e+00  1.777293e+01  4.594462e+01  7.260550e+01  1.338800e+02 
 2.181109e+00  1.747244e+01  4.505392e+01  7.113279e+01  1.310496e+02 
 2.211512e+00  1.718006e+01  4.415673e+01  6.960745e+01  1.280014e+02 
 2.242340e+00  1.689447e+01  4.333771e+01  6.817103e+01  1.252336e+02 
 2.273597e+00  1.659262e+01  4.247755e+01  6.667050e+01  1.224527e+02 
 2.305289e+00  1.633512e+01  4.164539e+01  6.528952e+01  1.197434e+02 
 2.337424e+00  1.605504e+01  4.080303e+01  6.388184e+01  1.170848e+02 
 2.370006e+00  1.578114e+01  3.999426e+01  6.254027e+01  1.144946e+02 
 2.403043e+00  1.550173e+01  3.919876e+01  6.115714e+01  1.118709e+02 
 2.436540e+00  1.524998e+01  3.842367e+01  5.984632e+01  1.093292e+02 
 2.470504e+00  1.498928e+01  3.766044e+01  5.851942e+01  1.068318e+02 
 2.504942e+00  1.473374e+01  3.691192e+01  5.725791e+01  1.043963e+02 
 2.539859e+00  1.448990e+01  3.614502e+01  5.597265e+01  1.019716e+02 
 2.575263e+00  1.422700e+01  3.538708e+01  5.476646e+01  9.964213e+01 
 2.611161e+00  1.398948e+01  3.464301e+01  5.350054e+01  9.731377e+01 
 2.647559e+00  1.374382e+01  3.390766e+01  5.226204e+01  9.498275e+01 
 2.684465e+00  1.350433e+01  3.320899e+01  5.106199e+01  9.272188e+01 
 2.721885e+00  1.325347e+01  3.246904e+01  4.989291e+01  9.050642e+01 
 2.759826e+00  1.301776e+01  3.174789e+01  4.872013e+01  8.834822e+01 
 2.798297e+00  1.278179e+01  3.107671e+01  4.759320e+01  8.626284e+01 
 2.837304e+00  1.255230e+01  3.039091e+01  4.647612e+01  8.416352e+01 
 2.876854e+00  1.232266e+01  2.971565e+01  4.537394e+01  8.213938e+01 
 2.916956e+00  1.209984e+01  2.906813e+01  4.430374e+01  8.013398e+01 
 2.957617e+00  1.188404e+01  2.843130e+01  4.327128e+01  7.820340e+01 
 2.998844e+00  1.166525e+01  2.780526e+01  4.223979e+01  7.630141e+01 
 3.040646e+00  1.145196e+01  2.717884e+01  4.124104e+01  7.449667e+01 
 3.083031e+00  1.124208e+01  2.656938e+01  4.026002e+01  7.268851e+01 
 3.126007e+00  1.104001e+01  2.597692e+01  3.929831e+01  7.090318e+01 
 3.169582e+00  1.083189e+01  2.537599e+01  3.834135e+01  6.917178e+01 
 3.213764e+00  1.062887e+01  2.479817e+01  3.741049e+01  6.747368e+01 
 3.258562e+00  1.042369e+01  2.423316e+01  3.649770e+01  6.580106e+01 
 3.303985e+00  1.022371e+01  2.365897e+01  3.560103e+01  6.416717e+01 
 3.350041e+00  1.002839e+01  2.309700e+01  3.470717e+01  6.255465e+01 
 3.396739e+00  9.828794e+00  2.255395e+01  3.385322e+01  6.096737e+01 
 3.444087e+00  9.638787e+00  2.201062e+01  3.299633e+01  5.943532e+01 
 3.492096e+00  9.450005e+00  2.149163e+01  3.217719e+01  5.795391e+01 
 3.540774e+00  9.258991e+00  2.098201e+01  3.137894e+01  5.649923e+01 
 3.590130e+00  9.076507e+00  2.047268e+01  3.058559e+01  5.508270e+01 
 3.640175e+00  8.899579e+00  1.998305e+01  2.982896e+01  5.369077e+01 
 3.690917e+00  8.718702e+00  1.951172e+01  2.907457e+01  5.234632e+01 
 3.742366e+00  8.543072e+00  1.903329e+01  2.834815e+01  5.105009e+01 
 3.794533e+00  8.374583e+00  1.858108e+01  2.764021e+01  4.976801e+01 
 3.847427e+00  8.205351e+00  1.812740e+01  2.694756e+01  4.853073e+01 
 3.901058e+00  8.035265e+00  1.769133e+01  2.627480e+01  4.730767e+01 
 3.955436e+00  7.873819e+00  1.725751e+01  2.560121e+01  4.610857e+01 
 4.010573e+00  7.709026e+00  1.683252e+01  2.495714e+01  4.494545e+01 
 4.066478e+00  7.547217e+00  1.641222e+01  2.431592e+01  4.379471e+01 
 4.123163e+00  7.385980e+00  1.600669e+01  2.369071e+01  4.266956e+01 
 4.180637e+00  7.229819e+00  1.560713e+01  2.308238e+01  4.156751e+01 
 4.238913e+00  7.074116e+00  1.521214e+01  2.248295e+01  4.050430e+01 
 4.298001e+00  6.918371e+00  1.482904e+01  2.190358e+01  3.945759e+01 
 4.357913e+00  6.772392e+00  1.445363e+01  2.134265e+01  3.845107e+01 
 4.418660e+00  6.623331e+00  1.409284e+01  2.078809e+01  3.746872e+01 
 4.480254e+00  6.478283e+00  1.373522e+01  2.025349e+01  3.650733e+01 
 4.542706e+00  6.337834e+00  1.338711e+01  1.973021e+01  3.556949e+01 
 4.606029e+00  6.198891e+00  1.305256e+01  1.922641e+01  3.466909e+01 
 4.670234e+00  6.062424e+00  1.272478e+01  1.873641e+01  3.378888e+01 
 4.735335e+00  5.929265e+00  1.240586e+01  1.825574e+01  3.292737e+01 
 4.801343e+00  5.799969e+00  1.209582e+01  1.779059e+01  3.208654e+01 
 4.868271e+00  5.671057e+00  1.179053e+01  1.733384e+01  3.126646e+01 
 4.936132e+00  5.543864e+00  1.149079e+01  1.688707e+01  3.046439e+01 
 5.004939e+00  5.418467e+00  1.119867e+01  1.645025e+01  2.967903e+01 
 5.074705e+00  5.294309e+00  1.091061e+01  1.602058e+01  2.890959e+01 
 5.145444e+00  5.173134e+00  1.063010e+01  1.560454e+01  2.816035e+01 
 5.217169e+00  5.053026e+00  1.035518e+01  1.519311e+01  2.742148e+01 
 5.289893e+00  4.937157e+00  1.008856e+01  1.479971e+01  2.670942e+01 
 5.363631e+00  4.820828e+00  9.827875e+00  1.440906e+01  2.601248e+01 
 5.438397e+00  4.709134e+00  9.573280e+00  1.403303e+01  2.533154e+01 
 5.514206e+00  4.599099e+00  9.326515e+00  1.366715e+01  2.467242e+01 
 5.591071e+00  4.490652e+00  9.086870e+00  1.331073e+01  2.403199e+01 
 5.669007e+00  4.386820e+00  8.852987e+00  1.296571e+01  2.341023e+01 
 5.748030e+00  4.284336e+00  8.626995e+00  1.262853e+01  2.280170e+01 
 5.828155e+00  4.184224e+00  8.406516e+00  1.230291e+01  2.221160e+01 
 5.909396e+00  4.086448e+00  8.192058e+00  1.198537e+01  2.163981e+01 
 5.991770e+00  3.990585e+00  7.982375e+00  1.167453e+01  2.108179e+01 
 6.075292e+00  3.897048e+00  7.779114e+00  1.137291e+01  2.053455e+01 
 6.159978e+00  3.804692e+00  7.579221e+00  1.107839e+01  2.000043e+01 
 6.245845e+00  3.713981e+00  7.383590e+00  1.078961e+01  1.947627e+01 
 6.332908e+00  3.624603e+00  7.191552e+00  1.050558e+01  1.896182e+01 
 6.421186e+00  3.537631e+00  7.004657e+00  1.022865e+01  1.846048e+01 
 6.510694e+00  3.451676e+00  6.821819e+00  9.959318e+00  1.797220e+01 
 6.601449e+00  3.368222e+00  6.644290e+00  9.696694e+00  1.749572e+01 
 6.693470e+00  3.286123e+00  6.470225e+00  9.439882e+00  1.703064e+01 
 6.786773e+00  3.206197e+00  6.301768e+00  9.190676e+00  1.657937e+01 
 6.881377e+00  3.128780e+00  6.138322e+00  8.948441e+00  1.613835e+01 
 6.977300e+00  3.053079e+00  5.979476e+00  8.714509e+00  1.571175e+01 
 7.074559e+00  2.979577e+00  5.824716e+00  8.485215e+00  1.529626e+01 
 7.173175e+00  2.907576e+00  5.674782e+00  8.263901e+00  1.489317e+01 
 7.273165e+00  2.837851e+00  5.529183e+00  8.049422e+00  1.450102e+01 
 7.374549e+00  2.769766e+00  5.387467e+00  7.839315e+00  1.412035e+01 
 7.477346e+00  2.703078e+00  5.249872e+00  7.636384e+00  1.374882e+01 
 7.581576e+00  2.638347e+00  5.114859e+00  7.437263e+00  1.338634e+01 
 7.687260e+00  2.574585e+00  4.983406e+00  7.242688e+00  1.303227e+01 
 7.794416e+00  2.512207e+00  4.854475e+00  7.051700e+00  1.268471e+01 
 7.903066e+00  2.451054e+00  4.728029e+00  6.865062e+00  1.234416e+01 
 8.013230e+00  2.391146e+00  4.605425e+00  6.684214e+00  1.201282e+01 
 8.124930e+00  2.332540e+00  4.485336e+00  6.506946e+00  1.168878e+01 
 8.238187e+00  2.275513e+00  4.368175e+00  6.333678e+00  1.137355e+01 
 8.353023e+00  2.219810e+00  4.254418e+00  6.165907e+00  1.106655e+01 
 8.469460e+00  2.165737e+00  4.143989e+00  6.002652e+00  1.076807e+01 
 8.587519e+00  2.113066e+00  4.036532e+00  5.843918e+00  1.047826e+01 
 8.707225e+00  2.061872e+00  3.932032e+00  5.689942e+00  1.019714e+01 
 8.828599e+00  2.012199e+00  3.831109e+00  5.540610e+00  9.923334e+00 
 8.951665e+00  1.963864e+00  3.733010e+00  5.395489e+00  9.658502e+00 
 9.076446e+00  1.916949e+00  3.637816e+00  5.255079e+00  9.401466e+00 
 9.202967e+00  1.871296e+00  3.545278e+00  5.118670e+00  9.151180e+00 
 9.331251e+00  1.826785e+00  3.455114e+00  4.985453e+00  8.907775e+00 
 9.461324e+00  0.000000e+00  0.000000e+00  0.000000e+00  0.000000e+00 
 9.593209e+00  0.000000e+00  0.000000e+00  0.000000e+00  0.000000e+00 
 9.726934e+00  0.000000e+00  0.000000e+00  0.000000e+00  0.000000e+00 
 9.862522e+00  0.000000e+00  0.000000e+00  0.000000e+00  0.000000e+00 
 1.000000e+01  0.000000e+00  0.000000e+00  0.000000e+00  0.000000e+00 
