 1.000000e-02  5.605717e+03  1.034351e+04  1.409282e+04  2.117775e+04 
 1.013939e-02  5.633851e+03  1.039565e+04  1.416394e+04  2.128453e+04 
 1.028073e-02  5.661474e+03  1.044686e+04  1.423375e+04  2.138935e+04 
 1.042404e-02  5.688578e+03  1.049709e+04  1.430222e+04  2.149214e+04 
 1.056935e-02  5.715137e+03  1.054629e+04  1.436933e+04  2.159284e+04 
 1.071668e-02  5.741126e+03  1.059446e+04  1.443498e+04  2.169134e+04 
 1.086606e-02  5.766536e+03  1.064151e+04  1.449913e+04  2.178759e+04 
 1.101753e-02  5.791336e+03  1.068745e+04  1.456171e+04  2.188149e+04 
 1.117111e-02  5.815506e+03  1.073220e+04  1.462272e+04  2.197295e+04 
 1.132683e-02  5.839015e+03  1.077575e+04  1.468203e+04  2.206192e+04 
 1.148472e-02  5.861855e+03  1.081802e+04  1.473963e+04  2.214827e+04 
 1.164481e-02  5.883999e+03  1.085902e+04  1.479548e+04  2.223195e+04 
 1.180713e-02  5.905423e+03  1.089865e+04  1.484946e+04  2.231285e+04 
 1.197171e-02  5.926099e+03  1.093692e+04  1.490158e+04  2.239092e+04 
 1.213859e-02  5.946017e+03  1.097376e+04  1.495174e+04  2.246602e+04 
 1.230780e-02  5.965147e+03  1.100914e+04  1.499990e+04  2.253810e+04 
 1.247936e-02  5.983468e+03  1.104300e+04  1.504599e+04  2.260710e+04 
 1.265332e-02  6.000957e+03  1.107533e+04  1.508999e+04  2.267288e+04 
 1.282970e-02  6.017595e+03  1.110608e+04  1.513181e+04  2.273541e+04 
 1.300854e-02  6.033353e+03  1.113519e+04  1.517142e+04  2.279461e+04 
 1.318987e-02  6.048220e+03  1.116264e+04  1.520874e+04  2.285034e+04 
 1.337373e-02  6.062171e+03  1.118840e+04  1.524375e+04  2.290260e+04 
 1.356015e-02  6.075177e+03  1.121240e+04  1.527635e+04  2.295121e+04 
 1.374917e-02  6.087217e+03  1.123461e+04  1.530651e+04  2.299614e+04 
 1.394083e-02  6.098261e+03  1.125496e+04  1.533414e+04  2.303725e+04 
 1.413516e-02  6.108298e+03  1.127344e+04  1.535920e+04  2.307453e+04 
 1.433219e-02  6.117289e+03  1.128999e+04  1.538164e+04  2.310779e+04 
 1.453198e-02  6.125214e+03  1.130455e+04  1.540136e+04  2.313699e+04 
 1.473454e-02  6.132045e+03  1.131709e+04  1.541829e+04  2.316199e+04 
 1.493993e-02  6.137769e+03  1.132759e+04  1.543246e+04  2.318282e+04 
 1.514819e-02  6.142366e+03  1.133601e+04  1.544380e+04  2.319942e+04 
 1.535935e-02  6.145810e+03  1.134230e+04  1.545224e+04  2.321167e+04 
 1.557345e-02  6.148069e+03  1.134640e+04  1.545769e+04  2.321942e+04 
 1.579053e-02  6.149136e+03  1.134828e+04  1.546012e+04  2.322264e+04 
 1.601064e-02  6.148983e+03  1.134791e+04  1.545947e+04  2.322117e+04 
 1.623382e-02  6.147598e+03  1.134526e+04  1.545570e+04  2.321504e+04 
 1.646012e-02  6.144964e+03  1.134028e+04  1.544876e+04  2.320415e+04 
 1.668956e-02  6.141060e+03  1.133295e+04  1.543861e+04  2.318842e+04 
 1.692220e-02  6.135869e+03  1.132325e+04  1.542522e+04  2.316778e+04 
 1.715809e-02  6.129368e+03  1.131112e+04  1.540851e+04  2.314218e+04 
 1.739726e-02  6.121540e+03  1.129653e+04  1.538845e+04  2.311153e+04 
 1.763977e-02  6.112361e+03  1.127944e+04  1.536499e+04  2.307574e+04 
 1.788566e-02  6.101823e+03  1.125983e+04  1.533808e+04  2.303478e+04 
 1.813498e-02  6.089902e+03  1.123767e+04  1.530768e+04  2.298857e+04 
 1.838777e-02  6.076585e+03  1.121290e+04  1.527376e+04  2.293704e+04 
 1.864409e-02  6.061853e+03  1.118554e+04  1.523626e+04  2.288014e+04 
 1.890397e-02  6.045704e+03  1.115554e+04  1.519520e+04  2.281787e+04 
 1.916748e-02  6.028121e+03  1.112290e+04  1.515050e+04  2.275015e+04 
 1.943467e-02  6.009106e+03  1.108759e+04  1.510218e+04  2.267696e+04 
 1.970558e-02  5.988638e+03  1.104960e+04  1.505020e+04  2.259829e+04 
 1.998026e-02  5.966719e+03  1.100894e+04  1.499456e+04  2.251411e+04 
 2.025878e-02  5.943351e+03  1.096558e+04  1.493526e+04  2.242443e+04 
 2.054117e-02  5.918536e+03  1.091956e+04  1.487234e+04  2.232929e+04 
 2.082751e-02  5.892275e+03  1.087085e+04  1.480575e+04  2.222864e+04 
 2.111783e-02  5.864576e+03  1.081949e+04  1.473552e+04  2.212253e+04 
 2.141220e-02  5.835532e+03  1.076561e+04  1.466184e+04  2.201113e+04 
 2.171068e-02  5.805689e+03  1.071005e+04  1.458565e+04  2.189541e+04 
 2.201331e-02  5.774401e+03  1.065180e+04  1.450582e+04  2.177421e+04 
 2.232016e-02  5.741669e+03  1.059089e+04  1.442236e+04  2.164755e+04 
 2.263130e-02  5.707497e+03  1.052734e+04  1.433526e+04  2.151544e+04 
 2.294676e-02  5.671897e+03  1.046113e+04  1.424456e+04  2.137793e+04 
 2.326663e-02  5.634880e+03  1.039231e+04  1.415031e+04  2.123505e+04 
 2.359095e-02  5.596456e+03  1.032087e+04  1.405251e+04  2.108684e+04 
 2.391980e-02  5.556644e+03  1.024688e+04  1.395120e+04  2.093339e+04 
 2.425323e-02  5.515459e+03  1.017036e+04  1.384645e+04  2.077476e+04 
 2.459130e-02  5.472940e+03  1.009137e+04  1.373834e+04  2.061110e+04 
 2.493409e-02  5.429107e+03  1.000996e+04  1.362692e+04  2.044251e+04 
 2.528166e-02  5.384001e+03  9.926199e+03  1.351231e+04  2.026907e+04 
 2.563407e-02  5.337649e+03  9.840144e+03  1.339459e+04  2.009099e+04 
 2.599140e-02  5.290111e+03  9.751897e+03  1.327388e+04  1.990844e+04 
 2.635371e-02  5.241432e+03  9.661549e+03  1.315031e+04  1.972160e+04 
 2.672106e-02  5.191651e+03  9.569177e+03  1.302398e+04  1.953063e+04 
 2.709354e-02  5.140804e+03  9.474833e+03  1.289498e+04  1.933565e+04 
 2.747121e-02  5.088916e+03  9.378572e+03  1.276337e+04  1.913677e+04 
 2.785414e-02  5.035960e+03  9.280368e+03  1.262915e+04  1.893405e+04 
 2.824241e-02  4.981731e+03  9.179955e+03  1.249203e+04  1.872730e+04 
 2.863610e-02  4.926581e+03  9.077836e+03  1.235260e+04  1.851710e+04 
 2.903527e-02  4.870551e+03  8.974099e+03  1.221097e+04  1.830362e+04 
 2.944000e-02  4.813695e+03  8.868852e+03  1.206729e+04  1.808706e+04 
 2.985038e-02  4.756064e+03  8.762181e+03  1.192168e+04  1.786761e+04 
 3.026648e-02  4.697731e+03  8.654213e+03  1.177431e+04  1.764556e+04 
 3.068838e-02  4.638760e+03  8.545072e+03  1.162534e+04  1.742112e+04 
 3.111616e-02  4.579225e+03  8.434903e+03  1.147498e+04  1.719461e+04 
 3.154990e-02  4.519211e+03  8.323854e+03  1.132344e+04  1.696635e+04 
 3.198969e-02  4.458811e+03  8.212103e+03  1.117093e+04  1.673664e+04 
 3.243561e-02  4.398115e+03  8.099810e+03  1.101771e+04  1.650587e+04 
 3.288774e-02  4.337229e+03  7.987172e+03  1.086401e+04  1.627441e+04 
 3.334618e-02  4.276269e+03  7.874401e+03  1.071013e+04  1.604270e+04 
 3.381101e-02  4.215297e+03  7.761612e+03  1.055625e+04  1.581098e+04 
 3.428231e-02  4.154364e+03  7.648892e+03  1.040246e+04  1.557943e+04 
 3.476019e-02  4.093377e+03  7.536399e+03  1.024932e+04  1.534990e+04 
 3.524473e-02  4.032531e+03  7.424183e+03  1.009657e+04  1.512095e+04 
 3.573602e-02  3.971898e+03  7.312353e+03  9.944344e+03  1.489282e+04 
 3.623416e-02  3.911539e+03  7.201024e+03  9.792817e+03  1.466570e+04 
 3.673925e-02  3.851514e+03  7.090325e+03  9.642136e+03  1.443986e+04 
 3.725137e-02  3.791897e+03  6.980362e+03  9.492469e+03  1.421556e+04 
 3.777064e-02  3.732764e+03  6.871301e+03  9.344023e+03  1.399308e+04 
 3.829714e-02  3.674193e+03  6.763280e+03  9.196995e+03  1.377273e+04 
 3.883098e-02  3.616265e+03  6.656443e+03  9.051585e+03  1.355481e+04 
 3.937226e-02  3.559060e+03  6.550951e+03  8.907993e+03  1.333963e+04 
 3.992109e-02  3.502687e+03  6.446981e+03  8.766483e+03  1.312755e+04 
 4.047757e-02  3.447223e+03  6.344667e+03  8.627197e+03  1.291871e+04 
 4.104181e-02  3.392658e+03  6.243510e+03  8.488919e+03  1.270979e+04 
 4.161391e-02  3.339218e+03  6.144431e+03  8.353486e+03  1.250515e+04 
 4.219398e-02  3.286952e+03  6.047529e+03  8.221020e+03  1.230498e+04 
 4.278214e-02  3.235893e+03  5.952860e+03  8.091601e+03  1.210940e+04 
 4.337850e-02  3.186078e+03  5.860491e+03  7.965326e+03  1.191856e+04 
 4.398317e-02  3.137539e+03  5.770479e+03  7.842257e+03  1.173254e+04 
 4.459628e-02  3.090298e+03  5.682872e+03  7.722480e+03  1.155147e+04 
 4.521792e-02  3.044386e+03  5.597726e+03  7.606053e+03  1.137544e+04 
 4.584824e-02  2.999836e+03  5.515095e+03  7.493047e+03  1.120457e+04 
 4.648734e-02  2.956668e+03  5.435019e+03  7.383527e+03  1.103894e+04 
 4.713535e-02  2.914962e+03  5.358287e+03  7.279263e+03  1.088307e+04 
 4.779239e-02  2.874718e+03  5.284636e+03  7.179598e+03  1.073521e+04 
 4.845859e-02  2.835922e+03  5.213644e+03  7.083544e+03  1.059275e+04 
 4.913407e-02  2.798582e+03  5.145326e+03  6.991106e+03  1.045567e+04 
 4.981898e-02  2.762685e+03  5.079663e+03  6.902270e+03  1.032396e+04 
 5.051342e-02  2.728214e+03  5.016616e+03  6.816985e+03  1.019754e+04 
 5.121755e-02  2.695140e+03  4.956133e+03  6.735181e+03  1.007632e+04 
 5.193150e-02  2.663430e+03  4.898152e+03  6.656778e+03  9.960170e+03 
 5.265540e-02  2.633045e+03  4.842608e+03  6.581682e+03  9.848956e+03 
 5.338938e-02  2.603737e+03  4.788638e+03  6.508291e+03  9.739113e+03 
 5.413360e-02  2.575408e+03  4.735989e+03  6.436190e+03  9.629834e+03 
 5.488820e-02  2.548241e+03  4.685483e+03  6.367007e+03  9.524932e+03 
 5.565331e-02  2.522180e+03  4.637018e+03  6.300594e+03  9.424175e+03 
 5.642908e-02  2.497119e+03  4.590386e+03  6.236675e+03  9.327156e+03 
 5.721568e-02  2.472971e+03  4.545443e+03  6.175057e+03  9.233583e+03 
 5.801323e-02  2.449614e+03  4.501962e+03  6.115430e+03  9.143025e+03 
 5.882190e-02  2.427019e+03  4.459911e+03  6.057764e+03  9.055441e+03 
 5.964185e-02  2.405140e+03  4.419437e+03  6.002531e+03  8.972270e+03 
 6.047322e-02  2.384084e+03  4.381184e+03  5.951057e+03  8.896751e+03 
 6.131619e-02  2.363361e+03  4.343535e+03  5.900380e+03  8.822401e+03 
 6.217090e-02  2.342813e+03  4.306191e+03  5.850113e+03  8.748602e+03 
 6.303753e-02  2.322345e+03  4.268986e+03  5.800017e+03  8.675031e+03 
 6.391624e-02  2.301804e+03  4.231642e+03  5.749729e+03  8.601162e+03 
 6.480720e-02  2.281070e+03  4.193940e+03  5.698958e+03  8.526586e+03 
 6.571058e-02  2.259961e+03  4.155558e+03  5.647264e+03  8.450633e+03 
 6.662655e-02  2.237328e+03  4.112669e+03  5.587643e+03  8.357759e+03 
 6.755528e-02  2.214013e+03  4.068487e+03  5.526211e+03  8.262035e+03 
 6.849697e-02  2.189930e+03  4.022895e+03  5.462875e+03  8.163503e+03 
 6.945178e-02  2.164945e+03  3.975656e+03  5.397314e+03  8.061674e+03 
 7.041990e-02  2.138939e+03  3.926554e+03  5.329236e+03  7.956138e+03 
 7.140151e-02  2.111812e+03  3.875404e+03  5.258401e+03  7.846527e+03 
 7.239681e-02  2.083724e+03  3.822761e+03  5.185850e+03  7.735387e+03 
 7.340598e-02  2.054652e+03  3.768627e+03  5.111667e+03  7.623022e+03 
 7.442922e-02  2.024223e+03  3.712015e+03  5.034129e+03  7.505692e+03 
 7.546673e-02  1.992381e+03  3.652819e+03  4.953106e+03  7.383198e+03 
 7.651869e-02  1.959117e+03  3.591031e+03  4.868578e+03  7.255519e+03 
 7.758532e-02  1.924439e+03  3.526657e+03  4.780566e+03  7.122700e+03 
 7.866682e-02  1.889095e+03  3.462067e+03  4.693269e+03  6.993560e+03 
 7.976339e-02  1.853594e+03  3.398797e+03  4.609382e+03  6.873699e+03 
 8.087525e-02  1.816785e+03  3.333065e+03  4.522118e+03  6.748656e+03 
 8.200261e-02  1.778764e+03  3.265057e+03  4.431700e+03  6.618785e+03 
 8.314568e-02  1.739662e+03  3.195007e+03  4.338458e+03  6.484531e+03 
 8.430468e-02  1.699625e+03  3.123173e+03  4.242736e+03  6.346422e+03 
 8.547985e-02  1.658316e+03  3.048055e+03  4.141615e+03  6.197922e+03 
 8.667139e-02  1.616218e+03  2.971032e+03  4.037475e+03  6.043803e+03 
 8.787954e-02  1.573790e+03  2.893386e+03  3.932464e+03  5.888317e+03 
 8.910453e-02  1.531258e+03  2.815531e+03  3.827147e+03  5.732307e+03 
 9.034660e-02  1.488851e+03  2.737891e+03  3.722103e+03  5.576638e+03 
 9.160598e-02  1.447483e+03  2.663083e+03  3.621798e+03  5.430222e+03 
 9.288292e-02  1.407305e+03  2.591263e+03  3.526317e+03  5.292898e+03 
 9.417766e-02  1.367915e+03  2.520799e+03  3.432573e+03  5.157903e+03 
 9.549045e-02  1.329547e+03  2.452124e+03  3.341163e+03  5.026146e+03 
 9.682153e-02  1.292419e+03  2.385636e+03  3.252639e+03  4.898455e+03 
 9.817117e-02  1.257049e+03  2.322771e+03  3.169391e+03  4.779508e+03 
 9.953962e-02  1.223410e+03  2.263160e+03  3.090635e+03  4.667416e+03 
 1.009272e-01  1.191552e+03  2.206740e+03  3.016115e+03  4.561402e+03 
 1.023340e-01  1.161610e+03  2.153755e+03  2.946175e+03  4.462020e+03 
 1.037605e-01  1.133151e+03  2.102774e+03  2.878269e+03  4.364028e+03 
 1.052069e-01  1.104811e+03  2.049494e+03  2.804901e+03  4.252314e+03 
 1.066734e-01  1.078702e+03  2.000378e+03  2.737241e+03  4.149242e+03 
 1.081604e-01  1.054812e+03  1.955407e+03  2.675256e+03  4.054760e+03 
 1.096681e-01  1.033107e+03  1.914510e+03  2.618851e+03  3.968717e+03 
 1.111968e-01  1.013510e+03  1.877631e+03  2.567894e+03  3.890324e+03 
 1.127468e-01  9.959059e+02  1.844468e+03  2.522017e+03  3.819600e+03 
 1.143184e-01  9.801433e+02  1.814738e+03  2.480840e+03  3.755997e+03 
 1.159120e-01  9.660444e+02  1.788097e+03  2.443893e+03  3.698806e+03 
 1.175277e-01  9.537837e+02  1.765230e+03  2.412339e+03  3.650087e+03 
 1.191660e-01  9.427484e+02  1.744673e+03  2.383964e+03  3.606203e+03 
 1.208271e-01  9.326346e+02  1.725826e+03  2.357929e+03  3.565870e+03 
 1.225114e-01  9.230900e+02  1.707991e+03  2.333247e+03  3.527555e+03 
 1.242191e-01  9.132982e+02  1.689170e+03  2.306887e+03  3.486359e+03 
 1.259506e-01  9.035148e+02  1.670379e+03  2.280576e+03  3.445261e+03 
 1.277063e-01  8.934288e+02  1.651042e+03  2.253535e+03  3.403100e+03 
 1.294865e-01  8.829802e+02  1.631184e+03  2.225818e+03  3.359739e+03 
 1.312915e-01  8.719384e+02  1.610398e+03  2.196875e+03  3.314307e+03 
 1.331216e-01  8.597777e+02  1.587555e+03  2.165146e+03  3.264733e+03 
 1.349772e-01  8.463287e+02  1.562382e+03  2.130300e+03  3.210639e+03 
 1.368587e-01  8.324262e+02  1.537975e+03  2.098345e+03  3.166192e+03 
 1.387665e-01  8.169776e+02  1.510681e+03  2.062434e+03  3.115714e+03 
 1.407008e-01  7.999703e+02  1.480468e+03  2.022504e+03  3.059105e+03 
 1.426621e-01  7.824488e+02  1.449974e+03  1.982475e+03  3.002268e+03 
 1.446507e-01  7.638449e+02  1.417620e+03  1.939947e+03  2.941537e+03 
 1.466671e-01  7.440134e+02  1.382893e+03  1.894099e+03  2.875642e+03 
 1.487115e-01  7.218133e+02  1.342356e+03  1.839377e+03  2.795005e+03 
 1.507845e-01  6.980696e+02  1.298017e+03  1.778831e+03  2.704650e+03 
 1.528864e-01  6.741090e+02  1.253274e+03  1.717717e+03  2.613337e+03 
 1.550175e-01  6.520136e+02  1.213917e+03  1.665543e+03  2.538770e+03 
 1.571784e-01  6.315349e+02  1.178798e+03  1.620176e+03  2.476539e+03 
 1.593694e-01  6.117345e+02  1.144749e+03  1.576100e+03  2.415849e+03 
 1.615909e-01  5.934950e+02  1.113899e+03  1.536506e+03  2.361796e+03 
 1.638434e-01  5.767543e+02  1.085858e+03  1.500715e+03  2.313243e+03 
 1.661273e-01  5.614768e+02  1.060371e+03  1.468275e+03  2.269461e+03 
 1.684430e-01  5.452331e+02  1.030604e+03  1.428222e+03  2.211266e+03 
 1.707910e-01  5.305009e+02  1.003354e+03  1.391390e+03  2.157567e+03 
 1.731717e-01  5.179236e+02  9.803602e+02  1.360491e+03  2.112748e+03 
 1.755856e-01  5.083337e+02  9.638968e+02  1.338944e+03  2.081784e+03 
 1.780332e-01  5.003204e+02  9.503785e+02  1.321447e+03  2.057025e+03 
 1.805149e-01  4.920354e+02  9.342913e+02  1.298606e+03  2.020362e+03 
 1.830312e-01  4.839327e+02  9.173335e+02  1.273503e+03  1.978043e+03 
 1.855825e-01  4.767141e+02  9.021825e+02  1.251090e+03  1.940365e+03 
 1.881694e-01  4.700115e+02  8.887624e+02  1.232138e+03  1.910780e+03 
 1.907924e-01  4.633914e+02  8.755342e+02  1.213478e+03  1.881702e+03 
 1.934520e-01  4.559955e+02  8.606382e+02  1.192544e+03  1.849983e+03 
 1.961486e-01  4.478417e+02  8.442762e+02  1.169620e+03  1.815519e+03 
 1.988828e-01  4.398434e+02  8.289322e+02  1.148409e+03  1.783645e+03 
 2.016551e-01  4.322652e+02  8.154059e+02  1.130142e+03  1.756191e+03 
 2.044661e-01  4.234792e+02  7.994687e+02  1.108440e+03  1.723268e+03 
 2.073162e-01  4.132200e+02  7.799210e+02  1.081086e+03  1.680538e+03 
 2.102061e-01  4.019475e+02  7.584627e+02  1.051099e+03  1.633743e+03 
 2.131362e-01  3.932264e+02  7.458419e+02  1.036429e+03  1.615750e+03 
 2.161073e-01  3.840080e+02  7.323070e+02  1.020526e+03  1.595889e+03 
 2.191197e-01  3.724296e+02  7.125302e+02  9.951949e+02  1.561988e+03 
 2.221741e-01  3.604210e+02  6.914288e+02  9.677455e+02  1.524640e+03 
 2.252711e-01  3.493925e+02  6.727653e+02  9.440763e+02  1.493442e+03 
 2.284112e-01  3.392139e+02  6.557977e+02  9.227881e+02  1.465799e+03 
 2.315951e-01  3.301127e+02  6.400831e+02  9.020198e+02  1.435257e+03 
 2.348235e-01  3.221816e+02  6.262836e+02  8.834750e+02  1.406899e+03 
 2.380968e-01  3.136080e+02  6.098151e+02  8.605129e+02  1.371667e+03 
 2.414157e-01  3.057734e+02  5.944177e+02  8.388803e+02  1.338532e+03 
 2.447809e-01  2.983270e+02  5.797648e+02  8.184648e+02  1.307077e+03 
 2.481930e-01  2.917941e+02  5.669226e+02  8.006127e+02  1.279613e+03 
 2.516527e-01  2.880056e+02  5.600986e+02  7.910521e+02  1.264076e+03 
 2.551606e-01  2.837808e+02  5.520351e+02  7.796676e+02  1.246005e+03 
 2.587174e-01  2.771107e+02  5.379518e+02  7.595414e+02  1.215178e+03 
 2.623238e-01  2.716123e+02  5.271427e+02  7.444630e+02  1.192456e+03 
 2.659804e-01  2.671650e+02  5.194685e+02  7.342762e+02  1.177591e+03 
 2.696881e-01  2.609874e+02  5.078415e+02  7.184063e+02  1.153575e+03 
 2.734474e-01  2.538981e+02  4.943329e+02  6.998979e+02  1.125436e+03 
 2.772591e-01  2.482952e+02  4.850762e+02  6.883272e+02  1.110659e+03 
 2.811239e-01  2.420823e+02  4.742850e+02  6.744546e+02  1.092802e+03 
 2.850426e-01  2.354272e+02  4.621801e+02  6.585606e+02  1.072585e+03 
 2.890160e-01  2.290567e+02  4.515521e+02  6.450183e+02  1.053747e+03 
 2.930447e-01  2.229341e+02  4.411737e+02  6.313189e+02  1.032938e+03 
 2.971296e-01  2.171954e+02  4.303650e+02  6.154187e+02  1.005347e+03 
 3.012714e-01  2.119759e+02  4.213816e+02  6.035680e+02  9.879351e+02 
 3.054710e-01  2.070611e+02  4.130517e+02  5.930569e+02  9.739965e+02 
 3.097291e-01  2.015787e+02  4.026749e+02  5.790982e+02  9.541690e+02 
 3.140465e-01  1.968075e+02  3.929634e+02  5.650439e+02  9.309526e+02 
 3.184242e-01  1.927432e+02  3.846978e+02  5.530066e+02  9.109507e+02 
 3.228628e-01  1.895177e+02  3.788993e+02  5.453488e+02  9.009282e+02 
 3.273634e-01  1.852067e+02  3.699313e+02  5.322376e+02  8.795716e+02 
 3.319266e-01  1.807175e+02  3.609278e+02  5.195900e+02  8.602748e+02 
 3.365535e-01  1.762764e+02  3.527154e+02  5.088299e+02  8.456779e+02 
 3.412449e-01  1.730467e+02  3.483338e+02  5.036707e+02  8.375780e+02 
 3.460016e-01  1.694371e+02  3.424047e+02  4.960051e+02  8.267786e+02 
 3.508247e-01  1.657474e+02  3.358139e+02  4.871571e+02  8.136981e+02 
 3.557150e-01  1.620588e+02  3.289939e+02  4.778826e+02  7.993354e+02 
 3.606735e-01  1.577876e+02  3.214098e+02  4.678870e+02  7.853070e+02 
 3.657011e-01  1.528149e+02  3.119854e+02  4.548451e+02  7.666573e+02 
 3.707988e-01  1.487545e+02  3.041187e+02  4.439754e+02  7.503254e+02 
 3.759675e-01  1.451463e+02  2.971123e+02  4.342421e+02  7.354458e+02 
 3.812083e-01  1.416198e+02  2.906000e+02  4.253364e+02  7.220134e+02 
 3.865221e-01  1.387096e+02  2.861191e+02  4.201202e+02  7.139046e+02 
 3.919100e-01  1.357582e+02  2.791917e+02  4.093534e+02  6.981948e+02 
 3.973730e-01  1.325041e+02  2.734951e+02  4.021459e+02  6.868780e+02 
 4.029122e-01  1.298159e+02  2.691932e+02  3.962168e+02  6.760835e+02 
 4.085286e-01  1.271668e+02  2.634823e+02  3.878927e+02  6.638856e+02 
 4.142232e-01  1.239388e+02  2.567855e+02  3.788187e+02  6.522302e+02 
 4.199973e-01  1.206488e+02  2.509731e+02  3.713561e+02  6.413681e+02 
 4.258518e-01  1.178951e+02  2.458692e+02  3.641524e+02  6.291210e+02 
 4.317880e-01  1.149559e+02  2.402184e+02  3.557609e+02  6.158542e+02 
 4.378069e-01  1.123785e+02  2.350204e+02  3.482741e+02  6.034759e+02 
 4.439097e-01  1.102262e+02  2.315483e+02  3.439117e+02  5.985525e+02 
 4.500975e-01  1.070760e+02  2.255974e+02  3.357538e+02  5.863148e+02 
 4.563716e-01  1.044712e+02  2.201420e+02  3.278427e+02  5.723961e+02 
 4.627332e-01  1.027685e+02  2.176703e+02  3.250432e+02  5.695822e+02 
 4.691835e-01  1.000917e+02  2.123211e+02  3.174224e+02  5.569202e+02 
 4.757236e-01  9.816119e+01  2.084330e+02  3.119916e+02  5.484596e+02 
 4.823549e-01  9.549997e+01  2.030196e+02  3.042056e+02  5.374873e+02 
 4.890787e-01  9.331540e+01  1.986664e+02  2.982861e+02  5.282754e+02 
 4.958962e-01  9.159010e+01  1.953122e+02  2.931344e+02  5.188374e+02 
 5.028087e-01  8.929948e+01  1.913030e+02  2.876637e+02  5.106800e+02 
 5.098176e-01  8.745842e+01  1.878480e+02  2.827559e+02  5.013298e+02 
 5.169242e-01  8.578253e+01  1.846315e+02  2.782962e+02  4.952345e+02 
 5.241298e-01  8.285776e+01  1.794894e+02  2.718338e+02  4.870844e+02 
 5.314359e-01  8.128409e+01  1.770800e+02  2.686034e+02  4.816497e+02 
 5.388438e-01  7.948950e+01  1.729761e+02  2.624016e+02  4.720290e+02 
 5.463550e-01  7.795746e+01  1.699716e+02  2.579436e+02  4.644635e+02 
 5.539709e-01  7.573293e+01  1.659067e+02  2.527550e+02  4.565434e+02 
 5.616930e-01  7.425203e+01  1.629896e+02  2.485730e+02  4.502123e+02 
 5.695227e-01  7.262533e+01  1.601657e+02  2.450914e+02  4.436555e+02 
 5.774615e-01  7.086825e+01  1.561157e+02  2.389510e+02  4.344736e+02 
 5.855110e-01  6.946649e+01  1.535437e+02  2.350962e+02  4.277185e+02 
 5.936727e-01  6.776770e+01  1.496481e+02  2.295107e+02  4.192643e+02 
 6.019482e-01  6.647066e+01  1.475683e+02  2.262756e+02  4.133065e+02 
 6.103390e-01  6.478174e+01  1.446027e+02  2.224894e+02  4.069709e+02 
 6.188468e-01  6.326079e+01  1.418577e+02  2.197027e+02  4.048092e+02 
 6.274732e-01  6.208883e+01  1.389562e+02  2.147053e+02  3.963763e+02 
 6.362198e-01  6.067824e+01  1.365354e+02  2.112984e+02  3.899188e+02 
 6.450884e-01  5.912624e+01  1.336664e+02  2.073134e+02  3.831153e+02 
 6.540806e-01  5.780229e+01  1.305123e+02  2.025008e+02  3.757566e+02 
 6.631981e-01  5.637409e+01  1.280530e+02  1.997398e+02  3.713426e+02 
 6.724427e-01  5.518523e+01  1.255111e+02  1.960805e+02  3.666122e+02 
 6.818162e-01  5.385554e+01  1.230058e+02  1.918280e+02  3.585684e+02 
 6.913204e-01  5.258732e+01  1.203778e+02  1.884046e+02  3.529467e+02 
 7.009570e-01  5.175581e+01  1.183306e+02  1.853527e+02  3.477902e+02 
 7.107280e-01  5.029342e+01  1.160057e+02  1.822157e+02  3.418140e+02 
 7.206351e-01  4.943041e+01  1.139382e+02  1.793415e+02  3.381861e+02 
 7.306804e-01  4.831682e+01  1.119963e+02  1.762570e+02  3.317585e+02 
 7.408657e-01  4.716660e+01  1.095483e+02  1.727297e+02  3.268450e+02 
 7.511929e-01  4.608527e+01  1.072756e+02  1.697789e+02  3.220623e+02 
 7.616642e-01  4.513791e+01  1.051000e+02  1.666428e+02  3.172412e+02 
 7.722814e-01  4.442200e+01  1.038640e+02  1.646124e+02  3.126733e+02 
 7.830465e-01  4.343081e+01  1.016452e+02  1.614306e+02  3.081558e+02 
 7.939618e-01  4.252876e+01  1.001201e+02  1.590670e+02  3.041758e+02 
 8.050292e-01  4.151473e+01  9.795570e+01  1.565003e+02  2.999462e+02 
 8.162509e-01  4.068000e+01  9.635060e+01  1.537348e+02  2.942268e+02 
 8.276289e-01  3.961737e+01  9.417658e+01  1.508301e+02  2.900106e+02 
 8.391656e-01  3.900951e+01  9.290126e+01  1.483948e+02  2.860638e+02 
 8.508632e-01  3.824192e+01  9.108358e+01  1.460787e+02  2.819617e+02 
 8.627237e-01  3.729808e+01  8.938723e+01  1.435759e+02  2.770357e+02 
 8.747496e-01  3.654295e+01  8.763481e+01  1.411159e+02  2.730269e+02 
 8.869432e-01  3.581818e+01  8.619474e+01  1.389315e+02  2.693200e+02 
 8.993067e-01  3.500237e+01  8.461537e+01  1.365655e+02  2.649576e+02 
 9.118425e-01  3.439979e+01  8.300010e+01  1.340239e+02  2.600101e+02 
 9.245531e-01  3.355912e+01  8.143121e+01  1.316419e+02  2.564965e+02 
 9.374409e-01  3.283044e+01  7.993920e+01  1.296274e+02  2.529151e+02 
 9.505083e-01  3.219896e+01  7.847380e+01  1.274807e+02  2.488644e+02 
 9.637579e-01  3.144794e+01  7.682000e+01  1.249726e+02  2.448648e+02 
 9.771921e-01  3.091281e+01  7.618491e+01  1.236335e+02  2.413455e+02 
 9.908137e-01  3.024190e+01  7.456491e+01  1.213127e+02  2.377407e+02 
 1.004625e+00  2.959117e+01  7.301087e+01  1.189863e+02  2.334570e+02 
 1.018629e+00  2.902883e+01  7.183963e+01  1.171332e+02  2.297172e+02 
 1.032828e+00  2.838430e+01  7.049120e+01  1.153127e+02  2.268302e+02 
 1.047225e+00  2.775143e+01  6.930642e+01  1.132849e+02  2.226469e+02 
 1.061823e+00  2.723748e+01  6.822726e+01  1.115638e+02  2.193346e+02 
 1.076624e+00  2.666169e+01  6.699092e+01  1.097103e+02  2.158523e+02 
 1.091632e+00  2.616378e+01  6.573959e+01  1.079969e+02  2.122886e+02 
 1.106848e+00  2.558839e+01  6.446438e+01  1.060828e+02  2.090700e+02 
 1.122277e+00  2.506259e+01  6.346100e+01  1.042204e+02  2.054155e+02 
 1.137921e+00  2.454142e+01  6.221801e+01  1.024249e+02  2.021325e+02 
 1.153783e+00  2.407781e+01  6.115756e+01  1.007716e+02  1.990475e+02 
 1.169866e+00  2.361849e+01  6.015422e+01  9.910790e+01  1.961305e+02 
 1.186174e+00  2.312528e+01  5.916501e+01  9.749243e+01  1.928492e+02 
 1.202708e+00  2.268534e+01  5.812492e+01  9.595783e+01  1.898392e+02 
 1.219473e+00  2.225600e+01  5.715626e+01  9.449265e+01  1.865061e+02 
 1.236472e+00  2.180669e+01  5.618498e+01  9.300253e+01  1.836999e+02 
 1.253708e+00  2.137650e+01  5.520393e+01  9.127580e+01  1.806357e+02 
 1.271184e+00  2.097744e+01  5.442531e+01  9.010017e+01  1.777803e+02 
 1.288904e+00  2.056299e+01  5.329309e+01  8.835214e+01  1.750033e+02 
 1.306870e+00  2.014893e+01  5.237013e+01  8.685760e+01  1.718745e+02 
 1.325087e+00  1.979022e+01  5.151331e+01  8.549935e+01  1.688454e+02 
 1.343558e+00  1.940610e+01  5.060795e+01  8.403706e+01  1.660535e+02 
 1.362287e+00  1.904648e+01  4.972123e+01  8.253628e+01  1.630946e+02 
 1.381276e+00  1.866301e+01  4.890320e+01  8.100369e+01  1.602173e+02 
 1.400531e+00  1.831810e+01  4.805836e+01  7.970626e+01  1.573277e+02 
 1.420053e+00  1.795636e+01  4.715125e+01  7.840014e+01  1.545038e+02 
 1.439848e+00  1.761937e+01  4.641739e+01  7.697571e+01  1.518613e+02 
 1.459919e+00  1.726648e+01  4.559516e+01  7.566057e+01  1.490248e+02 
 1.480269e+00  1.698252e+01  4.474061e+01  7.426105e+01  1.461214e+02 
 1.500903e+00  1.665698e+01  4.401327e+01  7.295419e+01  1.437638e+02 
 1.521825e+00  1.633094e+01  4.328796e+01  7.178014e+01  1.410628e+02 
 1.543038e+00  1.601361e+01  4.251888e+01  7.056311e+01  1.386700e+02 
 1.564548e+00  1.573853e+01  4.179037e+01  6.931047e+01  1.360044e+02 
 1.586357e+00  1.544590e+01  4.110448e+01  6.810037e+01  1.334429e+02 
 1.608469e+00  1.513883e+01  4.038574e+01  6.688175e+01  1.310550e+02 
 1.630891e+00  1.490357e+01  3.962454e+01  6.555345e+01  1.283327e+02 
 1.653624e+00  1.460280e+01  3.891292e+01  6.444259e+01  1.260963e+02 
 1.676675e+00  1.432513e+01  3.829210e+01  6.333583e+01  1.235830e+02 
 1.700047e+00  1.405721e+01  3.762630e+01  6.217468e+01  1.212635e+02 
 1.723745e+00  1.382029e+01  3.693684e+01  6.105471e+01  1.187806e+02 
 1.747773e+00  1.354575e+01  3.626190e+01  5.990239e+01  1.164279e+02 
 1.772136e+00  1.329709e+01  3.563731e+01  5.877580e+01  1.142235e+02 
 1.796838e+00  1.306227e+01  3.499233e+01  5.769732e+01  1.119269e+02 
 1.821885e+00  1.285162e+01  3.437156e+01  5.659541e+01  1.097432e+02 
 1.847281e+00  1.260317e+01  3.380543e+01  5.561986e+01  1.075759e+02 
 1.873032e+00  1.238035e+01  3.319875e+01  5.446565e+01  1.054458e+02 
 1.899141e+00  1.215791e+01  3.256244e+01  5.347399e+01  1.033024e+02 
 1.925614e+00  1.194914e+01  3.199469e+01  5.249390e+01  1.011244e+02 
 1.952456e+00  1.176573e+01  3.145643e+01  5.153658e+01  9.905358e+01 
 1.979672e+00  1.152775e+01  3.091240e+01  5.054896e+01  9.701496e+01 
 2.007267e+00  1.133608e+01  3.034870e+01  4.949739e+01  9.505129e+01 
 2.035248e+00  1.112290e+01  2.976222e+01  4.853146e+01  9.297694e+01 
 2.063618e+00  1.092280e+01  2.919288e+01  4.756770e+01  9.097159e+01 
 2.092383e+00  1.073669e+01  2.865564e+01  4.660263e+01  8.900714e+01 
 2.121550e+00  1.053698e+01  2.810672e+01  4.567302e+01  8.709406e+01 
 2.151123e+00  1.035364e+01  2.759216e+01  4.473589e+01  8.513778e+01 
 2.181109e+00  1.016663e+01  2.704714e+01  4.383265e+01  8.332061e+01 
 2.211512e+00  9.990865e+00  2.652133e+01  4.290481e+01  8.141446e+01 
 2.242340e+00  9.812229e+00  2.604272e+01  4.205075e+01  7.964062e+01 
 2.273597e+00  9.629387e+00  2.554444e+01  4.115193e+01  7.786070e+01 
 2.305289e+00  9.471276e+00  2.504592e+01  4.031236e+01  7.613824e+01 
 2.337424e+00  9.306303e+00  2.455412e+01  3.946040e+01  7.445052e+01 
 2.370006e+00  9.138306e+00  2.407691e+01  3.863639e+01  7.279942e+01 
 2.403043e+00  8.966384e+00  2.361217e+01  3.780221e+01  7.112348e+01 
 2.436540e+00  8.815418e+00  2.315951e+01  3.701019e+01  6.948813e+01 
 2.470504e+00  8.659185e+00  2.270388e+01  3.620347e+01  6.789303e+01 
 2.504942e+00  8.507462e+00  2.226229e+01  3.543469e+01  6.634358e+01 
 2.539859e+00  8.361960e+00  2.180692e+01  3.465509e+01  6.476061e+01 
 2.575263e+00  8.205439e+00  2.135097e+01  3.391763e+01  6.328798e+01 
 2.611161e+00  8.064219e+00  2.092907e+01  3.314606e+01  6.179436e+01 
 2.647559e+00  7.919621e+00  2.049884e+01  3.239994e+01  6.030859e+01 
 2.684465e+00  7.777886e+00  2.009178e+01  3.167724e+01  5.887264e+01 
 2.721885e+00  7.632106e+00  1.965370e+01  3.096577e+01  5.747632e+01 
 2.759826e+00  7.496845e+00  1.923666e+01  3.025784e+01  5.609999e+01 
 2.798297e+00  7.358715e+00  1.884325e+01  2.956815e+01  5.478036e+01 
 2.837304e+00  7.226643e+00  1.844264e+01  2.889298e+01  5.346778e+01 
 2.876854e+00  7.094516e+00  1.804617e+01  2.823344e+01  5.219412e+01 
 2.916956e+00  6.967162e+00  1.767090e+01  2.758977e+01  5.091167e+01 
 2.957617e+00  6.842808e+00  1.729617e+01  2.696638e+01  4.968852e+01 
 2.998844e+00  6.718464e+00  1.693088e+01  2.634367e+01  4.848555e+01 
 3.040646e+00  6.595965e+00  1.656394e+01  2.572435e+01  4.733616e+01 
 3.083031e+00  6.476189e+00  1.620040e+01  2.512547e+01  4.617771e+01 
 3.126007e+00  6.358839e+00  1.585511e+01  2.453914e+01  4.504279e+01 
 3.169582e+00  6.240821e+00  1.549865e+01  2.394271e+01  4.393291e+01 
 3.213764e+00  6.124437e+00  1.515590e+01  2.337512e+01  4.285111e+01 
 3.258562e+00  6.008466e+00  1.482365e+01  2.281957e+01  4.178798e+01 
 3.303985e+00  5.895929e+00  1.448356e+01  2.226452e+01  4.074918e+01 
 3.350041e+00  5.786096e+00  1.415123e+01  2.172461e+01  3.973117e+01 
 3.396739e+00  5.674506e+00  1.382826e+01  2.120209e+01  3.872966e+01 
 3.444087e+00  5.566444e+00  1.351029e+01  2.067240e+01  3.775958e+01 
 3.492096e+00  5.461442e+00  1.320227e+01  2.017393e+01  3.682290e+01 
 3.540774e+00  5.353114e+00  1.289803e+01  1.968411e+01  3.590184e+01 
 3.590130e+00  5.251745e+00  1.259835e+01  1.919687e+01  3.500831e+01 
 3.640175e+00  5.151175e+00  1.230723e+01  1.873372e+01  3.413564e+01 
 3.690917e+00  5.049969e+00  1.202848e+01  1.826266e+01  3.327646e+01 
 3.742366e+00  4.951751e+00  1.173994e+01  1.781658e+01  3.245044e+01 
 3.794533e+00  4.856497e+00  1.146746e+01  1.737755e+01  3.163246e+01 
 3.847427e+00  4.759931e+00  1.119518e+01  1.694273e+01  3.084143e+01 
 3.901058e+00  4.664705e+00  1.092881e+01  1.652139e+01  3.005530e+01 
 3.955436e+00  4.574383e+00  1.066810e+01  1.610141e+01  2.928680e+01 
 4.010573e+00  4.480427e+00  1.041012e+01  1.569865e+01  2.854824e+01 
 4.066478e+00  4.388984e+00  1.015440e+01  1.529868e+01  2.781309e+01 
 4.123163e+00  4.298568e+00  9.909580e+00  1.490797e+01  2.709681e+01 
 4.180637e+00  4.211824e+00  9.669214e+00  1.453037e+01  2.639891e+01 
 4.238913e+00  4.124360e+00  9.429257e+00  1.415604e+01  2.572386e+01 
 4.298001e+00  4.037054e+00  9.196488e+00  1.379620e+01  2.505994e+01 
 4.357913e+00  3.954991e+00  8.968344e+00  1.344443e+01  2.442108e+01 
 4.418660e+00  3.871991e+00  8.749352e+00  1.309734e+01  2.379876e+01 
 4.480254e+00  3.790086e+00  8.532106e+00  1.276195e+01  2.318649e+01 
 4.542706e+00  3.711092e+00  8.319618e+00  1.243388e+01  2.259259e+01 
 4.606029e+00  3.632338e+00  8.115152e+00  1.211512e+01  2.201764e+01 
 4.670234e+00  3.554808e+00  7.912654e+00  1.180918e+01  2.145683e+01 
 4.735335e+00  3.479505e+00  7.716006e+00  1.150554e+01  2.090622e+01 
 4.801343e+00  3.405832e+00  7.524737e+00  1.120992e+01  2.036472e+01 
 4.868271e+00  3.331560e+00  7.334312e+00  1.091869e+01  1.983674e+01 
 4.936132e+00  3.259217e+00  7.147700e+00  1.063340e+01  1.932104e+01 
 5.004939e+00  3.187111e+00  6.965715e+00  1.035692e+01  1.881494e+01 
 5.074705e+00  3.116051e+00  6.787891e+00  1.008317e+01  1.817882e+01 
 5.145444e+00  3.047395e+00  6.613763e+00  9.818751e+00  1.784210e+01 
 5.217169e+00  2.978531e+00  6.442787e+00  9.559909e+00  1.737165e+01 
 5.289893e+00  2.912539e+00  6.277146e+00  9.310053e+00  1.691772e+01 
 5.363631e+00  2.846152e+00  6.115223e+00  9.063324e+00  1.647243e+01 
 5.438397e+00  2.782131e+00  5.956980e+00  8.825632e+00  1.603790e+01 
 5.514206e+00  2.719117e+00  5.803459e+00  8.593293e+00  1.561723e+01 
 5.591071e+00  2.656644e+00  5.654317e+00  8.367711e+00  1.520696e+01 
 5.669007e+00  2.596860e+00  5.509010e+00  8.148661e+00  1.481189e+01 
 5.748030e+00  2.537461e+00  5.366819e+00  7.934653e+00  1.442236e+01 
 5.828155e+00  2.479414e+00  5.228618e+00  7.727206e+00  1.404492e+01 
 5.909396e+00  2.422346e+00  5.093602e+00  7.524472e+00  1.367774e+01 
 5.991770e+00  2.366130e+00  4.961320e+00  7.325352e+00  1.331876e+01 
 6.075292e+00  2.310928e+00  4.832283e+00  7.132109e+00  1.296332e+01 
 6.159978e+00  2.256545e+00  4.705342e+00  6.942703e+00  1.261970e+01 
 6.245845e+00  2.203465e+00  4.581713e+00  6.758296e+00  1.228327e+01 
 6.332908e+00  2.151004e+00  4.460811e+00  6.577229e+00  1.195343e+01 
 6.421186e+00  2.099850e+00  4.343329e+00  6.401054e+00  1.163288e+01 
 6.510694e+00  2.049587e+00  4.228618e+00  6.230082e+00  1.132146e+01 
 6.601449e+00  2.000755e+00  4.117176e+00  6.063603e+00  1.101735e+01 
 6.693470e+00  1.952444e+00  4.008492e+00  5.901186e+00  1.072141e+01 
 6.786773e+00  1.905681e+00  3.902592e+00  5.743283e+00  1.043510e+01 
 6.881377e+00  1.859996e+00  3.800075e+00  5.590315e+00  1.015558e+01 
 6.977300e+00  1.815262e+00  3.700454e+00  5.442723e+00  9.884196e+00 
 7.074559e+00  1.771905e+00  3.603505e+00  5.297950e+00  9.620193e+00 
 7.173175e+00  1.729277e+00  3.509411e+00  5.157480e+00  9.364384e+00 
 7.273165e+00  1.687931e+00  3.417726e+00  5.021250e+00  9.115467e+00 
 7.374549e+00  1.647127e+00  3.328150e+00  4.888274e+00  9.013328e+00 
 7.477346e+00  1.607169e+00  3.240838e+00  4.758916e+00  8.635199e+00 
 7.581576e+00  1.568181e+00  3.155215e+00  4.631680e+00  8.403072e+00 
 7.687260e+00  1.529816e+00  3.071981e+00  4.507925e+00  8.176644e+00 
 7.794416e+00  1.492294e+00  2.990910e+00  4.386571e+00  7.955084e+00 
 7.903066e+00  1.455736e+00  2.911128e+00  4.268392e+00  7.738790e+00 
 8.013230e+00  1.419898e+00  2.834136e+00  4.154020e+00  7.528881e+00 
 8.124930e+00  1.384891e+00  2.758929e+00  4.042474e+00  7.324075e+00 
 8.238187e+00  1.350940e+00  2.685871e+00  3.933774e+00  7.124819e+00 
 8.353023e+00  1.317672e+00  2.614823e+00  3.828069e+00  6.931122e+00 
 8.469460e+00  1.285370e+00  2.545891e+00  3.725830e+00  6.743433e+00 
 8.587519e+00  1.253970e+00  2.478828e+00  3.626256e+00  6.560890e+00 
 8.707225e+00  1.223355e+00  2.413739e+00  3.529876e+00  6.383910e+00 
 8.828599e+00  1.193609e+00  2.350763e+00  3.436390e+00  6.211876e+00 
 8.951665e+00  1.164509e+00  2.289653e+00  3.345247e+00  6.045414e+00 
 9.076446e+00  1.136355e+00  2.230017e+00  3.256911e+00  5.883092e+00 
 9.202967e+00  1.108761e+00  2.171967e+00  3.171004e+00  5.724974e+00 
 9.331251e+00  1.081744e+00  2.115309e+00  3.086841e+00  5.570697e+00 
 9.461324e+00  0.000000e+00  0.000000e+00  0.000000e+00  0.000000e+00 
 9.593209e+00  0.000000e+00  0.000000e+00  0.000000e+00  0.000000e+00 
 9.726934e+00  0.000000e+00  0.000000e+00  0.000000e+00  0.000000e+00 
 9.862522e+00  0.000000e+00  0.000000e+00  0.000000e+00  0.000000e+00 
 1.000000e+01  0.000000e+00  0.000000e+00  0.000000e+00  0.000000e+00 
