 1.000000e-02  5.525538e+03  1.014405e+04  1.379921e+04  2.074343e+04 
 1.013939e-02  5.556066e+03  1.020035e+04  1.387587e+04  2.085852e+04 
 1.028073e-02  5.586162e+03  1.025586e+04  1.395142e+04  2.097195e+04 
 1.042404e-02  5.615806e+03  1.031053e+04  1.402583e+04  2.108364e+04 
 1.056935e-02  5.644985e+03  1.036433e+04  1.409907e+04  2.119355e+04 
 1.071668e-02  5.673676e+03  1.041723e+04  1.417106e+04  2.130157e+04 
 1.086606e-02  5.701859e+03  1.046919e+04  1.424176e+04  2.140765e+04 
 1.101753e-02  5.729516e+03  1.052017e+04  1.431112e+04  2.151170e+04 
 1.117111e-02  5.756618e+03  1.057011e+04  1.437909e+04  2.161362e+04 
 1.132683e-02  5.783150e+03  1.061901e+04  1.444560e+04  2.171334e+04 
 1.148472e-02  5.809093e+03  1.066681e+04  1.451062e+04  2.181083e+04 
 1.164481e-02  5.834420e+03  1.071347e+04  1.457409e+04  2.190596e+04 
 1.180713e-02  5.859114e+03  1.075896e+04  1.463595e+04  2.199864e+04 
 1.197171e-02  5.883153e+03  1.080324e+04  1.469616e+04  2.208883e+04 
 1.213859e-02  5.906516e+03  1.084626e+04  1.475465e+04  2.217643e+04 
 1.230780e-02  5.929174e+03  1.088799e+04  1.481136e+04  2.226135e+04 
 1.247936e-02  5.951113e+03  1.092837e+04  1.486625e+04  2.234350e+04 
 1.265332e-02  5.972309e+03  1.096738e+04  1.491928e+04  2.242284e+04 
 1.282970e-02  5.992748e+03  1.100500e+04  1.497039e+04  2.249928e+04 
 1.300854e-02  6.012400e+03  1.104116e+04  1.501951e+04  2.257270e+04 
 1.318987e-02  6.031243e+03  1.107583e+04  1.506659e+04  2.264307e+04 
 1.337373e-02  6.049261e+03  1.110897e+04  1.511159e+04  2.271027e+04 
 1.356015e-02  6.066435e+03  1.114054e+04  1.515447e+04  2.277426e+04 
 1.374917e-02  6.082734e+03  1.117051e+04  1.519513e+04  2.283492e+04 
 1.394083e-02  6.098137e+03  1.119881e+04  1.523354e+04  2.289217e+04 
 1.413516e-02  6.112618e+03  1.122542e+04  1.526962e+04  2.294590e+04 
 1.433219e-02  6.126156e+03  1.125029e+04  1.530333e+04  2.299606e+04 
 1.453198e-02  6.138726e+03  1.127336e+04  1.533459e+04  2.304253e+04 
 1.473454e-02  6.150308e+03  1.129462e+04  1.536337e+04  2.308524e+04 
 1.493993e-02  6.160870e+03  1.131398e+04  1.538959e+04  2.312407e+04 
 1.514819e-02  6.170446e+03  1.133156e+04  1.541335e+04  2.315924e+04 
 1.535935e-02  6.178983e+03  1.134723e+04  1.543452e+04  2.319051e+04 
 1.557345e-02  6.186450e+03  1.136091e+04  1.545300e+04  2.321772e+04 
 1.579053e-02  6.192815e+03  1.137255e+04  1.546870e+04  2.324073e+04 
 1.601064e-02  6.198061e+03  1.138215e+04  1.548159e+04  2.325950e+04 
 1.623382e-02  6.202165e+03  1.138964e+04  1.549162e+04  2.327395e+04 
 1.646012e-02  6.205116e+03  1.139499e+04  1.549874e+04  2.328402e+04 
 1.668956e-02  6.206893e+03  1.139819e+04  1.550290e+04  2.328965e+04 
 1.692220e-02  6.207479e+03  1.139919e+04  1.550408e+04  2.329076e+04 
 1.715809e-02  6.206854e+03  1.139796e+04  1.550222e+04  2.328729e+04 
 1.739726e-02  6.204998e+03  1.139445e+04  1.549726e+04  2.327914e+04 
 1.763977e-02  6.201887e+03  1.138864e+04  1.548915e+04  2.326625e+04 
 1.788566e-02  6.197502e+03  1.138047e+04  1.547785e+04  2.324855e+04 
 1.813498e-02  6.191832e+03  1.136994e+04  1.546331e+04  2.322597e+04 
 1.838777e-02  6.184855e+03  1.135700e+04  1.544549e+04  2.319846e+04 
 1.864409e-02  6.176559e+03  1.134163e+04  1.542435e+04  2.316595e+04 
 1.890397e-02  6.166918e+03  1.132378e+04  1.539985e+04  2.312835e+04 
 1.916748e-02  6.155933e+03  1.130345e+04  1.537197e+04  2.308567e+04 
 1.943467e-02  6.143584e+03  1.128061e+04  1.534066e+04  2.303783e+04 
 1.970558e-02  6.129870e+03  1.125526e+04  1.530593e+04  2.298485e+04 
 1.998026e-02  6.114780e+03  1.122738e+04  1.526775e+04  2.292666e+04 
 2.025878e-02  6.098307e+03  1.119694e+04  1.522611e+04  2.286325e+04 
 2.054117e-02  6.080447e+03  1.116396e+04  1.518097e+04  2.279459e+04 
 2.082751e-02  6.061208e+03  1.112844e+04  1.513239e+04  2.272073e+04 
 2.111783e-02  6.040588e+03  1.109036e+04  1.508034e+04  2.264166e+04 
 2.141220e-02  6.018677e+03  1.104988e+04  1.502497e+04  2.255749e+04 
 2.171068e-02  5.995959e+03  1.100767e+04  1.496698e+04  2.246874e+04 
 2.201331e-02  5.971854e+03  1.096290e+04  1.490552e+04  2.237476e+04 
 2.232016e-02  5.946360e+03  1.091559e+04  1.484059e+04  2.227552e+04 
 2.263130e-02  5.919476e+03  1.086570e+04  1.477216e+04  2.217105e+04 
 2.294676e-02  5.891209e+03  1.081328e+04  1.470026e+04  2.206135e+04 
 2.326663e-02  5.861560e+03  1.075830e+04  1.462491e+04  2.194645e+04 
 2.359095e-02  5.830539e+03  1.070081e+04  1.454611e+04  2.182637e+04 
 2.391980e-02  5.798160e+03  1.064081e+04  1.446391e+04  2.170118e+04 
 2.425323e-02  5.764436e+03  1.057834e+04  1.437835e+04  2.157094e+04 
 2.459130e-02  5.729389e+03  1.051344e+04  1.428948e+04  2.143571e+04 
 2.493409e-02  5.693041e+03  1.044615e+04  1.419735e+04  2.129560e+04 
 2.528166e-02  5.655422e+03  1.037652e+04  1.410204e+04  2.115071e+04 
 2.563407e-02  5.616565e+03  1.030461e+04  1.400363e+04  2.100116e+04 
 2.599140e-02  5.576505e+03  1.023049e+04  1.390222e+04  2.084711e+04 
 2.635371e-02  5.535287e+03  1.015424e+04  1.379791e+04  2.068871e+04 
 2.672106e-02  5.492955e+03  1.007595e+04  1.369083e+04  2.052614e+04 
 2.709354e-02  5.449539e+03  9.995666e+03  1.358103e+04  2.035951e+04 
 2.747121e-02  5.405061e+03  9.913433e+03  1.346859e+04  2.018892e+04 
 2.785414e-02  5.359482e+03  9.829199e+03  1.335345e+04  2.001433e+04 
 2.824241e-02  5.312557e+03  9.742603e+03  1.323521e+04  1.983537e+04 
 2.863610e-02  5.264662e+03  9.654229e+03  1.311455e+04  1.965280e+04 
 2.903527e-02  5.215836e+03  9.564149e+03  1.299157e+04  1.946675e+04 
 2.944000e-02  5.166123e+03  9.472440e+03  1.286639e+04  1.927740e+04 
 2.985038e-02  5.115570e+03  9.379190e+03  1.273912e+04  1.908495e+04 
 3.026648e-02  5.064231e+03  9.284500e+03  1.260989e+04  1.888956e+04 
 3.068838e-02  5.012164e+03  9.188479e+03  1.247886e+04  1.869149e+04 
 3.111616e-02  4.959435e+03  9.091245e+03  1.234619e+04  1.849097e+04 
 3.154990e-02  4.906113e+03  8.992927e+03  1.221204e+04  1.828827e+04 
 3.198969e-02  4.852273e+03  8.893659e+03  1.207661e+04  1.808366e+04 
 3.243561e-02  4.798004e+03  8.793608e+03  1.194012e+04  1.787747e+04 
 3.288774e-02  4.743394e+03  8.692935e+03  1.180278e+04  1.767004e+04 
 3.334618e-02  4.688546e+03  8.591828e+03  1.166487e+04  1.746176e+04 
 3.381101e-02  4.633534e+03  8.490425e+03  1.152656e+04  1.725290e+04 
 3.428231e-02  4.578423e+03  8.388841e+03  1.138800e+04  1.704368e+04 
 3.476019e-02  4.523123e+03  8.287227e+03  1.124977e+04  1.683604e+04 
 3.524473e-02  4.467807e+03  8.185597e+03  1.111153e+04  1.662842e+04 
 3.573602e-02  4.412531e+03  8.084040e+03  1.097339e+04  1.642097e+04 
 3.623416e-02  4.357346e+03  7.982652e+03  1.083547e+04  1.621389e+04 
 3.673925e-02  4.302313e+03  7.881545e+03  1.069795e+04  1.600738e+04 
 3.725137e-02  4.247491e+03  7.780826e+03  1.056097e+04  1.580169e+04 
 3.777064e-02  4.192944e+03  7.680614e+03  1.042466e+04  1.559705e+04 
 3.829714e-02  4.138743e+03  7.581041e+03  1.028924e+04  1.539375e+04 
 3.883098e-02  4.084960e+03  7.482238e+03  1.015485e+04  1.519202e+04 
 3.937226e-02  4.031673e+03  7.384349e+03  1.002173e+04  1.499218e+04 
 3.992109e-02  3.978964e+03  7.287519e+03  9.890040e+03  1.479453e+04 
 4.047757e-02  3.926912e+03  7.191864e+03  9.759913e+03  1.459912e+04 
 4.104181e-02  3.875411e+03  7.096625e+03  9.629690e+03  1.440169e+04 
 4.161391e-02  3.824765e+03  7.002963e+03  9.501618e+03  1.420751e+04 
 4.219398e-02  3.775037e+03  6.910988e+03  9.375849e+03  1.401681e+04 
 4.278214e-02  3.726260e+03  6.820764e+03  9.252466e+03  1.382972e+04 
 4.337850e-02  3.678459e+03  6.732338e+03  9.131531e+03  1.364631e+04 
 4.398317e-02  3.631661e+03  6.645761e+03  9.013114e+03  1.346670e+04 
 4.459628e-02  3.585889e+03  6.561071e+03  8.897270e+03  1.329098e+04 
 4.521792e-02  3.541166e+03  6.478311e+03  8.784058e+03  1.311921e+04 
 4.584824e-02  3.497516e+03  6.397524e+03  8.673534e+03  1.295150e+04 
 4.648734e-02  3.454961e+03  6.318750e+03  8.565749e+03  1.278792e+04 
 4.713535e-02  3.413676e+03  6.243094e+03  8.463036e+03  1.263420e+04 
 4.779239e-02  3.373613e+03  6.170156e+03  8.364513e+03  1.248814e+04 
 4.845859e-02  3.334699e+03  6.099314e+03  8.268829e+03  1.234630e+04 
 4.913407e-02  3.296929e+03  6.030561e+03  8.175976e+03  1.220868e+04 
 4.981898e-02  3.260290e+03  5.963876e+03  8.085920e+03  1.207523e+04 
 5.051342e-02  3.224753e+03  5.899205e+03  7.998595e+03  1.194585e+04 
 5.121755e-02  3.190295e+03  5.836504e+03  7.913936e+03  1.182044e+04 
 5.193150e-02  3.156881e+03  5.775714e+03  7.831862e+03  1.169888e+04 
 5.265540e-02  3.124471e+03  5.716752e+03  7.752273e+03  1.158103e+04 
 5.338938e-02  3.092769e+03  5.658616e+03  7.673305e+03  1.146277e+04 
 5.413360e-02  3.061679e+03  5.601036e+03  7.594498e+03  1.134314e+04 
 5.488820e-02  3.031426e+03  5.544988e+03  7.517778e+03  1.122666e+04 
 5.565331e-02  3.001949e+03  5.490369e+03  7.442998e+03  1.111307e+04 
 5.642908e-02  2.973137e+03  5.436966e+03  7.369869e+03  1.100194e+04 
 5.721568e-02  2.944922e+03  5.384651e+03  7.298219e+03  1.089303e+04 
 5.801323e-02  2.917173e+03  5.333206e+03  7.227763e+03  1.078595e+04 
 5.882190e-02  2.889891e+03  5.282641e+03  7.158518e+03  1.068073e+04 
 5.964185e-02  2.863080e+03  5.233298e+03  7.091305e+03  1.057959e+04 
 6.047322e-02  2.836989e+03  5.186217e+03  7.028154e+03  1.048721e+04 
 6.131619e-02  2.810924e+03  5.139164e+03  6.965025e+03  1.039481e+04 
 6.217090e-02  2.784765e+03  5.091919e+03  6.901611e+03  1.030193e+04 
 6.303753e-02  2.758426e+03  5.044328e+03  6.837707e+03  1.020826e+04 
 6.391624e-02  2.731764e+03  4.996146e+03  6.772996e+03  1.011338e+04 
 6.480720e-02  2.704685e+03  4.947199e+03  6.707252e+03  1.001696e+04 
 6.571058e-02  2.677037e+03  4.897207e+03  6.640101e+03  9.918445e+03 
 6.662655e-02  2.647498e+03  4.841777e+03  6.563460e+03  9.799850e+03 
 6.755528e-02  2.617129e+03  4.784778e+03  6.484641e+03  9.677857e+03 
 6.849697e-02  2.585877e+03  4.726178e+03  6.403667e+03  9.552689e+03 
 6.945178e-02  2.553656e+03  4.665819e+03  6.320325e+03  9.424040e+03 
 7.041990e-02  2.520376e+03  4.603542e+03  6.234402e+03  9.291600e+03 
 7.140151e-02  2.485968e+03  4.539227e+03  6.145738e+03  9.155146e+03 
 7.239681e-02  2.450664e+03  4.473563e+03  6.055612e+03  9.017709e+03 
 7.340598e-02  2.414467e+03  4.406622e+03  5.964185e+03  8.879752e+03 
 7.442922e-02  2.377029e+03  4.337430e+03  5.869726e+03  8.737325e+03 
 7.546673e-02  2.338344e+03  4.265979e+03  5.772227e+03  8.590419e+03 
 7.651869e-02  2.298440e+03  4.192316e+03  5.671755e+03  8.439140e+03 
 7.758532e-02  2.257357e+03  4.116523e+03  5.568420e+03  8.283656e+03 
 7.866682e-02  2.216038e+03  4.041513e+03  5.467352e+03  8.134617e+03 
 7.976339e-02  2.175112e+03  3.969170e+03  5.371828e+03  7.998735e+03 
 8.087525e-02  2.133204e+03  3.894975e+03  5.273737e+03  7.858887e+03 
 8.200261e-02  2.090441e+03  3.819153e+03  5.173383e+03  7.715510e+03 
 8.314568e-02  2.046969e+03  3.741970e+03  5.071119e+03  7.569124e+03 
 8.430468e-02  2.002952e+03  3.663718e+03  4.967341e+03  7.420303e+03 
 8.547985e-02  1.957743e+03  3.581955e+03  4.857524e+03  7.259375e+03 
 8.667139e-02  1.912003e+03  3.498597e+03  4.744949e+03  7.092865e+03 
 8.787954e-02  1.866336e+03  3.415362e+03  4.632524e+03  6.926536e+03 
 8.910453e-02  1.820962e+03  3.332650e+03  4.520794e+03  6.761198e+03 
 9.034660e-02  1.776094e+03  3.250850e+03  4.410290e+03  6.597640e+03 
 9.160598e-02  1.732666e+03  3.172672e+03  4.305599e+03  6.444888e+03 
 9.288292e-02  1.690806e+03  3.098220e+03  4.206758e+03  6.302725e+03 
 9.417766e-02  1.650033e+03  3.025680e+03  4.110425e+03  6.164111e+03 
 9.549045e-02  1.610537e+03  2.955397e+03  4.017079e+03  6.029764e+03 
 9.682153e-02  1.572492e+03  2.887701e+03  3.927170e+03  5.900370e+03 
 9.817117e-02  1.536366e+03  2.823899e+03  3.842905e+03  5.780272e+03 
 9.953962e-02  1.502083e+03  2.763565e+03  3.763428e+03  5.667520e+03 
 1.009272e-01  1.469642e+03  2.706526e+03  3.688347e+03  5.561150e+03 
 1.023340e-01  1.439129e+03  2.652951e+03  3.617897e+03  5.461536e+03 
 1.037605e-01  1.409920e+03  2.600888e+03  3.548699e+03  5.361925e+03 
 1.052069e-01  1.380191e+03  2.544771e+03  3.471161e+03  5.243280e+03 
 1.066734e-01  1.352515e+03  2.492468e+03  3.398847e+03  5.132544e+03 
 1.081604e-01  1.326842e+03  2.443887e+03  3.331630e+03  5.029525e+03 
 1.096681e-01  1.303072e+03  2.398842e+03  3.269250e+03  4.933831e+03 
 1.111968e-01  1.281342e+03  2.357935e+03  3.212683e+03  4.846710e+03 
 1.127468e-01  1.261231e+03  2.320038e+03  3.160231e+03  4.765801e+03 
 1.143184e-01  1.242531e+03  2.284751e+03  3.111347e+03  4.690295e+03 
 1.159120e-01  1.225025e+03  2.251675e+03  3.065482e+03  4.619349e+03 
 1.175277e-01  1.209349e+03  2.222899e+03  3.026255e+03  4.559965e+03 
 1.191660e-01  1.194422e+03  2.195581e+03  2.989079e+03  4.503798e+03 
 1.208271e-01  1.179897e+03  2.169000e+03  2.952902e+03  4.449137e+03 
 1.225114e-01  1.165443e+03  2.142519e+03  2.916862e+03  4.394741e+03 
 1.242191e-01  1.150419e+03  2.114723e+03  2.879006e+03  4.338188e+03 
 1.259506e-01  1.134963e+03  2.086135e+03  2.840078e+03  4.280022e+03 
 1.277063e-01  1.118838e+03  2.056320e+03  2.799484e+03  4.219354e+03 
 1.294865e-01  1.102149e+03  2.025656e+03  2.757762e+03  4.156658e+03 
 1.312915e-01  1.084761e+03  1.993920e+03  2.714612e+03  4.091429e+03 
 1.331216e-01  1.066164e+03  1.959955e+03  2.668431e+03  4.021660e+03 
 1.349772e-01  1.046304e+03  1.923711e+03  2.619208e+03  3.947477e+03 
 1.368587e-01  1.026350e+03  1.889320e+03  2.574807e+03  3.887181e+03 
 1.387665e-01  1.005098e+03  1.852471e+03  2.526994e+03  3.821565e+03 
 1.407008e-01  9.826493e+02  1.813342e+03  2.475997e+03  3.750936e+03 
 1.426621e-01  9.600763e+02  1.774313e+03  2.424991e+03  3.678875e+03 
 1.446507e-01  9.369435e+02  1.734280e+03  2.372508e+03  3.604003e+03 
 1.466671e-01  9.131968e+02  1.692992e+03  2.318220e+03  3.526199e+03 
 1.487115e-01  8.870922e+02  1.645392e+03  2.253990e+03  3.431358e+03 
 1.507845e-01  8.597009e+02  1.594135e+03  2.183897e+03  3.326311e+03 
 1.528864e-01  8.327799e+02  1.543769e+03  2.115016e+03  3.223024e+03 
 1.550175e-01  8.086173e+02  1.500612e+03  2.057635e+03  3.140336e+03 
 1.571784e-01  7.868234e+02  1.463233e+03  2.009238e+03  3.073344e+03 
 1.593694e-01  7.662085e+02  1.427894e+03  1.963499e+03  3.010074e+03 
 1.615909e-01  7.475005e+02  1.396340e+03  1.922988e+03  2.954508e+03 
 1.638434e-01  7.305510e+02  1.368087e+03  1.886965e+03  2.905543e+03 
 1.661273e-01  7.152139e+02  1.342712e+03  1.854781e+03  2.862212e+03 
 1.684430e-01  6.981462e+02  1.311167e+03  1.812134e+03  2.799809e+03 
 1.707910e-01  6.823554e+02  1.281651e+03  1.772022e+03  2.740858e+03 
 1.731717e-01  6.686395e+02  1.256390e+03  1.737935e+03  2.691104e+03 
 1.755856e-01  6.583733e+02  1.239113e+03  1.715567e+03  2.659330e+03 
 1.780332e-01  6.491898e+02  1.223832e+03  1.695926e+03  2.631715e+03 
 1.805149e-01  6.389678e+02  1.204281e+03  1.668408e+03  2.588027e+03 
 1.830312e-01  6.281787e+02  1.182292e+03  1.636349e+03  2.535011e+03 
 1.855825e-01  6.177122e+02  1.161187e+03  1.605846e+03  2.485192e+03 
 1.881694e-01  6.076673e+02  1.142486e+03  1.580567e+03  2.448055e+03 
 1.907924e-01  5.972384e+02  1.123054e+03  1.554266e+03  2.409301e+03 
 1.934520e-01  5.856548e+02  1.101247e+03  1.524755e+03  2.366708e+03 
 1.961486e-01  5.730681e+02  1.077503e+03  1.492595e+03  2.320368e+03 
 1.988828e-01  5.608529e+02  1.055277e+03  1.462825e+03  2.277431e+03 
 2.016551e-01  5.495721e+02  1.035970e+03  1.437503e+03  2.240977e+03 
 2.044661e-01  5.372205e+02  1.014352e+03  1.408752e+03  2.198810e+03 
 2.073162e-01  5.232364e+02  9.881316e+02  1.372426e+03  2.142941e+03 
 2.102061e-01  5.087633e+02  9.609727e+02  1.334791e+03  2.084989e+03 
 2.131362e-01  4.981213e+02  9.455941e+02  1.316755e+03  2.062023e+03 
 2.161073e-01  4.876359e+02  9.305437e+02  1.299201e+03  2.039807e+03 
 2.191197e-01  4.742676e+02  9.075713e+02  1.269676e+03  2.000204e+03 
 2.221741e-01  4.608194e+02  8.838136e+02  1.238754e+03  1.958460e+03 
 2.252711e-01  4.487260e+02  8.631317e+02  1.212376e+03  1.923403e+03 
 2.284112e-01  4.377813e+02  8.447360e+02  1.189204e+03  1.893064e+03 
 2.315951e-01  4.282996e+02  8.281155e+02  1.166905e+03  1.859302e+03 
 2.348235e-01  4.200062e+02  8.133979e+02  1.146709e+03  1.827209e+03 
 2.380968e-01  4.104926e+02  7.948752e+02  1.120722e+03  1.787185e+03 
 2.414157e-01  4.013126e+02  7.766358e+02  1.095023e+03  1.747919e+03 
 2.447809e-01  3.922706e+02  7.590917e+02  1.070803e+03  1.711083e+03 
 2.481930e-01  3.837257e+02  7.425974e+02  1.048107e+03  1.676598e+03 
 2.516527e-01  3.787088e+02  7.342305e+02  1.036884e+03  1.659273e+03 
 2.551606e-01  3.726135e+02  7.233108e+02  1.022012e+03  1.636712e+03 
 2.587174e-01  3.631295e+02  7.044043e+02  9.957496e+02  1.597893e+03 
 2.623238e-01  3.550614e+02  6.894648e+02  9.755573e+02  1.568588e+03 
 2.659804e-01  3.485464e+02  6.788517e+02  9.619762e+02  1.549646e+03 
 2.696881e-01  3.397585e+02  6.628442e+02  9.404266e+02  1.517332e+03 
 2.734474e-01  3.301624e+02  6.450117e+02  9.162205e+02  1.480666e+03 
 2.772591e-01  3.228630e+02  6.331507e+02  9.015455e+02  1.462078e+03 
 2.811239e-01  3.150908e+02  6.197521e+02  8.845426e+02  1.440837e+03 
 2.850426e-01  3.069003e+02  6.047319e+02  8.650745e+02  1.417223e+03 
 2.890160e-01  2.994659e+02  5.921775e+02  8.489306e+02  1.394211e+03 
 2.930447e-01  2.926107e+02  5.803925e+02  8.331464e+02  1.369559e+03 
 2.971296e-01  2.861539e+02  5.676843e+02  8.140253e+02  1.336289e+03 
 3.012714e-01  2.803530e+02  5.576386e+02  8.006827e+02  1.316459e+03 
 3.054710e-01  2.747589e+02  5.483063e+02  7.890538e+02  1.301173e+03 
 3.097291e-01  2.680959e+02  5.359915e+02  7.728649e+02  1.279154e+03 
 3.140465e-01  2.620959e+02  5.238474e+02  7.553006e+02  1.250118e+03 
 3.184242e-01  2.567936e+02  5.132417e+02  7.399113e+02  1.224498e+03 
 3.228628e-01  2.526090e+02  5.063183e+02  7.312470e+02  1.214013e+03 
 3.273634e-01  2.465823e+02  4.941988e+02  7.138066e+02  1.186001e+03 
 3.319266e-01  2.402665e+02  4.819665e+02  6.968949e+02  1.160559e+03 
 3.365535e-01  2.342229e+02  4.712287e+02  6.831084e+02  1.142276e+03 
 3.412449e-01  2.299909e+02  4.655712e+02  6.763438e+02  1.131440e+03 
 3.460016e-01  2.252948e+02  4.578835e+02  6.663961e+02  1.117304e+03 
 3.508247e-01  2.206646e+02  4.495987e+02  6.552968e+02  1.101024e+03 
 3.557150e-01  2.161989e+02  4.412770e+02  6.439863e+02  1.083728e+03 
 3.606735e-01  2.110698e+02  4.321079e+02  6.318996e+02  1.066601e+03 
 3.657011e-01  2.049622e+02  4.205473e+02  6.160864e+02  1.044540e+03 
 3.707988e-01  2.001309e+02  4.112735e+02  6.034166e+02  1.025707e+03 
 3.759675e-01  1.957658e+02  4.029120e+02  5.919298e+02  1.008501e+03 
 3.812083e-01  1.912824e+02  3.947643e+02  5.808897e+02  9.923365e+02 
 3.865221e-01  1.874896e+02  3.890769e+02  5.741400e+02  9.810084e+02 
 3.919100e-01  1.836426e+02  3.801750e+02  5.606027e+02  9.623357e+02 
 3.973730e-01  1.792470e+02  3.728574e+02  5.514464e+02  9.478834e+02 
 4.029122e-01  1.756882e+02  3.672227e+02  5.436146e+02  9.334895e+02 
 4.085286e-01  1.720974e+02  3.595167e+02  5.325475e+02  9.175024e+02 
 4.142232e-01  1.677522e+02  3.506559e+02  5.207942e+02  9.027790e+02 
 4.199973e-01  1.635045e+02  3.433023e+02  5.114297e+02  8.890423e+02 
 4.258518e-01  1.600993e+02  3.369363e+02  5.023387e+02  8.732499e+02 
 4.317880e-01  1.565042e+02  3.298803e+02  4.919023e+02  8.571702e+02 
 4.378069e-01  1.533925e+02  3.237007e+02  4.830946e+02  8.426072e+02 
 4.439097e-01  1.507904e+02  3.196286e+02  4.781932e+02  8.380147e+02 
 4.500975e-01  1.467184e+02  3.120322e+02  4.677741e+02  8.224764e+02 
 4.563716e-01  1.433033e+02  3.050092e+02  4.575575e+02  8.042155e+02 
 4.627332e-01  1.411007e+02  3.019356e+02  4.542446e+02  8.010935e+02 
 4.691835e-01  1.375013e+02  2.947637e+02  4.438831e+02  7.835651e+02 
 4.757236e-01  1.348786e+02  2.896341e+02  4.368853e+02  7.729318e+02 
 4.823549e-01  1.313365e+02  2.823903e+02  4.266826e+02  7.591307e+02 
 4.890787e-01  1.285368e+02  2.769224e+02  4.192235e+02  7.473161e+02 
 4.958962e-01  1.264074e+02  2.727691e+02  4.127733e+02  7.354132e+02 
 5.028087e-01  1.235643e+02  2.678216e+02  4.060630e+02  7.255753e+02 
 5.098176e-01  1.212681e+02  2.635793e+02  3.998864e+02  7.134152e+02 
 5.169242e-01  1.191655e+02  2.596053e+02  3.945369e+02  7.062017e+02 
 5.241298e-01  1.152773e+02  2.529429e+02  3.862935e+02  6.959997e+02 
 5.314359e-01  1.132306e+02  2.497147e+02  3.818594e+02  6.888236e+02 
 5.388438e-01  1.108523e+02  2.443801e+02  3.738782e+02  6.765941e+02 
 5.463550e-01  1.088584e+02  2.404279e+02  3.679681e+02  6.667050e+02 
 5.539709e-01  1.059387e+02  2.352742e+02  3.613611e+02  6.563565e+02 
 5.616930e-01  1.040348e+02  2.315452e+02  3.560379e+02  6.482023e+02 
 5.695227e-01  1.019572e+02  2.281163e+02  3.517569e+02  6.393195e+02 
 5.774615e-01  9.964342e+01  2.227869e+02  3.438572e+02  6.279490e+02 
 5.855110e-01  9.783941e+01  2.193993e+02  3.386200e+02  6.190364e+02 
 5.936727e-01  9.557115e+01  2.141927e+02  3.313955e+02  6.082248e+02 
 6.019482e-01  9.392970e+01  2.116536e+02  3.272893e+02  6.005818e+02 
 6.103390e-01  9.168394e+01  2.077824e+02  3.222082e+02  5.915641e+02 
 6.188468e-01  8.962042e+01  2.043180e+02  3.190006e+02  5.890967e+02 
 6.274732e-01  8.811806e+01  2.005020e+02  3.124749e+02  5.783611e+02 
 6.362198e-01  8.632184e+01  1.973353e+02  3.077583e+02  5.692067e+02 
 6.450884e-01  8.428347e+01  1.936741e+02  3.027125e+02  5.605299e+02 
 6.540806e-01  8.253128e+01  1.895023e+02  2.964035e+02  5.513163e+02 
 6.631981e-01  8.069204e+01  1.866081e+02  2.932268e+02  5.456441e+02 
 6.724427e-01  7.914555e+01  1.832640e+02  2.885449e+02  5.398315e+02 
 6.818162e-01  7.742420e+01  1.799110e+02  2.826833e+02  5.289333e+02 
 6.913204e-01  7.575303e+01  1.765405e+02  2.783177e+02  5.215320e+02 
 7.009570e-01  7.465922e+01  1.738545e+02  2.743561e+02  5.146090e+02 
 7.107280e-01  7.272702e+01  1.708010e+02  2.700630e+02  5.063570e+02 
 7.206351e-01  7.158730e+01  1.681271e+02  2.664426e+02  5.018153e+02 
 7.306804e-01  7.010753e+01  1.654665e+02  2.620991e+02  4.928066e+02 
 7.408657e-01  6.854012e+01  1.621376e+02  2.573036e+02  4.860466e+02 
 7.511929e-01  6.706324e+01  1.591024e+02  2.533409e+02  4.792304e+02 
 7.616642e-01  6.574879e+01  1.561736e+02  2.491895e+02  4.728656e+02 
 7.722814e-01  6.484283e+01  1.544688e+02  2.462305e+02  4.658556e+02 
 7.830465e-01  6.346446e+01  1.514389e+02  2.419605e+02  4.594721e+02 
 7.939618e-01  6.225359e+01  1.493544e+02  2.386788e+02  4.545556e+02 
 8.050292e-01  6.085993e+01  1.465024e+02  2.352634e+02  4.483832e+02 
 8.162509e-01  5.977319e+01  1.442767e+02  2.312087e+02  4.402928e+02 
 8.276289e-01  5.829833e+01  1.413324e+02  2.273368e+02  4.344351e+02 
 8.391656e-01  5.754139e+01  1.396111e+02  2.240968e+02  4.294031e+02 
 8.508632e-01  5.647442e+01  1.371158e+02  2.208305e+02  4.233476e+02 
 8.627237e-01  5.520147e+01  1.348449e+02  2.174054e+02  4.164663e+02 
 8.747496e-01  5.416893e+01  1.324967e+02  2.140471e+02  4.107306e+02 
 8.869432e-01  5.320114e+01  1.304992e+02  2.109912e+02  4.051956e+02 
 8.993067e-01  5.210857e+01  1.283409e+02  2.076844e+02  3.991600e+02 
 9.118425e-01  5.126778e+01  1.260920e+02  2.040933e+02  3.919410e+02 
 9.245531e-01  5.012904e+01  1.238914e+02  2.007626e+02  3.872591e+02 
 9.374409e-01  4.915397e+01  1.219154e+02  1.980478e+02  3.818940e+02 
 9.505083e-01  4.831061e+01  1.199344e+02  1.950603e+02  3.762474e+02 
 9.637579e-01  4.726515e+01  1.175604e+02  1.915077e+02  3.706054e+02 
 9.771921e-01  4.661870e+01  1.167829e+02  1.895794e+02  3.654435e+02 
 9.908137e-01  4.569887e+01  1.145444e+02  1.864455e+02  3.605136e+02 
 1.004625e+00  4.480521e+01  1.123777e+02  1.831035e+02  3.541796e+02 
 1.018629e+00  4.403445e+01  1.107487e+02  1.804607e+02  3.488610e+02 
 1.032828e+00  4.317443e+01  1.089375e+02  1.779790e+02  3.450043e+02 
 1.047225e+00  4.231706e+01  1.073097e+02  1.750714e+02  3.388576e+02 
 1.061823e+00  4.163508e+01  1.057906e+02  1.725721e+02  3.337551e+02 
 1.076624e+00  4.084041e+01  1.040317e+02  1.698765e+02  3.285570e+02 
 1.091632e+00  4.012412e+01  1.022921e+02  1.673552e+02  3.233586e+02 
 1.106848e+00  3.933663e+01  1.004793e+02  1.646534e+02  3.187173e+02 
 1.122277e+00  3.861698e+01  9.900893e+01  1.619051e+02  3.132950e+02 
 1.137921e+00  3.789483e+01  9.725844e+01  1.593358e+02  3.084144e+02 
 1.153783e+00  3.726437e+01  9.569377e+01  1.568105e+02  3.037803e+02 
 1.169866e+00  3.658128e+01  9.420148e+01  1.543312e+02  2.992516e+02 
 1.186174e+00  3.589195e+01  9.276365e+01  1.519601e+02  2.943032e+02 
 1.202708e+00  3.528742e+01  9.125599e+01  1.495902e+02  2.895534e+02 
 1.219473e+00  3.467330e+01  8.984547e+01  1.473445e+02  2.845846e+02 
 1.236472e+00  3.403762e+01  8.842648e+01  1.451076e+02  2.802239e+02 
 1.253708e+00  3.345515e+01  8.695504e+01  1.426121e+02  2.758998e+02 
 1.271184e+00  3.287339e+01  8.586961e+01  1.407739e+02  2.713113e+02 
 1.288904e+00  3.228885e+01  8.418064e+01  1.381891e+02  2.671761e+02 
 1.306870e+00  3.168509e+01  8.281892e+01  1.359571e+02  2.625085e+02 
 1.325087e+00  3.118213e+01  8.154649e+01  1.338163e+02  2.578742e+02 
 1.343558e+00  3.063524e+01  8.020124e+01  1.316128e+02  2.535119e+02 
 1.362287e+00  3.013379e+01  7.885212e+01  1.292940e+02  2.491644e+02 
 1.381276e+00  2.959442e+01  7.759369e+01  1.269778e+02  2.448655e+02 
 1.400531e+00  2.909639e+01  7.632978e+01  1.249574e+02  2.403328e+02 
 1.420053e+00  2.856534e+01  7.499648e+01  1.229245e+02  2.360501e+02 
 1.439848e+00  2.808677e+01  7.384223e+01  1.207367e+02  2.319525e+02 
 1.459919e+00  2.756583e+01  7.258305e+01  1.186702e+02  2.275772e+02 
 1.480269e+00  2.715347e+01  7.127350e+01  1.165281e+02  2.231505e+02 
 1.500903e+00  2.667476e+01  7.012201e+01  1.144778e+02  2.195038e+02 
 1.521825e+00  2.620847e+01  6.904441e+01  1.126288e+02  2.153625e+02 
 1.543038e+00  2.574552e+01  6.786758e+01  1.107464e+02  2.116165e+02 
 1.564548e+00  2.534576e+01  6.672717e+01  1.087716e+02  2.075480e+02 
 1.586357e+00  2.492079e+01  6.568071e+01  1.068996e+02  2.036370e+02 
 1.608469e+00  2.447514e+01  6.458989e+01  1.050335e+02  2.000161e+02 
 1.630891e+00  2.413423e+01  6.338735e+01  1.029748e+02  1.959284e+02 
 1.653624e+00  2.368990e+01  6.229934e+01  1.012377e+02  1.924836e+02 
 1.676675e+00  2.328712e+01  6.134002e+01  9.948581e+01  1.885834e+02 
 1.700047e+00  2.288568e+01  6.027879e+01  9.764104e+01  1.849744e+02 
 1.723745e+00  2.251231e+01  5.919592e+01  9.583208e+01  1.810887e+02 
 1.747773e+00  2.210742e+01  5.812852e+01  9.401388e+01  1.774891e+02 
 1.772136e+00  2.173667e+01  5.711153e+01  9.221910e+01  1.740704e+02 
 1.796838e+00  2.137976e+01  5.609342e+01  9.050020e+01  1.705011e+02 
 1.821885e+00  2.104098e+01  5.508368e+01  8.873859e+01  1.670945e+02 
 1.847281e+00  2.067941e+01  5.418506e+01  8.714679e+01  1.636849e+02 
 1.873032e+00  2.033552e+01  5.316357e+01  8.533049e+01  1.603881e+02 
 1.899141e+00  1.998331e+01  5.216192e+01  8.372988e+01  1.570802e+02 
 1.925614e+00  1.966296e+01  5.124859e+01  8.213506e+01  1.537469e+02 
 1.952456e+00  1.938499e+01  5.036750e+01  8.056583e+01  1.505128e+02 
 1.979672e+00  1.901937e+01  4.948408e+01  7.900530e+01  1.473963e+02 
 2.007267e+00  1.872901e+01  4.856201e+01  7.734839e+01  1.443663e+02 
 2.035248e+00  1.839008e+01  4.762814e+01  7.578897e+01  1.412011e+02 
 2.063618e+00  1.808190e+01  4.671839e+01  7.427668e+01  1.381349e+02 
 2.092383e+00  1.778460e+01  4.584465e+01  7.274067e+01  1.351612e+02 
 2.121550e+00  1.747285e+01  4.495103e+01  7.124038e+01  1.321542e+02 
 2.151123e+00  1.718265e+01  4.409536e+01  6.973355e+01  1.291815e+02 
 2.181109e+00  1.688680e+01  4.322465e+01  6.829661e+01  1.263825e+02 
 2.211512e+00  1.660051e+01  4.235823e+01  6.681065e+01  1.234462e+02 
 2.242340e+00  1.632020e+01  4.156121e+01  6.542096e+01  1.207052e+02 
 2.273597e+00  1.602450e+01  4.073388e+01  6.396783e+01  1.179589e+02 
 2.305289e+00  1.576965e+01  3.991893e+01  6.262624e+01  1.153084e+02 
 2.337424e+00  1.549826e+01  3.911054e+01  6.125521e+01  1.126925e+02 
 2.370006e+00  1.522928e+01  3.832810e+01  5.995051e+01  1.101954e+02 
 2.403043e+00  1.495567e+01  3.756083e+01  5.861152e+01  1.076275e+02 
 2.436540e+00  1.470799e+01  3.681339e+01  5.734276e+01  1.051386e+02 
 2.470504e+00  1.445458e+01  3.607473e+01  5.606595e+01  1.026997e+02 
 2.504942e+00  1.420592e+01  3.535226e+01  5.484771e+01  1.003406e+02 
 2.539859e+00  1.396919e+01  3.461247e+01  5.360927e+01  9.796851e+01 
 2.575263e+00  1.371444e+01  3.388058e+01  5.244755e+01  9.571460e+01 
 2.611161e+00  1.348240e+01  3.317339e+01  5.122251e+01  9.345330e+01 
 2.647559e+00  1.324448e+01  3.246686e+01  5.003413e+01  9.119458e+01 
 2.684465e+00  1.301083e+01  3.179741e+01  4.888163e+01  8.900452e+01 
 2.721885e+00  1.276782e+01  3.108443e+01  4.775553e+01  8.686443e+01 
 2.759826e+00  1.253964e+01  3.039678e+01  4.662646e+01  8.476611e+01 
 2.798297e+00  1.231066e+01  2.974857e+01  4.554291e+01  8.275450e+01 
 2.837304e+00  1.208809e+01  2.909050e+01  4.446842e+01  8.073808e+01 
 2.876854e+00  1.186503e+01  2.843957e+01  4.341618e+01  7.878223e+01 
 2.916956e+00  1.164932e+01  2.781889e+01  4.238845e+01  7.683247e+01 
 2.957617e+00  1.143952e+01  2.720827e+01  4.139879e+01  7.497502e+01 
 2.998844e+00  1.122764e+01  2.660780e+01  4.041146e+01  7.314345e+01 
 3.040646e+00  1.102125e+01  2.601037e+01  3.944775e+01  7.139768e+01 
 3.083031e+00  1.081846e+01  2.542399e+01  3.850824e+01  6.965372e+01 
 3.126007e+00  1.062199e+01  2.486028e+01  3.758891e+01  6.794041e+01 
 3.169582e+00  1.042190e+01  2.428507e+01  3.666857e+01  6.627537e+01 
 3.213764e+00  1.022609e+01  2.373225e+01  3.578064e+01  6.464132e+01 
 3.258562e+00  1.002865e+01  2.319358e+01  3.490926e+01  6.303650e+01 
 3.303985e+00  9.836519e+00  2.264504e+01  3.405213e+01  6.146926e+01 
 3.350041e+00  9.648838e+00  2.210941e+01  3.320179e+01  5.992386e+01 
 3.396739e+00  9.457051e+00  2.159022e+01  3.238721e+01  5.841169e+01 
 3.444087e+00  9.273771e+00  2.107175e+01  3.156656e+01  5.693407e+01 
 3.492096e+00  9.092122e+00  2.057458e+01  3.078772e+01  5.551588e+01 
 3.540774e+00  8.907724e+00  2.008854e+01  3.002428e+01  5.411824e+01 
 3.590130e+00  8.732350e+00  1.960291e+01  2.926514e+01  5.276299e+01 
 3.640175e+00  8.560876e+00  1.913482e+01  2.854179e+01  5.143182e+01 
 3.690917e+00  8.386581e+00  1.868337e+01  2.782030e+01  5.013888e+01 
 3.742366e+00  8.217683e+00  1.822487e+01  2.712592e+01  4.889596e+01 
 3.794533e+00  8.054470e+00  1.779292e+01  2.645021e+01  4.766537e+01 
 3.847427e+00  7.891082e+00  1.735907e+01  2.578692e+01  4.648042e+01 
 3.901058e+00  7.727709e+00  1.694182e+01  2.514324e+01  4.530745e+01 
 3.955436e+00  7.572969e+00  1.652797e+01  2.450078e+01  4.415741e+01 
 4.010573e+00  7.413646e+00  1.612116e+01  2.388491e+01  4.304562e+01 
 4.066478e+00  7.258378e+00  1.572016e+01  2.327271e+01  4.194302e+01 
 4.123163e+00  7.104038e+00  1.533346e+01  2.267561e+01  4.086757e+01 
 4.180637e+00  6.954618e+00  1.491191e+01  2.209515e+01  3.981472e+01 
 4.238913e+00  6.805265e+00  1.457401e+01  2.152350e+01  3.879961e+01 
 4.298001e+00  6.655785e+00  1.420813e+01  2.097044e+01  3.779593e+01 
 4.357913e+00  6.515114e+00  1.384937e+01  2.043145e+01  3.683115e+01 
 4.418660e+00  6.372562e+00  1.350364e+01  1.990191e+01  3.588893e+01 
 4.480254e+00  6.232347e+00  1.316150e+01  1.938840e+01  3.496734e+01 
 4.542706e+00  6.097071e+00  1.282718e+01  1.888625e+01  3.406862e+01 
 4.606029e+00  5.962982e+00  1.250681e+01  1.840261e+01  3.320401e+01 
 4.670234e+00  5.831264e+00  1.219035e+01  1.793390e+01  3.235975e+01 
 4.735335e+00  5.702985e+00  1.188480e+01  1.747262e+01  3.159710e+01 
 4.801343e+00  5.578483e+00  1.158757e+01  1.702542e+01  3.072389e+01 
 4.868271e+00  5.454136e+00  1.129383e+01  1.658663e+01  2.993642e+01 
 4.936132e+00  5.331880e+00  1.100580e+01  1.615784e+01  2.916705e+01 
 5.004939e+00  5.211074e+00  1.072543e+01  1.573828e+01  2.841158e+01 
 5.074705e+00  5.091460e+00  1.044958e+01  1.532609e+01  2.767526e+01 
 5.145444e+00  4.975420e+00  1.018073e+01  1.492598e+01  2.695634e+01 
 5.217169e+00  4.859989e+00  9.916568e+00  1.453321e+01  2.624666e+01 
 5.289893e+00  4.748707e+00  9.660637e+00  1.415481e+01  2.556342e+01 
 5.363631e+00  4.637094e+00  9.410402e+00  1.378017e+01  2.489365e+01 
 5.438397e+00  4.529453e+00  9.165749e+00  1.341849e+01  2.423907e+01 
 5.514206e+00  4.423433e+00  8.928133e+00  1.306665e+01  2.360566e+01 
 5.591071e+00  4.318694e+00  8.697836e+00  1.272344e+01  2.298905e+01 
 5.669007e+00  4.218586e+00  8.472165e+00  1.239152e+01  2.239047e+01 
 5.748030e+00  4.119444e+00  8.254111e+00  1.206719e+01  2.180476e+01 
 5.828155e+00  4.022804e+00  8.041705e+00  1.175321e+01  2.123721e+01 
 5.909396e+00  3.928288e+00  7.834592e+00  1.144737e+01  2.068647e+01 
 5.991770e+00  3.835556e+00  7.632235e+00  1.114841e+01  2.014833e+01 
 6.075292e+00  3.745120e+00  7.436063e+00  1.085812e+01  1.962132e+01 
 6.159978e+00  3.655931e+00  7.243512e+00  1.057425e+01  1.910785e+01 
 6.245845e+00  3.568452e+00  7.055184e+00  1.029644e+01  1.860334e+01 
 6.332908e+00  3.482256e+00  6.870314e+00  1.002369e+01  1.810939e+01 
 6.421186e+00  3.398462e+00  6.690641e+00  9.757710e+00  1.762762e+01 
 6.510694e+00  3.315750e+00  6.514967e+00  9.499301e+00  1.715823e+01 
 6.601449e+00  3.235454e+00  6.344339e+00  9.247304e+00  1.670082e+01 
 6.693470e+00  3.156346e+00  6.177245e+00  9.000735e+00  1.625405e+01 
 6.786773e+00  3.079314e+00  6.015309e+00  8.642743e+00  1.582027e+01 
 6.881377e+00  3.004471e+00  5.857811e+00  8.529102e+00  1.539699e+01 
 6.977300e+00  2.931302e+00  5.704945e+00  8.304421e+00  1.498711e+01 
 7.074559e+00  2.860253e+00  5.555940e+00  8.084326e+00  1.458786e+01 
 7.173175e+00  2.790635e+00  5.411684e+00  7.871613e+00  1.420100e+01 
 7.273165e+00  2.723180e+00  5.271548e+00  7.665458e+00  1.382433e+01 
 7.374549e+00  2.657206e+00  5.134874e+00  7.463856e+00  1.345866e+01 
 7.477346e+00  2.592689e+00  5.002438e+00  7.269201e+00  1.310229e+01 
 7.581576e+00  2.530090e+00  4.872507e+00  7.078107e+00  1.275454e+01 
 7.687260e+00  2.468494e+00  4.746163e+00  6.891710e+00  1.241526e+01 
 7.794416e+00  2.408173e+00  4.622532e+00  6.708730e+00  1.208244e+01 
 7.903066e+00  2.349248e+00  4.501295e+00  6.530187e+00  1.175667e+01 
 8.013230e+00  2.291536e+00  4.383798e+00  6.357405e+00  1.143994e+01 
 8.124930e+00  2.235098e+00  4.268964e+00  6.188089e+00  1.113045e+01 
 8.238187e+00  2.180268e+00  4.156948e+00  6.022796e+00  1.082942e+01 
 8.353023e+00  2.126637e+00  4.048196e+00  5.862523e+00  1.053623e+01 
 8.469460e+00  2.074551e+00  3.942498e+00  5.706783e+00  1.025139e+01 
 8.587519e+00  2.023828e+00  3.839646e+00  5.555275e+00  9.974625e+00 
 8.707225e+00  1.974474e+00  3.739588e+00  5.408252e+00  9.705928e+00 
 8.828599e+00  1.926552e+00  3.643044e+00  5.265556e+00  9.444555e+00 
 8.951665e+00  1.879815e+00  3.549179e+00  5.127000e+00  9.191673e+00 
 9.076446e+00  1.834544e+00  3.458026e+00  4.992907e+00  8.946137e+00 
 9.202967e+00  1.790473e+00  3.369416e+00  4.862545e+00  8.707125e+00 
 9.331251e+00  1.747508e+00  3.283138e+00  4.735369e+00  8.474728e+00 
 9.461324e+00  0.000000e+00  0.000000e+00  0.000000e+00  0.000000e+00 
 9.593209e+00  0.000000e+00  0.000000e+00  0.000000e+00  0.000000e+00 
 9.726934e+00  0.000000e+00  0.000000e+00  0.000000e+00  0.000000e+00 
 9.862522e+00  0.000000e+00  0.000000e+00  0.000000e+00  0.000000e+00 
 1.000000e+01  0.000000e+00  0.000000e+00  0.000000e+00  0.000000e+00 
