 1.000000e-02  5.793703e+03  1.062590e+04  1.438353e+04  2.135938e+04 
 1.013939e-02  5.823896e+03  1.068115e+04  1.445816e+04  2.146975e+04 
 1.028073e-02  5.853563e+03  1.073538e+04  1.453138e+04  2.157813e+04 
 1.042404e-02  5.882678e+03  1.078855e+04  1.460319e+04  2.168440e+04 
 1.056935e-02  5.911166e+03  1.084055e+04  1.467350e+04  2.178834e+04 
 1.071668e-02  5.939058e+03  1.089149e+04  1.474242e+04  2.189015e+04 
 1.086606e-02  5.966529e+03  1.094169e+04  1.481024e+04  2.199041e+04 
 1.101753e-02  5.993503e+03  1.099099e+04  1.487677e+04  2.208889e+04 
 1.117111e-02  6.019795e+03  1.103903e+04  1.494154e+04  2.218484e+04 
 1.132683e-02  6.045323e+03  1.108563e+04  1.500437e+04  2.227778e+04 
 1.148472e-02  6.069968e+03  1.113062e+04  1.506503e+04  2.236740e+04 
 1.164481e-02  6.093778e+03  1.117404e+04  1.512368e+04  2.245391e+04 
 1.180713e-02  6.116879e+03  1.121619e+04  1.518058e+04  2.253782e+04 
 1.197171e-02  6.139255e+03  1.125702e+04  1.523568e+04  2.261905e+04 
 1.213859e-02  6.160827e+03  1.129634e+04  1.528876e+04  2.269734e+04 
 1.230780e-02  6.181562e+03  1.133414e+04  1.533974e+04  2.277256e+04 
 1.247936e-02  6.201461e+03  1.137038e+04  1.538857e+04  2.284467e+04 
 1.265332e-02  6.220490e+03  1.140504e+04  1.543518e+04  2.291354e+04 
 1.282970e-02  6.238635e+03  1.143805e+04  1.547956e+04  2.297909e+04 
 1.300854e-02  6.255873e+03  1.146938e+04  1.552172e+04  2.304117e+04 
 1.318987e-02  6.272195e+03  1.149905e+04  1.556168e+04  2.309983e+04 
 1.337373e-02  6.287576e+03  1.152698e+04  1.559924e+04  2.315502e+04 
 1.356015e-02  6.301924e+03  1.155303e+04  1.563426e+04  2.320647e+04 
 1.374917e-02  6.315201e+03  1.157713e+04  1.566666e+04  2.325402e+04 
 1.394083e-02  6.327350e+03  1.159911e+04  1.569624e+04  2.329744e+04 
 1.413516e-02  6.338411e+03  1.161911e+04  1.572308e+04  2.333678e+04 
 1.433219e-02  6.348508e+03  1.163731e+04  1.574751e+04  2.337247e+04 
 1.453198e-02  6.357609e+03  1.165371e+04  1.576947e+04  2.340439e+04 
 1.473454e-02  6.365603e+03  1.166807e+04  1.578865e+04  2.343229e+04 
 1.493993e-02  6.372466e+03  1.168036e+04  1.580500e+04  2.345606e+04 
 1.514819e-02  6.378185e+03  1.169056e+04  1.581857e+04  2.347572e+04 
 1.535935e-02  6.382719e+03  1.169861e+04  1.582916e+04  2.349104e+04 
 1.557345e-02  6.386058e+03  1.170444e+04  1.583674e+04  2.350187e+04 
 1.579053e-02  6.388176e+03  1.170805e+04  1.584140e+04  2.350817e+04 
 1.601064e-02  6.389046e+03  1.170936e+04  1.584303e+04  2.350984e+04 
 1.623382e-02  6.388635e+03  1.170834e+04  1.584143e+04  2.350681e+04 
 1.646012e-02  6.386941e+03  1.170492e+04  1.583659e+04  2.349902e+04 
 1.668956e-02  6.383956e+03  1.169914e+04  1.582851e+04  2.348652e+04 
 1.692220e-02  6.379705e+03  1.169105e+04  1.581731e+04  2.346935e+04 
 1.715809e-02  6.374140e+03  1.168057e+04  1.580287e+04  2.344741e+04 
 1.739726e-02  6.367189e+03  1.166752e+04  1.578498e+04  2.342037e+04 
 1.763977e-02  6.358842e+03  1.165190e+04  1.576356e+04  2.338814e+04 
 1.788566e-02  6.349084e+03  1.163368e+04  1.573867e+04  2.335063e+04 
 1.813498e-02  6.337909e+03  1.161291e+04  1.571030e+04  2.330784e+04 
 1.838777e-02  6.325338e+03  1.158955e+04  1.567847e+04  2.325992e+04 
 1.864409e-02  6.311340e+03  1.156359e+04  1.564307e+04  2.320680e+04 
 1.890397e-02  6.295894e+03  1.153498e+04  1.560405e+04  2.314843e+04 
 1.916748e-02  6.279006e+03  1.150370e+04  1.556148e+04  2.308476e+04 
 1.943467e-02  6.260661e+03  1.146974e+04  1.551527e+04  2.301561e+04 
 1.970558e-02  6.240837e+03  1.143307e+04  1.546542e+04  2.294099e+04 
 1.998026e-02  6.219545e+03  1.139372e+04  1.541192e+04  2.286111e+04 
 2.025878e-02  6.196767e+03  1.135166e+04  1.535474e+04  2.277585e+04 
 2.054117e-02  6.172500e+03  1.130685e+04  1.529384e+04  2.268502e+04 
 2.082751e-02  6.146760e+03  1.125935e+04  1.522929e+04  2.258866e+04 
 2.111783e-02  6.119545e+03  1.120914e+04  1.516109e+04  2.248682e+04 
 2.141220e-02  6.090925e+03  1.115633e+04  1.508934e+04  2.237971e+04 
 2.171068e-02  6.061464e+03  1.110176e+04  1.501497e+04  2.226817e+04 
 2.201331e-02  6.030558e+03  1.104452e+04  1.493700e+04  2.215121e+04 
 2.232016e-02  5.998207e+03  1.098462e+04  1.485542e+04  2.202884e+04 
 2.263130e-02  5.964405e+03  1.092205e+04  1.477027e+04  2.190120e+04 
 2.294676e-02  5.929156e+03  1.085686e+04  1.468154e+04  2.176833e+04 
 2.326663e-02  5.892486e+03  1.078909e+04  1.458931e+04  2.163030e+04 
 2.359095e-02  5.854429e+03  1.071874e+04  1.449364e+04  2.148715e+04 
 2.391980e-02  5.814998e+03  1.064590e+04  1.439456e+04  2.133894e+04 
 2.425323e-02  5.774210e+03  1.057055e+04  1.429212e+04  2.118571e+04 
 2.459130e-02  5.732073e+03  1.049274e+04  1.418633e+04  2.102754e+04 
 2.493409e-02  5.688616e+03  1.041252e+04  1.407726e+04  2.086456e+04 
 2.528166e-02  5.643877e+03  1.032997e+04  1.396506e+04  2.069692e+04 
 2.563407e-02  5.597897e+03  1.024514e+04  1.384980e+04  2.052477e+04 
 2.599140e-02  5.550702e+03  1.015810e+04  1.373154e+04  2.034817e+04 
 2.635371e-02  5.502329e+03  1.006890e+04  1.361038e+04  2.016729e+04 
 2.672106e-02  5.452823e+03  9.977615e+03  1.348641e+04  1.998225e+04 
 2.709354e-02  5.402212e+03  9.884327e+03  1.335972e+04  1.979320e+04 
 2.747121e-02  5.350549e+03  9.789131e+03  1.323046e+04  1.960033e+04 
 2.785414e-02  5.297847e+03  9.692018e+03  1.309866e+04  1.940379e+04 
 2.824241e-02  5.243877e+03  9.592731e+03  1.296401e+04  1.920331e+04 
 2.863610e-02  5.189008e+03  9.491809e+03  1.282716e+04  1.899958e+04 
 2.903527e-02  5.133290e+03  9.389348e+03  1.268824e+04  1.879282e+04 
 2.944000e-02  5.076799e+03  9.285476e+03  1.254742e+04  1.858323e+04 
 2.985038e-02  5.019603e+03  9.180304e+03  1.240484e+04  1.837108e+04 
 3.026648e-02  4.961761e+03  9.073949e+03  1.226067e+04  1.815654e+04 
 3.068838e-02  4.903335e+03  8.966539e+03  1.211510e+04  1.793994e+04 
 3.111616e-02  4.844390e+03  8.858203e+03  1.196825e+04  1.772149e+04 
 3.154990e-02  4.784988e+03  8.749048e+03  1.182031e+04  1.750142e+04 
 3.198969e-02  4.725222e+03  8.639219e+03  1.167148e+04  1.728002e+04 
 3.243561e-02  4.665163e+03  8.528853e+03  1.152192e+04  1.705756e+04 
 3.288774e-02  4.604871e+03  8.418080e+03  1.137180e+04  1.683429e+04 
 3.334618e-02  4.544426e+03  8.307034e+03  1.122132e+04  1.661050e+04 
 3.381101e-02  4.483920e+03  8.195871e+03  1.107068e+04  1.638649e+04 
 3.428231e-02  4.423421e+03  8.084730e+03  1.092009e+04  1.616257e+04 
 3.476019e-02  4.362830e+03  7.973770e+03  1.077012e+04  1.594063e+04 
 3.524473e-02  4.302398e+03  7.863097e+03  1.062057e+04  1.571931e+04 
 3.573602e-02  4.242206e+03  7.752865e+03  1.047162e+04  1.549888e+04 
 3.623416e-02  4.182339e+03  7.643239e+03  1.032350e+04  1.527966e+04 
 3.673925e-02  4.122874e+03  7.534368e+03  1.017636e+04  1.506193e+04 
 3.725137e-02  4.063891e+03  7.426385e+03  1.003041e+04  1.484593e+04 
 3.777064e-02  4.005454e+03  7.319402e+03  9.885806e+03  1.463194e+04 
 3.829714e-02  3.947640e+03  7.213567e+03  9.742758e+03  1.442022e+04 
 3.883098e-02  3.890538e+03  7.109031e+03  9.601472e+03  1.421111e+04 
 3.937226e-02  3.834215e+03  7.005910e+03  9.462113e+03  1.400485e+04 
 3.992109e-02  3.778737e+03  6.904326e+03  9.324830e+03  1.380165e+04 
 4.047757e-02  3.724161e+03  6.804351e+03  9.189690e+03  1.360151e+04 
 4.104181e-02  3.670358e+03  6.705199e+03  9.055011e+03  1.340023e+04 
 4.161391e-02  3.617580e+03  6.607944e+03  8.922898e+03  1.320276e+04 
 4.219398e-02  3.565884e+03  6.512702e+03  8.793504e+03  1.300934e+04 
 4.278214e-02  3.515334e+03  6.419561e+03  8.666942e+03  1.282014e+04 
 4.337850e-02  3.465975e+03  6.328588e+03  8.543336e+03  1.263534e+04 
 4.398317e-02  3.417837e+03  6.239864e+03  8.422778e+03  1.245505e+04 
 4.459628e-02  3.370961e+03  6.153448e+03  8.305360e+03  1.227940e+04 
 4.521792e-02  3.325375e+03  6.069406e+03  8.191160e+03  1.210852e+04 
 4.584824e-02  3.281108e+03  5.987780e+03  8.080209e+03  1.194250e+04 
 4.648734e-02  3.238181e+03  5.908606e+03  7.972565e+03  1.178139e+04 
 4.713535e-02  3.196711e+03  5.832852e+03  7.870322e+03  1.163036e+04 
 4.779239e-02  3.156650e+03  5.760129e+03  7.772639e+03  1.148729e+04 
 4.845859e-02  3.117935e+03  5.689865e+03  7.678261e+03  1.134909e+04 
 4.913407e-02  3.080564e+03  5.622038e+03  7.587174e+03  1.121574e+04 
 4.981898e-02  3.044514e+03  5.556601e+03  7.499330e+03  1.108717e+04 
 5.051342e-02  3.009756e+03  5.493531e+03  7.414661e+03  1.096327e+04 
 5.121755e-02  2.976254e+03  5.432747e+03  7.333067e+03  1.084392e+04 
 5.193150e-02  2.943962e+03  5.374178e+03  7.254457e+03  1.072895e+04 
 5.265540e-02  2.912834e+03  5.317740e+03  7.178717e+03  1.061820e+04 
 5.338938e-02  2.882583e+03  5.262433e+03  7.104028e+03  1.050775e+04 
 5.413360e-02  2.853101e+03  5.207984e+03  7.029931e+03  1.039668e+04 
 5.488820e-02  2.824582e+03  5.155305e+03  6.958213e+03  1.028914e+04 
 5.565331e-02  2.796880e+03  5.104121e+03  6.888525e+03  1.018463e+04 
 5.642908e-02  2.769903e+03  5.054262e+03  6.820630e+03  1.008279e+04 
 5.721568e-02  2.743743e+03  5.005893e+03  6.754747e+03  9.983954e+03 
 5.801323e-02  2.718497e+03  4.959202e+03  6.691136e+03  9.888429e+03 
 5.882190e-02  2.693995e+03  4.913875e+03  6.629366e+03  9.795651e+03 
 5.964185e-02  2.670048e+03  4.869875e+03  6.569721e+03  9.706892e+03 
 6.047322e-02  2.646568e+03  4.827605e+03  6.513311e+03  9.625369e+03 
 6.131619e-02  2.622798e+03  4.784798e+03  6.456188e+03  9.542787e+03 
 6.217090e-02  2.598741e+03  4.741466e+03  6.398354e+03  9.459162e+03 
 6.303753e-02  2.574431e+03  4.697668e+03  6.339879e+03  9.374589e+03 
 6.391624e-02  2.549851e+03  4.653359e+03  6.280727e+03  9.288985e+03 
 6.480720e-02  2.524837e+03  4.608260e+03  6.220497e+03  9.201783e+03 
 6.571058e-02  2.499194e+03  4.562019e+03  6.158712e+03  9.112289e+03 
 6.662655e-02  2.471583e+03  4.510321e+03  6.087568e+03  9.003471e+03 
 6.755528e-02  2.443034e+03  4.456859e+03  6.013988e+03  8.890928e+03 
 6.849697e-02  2.413485e+03  4.401584e+03  5.937978e+03  8.774840e+03 
 6.945178e-02  2.382842e+03  4.344304e+03  5.859297e+03  8.654854e+03 
 7.041990e-02  2.351022e+03  4.284879e+03  5.777751e+03  8.530668e+03 
 7.140151e-02  2.317932e+03  4.223160e+03  5.693123e+03  8.401984e+03 
 7.239681e-02  2.283808e+03  4.159889e+03  5.606774e+03  8.271952e+03 
 7.340598e-02  2.248681e+03  4.095177e+03  5.518929e+03  8.141130e+03 
 7.442922e-02  2.212166e+03  4.027939e+03  5.427706e+03  8.005343e+03 
 7.546673e-02  2.174272e+03  3.958200e+03  5.333128e+03  7.864631e+03 
 7.651869e-02  2.135028e+03  3.886009e+03  5.235275e+03  7.719121e+03 
 7.758532e-02  2.094481e+03  3.811458e+03  5.134256e+03  7.568970e+03 
 7.866682e-02  2.053567e+03  3.737399e+03  5.035043e+03  7.424319e+03 
 7.976339e-02  2.012900e+03  3.665654e+03  4.940760e+03  7.291480e+03 
 8.087525e-02  1.971173e+03  3.591921e+03  4.843708e+03  7.154393e+03 
 8.200261e-02  1.928547e+03  3.516461e+03  4.744260e+03  7.013569e+03 
 8.314568e-02  1.885189e+03  3.439566e+03  4.642815e+03  6.869599e+03 
 8.430468e-02  1.841277e+03  3.361585e+03  4.539830e+03  6.723123e+03 
 8.547985e-02  1.796280e+03  3.280442e+03  4.431423e+03  6.565857e+03 
 8.667139e-02  1.750834e+03  3.197924e+03  4.320617e+03  6.403705e+03 
 8.787954e-02  1.705530e+03  3.115647e+03  4.210103e+03  6.241904e+03 
 8.910453e-02  1.660604e+03  3.034034e+03  4.100469e+03  6.081316e+03 
 9.034660e-02  1.616302e+03  2.953531e+03  3.992300e+03  5.922824e+03 
 9.160598e-02  1.573534e+03  2.876751e+03  3.889989e+03  5.774967e+03 
 9.288292e-02  1.532437e+03  2.803818e+03  3.793623e+03  5.637572e+03 
 9.417766e-02  1.492586e+03  2.733060e+03  3.700134e+03  5.504163e+03 
 9.549045e-02  1.454177e+03  2.664861e+03  3.610004e+03  5.375512e+03 
 9.682153e-02  1.417396e+03  2.599585e+03  3.523697e+03  5.252339e+03 
 9.817117e-02  1.382633e+03  2.538305e+03  3.443053e+03  5.138161e+03 
 9.953962e-02  1.349884e+03  2.480759e+03  3.367517e+03  5.031612e+03 
 1.009272e-01  1.319166e+03  2.426841e+03  3.296819e+03  4.932032e+03 
 1.023340e-01  1.290563e+03  2.376714e+03  3.231191e+03  4.839813e+03 
 1.037605e-01  1.263465e+03  2.328518e+03  3.167387e+03  4.748554e+03 
 1.052069e-01  1.236121e+03  2.276951e+03  3.096320e+03  4.640396e+03 
 1.066734e-01  1.210972e+03  2.229467e+03  3.030847e+03  4.540630e+03 
 1.081604e-01  1.187944e+03  2.185920e+03  2.970773e+03  4.448973e+03 
 1.096681e-01  1.166932e+03  2.146106e+03  2.915761e+03  4.364956e+03 
 1.111968e-01  1.147936e+03  2.110235e+03  2.866121e+03  4.288579e+03 
 1.127468e-01  1.130616e+03  2.077474e+03  2.820746e+03  4.218545e+03 
 1.143184e-01  1.114732e+03  2.047389e+03  2.779025e+03  4.153988e+03 
 1.159120e-01  1.100036e+03  2.019514e+03  2.740299e+03  4.093997e+03 
 1.175277e-01  1.087045e+03  1.995557e+03  2.707538e+03  4.044109e+03 
 1.191660e-01  1.074760e+03  1.972961e+03  2.676700e+03  3.997186e+03 
 1.208271e-01  1.062797e+03  1.950980e+03  2.646670e+03  3.951516e+03 
 1.225114e-01  1.050811e+03  1.928947e+03  2.616566e+03  3.905829e+03 
 1.242191e-01  1.038166e+03  1.905464e+03  2.584522e+03  3.857791e+03 
 1.259506e-01  1.024940e+03  1.880925e+03  2.551051e+03  3.807676e+03 
 1.277063e-01  1.010866e+03  1.854839e+03  2.515476e+03  3.754493e+03 
 1.294865e-01  9.960915e+02  1.827718e+03  2.478621e+03  3.699310e+03 
 1.312915e-01  9.804924e+02  1.799373e+03  2.440234e+03  3.641723e+03 
 1.331216e-01  9.634834e+02  1.768447e+03  2.398342e+03  3.578931e+03 
 1.349772e-01  9.450108e+02  1.734890e+03  2.352906e+03  3.511071e+03 
 1.368587e-01  9.263063e+02  1.702867e+03  2.311788e+03  3.455816e+03 
 1.387665e-01  9.061546e+02  1.668072e+03  2.266884e+03  3.394685e+03 
 1.407008e-01  8.846662e+02  1.630759e+03  2.218452e+03  3.328090e+03 
 1.426621e-01  8.630200e+02  1.593632e+03  2.170258e+03  3.260948e+03 
 1.446507e-01  8.407608e+02  1.555400e+03  2.120490e+03  3.191047e+03 
 1.466671e-01  8.178524e+02  1.515791e+03  2.068747e+03  3.118011e+03 
 1.487115e-01  7.927834e+02  1.470443e+03  2.007988e+03  3.029563e+03 
 1.507845e-01  7.666004e+02  1.421850e+03  1.942038e+03  2.932117e+03 
 1.528864e-01  7.409544e+02  1.374218e+03  1.877363e+03  2.836541e+03 
 1.550175e-01  7.179326e+02  1.333287e+03  1.823198e+03  2.759418e+03 
 1.571784e-01  6.972537e+02  1.297876e+03  1.777526e+03  2.696684e+03 
 1.593694e-01  6.778733e+02  1.264708e+03  1.734765e+03  2.637986e+03 
 1.615909e-01  6.604178e+02  1.235189e+03  1.696848e+03  2.586050e+03 
 1.638434e-01  6.448020e+02  1.209051e+03  1.663447e+03  2.540562e+03 
 1.661273e-01  6.309282e+02  1.186030e+03  1.634242e+03  2.501187e+03 
 1.684430e-01  6.156206e+02  1.157514e+03  1.595593e+03  2.444623e+03 
 1.707910e-01  6.016932e+02  1.131239e+03  1.559779e+03  2.391963e+03 
 1.731717e-01  5.898524e+02  1.109186e+03  1.529897e+03  2.348205e+03 
 1.755856e-01  5.811996e+02  1.094354e+03  1.510458e+03  2.320028e+03 
 1.780332e-01  5.736546e+02  1.081589e+03  1.493849e+03  2.296156e+03 
 1.805149e-01  5.652267e+02  1.065116e+03  1.470428e+03  2.258613e+03 
 1.830312e-01  5.562562e+02  1.046421e+03  1.442939e+03  2.212966e+03 
 1.855825e-01  5.474941e+02  1.028401e+03  1.416701e+03  2.169944e+03 
 1.881694e-01  5.390151e+02  1.012423e+03  1.395009e+03  2.137944e+03 
 1.907924e-01  5.299943e+02  9.954516e+02  1.371958e+03  2.103872e+03 
 1.934520e-01  5.198639e+02  9.764073e+02  1.346306e+03  2.067254e+03 
 1.961486e-01  5.086599e+02  9.553577e+02  1.317977e+03  2.026991e+03 
 1.988828e-01  4.976308e+02  9.354148e+02  1.291453e+03  1.989236e+03 
 2.016551e-01  4.872956e+02  9.178693e+02  1.268627e+03  1.956855e+03 
 2.044661e-01  4.758299e+02  8.979364e+02  1.242315e+03  1.918798e+03 
 2.073162e-01  4.628651e+02  8.739385e+02  1.209429e+03  1.869159e+03 
 2.102061e-01  4.493520e+02  8.488733e+02  1.175052e+03  1.817167e+03 
 2.131362e-01  4.392345e+02  8.343144e+02  1.158113e+03  1.796036e+03 
 2.161073e-01  4.292664e+02  8.200379e+02  1.141569e+03  1.775480e+03 
 2.191197e-01  4.167685e+02  7.986620e+02  1.114239e+03  1.739115e+03 
 2.221741e-01  4.043046e+02  7.767333e+02  1.085827e+03  1.701003e+03 
 2.252711e-01  3.931637e+02  7.576469e+02  1.061505e+03  1.668719e+03 
 2.284112e-01  3.832566e+02  7.409429e+02  1.040470e+03  1.641200e+03 
 2.315951e-01  3.746719e+02  7.256937e+02  1.019940e+03  1.610164e+03 
 2.348235e-01  3.673300e+02  7.124390e+02  1.001661e+03  1.581163e+03 
 2.380968e-01  3.590088e+02  6.959412e+02  9.783877e+02  1.545258e+03 
 2.414157e-01  3.510622e+02  6.798430e+02  9.555683e+02  1.510303e+03 
 2.447809e-01  3.433499e+02  6.646442e+02  9.344752e+02  1.478067e+03 
 2.481930e-01  3.360831e+02  6.504221e+02  9.148161e+02  1.448063e+03 
 2.516527e-01  3.318984e+02  6.433180e+02  9.051874e+02  1.433053e+03 
 2.551606e-01  3.266351e+02  6.337818e+02  8.921530e+02  1.413259e+03 
 2.587174e-01  3.183310e+02  6.172498e+02  8.692983e+02  1.379825e+03 
 2.623238e-01  3.112165e+02  6.041750e+02  8.517524e+02  1.354689e+03 
 2.659804e-01  3.053695e+02  5.947865e+02  8.398629e+02  1.338372e+03 
 2.696881e-01  2.974649e+02  5.806117e+02  8.209995e+02  1.310625e+03 
 2.734474e-01  2.887864e+02  5.647213e+02  7.996666e+02  1.278912e+03 
 2.772591e-01  2.820742e+02  5.539337e+02  7.864498e+02  1.262392e+03 
 2.811239e-01  2.749416e+02  5.417539e+02  7.710976e+02  1.243316e+03 
 2.850426e-01  2.675352e+02  5.283027e+02  7.537613e+02  1.222337e+03 
 2.890160e-01  2.607402e+02  5.168068e+02  7.389985e+02  1.201419e+03 
 2.930447e-01  2.544743e+02  5.059619e+02  7.244774e+02  1.178925e+03 
 2.971296e-01  2.486476e+02  4.943918e+02  7.070871e+02  1.148910e+03 
 3.012714e-01  2.434917e+02  4.853332e+02  6.950202e+02  1.131030e+03 
 3.054710e-01  2.385691e+02  4.769816e+02  6.845487e+02  1.117183e+03 
 3.097291e-01  2.327695e+02  4.660743e+02  6.700729e+02  1.097185e+03 
 3.140465e-01  2.275778e+02  4.555088e+02  6.548252e+02  1.072172e+03 
 3.184242e-01  2.229775e+02  4.462892e+02  6.415098e+02  1.050272e+03 
 3.228628e-01  2.192985e+02  4.401358e+02  6.337812e+02  1.040933e+03 
 3.273634e-01  2.140760e+02  4.297006e+02  6.188447e+02  1.017260e+03 
 3.319266e-01  2.085648e+02  4.191229e+02  6.043244e+02  9.957155e+02 
 3.365535e-01  2.031996e+02  4.096796e+02  5.922868e+02  9.799149e+02 
 3.412449e-01  1.993892e+02  4.046685e+02  5.863699e+02  9.705207e+02 
 3.460016e-01  1.951675e+02  3.978115e+02  5.775676e+02  9.582125e+02 
 3.508247e-01  1.909818e+02  3.903592e+02  5.676221e+02  9.436943e+02 
 3.557150e-01  1.869078e+02  3.827848e+02  5.573326e+02  9.278850e+02 
 3.606735e-01  1.822920e+02  3.745020e+02  5.464465e+02  9.125984e+02 
 3.657011e-01  1.769063e+02  3.642296e+02  5.323914e+02  8.931257e+02 
 3.707988e-01  1.726086e+02  3.559122e+02  5.210183e+02  8.762908e+02 
 3.759675e-01  1.687485e+02  3.484544e+02  5.107622e+02  8.609610e+02 
 3.812083e-01  1.648571e+02  3.413527e+02  5.011419e+02  8.469277e+02 
 3.865221e-01  1.616211e+02  3.366058e+02  4.956060e+02  8.376805e+02 
 3.919100e-01  1.582389e+02  3.287673e+02  4.837961e+02  8.217785e+02 
 3.973730e-01  1.544324e+02  3.224465e+02  4.758805e+02  8.092166e+02 
 4.029122e-01  1.513155e+02  3.175398e+02  4.690696e+02  7.968063e+02 
 4.085286e-01  1.481192e+02  3.107594e+02  4.594088e+02  7.830771e+02 
 4.142232e-01  1.442673e+02  3.029583e+02  4.491067e+02  7.702143e+02 
 4.199973e-01  1.405143e+02  2.964665e+02  4.408398e+02  7.580659e+02 
 4.258518e-01  1.374892e+02  2.908305e+02  4.328418e+02  7.443572e+02 
 4.317880e-01  1.342975e+02  2.845631e+02  4.236050e+02  7.302522e+02 
 4.378069e-01  1.315039e+02  2.789574e+02  4.155892e+02  7.170809e+02 
 4.439097e-01  1.292103e+02  2.753724e+02  4.112878e+02  7.129826e+02 
 4.500975e-01  1.256995e+02  2.688326e+02  4.023737e+02  6.999576e+02 
 4.563716e-01  1.227316e+02  2.627218e+02  3.935201e+02  6.843306e+02 
 4.627332e-01  1.208186e+02  2.600860e+02  3.907070e+02  6.816611e+02 
 4.691835e-01  1.176776e+02  2.538694e+02  3.818037e+02  6.669018e+02 
 4.757236e-01  1.153843e+02  2.493659e+02  3.756197e+02  6.574718e+02 
 4.823549e-01  1.122782e+02  2.430496e+02  3.667452e+02  6.454419e+02 
 4.890787e-01  1.097861e+02  2.382026e+02  3.601867e+02  6.351854e+02 
 4.958962e-01  1.079054e+02  2.345229e+02  3.544930e+02  6.248766e+02 
 5.028087e-01  1.054161e+02  2.301936e+02  3.486503e+02  6.163682e+02 
 5.098176e-01  1.033933e+02  2.264537e+02  3.432345e+02  6.059103e+02 
 5.169242e-01  1.015359e+02  2.229408e+02  3.385171e+02  5.995432e+02 
 5.241298e-01  9.818608e+01  2.172191e+02  3.314785e+02  5.909013e+02 
 5.314359e-01  9.642957e+01  2.145232e+02  3.278017e+02  5.849857e+02 
 5.388438e-01  9.434319e+01  2.098007e+02  3.207744e+02  5.744154e+02 
 5.463550e-01  9.258006e+01  2.063409e+02  3.156357e+02  5.659284e+02 
 5.539709e-01  9.002860e+01  2.018140e+02  3.098517e+02  5.570017e+02 
 5.616930e-01  8.835854e+01  1.985578e+02  3.052501e+02  5.501054e+02 
 5.695227e-01  8.654961e+01  1.955688e+02  3.015132e+02  5.423928e+02 
 5.774615e-01  8.453747e+01  1.909442e+02  2.946618e+02  5.326683e+02 
 5.855110e-01  8.297299e+01  1.880541e+02  2.902554e+02  5.252779e+02 
 5.936727e-01  8.101089e+01  1.835368e+02  2.839778e+02  5.158637e+02 
 6.019482e-01  7.956798e+01  1.812690e+02  2.803412e+02  5.093198e+02 
 6.103390e-01  7.761931e+01  1.779239e+02  2.759937e+02  5.017055e+02 
 6.188468e-01  7.584396e+01  1.749573e+02  2.732530e+02  4.995508e+02 
 6.274732e-01  7.451707e+01  1.715736e+02  2.674985e+02  4.903560e+02 
 6.362198e-01  7.296425e+01  1.688863e+02  2.635882e+02  4.828612e+02 
 6.450884e-01  7.119730e+01  1.656953e+02  2.591648e+02  4.752905e+02 
 6.540806e-01  6.966454e+01  1.620516e+02  2.536770e+02  4.673852e+02 
 6.631981e-01  6.806188e+01  1.594916e+02  2.508473e+02  4.625078e+02 
 6.724427e-01  6.671189e+01  1.566068e+02  2.468463e+02  4.575201e+02 
 6.818162e-01  6.521733e+01  1.536895e+02  2.417796e+02  4.483968e+02 
 6.913204e-01  6.377216e+01  1.507658e+02  2.380141e+02  4.420382e+02 
 7.009570e-01  6.282110e+01  1.484306e+02  2.345942e+02  4.362236e+02 
 7.107280e-01  6.116305e+01  1.458421e+02  2.309624e+02  4.292449e+02 
 7.206351e-01  6.017186e+01  1.435169e+02  2.278604e+02  4.254248e+02 
 7.306804e-01  5.890961e+01  1.412530e+02  2.241413e+02  4.178466e+02 
 7.408657e-01  5.756250e+01  1.384014e+02  2.200832e+02  4.123699e+02 
 7.511929e-01  5.630374e+01  1.358036e+02  2.167317e+02  4.066342e+02 
 7.616642e-01  5.517636e+01  1.332960e+02  2.131796e+02  4.013236e+02 
 7.722814e-01  5.439906e+01  1.318552e+02  2.107180e+02  3.955593e+02 
 7.830465e-01  5.321798e+01  1.292502e+02  2.070604e+02  3.902651e+02 
 7.939618e-01  5.218338e+01  1.274795e+02  2.042559e+02  3.861240e+02 
 8.050292e-01  5.098452e+01  1.250347e+02  2.013686e+02  3.809527e+02 
 8.162509e-01  5.004212e+01  1.231100e+02  1.979210e+02  3.742238e+02 
 8.276289e-01  4.878076e+01  1.205746e+02  1.945883e+02  3.692840e+02 
 8.391656e-01  4.811366e+01  1.190443e+02  1.917435e+02  3.650190e+02 
 8.508632e-01  4.719204e+01  1.169478e+02  1.890186e+02  3.599870e+02 
 8.627237e-01  4.611018e+01  1.149769e+02  1.860762e+02  3.541925e+02 
 8.747496e-01  4.522344e+01  1.129501e+02  1.832285e+02  3.493931e+02 
 8.869432e-01  4.439797e+01  1.112676e+02  1.806635e+02  3.449526e+02 
 8.993067e-01  4.346065e+01  1.094331e+02  1.778512e+02  3.398768e+02 
 9.118425e-01  4.274845e+01  1.075033e+02  1.748076e+02  3.338507e+02 
 9.245531e-01  4.178228e+01  1.056547e+02  1.720168e+02  3.300847e+02 
 9.374409e-01  4.094566e+01  1.039631e+02  1.697189e+02  3.256203e+02 
 9.505083e-01  4.022850e+01  1.022645e+02  1.671945e+02  3.210504e+02 
 9.637579e-01  3.934079e+01  1.002639e+02  1.642166e+02  3.162642e+02 
 9.771921e-01  3.877959e+01  9.958360e+01  1.625753e+02  3.120947e+02 
 9.908137e-01  3.799873e+01  9.766431e+01  1.598943e+02  3.079376e+02 
 1.004625e+00  3.722653e+01  9.581685e+01  1.570885e+02  3.027357e+02 
 1.018629e+00  3.657231e+01  9.442605e+01  1.548201e+02  2.983215e+02 
 1.032828e+00  3.582782e+01  9.286084e+01  1.527147e+02  2.950335e+02 
 1.047225e+00  3.509146e+01  9.145271e+01  1.502251e+02  2.898941e+02 
 1.061823e+00  3.451129e+01  9.016237e+01  1.481248e+02  2.857694e+02 
 1.076624e+00  3.383248e+01  8.867573e+01  1.458647e+02  2.814503e+02 
 1.091632e+00  3.322846e+01  8.720140e+01  1.437257e+02  2.772068e+02 
 1.106848e+00  3.255989e+01  8.564875e+01  1.414754e+02  2.733592e+02 
 1.122277e+00  3.195087e+01  8.440662e+01  1.391392e+02  2.688325e+02 
 1.137921e+00  3.134233e+01  8.291931e+01  1.369797e+02  2.648666e+02 
 1.153783e+00  3.080296e+01  8.160983e+01  1.348968e+02  2.611041e+02 
 1.169866e+00  3.023800e+01  8.036274e+01  1.328536e+02  2.574490e+02 
 1.186174e+00  2.965645e+01  7.915278e+01  1.308392e+02  2.533388e+02 
 1.202708e+00  2.914576e+01  7.788604e+01  1.288864e+02  2.495365e+02 
 1.219473e+00  2.863142e+01  7.670012e+01  1.270190e+02  2.454367e+02 
 1.236472e+00  2.809287e+01  7.550672e+01  1.251570e+02  2.419099e+02 
 1.253708e+00  2.760020e+01  7.424484e+01  1.230190e+02  2.382764e+02 
 1.271184e+00  2.710853e+01  7.332457e+01  1.214734e+02  2.345194e+02 
 1.288904e+00  2.661085e+01  7.188209e+01  1.192965e+02  2.310974e+02 
 1.306870e+00  2.609948e+01  7.073286e+01  1.174033e+02  2.271823e+02 
 1.325087e+00  2.567325e+01  6.965593e+01  1.156245e+02  2.233554e+02 
 1.343558e+00  2.521241e+01  6.851967e+01  1.137741e+02  2.197483e+02 
 1.362287e+00  2.478971e+01  6.738136e+01  1.118299e+02  2.161706e+02 
 1.381276e+00  2.433973e+01  6.631180e+01  1.098585e+02  2.126024e+02 
 1.400531e+00  2.392027e+01  6.525994e+01  1.081832e+02  2.088869e+02 
 1.420053e+00  2.347875e+01  6.413680e+01  1.064990e+02  2.053790e+02 
 1.439848e+00  2.307754e+01  6.316691e+01  1.046739e+02  2.020175e+02 
 1.459919e+00  2.264518e+01  6.212333e+01  1.029529e+02  1.984121e+02 
 1.480269e+00  2.230122e+01  6.101824e+01  1.011601e+02  1.947385e+02 
 1.500903e+00  2.190450e+01  6.006394e+01  9.944827e+01  1.917305e+02 
 1.521825e+00  2.151532e+01  5.915368e+01  9.789437e+01  1.883742e+02 
 1.543038e+00  2.113018e+01  5.816556e+01  9.634238e+01  1.852558e+02 
 1.564548e+00  2.079384e+01  5.721387e+01  9.467489e+01  1.818351e+02 
 1.586357e+00  2.043346e+01  5.631720e+01  9.309293e+01  1.785354e+02 
 1.608469e+00  2.005829e+01  5.538552e+01  9.150075e+01  1.755121e+02 
 1.630891e+00  1.976946e+01  5.436549e+01  8.974190e+01  1.720245e+02 
 1.653624e+00  1.939987e+01  5.344783e+01  8.828968e+01  1.691540e+02 
 1.676675e+00  1.906358e+01  5.263255e+01  8.681026e+01  1.658866e+02 
 1.700047e+00  1.872953e+01  5.174994e+01  8.525506e+01  1.628629e+02 
 1.723745e+00  1.842323e+01  5.084337e+01  8.373392e+01  1.596089e+02 
 1.747773e+00  1.808673e+01  4.994907e+01  8.219949e+01  1.565718e+02 
 1.772136e+00  1.778118e+01  4.909754e+01  8.070268e+01  1.537370e+02 
 1.796838e+00  1.748787e+01  4.824249e+01  7.925759e+01  1.507441e+02 
 1.821885e+00  1.721087e+01  4.740023e+01  7.777982e+01  1.478992e+02 
 1.847281e+00  1.691139e+01  4.665199e+01  7.644186e+01  1.450334e+02 
 1.873032e+00  1.663007e+01  4.579713e+01  7.491565e+01  1.422317e+02 
 1.899141e+00  1.634258e+01  4.495805e+01  7.356410e+01  1.394719e+02 
 1.925614e+00  1.607824e+01  4.419228e+01  7.221180e+01  1.366370e+02 
 1.952456e+00  1.584848e+01  4.345142e+01  7.088301e+01  1.338956e+02 
 1.979672e+00  1.554529e+01  4.269800e+01  6.955441e+01  1.312121e+02 
 2.007267e+00  1.530160e+01  4.191747e+01  6.812953e+01  1.285938e+02 
 2.035248e+00  1.502427e+01  4.112155e+01  6.678959e+01  1.258810e+02 
 2.063618e+00  1.476727e+01  4.034793e+01  6.548207e+01  1.232254e+02 
 2.092383e+00  1.452235e+01  3.960471e+01  6.416649e+01  1.206640e+02 
 2.121550e+00  1.426784e+01  3.885140e+01  6.288618e+01  1.180867e+02 
 2.151123e+00  1.403026e+01  3.813283e+01  6.159521e+01  1.155269e+02 
 2.181109e+00  1.378883e+01  3.739412e+01  6.036476e+01  1.131264e+02 
 2.211512e+00  1.355605e+01  3.666322e+01  5.909262e+01  1.105712e+02 
 2.242340e+00  1.332810e+01  3.599650e+01  5.790826e+01  1.082245e+02 
 2.273597e+00  1.308811e+01  3.529950e+01  5.666105e+01  1.058576e+02 
 2.305289e+00  1.288154e+01  3.461470e+01  5.550996e+01  1.035641e+02 
 2.337424e+00  1.266263e+01  3.392689e+01  5.433470e+01  1.013187e+02 
 2.370006e+00  1.244495e+01  3.326820e+01  5.321218e+01  9.911808e+01 
 2.403043e+00  1.222225e+01  3.262004e+01  5.205559e+01  9.688443e+01 
 2.436540e+00  1.202188e+01  3.198365e+01  5.095421e+01  9.470309e+01 
 2.470504e+00  1.181335e+01  3.134813e+01  4.983253e+01  9.254876e+01 
 2.504942e+00  1.160862e+01  3.072826e+01  4.876528e+01  9.045645e+01 
 2.539859e+00  1.141333e+01  3.008984e+01  4.767136e+01  8.834368e+01 
 2.575263e+00  1.120243e+01  2.945788e+01  4.665080e+01  8.634115e+01 
 2.611161e+00  1.101315e+01  2.884903e+01  4.557784e+01  8.433327e+01 
 2.647559e+00  1.081920e+01  2.824241e+01  4.453132e+01  8.231944e+01 
 2.684465e+00  1.062824e+01  2.766787e+01  4.352207e+01  8.038049e+01 
 2.721885e+00  1.043232e+01  2.705793e+01  4.253621e+01  7.848521e+01 
 2.759826e+00  1.024792e+01  2.647062e+01  4.154897e+01  7.662490e+01 
 2.798297e+00  1.006404e+01  2.591623e+01  4.060067e+01  7.483761e+01 
 2.837304e+00  9.885886e+00  2.535556e+01  3.966149e+01  7.304934e+01 
 2.876854e+00  9.707348e+00  2.480230e+01  3.873784e+01  7.130949e+01 
 2.916956e+00  9.534414e+00  2.427297e+01  3.783671e+01  6.957766e+01 
 2.957617e+00  9.366194e+00  2.374860e+01  3.696619e+01  6.791759e+01 
 2.998844e+00  9.195906e+00  2.323388e+01  3.609519e+01  6.627226e+01 
 3.040646e+00  9.028635e+00  2.271602e+01  3.523855e+01  6.470567e+01 
 3.083031e+00  8.863639e+00  2.220540e+01  3.440095e+01  6.312902e+01 
 3.126007e+00  8.703136e+00  2.171506e+01  3.357630e+01  6.156328e+01 
 3.169582e+00  8.539653e+00  2.121063e+01  3.275067e+01  6.004916e+01 
 3.213764e+00  8.379324e+00  2.072766e+01  3.195381e+01  5.856387e+01 
 3.258562e+00  8.218259e+00  2.025788e+01  3.117291e+01  5.710460e+01 
 3.303985e+00  8.061822e+00  1.977956e+01  3.040289e+01  5.568128e+01 
 3.350041e+00  7.909323e+00  1.931283e+01  2.964622e+01  5.427766e+01 
 3.396739e+00  7.754570e+00  1.886261e+01  2.891727e+01  5.290064e+01 
 3.444087e+00  7.607303e+00  1.841316e+01  2.818419e+01  5.157000e+01 
 3.492096e+00  7.461263e+00  1.798296e+01  2.749087e+01  5.028655e+01 
 3.540774e+00  7.312924e+00  1.756088e+01  2.680978e+01  4.902190e+01 
 3.590130e+00  7.172755e+00  1.714077e+01  2.613454e+01  4.779564e+01 
 3.640175e+00  7.035222e+00  1.673496e+01  2.549047e+01  4.659221e+01 
 3.690917e+00  6.895608e+00  1.634367e+01  2.484353e+01  4.541666e+01 
 3.742366e+00  6.759779e+00  1.594475e+01  2.422307e+01  4.428598e+01 
 3.794533e+00  6.627797e+00  1.556604e+01  2.361509e+01  4.316189e+01 
 3.847427e+00  6.494825e+00  1.518521e+01  2.301472e+01  4.207507e+01 
 3.901058e+00  6.361052e+00  1.481656e+01  2.243163e+01  4.099454e+01 
 3.955436e+00  6.234569e+00  1.445116e+01  2.184774e+01  3.993650e+01 
 4.010573e+00  6.104173e+00  1.409247e+01  2.129123e+01  3.891565e+01 
 4.066478e+00  5.977367e+00  1.373877e+01  2.073702e+01  3.790495e+01 
 4.123163e+00  5.851358e+00  1.339863e+01  2.019831e+01  3.691964e+01 
 4.180637e+00  5.729806e+00  1.306435e+01  1.967605e+01  3.595736e+01 
 4.238913e+00  5.608810e+00  1.273354e+01  1.916193e+01  3.503021e+01 
 4.298001e+00  5.487920e+00  1.241339e+01  1.866595e+01  3.411798e+01 
 4.357913e+00  5.374576e+00  1.210008e+01  1.818385e+01  3.324237e+01 
 4.418660e+00  5.259554e+00  1.179946e+01  1.771060e+01  3.238848e+01 
 4.480254e+00  5.146764e+00  1.150167e+01  1.725295e+01  3.155335e+01 
 4.542706e+00  5.038108e+00  1.121083e+01  1.680565e+01  3.073948e+01 
 4.606029e+00  4.929810e+00  1.093170e+01  1.637350e+01  2.995550e+01 
 4.670234e+00  4.823343e+00  1.065636e+01  1.595442e+01  2.918881e+01 
 4.735335e+00  4.719094e+00  1.038821e+01  1.554112e+01  2.843491e+01 
 4.801343e+00  4.617282e+00  1.012658e+01  1.513854e+01  2.769679e+01 
 4.868271e+00  4.515224e+00  9.867343e+00  1.474187e+01  2.697433e+01 
 4.936132e+00  4.414768e+00  9.613121e+00  1.435501e+01  2.626980e+01 
 5.004939e+00  4.315562e+00  9.365918e+00  1.397725e+01  2.557950e+01 
 5.074705e+00  4.217446e+00  9.123117e+00  1.360688e+01  2.490792e+01 
 5.145444e+00  4.122457e+00  8.886886e+00  1.324841e+01  2.425373e+01 
 5.217169e+00  4.027848e+00  8.655570e+00  1.289652e+01  2.361009e+01 
 5.289893e+00  3.937106e+00  8.432054e+00  1.255977e+01  2.299260e+01 
 5.363631e+00  3.846116e+00  8.213674e+00  1.222640e+01  2.238782e+01 
 5.438397e+00  3.758702e+00  8.000899e+00  1.190584e+01  2.179923e+01 
 5.514206e+00  3.672739e+00  7.794754e+00  1.159418e+01  2.122972e+01 
 5.591071e+00  3.587808e+00  7.594719e+00  1.129069e+01  2.067563e+01 
 5.669007e+00  3.506658e+00  7.399544e+00  1.099732e+01  2.013992e+01 
 5.748030e+00  3.426199e+00  7.210218e+00  1.071025e+01  1.961342e+01 
 5.828155e+00  3.347372e+00  7.025578e+00  1.043258e+01  1.910321e+01 
 5.909396e+00  3.270111e+00  6.845102e+00  1.016072e+01  1.860638e+01 
 5.991770e+00  3.193807e+00  6.668017e+00  9.893830e+00  1.811974e+01 
 6.075292e+00  3.119024e+00  6.495702e+00  9.634094e+00  1.764121e+01 
 6.159978e+00  3.045296e+00  6.326386e+00  9.380150e+00  1.717531e+01 
 6.245845e+00  2.973006e+00  6.161302e+00  9.132326e+00  1.671926e+01 
 6.332908e+00  2.901854e+00  5.999455e+00  8.889436e+00  1.627290e+01 
 6.421186e+00  2.832666e+00  5.842461e+00  8.652931e+00  1.583900e+01 
 6.510694e+00  2.764563e+00  5.689219e+00  8.423592e+00  1.541713e+01 
 6.601449e+00  2.698520e+00  5.540746e+00  8.200448e+00  1.500662e+01 
 6.693470e+00  2.633587e+00  5.395616e+00  7.982758e+00  1.460648e+01 
 6.786773e+00  2.570516e+00  5.255100e+00  7.771612e+00  1.421921e+01 
 6.881377e+00  2.509354e+00  5.118894e+00  7.566989e+00  1.384146e+01 
 6.977300e+00  2.449496e+00  4.986803e+00  7.369415e+00  1.347570e+01 
 7.074559e+00  2.391488e+00  4.858104e+00  7.175806e+00  1.311947e+01 
 7.173175e+00  2.334493e+00  4.733209e+00  6.988342e+00  1.277393e+01 
 7.273165e+00  2.279168e+00  4.611651e+00  6.806414e+00  1.243694e+01 
 7.374549e+00  2.224783e+00  4.492762e+00  6.627950e+00  1.210883e+01 
 7.477346e+00  2.171285e+00  4.376901e+00  6.454570e+00  1.178701e+01 
 7.581576e+00  2.119143e+00  4.262831e+00  6.283860e+00  1.147211e+01 
 7.687260e+00  2.067759e+00  4.151896e+00  6.117333e+00  1.116503e+01 
 7.794416e+00  2.017525e+00  4.043466e+00  5.954212e+00  1.086412e+01 
 7.903066e+00  1.968439e+00  3.937144e+00  5.795028e+00  1.056995e+01 
 8.013230e+00  1.920465e+00  3.834334e+00  5.641200e+00  1.028441e+01 
 8.124930e+00  1.873563e+00  3.733958e+00  5.490717e+00  1.000593e+01 
 8.238187e+00  1.828074e+00  3.636224e+00  5.344154e+00  9.735130e+00 
 8.353023e+00  1.783642e+00  3.541406e+00  5.202201e+00  9.472028e+00 
 8.469460e+00  1.740562e+00  3.449513e+00  5.064472e+00  9.216596e+00 
 8.587519e+00  1.698670e+00  3.360142e+00  4.930526e+00  8.968663e+00 
 8.707225e+00  1.657930e+00  3.273298e+00  4.800785e+00  8.728085e+00 
 8.828599e+00  1.618371e+00  3.189428e+00  4.674839e+00  8.493997e+00 
 8.951665e+00  1.579481e+00  3.107798e+00  4.552286e+00  8.267275e+00 
 9.076446e+00  1.542225e+00  3.028355e+00  4.433448e+00  8.046631e+00 
 9.202967e+00  1.505520e+00  2.950832e+00  4.317588e+00  7.831029e+00 
 9.331251e+00  1.469528e+00  2.874956e+00  4.203873e+00  7.620507e+00 
 9.461324e+00  0.000000e+00  0.000000e+00  0.000000e+00  0.000000e+00 
 9.593209e+00  0.000000e+00  0.000000e+00  0.000000e+00  0.000000e+00 
 9.726934e+00  0.000000e+00  0.000000e+00  0.000000e+00  0.000000e+00 
 9.862522e+00  0.000000e+00  0.000000e+00  0.000000e+00  0.000000e+00 
 1.000000e+01  0.000000e+00  0.000000e+00  0.000000e+00  0.000000e+00 
