 1.000000e-02  5.334183e+03  9.644292e+03  1.299123e+04  1.930332e+04 
 1.013939e-02  5.363567e+03  9.697189e+03  1.306249e+04  1.940877e+04 
 1.028073e-02  5.392504e+03  9.749234e+03  1.313270e+04  1.951250e+04 
 1.042404e-02  5.420974e+03  9.800513e+03  1.320171e+04  1.961456e+04 
 1.056935e-02  5.448948e+03  9.850963e+03  1.326942e+04  1.971483e+04 
 1.071668e-02  5.476409e+03  9.900487e+03  1.333587e+04  1.981323e+04 
 1.086606e-02  5.503349e+03  9.949019e+03  1.340104e+04  1.990971e+04 
 1.101753e-02  5.529762e+03  9.996574e+03  1.346490e+04  2.000423e+04 
 1.117111e-02  5.555630e+03  1.004314e+04  1.352743e+04  2.009675e+04 
 1.132683e-02  5.580932e+03  1.008868e+04  1.358855e+04  2.018723e+04 
 1.148472e-02  5.605608e+03  1.013310e+04  1.364818e+04  2.027551e+04 
 1.164481e-02  5.629653e+03  1.017638e+04  1.370634e+04  2.036151e+04 
 1.180713e-02  5.653047e+03  1.021847e+04  1.376292e+04  2.044515e+04 
 1.197171e-02  5.675769e+03  1.025933e+04  1.381783e+04  2.052621e+04 
 1.213859e-02  5.697815e+03  1.029897e+04  1.387107e+04  2.060471e+04 
 1.230780e-02  5.719175e+03  1.033737e+04  1.392259e+04  2.068076e+04 
 1.247936e-02  5.739817e+03  1.037447e+04  1.397232e+04  2.075430e+04 
 1.265332e-02  5.759696e+03  1.041019e+04  1.402024e+04  2.082504e+04 
 1.282970e-02  5.778793e+03  1.044449e+04  1.406626e+04  2.089286e+04 
 1.300854e-02  5.797095e+03  1.047734e+04  1.411034e+04  2.095780e+04 
 1.318987e-02  5.814582e+03  1.050871e+04  1.415245e+04  2.101982e+04 
 1.337373e-02  5.831251e+03  1.053860e+04  1.419251e+04  2.107892e+04 
 1.356015e-02  5.847060e+03  1.056694e+04  1.423044e+04  2.113488e+04 
 1.374917e-02  5.861982e+03  1.059366e+04  1.426616e+04  2.118749e+04 
 1.394083e-02  5.876018e+03  1.061877e+04  1.429970e+04  2.123682e+04 
 1.413516e-02  5.889140e+03  1.064225e+04  1.433113e+04  2.128290e+04 
 1.433219e-02  5.901326e+03  1.066402e+04  1.436030e+04  2.132566e+04 
 1.453198e-02  5.912557e+03  1.068406e+04  1.438706e+04  2.136499e+04 
 1.473454e-02  5.922797e+03  1.070230e+04  1.441131e+04  2.140077e+04 
 1.493993e-02  5.932030e+03  1.071870e+04  1.443311e+04  2.143285e+04 
 1.514819e-02  5.940284e+03  1.073336e+04  1.445265e+04  2.146139e+04 
 1.535935e-02  5.947508e+03  1.074617e+04  1.446977e+04  2.148615e+04 
 1.557345e-02  5.953676e+03  1.075706e+04  1.448428e+04  2.150704e+04 
 1.579053e-02  5.958752e+03  1.076599e+04  1.449607e+04  2.152403e+04 
 1.601064e-02  5.962707e+03  1.077290e+04  1.450511e+04  2.153707e+04 
 1.623382e-02  5.965566e+03  1.077779e+04  1.451148e+04  2.154613e+04 
 1.646012e-02  5.967283e+03  1.078063e+04  1.451511e+04  2.155109e+04 
 1.668956e-02  5.967799e+03  1.078129e+04  1.451579e+04  2.155157e+04 
 1.692220e-02  5.967113e+03  1.077979e+04  1.451354e+04  2.154757e+04 
 1.715809e-02  5.965249e+03  1.077615e+04  1.450841e+04  2.153932e+04 
 1.739726e-02  5.962186e+03  1.077033e+04  1.450034e+04  2.152681e+04 
 1.763977e-02  5.957885e+03  1.076227e+04  1.448924e+04  2.150987e+04 
 1.788566e-02  5.952320e+03  1.075195e+04  1.447511e+04  2.148851e+04 
 1.813498e-02  5.945478e+03  1.073931e+04  1.445788e+04  2.146254e+04 
 1.838777e-02  5.937355e+03  1.072436e+04  1.443750e+04  2.143176e+04 
 1.864409e-02  5.927942e+03  1.070706e+04  1.441398e+04  2.139618e+04 
 1.890397e-02  5.917222e+03  1.068737e+04  1.438726e+04  2.135591e+04 
 1.916748e-02  5.905195e+03  1.066536e+04  1.435739e+04  2.131118e+04 
 1.943467e-02  5.891851e+03  1.064097e+04  1.432430e+04  2.126175e+04 
 1.970558e-02  5.877143e+03  1.061411e+04  1.428791e+04  2.120726e+04 
 1.998026e-02  5.861070e+03  1.058479e+04  1.424818e+04  2.114770e+04 
 2.025878e-02  5.843650e+03  1.055303e+04  1.420519e+04  2.108327e+04 
 2.054117e-02  5.824866e+03  1.051881e+04  1.415888e+04  2.101404e+04 
 2.082751e-02  5.804722e+03  1.048212e+04  1.410926e+04  2.093992e+04 
 2.111783e-02  5.783220e+03  1.044299e+04  1.405633e+04  2.086092e+04 
 2.141220e-02  5.760457e+03  1.040151e+04  1.400021e+04  2.077706e+04 
 2.171068e-02  5.736896e+03  1.035841e+04  1.394167e+04  2.068893e+04 
 2.201331e-02  5.711977e+03  1.031285e+04  1.387983e+04  2.059585e+04 
 2.232016e-02  5.685701e+03  1.026484e+04  1.381469e+04  2.049795e+04 
 2.263130e-02  5.658059e+03  1.021433e+04  1.374621e+04  2.039519e+04 
 2.294676e-02  5.629059e+03  1.016137e+04  1.367443e+04  2.028757e+04 
 2.326663e-02  5.598739e+03  1.010605e+04  1.359947e+04  2.017518e+04 
 2.359095e-02  5.567103e+03  1.004837e+04  1.352131e+04  2.005800e+04 
 2.391980e-02  5.534153e+03  9.988307e+03  1.343994e+04  1.993609e+04 
 2.425323e-02  5.499907e+03  9.925905e+03  1.335544e+04  1.980952e+04 
 2.459130e-02  5.464385e+03  9.861193e+03  1.326783e+04  1.967837e+04 
 2.493409e-02  5.427599e+03  9.794192e+03  1.317715e+04  1.954266e+04 
 2.528166e-02  5.389575e+03  9.724954e+03  1.308346e+04  1.940249e+04 
 2.563407e-02  5.350345e+03  9.653553e+03  1.298685e+04  1.925799e+04 
 2.599140e-02  5.309929e+03  9.580025e+03  1.288739e+04  1.910925e+04 
 2.635371e-02  5.268360e+03  9.504414e+03  1.278513e+04  1.895639e+04 
 2.672106e-02  5.225670e+03  9.426758e+03  1.268014e+04  1.879948e+04 
 2.709354e-02  5.181886e+03  9.347136e+03  1.257248e+04  1.863865e+04 
 2.747121e-02  5.137045e+03  9.265623e+03  1.246230e+04  1.847408e+04 
 2.785414e-02  5.091135e+03  9.182222e+03  1.234962e+04  1.830581e+04 
 2.824241e-02  5.043946e+03  9.096622e+03  1.223407e+04  1.813357e+04 
 2.863610e-02  4.995834e+03  9.009353e+03  1.211628e+04  1.795806e+04 
 2.903527e-02  4.946849e+03  8.920515e+03  1.199637e+04  1.777942e+04 
 2.944000e-02  4.897036e+03  8.830169e+03  1.187447e+04  1.759778e+04 
 2.985038e-02  4.846443e+03  8.738434e+03  1.175067e+04  1.741341e+04 
 3.026648e-02  4.795136e+03  8.645431e+03  1.162520e+04  1.722649e+04 
 3.068838e-02  4.743178e+03  8.551265e+03  1.149815e+04  1.703726e+04 
 3.111616e-02  4.690626e+03  8.456026e+03  1.136966e+04  1.684590e+04 
 3.154990e-02  4.637538e+03  8.359800e+03  1.123985e+04  1.665265e+04 
 3.198969e-02  4.583969e+03  8.262712e+03  1.110888e+04  1.645769e+04 
 3.243561e-02  4.529982e+03  8.164884e+03  1.097692e+04  1.626124e+04 
 3.288774e-02  4.475642e+03  8.066428e+03  1.084413e+04  1.606355e+04 
 3.334618e-02  4.421023e+03  7.967486e+03  1.071069e+04  1.586491e+04 
 3.381101e-02  4.366207e+03  7.868199e+03  1.057678e+04  1.566555e+04 
 3.428231e-02  4.311249e+03  7.768654e+03  1.044254e+04  1.546572e+04 
 3.476019e-02  4.256094e+03  7.669064e+03  1.030859e+04  1.526731e+04 
 3.524473e-02  4.200934e+03  7.569469e+03  1.017465e+04  1.506893e+04 
 3.573602e-02  4.145856e+03  7.470018e+03  1.004091e+04  1.487085e+04 
 3.623416e-02  4.090939e+03  7.370864e+03  9.907517e+03  1.467333e+04 
 3.673925e-02  4.036237e+03  7.272112e+03  9.774668e+03  1.447658e+04 
 3.725137e-02  3.981826e+03  7.173873e+03  9.642529e+03  1.428087e+04 
 3.777064e-02  3.927778e+03  7.076284e+03  9.511290e+03  1.408643e+04 
 3.829714e-02  3.874168e+03  6.979504e+03  9.381101e+03  1.389359e+04 
 3.883098e-02  3.821066e+03  6.883644e+03  9.252146e+03  1.370256e+04 
 3.937226e-02  3.768537e+03  6.788810e+03  9.124571e+03  1.351359e+04 
 3.992109e-02  3.716639e+03  6.695111e+03  8.998540e+03  1.332687e+04 
 4.047757e-02  3.665427e+03  6.602628e+03  8.874109e+03  1.314241e+04 
 4.104181e-02  3.614797e+03  6.510657e+03  8.749764e+03  1.295639e+04 
 4.161391e-02  3.564994e+03  6.420181e+03  8.627443e+03  1.277338e+04 
 4.219398e-02  3.516070e+03  6.331312e+03  8.507282e+03  1.259359e+04 
 4.278214e-02  3.468081e+03  6.244121e+03  8.389409e+03  1.241721e+04 
 4.337850e-02  3.421070e+03  6.158716e+03  8.273934e+03  1.224436e+04 
 4.398317e-02  3.375083e+03  6.075163e+03  8.160951e+03  1.207523e+04 
 4.459628e-02  3.330161e+03  5.993531e+03  8.050552e+03  1.190992e+04 
 4.521792e-02  3.286342e+03  5.913896e+03  7.942827e+03  1.174861e+04 
 4.584824e-02  3.243655e+03  5.836313e+03  7.837857e+03  1.159139e+04 
 4.648734e-02  3.202116e+03  5.760801e+03  7.735688e+03  1.143834e+04 
 4.713535e-02  3.161866e+03  5.688327e+03  7.638374e+03  1.129449e+04 
 4.779239e-02  3.122871e+03  5.618538e+03  7.545116e+03  1.115786e+04 
 4.845859e-02  3.085062e+03  5.550889e+03  7.454723e+03  1.102545e+04 
 4.913407e-02  3.048442e+03  5.485387e+03  7.367196e+03  1.089726e+04 
 4.981898e-02  3.012998e+03  5.422008e+03  7.282503e+03  1.077324e+04 
 5.051342e-02  2.978716e+03  5.360715e+03  7.200617e+03  1.065336e+04 
 5.121755e-02  2.945585e+03  5.301488e+03  7.121499e+03  1.053756e+04 
 5.193150e-02  2.913577e+03  5.244254e+03  7.045094e+03  1.042574e+04 
 5.265540e-02  2.882653e+03  5.188948e+03  6.971283e+03  1.031776e+04 
 5.338938e-02  2.852525e+03  5.134666e+03  6.898369e+03  1.020993e+04 
 5.413360e-02  2.823101e+03  5.081160e+03  6.825927e+03  1.010137e+04 
 5.488820e-02  2.794609e+03  5.029335e+03  6.755752e+03  9.996196e+03 
 5.565331e-02  2.766991e+03  4.979084e+03  6.687720e+03  9.894153e+03 
 5.642908e-02  2.740125e+03  4.930187e+03  6.621522e+03  9.794817e+03 
 5.721568e-02  2.713876e+03  4.882408e+03  6.556817e+03  9.697725e+03 
 5.801323e-02  2.688241e+03  4.835753e+03  6.493595e+03  9.602873e+03 
 5.882190e-02  2.663352e+03  4.790429e+03  6.432183e+03  9.510688e+03 
 5.964185e-02  2.639376e+03  4.747039e+03  6.373703e+03  9.423675e+03 
 6.047322e-02  2.616306e+03  4.706102e+03  6.319379e+03  9.345142e+03 
 6.131619e-02  2.593306e+03  4.665289e+03  6.265223e+03  9.266866e+03 
 6.217090e-02  2.570014e+03  4.623955e+03  6.210342e+03  9.187536e+03 
 6.303753e-02  2.546343e+03  4.581951e+03  6.154547e+03  9.106855e+03 
 6.391624e-02  2.522337e+03  4.539343e+03  6.097936e+03  9.024949e+03 
 6.480720e-02  2.498027e+03  4.496177e+03  6.040587e+03  8.941930e+03 
 6.571058e-02  2.473329e+03  4.452311e+03  5.982302e+03  8.857497e+03 
 6.662655e-02  2.446942e+03  4.403588e+03  5.915563e+03  8.755214e+03 
 6.755528e-02  2.419800e+03  4.353448e+03  5.846872e+03  8.649916e+03 
 6.849697e-02  2.391817e+03  4.301798e+03  5.776139e+03  8.541650e+03 
 6.945178e-02  2.362907e+03  4.248480e+03  5.703187e+03  8.430130e+03 
 7.041990e-02  2.332979e+03  4.193340e+03  5.627816e+03  8.315028e+03 
 7.140151e-02  2.301962e+03  4.136249e+03  5.549852e+03  8.196106e+03 
 7.239681e-02  2.270059e+03  4.077833e+03  5.470429e+03  8.076099e+03 
 7.340598e-02  2.237249e+03  4.018127e+03  5.389627e+03  7.955349e+03 
 7.442922e-02  2.203190e+03  3.956174e+03  5.305812e+03  7.830178e+03 
 7.546673e-02  2.167869e+03  3.891956e+03  5.218967e+03  7.700524e+03 
 7.651869e-02  2.131280e+03  3.825465e+03  5.129111e+03  7.566397e+03 
 7.758532e-02  2.093464e+03  3.756774e+03  5.036317e+03  7.427940e+03 
 7.866682e-02  2.055280e+03  3.688520e+03  4.945173e+03  7.294658e+03 
 7.976339e-02  2.017302e+03  3.622396e+03  4.858610e+03  7.172539e+03 
 8.087525e-02  1.978255e+03  3.554280e+03  4.769315e+03  7.046218e+03 
 8.200261e-02  1.938247e+03  3.484361e+03  4.677554e+03  6.916057e+03 
 8.314568e-02  1.897417e+03  3.412882e+03  4.583636e+03  6.782525e+03 
 8.430468e-02  1.855914e+03  3.340128e+03  4.487915e+03  6.646147e+03 
 8.547985e-02  1.813210e+03  3.264062e+03  4.386623e+03  6.498851e+03 
 8.667139e-02  1.769897e+03  3.186343e+03  4.282593e+03  6.346209e+03 
 8.787954e-02  1.726506e+03  3.108469e+03  4.178340e+03  6.193157e+03 
 8.910453e-02  1.683250e+03  3.030826e+03  4.074382e+03  6.040456e+03 
 9.034660e-02  1.640348e+03  2.953807e+03  3.971239e+03  5.888905e+03 
 9.160598e-02  1.598712e+03  2.879994e+03  3.873265e+03  5.747023e+03 
 9.288292e-02  1.558475e+03  2.809509e+03  3.780515e+03  5.614635e+03 
 9.417766e-02  1.519185e+03  2.740644e+03  3.689854e+03  5.485119e+03 
 9.549045e-02  1.481046e+03  2.673777e+03  3.601801e+03  5.359257e+03 
 9.682153e-02  1.444236e+03  2.609247e+03  3.516823e+03  5.237741e+03 
 9.817117e-02  1.409224e+03  2.548336e+03  3.437057e+03  5.124758e+03 
 9.953962e-02  1.375966e+03  2.490678e+03  3.361744e+03  5.018544e+03 
 1.009272e-01  1.344479e+03  2.436144e+03  3.290550e+03  4.918255e+03 
 1.023340e-01  1.314863e+03  2.384922e+03  3.223746e+03  4.824314e+03 
 1.037605e-01  1.286571e+03  2.335290e+03  3.158339e+03  4.730804e+03 
 1.052069e-01  1.257956e+03  2.282283e+03  3.085862e+03  4.620958e+03 
 1.066734e-01  1.231406e+03  2.233073e+03  3.018555e+03  4.518882e+03 
 1.081604e-01  1.206886e+03  2.187595e+03  2.956320e+03  4.424413e+03 
 1.096681e-01  1.184334e+03  2.145727e+03  2.898973e+03  4.337305e+03 
 1.111968e-01  1.163793e+03  2.107784e+03  2.847006e+03  4.257897e+03 
 1.127468e-01  1.144954e+03  2.072971e+03  2.799306e+03  4.184908e+03 
 1.143184e-01  1.127650e+03  2.040942e+03  2.755403e+03  4.117618e+03 
 1.159120e-01  1.111685e+03  2.011348e+03  2.714813e+03  4.055277e+03 
 1.175277e-01  1.097521e+03  1.985759e+03  2.680159e+03  4.002923e+03 
 1.191660e-01  1.084260e+03  1.961894e+03  2.647858e+03  3.954241e+03 
 1.208271e-01  1.071565e+03  1.939041e+03  2.616973e+03  3.907642e+03 
 1.225114e-01  1.059119e+03  1.916592e+03  2.586639e+03  3.861872e+03 
 1.242191e-01  1.046243e+03  1.893041e+03  2.554675e+03  3.813975e+03 
 1.259506e-01  1.033102e+03  1.869023e+03  2.522069e+03  3.765158e+03 
 1.277063e-01  1.019429e+03  1.844046e+03  2.488178e+03  3.714425e+03 
 1.294865e-01  1.005284e+03  1.818378e+03  2.453373e+03  3.662029e+03 
 1.312915e-01  9.905065e+02  1.791733e+03  2.417290e+03  3.607405e+03 
 1.331216e-01  9.745717e+02  1.762964e+03  2.378353e+03  3.548548e+03 
 1.349772e-01  9.573854e+02  1.731984e+03  2.336431e+03  3.485371e+03 
 1.368587e-01  9.400191e+02  1.702503e+03  2.298605e+03  3.434204e+03 
 1.387665e-01  9.212775e+02  1.670434e+03  2.257251e+03  3.377613e+03 
 1.407008e-01  9.012297e+02  1.635944e+03  2.212526e+03  3.315805e+03 
 1.426621e-01  8.809306e+02  1.601415e+03  2.167728e+03  3.252989e+03 
 1.446507e-01  8.598803e+02  1.565553e+03  2.121073e+03  3.186969e+03 
 1.466671e-01  8.380002e+02  1.528055e+03  2.072119e+03  3.117291e+03 
 1.487115e-01  8.137960e+02  1.484634e+03  2.014037e+03  3.032353e+03 
 1.507845e-01  7.882209e+02  1.437606e+03  1.950335e+03  2.937903e+03 
 1.528864e-01  7.628581e+02  1.390976e+03  1.887164e+03  2.844141e+03 
 1.550175e-01  7.398965e+02  1.350662e+03  1.834088e+03  2.768535e+03 
 1.571784e-01  7.189733e+02  1.315350e+03  1.788753e+03  2.706485e+03 
 1.593694e-01  6.990086e+02  1.281639e+03  1.745472e+03  2.647189e+03 
 1.615909e-01  6.807820e+02  1.251329e+03  1.706878e+03  2.594676e+03 
 1.638434e-01  6.641774e+02  1.224013e+03  1.672280e+03  2.547968e+03 
 1.661273e-01  6.490977e+02  1.199368e+03  1.641217e+03  2.506391e+03 
 1.684430e-01  6.325439e+02  1.169313e+03  1.600955e+03  2.448077e+03 
 1.707910e-01  6.173255e+02  1.141397e+03  1.563402e+03  2.393454e+03 
 1.731717e-01  6.041908e+02  1.117635e+03  1.531651e+03  2.347524e+03 
 1.755856e-01  5.942923e+02  1.101073e+03  1.510250e+03  2.317093e+03 
 1.780332e-01  5.856573e+02  1.086828e+03  1.492008e+03  2.291459e+03 
 1.805149e-01  5.762865e+02  1.069083e+03  1.467162e+03  2.252103e+03 
 1.830312e-01  5.666004e+02  1.049503e+03  1.438739e+03  2.205246e+03 
 1.855825e-01  5.574263e+02  1.031112e+03  1.412233e+03  2.161956e+03 
 1.881694e-01  5.487366e+02  1.014955e+03  1.390383e+03  2.129634e+03 
 1.907924e-01  5.398244e+02  9.983898e+02  1.367975e+03  2.096437e+03 
 1.934520e-01  5.299569e+02  9.798705e+02  1.342958e+03  2.060262e+03 
 1.961486e-01  5.192186e+02  9.596805e+02  1.315674e+03  2.020939e+03 
 1.988828e-01  5.088071e+02  9.408504e+02  1.290525e+03  1.984715e+03 
 2.016551e-01  4.991836e+02  9.245508e+02  1.269244e+03  1.954124e+03 
 2.044661e-01  4.884511e+02  9.059511e+02  1.244625e+03  1.918130e+03 
 2.073162e-01  4.761423e+02  8.832097e+02  1.213376e+03  1.870493e+03 
 2.102061e-01  4.631481e+02  8.591777e+02  1.180354e+03  1.820100e+03 
 2.131362e-01  4.534478e+02  8.454683e+02  1.164539e+03  1.800513e+03 
 2.161073e-01  4.436404e+02  8.315930e+02  1.148527e+03  1.780651e+03 
 2.191197e-01  4.311056e+02  8.104914e+02  1.121740e+03  1.745250e+03 
 2.221741e-01  4.183573e+02  7.884202e+02  1.093336e+03  1.707347e+03 
 2.252711e-01  4.067520e+02  7.689431e+02  1.068755e+03  1.675053e+03 
 2.284112e-01  3.961827e+02  7.514789e+02  1.046959e+03  1.646783e+03 
 2.315951e-01  3.869249e+02  7.355149e+02  1.025785e+03  1.615215e+03 
 2.348235e-01  3.788245e+02  7.213732e+02  1.006624e+03  1.585301e+03 
 2.380968e-01  3.697054e+02  7.039092e+02  9.823493e+02  1.548198e+03 
 2.414157e-01  3.610861e+02  6.870591e+02  9.588071e+02  1.512427e+03 
 2.447809e-01  3.527029e+02  6.709470e+02  9.366674e+02  1.478812e+03 
 2.481930e-01  3.449570e+02  6.561327e+02  9.163773e+02  1.448036e+03 
 2.516527e-01  3.404780e+02  6.486137e+02  9.062335e+02  1.432178e+03 
 2.551606e-01  3.351764e+02  6.391265e+02  8.933024e+02  1.412446e+03 
 2.587174e-01  3.268944e+02  6.227042e+02  8.705741e+02  1.378934e+03 
 2.623238e-01  3.199426e+02  6.099322e+02  8.533938e+02  1.354105e+03 
 2.659804e-01  3.143702e+02  6.009926e+02  8.420470e+02  1.338395e+03 
 2.696881e-01  3.067190e+02  5.872905e+02  8.238013e+02  1.311391e+03 
 2.734474e-01  2.982324e+02  5.717924e+02  8.030035e+02  1.280327e+03 
 2.772591e-01  2.917373e+02  5.614903e+02  7.904590e+02  1.264809e+03 
 2.811239e-01  2.846762e+02  5.495699e+02  7.755032e+02  1.246366e+03 
 2.850426e-01  2.771449e+02  5.360552e+02  7.581493e+02  1.225429e+03 
 2.890160e-01  2.701688e+02  5.245111e+02  7.434901e+02  1.204885e+03 
 2.930447e-01  2.636374e+02  5.134945e+02  7.289280e+02  1.182540e+03 
 2.971296e-01  2.574418e+02  5.016084e+02  7.113301e+02  1.152352e+03 
 3.012714e-01  2.518409e+02  4.920190e+02  6.986914e+02  1.133691e+03 
 3.054710e-01  2.465060e+02  4.831647e+02  6.876631e+02  1.119096e+03 
 3.097291e-01  2.402993e+02  4.717768e+02  6.726977e+02  1.098579e+03 
 3.140465e-01  2.347978e+02  4.607908e+02  6.569439e+02  1.072755e+03 
 3.184242e-01  2.300381e+02  4.513787e+02  6.433942e+02  1.050392e+03 
 3.228628e-01  2.263281e+02  4.452522e+02  6.357102e+02  1.041033e+03 
 3.273634e-01  2.210537e+02  4.347719e+02  6.207438e+02  1.017216e+03 
 3.319266e-01  2.155536e+02  4.242679e+02  6.063586e+02  9.958285e+02 
 3.365535e-01  2.102678e+02  4.150344e+02  5.946454e+02  9.805469e+02 
 3.412449e-01  2.065260e+02  4.101982e+02  5.890045e+02  9.716629e+02 
 3.460016e-01  2.023061e+02  4.034625e+02  5.804178e+02  9.596780e+02 
 3.508247e-01  1.980756e+02  3.960676e+02  5.706320e+02  9.454976e+02 
 3.557150e-01  1.939224e+02  3.884949e+02  5.604539e+02  9.300704e+02 
 3.606735e-01  1.891159e+02  3.800498e+02  5.494216e+02  9.145874e+02 
 3.657011e-01  1.834313e+02  3.694538e+02  5.350235e+02  8.945520e+02 
 3.707988e-01  1.789027e+02  3.608778e+02  5.233816e+02  8.773442e+02 
 3.759675e-01  1.748373e+02  3.531816e+02  5.128717e+02  8.616511e+02 
 3.812083e-01  1.707391e+02  3.458205e+02  5.029607e+02  8.471589e+02 
 3.865221e-01  1.673383e+02  3.407918e+02  4.970734e+02  8.374592e+02 
 3.919100e-01  1.639289e+02  3.330161e+02  4.853301e+02  8.213851e+02 
 3.973730e-01  1.600513e+02  3.266574e+02  4.774717e+02  8.091255e+02 
 4.029122e-01  1.569026e+02  3.217936e+02  4.708129e+02  7.970345e+02 
 4.085286e-01  1.537293e+02  3.151289e+02  4.613409e+02  7.835648e+02 
 4.142232e-01  1.498460e+02  3.073591e+02  4.511275e+02  7.709262e+02 
 4.199973e-01  1.459803e+02  3.007734e+02  4.428209e+02  7.588687e+02 
 4.258518e-01  1.428248e+02  2.949950e+02  4.346798e+02  7.449281e+02 
 4.317880e-01  1.394969e+02  2.886003e+02  4.253142e+02  7.306061e+02 
 4.378069e-01  1.365950e+02  2.829158e+02  4.172851e+02  7.174941e+02 
 4.439097e-01  1.341743e+02  2.791462e+02  4.127222e+02  7.129905e+02 
 4.500975e-01  1.304988e+02  2.723936e+02  4.035643e+02  6.995088e+02 
 4.563716e-01  1.274495e+02  2.662307e+02  3.947106e+02  6.838770e+02 
 4.627332e-01  1.254837e+02  2.635464e+02  3.918603e+02  6.812694e+02 
 4.691835e-01  1.222761e+02  2.572874e+02  3.829380e+02  6.664138e+02 
 4.757236e-01  1.199470e+02  2.528173e+02  3.768915e+02  6.573306e+02 
 4.823549e-01  1.167765e+02  2.464679e+02  3.680191e+02  6.454417e+02 
 4.890787e-01  1.142297e+02  2.415821e+02  3.614405e+02  6.351599e+02 
 4.958962e-01  1.122608e+02  2.378166e+02  3.556729e+02  6.246952e+02 
 5.028087e-01  1.096518e+02  2.333475e+02  3.496637e+02  6.159509e+02 
 5.098176e-01  1.075491e+02  2.295336e+02  3.442058e+02  6.053821e+02 
 5.169242e-01  1.056305e+02  2.259693e+02  3.394420e+02  5.990498e+02 
 5.241298e-01  1.021479e+02  2.200843e+02  3.322126e+02  5.902146e+02 
 5.314359e-01  1.003166e+02  2.172895e+02  3.284507e+02  5.841916e+02 
 5.388438e-01  9.819735e+01  2.126229e+02  3.215356e+02  5.737547e+02 
 5.463550e-01  9.640162e+01  2.091490e+02  3.164097e+02  5.652855e+02 
 5.539709e-01  9.376699e+01  2.045600e+02  3.106034e+02  5.563099e+02 
 5.616930e-01  9.203724e+01  2.012434e+02  3.059281e+02  5.492939e+02 
 5.695227e-01  9.015019e+01  1.981599e+02  3.021385e+02  5.416155e+02 
 5.774615e-01  8.806816e+01  1.934573e+02  2.952140e+02  5.317792e+02 
 5.855110e-01  8.643506e+01  1.904762e+02  2.906725e+02  5.241480e+02 
 5.936727e-01  8.440513e+01  1.859081e+02  2.843995e+02  5.148228e+02 
 6.019482e-01  8.292345e+01  1.836632e+02  2.808234e+02  5.083413e+02 
 6.103390e-01  8.091388e+01  1.802664e+02  2.764420e+02  5.007683e+02 
 6.188468e-01  7.906816e+01  1.771876e+02  2.736105e+02  4.986144e+02 
 6.274732e-01  7.770443e+01  1.738235e+02  2.679101e+02  4.893914e+02 
 6.362198e-01  7.608221e+01  1.710453e+02  2.638578e+02  4.816149e+02 
 6.450884e-01  7.425286e+01  1.678065e+02  2.594493e+02  4.741960e+02 
 6.540806e-01  7.268436e+01  1.641504e+02  2.539752e+02  4.662984e+02 
 6.631981e-01  7.102690e+01  1.615684e+02  2.511886e+02  4.614997e+02 
 6.724427e-01  6.963867e+01  1.586275e+02  2.471074e+02  4.565129e+02 
 6.818162e-01  6.809192e+01  1.557078e+02  2.420665e+02  4.473292e+02 
 6.913204e-01  6.659357e+01  1.527325e+02  2.382844e+02  4.409944e+02 
 7.009570e-01  6.561173e+01  1.503822e+02  2.348631e+02  4.351528e+02 
 7.107280e-01  6.388024e+01  1.476981e+02  2.311630e+02  4.281372e+02 
 7.206351e-01  6.285577e+01  1.453491e+02  2.280131e+02  4.243012e+02 
 7.306804e-01  6.153044e+01  1.430274e+02  2.242929e+02  4.167323e+02 
 7.408657e-01  6.013164e+01  1.401211e+02  2.201638e+02  4.110411e+02 
 7.511929e-01  5.881485e+01  1.374612e+02  2.167454e+02  4.053645e+02 
 7.616642e-01  5.764692e+01  1.349061e+02  2.131720e+02  3.999121e+02 
 7.722814e-01  5.682731e+01  1.334283e+02  2.106672e+02  3.941066e+02 
 7.830465e-01  5.560258e+01  1.307827e+02  2.069988e+02  3.887830e+02 
 7.939618e-01  5.451861e+01  1.289664e+02  2.041720e+02  3.846918e+02 
 8.050292e-01  5.327918e+01  1.264743e+02  2.012376e+02  3.794878e+02 
 8.162509e-01  5.230359e+01  1.245412e+02  1.977875e+02  3.727153e+02 
 8.276289e-01  5.099411e+01  1.219686e+02  1.944604e+02  3.678122e+02 
 8.391656e-01  5.030660e+01  1.204651e+02  1.916686e+02  3.636543e+02 
 8.508632e-01  4.936124e+01  1.183045e+02  1.888976e+02  3.586044e+02 
 8.627237e-01  4.822858e+01  1.163260e+02  1.859759e+02  3.528055e+02 
 8.747496e-01  4.731033e+01  1.142776e+02  1.831076e+02  3.480613e+02 
 8.869432e-01  4.644691e+01  1.125530e+02  1.805193e+02  3.434957e+02 
 8.993067e-01  4.547461e+01  1.106848e+02  1.776997e+02  3.384675e+02 
 9.118425e-01  4.472904e+01  1.087379e+02  1.746511e+02  3.324393e+02 
 9.245531e-01  4.371923e+01  1.068336e+02  1.718146e+02  3.286036e+02 
 9.374409e-01  4.285107e+01  1.051152e+02  1.695059e+02  3.241740e+02 
 9.505083e-01  4.210010e+01  1.034011e+02  1.669844e+02  3.195021e+02 
 9.637579e-01  4.117659e+01  1.013515e+02  1.639668e+02  3.148105e+02 
 9.771921e-01  4.059120e+01  1.006779e+02  1.623543e+02  3.105785e+02 
 9.908137e-01  3.977695e+01  9.874264e+01  1.596823e+02  3.065253e+02 
 1.004625e+00  3.898696e+01  9.687781e+01  1.568671e+02  3.012489e+02 
 1.018629e+00  3.830382e+01  9.547301e+01  1.546400e+02  2.968875e+02 
 1.032828e+00  3.753977e+01  9.390063e+01  1.525279e+02  2.937274e+02 
 1.047225e+00  3.677706e+01  9.249867e+01  1.500687e+02  2.886302e+02 
 1.061823e+00  3.617096e+01  9.119714e+01  1.479719e+02  2.844460e+02 
 1.076624e+00  3.546840e+01  8.968357e+01  1.456964e+02  2.801629e+02 
 1.091632e+00  3.483887e+01  8.819594e+01  1.435869e+02  2.759166e+02 
 1.106848e+00  3.414127e+01  8.662679e+01  1.413185e+02  2.720569e+02 
 1.122277e+00  3.350395e+01  8.536549e+01  1.390029e+02  2.675852e+02 
 1.137921e+00  3.286794e+01  8.386135e+01  1.368346e+02  2.635780e+02 
 1.153783e+00  3.230918e+01  8.252438e+01  1.347277e+02  2.598290e+02 
 1.169866e+00  3.171131e+01  8.125654e+01  1.326568e+02  2.561162e+02 
 1.186174e+00  3.110349e+01  8.002588e+01  1.306605e+02  2.520422e+02 
 1.202708e+00  3.056980e+01  7.873439e+01  1.286966e+02  2.481624e+02 
 1.219473e+00  3.003080e+01  7.753600e+01  1.268223e+02  2.440966e+02 
 1.236472e+00  2.947138e+01  7.632143e+01  1.249610e+02  2.405569e+02 
 1.253708e+00  2.895738e+01  7.506348e+01  1.228755e+02  2.369892e+02 
 1.271184e+00  2.844723e+01  7.414600e+01  1.213468e+02  2.332291e+02 
 1.288904e+00  2.793358e+01  7.270310e+01  1.191644e+02  2.298744e+02 
 1.306870e+00  2.740435e+01  7.154229e+01  1.173098e+02  2.260428e+02 
 1.325087e+00  2.696232e+01  7.046139e+01  1.155291e+02  2.222017e+02 
 1.343558e+00  2.648173e+01  6.932289e+01  1.136824e+02  2.186305e+02 
 1.362287e+00  2.604289e+01  6.817980e+01  1.117489e+02  2.150678e+02 
 1.381276e+00  2.556986e+01  6.710306e+01  1.098045e+02  2.115390e+02 
 1.400531e+00  2.513471e+01  6.603413e+01  1.081289e+02  2.077942e+02 
 1.420053e+00  2.467097e+01  6.489912e+01  1.064477e+02  2.043023e+02 
 1.439848e+00  2.425122e+01  6.392498e+01  1.046113e+02  2.009436e+02 
 1.459919e+00  2.379726e+01  6.286046e+01  1.028994e+02  1.973287e+02 
 1.480269e+00  2.343839e+01  6.174655e+01  1.011174e+02  1.936627e+02 
 1.500903e+00  2.302173e+01  6.077665e+01  9.940064e+01  1.906822e+02 
 1.521825e+00  2.261385e+01  5.986467e+01  9.786110e+01  1.872917e+02 
 1.543038e+00  2.221108e+01  5.886467e+01  9.630778e+01  1.841992e+02 
 1.564548e+00  2.186400e+01  5.790635e+01  9.465457e+01  1.808218e+02 
 1.586357e+00  2.149252e+01  5.702153e+01  9.309954e+01  1.775547e+02 
 1.608469e+00  2.110439e+01  5.609622e+01  9.154213e+01  1.745658e+02 
 1.630891e+00  2.080945e+01  5.507513e+01  8.981548e+01  1.711544e+02 
 1.653624e+00  2.042274e+01  5.415440e+01  8.836985e+01  1.682944e+02 
 1.676675e+00  2.007239e+01  5.334761e+01  8.690839e+01  1.650566e+02 
 1.700047e+00  1.972402e+01  5.245279e+01  8.535897e+01  1.620338e+02 
 1.723745e+00  1.940276e+01  5.154163e+01  8.384434e+01  1.587941e+02 
 1.747773e+00  1.905178e+01  5.063804e+01  8.231364e+01  1.558020e+02 
 1.772136e+00  1.873054e+01  4.977626e+01  8.082188e+01  1.529595e+02 
 1.796838e+00  1.842211e+01  4.891225e+01  7.938761e+01  1.499732e+02 
 1.821885e+00  1.813078e+01  4.806281e+01  7.790644e+01  1.471086e+02 
 1.847281e+00  1.781952e+01  4.730992e+01  7.657105e+01  1.442537e+02 
 1.873032e+00  1.752251e+01  4.644556e+01  7.503960e+01  1.414712e+02 
 1.899141e+00  1.722055e+01  4.559888e+01  7.369982e+01  1.387108e+02 
 1.925614e+00  1.694403e+01  4.482785e+01  7.236012e+01  1.358934e+02 
 1.952456e+00  1.670532e+01  4.408787e+01  7.104093e+01  1.331696e+02 
 1.979672e+00  1.639053e+01  4.334034e+01  6.973322e+01  1.305317e+02 
 2.007267e+00  1.614094e+01  4.256347e+01  6.831609e+01  1.279511e+02 
 2.035248e+00  1.584989e+01  4.176587e+01  6.699846e+01  1.252775e+02 
 2.063618e+00  1.558452e+01  4.099137e+01  6.571810e+01  1.226523e+02 
 2.092383e+00  1.532961e+01  4.025097e+01  6.441070e+01  1.201192e+02 
 2.121550e+00  1.506336e+01  3.949293e+01  6.314412e+01  1.175425e+02 
 2.151123e+00  1.481548e+01  3.876768e+01  6.186097e+01  1.150070e+02 
 2.181109e+00  1.456227e+01  3.802728e+01  6.063704e+01  1.126228e+02 
 2.211512e+00  1.431799e+01  3.728855e+01  5.936748e+01  1.100660e+02 
 2.242340e+00  1.407776e+01  3.661700e+01  5.818248e+01  1.077299e+02 
 2.273597e+00  1.382522e+01  3.591113e+01  5.693616e+01  1.053812e+02 
 2.305289e+00  1.360944e+01  3.522151e+01  5.578873e+01  1.030962e+02 
 2.337424e+00  1.337747e+01  3.452867e+01  5.461532e+01  1.008543e+02 
 2.370006e+00  1.314915e+01  3.386340e+01  5.350050e+01  9.867234e+01 
 2.403043e+00  1.291636e+01  3.321119e+01  5.235081e+01  9.645363e+01 
 2.436540e+00  1.270755e+01  3.257483e+01  5.126131e+01  9.429850e+01 
 2.470504e+00  1.249125e+01  3.194326e+01  5.015335e+01  9.217951e+01 
 2.504942e+00  1.227916e+01  3.132544e+01  4.910059e+01  9.011501e+01 
 2.539859e+00  1.207642e+01  3.068894e+01  4.802363e+01  8.804261e+01 
 2.575263e+00  1.185723e+01  3.005787e+01  4.701344e+01  8.606629e+01 
 2.611161e+00  1.165960e+01  2.944586e+01  4.594854e+01  8.408289e+01 
 2.647559e+00  1.145619e+01  2.883673e+01  4.490969e+01  8.209250e+01 
 2.684465e+00  1.125746e+01  2.825957e+01  4.390483e+01  8.016712e+01 
 2.721885e+00  1.105045e+01  2.764432e+01  4.292185e+01  7.828012e+01 
 2.759826e+00  1.085694e+01  2.704907e+01  4.193665e+01  7.643806e+01 
 2.798297e+00  1.066241e+01  2.649204e+01  4.098886e+01  7.466092e+01 
 2.837304e+00  1.047423e+01  2.592461e+01  4.005055e+01  7.287563e+01 
 2.876854e+00  1.028570e+01  2.536460e+01  3.912581e+01  7.114806e+01 
 2.916956e+00  1.010334e+01  2.482898e+01  3.822564e+01  6.942762e+01 
 2.957617e+00  9.926616e+00  2.430102e+01  3.735798e+01  6.777781e+01 
 2.998844e+00  9.747805e+00  2.378177e+01  3.648896e+01  6.615093e+01 
 3.040646e+00  9.572965e+00  2.326170e+01  3.564142e+01  6.460601e+01 
 3.083031e+00  9.401219e+00  2.275212e+01  3.481199e+01  6.305273e+01 
 3.126007e+00  9.234876e+00  2.226025e+01  3.399828e+01  6.151881e+01 
 3.169582e+00  9.063944e+00  2.175692e+01  3.318150e+01  6.002905e+01 
 3.213764e+00  8.896747e+00  2.127265e+01  3.239096e+01  5.856626e+01 
 3.258562e+00  8.728111e+00  2.079978e+01  3.161491e+01  5.712565e+01 
 3.303985e+00  8.564030e+00  2.031805e+01  3.084981e+01  5.571746e+01 
 3.350041e+00  8.403818e+00  1.984690e+01  3.009079e+01  5.433028e+01 
 3.396739e+00  8.240689e+00  1.939084e+01  2.936380e+01  5.296284e+01 
 3.444087e+00  8.084872e+00  1.893573e+01  2.863081e+01  5.164213e+01 
 3.492096e+00  7.930692e+00  1.850005e+01  2.793416e+01  5.036656e+01 
 3.540774e+00  7.773954e+00  1.807191e+01  2.725283e+01  4.911257e+01 
 3.590130e+00  7.625208e+00  1.764446e+01  2.657555e+01  4.789247e+01 
 3.640175e+00  7.480290e+00  1.723287e+01  2.592985e+01  4.669395e+01 
 3.690917e+00  7.332594e+00  1.683680e+01  2.528259e+01  4.553180e+01 
 3.742366e+00  7.189063e+00  1.643274e+01  2.466200e+01  4.441272e+01 
 3.794533e+00  7.051085e+00  1.605106e+01  2.405563e+01  4.330478e+01 
 3.847427e+00  6.912001e+00  1.566780e+01  2.345988e+01  4.223451e+01 
 3.901058e+00  6.772464e+00  1.529765e+01  2.288133e+01  4.117422e+01 
 3.955436e+00  6.639992e+00  1.492979e+01  2.230067e+01  4.013354e+01 
 4.010573e+00  6.503688e+00  1.456829e+01  2.174560e+01  3.912677e+01 
 4.066478e+00  6.370281e+00  1.420995e+01  2.119249e+01  3.812825e+01 
 4.123163e+00  6.237477e+00  1.386529e+01  2.065279e+01  3.715139e+01 
 4.180637e+00  6.109079e+00  1.352551e+01  2.012842e+01  3.619800e+01 
 4.238913e+00  5.980925e+00  1.318879e+01  1.961120e+01  3.527681e+01 
 4.298001e+00  5.852606e+00  1.286233e+01  1.911180e+01  3.437009e+01 
 4.357913e+00  5.732480e+00  1.254215e+01  1.862673e+01  3.349823e+01 
 4.418660e+00  5.610026e+00  1.223484e+01  1.814815e+01  3.264757e+01 
 4.480254e+00  5.490359e+00  1.192994e+01  1.768622e+01  3.181463e+01 
 4.542706e+00  5.374802e+00  1.163265e+01  1.723410e+01  3.100311e+01 
 4.606029e+00  5.260118e+00  1.134733e+01  1.679814e+01  3.022267e+01 
 4.670234e+00  5.147384e+00  1.106624e+01  1.637526e+01  2.945993e+01 
 4.735335e+00  5.037431e+00  1.079322e+01  1.595912e+01  2.871287e+01 
 4.801343e+00  4.930509e+00  1.052740e+01  1.555571e+01  2.798237e+01 
 4.868271e+00  4.823421e+00  1.026471e+01  1.515908e+01  2.727004e+01 
 4.936132e+00  4.717730e+00  1.000661e+01  1.477046e+01  2.657246e+01 
 5.004939e+00  4.613177e+00  9.754729e+00  1.439053e+01  2.588877e+01 
 5.074705e+00  4.509625e+00  9.506688e+00  1.401674e+01  2.522050e+01 
 5.145444e+00  4.408875e+00  9.264731e+00  1.365470e+01  2.456853e+01 
 5.217169e+00  4.308634e+00  9.027492e+00  1.329736e+01  2.392617e+01 
 5.289893e+00  4.212162e+00  8.797477e+00  1.295660e+01  2.330808e+01 
 5.363631e+00  4.115129e+00  8.572616e+00  1.261586e+01  2.270241e+01 
 5.438397e+00  4.021963e+00  8.352860e+00  1.228895e+01  2.211073e+01 
 5.514206e+00  3.930177e+00  8.139895e+00  1.197083e+01  2.153866e+01 
 5.591071e+00  3.839561e+00  7.933091e+00  1.166109e+01  2.098217e+01 
 5.669007e+00  3.752841e+00  7.731102e+00  1.136103e+01  2.044287e+01 
 5.748030e+00  3.667090e+00  7.535625e+00  1.106781e+01  1.991424e+01 
 5.828155e+00  3.583253e+00  7.345035e+00  1.078437e+01  1.940183e+01 
 5.909396e+00  3.501251e+00  7.159324e+00  1.050798e+01  1.890501e+01 
 5.991770e+00  3.420666e+00  6.977570e+00  1.023699e+01  1.841966e+01 
 6.075292e+00  3.341869e+00  6.800963e+00  9.973839e+00  1.794254e+01 
 6.159978e+00  3.263922e+00  6.627074e+00  9.716307e+00  1.747739e+01 
 6.245845e+00  3.187331e+00  6.456898e+00  9.463868e+00  1.702082e+01 
 6.332908e+00  3.111765e+00  6.289888e+00  9.215741e+00  1.657254e+01 
 6.421186e+00  3.038190e+00  6.127319e+00  8.973736e+00  1.613593e+01 
 6.510694e+00  2.965507e+00  5.968357e+00  8.738416e+00  1.571083e+01 
 6.601449e+00  2.894958e+00  5.813952e+00  8.509105e+00  1.529589e+01 
 6.693470e+00  2.825415e+00  5.662705e+00  8.284873e+00  1.489115e+01 
 6.786773e+00  2.757827e+00  5.516153e+00  8.067214e+00  1.449866e+01 
 6.881377e+00  2.692241e+00  5.374024e+00  7.855864e+00  1.411518e+01 
 6.977300e+00  2.628084e+00  5.235919e+00  7.651761e+00  1.374395e+01 
 7.074559e+00  2.565825e+00  5.101345e+00  7.451638e+00  1.338250e+01 
 7.173175e+00  2.504751e+00  4.970971e+00  7.258228e+00  1.303195e+01 
 7.273165e+00  2.445573e+00  4.844213e+00  7.070874e+00  1.269084e+01 
 7.374549e+00  2.387628e+00  4.720693e+00  6.887326e+00  1.235950e+01 
 7.477346e+00  2.330842e+00  4.600655e+00  6.709768e+00  1.203559e+01 
 7.581576e+00  2.275604e+00  4.482744e+00  6.535314e+00  1.171941e+01 
 7.687260e+00  2.221090e+00  4.367825e+00  6.364754e+00  1.141031e+01 
 7.794416e+00  2.167708e+00  4.255176e+00  6.197226e+00  1.110679e+01 
 7.903066e+00  2.115390e+00  4.144558e+00  6.033562e+00  1.080953e+01 
 8.013230e+00  2.064099e+00  4.037356e+00  5.875004e+00  1.052039e+01 
 8.124930e+00  2.013936e+00  3.932399e+00  5.719674e+00  1.023766e+01 
 8.238187e+00  1.965137e+00  3.830065e+00  5.567929e+00  9.962521e+00 
 8.353023e+00  1.917442e+00  3.730675e+00  5.420837e+00  9.694608e+00 
 8.469460e+00  1.871142e+00  3.634206e+00  5.277925e+00  9.434345e+00 
 8.587519e+00  1.826070e+00  3.540337e+00  5.138908e+00  9.181535e+00 
 8.707225e+00  1.782226e+00  3.449071e+00  5.004104e+00  8.936319e+00 
 8.828599e+00  1.739678e+00  3.360932e+00  4.873380e+00  8.697570e+00 
 8.951665e+00  1.698207e+00  3.275278e+00  4.746281e+00  8.466635e+00 
 9.076446e+00  1.657987e+00  3.192056e+00  4.623268e+00  8.242270e+00 
 9.202967e+00  1.618775e+00  3.111126e+00  4.503715e+00  8.023826e+00 
 9.331251e+00  1.580501e+00  3.032196e+00  4.386840e+00  7.811168e+00 
 9.461324e+00  0.000000e+00  0.000000e+00  0.000000e+00  0.000000e+00 
 9.593209e+00  0.000000e+00  0.000000e+00  0.000000e+00  0.000000e+00 
 9.726934e+00  0.000000e+00  0.000000e+00  0.000000e+00  0.000000e+00 
 9.862522e+00  0.000000e+00  0.000000e+00  0.000000e+00  0.000000e+00 
 1.000000e+01  0.000000e+00  0.000000e+00  0.000000e+00  0.000000e+00 
