 1.000000e-02  5.627861e+03  1.008186e+04  1.349988e+04  1.986232e+04 
 1.013939e-02  5.657089e+03  1.013395e+04  1.356955e+04  1.996446e+04 
 1.028073e-02  5.685811e+03  1.018520e+04  1.363806e+04  2.006479e+04 
 1.042404e-02  5.714010e+03  1.023557e+04  1.370538e+04  2.016323e+04 
 1.056935e-02  5.741655e+03  1.028496e+04  1.377130e+04  2.025975e+04 
 1.071668e-02  5.768737e+03  1.033328e+04  1.383577e+04  2.035432e+04 
 1.086606e-02  5.795227e+03  1.038051e+04  1.389879e+04  2.044681e+04 
 1.101753e-02  5.821112e+03  1.042663e+04  1.396043e+04  2.053711e+04 
 1.117111e-02  5.846386e+03  1.047169e+04  1.402070e+04  2.062519e+04 
 1.132683e-02  5.871014e+03  1.051560e+04  1.407938e+04  2.071101e+04 
 1.148472e-02  5.894990e+03  1.055834e+04  1.413634e+04  2.079452e+04 
 1.164481e-02  5.918290e+03  1.059986e+04  1.419162e+04  2.087562e+04 
 1.180713e-02  5.940872e+03  1.064009e+04  1.424522e+04  2.095410e+04 
 1.197171e-02  5.962720e+03  1.067900e+04  1.429715e+04  2.102994e+04 
 1.213859e-02  5.983828e+03  1.071656e+04  1.434732e+04  2.110320e+04 
 1.230780e-02  6.004145e+03  1.075273e+04  1.439560e+04  2.117369e+04 
 1.247936e-02  6.023671e+03  1.078745e+04  1.444193e+04  2.124136e+04 
 1.265332e-02  6.042390e+03  1.082072e+04  1.448635e+04  2.130622e+04 
 1.282970e-02  6.060271e+03  1.085250e+04  1.452872e+04  2.136814e+04 
 1.300854e-02  6.077287e+03  1.088272e+04  1.456892e+04  2.142685e+04 
 1.318987e-02  6.093428e+03  1.091139e+04  1.460697e+04  2.148238e+04 
 1.337373e-02  6.108674e+03  1.093844e+04  1.464290e+04  2.153482e+04 
 1.356015e-02  6.123005e+03  1.096383e+04  1.467671e+04  2.158407e+04 
 1.374917e-02  6.136389e+03  1.098754e+04  1.470830e+04  2.163000e+04 
 1.394083e-02  6.148804e+03  1.100951e+04  1.473759e+04  2.167257e+04 
 1.413516e-02  6.160238e+03  1.102970e+04  1.476446e+04  2.171160e+04 
 1.433219e-02  6.170660e+03  1.104811e+04  1.478888e+04  2.174707e+04 
 1.453198e-02  6.180078e+03  1.106468e+04  1.481080e+04  2.177894e+04 
 1.473454e-02  6.188447e+03  1.107938e+04  1.483017e+04  2.180708e+04 
 1.493993e-02  6.195740e+03  1.109214e+04  1.484702e+04  2.183135e+04 
 1.514819e-02  6.201959e+03  1.110304e+04  1.486137e+04  2.185193e+04 
 1.535935e-02  6.207084e+03  1.111195e+04  1.487306e+04  2.186872e+04 
 1.557345e-02  6.211094e+03  1.111884e+04  1.488204e+04  2.188155e+04 
 1.579053e-02  6.213962e+03  1.112370e+04  1.488832e+04  2.189035e+04 
 1.601064e-02  6.215659e+03  1.112647e+04  1.489184e+04  2.189493e+04 
 1.623382e-02  6.216156e+03  1.112709e+04  1.489252e+04  2.189529e+04 
 1.646012e-02  6.215455e+03  1.112556e+04  1.489027e+04  2.189148e+04 
 1.668956e-02  6.213528e+03  1.112184e+04  1.488504e+04  2.188345e+04 
 1.692220e-02  6.210369e+03  1.111590e+04  1.487686e+04  2.187103e+04 
 1.715809e-02  6.205978e+03  1.110772e+04  1.486572e+04  2.185417e+04 
 1.739726e-02  6.200316e+03  1.109729e+04  1.485155e+04  2.183281e+04 
 1.763977e-02  6.193370e+03  1.108455e+04  1.483426e+04  2.180693e+04 
 1.788566e-02  6.185130e+03  1.106951e+04  1.481388e+04  2.177656e+04 
 1.813498e-02  6.175572e+03  1.105211e+04  1.479033e+04  2.174148e+04 
 1.838777e-02  6.164685e+03  1.103233e+04  1.476364e+04  2.170174e+04 
 1.864409e-02  6.152464e+03  1.101016e+04  1.473374e+04  2.165734e+04 
 1.890397e-02  6.138896e+03  1.098560e+04  1.470064e+04  2.160828e+04 
 1.916748e-02  6.123988e+03  1.095861e+04  1.466430e+04  2.155446e+04 
 1.943467e-02  6.107726e+03  1.092920e+04  1.462471e+04  2.149580e+04 
 1.970558e-02  6.090111e+03  1.089736e+04  1.458187e+04  2.143227e+04 
 1.998026e-02  6.071129e+03  1.086309e+04  1.453576e+04  2.136393e+04 
 2.025878e-02  6.050767e+03  1.082633e+04  1.448634e+04  2.129087e+04 
 2.054117e-02  6.029027e+03  1.078711e+04  1.443363e+04  2.121305e+04 
 2.082751e-02  6.005922e+03  1.074544e+04  1.437763e+04  2.113034e+04 
 2.111783e-02  5.981439e+03  1.070132e+04  1.431836e+04  2.104276e+04 
 2.141220e-02  5.955676e+03  1.065488e+04  1.425595e+04  2.095055e+04 
 2.171068e-02  5.929134e+03  1.060680e+04  1.419112e+04  2.085430e+04 
 2.201331e-02  5.901230e+03  1.055630e+04  1.412303e+04  2.075317e+04 
 2.232016e-02  5.871963e+03  1.050335e+04  1.405168e+04  2.064721e+04 
 2.263130e-02  5.841357e+03  1.044802e+04  1.397714e+04  2.053656e+04 
 2.294676e-02  5.809436e+03  1.039033e+04  1.389946e+04  2.042125e+04 
 2.326663e-02  5.776223e+03  1.033030e+04  1.381865e+04  2.030145e+04 
 2.359095e-02  5.741722e+03  1.026799e+04  1.373478e+04  2.017713e+04 
 2.391980e-02  5.705924e+03  1.020335e+04  1.364779e+04  2.004824e+04 
 2.425323e-02  5.668868e+03  1.013647e+04  1.355780e+04  1.991493e+04 
 2.459130e-02  5.630584e+03  1.006738e+04  1.346488e+04  1.977735e+04 
 2.493409e-02  5.591101e+03  9.996175e+03  1.336910e+04  1.963558e+04 
 2.528166e-02  5.550439e+03  9.922857e+03  1.327054e+04  1.948966e+04 
 2.563407e-02  5.508634e+03  9.847496e+03  1.316923e+04  1.933975e+04 
 2.599140e-02  5.465704e+03  9.770135e+03  1.306524e+04  1.918591e+04 
 2.635371e-02  5.421683e+03  9.690812e+03  1.295865e+04  1.902825e+04 
 2.672106e-02  5.376617e+03  9.609613e+03  1.284956e+04  1.886695e+04 
 2.709354e-02  5.330553e+03  9.526648e+03  1.273808e+04  1.870217e+04 
 2.747121e-02  5.283535e+03  9.441997e+03  1.262434e+04  1.853404e+04 
 2.785414e-02  5.235529e+03  9.355607e+03  1.250832e+04  1.836261e+04 
 2.824241e-02  5.186327e+03  9.267157e+03  1.238966e+04  1.818760e+04 
 2.863610e-02  5.136305e+03  9.177237e+03  1.226905e+04  1.800972e+04 
 2.903527e-02  5.085504e+03  9.085965e+03  1.214661e+04  1.782916e+04 
 2.944000e-02  5.033984e+03  8.993424e+03  1.202248e+04  1.764609e+04 
 2.985038e-02  4.981816e+03  8.899717e+03  1.189680e+04  1.746076e+04 
 3.026648e-02  4.929054e+03  8.804943e+03  1.176970e+04  1.727338e+04 
 3.068838e-02  4.875763e+03  8.709219e+03  1.164135e+04  1.708416e+04 
 3.111616e-02  4.821999e+03  8.612657e+03  1.151185e+04  1.689330e+04 
 3.154990e-02  4.767818e+03  8.515367e+03  1.138140e+04  1.670101e+04 
 3.198969e-02  4.713277e+03  8.417455e+03  1.125012e+04  1.650747e+04 
 3.243561e-02  4.658441e+03  8.319037e+03  1.111816e+04  1.631296e+04 
 3.288774e-02  4.603397e+03  8.220249e+03  1.098572e+04  1.611772e+04 
 3.334618e-02  4.548228e+03  8.121208e+03  1.085295e+04  1.592204e+04 
 3.381101e-02  4.492994e+03  8.022037e+03  1.072000e+04  1.572613e+04 
 3.428231e-02  4.437735e+03  7.922867e+03  1.058706e+04  1.553019e+04 
 3.476019e-02  4.382321e+03  7.823743e+03  1.045454e+04  1.533586e+04 
 3.524473e-02  4.327049e+03  7.724860e+03  1.032235e+04  1.514205e+04 
 3.573602e-02  4.271992e+03  7.626368e+03  1.019067e+04  1.494899e+04 
 3.623416e-02  4.217215e+03  7.528383e+03  1.005967e+04  1.475691e+04 
 3.673925e-02  4.162784e+03  7.431025e+03  9.929487e+03  1.456603e+04 
 3.725137e-02  4.108765e+03  7.334405e+03  9.800299e+03  1.437657e+04 
 3.777064e-02  4.055229e+03  7.238656e+03  9.672283e+03  1.418880e+04 
 3.829714e-02  4.002240e+03  7.143880e+03  9.545585e+03  1.400295e+04 
 3.883098e-02  3.949866e+03  7.050202e+03  9.420353e+03  1.381925e+04 
 3.937226e-02  3.898163e+03  6.957738e+03  9.296718e+03  1.363788e+04 
 3.992109e-02  3.847197e+03  6.866585e+03  9.174814e+03  1.345907e+04 
 4.047757e-02  3.797003e+03  6.776768e+03  9.054686e+03  1.328274e+04 
 4.104181e-02  3.747416e+03  6.687402e+03  8.934507e+03  1.310449e+04 
 4.161391e-02  3.698716e+03  6.599639e+03  8.816486e+03  1.292938e+04 
 4.219398e-02  3.650949e+03  6.513558e+03  8.700710e+03  1.275759e+04 
 4.278214e-02  3.604157e+03  6.429234e+03  8.587269e+03  1.258924e+04 
 4.337850e-02  3.558378e+03  6.346742e+03  8.476270e+03  1.242447e+04 
 4.398317e-02  3.513645e+03  6.266120e+03  8.367777e+03  1.226343e+04 
 4.459628e-02  3.469987e+03  6.187413e+03  8.261864e+03  1.210615e+04 
 4.521792e-02  3.427423e+03  6.110663e+03  8.158576e+03  1.195272e+04 
 4.584824e-02  3.385958e+03  6.035879e+03  8.057928e+03  1.180318e+04 
 4.648734e-02  3.345600e+03  5.963090e+03  7.959942e+03  1.165755e+04 
 4.713535e-02  3.306524e+03  5.893369e+03  7.866852e+03  1.152121e+04 
 4.779239e-02  3.268655e+03  5.826283e+03  7.777749e+03  1.139198e+04 
 4.845859e-02  3.231889e+03  5.761158e+03  7.691256e+03  1.126656e+04 
 4.913407e-02  3.196201e+03  5.697950e+03  7.607327e+03  1.114486e+04 
 4.981898e-02  3.161564e+03  5.636598e+03  7.525898e+03  1.102680e+04 
 5.051342e-02  3.127940e+03  5.577056e+03  7.446882e+03  1.091225e+04 
 5.121755e-02  3.095299e+03  5.519266e+03  7.370174e+03  1.080108e+04 
 5.193150e-02  3.063586e+03  5.463134e+03  7.295662e+03  1.069313e+04 
 5.265540e-02  3.032732e+03  5.408540e+03  7.223207e+03  1.058820e+04 
 5.338938e-02  3.002439e+03  5.354489e+03  7.151015e+03  1.048243e+04 
 5.413360e-02  2.972597e+03  5.300700e+03  7.078610e+03  1.037491e+04 
 5.488820e-02  2.943434e+03  5.248119e+03  7.007833e+03  1.026977e+04 
 5.565331e-02  2.914822e+03  5.196518e+03  6.938360e+03  1.016655e+04 
 5.642908e-02  2.886601e+03  5.145623e+03  6.869830e+03  1.006475e+04 
 5.721568e-02  2.858765e+03  5.095425e+03  6.802227e+03  9.964312e+03 
 5.801323e-02  2.831458e+03  5.046166e+03  6.735895e+03  9.865740e+03 
 5.882190e-02  2.804720e+03  4.997918e+03  6.670924e+03  9.769178e+03 
 5.964185e-02  2.778463e+03  4.950873e+03  6.607922e+03  9.676445e+03 
 6.047322e-02  2.752677e+03  4.905648e+03  6.548339e+03  9.591350e+03 
 6.131619e-02  2.726319e+03  4.859418e+03  6.487388e+03  9.504236e+03 
 6.217090e-02  2.699301e+03  4.812009e+03  6.424860e+03  9.414790e+03 
 6.303753e-02  2.671700e+03  4.763545e+03  6.360911e+03  9.323261e+03 
 6.391624e-02  2.643586e+03  4.714140e+03  6.295717e+03  9.229862e+03 
 6.480720e-02  2.614906e+03  4.663700e+03  6.229145e+03  9.134413e+03 
 6.571058e-02  2.585501e+03  4.611950e+03  6.160803e+03  9.036364e+03 
 6.662655e-02  2.554034e+03  4.554651e+03  6.083064e+03  8.919214e+03 
 6.755528e-02  2.521543e+03  4.495494e+03  6.002768e+03  8.798179e+03 
 6.849697e-02  2.488016e+03  4.434494e+03  5.920021e+03  8.673576e+03 
 6.945178e-02  2.453401e+03  4.371554e+03  5.834707e+03  8.545233e+03 
 7.041990e-02  2.417659e+03  4.306593e+03  5.746737e+03  8.413020e+03 
 7.140151e-02  2.380755e+03  4.239567e+03  5.656015e+03  8.276824e+03 
 7.239681e-02  2.342957e+03  4.171275e+03  5.563974e+03  8.139883e+03 
 7.340598e-02  2.304338e+03  4.101900e+03  5.470919e+03  8.002842e+03 
 7.442922e-02  2.264566e+03  4.030460e+03  5.375104e+03  7.861767e+03 
 7.546673e-02  2.223691e+03  3.957038e+03  5.276661e+03  7.716810e+03 
 7.651869e-02  2.181780e+03  3.881765e+03  5.175756e+03  7.568249e+03 
 7.758532e-02  2.138908e+03  3.804804e+03  5.072596e+03  7.416390e+03 
 7.866682e-02  2.096064e+03  3.729076e+03  4.972205e+03  7.271349e+03 
 7.976339e-02  2.053921e+03  3.656473e+03  4.877791e+03  7.139476e+03 
 8.087525e-02  2.011147e+03  3.582650e+03  4.781659e+03  7.004889e+03 
 8.200261e-02  1.967901e+03  3.507890e+03  4.684206e+03  6.868134e+03 
 8.314568e-02  1.924366e+03  3.432525e+03  4.585860e+03  6.729821e+03 
 8.430468e-02  1.880730e+03  3.356887e+03  4.487065e+03  6.590627e+03 
 8.547985e-02  1.836256e+03  3.278392e+03  4.383162e+03  6.440880e+03 
 8.667139e-02  1.791679e+03  3.199076e+03  4.277555e+03  6.287195e+03 
 8.787954e-02  1.747655e+03  3.120731e+03  4.173216e+03  6.135314e+03 
 8.910453e-02  1.704397e+03  3.043740e+03  4.070666e+03  5.985994e+03 
 9.034660e-02  1.662105e+03  2.968452e+03  3.970389e+03  5.839937e+03 
 9.160598e-02  1.621599e+03  2.897159e+03  3.876199e+03  5.704397e+03 
 9.288292e-02  1.582975e+03  2.829950e+03  3.788118e+03  5.579215e+03 
 9.417766e-02  1.545809e+03  2.765301e+03  3.703376e+03  5.458809e+03 
 9.549045e-02  1.510240e+03  2.703472e+03  3.622331e+03  5.343703e+03 
 9.682153e-02  1.476396e+03  2.644683e+03  3.545305e+03  5.234358e+03 
 9.817117e-02  1.444541e+03  2.589688e+03  3.473569e+03  5.133226e+03 
 9.953962e-02  1.414629e+03  2.538234e+03  3.406623e+03  5.039234e+03 
 1.009272e-01  1.386636e+03  2.490179e+03  3.344175e+03  4.951774e+03 
 1.023340e-01  1.360586e+03  2.445567e+03  3.286317e+03  4.870940e+03 
 1.037605e-01  1.335771e+03  2.402340e+03  3.229583e+03  4.790092e+03 
 1.052069e-01  1.310232e+03  2.354831e+03  3.164443e+03  4.690938e+03 
 1.066734e-01  1.286510e+03  2.310647e+03  3.103804e+03  4.598529e+03 
 1.081604e-01  1.264481e+03  2.269558e+03  3.047339e+03  4.512377e+03 
 1.096681e-01  1.243976e+03  2.231243e+03  2.994632e+03  4.431848e+03 
 1.111968e-01  1.225202e+03  2.196510e+03  2.947005e+03  4.359012e+03 
 1.127468e-01  1.207541e+03  2.163834e+03  2.902177e+03  4.290349e+03 
 1.143184e-01  1.190733e+03  2.132719e+03  2.859475e+03  4.224844e+03 
 1.159120e-01  1.174525e+03  2.102711e+03  2.818270e+03  4.161578e+03 
 1.175277e-01  1.159800e+03  2.076568e+03  2.783249e+03  4.109506e+03 
 1.191660e-01  1.145223e+03  2.050802e+03  2.748793e+03  4.058487e+03 
 1.208271e-01  1.130433e+03  2.024642e+03  2.713793e+03  4.006677e+03 
 1.225114e-01  1.115161e+03  1.997596e+03  2.677637e+03  3.953240e+03 
 1.242191e-01  1.099026e+03  1.968998e+03  2.639653e+03  3.898281e+03 
 1.259506e-01  1.082002e+03  1.938803e+03  2.599510e+03  3.840137e+03 
 1.277063e-01  1.063933e+03  1.906716e+03  2.556789e+03  3.778158e+03 
 1.294865e-01  1.045138e+03  1.873579e+03  2.512775e+03  3.714145e+03 
 1.312915e-01  1.025620e+03  1.839429e+03  2.467546e+03  3.648192e+03 
 1.331216e-01  1.004856e+03  1.803007e+03  2.419198e+03  3.577606e+03 
 1.349772e-01  9.829321e+02  1.764494e+03  2.368053e+03  3.502988e+03 
 1.368587e-01  9.611566e+02  1.728137e+03  2.321951e+03  3.441723e+03 
 1.387665e-01  9.384276e+02  1.689943e+03  2.273243e+03  3.376320e+03 
 1.407008e-01  9.149621e+02  1.650297e+03  2.222472e+03  3.307557e+03 
 1.426621e-01  8.918034e+02  1.611322e+03  2.172292e+03  3.237981e+03 
 1.446507e-01  8.686544e+02  1.572272e+03  2.121813e+03  3.167282e+03 
 1.466671e-01  8.455697e+02  1.533210e+03  2.071194e+03  3.096144e+03 
 1.487115e-01  8.206428e+02  1.488749e+03  2.011925e+03  3.009986e+03 
 1.507845e-01  7.949757e+02  1.441587e+03  1.948119e+03  2.915669e+03 
 1.528864e-01  7.704108e+02  1.396462e+03  1.887053e+03  2.825366e+03 
 1.550175e-01  7.488744e+02  1.358521e+03  1.836918e+03  2.753616e+03 
 1.571784e-01  7.299621e+02  1.326469e+03  1.795585e+03  2.696402e+03 
 1.593694e-01  7.125539e+02  1.297058e+03  1.757765e+03  2.644207e+03 
 1.615909e-01  6.970825e+02  1.271236e+03  1.724663e+03  2.598616e+03 
 1.638434e-01  6.833312e+02  1.248539e+03  1.695719e+03  2.558944e+03 
 1.661273e-01  6.711073e+02  1.228572e+03  1.670449e+03  2.524637e+03 
 1.684430e-01  6.569784e+02  1.202477e+03  1.635181e+03  2.472950e+03 
 1.707910e-01  6.437198e+02  1.177666e+03  1.601457e+03  2.423320e+03 
 1.731717e-01  6.320833e+02  1.156249e+03  1.572558e+03  2.381041e+03 
 1.755856e-01  6.235098e+02  1.142106e+03  1.554356e+03  2.355104e+03 
 1.780332e-01  6.153528e+02  1.128710e+03  1.537155e+03  2.330620e+03 
 1.805149e-01  6.057606e+02  1.110822e+03  1.512345e+03  2.291929e+03 
 1.830312e-01  5.950761e+02  1.089834e+03  1.482432e+03  2.243954e+03 
 1.855825e-01  5.841180e+02  1.068664e+03  1.452627e+03  2.196946e+03 
 1.881694e-01  5.733501e+02  1.049675e+03  1.427769e+03  2.161924e+03 
 1.907924e-01  5.618096e+02  1.029249e+03  1.400928e+03  2.123821e+03 
 1.934520e-01  5.491244e+02  1.006724e+03  1.371470e+03  2.083139e+03 
 1.961486e-01  5.355196e+02  9.824831e+02  1.339723e+03  2.039340e+03 
 1.988828e-01  5.223578e+02  9.596779e+02  1.310075e+03  1.998210e+03 
 2.016551e-01  5.103036e+02  9.398054e+02  1.284630e+03  1.962801e+03 
 2.044661e-01  4.976127e+02  9.183843e+02  1.256798e+03  1.923311e+03 
 2.073162e-01  4.836286e+02  8.929101e+02  1.222160e+03  1.871446e+03 
 2.102061e-01  4.697760e+02  8.676438e+02  1.187800e+03  1.819943e+03 
 2.131362e-01  4.597957e+02  8.533342e+02  1.170969e+03  1.798230e+03 
 2.161073e-01  4.505159e+02  8.403574e+02  1.155985e+03  1.779330e+03 
 2.191197e-01  4.386906e+02  8.201862e+02  1.130170e+03  1.744803e+03 
 2.221741e-01  4.270671e+02  7.997887e+02  1.103772e+03  1.709417e+03 
 2.252711e-01  4.168275e+02  7.823258e+02  1.081545e+03  1.679803e+03 
 2.284112e-01  4.077547e+02  7.671264e+02  1.062435e+03  1.654676e+03 
 2.315951e-01  3.999526e+02  7.533457e+02  1.043839e+03  1.626264e+03 
 2.348235e-01  3.930235e+02  7.408627e+02  1.026529e+03  1.598433e+03 
 2.380968e-01  3.847280e+02  7.247465e+02  1.004028e+03  1.564114e+03 
 2.414157e-01  3.762933e+02  7.081135e+02  9.807793e+02  1.529029e+03 
 2.447809e-01  3.678423e+02  6.922232e+02  9.592297e+02  1.496856e+03 
 2.481930e-01  3.594031e+02  6.764982e+02  9.379877e+02  1.465153e+03 
 2.516527e-01  3.542372e+02  6.682886e+02  9.272898e+02  1.449234e+03 
 2.551606e-01  3.477131e+02  6.571294e+02  9.125027e+02  1.427537e+03 
 2.587174e-01  3.379080e+02  6.386421e+02  8.875987e+02  1.391998e+03 
 2.623238e-01  3.295370e+02  6.239237e+02  8.682711e+02  1.364858e+03 
 2.659804e-01  3.228092e+02  6.134346e+02  8.551744e+02  1.347111e+03 
 2.696881e-01  3.140411e+02  5.980551e+02  8.348880e+02  1.317456e+03 
 2.734474e-01  3.048492e+02  5.815710e+02  8.129593e+02  1.285081e+03 
 2.772591e-01  2.979939e+02  5.706290e+02  7.995631e+02  1.268197e+03 
 2.811239e-01  2.909770e+02  5.587638e+02  7.847377e+02  1.250018e+03 
 2.850426e-01  2.837456e+02  5.456924e+02  7.680784e+02  1.230378e+03 
 2.890160e-01  2.773076e+02  5.348857e+02  7.542289e+02  1.210673e+03 
 2.930447e-01  2.713991e+02  5.247268e+02  7.406023e+02  1.189403e+03 
 2.971296e-01  2.657557e+02  5.134706e+02  7.236582e+02  1.160367e+03 
 3.012714e-01  2.607075e+02  5.048109e+02  7.122239e+02  1.143545e+03 
 3.054710e-01  2.556527e+02  4.965267e+02  7.019940e+02  1.130156e+03 
 3.097291e-01  2.494027e+02  4.852483e+02  6.873474e+02  1.110377e+03 
 3.140465e-01  2.435610e+02  4.738315e+02  6.711600e+02  1.084249e+03 
 3.184242e-01  2.382558e+02  4.636420e+02  6.567197e+02  1.060900e+03 
 3.228628e-01  2.339946e+02  4.568181e+02  6.483256e+02  1.050804e+03 
 3.273634e-01  2.280112e+02  4.452875e+02  6.321076e+02  1.025482e+03 
 3.319266e-01  2.218455e+02  4.338068e+02  6.165652e+02  1.002661e+03 
 3.365535e-01  2.160569e+02  4.238828e+02  6.040573e+02  9.863544e+02 
 3.412449e-01  2.121153e+02  4.187462e+02  5.979144e+02  9.764795e+02 
 3.460016e-01  2.078399e+02  4.118910e+02  5.891668e+02  9.643122e+02 
 3.508247e-01  2.037314e+02  4.046658e+02  5.796043e+02  9.505132e+02 
 3.557150e-01  1.997789e+02  3.973944e+02  5.697887e+02  9.355633e+02 
 3.606735e-01  1.951684e+02  3.892792e+02  5.592596e+02  9.209331e+02 
 3.657011e-01  1.896401e+02  3.790089e+02  5.454691e+02  9.023235e+02 
 3.707988e-01  1.851972e+02  3.706741e+02  5.342658e+02  8.859953e+02 
 3.759675e-01  1.810754e+02  3.629616e+02  5.238164e+02  8.706071e+02 
 3.812083e-01  1.767681e+02  3.553173e+02  5.135769e+02  8.558707e+02 
 3.865221e-01  1.731258e+02  3.500508e+02  5.073161e+02  8.452596e+02 
 3.919100e-01  1.693504e+02  3.415849e+02  4.948613e+02  8.288024e+02 
 3.973730e-01  1.651585e+02  3.348067e+02  4.863916e+02  8.153741e+02 
 4.029122e-01  1.618199e+02  3.296056e+02  4.791745e+02  8.023800e+02 
 4.085286e-01  1.584585e+02  3.225938e+02  4.693461e+02  7.886539e+02 
 4.142232e-01  1.544596e+02  3.146995e+02  4.591373e+02  7.761917e+02 
 4.199973e-01  1.506183e+02  3.082612e+02  4.510586e+02  7.644198e+02 
 4.258518e-01  1.475588e+02  3.026689e+02  4.431817e+02  7.510303e+02 
 4.317880e-01  1.443007e+02  2.963718e+02  4.340426e+02  7.374141e+02 
 4.378069e-01  1.413939e+02  2.906917e+02  4.260135e+02  7.243777e+02 
 4.439097e-01  1.389324e+02  2.869193e+02  4.215368e+02  7.201157e+02 
 4.500975e-01  1.350987e+02  2.799736e+02  4.121597e+02  7.064979e+02 
 4.563716e-01  1.318348e+02  2.734355e+02  4.028006e+02  6.902142e+02 
 4.627332e-01  1.297649e+02  2.705961e+02  3.997199e+02  6.870215e+02 
 4.691835e-01  1.263924e+02  2.640958e+02  3.905141e+02  6.719228e+02 
 4.757236e-01  1.239586e+02  2.594206e+02  3.841957e+02  6.624703e+02 
 4.823549e-01  1.207104e+02  2.529721e+02  3.753324e+02  6.507755e+02 
 4.890787e-01  1.181365e+02  2.481156e+02  3.688446e+02  6.407166e+02 
 4.958962e-01  1.162020e+02  2.443877e+02  3.631250e+02  6.305029e+02 
 5.028087e-01  1.136044e+02  2.399799e+02  3.572541e+02  6.220986e+02 
 5.098176e-01  1.114582e+02  2.360901e+02  3.516250e+02  6.113516e+02 
 5.169242e-01  1.094571e+02  2.323811e+02  3.467115e+02  6.046887e+02 
 5.241298e-01  1.058371e+02  2.264142e+02  3.394902e+02  5.958362e+02 
 5.314359e-01  1.039568e+02  2.235029e+02  3.354703e+02  5.894720e+02 
 5.388438e-01  1.017297e+02  2.186028e+02  3.283365e+02  5.789339e+02 
 5.463550e-01  9.988893e+01  2.150577e+02  3.231317e+02  5.705247e+02 
 5.539709e-01  9.721327e+01  2.104996e+02  3.173830e+02  5.617462e+02 
 5.616930e-01  9.546081e+01  2.071579e+02  3.127269e+02  5.548025e+02 
 5.695227e-01  9.356227e+01  2.041405e+02  3.089501e+02  5.469391e+02 
 5.774615e-01  9.139281e+01  1.992958e+02  3.019611e+02  5.372476e+02 
 5.855110e-01  8.971289e+01  1.962139e+02  2.972947e+02  5.295508e+02 
 5.936727e-01  8.759279e+01  1.914554e+02  2.908263e+02  5.200944e+02 
 6.019482e-01  8.607368e+01  1.891188e+02  2.870912e+02  5.134349e+02 
 6.103390e-01  8.400943e+01  1.856906e+02  2.826620e+02  5.056026e+02 
 6.188468e-01  8.212366e+01  1.827033e+02  2.799875e+02  5.034957e+02 
 6.274732e-01  8.072027e+01  1.791659e+02  2.741334e+02  4.944058e+02 
 6.362198e-01  7.908609e+01  1.763713e+02  2.700690e+02  4.867535e+02 
 6.450884e-01  7.720422e+01  1.730932e+02  2.655724e+02  4.791260e+02 
 6.540806e-01  7.555996e+01  1.693010e+02  2.599947e+02  4.713049e+02 
 6.631981e-01  7.386762e+01  1.667146e+02  2.571476e+02  4.662976e+02 
 6.724427e-01  7.242586e+01  1.637303e+02  2.531191e+02  4.613443e+02 
 6.818162e-01  7.083654e+01  1.606520e+02  2.478538e+02  4.521167e+02 
 6.913204e-01  6.929645e+01  1.576489e+02  2.440247e+02  4.456852e+02 
 7.009570e-01  6.827289e+01  1.551897e+02  2.405154e+02  4.397881e+02 
 7.107280e-01  6.651722e+01  1.525415e+02  2.367843e+02  4.327452e+02 
 7.206351e-01  6.545554e+01  1.501319e+02  2.336764e+02  4.289135e+02 
 7.306804e-01  6.411445e+01  1.477478e+02  2.297764e+02  4.211858e+02 
 7.408657e-01  6.266928e+01  1.447895e+02  2.256561e+02  4.157201e+02 
 7.511929e-01  6.131894e+01  1.421103e+02  2.222551e+02  4.097907e+02 
 7.616642e-01  6.009666e+01  1.394943e+02  2.186352e+02  4.046029e+02 
 7.722814e-01  5.928595e+01  1.379629e+02  2.160355e+02  3.986180e+02 
 7.830465e-01  5.801083e+01  1.352588e+02  2.123175e+02  3.932522e+02 
 7.939618e-01  5.691410e+01  1.334165e+02  2.094366e+02  3.891348e+02 
 8.050292e-01  5.562905e+01  1.309173e+02  2.065494e+02  3.839419e+02 
 8.162509e-01  5.463472e+01  1.289088e+02  2.029882e+02  3.771498e+02 
 8.276289e-01  5.327919e+01  1.262973e+02  1.996213e+02  3.722135e+02 
 8.391656e-01  5.258506e+01  1.246944e+02  1.967328e+02  3.679605e+02 
 8.508632e-01  5.158650e+01  1.225160e+02  1.939183e+02  3.628571e+02 
 8.627237e-01  5.043240e+01  1.204746e+02  1.909255e+02  3.570611e+02 
 8.747496e-01  4.947641e+01  1.183901e+02  1.880398e+02  3.521593e+02 
 8.869432e-01  4.859973e+01  1.166292e+02  1.854082e+02  3.476635e+02 
 8.993067e-01  4.759736e+01  1.147178e+02  1.825172e+02  3.425848e+02 
 9.118425e-01  4.682732e+01  1.127044e+02  1.794154e+02  3.365131e+02 
 9.245531e-01  4.579443e+01  1.107853e+02  1.765742e+02  3.327506e+02 
 9.374409e-01  4.489888e+01  1.090433e+02  1.742524e+02  3.281928e+02 
 9.505083e-01  4.413718e+01  1.072806e+02  1.716729e+02  3.236282e+02 
 9.637579e-01  4.317715e+01  1.051990e+02  1.686399e+02  3.188324e+02 
 9.771921e-01  4.259713e+01  1.044992e+02  1.669225e+02  3.146008e+02 
 9.908137e-01  4.176035e+01  1.025047e+02  1.642335e+02  3.104384e+02 
 1.004625e+00  4.092546e+01  1.005898e+02  1.613610e+02  3.052425e+02 
 1.018629e+00  4.022688e+01  9.914801e+01  1.590438e+02  3.007977e+02 
 1.032828e+00  3.943170e+01  9.755413e+01  1.569377e+02  2.975199e+02 
 1.047225e+00  3.864506e+01  9.609833e+01  1.543959e+02  2.923668e+02 
 1.061823e+00  3.802998e+01  9.474779e+01  1.522519e+02  2.881993e+02 
 1.076624e+00  3.729927e+01  9.321107e+01  1.499589e+02  2.838456e+02 
 1.091632e+00  3.664180e+01  9.167309e+01  1.477570e+02  2.795264e+02 
 1.106848e+00  3.592672e+01  9.007527e+01  1.454824e+02  2.757469e+02 
 1.122277e+00  3.527428e+01  8.877909e+01  1.430832e+02  2.712048e+02 
 1.137921e+00  3.462071e+01  8.724334e+01  1.409237e+02  2.672157e+02 
 1.153783e+00  3.404190e+01  8.587789e+01  1.387753e+02  2.633872e+02 
 1.169866e+00  3.342496e+01  8.457164e+01  1.366803e+02  2.597296e+02 
 1.186174e+00  3.280127e+01  8.331474e+01  1.346306e+02  2.556067e+02 
 1.202708e+00  3.225587e+01  8.200604e+01  1.326465e+02  2.517540e+02 
 1.219473e+00  3.169980e+01  8.077321e+01  1.307324e+02  2.476172e+02 
 1.236472e+00  3.111978e+01  7.954863e+01  1.288355e+02  2.440386e+02 
 1.253708e+00  3.059491e+01  7.822764e+01  1.266551e+02  2.405022e+02 
 1.271184e+00  3.006513e+01  7.728891e+01  1.250918e+02  2.366785e+02 
 1.288904e+00  2.952972e+01  7.578977e+01  1.229101e+02  2.332552e+02 
 1.306870e+00  2.897345e+01  7.460361e+01  1.209633e+02  2.293142e+02 
 1.325087e+00  2.851677e+01  7.348825e+01  1.191554e+02  2.254954e+02 
 1.343558e+00  2.802042e+01  7.230866e+01  1.172821e+02  2.218482e+02 
 1.362287e+00  2.756600e+01  7.111638e+01  1.152922e+02  2.182919e+02 
 1.381276e+00  2.708303e+01  7.000130e+01  1.132886e+02  2.147438e+02 
 1.400531e+00  2.662792e+01  6.891212e+01  1.115833e+02  2.109751e+02 
 1.420053e+00  2.614777e+01  6.775384e+01  1.098676e+02  2.074171e+02 
 1.439848e+00  2.571680e+01  6.673545e+01  1.080273e+02  2.040321e+02 
 1.459919e+00  2.524660e+01  6.565076e+01  1.062451e+02  2.004101e+02 
 1.480269e+00  2.487337e+01  6.449552e+01  1.044287e+02  1.967153e+02 
 1.500903e+00  2.444204e+01  6.349916e+01  1.026737e+02  1.936948e+02 
 1.521825e+00  2.402473e+01  6.256127e+01  1.011033e+02  1.903140e+02 
 1.543038e+00  2.360742e+01  6.154486e+01  9.951574e+01  1.871704e+02 
 1.564548e+00  2.324314e+01  6.055133e+01  9.782456e+01  1.837386e+02 
 1.586357e+00  2.285445e+01  5.962455e+01  9.620784e+01  1.804697e+02 
 1.608469e+00  2.244828e+01  5.866315e+01  9.459945e+01  1.774188e+02 
 1.630891e+00  2.213490e+01  5.760046e+01  9.279617e+01  1.739569e+02 
 1.653624e+00  2.173574e+01  5.665152e+01  9.132629e+01  1.710769e+02 
 1.676675e+00  2.137140e+01  5.580169e+01  8.982471e+01  1.677787e+02 
 1.700047e+00  2.100814e+01  5.488504e+01  8.823570e+01  1.647665e+02 
 1.723745e+00  2.067092e+01  5.393860e+01  8.668412e+01  1.614968e+02 
 1.747773e+00  2.030559e+01  5.300960e+01  8.512476e+01  1.584197e+02 
 1.772136e+00  1.997399e+01  5.211681e+01  8.358952e+01  1.555578e+02 
 1.796838e+00  1.965496e+01  5.123410e+01  8.211086e+01  1.525460e+02 
 1.821885e+00  1.934856e+01  5.035270e+01  8.059994e+01  1.497100e+02 
 1.847281e+00  1.902319e+01  4.957196e+01  7.924071e+01  1.468256e+02 
 1.873032e+00  1.871717e+01  4.867288e+01  7.768484e+01  1.440247e+02 
 1.899141e+00  1.840034e+01  4.780025e+01  7.630552e+01  1.412219e+02 
 1.925614e+00  1.811304e+01  4.700670e+01  7.492066e+01  1.383868e+02 
 1.952456e+00  1.786369e+01  4.623027e+01  7.356069e+01  1.356467e+02 
 1.979672e+00  1.753335e+01  4.544782e+01  7.220286e+01  1.329469e+02 
 2.007267e+00  1.726737e+01  4.463050e+01  7.076800e+01  1.303386e+02 
 2.035248e+00  1.696356e+01  4.381004e+01  6.939875e+01  1.275922e+02 
 2.063618e+00  1.668212e+01  4.300256e+01  6.806579e+01  1.249557e+02 
 2.092383e+00  1.641249e+01  4.222737e+01  6.672938e+01  1.223994e+02 
 2.121550e+00  1.613296e+01  4.144008e+01  6.541184e+01  1.198017e+02 
 2.151123e+00  1.587084e+01  4.068576e+01  6.408945e+01  1.172295e+02 
 2.181109e+00  1.560616e+01  3.991889e+01  6.283592e+01  1.148109e+02 
 2.211512e+00  1.534749e+01  3.915577e+01  6.153563e+01  1.122728e+02 
 2.242340e+00  1.509779e+01  3.845112e+01  6.031898e+01  1.098990e+02 
 2.273597e+00  1.483264e+01  3.772289e+01  5.904464e+01  1.075067e+02 
 2.305289e+00  1.460321e+01  3.700249e+01  5.786500e+01  1.051995e+02 
 2.337424e+00  1.436085e+01  3.628236e+01  5.667301e+01  1.029119e+02 
 2.370006e+00  1.412124e+01  3.559410e+01  5.551478e+01  1.007436e+02 
 2.403043e+00  1.387669e+01  3.491591e+01  5.432944e+01  9.849702e+01 
 2.436540e+00  1.365367e+01  3.424852e+01  5.320456e+01  9.630890e+01 
 2.470504e+00  1.342480e+01  3.358780e+01  5.206627e+01  9.415398e+01 
 2.504942e+00  1.319816e+01  3.294068e+01  5.097664e+01  9.206770e+01 
 2.539859e+00  1.298304e+01  3.227192e+01  4.985830e+01  8.994875e+01 
 2.575263e+00  1.274967e+01  3.160986e+01  4.881971e+01  8.793995e+01 
 2.611161e+00  1.253972e+01  3.097128e+01  4.771818e+01  8.591943e+01 
 2.647559e+00  1.232407e+01  3.033345e+01  4.664402e+01  8.390429e+01 
 2.684465e+00  1.211063e+01  2.973182e+01  4.560683e+01  8.194960e+01 
 2.721885e+00  1.189201e+01  2.908949e+01  4.459844e+01  8.004941e+01 
 2.759826e+00  1.168481e+01  2.847117e+01  4.358044e+01  7.816754e+01 
 2.798297e+00  1.148097e+01  2.788729e+01  4.261150e+01  7.637653e+01 
 2.837304e+00  1.128156e+01  2.729696e+01  4.164136e+01  7.458074e+01 
 2.876854e+00  1.108162e+01  2.670981e+01  4.069520e+01  7.283557e+01 
 2.916956e+00  1.088811e+01  2.615322e+01  3.976828e+01  7.108258e+01 
 2.957617e+00  1.069953e+01  2.560078e+01  3.887290e+01  6.942661e+01 
 2.998844e+00  1.050866e+01  2.505927e+01  3.797858e+01  6.777226e+01 
 3.040646e+00  1.032233e+01  2.451437e+01  3.710245e+01  6.619849e+01 
 3.083031e+00  1.013762e+01  2.397960e+01  3.624269e+01  6.462322e+01 
 3.126007e+00  9.958063e+00  2.346250e+01  3.539537e+01  6.305484e+01 
 3.169582e+00  9.775658e+00  2.293157e+01  3.454771e+01  6.153781e+01 
 3.213764e+00  9.595903e+00  2.242247e+01  3.372829e+01  6.004536e+01 
 3.258562e+00  9.414786e+00  2.192645e+01  3.292362e+01  5.858208e+01 
 3.303985e+00  9.238590e+00  2.142122e+01  3.213152e+01  5.715256e+01 
 3.350041e+00  9.066843e+00  2.092779e+01  3.135012e+01  5.573868e+01 
 3.396739e+00  8.891721e+00  2.045196e+01  3.059754e+01  5.436284e+01 
 3.444087e+00  8.725764e+00  1.997334e+01  2.984060e+01  5.301457e+01 
 3.492096e+00  8.560526e+00  1.951632e+01  2.912545e+01  5.172671e+01 
 3.540774e+00  8.392531e+00  1.907003e+01  2.842112e+01  5.044803e+01 
 3.590130e+00  8.234237e+00  1.862356e+01  2.772154e+01  4.921604e+01 
 3.640175e+00  8.078655e+00  1.819328e+01  2.705463e+01  4.800340e+01 
 3.690917e+00  7.920161e+00  1.777620e+01  2.638777e+01  4.682167e+01 
 3.742366e+00  7.766834e+00  1.735310e+01  2.574354e+01  4.568433e+01 
 3.794533e+00  7.616986e+00  1.695276e+01  2.511607e+01  4.455256e+01 
 3.847427e+00  7.467284e+00  1.654755e+01  2.449740e+01  4.346311e+01 
 3.901058e+00  7.315658e+00  1.615784e+01  2.389247e+01  4.237637e+01 
 3.955436e+00  7.172525e+00  1.576795e+01  2.329001e+01  4.131100e+01 
 4.010573e+00  7.024401e+00  1.538612e+01  2.271200e+01  4.028169e+01 
 4.066478e+00  6.880683e+00  1.501004e+01  2.213646e+01  3.925925e+01 
 4.123163e+00  6.737247e+00  1.464709e+01  2.157583e+01  3.826458e+01 
 4.180637e+00  6.598971e+00  1.428876e+01  2.103199e+01  3.729170e+01 
 4.238913e+00  6.461048e+00  1.393448e+01  2.049641e+01  3.635330e+01 
 4.298001e+00  6.323130e+00  1.359193e+01  1.997940e+01  3.542990e+01 
 4.357913e+00  6.193252e+00  1.325660e+01  1.947397e+01  3.454038e+01 
 4.418660e+00  6.062278e+00  1.293325e+01  1.898086e+01  3.367269e+01 
 4.480254e+00  5.933060e+00  1.261374e+01  1.850063e+01  3.282543e+01 
 4.542706e+00  5.808711e+00  1.230055e+01  1.803179e+01  3.199764e+01 
 4.606029e+00  5.684874e+00  1.200083e+01  1.757995e+01  3.120113e+01 
 4.670234e+00  5.563429e+00  1.170458e+01  1.714127e+01  3.042274e+01 
 4.735335e+00  5.444109e+00  1.141638e+01  1.670832e+01  2.965688e+01 
 4.801343e+00  5.328138e+00  1.113566e+01  1.628635e+01  2.890793e+01 
 4.868271e+00  5.211689e+00  1.085654e+01  1.587103e+01  2.817275e+01 
 4.936132e+00  5.097062e+00  1.058264e+01  1.546501e+01  2.745554e+01 
 5.004939e+00  4.983636e+00  1.031608e+01  1.506754e+01  2.675022e+01 
 5.074705e+00  4.870928e+00  1.005386e+01  1.467733e+01  2.606532e+01 
 5.145444e+00  4.762028e+00  9.798157e+00  1.429806e+01  2.539679e+01 
 5.217169e+00  4.653451e+00  9.547590e+00  1.392717e+01  2.473703e+01 
 5.289893e+00  4.549061e+00  9.304884e+00  1.357021e+01  2.410189e+01 
 5.363631e+00  4.444720e+00  9.067971e+00  1.321677e+01  2.348093e+01 
 5.438397e+00  4.343941e+00  8.836718e+00  1.287628e+01  2.287515e+01 
 5.514206e+00  4.244945e+00  8.612038e+00  1.254532e+01  2.228889e+01 
 5.591071e+00  4.147105e+00  8.394456e+00  1.222193e+01  2.171849e+01 
 5.669007e+00  4.053670e+00  8.181303e+00  1.191051e+01  2.116490e+01 
 5.748030e+00  3.960858e+00  7.974990e+00  1.160541e+01  2.062226e+01 
 5.828155e+00  3.870246e+00  7.773753e+00  1.130935e+01  2.009573e+01 
 5.909396e+00  3.781481e+00  7.577057e+00  1.101978e+01  1.958359e+01 
 5.991770e+00  3.693854e+00  7.383924e+00  1.073626e+01  1.908075e+01 
 6.075292e+00  3.607957e+00  7.196138e+00  1.045952e+01  1.858737e+01 
 6.159978e+00  3.523206e+00  7.011594e+00  1.018850e+01  1.810604e+01 
 6.245845e+00  3.439856e+00  6.831060e+00  9.923591e+00  1.763324e+01 
 6.332908e+00  3.357803e+00  6.653764e+00  9.663772e+00  1.717118e+01 
 6.421186e+00  3.278038e+00  6.481711e+00  9.410193e+00  1.672036e+01 
 6.510694e+00  3.199414e+00  6.313346e+00  9.164173e+00  1.628128e+01 
 6.601449e+00  3.123095e+00  6.150201e+00  8.924246e+00  1.585428e+01 
 6.693470e+00  3.048123e+00  5.990556e+00  8.689944e+00  1.543715e+01 
 6.786773e+00  2.975062e+00  5.836232e+00  8.462697e+00  1.503225e+01 
 6.881377e+00  2.904216e+00  5.685887e+00  8.242312e+00  1.463797e+01 
 6.977300e+00  2.834940e+00  5.540186e+00  8.029081e+00  1.425619e+01 
 7.074559e+00  2.767705e+00  5.398290e+00  7.820324e+00  1.388392e+01 
 7.173175e+00  2.701766e+00  5.260570e+00  7.618361e+00  1.352288e+01 
 7.273165e+00  2.637750e+00  5.126752e+00  7.422036e+00  1.317048e+01 
 7.374549e+00  2.574981e+00  4.995735e+00  7.229736e+00  1.282734e+01 
 7.477346e+00  2.513267e+00  4.868375e+00  7.043255e+00  1.249234e+01 
 7.581576e+00  2.453186e+00  4.742710e+00  6.859386e+00  1.216344e+01 
 7.687260e+00  2.393911e+00  4.620435e+00  6.679915e+00  1.184253e+01 
 7.794416e+00  2.335802e+00  4.500859e+00  6.503812e+00  1.152778e+01 
 7.903066e+00  2.279067e+00  4.383627e+00  6.331758e+00  1.121972e+01 
 8.013230e+00  2.223611e+00  4.269952e+00  6.165544e+00  1.092009e+01 
 8.124930e+00  2.169277e+00  4.159073e+00  6.002699e+00  1.062791e+01 
 8.238187e+00  2.116585e+00  4.050876e+00  5.843887e+00  1.034385e+01 
 8.353023e+00  2.065095e+00  3.946002e+00  5.690129e+00  1.006735e+01 
 8.469460e+00  2.015135e+00  3.844175e+00  5.540746e+00  9.798803e+00 
 8.587519e+00  1.966561e+00  3.745095e+00  5.395561e+00  9.538239e+00 
 8.707225e+00  1.919351e+00  3.648792e+00  5.254868e+00  9.284878e+00 
 8.828599e+00  1.873451e+00  3.555929e+00  5.118007e+00  9.038745e+00 
 8.951665e+00  1.828714e+00  3.465481e+00  4.985306e+00  8.800236e+00 
 9.076446e+00  1.785237e+00  3.377653e+00  4.856596e+00  8.568511e+00 
 9.202967e+00  1.742849e+00  3.291885e+00  4.731045e+00  8.341985e+00 
 9.331251e+00  1.701339e+00  3.208084e+00  4.608172e+00  8.121080e+00 
 9.461324e+00  0.000000e+00  0.000000e+00  0.000000e+00  0.000000e+00 
 9.593209e+00  0.000000e+00  0.000000e+00  0.000000e+00  0.000000e+00 
 9.726934e+00  0.000000e+00  0.000000e+00  0.000000e+00  0.000000e+00 
 9.862522e+00  0.000000e+00  0.000000e+00  0.000000e+00  0.000000e+00 
 1.000000e+01  0.000000e+00  0.000000e+00  0.000000e+00  0.000000e+00 
