 1.000000e-02  5.908507e+03  1.056704e+04  1.412955e+04  2.074735e+04 
 1.013939e-02  5.938617e+03  1.062073e+04  1.420115e+04  2.085218e+04 
 1.028073e-02  5.968190e+03  1.067345e+04  1.427143e+04  2.095516e+04 
 1.042404e-02  5.997204e+03  1.072520e+04  1.434035e+04  2.105613e+04 
 1.056935e-02  6.025633e+03  1.077591e+04  1.440794e+04  2.115497e+04 
 1.071668e-02  6.053472e+03  1.082556e+04  1.447409e+04  2.125170e+04 
 1.086606e-02  6.080695e+03  1.087406e+04  1.453879e+04  2.134623e+04 
 1.101753e-02  6.107262e+03  1.092136e+04  1.460193e+04  2.143844e+04 
 1.117111e-02  6.133168e+03  1.096750e+04  1.466350e+04  2.152832e+04 
 1.132683e-02  6.158388e+03  1.101238e+04  1.472340e+04  2.161579e+04 
 1.148472e-02  6.182895e+03  1.105601e+04  1.478152e+04  2.170079e+04 
 1.164481e-02  6.206676e+03  1.109836e+04  1.483789e+04  2.178332e+04 
 1.180713e-02  6.229714e+03  1.113936e+04  1.489252e+04  2.186322e+04 
 1.197171e-02  6.251993e+03  1.117899e+04  1.494538e+04  2.194023e+04 
 1.213859e-02  6.273481e+03  1.121721e+04  1.499639e+04  2.201443e+04 
 1.230780e-02  6.294149e+03  1.125396e+04  1.504539e+04  2.208582e+04 
 1.247936e-02  6.313960e+03  1.128919e+04  1.509223e+04  2.215431e+04 
 1.265332e-02  6.332912e+03  1.132288e+04  1.513701e+04  2.221978e+04 
 1.282970e-02  6.350999e+03  1.135500e+04  1.517969e+04  2.228213e+04 
 1.300854e-02  6.368187e+03  1.138550e+04  1.522025e+04  2.234124e+04 
 1.318987e-02  6.384440e+03  1.141435e+04  1.525865e+04  2.239707e+04 
 1.337373e-02  6.399735e+03  1.144148e+04  1.529482e+04  2.244953e+04 
 1.356015e-02  6.414049e+03  1.146686e+04  1.532860e+04  2.249857e+04 
 1.374917e-02  6.427375e+03  1.149046e+04  1.535999e+04  2.254408e+04 
 1.394083e-02  6.439685e+03  1.151223e+04  1.538888e+04  2.258595e+04 
 1.413516e-02  6.450948e+03  1.153214e+04  1.541522e+04  2.262423e+04 
 1.433219e-02  6.461139e+03  1.155014e+04  1.543899e+04  2.265879e+04 
 1.453198e-02  6.470244e+03  1.156618e+04  1.546021e+04  2.268951e+04 
 1.473454e-02  6.478240e+03  1.158022e+04  1.547884e+04  2.271624e+04 
 1.493993e-02  6.485114e+03  1.159227e+04  1.549474e+04  2.273906e+04 
 1.514819e-02  6.490806e+03  1.160221e+04  1.550777e+04  2.275777e+04 
 1.535935e-02  6.495309e+03  1.161006e+04  1.551803e+04  2.277238e+04 
 1.557345e-02  6.498611e+03  1.161576e+04  1.552542e+04  2.278288e+04 
 1.579053e-02  6.500691e+03  1.161928e+04  1.552998e+04  2.278914e+04 
 1.601064e-02  6.501540e+03  1.162060e+04  1.553164e+04  2.279101e+04 
 1.623382e-02  6.501134e+03  1.161967e+04  1.553025e+04  2.278840e+04 
 1.646012e-02  6.499455e+03  1.161645e+04  1.552576e+04  2.278130e+04 
 1.668956e-02  6.496482e+03  1.161092e+04  1.551816e+04  2.276964e+04 
 1.692220e-02  6.492195e+03  1.160305e+04  1.550740e+04  2.275346e+04 
 1.715809e-02  6.486603e+03  1.159284e+04  1.549351e+04  2.273274e+04 
 1.739726e-02  6.479692e+03  1.158026e+04  1.547651e+04  2.270737e+04 
 1.763977e-02  6.471419e+03  1.156523e+04  1.545626e+04  2.267718e+04 
 1.788566e-02  6.461757e+03  1.154774e+04  1.543267e+04  2.264210e+04 
 1.813498e-02  6.450700e+03  1.152775e+04  1.540575e+04  2.260214e+04 
 1.838777e-02  6.438236e+03  1.150526e+04  1.537547e+04  2.255718e+04 
 1.864409e-02  6.424373e+03  1.148026e+04  1.534184e+04  2.250733e+04 
 1.890397e-02  6.409099e+03  1.145274e+04  1.530485e+04  2.245256e+04 
 1.916748e-02  6.392387e+03  1.142263e+04  1.526445e+04  2.239286e+04 
 1.943467e-02  6.374249e+03  1.138996e+04  1.522060e+04  2.232815e+04 
 1.970558e-02  6.354682e+03  1.135475e+04  1.517336e+04  2.225838e+04 
 1.998026e-02  6.333664e+03  1.131698e+04  1.512264e+04  2.218349e+04 
 2.025878e-02  6.311174e+03  1.127656e+04  1.506843e+04  2.210353e+04 
 2.054117e-02  6.287232e+03  1.123355e+04  1.501076e+04  2.201850e+04 
 2.082751e-02  6.261838e+03  1.118794e+04  1.494960e+04  2.192832e+04 
 2.111783e-02  6.234998e+03  1.113973e+04  1.488499e+04  2.183301e+04 
 2.141220e-02  6.206813e+03  1.108910e+04  1.481707e+04  2.173271e+04 
 2.171068e-02  6.177777e+03  1.103671e+04  1.474658e+04  2.162810e+04 
 2.201331e-02  6.147321e+03  1.098177e+04  1.467269e+04  2.151857e+04 
 2.232016e-02  6.115445e+03  1.092431e+04  1.459544e+04  2.140414e+04 
 2.263130e-02  6.082132e+03  1.086428e+04  1.451474e+04  2.128469e+04 
 2.294676e-02  6.047392e+03  1.080173e+04  1.443067e+04  2.116028e+04 
 2.326663e-02  6.011296e+03  1.073672e+04  1.434334e+04  2.103109e+04 
 2.359095e-02  5.973826e+03  1.066928e+04  1.425273e+04  2.089707e+04 
 2.391980e-02  5.935007e+03  1.059941e+04  1.415890e+04  2.075834e+04 
 2.425323e-02  5.894874e+03  1.052719e+04  1.406194e+04  2.061497e+04 
 2.459130e-02  5.853444e+03  1.045267e+04  1.396189e+04  2.046711e+04 
 2.493409e-02  5.810737e+03  1.037585e+04  1.385879e+04  2.031481e+04 
 2.528166e-02  5.766775e+03  1.029683e+04  1.375273e+04  2.015819e+04 
 2.563407e-02  5.721606e+03  1.021564e+04  1.364378e+04  1.999728e+04 
 2.599140e-02  5.675259e+03  1.013233e+04  1.353201e+04  1.983229e+04 
 2.635371e-02  5.627778e+03  1.004700e+04  1.341754e+04  1.966332e+04 
 2.672106e-02  5.579203e+03  9.959719e+03  1.330046e+04  1.949056e+04 
 2.709354e-02  5.529574e+03  9.870558e+03  1.318090e+04  1.931414e+04 
 2.747121e-02  5.478923e+03  9.779596e+03  1.305892e+04  1.913421e+04 
 2.785414e-02  5.427228e+03  9.686811e+03  1.293453e+04  1.895080e+04 
 2.824241e-02  5.374284e+03  9.591899e+03  1.280742e+04  1.876365e+04 
 2.863610e-02  5.320488e+03  9.495439e+03  1.267826e+04  1.857351e+04 
 2.903527e-02  5.265896e+03  9.397561e+03  1.254718e+04  1.838062e+04 
 2.944000e-02  5.210556e+03  9.298375e+03  1.241436e+04  1.818517e+04 
 2.985038e-02  5.154526e+03  9.197978e+03  1.227992e+04  1.798734e+04 
 3.026648e-02  5.097862e+03  9.096452e+03  1.214399e+04  1.778733e+04 
 3.068838e-02  5.040635e+03  8.993913e+03  1.200673e+04  1.758533e+04 
 3.111616e-02  4.982911e+03  8.890500e+03  1.186828e+04  1.738164e+04 
 3.154990e-02  4.924766e+03  8.786334e+03  1.172884e+04  1.717652e+04 
 3.198969e-02  4.866272e+03  8.681536e+03  1.158856e+04  1.697019e+04 
 3.243561e-02  4.807496e+03  8.576235e+03  1.144762e+04  1.676287e+04 
 3.288774e-02  4.748503e+03  8.470558e+03  1.130618e+04  1.655481e+04 
 3.334618e-02  4.689368e+03  8.364634e+03  1.116441e+04  1.634630e+04 
 3.381101e-02  4.630166e+03  8.258607e+03  1.102248e+04  1.613755e+04 
 3.428231e-02  4.570962e+03  8.152591e+03  1.088058e+04  1.592883e+04 
 3.476019e-02  4.511625e+03  8.046665e+03  1.073918e+04  1.572189e+04 
 3.524473e-02  4.452443e+03  7.941006e+03  1.059818e+04  1.551557e+04 
 3.573602e-02  4.393495e+03  7.835788e+03  1.045772e+04  1.531004e+04 
 3.623416e-02  4.334870e+03  7.731132e+03  1.031803e+04  1.510563e+04 
 3.673925e-02  4.276635e+03  7.627176e+03  1.017926e+04  1.490256e+04 
 3.725137e-02  4.218854e+03  7.524042e+03  1.004159e+04  1.470108e+04 
 3.777064e-02  4.161606e+03  7.421838e+03  9.905190e+03  1.450142e+04 
 3.829714e-02  4.104955e+03  7.320702e+03  9.770201e+03  1.430385e+04 
 3.883098e-02  4.048963e+03  7.220751e+03  9.636766e+03  1.410859e+04 
 3.937226e-02  3.993705e+03  7.122103e+03  9.505090e+03  1.391584e+04 
 3.992109e-02  3.939240e+03  7.024891e+03  9.375310e+03  1.372586e+04 
 4.047757e-02  3.885618e+03  6.929156e+03  9.247449e+03  1.353857e+04 
 4.104181e-02  3.832685e+03  6.834007e+03  9.119705e+03  1.334963e+04 
 4.161391e-02  3.780726e+03  6.740593e+03  8.994285e+03  1.316413e+04 
 4.219398e-02  3.729785e+03  6.649007e+03  8.871323e+03  1.298218e+04 
 4.278214e-02  3.679914e+03  6.559322e+03  8.750905e+03  1.280398e+04 
 4.337850e-02  3.631147e+03  6.471611e+03  8.633134e+03  1.262966e+04 
 4.398317e-02  3.583514e+03  6.385941e+03  8.518096e+03  1.245938e+04 
 4.459628e-02  3.537044e+03  6.302361e+03  8.405865e+03  1.229322e+04 
 4.521792e-02  3.491765e+03  6.220918e+03  8.296474e+03  1.213123e+04 
 4.584824e-02  3.447697e+03  6.141651e+03  8.189991e+03  1.197348e+04 
 4.648734e-02  3.404852e+03  6.064571e+03  8.086430e+03  1.182003e+04 
 4.713535e-02  3.363415e+03  5.990790e+03  7.988091e+03  1.167642e+04 
 4.779239e-02  3.323305e+03  5.919855e+03  7.894044e+03  1.154039e+04 
 4.845859e-02  3.284402e+03  5.851081e+03  7.802878e+03  1.140854e+04 
 4.913407e-02  3.246697e+03  5.784438e+03  7.714551e+03  1.128079e+04 
 4.981898e-02  3.210161e+03  5.719868e+03  7.628988e+03  1.115707e+04 
 5.051342e-02  3.174765e+03  5.657330e+03  7.546109e+03  1.103729e+04 
 5.121755e-02  3.140474e+03  5.596746e+03  7.465836e+03  1.092130e+04 
 5.193150e-02  3.107238e+03  5.538034e+03  7.388065e+03  1.080896e+04 
 5.265540e-02  3.074992e+03  5.481083e+03  7.312661e+03  1.070006e+04 
 5.338938e-02  3.043418e+03  5.424867e+03  7.237738e+03  1.059064e+04 
 5.413360e-02  3.012398e+03  5.369083e+03  7.162819e+03  1.047974e+04 
 5.488820e-02  2.982174e+03  5.314720e+03  7.089800e+03  1.037165e+04 
 5.565331e-02  2.952658e+03  5.261625e+03  7.018479e+03  1.026604e+04 
 5.642908e-02  2.923704e+03  5.209520e+03  6.948494e+03  1.016238e+04 
 5.721568e-02  2.895153e+03  5.158139e+03  6.879464e+03  1.006014e+04 
 5.801323e-02  2.867046e+03  5.107560e+03  6.811496e+03  9.959480e+03 
 5.882190e-02  2.839530e+03  5.058035e+03  6.744946e+03  9.860905e+03 
 5.964185e-02  2.812780e+03  5.010231e+03  6.681060e+03  9.767185e+03 
 6.047322e-02  2.786817e+03  4.964813e+03  6.621350e+03  9.682167e+03 
 6.131619e-02  2.760577e+03  4.918903e+03  6.560974e+03  9.596173e+03 
 6.217090e-02  2.733683e+03  4.871824e+03  6.499029e+03  9.507838e+03 
 6.303753e-02  2.706112e+03  4.823541e+03  6.435453e+03  9.417116e+03 
 6.391624e-02  2.677938e+03  4.774162e+03  6.370421e+03  9.324232e+03 
 6.480720e-02  2.649217e+03  4.723788e+03  6.304039e+03  9.229380e+03 
 6.571058e-02  2.619853e+03  4.672250e+03  6.236101e+03  9.132229e+03 
 6.662655e-02  2.588450e+03  4.615113e+03  6.158666e+03  9.015681e+03 
 6.755528e-02  2.556046e+03  4.556132e+03  6.078719e+03  8.895290e+03 
 6.849697e-02  2.522580e+03  4.495275e+03  5.996274e+03  8.771280e+03 
 6.945178e-02  2.488000e+03  4.432440e+03  5.911210e+03  8.643452e+03 
 7.041990e-02  2.452252e+03  4.367541e+03  5.823392e+03  8.511639e+03 
 7.140151e-02  2.415298e+03  4.300509e+03  5.732737e+03  8.375711e+03 
 7.239681e-02  2.377416e+03  4.232142e+03  5.640680e+03  8.238927e+03 
 7.340598e-02  2.338645e+03  4.162571e+03  5.547471e+03  8.101848e+03 
 7.442922e-02  2.298630e+03  4.090779e+03  5.451307e+03  7.960452e+03 
 7.546673e-02  2.257413e+03  4.016835e+03  5.352280e+03  7.814882e+03 
 7.651869e-02  2.215042e+03  3.940853e+03  5.250529e+03  7.665343e+03 
 7.758532e-02  2.171603e+03  3.862977e+03  5.146259e+03  7.512129e+03 
 7.866682e-02  2.128090e+03  3.786163e+03  5.044544e+03  7.365433e+03 
 7.976339e-02  2.085171e+03  3.712314e+03  4.948615e+03  7.231672e+03 
 8.087525e-02  2.041484e+03  3.636994e+03  4.850660e+03  7.094731e+03 
 8.200261e-02  1.997192e+03  3.560483e+03  4.751044e+03  6.955162e+03 
 8.314568e-02  1.952471e+03  3.483122e+03  4.650201e+03  6.813568e+03 
 8.430468e-02  1.907511e+03  3.405266e+03  4.548582e+03  6.670611e+03 
 8.547985e-02  1.861608e+03  3.324380e+03  4.441616e+03  6.516747e+03 
 8.667139e-02  1.815496e+03  3.242469e+03  4.332686e+03  6.358541e+03 
 8.787954e-02  1.769838e+03  3.161319e+03  4.224787e+03  6.201760e+03 
 8.910453e-02  1.724851e+03  3.081343e+03  4.118430e+03  6.047180e+03 
 9.034660e-02  1.680762e+03  3.002966e+03  4.014146e+03  5.895578e+03 
 9.160598e-02  1.638420e+03  2.928581e+03  3.915966e+03  5.754660e+03 
 9.288292e-02  1.597946e+03  2.858297e+03  3.823955e+03  5.624319e+03 
 9.417766e-02  1.558902e+03  2.790482e+03  3.735186e+03  5.498561e+03 
 9.549045e-02  1.521461e+03  2.725452e+03  3.650074e+03  5.377984e+03 
 9.682153e-02  1.485756e+03  2.663471e+03  3.568979e+03  5.263138e+03 
 9.817117e-02  1.452123e+03  2.605495e+03  3.493482e+03  5.157073e+03 
 9.953962e-02  1.420510e+03  2.551205e+03  3.422982e+03  5.058465e+03 
 1.009272e-01  1.390900e+03  2.500445e+03  3.357142e+03  4.966549e+03 
 1.023340e-01  1.363333e+03  2.453281e+03  3.296056e+03  4.881514e+03 
 1.037605e-01  1.337115e+03  2.407711e+03  3.236353e+03  4.796866e+03 
 1.052069e-01  1.310322e+03  2.358104e+03  3.168576e+03  4.694372e+03 
 1.066734e-01  1.285519e+03  2.312110e+03  3.105715e+03  4.599218e+03 
 1.081604e-01  1.262583e+03  2.269498e+03  3.047437e+03  4.510919e+03 
 1.096681e-01  1.241359e+03  2.230025e+03  2.993359e+03  4.428901e+03 
 1.111968e-01  1.222024e+03  2.194411e+03  2.944708e+03  4.354979e+03 
 1.127468e-01  1.204011e+03  2.161221e+03  2.899379e+03  4.285986e+03 
 1.143184e-01  1.187066e+03  2.129964e+03  2.856655e+03  4.220884e+03 
 1.159120e-01  1.170936e+03  2.100175e+03  2.815896e+03  4.158734e+03 
 1.175277e-01  1.156417e+03  2.074395e+03  2.781419e+03  4.107627e+03 
 1.191660e-01  1.142234e+03  2.049311e+03  2.747963e+03  4.058187e+03 
 1.208271e-01  1.128001e+03  2.024117e+03  2.714328e+03  4.008528e+03 
 1.225114e-01  1.113422e+03  1.998303e+03  2.679871e+03  3.957704e+03 
 1.242191e-01  1.098004e+03  1.970905e+03  2.643445e+03  3.904845e+03 
 1.259506e-01  1.081795e+03  1.942031e+03  2.605020e+03  3.849070e+03 
 1.277063e-01  1.064585e+03  1.911331e+03  2.564110e+03  3.789627e+03 
 1.294865e-01  1.046622e+03  1.879559e+03  2.521843e+03  3.727977e+03 
 1.312915e-01  1.027891e+03  1.846683e+03  2.478193e+03  3.664098e+03 
 1.331216e-01  1.007849e+03  1.811397e+03  2.431283e+03  3.595401e+03 
 1.349772e-01  9.865177e+02  1.773794e+03  2.381284e+03  3.522252e+03 
 1.368587e-01  9.651918e+02  1.738118e+03  2.335996e+03  3.461935e+03 
 1.387665e-01  9.427456e+02  1.700312e+03  2.287735e+03  3.396924e+03 
 1.407008e-01  9.193508e+02  1.660676e+03  2.236891e+03  3.327844e+03 
 1.426621e-01  8.961352e+02  1.621579e+03  2.186557e+03  3.257983e+03 
 1.446507e-01  8.727382e+02  1.582103e+03  2.135554e+03  3.186517e+03 
 1.466671e-01  8.491587e+02  1.542135e+03  2.083763e+03  3.113708e+03 
 1.487115e-01  8.235907e+02  1.496534e+03  2.023028e+03  3.025420e+03 
 1.507845e-01  7.971398e+02  1.448014e+03  1.957432e+03  2.928547e+03 
 1.528864e-01  7.716321e+02  1.401225e+03  1.894162e+03  2.835114e+03 
 1.550175e-01  7.491120e+02  1.361631e+03  1.841987e+03  2.760583e+03 
 1.571784e-01  7.292118e+02  1.327998e+03  1.798724e+03  2.700999e+03 
 1.593694e-01  7.107785e+02  1.296930e+03  1.758845e+03  2.646219e+03 
 1.615909e-01  6.943605e+02  1.269643e+03  1.724014e+03  2.598498e+03 
 1.638434e-01  6.797726e+02  1.245703e+03  1.693656e+03  2.557226e+03 
 1.661273e-01  6.667973e+02  1.224634e+03  1.667149e+03  2.521550e+03 
 1.684430e-01  6.520922e+02  1.197726e+03  1.630992e+03  2.469084e+03 
 1.707910e-01  6.384598e+02  1.172476e+03  1.596898e+03  2.419426e+03 
 1.731717e-01  6.266283e+02  1.150930e+03  1.568041e+03  2.377630e+03 
 1.755856e-01  6.179970e+02  1.136844e+03  1.550073e+03  2.352345e+03 
 1.780332e-01  6.100150e+02  1.123926e+03  1.533678e+03  2.329437e+03 
 1.805149e-01  6.007165e+02  1.106630e+03  1.509733e+03  2.292204e+03 
 1.830312e-01  5.904678e+02  1.086430e+03  1.480888e+03  2.245808e+03 
 1.855825e-01  5.800907e+02  1.066282e+03  1.452444e+03  2.200757e+03 
 1.881694e-01  5.698927e+02  1.048156e+03  1.428614e+03  2.166958e+03 
 1.907924e-01  5.589617e+02  1.028658e+03  1.402885e+03  2.130225e+03 
 1.934520e-01  5.468581e+02  1.006974e+03  1.374400e+03  2.090676e+03 
 1.961486e-01  5.337591e+02  9.834333e+02  1.343426e+03  2.047638e+03 
 1.988828e-01  5.209781e+02  9.611047e+02  1.314238e+03  2.006803e+03 
 2.016551e-01  5.091476e+02  9.414284e+02  1.288876e+03  1.971069e+03 
 2.044661e-01  4.965050e+02  9.199032e+02  1.260730e+03  1.930677e+03 
 2.073162e-01  4.824866e+02  8.942388e+02  1.225719e+03  1.877940e+03 
 2.102061e-01  4.683873e+02  8.684046e+02  1.190463e+03  1.824787e+03 
 2.131362e-01  4.580709e+02  8.535382e+02  1.172934e+03  1.802127e+03 
 2.161073e-01  4.483060e+02  8.397264e+02  1.156886e+03  1.781739e+03 
 2.191197e-01  4.360006e+02  8.187739e+02  1.130085e+03  1.745850e+03 
 2.221741e-01  4.239119e+02  7.976316e+02  1.102754e+03  1.709186e+03 
 2.252711e-01  4.132667e+02  7.796214e+02  1.079947e+03  1.679057e+03 
 2.284112e-01  4.038405e+02  7.639955e+02  1.060448e+03  1.653765e+03 
 2.315951e-01  3.957770e+02  7.499480e+02  1.041680e+03  1.625522e+03 
 2.348235e-01  3.887168e+02  7.374382e+02  1.024528e+03  1.598365e+03 
 2.380968e-01  3.804353e+02  7.214945e+02  1.002386e+03  1.564848e+03 
 2.414157e-01  3.721886e+02  7.053412e+02  9.798958e+02  1.531131e+03 
 2.447809e-01  3.640049e+02  6.899680e+02  9.590799e+02  1.500123e+03 
 2.481930e-01  3.559334e+02  6.749250e+02  9.387839e+02  1.469878e+03 
 2.516527e-01  3.510594e+02  6.671734e+02  9.286540e+02  1.454676e+03 
 2.551606e-01  3.448919e+02  6.565617e+02  9.145354e+02  1.433818e+03 
 2.587174e-01  3.353542e+02  6.383563e+02  8.898634e+02  1.398352e+03 
 2.623238e-01  3.271687e+02  6.237923e+02  8.706062e+02  1.371050e+03 
 2.659804e-01  3.205487e+02  6.133466e+02  8.574460e+02  1.352956e+03 
 2.696881e-01  3.118106e+02  5.978708e+02  8.369183e+02  1.322741e+03 
 2.734474e-01  3.025216e+02  5.810610e+02  8.144376e+02  1.289355e+03 
 2.772591e-01  2.954928e+02  5.697510e+02  8.005090e+02  1.271606e+03 
 2.811239e-01  2.882932e+02  5.575422e+02  7.851916e+02  1.252603e+03 
 2.850426e-01  2.808980e+02  5.442220e+02  7.681808e+02  1.232318e+03 
 2.890160e-01  2.742733e+02  5.331646e+02  7.540743e+02  1.212403e+03 
 2.930447e-01  2.682470e+02  5.229025e+02  7.404136e+02  1.191292e+03 
 2.971296e-01  2.625661e+02  5.117174e+02  7.236554e+02  1.162589e+03 
 3.012714e-01  2.575421e+02  5.032186e+02  7.125443e+02  1.146471e+03 
 3.054710e-01  2.526056e+02  4.952389e+02  7.028165e+02  1.134062e+03 
 3.097291e-01  2.465552e+02  4.843201e+02  6.886440e+02  1.114961e+03 
 3.140465e-01  2.409084e+02  4.732766e+02  6.729878e+02  1.089688e+03 
 3.184242e-01  2.357643e+02  4.633683e+02  6.589391e+02  1.066970e+03 
 3.228628e-01  2.316087e+02  4.566432e+02  6.506289e+02  1.056959e+03 
 3.273634e-01  2.257415e+02  4.452282e+02  6.344832e+02  1.031596e+03 
 3.319266e-01  2.196200e+02  4.337162e+02  6.188085e+02  1.008426e+03 
 3.365535e-01  2.138033e+02  4.236256e+02  6.060046e+02  9.915558e+02 
 3.412449e-01  2.097918e+02  4.183544e+02  5.996907e+02  9.813504e+02 
 3.460016e-01  2.054386e+02  4.113527e+02  5.907543e+02  9.689271e+02 
 3.508247e-01  2.012384e+02  4.039799e+02  5.810003e+02  9.548193e+02 
 3.557150e-01  1.972466e+02  3.966907e+02  5.711843e+02  9.398129e+02 
 3.606735e-01  1.926527e+02  3.886625e+02  5.608266e+02  9.255932e+02 
 3.657011e-01  1.871969e+02  3.785256e+02  5.472017e+02  9.072471e+02 
 3.707988e-01  1.828252e+02  3.703309e+02  5.361905e+02  8.912553e+02 
 3.759675e-01  1.788072e+02  3.628163e+02  5.260145e+02  8.762913e+02 
 3.812083e-01  1.746309e+02  3.554172e+02  5.161173e+02  8.620500e+02 
 3.865221e-01  1.710894e+02  3.503785e+02  5.102486e+02  8.521589e+02 
 3.919100e-01  1.673465e+02  3.418939e+02  4.976925e+02  8.354883e+02 
 3.973730e-01  1.632002e+02  3.351137e+02  4.891786e+02  8.218990e+02 
 4.029122e-01  1.598388e+02  3.298464e+02  4.818526e+02  8.086376e+02 
 4.085286e-01  1.564499e+02  3.227738e+02  4.719013e+02  7.946795e+02 
 4.142232e-01  1.524620e+02  3.148770e+02  4.616533e+02  7.821366e+02 
 4.199973e-01  1.486434e+02  3.084675e+02  4.536167e+02  7.704194e+02 
 4.258518e-01  1.455974e+02  3.029271e+02  4.458314e+02  7.571858e+02 
 4.317880e-01  1.423728e+02  2.967255e+02  4.368249e+02  7.437373e+02 
 4.378069e-01  1.395133e+02  2.911261e+02  4.288818e+02  7.307749e+02 
 4.439097e-01  1.371182e+02  2.875246e+02  4.246689e+02  7.269205e+02 
 4.500975e-01  1.333565e+02  2.806882e+02  4.154429e+02  7.136081e+02 
 4.563716e-01  1.301361e+02  2.741812e+02  4.060917e+02  6.972862e+02 
 4.627332e-01  1.280947e+02  2.714364e+02  4.031758e+02  6.943888e+02 
 4.691835e-01  1.247417e+02  2.649408e+02  3.939759e+02  6.793281e+02 
 4.757236e-01  1.223236e+02  2.602698e+02  3.876014e+02  6.696396e+02 
 4.823549e-01  1.190923e+02  2.538349e+02  3.787105e+02  6.577918e+02 
 4.890787e-01  1.165376e+02  2.490024e+02  3.722653e+02  6.478554e+02 
 4.958962e-01  1.146273e+02  2.453378e+02  3.666226e+02  6.377004e+02 
 5.028087e-01  1.120637e+02  2.410057e+02  3.608693e+02  6.294660e+02 
 5.098176e-01  1.099574e+02  2.372005e+02  3.553793e+02  6.189513e+02 
 5.169242e-01  1.079888e+02  2.335560e+02  3.505495e+02  6.124294e+02 
 5.241298e-01  1.044252e+02  2.276465e+02  3.434096e+02  6.037224e+02 
 5.314359e-01  1.025686e+02  2.248348e+02  3.395504e+02  5.975471e+02 
 5.388438e-01  1.003540e+02  2.199004e+02  3.323166e+02  5.868315e+02 
 5.463550e-01  9.852613e+01  2.163995e+02  3.271747e+02  5.784692e+02 
 5.539709e-01  9.587302e+01  2.118347e+02  3.214154e+02  5.697153e+02 
 5.616930e-01  9.414625e+01  2.085526e+02  3.168593e+02  5.629843e+02 
 5.695227e-01  9.228431e+01  2.056031e+02  3.131817e+02  5.552569e+02 
 5.774615e-01  9.015369e+01  2.008153e+02  3.062161e+02  5.455612e+02 
 5.855110e-01  8.851043e+01  1.978298e+02  3.017139e+02  5.380958e+02 
 5.936727e-01  8.641071e+01  1.930929e+02  2.952173e+02  5.285085e+02 
 6.019482e-01  8.491011e+01  1.907703e+02  2.915057e+02  5.218598e+02 
 6.103390e-01  8.287065e+01  1.873753e+02  2.871442e+02  5.141792e+02 
 6.188468e-01  8.102106e+01  1.844426e+02  2.845512e+02  5.122999e+02 
 6.274732e-01  7.963060e+01  1.809134e+02  2.786366e+02  5.030495e+02 
 6.362198e-01  7.801644e+01  1.781940e+02  2.747364e+02  4.956796e+02 
 6.450884e-01  7.616925e+01  1.749418e+02  2.702507e+02  4.879636e+02 
 6.540806e-01  7.455591e+01  1.711874e+02  2.646964e+02  4.801933e+02 
 6.631981e-01  7.289230e+01  1.686225e+02  2.618951e+02  4.753561e+02 
 6.724427e-01  7.147520e+01  1.656874e+02  2.579222e+02  4.704767e+02 
 6.818162e-01  6.990859e+01  1.626408e+02  2.526994e+02  4.612895e+02 
 6.913204e-01  6.839551e+01  1.596760e+02  2.489072e+02  4.548929e+02 
 7.009570e-01  6.739337e+01  1.572579e+02  2.454262e+02  4.490438e+02 
 7.107280e-01  6.565631e+01  1.546367e+02  2.417676e+02  4.420365e+02 
 7.206351e-01  6.460841e+01  1.522389e+02  2.386614e+02  4.383107e+02 
 7.306804e-01  6.328889e+01  1.499059e+02  2.348000e+02  4.305171e+02 
 7.408657e-01  6.186263e+01  1.469498e+02  2.306835e+02  4.251342e+02 
 7.511929e-01  6.053235e+01  1.442816e+02  2.272901e+02  4.192456e+02 
 7.616642e-01  5.933065e+01  1.416746e+02  2.236593e+02  4.140104e+02 
 7.722814e-01  5.852967e+01  1.402091e+02  2.211496e+02  4.081451e+02 
 7.830465e-01  5.727771e+01  1.375104e+02  2.174094e+02  4.028211e+02 
 7.939618e-01  5.620573e+01  1.357118e+02  2.145786e+02  3.986825e+02 
 8.050292e-01  5.493722e+01  1.332298e+02  2.117281e+02  3.936050e+02 
 8.162509e-01  5.396204e+01  1.312604e+02  2.082205e+02  3.868566e+02 
 8.276289e-01  5.263624e+01  1.286622e+02  2.048554e+02  3.819691e+02 
 8.391656e-01  5.195448e+01  1.270896e+02  2.019728e+02  3.777206e+02 
 8.508632e-01  5.097771e+01  1.249622e+02  1.992476e+02  3.727247e+02 
 8.627237e-01  4.984349e+01  1.229311e+02  1.962570e+02  3.669355e+02 
 8.747496e-01  4.890819e+01  1.208471e+02  1.933640e+02  3.620701e+02 
 8.869432e-01  4.804632e+01  1.191289e+02  1.907890e+02  3.577007e+02 
 8.993067e-01  4.705415e+01  1.172285e+02  1.879113e+02  3.525837e+02 
 9.118425e-01  4.630675e+01  1.152247e+02  1.847870e+02  3.464666e+02 
 9.245531e-01  4.528868e+01  1.133359e+02  1.819765e+02  3.427900e+02 
 9.374409e-01  4.439967e+01  1.115896e+02  1.796602e+02  3.382536e+02 
 9.505083e-01  4.365073e+01  1.098350e+02  1.770706e+02  3.337259e+02 
 9.637579e-01  4.270773e+01  1.077626e+02  1.740364e+02  3.288885e+02 
 9.771921e-01  4.213290e+01  1.070894e+02  1.723815e+02  3.247033e+02 
 9.908137e-01  4.131311e+01  1.050989e+02  1.696542e+02  3.205277e+02 
 1.004625e+00  4.049141e+01  1.031909e+02  1.668171e+02  3.153912e+02 
 1.018629e+00  3.981595e+01  1.017858e+02  1.645230e+02  3.109872e+02 
 1.032828e+00  3.903177e+01  1.001918e+02  1.624371e+02  3.077620e+02 
 1.047225e+00  3.826044e+01  9.873821e+01  1.599065e+02  3.026074e+02 
 1.061823e+00  3.766001e+01  9.742343e+01  1.577909e+02  2.985314e+02 
 1.076624e+00  3.693981e+01  9.589691e+01  1.555202e+02  2.941987e+02 
 1.091632e+00  3.630127e+01  9.436761e+01  1.533183e+02  2.899027e+02 
 1.106848e+00  3.559353e+01  9.276090e+01  1.510357e+02  2.861267e+02 
 1.122277e+00  3.495077e+01  9.146105e+01  1.486137e+02  2.815049e+02 
 1.137921e+00  3.430502e+01  8.992251e+01  1.464306e+02  2.775285e+02 
 1.153783e+00  3.372930e+01  8.855669e+01  1.442941e+02  2.737298e+02 
 1.169866e+00  3.313266e+01  8.725945e+01  1.422085e+02  2.701131e+02 
 1.186174e+00  3.251395e+01  8.600256e+01  1.401295e+02  2.658859e+02 
 1.202708e+00  3.197402e+01  8.468907e+01  1.381481e+02  2.621004e+02 
 1.219473e+00  3.142917e+01  8.346360e+01  1.362359e+02  2.579324e+02 
 1.236472e+00  3.085714e+01  8.223538e+01  1.343474e+02  2.544217e+02 
 1.253708e+00  3.034177e+01  8.091312e+01  1.321275e+02  2.508103e+02 
 1.271184e+00  2.982528e+01  7.999409e+01  1.305972e+02  2.470450e+02 
 1.288904e+00  2.930017e+01  7.848888e+01  1.284013e+02  2.436575e+02 
 1.306870e+00  2.875741e+01  7.730072e+01  1.264548e+02  2.397002e+02 
 1.325087e+00  2.830863e+01  7.619435e+01  1.246628e+02  2.359050e+02 
 1.343558e+00  2.781940e+01  7.501094e+01  1.227873e+02  2.322549e+02 
 1.362287e+00  2.737113e+01  7.381660e+01  1.207743e+02  2.286714e+02 
 1.381276e+00  2.689578e+01  7.270244e+01  1.187372e+02  2.250727e+02 
 1.400531e+00  2.644685e+01  7.161142e+01  1.170347e+02  2.212941e+02 
 1.420053e+00  2.597468e+01  7.043236e+01  1.152943e+02  2.177333e+02 
 1.439848e+00  2.554875e+01  6.941308e+01  1.134275e+02  2.143578e+02 
 1.459919e+00  2.508463e+01  6.832057e+01  1.116432e+02  2.106886e+02 
 1.480269e+00  2.471578e+01  6.715003e+01  1.097731e+02  2.069230e+02 
 1.500903e+00  2.429173e+01  6.615346e+01  1.080109e+02  2.038959e+02 
 1.521825e+00  2.387881e+01  6.520506e+01  1.064170e+02  2.004892e+02 
 1.543038e+00  2.346747e+01  6.417746e+01  1.048324e+02  1.973684e+02 
 1.564548e+00  2.310963e+01  6.318856e+01  1.031295e+02  1.938913e+02 
 1.586357e+00  2.272787e+01  6.225124e+01  1.015017e+02  1.906087e+02 
 1.608469e+00  2.232841e+01  6.128449e+01  9.988737e+01  1.875730e+02 
 1.630891e+00  2.201949e+01  6.021590e+01  9.805071e+01  1.840251e+02 
 1.653624e+00  2.162785e+01  5.925942e+01  9.657165e+01  1.811613e+02 
 1.676675e+00  2.126869e+01  5.840160e+01  9.504878e+01  1.778336e+02 
 1.700047e+00  2.091067e+01  5.747922e+01  9.345067e+01  1.747835e+02 
 1.723745e+00  2.058173e+01  5.652034e+01  9.186576e+01  1.714564e+02 
 1.747773e+00  2.021702e+01  5.557588e+01  9.027183e+01  1.683246e+02 
 1.772136e+00  1.989079e+01  5.467645e+01  8.871148e+01  1.654383e+02 
 1.796838e+00  1.957229e+01  5.377118e+01  8.719739e+01  1.623647e+02 
 1.821885e+00  1.927185e+01  5.287347e+01  8.565159e+01  1.594723e+02 
 1.847281e+00  1.894598e+01  5.207787e+01  8.426568e+01  1.565318e+02 
 1.873032e+00  1.864304e+01  5.116367e+01  8.267445e+01  1.536712e+02 
 1.899141e+00  1.833085e+01  5.027347e+01  8.125985e+01  1.508254e+02 
 1.925614e+00  1.804755e+01  4.946610e+01  7.984411e+01  1.479171e+02 
 1.952456e+00  1.780095e+01  4.868583e+01  7.846014e+01  1.451274e+02 
 1.979672e+00  1.747632e+01  4.789204e+01  7.708242e+01  1.423996e+02 
 2.007267e+00  1.721397e+01  4.706315e+01  7.562294e+01  1.397503e+02 
 2.035248e+00  1.691768e+01  4.622804e+01  7.421654e+01  1.369394e+02 
 2.063618e+00  1.663931e+01  4.540559e+01  7.284121e+01  1.342323e+02 
 2.092383e+00  1.637327e+01  4.460793e+01  7.146077e+01  1.316008e+02 
 2.121550e+00  1.609633e+01  4.380545e+01  7.011540e+01  1.289489e+02 
 2.151123e+00  1.583772e+01  4.303759e+01  6.875173e+01  1.263004e+02 
 2.181109e+00  1.557398e+01  4.224142e+01  6.745292e+01  1.238028e+02 
 2.211512e+00  1.531896e+01  4.145667e+01  6.610695e+01  1.211646e+02 
 2.242340e+00  1.507069e+01  4.073452e+01  6.484890e+01  1.187129e+02 
 2.273597e+00  1.480711e+01  3.998684e+01  6.352565e+01  1.162306e+02 
 2.305289e+00  1.457958e+01  3.924290e+01  6.230092e+01  1.138388e+02 
 2.337424e+00  1.434112e+01  3.849937e+01  6.105243e+01  1.114865e+02 
 2.370006e+00  1.410224e+01  3.778681e+01  5.985272e+01  1.092141e+02 
 2.403043e+00  1.385928e+01  3.708864e+01  5.861964e+01  1.068741e+02 
 2.436540e+00  1.364066e+01  3.640522e+01  5.745249e+01  1.046078e+02 
 2.470504e+00  1.341425e+01  3.571949e+01  5.626692e+01  1.023581e+02 
 2.504942e+00  1.319149e+01  3.505572e+01  5.514238e+01  1.001991e+02 
 2.539859e+00  1.297974e+01  3.436551e+01  5.397316e+01  9.798300e+01 
 2.575263e+00  1.274865e+01  3.368020e+01  5.288528e+01  9.588924e+01 
 2.611161e+00  1.254066e+01  3.302011e+01  5.173265e+01  9.378096e+01 
 2.647559e+00  1.232751e+01  3.235782e+01  5.060541e+01  9.165683e+01 
 2.684465e+00  1.211519e+01  3.172912e+01  4.951889e+01  8.960400e+01 
 2.721885e+00  1.189913e+01  3.105953e+01  4.845402e+01  8.759868e+01 
 2.759826e+00  1.169429e+01  3.041710e+01  4.737726e+01  8.561017e+01 
 2.798297e+00  1.149079e+01  2.980055e+01  4.635135e+01  8.371901e+01 
 2.837304e+00  1.129268e+01  2.918418e+01  4.532759e+01  8.181277e+01 
 2.876854e+00  1.109408e+01  2.857196e+01  4.431799e+01  7.995918e+01 
 2.916956e+00  1.090131e+01  2.798491e+01  4.333417e+01  7.808846e+01 
 2.957617e+00  1.071345e+01  2.740783e+01  4.238245e+01  7.632243e+01 
 2.998844e+00  1.052483e+01  2.683815e+01  4.143141e+01  7.455966e+01 
 3.040646e+00  1.033970e+01  2.626618e+01  4.049434e+01  7.288646e+01 
 3.083031e+00  1.015746e+01  2.570339e+01  3.958146e+01  7.121078e+01 
 3.126007e+00  9.980457e+00  2.516550e+01  3.868361e+01  6.953358e+01 
 3.169582e+00  9.800061e+00  2.460589e+01  3.777806e+01  6.791425e+01 
 3.213764e+00  9.622057e+00  2.406983e+01  3.690318e+01  6.631572e+01 
 3.258562e+00  9.442572e+00  2.354631e+01  3.603966e+01  6.474279e+01 
 3.303985e+00  9.267701e+00  2.301193e+01  3.519042e+01  6.320094e+01 
 3.350041e+00  9.095762e+00  2.248883e+01  3.434824e+01  6.167849e+01 
 3.396739e+00  8.922567e+00  2.198280e+01  3.353826e+01  6.018317e+01 
 3.444087e+00  8.757499e+00  2.147517e+01  3.271672e+01  5.871833e+01 
 3.492096e+00  8.592478e+00  2.098880e+01  3.194328e+01  5.732047e+01 
 3.540774e+00  8.424669e+00  2.051182e+01  3.117757e+01  5.592550e+01 
 3.590130e+00  8.266833e+00  2.003546e+01  3.041792e+01  5.458234e+01 
 3.640175e+00  8.111124e+00  1.957547e+01  2.969332e+01  5.325798e+01 
 3.690917e+00  7.953472e+00  1.912864e+01  2.896384e+01  5.196094e+01 
 3.742366e+00  7.800988e+00  1.867695e+01  2.826476e+01  5.071599e+01 
 3.794533e+00  7.651908e+00  1.824874e+01  2.758203e+01  4.947907e+01 
 3.847427e+00  7.503577e+00  1.781725e+01  2.690844e+01  4.828771e+01 
 3.901058e+00  7.353259e+00  1.740100e+01  2.625158e+01  4.709761e+01 
 3.955436e+00  7.211817e+00  1.698544e+01  2.559209e+01  4.592803e+01 
 4.010573e+00  7.063757e+00  1.657621e+01  2.496228e+01  4.480120e+01 
 4.066478e+00  6.920798e+00  1.617157e+01  2.433076e+01  4.367353e+01 
 4.123163e+00  6.778299e+00  1.578125e+01  2.371693e+01  4.257564e+01 
 4.180637e+00  6.639818e+00  1.539634e+01  2.311958e+01  4.149954e+01 
 4.238913e+00  6.502392e+00  1.501438e+01  2.252985e+01  4.045873e+01 
 4.298001e+00  6.364585e+00  1.464396e+01  2.195874e+01  3.943367e+01 
 4.357913e+00  6.234635e+00  1.428130e+01  2.140017e+01  3.844433e+01 
 4.418660e+00  6.103410e+00  1.393120e+01  2.085590e+01  3.748048e+01 
 4.480254e+00  5.973708e+00  1.358511e+01  2.032485e+01  3.653639e+01 
 4.542706e+00  5.849442e+00  1.324613e+01  1.980622e+01  3.561459e+01 
 4.606029e+00  5.725213e+00  1.292084e+01  1.930626e+01  3.472666e+01 
 4.670234e+00  5.603684e+00  1.260116e+01  1.882114e+01  3.386017e+01 
 4.735335e+00  5.484419e+00  1.228982e+01  1.834267e+01  3.300772e+01 
 4.801343e+00  5.369268e+00  1.198596e+01  1.787762e+01  3.217415e+01 
 4.868271e+00  5.253332e+00  1.168491e+01  1.741971e+01  3.135924e+01 
 4.936132e+00  5.139037e+00  1.138950e+01  1.697217e+01  3.056044e+01 
 5.004939e+00  5.025759e+00  1.110130e+01  1.653320e+01  2.977628e+01 
 5.074705e+00  4.913233e+00  1.081782e+01  1.610214e+01  2.901229e+01 
 5.145444e+00  4.804438e+00  1.054074e+01  1.568208e+01  2.826607e+01 
 5.217169e+00  4.695583e+00  1.026909e+01  1.527266e+01  2.752655e+01 
 5.289893e+00  4.590931e+00  1.000577e+01  1.487624e+01  2.681834e+01 
 5.363631e+00  4.486154e+00  9.748702e+00  1.448464e+01  2.612224e+01 
 5.438397e+00  4.384948e+00  9.497271e+00  1.410700e+01  2.544368e+01 
 5.514206e+00  4.285452e+00  9.253334e+00  1.373990e+01  2.478800e+01 
 5.591071e+00  4.187126e+00  9.016750e+00  1.338151e+01  2.414891e+01 
 5.669007e+00  4.093184e+00  8.785400e+00  1.303634e+01  2.352905e+01 
 5.748030e+00  4.000092e+00  8.561534e+00  1.269830e+01  2.292199e+01 
 5.828155e+00  3.909074e+00  8.343717e+00  1.237116e+01  2.233328e+01 
 5.909396e+00  3.820188e+00  8.130903e+00  1.205204e+01  2.176232e+01 
 5.991770e+00  3.732545e+00  7.922783e+00  1.174000e+01  2.120228e+01 
 6.075292e+00  3.646835e+00  7.720722e+00  1.143636e+01  2.065426e+01 
 6.159978e+00  3.562251e+00  7.521796e+00  1.113846e+01  2.011889e+01 
 6.245845e+00  3.478893e+00  7.327515e+00  1.084724e+01  1.959357e+01 
 6.332908e+00  3.396788e+00  7.136412e+00  1.056216e+01  1.907916e+01 
 6.421186e+00  3.316769e+00  6.950972e+00  1.028337e+01  1.857707e+01 
 6.510694e+00  3.237836e+00  6.769574e+00  1.001265e+01  1.808777e+01 
 6.601449e+00  3.161272e+00  6.593537e+00  9.748793e+00  1.761150e+01 
 6.693470e+00  3.085854e+00  6.421317e+00  9.491281e+00  1.714688e+01 
 6.786773e+00  3.012404e+00  6.254797e+00  9.241511e+00  1.669561e+01 
 6.881377e+00  2.941204e+00  6.092697e+00  8.999340e+00  1.625585e+01 
 6.977300e+00  2.871469e+00  5.935790e+00  8.764966e+00  1.583009e+01 
 7.074559e+00  2.803979e+00  5.782938e+00  8.536108e+00  1.541546e+01 
 7.173175e+00  2.737714e+00  5.634918e+00  8.314492e+00  1.501372e+01 
 7.273165e+00  2.673478e+00  5.491212e+00  8.099953e+00  1.462245e+01 
 7.374549e+00  2.610577e+00  5.350819e+00  7.889885e+00  1.424236e+01 
 7.477346e+00  2.548957e+00  5.214854e+00  7.686722e+00  1.387131e+01 
 7.581576e+00  2.489035e+00  5.080879e+00  7.486916e+00  1.350827e+01 
 7.687260e+00  2.429829e+00  4.950590e+00  7.291890e+00  1.315407e+01 
 7.794416e+00  2.371846e+00  4.823068e+00  7.100528e+00  1.280626e+01 
 7.903066e+00  2.315055e+00  4.697977e+00  6.913189e+00  1.246545e+01 
 8.013230e+00  2.259500e+00  4.576553e+00  6.732124e+00  1.213372e+01 
 8.124930e+00  2.205038e+00  4.458125e+00  6.554694e+00  1.181013e+01 
 8.238187e+00  2.152177e+00  4.342433e+00  6.381623e+00  1.149520e+01 
 8.353023e+00  2.100474e+00  4.230290e+00  6.214027e+00  1.118839e+01 
 8.469460e+00  2.050273e+00  4.121471e+00  6.051093e+00  1.089056e+01 
 8.587519e+00  2.001506e+00  4.015485e+00  5.892594e+00  1.060132e+01 
 8.707225e+00  1.954071e+00  3.912537e+00  5.739083e+00  1.032012e+01 
 8.828599e+00  1.907955e+00  3.813249e+00  5.589917e+00  1.004703e+01 
 8.951665e+00  1.863017e+00  3.716715e+00  5.445312e+00  9.782462e+00 
 9.076446e+00  1.819441e+00  3.622987e+00  5.305191e+00  9.525749e+00 
 9.202967e+00  1.776994e+00  3.531731e+00  5.168805e+00  9.275175e+00 
 9.331251e+00  1.735558e+00  3.442677e+00  5.035493e+00  9.031126e+00 
 9.461324e+00  0.000000e+00  0.000000e+00  0.000000e+00  0.000000e+00 
 9.593209e+00  0.000000e+00  0.000000e+00  0.000000e+00  0.000000e+00 
 9.726934e+00  0.000000e+00  0.000000e+00  0.000000e+00  0.000000e+00 
 9.862522e+00  0.000000e+00  0.000000e+00  0.000000e+00  0.000000e+00 
 1.000000e+01  0.000000e+00  0.000000e+00  0.000000e+00  0.000000e+00 
