 1.000000e-02  5.588902e+03  1.039185e+04  1.421690e+04  2.142114e+04 
 1.013939e-02  5.619458e+03  1.044852e+04  1.429430e+04  2.153735e+04 
 1.028073e-02  5.649520e+03  1.050431e+04  1.437041e+04  2.165157e+04 
 1.042404e-02  5.679071e+03  1.055912e+04  1.444516e+04  2.176385e+04 
 1.056935e-02  5.708087e+03  1.061290e+04  1.451851e+04  2.187409e+04 
 1.071668e-02  5.736564e+03  1.066566e+04  1.459052e+04  2.198229e+04 
 1.086606e-02  5.764497e+03  1.071736e+04  1.466115e+04  2.208838e+04 
 1.101753e-02  5.791844e+03  1.076800e+04  1.473034e+04  2.219219e+04 
 1.117111e-02  5.818565e+03  1.081753e+04  1.479796e+04  2.229346e+04 
 1.132683e-02  5.844633e+03  1.086586e+04  1.486392e+04  2.239215e+04 
 1.148472e-02  5.870046e+03  1.091294e+04  1.492817e+04  2.248832e+04 
 1.164481e-02  5.894781e+03  1.095867e+04  1.499066e+04  2.258197e+04 
 1.180713e-02  5.918821e+03  1.100310e+04  1.505134e+04  2.267296e+04 
 1.197171e-02  5.942137e+03  1.104626e+04  1.511019e+04  2.276108e+04 
 1.213859e-02  5.964715e+03  1.108807e+04  1.516713e+04  2.284625e+04 
 1.230780e-02  5.986505e+03  1.112840e+04  1.522200e+04  2.292856e+04 
 1.247936e-02  6.007490e+03  1.116722e+04  1.527480e+04  2.300785e+04 
 1.265332e-02  6.027669e+03  1.120451e+04  1.532551e+04  2.308393e+04 
 1.282970e-02  6.047016e+03  1.124023e+04  1.537416e+04  2.315666e+04 
 1.300854e-02  6.065501e+03  1.127437e+04  1.542066e+04  2.322606e+04 
 1.318987e-02  6.083107e+03  1.130686e+04  1.546495e+04  2.329209e+04 
 1.337373e-02  6.099812e+03  1.133766e+04  1.550695e+04  2.335464e+04 
 1.356015e-02  6.115585e+03  1.136675e+04  1.554657e+04  2.341364e+04 
 1.374917e-02  6.130414e+03  1.139406e+04  1.558371e+04  2.346894e+04 
 1.394083e-02  6.144261e+03  1.141953e+04  1.561830e+04  2.352044e+04 
 1.413516e-02  6.157093e+03  1.144313e+04  1.565027e+04  2.356804e+04 
 1.433219e-02  6.168893e+03  1.146480e+04  1.567960e+04  2.361168e+04 
 1.453198e-02  6.179631e+03  1.148449e+04  1.570627e+04  2.365126e+04 
 1.473454e-02  6.189288e+03  1.150217e+04  1.573025e+04  2.368668e+04 
 1.493993e-02  6.197871e+03  1.151784e+04  1.575146e+04  2.371796e+04 
 1.514819e-02  6.205383e+03  1.153155e+04  1.576995e+04  2.374519e+04 
 1.535935e-02  6.211769e+03  1.154315e+04  1.578559e+04  2.376806e+04 
 1.557345e-02  6.216972e+03  1.155256e+04  1.579822e+04  2.378634e+04 
 1.579053e-02  6.220967e+03  1.155973e+04  1.580781e+04  2.380002e+04 
 1.601064e-02  6.223751e+03  1.156464e+04  1.581433e+04  2.380916e+04 
 1.623382e-02  6.225324e+03  1.156730e+04  1.581774e+04  2.381361e+04 
 1.646012e-02  6.225648e+03  1.156760e+04  1.581790e+04  2.381313e+04 
 1.668956e-02  6.224679e+03  1.156554e+04  1.581470e+04  2.380769e+04 
 1.692220e-02  6.222418e+03  1.156105e+04  1.580815e+04  2.379726e+04 
 1.715809e-02  6.218843e+03  1.155411e+04  1.579835e+04  2.378179e+04 
 1.739726e-02  6.213936e+03  1.154469e+04  1.578529e+04  2.376132e+04 
 1.763977e-02  6.207668e+03  1.153276e+04  1.576876e+04  2.373572e+04 
 1.788566e-02  6.200020e+03  1.151824e+04  1.574863e+04  2.370470e+04 
 1.813498e-02  6.190974e+03  1.150115e+04  1.572493e+04  2.366823e+04 
 1.838777e-02  6.180527e+03  1.148144e+04  1.569766e+04  2.362634e+04 
 1.864409e-02  6.168669e+03  1.145911e+04  1.566681e+04  2.357904e+04 
 1.890397e-02  6.155377e+03  1.143411e+04  1.563234e+04  2.352629e+04 
 1.916748e-02  6.140634e+03  1.140639e+04  1.559414e+04  2.346806e+04 
 1.943467e-02  6.124420e+03  1.137595e+04  1.555222e+04  2.340419e+04 
 1.970558e-02  6.106741e+03  1.134278e+04  1.550657e+04  2.333458e+04 
 1.998026e-02  6.087581e+03  1.130686e+04  1.545714e+04  2.325928e+04 
 2.025878e-02  6.066936e+03  1.126817e+04  1.540393e+04  2.317826e+04 
 2.054117e-02  6.044796e+03  1.122672e+04  1.534694e+04  2.309158e+04 
 2.082751e-02  6.021170e+03  1.118249e+04  1.528614e+04  2.299928e+04 
 2.111783e-02  5.996034e+03  1.113548e+04  1.522153e+04  2.290132e+04 
 2.141220e-02  5.969510e+03  1.108583e+04  1.515331e+04  2.279775e+04 
 2.171068e-02  5.942143e+03  1.103443e+04  1.508245e+04  2.268959e+04 
 2.201331e-02  5.913289e+03  1.098024e+04  1.500776e+04  2.257561e+04 
 2.232016e-02  5.882950e+03  1.092328e+04  1.492930e+04  2.245583e+04 
 2.263130e-02  5.851111e+03  1.086356e+04  1.484703e+04  2.233033e+04 
 2.294676e-02  5.817790e+03  1.080108e+04  1.476100e+04  2.219920e+04 
 2.326663e-02  5.783006e+03  1.073588e+04  1.467129e+04  2.206256e+04 
 2.359095e-02  5.746766e+03  1.066797e+04  1.457788e+04  2.192040e+04 
 2.391980e-02  5.709098e+03  1.059740e+04  1.448083e+04  2.177282e+04 
 2.425323e-02  5.670020e+03  1.052421e+04  1.438020e+04  2.161979e+04 
 2.459130e-02  5.629525e+03  1.044842e+04  1.427596e+04  2.146133e+04 
 2.493409e-02  5.587640e+03  1.037005e+04  1.416821e+04  2.129760e+04 
 2.528166e-02  5.544404e+03  1.028917e+04  1.405704e+04  2.112873e+04 
 2.563407e-02  5.499843e+03  1.020584e+04  1.394252e+04  2.095482e+04 
 2.599140e-02  5.454011e+03  1.012013e+04  1.382476e+04  2.077606e+04 
 2.635371e-02  5.406918e+03  1.003208e+04  1.370383e+04  2.059251e+04 
 2.672106e-02  5.358584e+03  9.941733e+03  1.357976e+04  2.040428e+04 
 2.709354e-02  5.309064e+03  9.849182e+03  1.345269e+04  2.021151e+04 
 2.747121e-02  5.258403e+03  9.754533e+03  1.332276e+04  2.001448e+04 
 2.785414e-02  5.206592e+03  9.657778e+03  1.318996e+04  1.981323e+04 
 2.824241e-02  5.153423e+03  9.558642e+03  1.305406e+04  1.960762e+04 
 2.863610e-02  5.099264e+03  9.457682e+03  1.291564e+04  1.939826e+04 
 2.903527e-02  5.044166e+03  9.354975e+03  1.277485e+04  1.918536e+04 
 2.944000e-02  4.988186e+03  9.250622e+03  1.263182e+04  1.896911e+04 
 2.985038e-02  4.931379e+03  9.144731e+03  1.248670e+04  1.874973e+04 
 3.026648e-02  4.873802e+03  9.037445e+03  1.233966e+04  1.852749e+04 
 3.068838e-02  4.815521e+03  8.928865e+03  1.219086e+04  1.830261e+04 
 3.111616e-02  4.756605e+03  8.819123e+03  1.204049e+04  1.807540e+04 
 3.154990e-02  4.697134e+03  8.708336e+03  1.188871e+04  1.784611e+04 
 3.198969e-02  4.637169e+03  8.596640e+03  1.173571e+04  1.761500e+04 
 3.243561e-02  4.576789e+03  8.484177e+03  1.158167e+04  1.738234e+04 
 3.288774e-02  4.516070e+03  8.371099e+03  1.142677e+04  1.714840e+04 
 3.334618e-02  4.455087e+03  8.257546e+03  1.127123e+04  1.691354e+04 
 3.381101e-02  4.393920e+03  8.143652e+03  1.111524e+04  1.667804e+04 
 3.428231e-02  4.332643e+03  8.029578e+03  1.095901e+04  1.644218e+04 
 3.476019e-02  4.271217e+03  7.915538e+03  1.080320e+04  1.620809e+04 
 3.524473e-02  4.209844e+03  7.801599e+03  1.064757e+04  1.597429e+04 
 3.573602e-02  4.148604e+03  7.687930e+03  1.049230e+04  1.574106e+04 
 3.623416e-02  4.087580e+03  7.574671e+03  1.033759e+04  1.550868e+04 
 3.673925e-02  4.026854e+03  7.461972e+03  1.018365e+04  1.527748e+04 
 3.725137e-02  3.966516e+03  7.350003e+03  1.003069e+04  1.504775e+04 
 3.777064e-02  3.906641e+03  7.238894e+03  9.878909e+03  1.481982e+04 
 3.829714e-02  3.847326e+03  7.128809e+03  9.728542e+03  1.459400e+04 
 3.883098e-02  3.788637e+03  7.019885e+03  9.579798e+03  1.437063e+04 
 3.937226e-02  3.730656e+03  6.912285e+03  9.432842e+03  1.414995e+04 
 3.992109e-02  3.673456e+03  6.806141e+03  9.287872e+03  1.393226e+04 
 4.047757e-02  3.617101e+03  6.701551e+03  9.144972e+03  1.371760e+04 
 4.104181e-02  3.561534e+03  6.597872e+03  9.002713e+03  1.350220e+04 
 4.161391e-02  3.506965e+03  6.496049e+03  8.863011e+03  1.329064e+04 
 4.219398e-02  3.453457e+03  6.396201e+03  8.726026e+03  1.308321e+04 
 4.278214e-02  3.401075e+03  6.298444e+03  8.591929e+03  1.288013e+04 
 4.337850e-02  3.349869e+03  6.202896e+03  8.460845e+03  1.268160e+04 
 4.398317e-02  3.299889e+03  6.109648e+03  8.332909e+03  1.248785e+04 
 4.459628e-02  3.251195e+03  6.018797e+03  8.208233e+03  1.229902e+04 
 4.521792e-02  3.203824e+03  5.930406e+03  8.086925e+03  1.211531e+04 
 4.584824e-02  3.157817e+03  5.844534e+03  7.969090e+03  1.193680e+04 
 4.648734e-02  3.113208e+03  5.761262e+03  7.854799e+03  1.176364e+04 
 4.713535e-02  3.070077e+03  5.681414e+03  7.745926e+03  1.160066e+04 
 4.779239e-02  3.028406e+03  5.604700e+03  7.641781e+03  1.144596e+04 
 4.845859e-02  2.988179e+03  5.530648e+03  7.541276e+03  1.129671e+04 
 4.913407e-02  2.949399e+03  5.459275e+03  7.444432e+03  1.115291e+04 
 4.981898e-02  2.912076e+03  5.390588e+03  7.351224e+03  1.101457e+04 
 5.051342e-02  2.876198e+03  5.324572e+03  7.261631e+03  1.088166e+04 
 5.121755e-02  2.841740e+03  5.261190e+03  7.175621e+03  1.075406e+04 
 5.193150e-02  2.808678e+03  5.200370e+03  7.093140e+03  1.063168e+04 
 5.265540e-02  2.776972e+03  5.142062e+03  7.014080e+03  1.051443e+04 
 5.338938e-02  2.746359e+03  5.085361e+03  6.936704e+03  1.039846e+04 
 5.413360e-02  2.716748e+03  5.030008e+03  6.860584e+03  1.028292e+04 
 5.488820e-02  2.688367e+03  4.976913e+03  6.787575e+03  1.017201e+04 
 5.565331e-02  2.661132e+03  4.925934e+03  6.717486e+03  1.006543e+04 
 5.642908e-02  2.634922e+03  4.876840e+03  6.649974e+03  9.962697e+03 
 5.721568e-02  2.609605e+03  4.829413e+03  6.584705e+03  9.863384e+03 
 5.801323e-02  2.585222e+03  4.783706e+03  6.521778e+03  9.767598e+03 
 5.882190e-02  2.561876e+03  4.739936e+03  6.461483e+03  9.675751e+03 
 5.964185e-02  2.539628e+03  4.698466e+03  6.404635e+03  9.589814e+03 
 6.047322e-02  2.518368e+03  4.659577e+03  6.352101e+03  9.512495e+03 
 6.131619e-02  2.497359e+03  4.621155e+03  6.300197e+03  9.436122e+03 
 6.217090e-02  2.476278e+03  4.582592e+03  6.248089e+03  9.359445e+03 
 6.303753e-02  2.455071e+03  4.543789e+03  6.195653e+03  9.282285e+03 
 6.391624e-02  2.433751e+03  4.504779e+03  6.142932e+03  9.204704e+03 
 6.480720e-02  2.412304e+03  4.465536e+03  6.089896e+03  9.126648e+03 
 6.571058e-02  2.390595e+03  4.425804e+03  6.036194e+03  9.047600e+03 
 6.662655e-02  2.367326e+03  4.381365e+03  5.974109e+03  8.950460e+03 
 6.755528e-02  2.343370e+03  4.335612e+03  5.910180e+03  8.850391e+03 
 6.849697e-02  2.318621e+03  4.288401e+03  5.844282e+03  8.747387e+03 
 6.945178e-02  2.292961e+03  4.239521e+03  5.776125e+03  8.641052e+03 
 7.041990e-02  2.266269e+03  4.188732e+03  5.705403e+03  8.530945e+03 
 7.140151e-02  2.238444e+03  4.135848e+03  5.631847e+03  8.416687e+03 
 7.239681e-02  2.209652e+03  4.081482e+03  5.556625e+03  8.301073e+03 
 7.340598e-02  2.179850e+03  4.025607e+03  5.479752e+03  8.184360e+03 
 7.442922e-02  2.148632e+03  3.967142e+03  5.399370e+03  8.062444e+03 
 7.546673e-02  2.115950e+03  3.906000e+03  5.315358e+03  7.935168e+03 
 7.651869e-02  2.081774e+03  3.842120e+03  5.227654e+03  7.802433e+03 
 7.758532e-02  2.046111e+03  3.775508e+03  5.136270e+03  7.664269e+03 
 7.866682e-02  2.009760e+03  3.708718e+03  5.045773e+03  7.530295e+03 
 7.976339e-02  1.973261e+03  3.643401e+03  4.959066e+03  7.406589e+03 
 8.087525e-02  1.935364e+03  3.575456e+03  4.868718e+03  7.277353e+03 
 8.200261e-02  1.896162e+03  3.505050e+03  4.774953e+03  7.142890e+03 
 8.314568e-02  1.855774e+03  3.432411e+03  4.678087e+03  7.003662e+03 
 8.430468e-02  1.814344e+03  3.357793e+03  4.578489e+03  6.860174e+03 
 8.547985e-02  1.771510e+03  3.279567e+03  4.472991e+03  6.705391e+03 
 8.667139e-02  1.727773e+03  3.199189e+03  4.364095e+03  6.544352e+03 
 8.787954e-02  1.683620e+03  3.118009e+03  4.254082e+03  6.381573e+03 
 8.910453e-02  1.639276e+03  3.036454e+03  4.143532e+03  6.217923e+03 
 9.034660e-02  1.594974e+03  2.954962e+03  4.033056e+03  6.054323e+03 
 9.160598e-02  1.551686e+03  2.876379e+03  3.927527e+03  5.900528e+03 
 9.288292e-02  1.509579e+03  2.800866e+03  3.827016e+03  5.756360e+03 
 9.417766e-02  1.468203e+03  2.726596e+03  3.728093e+03  5.614284e+03 
 9.549045e-02  1.427810e+03  2.654049e+03  3.631421e+03  5.475266e+03 
 9.682153e-02  1.388631e+03  2.583650e+03  3.537569e+03  5.340190e+03 
 9.817117e-02  1.351224e+03  2.516927e+03  3.449112e+03  5.214138e+03 
 9.953962e-02  1.315554e+03  2.453494e+03  3.365204e+03  5.095068e+03 
 1.009272e-01  1.281663e+03  2.393265e+03  3.285558e+03  4.982092e+03 
 1.023340e-01  1.249716e+03  2.336537e+03  3.210593e+03  4.875861e+03 
 1.037605e-01  1.219272e+03  2.281767e+03  3.137514e+03  4.770615e+03 
 1.052069e-01  1.188832e+03  2.224212e+03  3.058024e+03  4.649585e+03 
 1.066734e-01  1.160707e+03  2.170996e+03  2.984484e+03  4.537587e+03 
 1.081604e-01  1.134907e+03  2.122124e+03  2.916914e+03  4.434627e+03 
 1.096681e-01  1.111391e+03  2.077545e+03  2.855246e+03  4.340575e+03 
 1.111968e-01  1.090073e+03  2.037157e+03  2.799238e+03  4.254334e+03 
 1.127468e-01  1.070869e+03  2.000718e+03  2.748643e+03  4.176288e+03 
 1.143184e-01  1.053640e+03  1.967964e+03  2.703094e+03  4.105902e+03 
 1.159120e-01  1.038205e+03  1.938547e+03  2.662132e+03  4.042463e+03 
 1.175277e-01  1.024740e+03  1.913170e+03  2.626986e+03  3.988114e+03 
 1.191660e-01  1.012623e+03  1.890350e+03  2.595355e+03  3.939129e+03 
 1.208271e-01  1.001557e+03  1.869508e+03  2.566386e+03  3.894228e+03 
 1.225114e-01  9.911682e+02  1.849865e+03  2.539034e+03  3.851735e+03 
 1.242191e-01  9.805886e+02  1.829277e+03  2.510073e+03  3.806407e+03 
 1.259506e-01  9.701139e+02  1.808912e+03  2.481412e+03  3.761555e+03 
 1.277063e-01  9.594174e+02  1.788145e+03  2.452213e+03  3.715941e+03 
 1.294865e-01  9.484374e+02  1.766997e+03  2.422552e+03  3.669425e+03 
 1.312915e-01  9.369307e+02  1.745073e+03  2.391847e+03  3.621067e+03 
 1.331216e-01  9.243266e+02  1.721130e+03  2.358394e+03  3.568608e+03 
 1.349772e-01  9.104251e+02  1.694812e+03  2.321806e+03  3.511623e+03 
 1.368587e-01  8.961513e+02  1.669629e+03  2.288836e+03  3.466090e+03 
 1.387665e-01  8.802745e+02  1.641455e+03  2.251734e+03  3.414253e+03 
 1.407008e-01  8.627678e+02  1.610211e+03  2.210439e+03  3.355976e+03 
 1.426621e-01  8.447515e+02  1.578777e+03  2.169203e+03  3.297727e+03 
 1.446507e-01  8.255632e+02  1.545338e+03  2.125281e+03  3.235265e+03 
 1.466671e-01  8.050212e+02  1.509268e+03  2.077691e+03  3.167078e+03 
 1.487115e-01  7.818636e+02  1.466817e+03  2.020336e+03  3.082795e+03 
 1.507845e-01  7.569577e+02  1.420115e+03  1.956487e+03  2.987675e+03 
 1.528864e-01  7.317122e+02  1.372781e+03  1.891767e+03  2.891072e+03 
 1.550175e-01  7.083753e+02  1.331139e+03  1.836609e+03  2.812586e+03 
 1.571784e-01  6.866797e+02  1.293937e+03  1.788662e+03  2.747306e+03 
 1.593694e-01  6.655897e+02  1.257666e+03  1.741810e+03  2.683204e+03 
 1.615909e-01  6.460430e+02  1.224588e+03  1.699419e+03  2.625698e+03 
 1.638434e-01  6.279778e+02  1.194299e+03  1.660805e+03  2.573630e+03 
 1.661273e-01  6.113869e+02  1.166585e+03  1.625607e+03  2.526352e+03 
 1.684430e-01  5.935752e+02  1.133787e+03  1.581387e+03  2.462158e+03 
 1.707910e-01  5.773085e+02  1.103548e+03  1.540435e+03  2.402443e+03 
 1.731717e-01  5.633268e+02  1.077850e+03  1.505827e+03  2.352250e+03 
 1.755856e-01  5.525600e+02  1.059195e+03  1.481315e+03  2.316945e+03 
 1.780332e-01  5.435069e+02  1.043756e+03  1.461229e+03  2.288419e+03 
 1.805149e-01  5.341736e+02  1.025483e+03  1.435192e+03  2.246558e+03 
 1.830312e-01  5.250385e+02  1.006231e+03  1.406620e+03  2.198370e+03 
 1.855825e-01  5.168836e+02  9.890253e+02  1.381117e+03  2.155535e+03 
 1.881694e-01  5.093843e+02  9.739566e+02  1.359829e+03  2.122391e+03 
 1.907924e-01  5.020981e+02  9.593115e+02  1.339135e+03  2.090260e+03 
 1.934520e-01  4.941290e+02  9.431285e+02  1.316347e+03  2.055780e+03 
 1.961486e-01  4.854858e+02  9.256065e+02  1.291711e+03  2.018822e+03 
 1.988828e-01  4.771680e+02  9.095069e+02  1.269390e+03  1.985346e+03 
 2.016551e-01  4.694638e+02  8.957206e+02  1.250770e+03  1.957482e+03 
 2.044661e-01  4.605190e+02  8.794314e+02  1.228549e+03  1.923821e+03 
 2.073162e-01  4.499896e+02  8.592298e+02  1.200173e+03  1.879418e+03 
 2.102061e-01  4.383450e+02  8.369188e+02  1.168876e+03  1.830461e+03 
 2.131362e-01  4.294921e+02  8.244461e+02  1.154750e+03  1.813882e+03 
 2.161073e-01  4.200123e+02  8.108353e+02  1.139092e+03  1.794987e+03 
 2.191197e-01  4.078024e+02  7.900556e+02  1.112601e+03  1.760012e+03 
 2.221741e-01  3.949968e+02  7.675794e+02  1.083434e+03  1.720721e+03 
 2.252711e-01  3.831153e+02  7.474787e+02  1.058001e+03  1.687447e+03 
 2.284112e-01  3.720663e+02  7.290503e+02  1.034924e+03  1.657660e+03 
 2.315951e-01  3.620799e+02  7.117286e+02  1.011970e+03  1.623772e+03 
 2.348235e-01  3.532714e+02  6.963070e+02  9.911622e+02  1.591781e+03 
 2.380968e-01  3.436719e+02  6.777156e+02  9.651121e+02  1.551656e+03 
 2.414157e-01  3.348368e+02  6.602090e+02  9.404014e+02  1.513696e+03 
 2.447809e-01  3.264169e+02  6.435118e+02  9.170324e+02  1.477549e+03 
 2.481930e-01  3.190498e+02  6.289116e+02  8.966504e+02  1.446086e+03 
 2.516527e-01  3.147781e+02  6.211671e+02  8.858009e+02  1.428518e+03 
 2.551606e-01  3.101031e+02  6.122001e+02  8.731344e+02  1.408494e+03 
 2.587174e-01  3.028711e+02  5.968215e+02  8.510994e+02  1.374851e+03 
 2.623238e-01  2.970233e+02  5.852847e+02  8.350107e+02  1.350795e+03 
 2.659804e-01  2.924140e+02  5.774066e+02  8.246555e+02  1.335974e+03 
 2.696881e-01  2.859715e+02  5.652811e+02  8.081421e+02  1.311117e+03 
 2.734474e-01  2.785900e+02  5.511825e+02  7.888331e+02  1.281824e+03 
 2.772591e-01  2.728524e+02  5.418447e+02  7.773595e+02  1.267768e+03 
 2.811239e-01  2.663858e+02  5.306599e+02  7.630992e+02  1.249970e+03 
 2.850426e-01  2.593618e+02  5.178346e+02  7.463101e+02  1.229193e+03 
 2.890160e-01  2.525650e+02  5.065100e+02  7.319178e+02  1.209259e+03 
 2.930447e-01  2.459366e+02  4.952483e+02  7.170146e+02  1.186486e+03 
 2.971296e-01  2.396204e+02  4.832193e+02  6.991579e+02  1.155261e+03 
 3.012714e-01  2.338031e+02  4.731276e+02  6.857901e+02  1.135486e+03 
 3.054710e-01  2.282675e+02  4.636727e+02  6.738292e+02  1.119539e+03 
 3.097291e-01  2.220785e+02  4.518708e+02  6.578912e+02  1.096901e+03 
 3.140465e-01  2.167209e+02  4.408779e+02  6.418989e+02  1.070307e+03 
 3.184242e-01  2.122031e+02  4.316322e+02  6.283790e+02  1.047710e+03 
 3.228628e-01  2.086939e+02  4.253687e+02  6.201776e+02  1.037307e+03 
 3.273634e-01  2.040416e+02  4.156202e+02  6.058768e+02  1.014002e+03 
 3.319266e-01  1.992705e+02  4.060050e+02  5.923664e+02  9.934984e+02 
 3.365535e-01  1.945997e+02  3.974002e+02  5.811912e+02  9.786966e+02 
 3.412449e-01  1.912932e+02  3.931239e+02  5.763420e+02  9.710827e+02 
 3.460016e-01  1.875471e+02  3.870594e+02  5.685895e+02  9.603838e+02 
 3.508247e-01  1.836559e+02  3.801275e+02  5.593138e+02  9.467804e+02 
 3.557150e-01  1.796897e+02  3.727758e+02  5.493144e+02  9.312774e+02 
 3.606735e-01  1.750224e+02  3.644353e+02  5.383010e+02  9.158168e+02 
 3.657011e-01  1.695149e+02  3.538872e+02  5.236216e+02  8.948912e+02 
 3.707988e-01  1.649829e+02  3.450411e+02  5.113495e+02  8.763899e+02 
 3.759675e-01  1.609384e+02  3.371321e+02  5.003172e+02  8.594610e+02 
 3.812083e-01  1.570094e+02  3.298285e+02  4.902871e+02  8.443139e+02 
 3.865221e-01  1.538052e+02  3.249268e+02  4.846203e+02  8.352823e+02 
 3.919100e-01  1.506054e+02  3.173301e+02  4.727597e+02  8.182960e+02 
 3.973730e-01  1.470991e+02  3.112554e+02  4.651550e+02  8.062461e+02 
 4.029122e-01  1.442779e+02  3.068184e+02  4.590538e+02  7.949007e+02 
 4.085286e-01  1.414761e+02  3.007200e+02  4.501598e+02  7.820965e+02 
 4.142232e-01  1.379966e+02  2.934487e+02  4.403406e+02  7.698336e+02 
 4.199973e-01  1.344324e+02  2.871552e+02  4.322971e+02  7.581133e+02 
 4.258518e-01  1.314403e+02  2.815845e+02  4.243943e+02  7.444534e+02 
 4.317880e-01  1.282120e+02  2.752972e+02  4.149618e+02  7.295782e+02 
 4.378069e-01  1.253494e+02  2.694835e+02  4.065574e+02  7.155954e+02 
 4.439097e-01  1.229731e+02  2.656592e+02  4.017752e+02  7.104635e+02 
 4.500975e-01  1.194906e+02  2.590265e+02  3.926289e+02  6.966876e+02 
 4.563716e-01  1.166302e+02  2.530059e+02  3.838518e+02  6.809424e+02 
 4.627332e-01  1.148019e+02  2.504312e+02  3.810651e+02  6.785105e+02 
 4.691835e-01  1.118968e+02  2.445872e+02  3.726688e+02  6.643604e+02 
 4.757236e-01  1.098283e+02  2.404289e+02  3.668994e+02  6.554756e+02 
 4.823549e-01  1.069340e+02  2.344666e+02  3.582722e+02  6.435424e+02 
 4.890787e-01  1.045537e+02  2.297184e+02  3.518169e+02  6.333677e+02 
 4.958962e-01  1.026836e+02  2.260674e+02  3.461446e+02  6.228353e+02 
 5.028087e-01  1.001725e+02  2.216455e+02  3.400768e+02  6.137981e+02 
 5.098176e-01  9.814106e+01  2.178367e+02  3.346235e+02  6.030508e+02 
 5.169242e-01  9.630064e+01  2.143009e+02  3.297312e+02  5.964984e+02 
 5.241298e-01  9.306469e+01  2.085782e+02  3.225168e+02  5.875268e+02 
 5.314359e-01  9.136391e+01  2.060197e+02  3.190876e+02  5.817142e+02 
 5.388438e-01  8.941382e+01  2.015070e+02  3.122184e+02  5.711126e+02 
 5.463550e-01  8.775760e+01  1.982478e+02  3.073268e+02  5.627499e+02 
 5.539709e-01  8.531845e+01  1.937918e+02  3.016621e+02  5.539270e+02 
 5.616930e-01  8.370483e+01  1.906110e+02  2.970749e+02  5.469948e+02 
 5.695227e-01  8.191501e+01  1.875309e+02  2.933230e+02  5.395140e+02 
 5.774615e-01  7.997301e+01  1.829651e+02  2.863241e+02  5.291784e+02 
 5.855110e-01  7.843401e+01  1.801475e+02  2.820046e+02  5.215277e+02 
 5.936727e-01  7.657481e+01  1.757669e+02  2.757465e+02  5.119930e+02 
 6.019482e-01  7.516036e+01  1.735683e+02  2.722099e+02  5.054273e+02 
 6.103390e-01  7.330352e+01  1.703191e+02  2.680522e+02  4.982436e+02 
 6.188468e-01  7.162480e+01  1.673075e+02  2.651692e+02  4.962600e+02 
 6.274732e-01  7.035363e+01  1.640862e+02  2.594946e+02  4.867985e+02 
 6.362198e-01  6.881505e+01  1.614407e+02  2.556985e+02  4.792665e+02 
 6.450884e-01  6.710039e+01  1.582712e+02  2.512591e+02  4.715910e+02 
 6.540806e-01  6.563995e+01  1.547249e+02  2.457691e+02  4.632483e+02 
 6.631981e-01  6.406528e+01  1.520479e+02  2.428545e+02  4.583627e+02 
 6.724427e-01  6.276236e+01  1.492076e+02  2.387397e+02  4.531925e+02 
 6.818162e-01  6.129873e+01  1.464346e+02  2.338278e+02  4.438646e+02 
 6.913204e-01  5.989879e+01  1.434864e+02  2.300234e+02  4.373756e+02 
 7.009570e-01  5.899561e+01  1.412127e+02  2.266325e+02  4.315272e+02 
 7.107280e-01  5.737251e+01  1.386441e+02  2.230769e+02  4.245016e+02 
 7.206351e-01  5.643144e+01  1.363511e+02  2.198962e+02  4.205626e+02 
 7.306804e-01  5.520418e+01  1.341904e+02  2.163645e+02  4.130579e+02 
 7.408657e-01  5.392567e+01  1.314375e+02  2.123349e+02  4.074767e+02 
 7.511929e-01  5.273014e+01  1.288819e+02  2.090295e+02  4.019681e+02 
 7.616642e-01  5.168006e+01  1.264374e+02  2.054757e+02  3.964280e+02 
 7.722814e-01  5.091066e+01  1.250950e+02  2.031951e+02  3.910189e+02 
 7.830465e-01  4.980818e+01  1.225872e+02  1.995771e+02  3.858659e+02 
 7.939618e-01  4.880975e+01  1.209108e+02  1.968674e+02  3.815036e+02 
 8.050292e-01  4.768937e+01  1.184765e+02  1.940117e+02  3.764800e+02 
 8.162509e-01  4.677525e+01  1.166873e+02  1.907900e+02  3.696843e+02 
 8.276289e-01  4.558712e+01  1.142185e+02  1.874912e+02  3.648435e+02 
 8.391656e-01  4.493174e+01  1.128076e+02  1.846751e+02  3.604624e+02 
 8.508632e-01  4.408096e+01  1.107473e+02  1.820379e+02  3.555800e+02 
 8.627237e-01  4.303492e+01  1.088424e+02  1.791715e+02  3.496531e+02 
 8.747496e-01  4.219576e+01  1.068581e+02  1.763607e+02  3.449760e+02 
 8.869432e-01  4.139868e+01  1.052323e+02  1.738353e+02  3.405867e+02 
 8.993067e-01  4.049511e+01  1.034498e+02  1.710745e+02  3.354495e+02 
 9.118425e-01  3.982531e+01  1.015920e+02  1.681123e+02  3.294597e+02 
 9.245531e-01  3.889006e+01  9.979324e+01  1.653023e+02  3.254161e+02 
 9.374409e-01  3.808325e+01  9.810594e+01  1.629970e+02  3.211323e+02 
 9.505083e-01  3.738854e+01  9.642488e+01  1.605162e+02  3.162752e+02 
 9.637579e-01  3.654418e+01  9.450393e+01  1.575378e+02  3.115171e+02 
 9.771921e-01  3.596175e+01  9.385212e+01  1.559708e+02  3.072575e+02 
 9.908137e-01  3.521467e+01  9.196345e+01  1.532578e+02  3.030388e+02 
 1.004625e+00  3.448738e+01  9.016393e+01  1.504892e+02  2.977596e+02 
 1.018629e+00  3.385926e+01  8.881847e+01  1.482985e+02  2.932728e+02 
 1.032828e+00  3.314225e+01  8.727279e+01  1.461710e+02  2.898676e+02 
 1.047225e+00  3.243099e+01  8.592412e+01  1.437266e+02  2.847472e+02 
 1.061823e+00  3.186317e+01  8.467203e+01  1.416819e+02  2.806671e+02 
 1.076624e+00  3.121795e+01  8.323566e+01  1.394530e+02  2.763943e+02 
 1.091632e+00  3.065866e+01  8.178515e+01  1.374265e+02  2.720434e+02 
 1.106848e+00  3.001297e+01  8.027499e+01  1.351550e+02  2.680729e+02 
 1.122277e+00  2.942277e+01  7.911048e+01  1.328757e+02  2.636142e+02 
 1.137921e+00  2.884016e+01  7.764032e+01  1.307236e+02  2.595638e+02 
 1.153783e+00  2.832414e+01  7.639265e+01  1.287155e+02  2.558051e+02 
 1.169866e+00  2.779696e+01  7.521754e+01  1.266791e+02  2.521860e+02 
 1.186174e+00  2.724373e+01  7.405503e+01  1.247085e+02  2.481466e+02 
 1.202708e+00  2.675288e+01  7.281904e+01  1.228555e+02  2.443610e+02 
 1.219473e+00  2.626780e+01  7.167522e+01  1.210660e+02  2.402157e+02 
 1.236472e+00  2.575921e+01  7.052871e+01  1.192499e+02  2.367113e+02 
 1.253708e+00  2.529008e+01  6.934577e+01  1.171452e+02  2.329795e+02 
 1.271184e+00  2.482629e+01  6.845191e+01  1.156938e+02  2.293432e+02 
 1.288904e+00  2.435878e+01  6.707613e+01  1.135401e+02  2.259553e+02 
 1.306870e+00  2.388446e+01  6.598241e+01  1.116942e+02  2.220539e+02 
 1.325087e+00  2.348098e+01  6.495120e+01  1.100105e+02  2.181740e+02 
 1.343558e+00  2.304663e+01  6.386765e+01  1.081825e+02  2.146730e+02 
 1.362287e+00  2.264345e+01  6.279285e+01  1.063116e+02  2.110022e+02 
 1.381276e+00  2.220733e+01  6.178423e+01  1.043854e+02  2.074332e+02 
 1.400531e+00  2.181465e+01  6.076663e+01  1.027653e+02  2.037074e+02 
 1.420053e+00  2.139897e+01  5.966519e+01  1.011545e+02  2.001444e+02 
 1.439848e+00  2.101367e+01  5.876658e+01  9.934359e+01  1.967988e+02 
 1.459919e+00  2.060855e+01  5.776518e+01  9.768062e+01  1.931903e+02 
 1.480269e+00  2.028717e+01  5.670456e+01  9.594101e+01  1.894844e+02 
 1.500903e+00  1.991211e+01  5.581303e+01  9.425625e+01  1.865301e+02 
 1.521825e+00  1.953823e+01  5.492476e+01  9.277459e+01  1.831018e+02 
 1.543038e+00  1.917507e+01  5.397540e+01  9.124289e+01  1.800140e+02 
 1.564548e+00  1.886085e+01  5.307409e+01  8.963211e+01  1.766077e+02 
 1.586357e+00  1.852190e+01  5.223294e+01  8.809641e+01  1.733057e+02 
 1.608469e+00  1.816838e+01  5.134469e+01  8.654423e+01  1.702601e+02 
 1.630891e+00  1.790255e+01  5.038541e+01  8.484423e+01  1.668089e+02 
 1.653624e+00  1.755287e+01  4.949827e+01  8.343252e+01  1.639120e+02 
 1.676675e+00  1.723187e+01  4.873032e+01  8.200956e+01  1.606785e+02 
 1.700047e+00  1.691915e+01  4.789565e+01  8.049663e+01  1.576798e+02 
 1.723745e+00  1.664267e+01  4.703438e+01  7.905065e+01  1.544841e+02 
 1.747773e+00  1.632427e+01  4.618544e+01  7.755793e+01  1.514635e+02 
 1.772136e+00  1.603332e+01  4.538212e+01  7.610637e+01  1.486284e+02 
 1.796838e+00  1.576172e+01  4.456677e+01  7.471838e+01  1.456554e+02 
 1.821885e+00  1.551198e+01  4.378313e+01  7.328205e+01  1.428236e+02 
 1.847281e+00  1.522537e+01  4.307100e+01  7.200420e+01  1.400150e+02 
 1.873032e+00  1.496317e+01  4.228815e+01  7.049858e+01  1.372529e+02 
 1.899141e+00  1.470157e+01  4.148243e+01  6.921776e+01  1.344852e+02 
 1.925614e+00  1.445552e+01  4.075916e+01  6.793646e+01  1.316615e+02 
 1.952456e+00  1.424377e+01  4.006822e+01  6.667919e+01  1.289835e+02 
 1.979672e+00  1.396132e+01  3.937320e+01  6.539538e+01  1.263242e+02 
 2.007267e+00  1.373669e+01  3.865290e+01  6.400408e+01  1.237728e+02 
 2.035248e+00  1.348282e+01  3.789937e+01  6.274531e+01  1.210933e+02 
 2.063618e+00  1.324552e+01  3.716469e+01  6.149412e+01  1.184781e+02 
 2.092383e+00  1.302477e+01  3.647930e+01  6.022680e+01  1.159353e+02 
 2.121550e+00  1.278937e+01  3.576945e+01  5.900863e+01  1.134167e+02 
 2.151123e+00  1.257122e+01  3.510309e+01  5.777134e+01  1.108769e+02 
 2.181109e+00  1.234928e+01  3.440367e+01  5.658898e+01  1.085192e+02 
 2.211512e+00  1.213824e+01  3.372164e+01  5.536584e+01  1.059938e+02 
 2.242340e+00  1.192535e+01  3.310176e+01  5.423377e+01  1.036929e+02 
 2.273597e+00  1.170544e+01  3.245238e+01  5.304277e+01  1.013854e+02 
 2.305289e+00  1.151716e+01  3.181028e+01  5.193567e+01  9.912626e+01 
 2.337424e+00  1.131685e+01  3.116596e+01  5.081980e+01  9.691597e+01 
 2.370006e+00  1.111823e+01  3.055239e+01  4.973719e+01  9.475080e+01 
 2.403043e+00  1.091328e+01  2.994982e+01  4.863735e+01  9.256848e+01 
 2.436540e+00  1.073128e+01  2.935866e+01  4.759120e+01  9.042932e+01 
 2.470504e+00  1.054280e+01  2.876975e+01  4.652180e+01  8.834938e+01 
 2.504942e+00  1.035802e+01  2.819473e+01  4.550148e+01  8.630457e+01 
 2.539859e+00  1.018084e+01  2.759871e+01  4.446907e+01  8.423654e+01 
 2.575263e+00  9.989114e+00  2.700481e+01  4.349617e+01  8.229166e+01 
 2.611161e+00  9.818001e+00  2.644723e+01  4.247434e+01  8.032540e+01 
 2.647559e+00  9.641766e+00  2.588440e+01  4.148414e+01  7.837142e+01 
 2.684465e+00  9.469718e+00  2.535443e+01  4.052454e+01  7.648113e+01 
 2.721885e+00  9.291630e+00  2.478395e+01  3.958857e+01  7.463877e+01 
 2.759826e+00  9.125797e+00  2.423624e+01  3.865563e+01  7.283531e+01 
 2.798297e+00  8.958479e+00  2.372845e+01  3.774537e+01  7.109399e+01 
 2.837304e+00  8.797826e+00  2.320587e+01  3.685523e+01  6.935892e+01 
 2.876854e+00  8.637173e+00  2.269123e+01  3.598460e+01  6.768384e+01 
 2.916956e+00  8.482100e+00  2.220479e+01  3.513558e+01  6.600423e+01 
 2.957617e+00  8.331069e+00  2.171658e+01  3.431541e+01  6.439167e+01 
 2.998844e+00  8.179007e+00  2.124342e+01  3.349402e+01  6.280803e+01 
 3.040646e+00  8.029216e+00  2.076448e+01  3.268591e+01  6.129650e+01 
 3.083031e+00  7.882184e+00  2.029471e+01  3.189801e+01  5.977094e+01 
 3.126007e+00  7.738671e+00  1.984202e+01  3.112431e+01  5.827211e+01 
 3.169582e+00  7.592763e+00  1.937889e+01  3.034392e+01  5.680752e+01 
 3.213764e+00  7.448952e+00  1.893319e+01  2.959537e+01  5.538000e+01 
 3.258562e+00  7.305495e+00  1.850123e+01  2.886392e+01  5.397553e+01 
 3.303985e+00  7.166222e+00  1.805974e+01  2.813612e+01  5.260388e+01 
 3.350041e+00  7.031089e+00  1.762931e+01  2.742712e+01  5.125770e+01 
 3.396739e+00  6.892888e+00  1.721194e+01  2.674212e+01  4.993028e+01 
 3.444087e+00  6.760132e+00  1.679963e+01  2.605248e+01  4.865727e+01 
 3.492096e+00  6.631040e+00  1.640354e+01  2.539940e+01  4.742108e+01 
 3.540774e+00  6.498078e+00  1.601196e+01  2.476246e+01  4.621010e+01 
 3.590130e+00  6.373400e+00  1.562598e+01  2.412953e+01  4.503290e+01 
 3.640175e+00  6.250710e+00  1.525188e+01  2.352824e+01  4.388035e+01 
 3.690917e+00  6.126252e+00  1.489584e+01  2.291699e+01  4.275694e+01 
 3.742366e+00  6.005308e+00  1.452710e+01  2.233955e+01  4.167231e+01 
 3.794533e+00  5.888827e+00  1.417885e+01  2.177117e+01  4.059850e+01 
 3.847427e+00  5.770291e+00  1.383028e+01  2.121087e+01  3.956074e+01 
 3.901058e+00  5.652582e+00  1.349114e+01  2.066647e+01  3.853018e+01 
 3.955436e+00  5.540824e+00  1.315710e+01  2.012407e+01  3.752353e+01 
 4.010573e+00  5.425322e+00  1.282863e+01  1.960482e+01  3.655308e+01 
 4.066478e+00  5.312258e+00  1.250280e+01  1.908992e+01  3.558931e+01 
 4.123163e+00  5.200069e+00  1.219119e+01  1.858670e+01  3.464930e+01 
 4.180637e+00  5.093123e+00  1.188579e+01  1.810133e+01  3.373447e+01 
 4.238913e+00  4.985278e+00  1.158212e+01  1.762120e+01  3.285196e+01 
 4.298001e+00  4.877705e+00  1.128797e+01  1.716135e+01  3.198523e+01 
 4.357913e+00  4.777418e+00  1.100017e+01  1.671391e+01  3.115356e+01 
 4.418660e+00  4.675211e+00  1.072497e+01  1.627100e+01  3.034393e+01 
 4.480254e+00  4.575460e+00  1.045242e+01  1.584575e+01  2.954809e+01 
 4.542706e+00  4.478911e+00  1.018642e+01  1.543022e+01  2.877672e+01 
 4.606029e+00  4.382969e+00  9.931354e+00  1.502692e+01  2.803207e+01 
 4.670234e+00  4.288571e+00  9.678652e+00  1.463995e+01  2.730564e+01 
 4.735335e+00  4.196736e+00  9.433911e+00  1.425663e+01  2.659466e+01 
 4.801343e+00  4.106710e+00  9.195998e+00  1.388446e+01  2.589643e+01 
 4.868271e+00  4.016197e+00  8.959415e+00  1.351841e+01  2.521538e+01 
 4.936132e+00  3.927792e+00  8.727634e+00  1.315942e+01  2.455031e+01 
 5.004939e+00  3.839642e+00  8.501545e+00  1.281080e+01  2.389856e+01 
 5.074705e+00  3.752846e+00  8.280550e+00  1.246795e+01  2.326525e+01 
 5.145444e+00  3.668721e+00  8.064619e+00  1.213700e+01  2.264516e+01 
 5.217169e+00  3.584639e+00  7.853422e+00  1.181155e+01  2.204155e+01 
 5.289893e+00  3.504318e+00  7.649003e+00  1.149973e+01  2.145788e+01 
 5.363631e+00  3.423455e+00  7.449475e+00  1.119131e+01  2.088828e+01 
 5.438397e+00  3.345868e+00  7.254996e+00  1.089555e+01  2.033213e+01 
 5.514206e+00  3.269628e+00  7.066811e+00  1.060673e+01  1.979442e+01 
 5.591071e+00  3.194117e+00  6.884215e+00  1.032687e+01  1.927172e+01 
 5.669007e+00  3.122032e+00  6.706802e+00  1.005532e+01  1.876854e+01 
 5.748030e+00  3.050526e+00  6.533450e+00  9.790483e+00  1.827259e+01 
 5.828155e+00  2.980664e+00  6.365042e+00  9.534177e+00  1.779224e+01 
 5.909396e+00  2.912062e+00  6.200995e+00  9.283854e+00  1.732648e+01 
 5.991770e+00  2.844532e+00  6.040228e+00  9.037989e+00  1.687185e+01 
 6.075292e+00  2.778187e+00  5.883423e+00  8.799351e+00  1.642078e+01 
 6.159978e+00  2.712653e+00  5.728963e+00  8.566011e+00  1.598451e+01 
 6.245845e+00  2.648688e+00  5.578411e+00  8.338423e+00  1.555733e+01 
 6.332908e+00  2.585405e+00  5.431406e+00  8.114634e+00  1.513812e+01 
 6.421186e+00  2.523812e+00  5.288477e+00  7.897008e+00  1.473122e+01 
 6.510694e+00  2.463282e+00  5.148917e+00  7.685986e+00  1.433615e+01 
 6.601449e+00  2.404502e+00  5.013583e+00  7.480604e+00  1.395018e+01 
 6.693470e+00  2.346544e+00  4.881581e+00  7.280496e+00  1.357475e+01 
 6.786773e+00  2.290482e+00  4.753333e+00  7.086141e+00  1.321213e+01 
 6.881377e+00  2.235921e+00  4.629372e+00  6.897796e+00  1.285785e+01 
 6.977300e+00  2.182577e+00  4.508919e+00  6.716427e+00  1.251427e+01 
 7.074559e+00  2.130848e+00  4.391864e+00  6.538433e+00  1.218029e+01 
 7.173175e+00  2.080072e+00  4.278211e+00  6.366124e+00  1.185643e+01 
 7.273165e+00  2.030896e+00  4.167600e+00  6.199024e+00  1.154171e+01 
 7.374549e+00  1.982435e+00  4.059752e+00  6.035813e+00  1.123529e+01 
 7.477346e+00  1.934894e+00  3.954458e+00  5.877086e+00  1.112615e+01 
 7.581576e+00  1.888512e+00  3.851111e+00  5.720911e+00  1.064101e+01 
 7.687260e+00  1.842780e+00  3.750466e+00  5.568663e+00  1.035411e+01 
 7.794416e+00  1.798029e+00  3.652279e+00  5.419224e+00  1.007311e+01 
 7.903066e+00  1.754355e+00  3.555605e+00  5.273628e+00  9.798697e+00 
 8.013230e+00  1.711534e+00  3.462278e+00  5.132599e+00  9.532066e+00 
 8.124930e+00  1.669727e+00  3.370998e+00  4.995033e+00  9.271777e+00 
 8.238187e+00  1.629146e+00  3.282350e+00  4.860852e+00  9.018572e+00 
 8.353023e+00  1.589474e+00  3.196181e+00  4.730527e+00  8.772472e+00 
 8.469460e+00  1.551006e+00  3.112676e+00  4.604431e+00  8.533947e+00 
 8.587519e+00  1.513629e+00  3.031461e+00  4.481773e+00  8.302242e+00 
 8.707225e+00  1.477239e+00  2.952703e+00  4.363076e+00  8.077717e+00 
 8.828599e+00  1.441931e+00  2.876527e+00  4.248017e+00  7.859335e+00 
 8.951665e+00  1.407459e+00  2.802583e+00  4.135834e+00  7.648217e+00 
 9.076446e+00  1.374070e+00  2.730541e+00  4.027198e+00  7.442437e+00 
 9.202967e+00  1.341362e+00  2.660378e+00  3.921615e+00  7.242073e+00 
 9.331251e+00  1.309337e+00  2.591874e+00  3.818133e+00  7.046644e+00 
 9.461324e+00  0.000000e+00  0.000000e+00  0.000000e+00  0.000000e+00 
 9.593209e+00  0.000000e+00  0.000000e+00  0.000000e+00  0.000000e+00 
 9.726934e+00  0.000000e+00  0.000000e+00  0.000000e+00  0.000000e+00 
 9.862522e+00  0.000000e+00  0.000000e+00  0.000000e+00  0.000000e+00 
 1.000000e+01  0.000000e+00  0.000000e+00  0.000000e+00  0.000000e+00 
