 1.000000e-02  5.740719e+03  1.042545e+04  1.405605e+04  2.083776e+04 
 1.013939e-02  5.771078e+03  1.048048e+04  1.412998e+04  2.094697e+04 
 1.028073e-02  5.800929e+03  1.053457e+04  1.420267e+04  2.105425e+04 
 1.042404e-02  5.830257e+03  1.058768e+04  1.427407e+04  2.115957e+04 
 1.056935e-02  5.859035e+03  1.063972e+04  1.434413e+04  2.126289e+04 
 1.071668e-02  5.887229e+03  1.069067e+04  1.441268e+04  2.136411e+04 
 1.086606e-02  5.914812e+03  1.074051e+04  1.447968e+04  2.146317e+04 
 1.101753e-02  5.941791e+03  1.078928e+04  1.454530e+04  2.156001e+04 
 1.117111e-02  5.968158e+03  1.083698e+04  1.460950e+04  2.165457e+04 
 1.132683e-02  5.993873e+03  1.088351e+04  1.467208e+04  2.174672e+04 
 1.148472e-02  6.018892e+03  1.092874e+04  1.473279e+04  2.183639e+04 
 1.164481e-02  6.043201e+03  1.097266e+04  1.479169e+04  2.192353e+04 
 1.180713e-02  6.066792e+03  1.101526e+04  1.484888e+04  2.200803e+04 
 1.197171e-02  6.089673e+03  1.105658e+04  1.490445e+04  2.208984e+04 
 1.213859e-02  6.111790e+03  1.109652e+04  1.495821e+04  2.216885e+04 
 1.230780e-02  6.133089e+03  1.113498e+04  1.500986e+04  2.224485e+04 
 1.247936e-02  6.153568e+03  1.117195e+04  1.505941e+04  2.231785e+04 
 1.265332e-02  6.173211e+03  1.120738e+04  1.510697e+04  2.238787e+04 
 1.282970e-02  6.192006e+03  1.124128e+04  1.515247e+04  2.245479e+04 
 1.300854e-02  6.209939e+03  1.127357e+04  1.519584e+04  2.251848e+04 
 1.318987e-02  6.226977e+03  1.130424e+04  1.523695e+04  2.257886e+04 
 1.337373e-02  6.243083e+03  1.133322e+04  1.527576e+04  2.263583e+04 
 1.356015e-02  6.258211e+03  1.136044e+04  1.531220e+04  2.268936e+04 
 1.374917e-02  6.272354e+03  1.138588e+04  1.534622e+04  2.273935e+04 
 1.394083e-02  6.285515e+03  1.140953e+04  1.537786e+04  2.278567e+04 
 1.413516e-02  6.297680e+03  1.143133e+04  1.540700e+04  2.282833e+04 
 1.433219e-02  6.308813e+03  1.145124e+04  1.543360e+04  2.286718e+04 
 1.453198e-02  6.318849e+03  1.146919e+04  1.545755e+04  2.290200e+04 
 1.473454e-02  6.327770e+03  1.148512e+04  1.547880e+04  2.293285e+04 
 1.493993e-02  6.335589e+03  1.149906e+04  1.549742e+04  2.295975e+04 
 1.514819e-02  6.342293e+03  1.151096e+04  1.551335e+04  2.298273e+04 
 1.535935e-02  6.347836e+03  1.152078e+04  1.552640e+04  2.300151e+04 
 1.557345e-02  6.352206e+03  1.152846e+04  1.553641e+04  2.301593e+04 
 1.579053e-02  6.355364e+03  1.153395e+04  1.554344e+04  2.302595e+04 
 1.601064e-02  6.357302e+03  1.153721e+04  1.554759e+04  2.303163e+04 
 1.623382e-02  6.357996e+03  1.153821e+04  1.554882e+04  2.303279e+04 
 1.646012e-02  6.357419e+03  1.153693e+04  1.554692e+04  2.302933e+04 
 1.668956e-02  6.355553e+03  1.153329e+04  1.554176e+04  2.302112e+04 
 1.692220e-02  6.352373e+03  1.152726e+04  1.553336e+04  2.300813e+04 
 1.715809e-02  6.347898e+03  1.151887e+04  1.552178e+04  2.299037e+04 
 1.739726e-02  6.342095e+03  1.150805e+04  1.550697e+04  2.296781e+04 
 1.763977e-02  6.334919e+03  1.149476e+04  1.548883e+04  2.294036e+04 
 1.788566e-02  6.326377e+03  1.147897e+04  1.546733e+04  2.290797e+04 
 1.813498e-02  6.316439e+03  1.146069e+04  1.544240e+04  2.287053e+04 
 1.838777e-02  6.305088e+03  1.143982e+04  1.541406e+04  2.282788e+04 
 1.864409e-02  6.292326e+03  1.141639e+04  1.538222e+04  2.278001e+04 
 1.890397e-02  6.278141e+03  1.139037e+04  1.534691e+04  2.272698e+04 
 1.916748e-02  6.262526e+03  1.136173e+04  1.530805e+04  2.266878e+04 
 1.943467e-02  6.245450e+03  1.133047e+04  1.526567e+04  2.260541e+04 
 1.970558e-02  6.226907e+03  1.129653e+04  1.521971e+04  2.253688e+04 
 1.998026e-02  6.206897e+03  1.125995e+04  1.517016e+04  2.246305e+04 
 2.025878e-02  6.185416e+03  1.122069e+04  1.511698e+04  2.238379e+04 
 2.054117e-02  6.162469e+03  1.117875e+04  1.506022e+04  2.229909e+04 
 2.082751e-02  6.138048e+03  1.113415e+04  1.499986e+04  2.220899e+04 
 2.111783e-02  6.112144e+03  1.108687e+04  1.493588e+04  2.211351e+04 
 2.141220e-02  6.084852e+03  1.103702e+04  1.486843e+04  2.201287e+04 
 2.171068e-02  6.056687e+03  1.098538e+04  1.479833e+04  2.190777e+04 
 2.201331e-02  6.027051e+03  1.093108e+04  1.472463e+04  2.179739e+04 
 2.232016e-02  5.995959e+03  1.087412e+04  1.464736e+04  2.168168e+04 
 2.263130e-02  5.963421e+03  1.081454e+04  1.456654e+04  2.156066e+04 
 2.294676e-02  5.929445e+03  1.075235e+04  1.448224e+04  2.143446e+04 
 2.326663e-02  5.894014e+03  1.068751e+04  1.439439e+04  2.130309e+04 
 2.359095e-02  5.857146e+03  1.062006e+04  1.430305e+04  2.116658e+04 
 2.391980e-02  5.818900e+03  1.055014e+04  1.420830e+04  2.102506e+04 
 2.425323e-02  5.779291e+03  1.047773e+04  1.411022e+04  2.087856e+04 
 2.459130e-02  5.738302e+03  1.040284e+04  1.400881e+04  2.072713e+04 
 2.493409e-02  5.695975e+03  1.032553e+04  1.390415e+04  2.057087e+04 
 2.528166e-02  5.652348e+03  1.024587e+04  1.379634e+04  2.040995e+04 
 2.563407e-02  5.607459e+03  1.016390e+04  1.368541e+04  2.024444e+04 
 2.599140e-02  5.561328e+03  1.007968e+04  1.357143e+04  2.007446e+04 
 2.635371e-02  5.513982e+03  9.993275e+03  1.345450e+04  1.990013e+04 
 2.672106e-02  5.465459e+03  9.904734e+03  1.333471e+04  1.972155e+04 
 2.709354e-02  5.415802e+03  9.814142e+03  1.321217e+04  1.953892e+04 
 2.747121e-02  5.365065e+03  9.721593e+03  1.308701e+04  1.935240e+04 
 2.785414e-02  5.313226e+03  9.627078e+03  1.295926e+04  1.916209e+04 
 2.824241e-02  5.260088e+03  9.530338e+03  1.282860e+04  1.896781e+04 
 2.863610e-02  5.206016e+03  9.431909e+03  1.269567e+04  1.877022e+04 
 2.903527e-02  5.151062e+03  9.331879e+03  1.256058e+04  1.856944e+04 
 2.944000e-02  5.095277e+03  9.230344e+03  1.242348e+04  1.836568e+04 
 2.985038e-02  5.038725e+03  9.127413e+03  1.228453e+04  1.815917e+04 
 3.026648e-02  4.981473e+03  9.023248e+03  1.214391e+04  1.795019e+04 
 3.068838e-02  4.923594e+03  8.917942e+03  1.200175e+04  1.773897e+04 
 3.111616e-02  4.865150e+03  8.811632e+03  1.185823e+04  1.752576e+04 
 3.154990e-02  4.806216e+03  8.704419e+03  1.171349e+04  1.731077e+04 
 3.198969e-02  4.746856e+03  8.596442e+03  1.156773e+04  1.709430e+04 
 3.243561e-02  4.687127e+03  8.487825e+03  1.142113e+04  1.687655e+04 
 3.288774e-02  4.627110e+03  8.378686e+03  1.127385e+04  1.665779e+04 
 3.334618e-02  4.566890e+03  8.269169e+03  1.112608e+04  1.643834e+04 
 3.381101e-02  4.506537e+03  8.159419e+03  1.097798e+04  1.621847e+04 
 3.428231e-02  4.446137e+03  8.049593e+03  1.082979e+04  1.599843e+04 
 3.476019e-02  4.385612e+03  7.939893e+03  1.068209e+04  1.578022e+04 
 3.524473e-02  4.325187e+03  7.830382e+03  1.053468e+04  1.556244e+04 
 3.573602e-02  4.264939e+03  7.721185e+03  1.038774e+04  1.534532e+04 
 3.623416e-02  4.204955e+03  7.612469e+03  1.024145e+04  1.512916e+04 
 3.673925e-02  4.145320e+03  7.504389e+03  1.009599e+04  1.491425e+04 
 3.725137e-02  4.086127e+03  7.397106e+03  9.951585e+03  1.470088e+04 
 3.777064e-02  4.027443e+03  7.290736e+03  9.808392e+03  1.448933e+04 
 3.829714e-02  3.969326e+03  7.185400e+03  9.666621e+03  1.427988e+04 
 3.883098e-02  3.911854e+03  7.081239e+03  9.526452e+03  1.407277e+04 
 3.937226e-02  3.855108e+03  6.978407e+03  9.388053e+03  1.386827e+04 
 3.992109e-02  3.799160e+03  6.877030e+03  9.251596e+03  1.366664e+04 
 4.047757e-02  3.744074e+03  6.777176e+03  9.117156e+03  1.346789e+04 
 4.104181e-02  3.689747e+03  6.678096e+03  8.983142e+03  1.326803e+04 
 4.161391e-02  3.636416e+03  6.580825e+03  8.851575e+03  1.307183e+04 
 4.219398e-02  3.584124e+03  6.485482e+03  8.722598e+03  1.287943e+04 
 4.278214e-02  3.532934e+03  6.392147e+03  8.596337e+03  1.269105e+04 
 4.337850e-02  3.482903e+03  6.300911e+03  8.472906e+03  1.250690e+04 
 4.398317e-02  3.434080e+03  6.211861e+03  8.352421e+03  1.232714e+04 
 4.459628e-02  3.386503e+03  6.125068e+03  8.234991e+03  1.215191e+04 
 4.521792e-02  3.340197e+03  6.040598e+03  8.120695e+03  1.198132e+04 
 4.584824e-02  3.295191e+03  5.958493e+03  8.009603e+03  1.181545e+04 
 4.648734e-02  3.251508e+03  5.878796e+03  7.901749e+03  1.165440e+04 
 4.713535e-02  3.209279e+03  5.802479e+03  7.799201e+03  1.150327e+04 
 4.779239e-02  3.168469e+03  5.729166e+03  7.701166e+03  1.136004e+04 
 4.845859e-02  3.129026e+03  5.658300e+03  7.606412e+03  1.122164e+04 
 4.913407e-02  3.090933e+03  5.589875e+03  7.514922e+03  1.108805e+04 
 4.981898e-02  3.054167e+03  5.523866e+03  7.426675e+03  1.095919e+04 
 5.051342e-02  3.018708e+03  5.460231e+03  7.341619e+03  1.083503e+04 
 5.121755e-02  2.984534e+03  5.398924e+03  7.259678e+03  1.071546e+04 
 5.193150e-02  2.951617e+03  5.339859e+03  7.180770e+03  1.060035e+04 
 5.265540e-02  2.919906e+03  5.282955e+03  7.104774e+03  1.048954e+04 
 5.338938e-02  2.889107e+03  5.227255e+03  7.029924e+03  1.037919e+04 
 5.413360e-02  2.859127e+03  5.172500e+03  6.955776e+03  1.026843e+04 
 5.488820e-02  2.830182e+03  5.119629e+03  6.884174e+03  1.016141e+04 
 5.565331e-02  2.802165e+03  5.068459e+03  6.814855e+03  1.005776e+04 
 5.642908e-02  2.774947e+03  5.018727e+03  6.747468e+03  9.956996e+03 
 5.721568e-02  2.748433e+03  4.970262e+03  6.681786e+03  9.858759e+03 
 5.801323e-02  2.722707e+03  4.923219e+03  6.618023e+03  9.763355e+03 
 5.882190e-02  2.697868e+03  4.877787e+03  6.556428e+03  9.671158e+03 
 5.964185e-02  2.673892e+03  4.834240e+03  6.497689e+03  9.584033e+03 
 6.047322e-02  2.650710e+03  4.792984e+03  6.442896e+03  9.505077e+03 
 6.131619e-02  2.627435e+03  4.751554e+03  6.387877e+03  9.425797e+03 
 6.217090e-02  2.603820e+03  4.709499e+03  6.332031e+03  9.345249e+03 
 6.303753e-02  2.579879e+03  4.666842e+03  6.275373e+03  9.263505e+03 
 6.391624e-02  2.555639e+03  4.623639e+03  6.217975e+03  9.180681e+03 
 6.480720e-02  2.531076e+03  4.579856e+03  6.159785e+03  9.096680e+03 
 6.571058e-02  2.506032e+03  4.535196e+03  6.100405e+03  9.010934e+03 
 6.662655e-02  2.479140e+03  4.485316e+03  6.032026e+03  8.906438e+03 
 6.755528e-02  2.451371e+03  4.433808e+03  5.961394e+03  8.798465e+03 
 6.849697e-02  2.422655e+03  4.380597e+03  5.888485e+03  8.687167e+03 
 6.945178e-02  2.392898e+03  4.325504e+03  5.813073e+03  8.572210e+03 
 7.041990e-02  2.362004e+03  4.268361e+03  5.734939e+03  8.453262e+03 
 7.140151e-02  2.329899e+03  4.209031e+03  5.653882e+03  8.330061e+03 
 7.239681e-02  2.296782e+03  4.148194e+03  5.571144e+03  8.205509e+03 
 7.340598e-02  2.262662e+03  4.085908e+03  5.486864e+03  8.080022e+03 
 7.442922e-02  2.227160e+03  4.021130e+03  5.399250e+03  7.949642e+03 
 7.546673e-02  2.190257e+03  3.953832e+03  5.308276e+03  7.814342e+03 
 7.651869e-02  2.151977e+03  3.884042e+03  5.213982e+03  7.674180e+03 
 7.758532e-02  2.112357e+03  3.811848e+03  5.116467e+03  7.529299e+03 
 7.866682e-02  2.072299e+03  3.739999e+03  5.020502e+03  7.389489e+03 
 7.976339e-02  2.032400e+03  3.670253e+03  4.929130e+03  7.260920e+03 
 8.087525e-02  1.991345e+03  3.598361e+03  4.834813e+03  7.127860e+03 
 8.200261e-02  1.949267e+03  3.524550e+03  4.737859e+03  6.990738e+03 
 8.314568e-02  1.906332e+03  3.449107e+03  4.638644e+03  6.850080e+03 
 8.430468e-02  1.862717e+03  3.372351e+03  4.537598e+03  6.706489e+03 
 8.547985e-02  1.817913e+03  3.292257e+03  4.430949e+03  6.551892e+03 
 8.667139e-02  1.772526e+03  3.210553e+03  4.321603e+03  6.392007e+03 
 8.787954e-02  1.727124e+03  3.128801e+03  4.212161e+03  6.231900e+03 
 8.910453e-02  1.681938e+03  3.047429e+03  4.103191e+03  6.072436e+03 
 9.034660e-02  1.637208e+03  2.966870e+03  3.995277e+03  5.914464e+03 
 9.160598e-02  1.593875e+03  2.889786e+03  3.892905e+03  5.766725e+03 
 9.288292e-02  1.552088e+03  2.816304e+03  3.796158e+03  5.629053e+03 
 9.417766e-02  1.511403e+03  2.744708e+03  3.701867e+03  5.494781e+03 
 9.549045e-02  1.472032e+03  2.675417e+03  3.610566e+03  5.364731e+03 
 9.682153e-02  1.434166e+03  2.608781e+03  3.522755e+03  5.239644e+03 
 9.817117e-02  1.398272e+03  2.546071e+03  3.440596e+03  5.123623e+03 
 9.953962e-02  1.364321e+03  2.486960e+03  3.363346e+03  5.014990e+03 
 1.009272e-01  1.332344e+03  2.431356e+03  3.290687e+03  4.912961e+03 
 1.023340e-01  1.302424e+03  2.379400e+03  3.222866e+03  4.817945e+03 
 1.037605e-01  1.273983e+03  2.329304e+03  3.156847e+03  4.723891e+03 
 1.052069e-01  1.245348e+03  2.275996e+03  3.083904e+03  4.613611e+03 
 1.066734e-01  1.218969e+03  2.226845e+03  3.016604e+03  4.511768e+03 
 1.081604e-01  1.194781e+03  2.181723e+03  2.954782e+03  4.418147e+03 
 1.096681e-01  1.172685e+03  2.140437e+03  2.898181e+03  4.332394e+03 
 1.111968e-01  1.152672e+03  2.103212e+03  2.847111e+03  4.254542e+03 
 1.127468e-01  1.134449e+03  2.069302e+03  2.800535e+03  4.183405e+03 
 1.143184e-01  1.117839e+03  2.038332e+03  2.757980e+03  4.118305e+03 
 1.159120e-01  1.102619e+03  2.009892e+03  2.718872e+03  4.058375e+03 
 1.175277e-01  1.089217e+03  1.985471e+03  2.685712e+03  4.008308e+03 
 1.191660e-01  1.076685e+03  1.962718e+03  2.654858e+03  3.961740e+03 
 1.208271e-01  1.064666e+03  1.940909e+03  2.625297e+03  3.917094e+03 
 1.225114e-01  1.052840e+03  1.919412e+03  2.596144e+03  3.873122e+03 
 1.242191e-01  1.040475e+03  1.896582e+03  2.565063e+03  3.826563e+03 
 1.259506e-01  1.027714e+03  1.873024e+03  2.533008e+03  3.778555e+03 
 1.277063e-01  1.014287e+03  1.848256e+03  2.499322e+03  3.728117e+03 
 1.294865e-01  1.000277e+03  1.822631e+03  2.464538e+03  3.675853e+03 
 1.312915e-01  9.855047e+02  1.795850e+03  2.428269e+03  3.621130e+03 
 1.331216e-01  9.694080e+02  1.766651e+03  2.388706e+03  3.561548e+03 
 1.349772e-01  9.518993e+02  1.734916e+03  2.345743e+03  3.497079e+03 
 1.368587e-01  9.340936e+02  1.704524e+03  2.306726e+03  3.444390e+03 
 1.387665e-01  9.147912e+02  1.671324e+03  2.263862e+03  3.385795e+03 
 1.407008e-01  8.940641e+02  1.635450e+03  2.217297e+03  3.321486e+03 
 1.426621e-01  8.730482e+02  1.599569e+03  2.170767e+03  3.256427e+03 
 1.446507e-01  8.512659e+02  1.562344e+03  2.122367e+03  3.188208e+03 
 1.466671e-01  8.286362e+02  1.523428e+03  2.071569e+03  3.116212e+03 
 1.487115e-01  8.036599e+02  1.478470e+03  2.011416e+03  3.028511e+03 
 1.507845e-01  7.773744e+02  1.429957e+03  1.945701e+03  2.931314e+03 
 1.528864e-01  7.514009e+02  1.382017e+03  1.880734e+03  2.835159e+03 
 1.550175e-01  7.279070e+02  1.340581e+03  1.826100e+03  2.757465e+03 
 1.571784e-01  7.065844e+02  1.304402e+03  1.779606e+03  2.693849e+03 
 1.593694e-01  6.863917e+02  1.270136e+03  1.735568e+03  2.633577e+03 
 1.615909e-01  6.680788e+02  1.239531e+03  1.696541e+03  2.580457e+03 
 1.638434e-01  6.515305e+02  1.212186e+03  1.661887e+03  2.533658e+03 
 1.661273e-01  6.366668e+02  1.187822e+03  1.631170e+03  2.492611e+03 
 1.684430e-01  6.204610e+02  1.158223e+03  1.591460e+03  2.435146e+03 
 1.707910e-01  6.057053e+02  1.130983e+03  1.554762e+03  2.381828e+03 
 1.731717e-01  5.931275e+02  1.108094e+03  1.524137e+03  2.337664e+03 
 1.755856e-01  5.838195e+02  1.092507e+03  1.504016e+03  2.309113e+03 
 1.780332e-01  5.758001e+02  1.079295e+03  1.487140e+03  2.285486e+03 
 1.805149e-01  5.670436e+02  1.062567e+03  1.463643e+03  2.248266e+03 
 1.830312e-01  5.579353e+02  1.043925e+03  1.436454e+03  2.203347e+03 
 1.855825e-01  5.492504e+02  1.026311e+03  1.410952e+03  2.161649e+03 
 1.881694e-01  5.409323e+02  1.010674e+03  1.389715e+03  2.130195e+03 
 1.907924e-01  5.322708e+02  9.944051e+02  1.367610e+03  2.097426e+03 
 1.934520e-01  5.225616e+02  9.760630e+02  1.342801e+03  2.061648e+03 
 1.961486e-01  5.118733e+02  9.558613e+02  1.315476e+03  2.022380e+03 
 1.988828e-01  5.013627e+02  9.367422e+02  1.289900e+03  1.985556e+03 
 2.016551e-01  4.914983e+02  9.198978e+02  1.267825e+03  1.953704e+03 
 2.044661e-01  4.804605e+02  9.006111e+02  1.242208e+03  1.916138e+03 
 2.073162e-01  4.678359e+02  8.771644e+02  1.209941e+03  1.866923e+03 
 2.102061e-01  4.544973e+02  8.523641e+02  1.175803e+03  1.814800e+03 
 2.131362e-01  4.444304e+02  8.379297e+02  1.159016e+03  1.793843e+03 
 2.161073e-01  4.342854e+02  8.233814e+02  1.142097e+03  1.772698e+03 
 2.191197e-01  4.215715e+02  8.018098e+02  1.114595e+03  1.736108e+03 
 2.221741e-01  4.087568e+02  7.794589e+02  1.085717e+03  1.697330e+03 
 2.252711e-01  3.971943e+02  7.599420e+02  1.061034e+03  1.664857e+03 
 2.284112e-01  3.868059e+02  7.427312e+02  1.039562e+03  1.637133e+03 
 2.315951e-01  3.777547e+02  7.270680e+02  1.018787e+03  1.606300e+03 
 2.348235e-01  3.699401e+02  7.133834e+02  1.000251e+03  1.577504e+03 
 2.380968e-01  3.612506e+02  6.966198e+02  9.769028e+02  1.541898e+03 
 2.414157e-01  3.530837e+02  6.805187e+02  9.543564e+02  1.507730e+03 
 2.447809e-01  3.451690e+02  6.652042e+02  9.332843e+02  1.475779e+03 
 2.481930e-01  3.378587e+02  6.511320e+02  9.139925e+02  1.446566e+03 
 2.516527e-01  3.336779e+02  6.441092e+02  9.045147e+02  1.431757e+03 
 2.551606e-01  3.285779e+02  6.349113e+02  8.919474e+02  1.412579e+03 
 2.587174e-01  3.204048e+02  6.185312e+02  8.691992e+02  1.378987e+03 
 2.623238e-01  3.134827e+02  6.056953e+02  8.518685e+02  1.353877e+03 
 2.659804e-01  3.078318e+02  5.965282e+02  8.401580e+02  1.337546e+03 
 2.696881e-01  3.000704e+02  5.824878e+02  8.213675e+02  1.309659e+03 
 2.734474e-01  2.914715e+02  5.666230e+02  7.999689e+02  1.277618e+03 
 2.772591e-01  2.848038e+02  5.558757e+02  7.867501e+02  1.260974e+03 
 2.811239e-01  2.776276e+02  5.436339e+02  7.712761e+02  1.241561e+03 
 2.850426e-01  2.701000e+02  5.300542e+02  7.537439e+02  1.220076e+03 
 2.890160e-01  2.631637e+02  5.184948e+02  7.390297e+02  1.199477e+03 
 2.930447e-01  2.567198e+02  5.075614e+02  7.245604e+02  1.177345e+03 
 2.971296e-01  2.506880e+02  4.959294e+02  7.072878e+02  1.147615e+03 
 3.012714e-01  2.453489e+02  4.868053e+02  6.953085e+02  1.130136e+03 
 3.054710e-01  2.403026e+02  4.784628e+02  6.849998e+02  1.116822e+03 
 3.097291e-01  2.344126e+02  4.675512e+02  6.706081e+02  1.097027e+03 
 3.140465e-01  2.291716e+02  4.570331e+02  6.555171e+02  1.072347e+03 
 3.184242e-01  2.245879e+02  4.479390e+02  6.424381e+02  1.050873e+03 
 3.228628e-01  2.209265e+02  4.418032e+02  6.347136e+02  1.041466e+03 
 3.273634e-01  2.157308e+02  4.313837e+02  6.197600e+02  1.017611e+03 
 3.319266e-01  2.102729e+02  4.208433e+02  6.052383e+02  9.959218e+02 
 3.365535e-01  2.049484e+02  4.113970e+02  5.931436e+02  9.799350e+02 
 3.412449e-01  2.011171e+02  4.063474e+02  5.872049e+02  9.705216e+02 
 3.460016e-01  1.968575e+02  3.994591e+02  5.783853e+02  9.582029e+02 
 3.508247e-01  1.926348e+02  3.920142e+02  5.684922e+02  9.437888e+02 
 3.557150e-01  1.885244e+02  3.844826e+02  5.583263e+02  9.282204e+02 
 3.606735e-01  1.838214e+02  3.761770e+02  5.474859e+02  9.131423e+02 
 3.657011e-01  1.783548e+02  3.658898e+02  5.334561e+02  8.936766e+02 
 3.707988e-01  1.740010e+02  3.575850e+02  5.221578e+02  8.770293e+02 
 3.759675e-01  1.700976e+02  3.501435e+02  5.119715e+02  8.618273e+02 
 3.812083e-01  1.661797e+02  3.430766e+02  5.024466e+02  8.479078e+02 
 3.865221e-01  1.629358e+02  3.383777e+02  4.970819e+02  8.391861e+02 
 3.919100e-01  1.595583e+02  3.305665e+02  4.852372e+02  8.229458e+02 
 3.973730e-01  1.557355e+02  3.241734e+02  4.772477e+02  8.103445e+02 
 4.029122e-01  1.525868e+02  3.192392e+02  4.704421e+02  7.979419e+02 
 4.085286e-01  1.494107e+02  3.125318e+02  4.608629e+02  7.842601e+02 
 4.142232e-01  1.455685e+02  3.047711e+02  4.505953e+02  7.714327e+02 
 4.199973e-01  1.417742e+02  2.982398e+02  4.423143e+02  7.593611e+02 
 4.258518e-01  1.387023e+02  2.925960e+02  4.343593e+02  7.457875e+02 
 4.317880e-01  1.354806e+02  2.863885e+02  4.252395e+02  7.317892e+02 
 4.378069e-01  1.326639e+02  2.808031e+02  4.172747e+02  7.187050e+02 
 4.439097e-01  1.303400e+02  2.772342e+02  4.130157e+02  7.146131e+02 
 4.500975e-01  1.268009e+02  2.706833e+02  4.041239e+02  7.016381e+02 
 4.563716e-01  1.238328e+02  2.645895e+02  3.953192e+02  6.861233e+02 
 4.627332e-01  1.219088e+02  2.619905e+02  3.925864e+02  6.836590e+02 
 4.691835e-01  1.187474e+02  2.557606e+02  3.837090e+02  6.689691e+02 
 4.757236e-01  1.164632e+02  2.512993e+02  3.775788e+02  6.595610e+02 
 4.823549e-01  1.133508e+02  2.450158e+02  3.687307e+02  6.474961e+02 
 4.890787e-01  1.108429e+02  2.401552e+02  3.621820e+02  6.373413e+02 
 4.958962e-01  1.089275e+02  2.364696e+02  3.565037e+02  6.269897e+02 
 5.028087e-01  1.064045e+02  2.321440e+02  3.506964e+02  6.185361e+02 
 5.098176e-01  1.043775e+02  2.284455e+02  3.454020e+02  6.083284e+02 
 5.169242e-01  1.025091e+02  2.249544e+02  3.407121e+02  6.020496e+02 
 5.241298e-01  9.912821e+01  2.191838e+02  3.336305e+02  5.933789e+02 
 5.314359e-01  9.735820e+01  2.165371e+02  3.300789e+02  5.876103e+02 
 5.388438e-01  9.527282e+01  2.118328e+02  3.230615e+02  5.769953e+02 
 5.463550e-01  9.350288e+01  2.084090e+02  3.180001e+02  5.685768e+02 
 5.539709e-01  9.092300e+01  2.038307e+02  3.121807e+02  5.596851e+02 
 5.616930e-01  8.924438e+01  2.005973e+02  3.076283e+02  5.529020e+02 
 5.695227e-01  8.742871e+01  1.976170e+02  3.039592e+02  5.454599e+02 
 5.774615e-01  8.540986e+01  1.930020e+02  2.970936e+02  5.356147e+02 
 5.855110e-01  8.383427e+01  1.901431e+02  2.927772e+02  5.282837e+02 
 5.936727e-01  8.185740e+01  1.856316e+02  2.864642e+02  5.188373e+02 
 6.019482e-01  8.041206e+01  1.833977e+02  2.829245e+02  5.123791e+02 
 6.103390e-01  7.845445e+01  1.800566e+02  2.786414e+02  5.049900e+02 
 6.188468e-01  7.667352e+01  1.770650e+02  2.758662e+02  5.030085e+02 
 6.274732e-01  7.533556e+01  1.736946e+02  2.700980e+02  4.936150e+02 
 6.362198e-01  7.376091e+01  1.710290e+02  2.662883e+02  4.863243e+02 
 6.450884e-01  7.199182e+01  1.678455e+02  2.618942e+02  4.787900e+02 
 6.540806e-01  7.046904e+01  1.642384e+02  2.564540e+02  4.709066e+02 
 6.631981e-01  6.886024e+01  1.616633e+02  2.536561e+02  4.662292e+02 
 6.724427e-01  6.750995e+01  1.588063e+02  2.496714e+02  4.612923e+02 
 6.818162e-01  6.600404e+01  1.559188e+02  2.446906e+02  4.521768e+02 
 6.913204e-01  6.455343e+01  1.529968e+02  2.409343e+02  4.459156e+02 
 7.009570e-01  6.360645e+01  1.506904e+02  2.375377e+02  4.401527e+02 
 7.107280e-01  6.192544e+01  1.480846e+02  2.339606e+02  4.332695e+02 
 7.206351e-01  6.093153e+01  1.457573e+02  2.308360e+02  4.295038e+02 
 7.306804e-01  5.965504e+01  1.435185e+02  2.271803e+02  4.219239e+02 
 7.408657e-01  5.829997e+01  1.406495e+02  2.231030e+02  4.164309e+02 
 7.511929e-01  5.703012e+01  1.380318e+02  2.197332e+02  4.107805e+02 
 7.616642e-01  5.590146e+01  1.355085e+02  2.161543e+02  4.054142e+02 
 7.722814e-01  5.511020e+01  1.341118e+02  2.137752e+02  3.998159e+02 
 7.830465e-01  5.392751e+01  1.314944e+02  2.100849e+02  3.945694e+02 
 7.939618e-01  5.288791e+01  1.297449e+02  2.073400e+02  3.903332e+02 
 8.050292e-01  5.168223e+01  1.272754e+02  2.044543e+02  3.853303e+02 
 8.162509e-01  5.073426e+01  1.253868e+02  2.010855e+02  3.786252e+02 
 8.276289e-01  4.947125e+01  1.228386e+02  1.977363e+02  3.737471e+02 
 8.391656e-01  4.880087e+01  1.213541e+02  1.949281e+02  3.694484e+02 
 8.508632e-01  4.788573e+01  1.192615e+02  1.922515e+02  3.645624e+02 
 8.627237e-01  4.679077e+01  1.172910e+02  1.893251e+02  3.588210e+02 
 8.747496e-01  4.590553e+01  1.152538e+02  1.864673e+02  3.540882e+02 
 8.869432e-01  4.507330e+01  1.135890e+02  1.839424e+02  3.497524e+02 
 8.993067e-01  4.412503e+01  1.117510e+02  1.811560e+02  3.446815e+02 
 9.118425e-01  4.341899e+01  1.098286e+02  1.781092e+02  3.386914e+02 
 9.245531e-01  4.244180e+01  1.079883e+02  1.753351e+02  3.349146e+02 
 9.374409e-01  4.159531e+01  1.062808e+02  1.730417e+02  3.305606e+02 
 9.505083e-01  4.087289e+01  1.045816e+02  1.705205e+02  3.259936e+02 
 9.637579e-01  3.998265e+01  1.025807e+02  1.675367e+02  3.212463e+02 
 9.771921e-01  3.941081e+01  1.019373e+02  1.659917e+02  3.171462e+02 
 9.908137e-01  3.862784e+01  1.000136e+02  1.632861e+02  3.130104e+02 
 1.004625e+00  3.785719e+01  9.816699e+01  1.605116e+02  3.079060e+02 
 1.018629e+00  3.720871e+01  9.680262e+01  1.582962e+02  3.035460e+02 
 1.032828e+00  3.645977e+01  9.523090e+01  1.562048e+02  3.003336e+02 
 1.047225e+00  3.572036e+01  9.382871e+01  1.537546e+02  2.952508e+02 
 1.061823e+00  3.513720e+01  9.256298e+01  1.516911e+02  2.912357e+02 
 1.076624e+00  3.445477e+01  9.107626e+01  1.494572e+02  2.869922e+02 
 1.091632e+00  3.385535e+01  8.959064e+01  1.473452e+02  2.827708e+02 
 1.106848e+00  3.317773e+01  8.803376e+01  1.450683e+02  2.789671e+02 
 1.122277e+00  3.256122e+01  8.679528e+01  1.427420e+02  2.744361e+02 
 1.137921e+00  3.194415e+01  8.529408e+01  1.405692e+02  2.704885e+02 
 1.153783e+00  3.139729e+01  8.398107e+01  1.385001e+02  2.667519e+02 
 1.169866e+00  3.083633e+01  8.273677e+01  1.364627e+02  2.631646e+02 
 1.186174e+00  3.024572e+01  8.152273e+01  1.344499e+02  2.590402e+02 
 1.202708e+00  2.972665e+01  8.024497e+01  1.325081e+02  2.553076e+02 
 1.219473e+00  2.921047e+01  7.905837e+01  1.306630e+02  2.512080e+02 
 1.236472e+00  2.866824e+01  7.785807e+01  1.288124e+02  2.477566e+02 
 1.253708e+00  2.817232e+01  7.660713e+01  1.266585e+02  2.441009e+02 
 1.271184e+00  2.768069e+01  7.569258e+01  1.251761e+02  2.404587e+02 
 1.288904e+00  2.718086e+01  7.424737e+01  1.229891e+02  2.370746e+02 
 1.306870e+00  2.667157e+01  7.309142e+01  1.211104e+02  2.331918e+02 
 1.325087e+00  2.624297e+01  7.202118e+01  1.193617e+02  2.294216e+02 
 1.343558e+00  2.577799e+01  7.087878e+01  1.175224e+02  2.258681e+02 
 1.362287e+00  2.534954e+01  6.973975e+01  1.155776e+02  2.222648e+02 
 1.381276e+00  2.489212e+01  6.868237e+01  1.136022e+02  2.186876e+02 
 1.400531e+00  2.447030e+01  6.762022e+01  1.119402e+02  2.150108e+02 
 1.420053e+00  2.402470e+01  6.647345e+01  1.102493e+02  2.115075e+02 
 1.439848e+00  2.361862e+01  6.551285e+01  1.084172e+02  2.081761e+02 
 1.459919e+00  2.318181e+01  6.445755e+01  1.067082e+02  2.045742e+02 
 1.480269e+00  2.283497e+01  6.334283e+01  1.048848e+02  2.008867e+02 
 1.500903e+00  2.243460e+01  6.238965e+01  1.031847e+02  1.979102e+02 
 1.521825e+00  2.203937e+01  6.147212e+01  1.016405e+02  1.945328e+02 
 1.543038e+00  2.165008e+01  6.047745e+01  1.000896e+02  1.914869e+02 
 1.564548e+00  2.131279e+01  5.952814e+01  9.844024e+01  1.880854e+02 
 1.586357e+00  2.095259e+01  5.863303e+01  9.686677e+01  1.848315e+02 
 1.608469e+00  2.057405e+01  5.770007e+01  9.528513e+01  1.818455e+02 
 1.630891e+00  2.028434e+01  5.668030e+01  9.351935e+01  1.783425e+02 
 1.653624e+00  1.991097e+01  5.575440e+01  9.206853e+01  1.755174e+02 
 1.676675e+00  1.956973e+01  5.493668e+01  9.059423e+01  1.722589e+02 
 1.700047e+00  1.923293e+01  5.404917e+01  8.904665e+01  1.692525e+02 
 1.723745e+00  1.892702e+01  5.312858e+01  8.752179e+01  1.659892e+02 
 1.747773e+00  1.858253e+01  5.222159e+01  8.597460e+01  1.629425e+02 
 1.772136e+00  1.827239e+01  5.137036e+01  8.446360e+01  1.601003e+02 
 1.796838e+00  1.797289e+01  5.049859e+01  8.300105e+01  1.570931e+02 
 1.821885e+00  1.769640e+01  4.964503e+01  8.150696e+01  1.542371e+02 
 1.847281e+00  1.738668e+01  4.888376e+01  8.016892e+01  1.513629e+02 
 1.873032e+00  1.710121e+01  4.802643e+01  7.861727e+01  1.485554e+02 
 1.899141e+00  1.681079e+01  4.716788e+01  7.725298e+01  1.457710e+02 
 1.925614e+00  1.654389e+01  4.639238e+01  7.589635e+01  1.429110e+02 
 1.952456e+00  1.631131e+01  4.565153e+01  7.457022e+01  1.401641e+02 
 1.979672e+00  1.600501e+01  4.489705e+01  7.323476e+01  1.374966e+02 
 2.007267e+00  1.575968e+01  4.411126e+01  7.180373e+01  1.348892e+02 
 2.035248e+00  1.548075e+01  4.330403e+01  7.045317e+01  1.321491e+02 
 2.063618e+00  1.522082e+01  4.251936e+01  6.912664e+01  1.294784e+02 
 2.092383e+00  1.497427e+01  4.176311e+01  6.779100e+01  1.268834e+02 
 2.121550e+00  1.471406e+01  4.099774e+01  6.649801e+01  1.243000e+02 
 2.151123e+00  1.447313e+01  4.026967e+01  6.518750e+01  1.216995e+02 
 2.181109e+00  1.422638e+01  3.950870e+01  6.393133e+01  1.192617e+02 
 2.211512e+00  1.399093e+01  3.876247e+01  6.263242e+01  1.166735e+02 
 2.242340e+00  1.375739e+01  3.808271e+01  6.142901e+01  1.142831e+02 
 2.273597e+00  1.351259e+01  3.737218e+01  6.015607e+01  1.118680e+02 
 2.305289e+00  1.330202e+01  3.666641e+01  5.897854e+01  1.095360e+02 
 2.337424e+00  1.308035e+01  3.596344e+01  5.776960e+01  1.072530e+02 
 2.370006e+00  1.285861e+01  3.528848e+01  5.662445e+01  1.050189e+02 
 2.403043e+00  1.263168e+01  3.462742e+01  5.544360e+01  1.027405e+02 
 2.436540e+00  1.242910e+01  3.398053e+01  5.432177e+01  1.005219e+02 
 2.470504e+00  1.221822e+01  3.332875e+01  5.317712e+01  9.832680e+01 
 2.504942e+00  1.201148e+01  3.269571e+01  5.209033e+01  9.620635e+01 
 2.539859e+00  1.181378e+01  3.204070e+01  5.096941e+01  9.404025e+01 
 2.575263e+00  1.159930e+01  3.138821e+01  4.991920e+01  9.200159e+01 
 2.611161e+00  1.140594e+01  3.076613e+01  4.881180e+01  8.994504e+01 
 2.647559e+00  1.120821e+01  3.014053e+01  4.773338e+01  8.787243e+01 
 2.684465e+00  1.101298e+01  2.954644e+01  4.669268e+01  8.587756e+01 
 2.721885e+00  1.081282e+01  2.891255e+01  4.566881e+01  8.392412e+01 
 2.759826e+00  1.062533e+01  2.830563e+01  4.464242e+01  8.200059e+01 
 2.798297e+00  1.043628e+01  2.772693e+01  4.365443e+01  8.015667e+01 
 2.837304e+00  1.025393e+01  2.714457e+01  4.267787e+01  7.830713e+01 
 2.876854e+00  1.007107e+01  2.656827e+01  4.171495e+01  7.650594e+01 
 2.916956e+00  9.894171e+00  2.601585e+01  4.077630e+01  7.469831e+01 
 2.957617e+00  9.721781e+00  2.547095e+01  3.986874e+01  7.297462e+01 
 2.998844e+00  9.548334e+00  2.493392e+01  3.896015e+01  7.126701e+01 
 3.040646e+00  9.377639e+00  2.439560e+01  3.806139e+01  6.964309e+01 
 3.083031e+00  9.210061e+00  2.386248e+01  3.718851e+01  6.800700e+01 
 3.126007e+00  9.046327e+00  2.335478e+01  3.633003e+01  6.638215e+01 
 3.169582e+00  8.879678e+00  2.282750e+01  3.546142e+01  6.480433e+01 
 3.213764e+00  8.715730e+00  2.232148e+01  3.462612e+01  6.325367e+01 
 3.258562e+00  8.550910e+00  2.182847e+01  3.380428e+01  6.172594e+01 
 3.303985e+00  8.390684e+00  2.132507e+01  3.299127e+01  6.023092e+01 
 3.350041e+00  8.233713e+00  2.083279e+01  3.219067e+01  5.875872e+01 
 3.396739e+00  8.075313e+00  2.035607e+01  3.141950e+01  5.730777e+01 
 3.444087e+00  7.923436e+00  1.988191e+01  3.063782e+01  5.589850e+01 
 3.492096e+00  7.773217e+00  1.942579e+01  2.990160e+01  5.454288e+01 
 3.540774e+00  7.619985e+00  1.897733e+01  2.917529e+01  5.320174e+01 
 3.590130e+00  7.475729e+00  1.853155e+01  2.845420e+01  5.190205e+01 
 3.640175e+00  7.333539e+00  1.810016e+01  2.776688e+01  5.062607e+01 
 3.690917e+00  7.189866e+00  1.768386e+01  2.707301e+01  4.937341e+01 
 3.742366e+00  7.050260e+00  1.725897e+01  2.641082e+01  4.817140e+01 
 3.794533e+00  6.914580e+00  1.685649e+01  2.576138e+01  4.697801e+01 
 3.847427e+00  6.778092e+00  1.645270e+01  2.511938e+01  4.582450e+01 
 3.901058e+00  6.641097e+00  1.605996e+01  2.449588e+01  4.467484e+01 
 3.955436e+00  6.511564e+00  1.567145e+01  2.386913e+01  4.354544e+01 
 4.010573e+00  6.376636e+00  1.528782e+01  2.327115e+01  4.245816e+01 
 4.066478e+00  6.245742e+00  1.490813e+01  2.267327e+01  4.137379e+01 
 4.123163e+00  6.115814e+00  1.454319e+01  2.209149e+01  4.031611e+01 
 4.180637e+00  5.990015e+00  1.418421e+01  2.152651e+01  3.928146e+01 
 4.238913e+00  5.864762e+00  1.382744e+01  2.096869e+01  3.828164e+01 
 4.298001e+00  5.739365e+00  1.348164e+01  2.042967e+01  3.729667e+01 
 4.357913e+00  5.621571e+00  1.314288e+01  1.990410e+01  3.634890e+01 
 4.418660e+00  5.502298e+00  1.281739e+01  1.938857e+01  3.542477e+01 
 4.480254e+00  5.384796e+00  1.249482e+01  1.888867e+01  3.451873e+01 
 4.542706e+00  5.271925e+00  1.217964e+01  1.839999e+01  3.363643e+01 
 4.606029e+00  5.159284e+00  1.187675e+01  1.792766e+01  3.278537e+01 
 4.670234e+00  5.048651e+00  1.157853e+01  1.747081e+01  3.195421e+01 
 4.735335e+00  4.940671e+00  1.128838e+01  1.702000e+01  3.113747e+01 
 4.801343e+00  4.835696e+00  1.100546e+01  1.658154e+01  3.033756e+01 
 4.868271e+00  4.729957e+00  1.072484e+01  1.614926e+01  2.955606e+01 
 4.936132e+00  4.625946e+00  1.044950e+01  1.572669e+01  2.879105e+01 
 5.004939e+00  4.522833e+00  1.018107e+01  1.531356e+01  2.804068e+01 
 5.074705e+00  4.420813e+00  9.917541e+00  1.490790e+01  2.730978e+01 
 5.145444e+00  4.322084e+00  9.660279e+00  1.451409e+01  2.659567e+01 
 5.217169e+00  4.223397e+00  9.407916e+00  1.412804e+01  2.589163e+01 
 5.289893e+00  4.128722e+00  9.163795e+00  1.375745e+01  2.521710e+01 
 5.363631e+00  4.033688e+00  8.925342e+00  1.339071e+01  2.455408e+01 
 5.438397e+00  3.942251e+00  8.692488e+00  1.303735e+01  2.390829e+01 
 5.514206e+00  3.852317e+00  8.466953e+00  1.269367e+01  2.328410e+01 
 5.591071e+00  3.763440e+00  8.248103e+00  1.235921e+01  2.267577e+01 
 5.669007e+00  3.678495e+00  8.034618e+00  1.203580e+01  2.208803e+01 
 5.748030e+00  3.594367e+00  7.827472e+00  1.171963e+01  2.151087e+01 
 5.828155e+00  3.512043e+00  7.625986e+00  1.141407e+01  2.095203e+01 
 5.909396e+00  3.431498e+00  7.429237e+00  1.111588e+01  2.040912e+01 
 5.991770e+00  3.352116e+00  7.236815e+00  1.082368e+01  1.987800e+01 
 6.075292e+00  3.274323e+00  7.049549e+00  1.053969e+01  1.935564e+01 
 6.159978e+00  3.197569e+00  6.865276e+00  1.026127e+01  1.884711e+01 
 6.245845e+00  3.122213e+00  6.685638e+00  9.989495e+00  1.834873e+01 
 6.332908e+00  3.047937e+00  6.509306e+00  9.723177e+00  1.786020e+01 
 6.421186e+00  2.975560e+00  6.338175e+00  9.463476e+00  1.738464e+01 
 6.510694e+00  2.904279e+00  6.171091e+00  9.211431e+00  1.692190e+01 
 6.601449e+00  2.835170e+00  6.008976e+00  8.966167e+00  1.647109e+01 
 6.693470e+00  2.767030e+00  5.850635e+00  8.726844e+00  1.603192e+01 
 6.786773e+00  2.700936e+00  5.697176e+00  8.494706e+00  1.560646e+01 
 6.881377e+00  2.636743e+00  5.548458e+00  8.269888e+00  1.519148e+01 
 6.977300e+00  2.573916e+00  5.404349e+00  8.052831e+00  1.478955e+01 
 7.074559e+00  2.513153e+00  5.264022e+00  7.840476e+00  1.439844e+01 
 7.173175e+00  2.453453e+00  5.128173e+00  7.634833e+00  1.401962e+01 
 7.273165e+00  2.395610e+00  4.996082e+00  7.435857e+00  1.365095e+01 
 7.374549e+00  2.338803e+00  4.867153e+00  7.241168e+00  1.329270e+01 
 7.477346e+00  2.283172e+00  4.741997e+00  7.052565e+00  1.294199e+01 
 7.581576e+00  2.228947e+00  4.618891e+00  6.867011e+00  1.259928e+01 
 7.687260e+00  2.175454e+00  4.499140e+00  6.686014e+00  1.226485e+01 
 7.794416e+00  2.123121e+00  4.382081e+00  6.508514e+00  1.193678e+01 
 7.903066e+00  2.071932e+00  4.267134e+00  6.335147e+00  1.161576e+01 
 8.013230e+00  2.021825e+00  4.155922e+00  6.167508e+00  1.130388e+01 
 8.124930e+00  1.972813e+00  4.047315e+00  6.003505e+00  1.099946e+01 
 8.238187e+00  1.925266e+00  3.941530e+00  5.843672e+00  1.070320e+01 
 8.353023e+00  1.878766e+00  3.838883e+00  5.688722e+00  1.041504e+01 
 8.469460e+00  1.833669e+00  3.739380e+00  5.538465e+00  1.013552e+01 
 8.587519e+00  1.789862e+00  3.642607e+00  5.392260e+00  9.863964e+00 
 8.707225e+00  1.747242e+00  3.548634e+00  5.250727e+00  9.600499e+00 
 8.828599e+00  1.705867e+00  3.457918e+00  5.113459e+00  9.344381e+00 
 8.951665e+00  1.665488e+00  3.369826e+00  4.979999e+00  9.096512e+00 
 9.076446e+00  1.626385e+00  3.284123e+00  4.850743e+00  8.855538e+00 
 9.202967e+00  1.588193e+00  3.200747e+00  4.725041e+00  8.620644e+00 
 9.331251e+00  1.550864e+00  3.119351e+00  4.601979e+00  8.391735e+00 
 9.461324e+00  0.000000e+00  0.000000e+00  0.000000e+00  0.000000e+00 
 9.593209e+00  0.000000e+00  0.000000e+00  0.000000e+00  0.000000e+00 
 9.726934e+00  0.000000e+00  0.000000e+00  0.000000e+00  0.000000e+00 
 9.862522e+00  0.000000e+00  0.000000e+00  0.000000e+00  0.000000e+00 
 1.000000e+01  0.000000e+00  0.000000e+00  0.000000e+00  0.000000e+00 
