1.000000e-02 6.214190e+03 1.165554e+04 1.604288e+04 2.456018e+04  
1.013939e-02 6.249539e+03 1.172157e+04 1.613347e+04 2.469815e+04  
1.028073e-02 6.284368e+03 1.178661e+04 1.622271e+04 2.483403e+04  
1.042404e-02 6.318658e+03 1.185064e+04 1.631053e+04 2.496773e+04  
1.056935e-02 6.352385e+03 1.191360e+04 1.639689e+04 2.509917e+04  
1.071668e-02 6.385529e+03 1.197546e+04 1.648172e+04 2.522825e+04  
1.086606e-02 6.418065e+03 1.203617e+04 1.656496e+04 2.535489e+04  
1.101753e-02 6.449968e+03 1.209568e+04 1.664655e+04 2.547897e+04  
1.117111e-02 6.481213e+03 1.215396e+04 1.672643e+04 2.560041e+04  
1.132683e-02 6.511775e+03 1.221094e+04 1.680451e+04 2.571911e+04  
1.148472e-02 6.541627e+03 1.226658e+04 1.688075e+04 2.583496e+04  
1.164481e-02 6.570744e+03 1.232084e+04 1.695508e+04 2.594785e+04  
1.180713e-02 6.599100e+03 1.237366e+04 1.702741e+04 2.605770e+04  
1.197171e-02 6.626670e+03 1.242500e+04 1.709770e+04 2.616438e+04  
1.213859e-02 6.653426e+03 1.247481e+04 1.716587e+04 2.626781e+04  
1.230780e-02 6.679343e+03 1.252303e+04 1.723186e+04 2.636788e+04  
1.247936e-02 6.704395e+03 1.256962e+04 1.729559e+04 2.646449e+04  
1.265332e-02 6.728555e+03 1.261453e+04 1.735700e+04 2.655752e+04  
1.282970e-02 6.751798e+03 1.265771e+04 1.741603e+04 2.664689e+04  
1.300854e-02 6.774097e+03 1.269912e+04 1.747260e+04 2.673249e+04  
1.318987e-02 6.795426e+03 1.273870e+04 1.752664e+04 2.681421e+04  
1.337373e-02 6.815756e+03 1.277639e+04 1.757809e+04 2.689194e+04  
1.356015e-02 6.835059e+03 1.281215e+04 1.762687e+04 2.696557e+04  
1.374917e-02 6.853305e+03 1.284592e+04 1.767291e+04 2.703498e+04  
1.394083e-02 6.870468e+03 1.287765e+04 1.771612e+04 2.710007e+04  
1.413516e-02 6.886519e+03 1.290729e+04 1.775646e+04 2.716073e+04  
1.433219e-02 6.901431e+03 1.293478e+04 1.779383e+04 2.721686e+04  
1.453198e-02 6.915175e+03 1.296008e+04 1.782817e+04 2.726833e+04  
1.473454e-02 6.927723e+03 1.298312e+04 1.785941e+04 2.731503e+04  
1.493993e-02 6.939046e+03 1.300386e+04 1.788747e+04 2.735686e+04  
1.514819e-02 6.949114e+03 1.302224e+04 1.791227e+04 2.739371e+04  
1.535935e-02 6.957901e+03 1.303821e+04 1.793375e+04 2.742545e+04  
1.557345e-02 6.965378e+03 1.305171e+04 1.795183e+04 2.745199e+04  
1.579053e-02 6.971519e+03 1.306271e+04 1.796646e+04 2.747323e+04  
1.601064e-02 6.976297e+03 1.307114e+04 1.797754e+04 2.748905e+04  
1.623382e-02 6.979686e+03 1.307696e+04 1.798503e+04 2.749935e+04  
1.646012e-02 6.981658e+03 1.308011e+04 1.798886e+04 2.750404e+04  
1.668956e-02 6.982190e+03 1.308056e+04 1.798895e+04 2.750301e+04  
1.692220e-02 6.981257e+03 1.307826e+04 1.798525e+04 2.749618e+04  
1.715809e-02 6.978836e+03 1.307316e+04 1.797769e+04 2.748344e+04  
1.739726e-02 6.974905e+03 1.306523e+04 1.796623e+04 2.746473e+04  
1.763977e-02 6.969442e+03 1.305442e+04 1.795081e+04 2.743996e+04  
1.788566e-02 6.962426e+03 1.304069e+04 1.793138e+04 2.740903e+04  
1.813498e-02 6.953833e+03 1.302400e+04 1.790786e+04 2.737187e+04  
1.838777e-02 6.943642e+03 1.300431e+04 1.788022e+04 2.732839e+04  
1.864409e-02 6.931834e+03 1.298159e+04 1.784839e+04 2.727852e+04  
1.890397e-02 6.918390e+03 1.295580e+04 1.781235e+04 2.722219e+04  
1.916748e-02 6.903295e+03 1.292691e+04 1.777203e+04 2.715933e+04  
1.943467e-02 6.886533e+03 1.289489e+04 1.772742e+04 2.708990e+04  
1.970558e-02 6.868090e+03 1.285972e+04 1.767847e+04 2.701384e+04  
1.998026e-02 6.847952e+03 1.282137e+04 1.762514e+04 2.693110e+04  
2.025878e-02 6.826106e+03 1.277982e+04 1.756741e+04 2.684162e+04  
2.054117e-02 6.802543e+03 1.273505e+04 1.750525e+04 2.674538e+04  
2.082751e-02 6.777254e+03 1.268705e+04 1.743865e+04 2.664234e+04  
2.111783e-02 6.750236e+03 1.263581e+04 1.736759e+04 2.653250e+04  
2.141220e-02 6.721486e+03 1.258133e+04 1.729207e+04 2.641585e+04  
2.171068e-02 6.691003e+03 1.252360e+04 1.721209e+04 2.629239e+04  
2.201331e-02 6.658785e+03 1.246262e+04 1.712764e+04 2.616211e+04  
2.232016e-02 6.624833e+03 1.239840e+04 1.703873e+04 2.602502e+04  
2.263130e-02 6.589151e+03 1.233094e+04 1.694538e+04 2.588115e+04  
2.294676e-02 6.551748e+03 1.226026e+04 1.684760e+04 2.573052e+04  
2.326663e-02 6.512635e+03 1.218638e+04 1.674543e+04 2.557319e+04  
2.359095e-02 6.471830e+03 1.210934e+04 1.663892e+04 2.540924e+04  
2.391980e-02 6.429347e+03 1.202917e+04 1.652810e+04 2.523872e+04  
2.425323e-02 6.385203e+03 1.194589e+04 1.641302e+04 2.506170e+04  
2.459130e-02 6.339415e+03 1.185954e+04 1.629372e+04 2.487826e+04  
2.493409e-02 6.292005e+03 1.177016e+04 1.617027e+04 2.468848e+04  
2.528166e-02 6.243001e+03 1.167781e+04 1.604274e+04 2.449248e+04  
2.563407e-02 6.192435e+03 1.158255e+04 1.591121e+04 2.429039e+04  
2.599140e-02 6.140345e+03 1.148444e+04 1.577578e+04 2.408237e+04  
2.635371e-02 6.086771e+03 1.138357e+04 1.563656e+04 2.386857e+04  
2.672106e-02 6.031748e+03 1.128000e+04 1.549364e+04 2.364913e+04  
2.709354e-02 5.975315e+03 1.117381e+04 1.534712e+04 2.342423e+04  
2.747121e-02 5.917518e+03 1.106507e+04 1.519713e+04 2.319403e+04  
2.785414e-02 5.858406e+03 1.095389e+04 1.504378e+04 2.295873e+04  
2.824241e-02 5.798036e+03 1.084038e+04 1.488724e+04 2.271857e+04  
2.863610e-02 5.736470e+03 1.072464e+04 1.472766e+04 2.247380e+04  
2.903527e-02 5.673778e+03 1.060681e+04 1.456522e+04 2.222468e+04  
2.944000e-02 5.610016e+03 1.048701e+04 1.440007e+04 2.197145e+04  
2.985038e-02 5.545245e+03 1.036533e+04 1.423236e+04 2.171434e+04  
3.026648e-02 5.479528e+03 1.024191e+04 1.406227e+04 2.145361e+04  
3.068838e-02 5.412937e+03 1.011687e+04 1.388998e+04 2.118954e+04  
3.111616e-02 5.345550e+03 9.990359e+03 1.371569e+04 2.092245e+04  
3.154990e-02 5.277452e+03 9.862544e+03 1.353961e+04 2.065267e+04  
3.198969e-02 5.208735e+03 9.733595e+03 1.336200e+04 2.038056e+04  
3.243561e-02 5.139480e+03 9.603664e+03 1.318305e+04 2.010644e+04  
3.288774e-02 5.069762e+03 9.472889e+03 1.300296e+04 1.983061e+04  
3.334618e-02 4.999659e+03 9.341420e+03 1.282194e+04 1.955339e+04  
3.381101e-02 4.929259e+03 9.209418e+03 1.264021e+04 1.927511e+04  
3.428231e-02 4.858654e+03 9.077059e+03 1.245800e+04 1.899613e+04  
3.476019e-02 4.787945e+03 8.944530e+03 1.227558e+04 1.871687e+04  
3.524473e-02 4.717240e+03 8.812033e+03 1.209322e+04 1.843773e+04  
3.573602e-02 4.646639e+03 8.679755e+03 1.191118e+04 1.815912e+04  
3.623416e-02 4.576228e+03 8.547856e+03 1.172968e+04 1.788136e+04  
3.673925e-02 4.506096e+03 8.416505e+03 1.154895e+04 1.760482e+04  
3.725137e-02 4.436341e+03 8.285879e+03 1.136924e+04 1.732987e+04  
3.777064e-02 4.367063e+03 8.156171e+03 1.119081e+04 1.705690e+04  
3.829714e-02 4.298373e+03 8.027583e+03 1.101394e+04 1.678636e+04  
3.883098e-02 4.230385e+03 7.900330e+03 1.083892e+04 1.651868e+04  
3.937226e-02 4.163204e+03 7.774605e+03 1.066601e+04 1.625427e+04  
3.992109e-02 4.096887e+03 7.650515e+03 1.049538e+04 1.599336e+04  
4.047757e-02 4.031487e+03 7.528160e+03 1.032714e+04 1.573616e+04  
4.104181e-02 3.967061e+03 7.407642e+03 1.016144e+04 1.548287e+04  
4.161391e-02 3.903662e+03 7.289063e+03 9.998427e+03 1.523372e+04  
4.219398e-02 3.841350e+03 7.172531e+03 9.838241e+03 1.498894e+04  
4.278214e-02 3.780184e+03 7.058156e+03 9.681033e+03 1.474874e+04  
4.337850e-02 3.720228e+03 6.946056e+03 9.526968e+03 1.451339e+04  
4.398317e-02 3.661568e+03 6.836392e+03 9.376262e+03 1.428321e+04  
4.459628e-02 3.604299e+03 6.729337e+03 9.229156e+03 1.405857e+04  
4.521792e-02 3.548520e+03 6.625075e+03 9.085901e+03 1.383986e+04  
4.584824e-02 3.494336e+03 6.523798e+03 8.946757e+03 1.362747e+04  
4.648734e-02 3.441853e+03 6.425704e+03 8.811996e+03 1.342183e+04  
4.713535e-02 3.391185e+03 6.331001e+03 8.681903e+03 1.322337e+04  
4.779239e-02 3.342420e+03 6.239851e+03 8.556700e+03 1.303243e+04  
4.845859e-02 3.295550e+03 6.152236e+03 8.436360e+03 1.284897e+04  
4.913407e-02 3.250538e+03 6.068087e+03 8.320789e+03 1.267285e+04  
4.981898e-02 3.207341e+03 5.987321e+03 8.209872e+03 1.250389e+04  
5.051342e-02 3.165907e+03 5.909840e+03 8.103474e+03 1.234190e+04  
5.121755e-02 3.126174e+03 5.835528e+03 8.001436e+03 1.218662e+04  
5.193150e-02 3.088076e+03 5.764260e+03 7.903586e+03 1.203781e+04  
5.265540e-02 3.051564e+03 5.695944e+03 7.809798e+03 1.189526e+04  
5.338938e-02 3.016597e+03 5.630501e+03 7.719962e+03 1.175882e+04  
5.413360e-02 2.983125e+03 5.567837e+03 7.633950e+03 1.162829e+04  
5.488820e-02 2.951091e+03 5.507844e+03 7.551614e+03 1.150345e+04  
5.565331e-02 2.920429e+03 5.450398e+03 7.472783e+03 1.138404e+04  
5.642908e-02 2.891067e+03 5.395364e+03 7.397272e+03 1.126978e+04  
5.721568e-02 2.862937e+03 5.342617e+03 7.324909e+03 1.116041e+04  
5.801323e-02 2.835968e+03 5.292019e+03 7.255507e+03 1.105564e+04  
5.882190e-02 2.810077e+03 5.243417e+03 7.188856e+03 1.095517e+04  
5.964185e-02 2.785172e+03 5.196642e+03 7.124721e+03 1.085863e+04  
6.047322e-02 2.761151e+03 5.151500e+03 7.062842e+03 1.076563e+04  
6.131619e-02 2.737881e+03 5.107747e+03 7.002880e+03 1.067566e+04  
6.217090e-02 2.715204e+03 5.065089e+03 6.944437e+03 1.058810e+04  
6.303753e-02 2.692946e+03 5.023205e+03 6.887072e+03 1.050228e+04  
6.391624e-02 2.670918e+03 4.981746e+03 6.830308e+03 1.041747e+04  
6.480720e-02 2.648916e+03 4.940339e+03 6.773633e+03 1.033290e+04  
6.571058e-02 2.626770e+03 4.898665e+03 6.716616e+03 1.024789e+04  
6.662655e-02 2.604325e+03 4.856444e+03 6.658869e+03 1.016184e+04  
6.755528e-02 2.581414e+03 4.813370e+03 6.599976e+03 1.007412e+04  
6.849697e-02 2.557859e+03 4.769114e+03 6.539488e+03 9.984039e+03  
6.945178e-02 2.533477e+03 4.723343e+03 6.476949e+03 9.890880e+03  
7.041990e-02 2.508119e+03 4.675788e+03 6.411991e+03 9.794072e+03  
7.140151e-02 2.481641e+03 4.626182e+03 6.344248e+03 9.693048e+03  
7.239681e-02 2.453883e+03 4.574241e+03 6.273332e+03 9.587196e+03  
7.340598e-02 2.424685e+03 4.519668e+03 6.198837e+03 9.475883e+03  
7.442922e-02 2.393937e+03 4.462270e+03 6.120499e+03 9.358686e+03  
7.546673e-02 2.361577e+03 4.401935e+03 6.038166e+03 9.235360e+03  
7.651869e-02 2.327542e+03 4.338552e+03 5.951681e+03 9.105649e+03  
7.758532e-02 2.291766e+03 4.272005e+03 5.860890e+03 8.969300e+03  
7.866682e-02 2.254238e+03 4.202278e+03 5.765768e+03 8.826259e+03  
7.976339e-02 2.215006e+03 4.129462e+03 5.666439e+03 8.676706e+03  
8.087525e-02 2.174126e+03 4.053667e+03 5.563054e+03 8.520859e+03  
8.200261e-02 2.131666e+03 3.975021e+03 5.455786e+03 8.358975e+03  
8.314568e-02 2.087734e+03 3.893721e+03 5.344907e+03 8.191463e+03  
8.430468e-02 2.042474e+03 3.810038e+03 5.230784e+03 8.018882e+03  
8.547985e-02 1.996045e+03 3.724265e+03 5.113821e+03 7.841849e+03  
8.667139e-02 1.948624e+03 3.636729e+03 4.994461e+03 7.661046e+03  
8.787954e-02 1.900411e+03 3.547796e+03 4.873208e+03 7.477247e+03  
8.910453e-02 1.851627e+03 3.457871e+03 4.750616e+03 7.291310e+03  
9.034660e-02 1.802512e+03 3.367394e+03 4.627284e+03 7.104162e+03  
9.160598e-02 1.753313e+03 3.276819e+03 4.503834e+03 6.916768e+03  
9.288292e-02 1.704284e+03 3.186605e+03 4.380896e+03 6.730104e+03  
9.417766e-02 1.655694e+03 3.097247e+03 4.259143e+03 6.545221e+03  
9.549045e-02 1.607837e+03 3.009275e+03 4.139302e+03 6.363247e+03  
9.682153e-02 1.561001e+03 2.923217e+03 4.022093e+03 6.185304e+03  
9.817117e-02 1.515442e+03 2.839534e+03 3.908146e+03 6.012372e+03  
9.953962e-02 1.471423e+03 2.758705e+03 3.798114e+03 5.845469e+03  
1.009272e-01 1.429228e+03 2.681241e+03 3.692696e+03 5.685682e+03  
1.023340e-01 1.389105e+03 2.607591e+03 3.592502e+03 5.533965e+03  
1.037605e-01 1.351217e+03 2.538048e+03 3.497932e+03 5.390940e+03  
1.052069e-01 1.315725e+03 2.472898e+03 3.409376e+03 5.257216e+03  
1.066734e-01 1.282792e+03 2.412433e+03 3.327229e+03 5.133414e+03  
1.081604e-01 1.252495e+03 2.356787e+03 3.251675e+03 5.019822e+03  
1.096681e-01 1.224823e+03 2.305934e+03 3.182675e+03 4.916390e+03  
1.111968e-01 1.199754e+03 2.259829e+03 3.120166e+03 4.823027e+03  
1.127468e-01 1.177239e+03 2.218377e+03 3.064020e+03 4.739542e+03  
1.143184e-01 1.157138e+03 2.181318e+03 3.013878e+03 4.665395e+03  
1.159120e-01 1.139271e+03 2.148320e+03 2.969290e+03 4.599892e+03  
1.175277e-01 1.123437e+03 2.119014e+03 2.929751e+03 4.542265e+03  
1.191660e-01 1.109402e+03 2.092969e+03 2.894674e+03 4.491612e+03  
1.208271e-01 1.096895e+03 2.069695e+03 2.863389e+03 4.446902e+03  
1.225114e-01 1.085622e+03 2.048653e+03 2.835164e+03 4.407001e+03  
1.242191e-01 1.075272e+03 2.029279e+03 2.809226e+03 4.370714e+03  
1.259506e-01 1.065521e+03 2.010987e+03 2.784778e+03 4.336795e+03  
1.277063e-01 1.056020e+03 1.993146e+03 2.760955e+03 4.303893e+03  
1.294865e-01 1.046417e+03 1.975122e+03 2.736891e+03 4.270641e+03  
1.312915e-01 1.036384e+03 1.956323e+03 2.711775e+03 4.235754e+03  
1.331216e-01 1.025569e+03 1.936120e+03 2.684744e+03 4.197859e+03  
1.349772e-01 1.013659e+03 1.913949e+03 2.655024e+03 4.155709e+03  
1.368587e-01 1.000415e+03 1.889386e+03 2.622029e+03 4.108358e+03  
1.387665e-01 9.855956e+02 1.861999e+03 2.585167e+03 4.054840e+03  
1.407008e-01 9.690515e+02 1.831527e+03 2.544074e+03 3.994547e+03  
1.426621e-01 9.507444e+02 1.797905e+03 2.498657e+03 3.927310e+03  
1.446507e-01 9.306552e+02 1.761103e+03 2.448874e+03 3.853037e+03  
1.466671e-01 9.088880e+02 1.721314e+03 2.394986e+03 3.772128e+03  
1.487115e-01 8.856257e+02 1.678870e+03 2.337448e+03 3.685295e+03  
1.507845e-01 8.610910e+02 1.634175e+03 2.276814e+03 3.593414e+03  
1.528864e-01 8.355920e+02 1.587784e+03 2.213846e+03 3.497700e+03  
1.550175e-01 8.094768e+02 1.540325e+03 2.149406e+03 3.399527e+03  
1.571784e-01 7.831242e+02 1.492476e+03 2.084426e+03 3.300389e+03  
1.593694e-01 7.569452e+02 1.444975e+03 2.019918e+03 3.201903e+03  
1.615909e-01 7.313626e+02 1.398577e+03 1.956917e+03 3.105724e+03  
1.638434e-01 7.067622e+02 1.353971e+03 1.896367e+03 3.013354e+03  
1.661273e-01 6.835339e+02 1.311850e+03 1.839216e+03 2.926305e+03  
1.684430e-01 6.619709e+02 1.272735e+03 1.786175e+03 2.845703e+03  
1.707910e-01 6.423109e+02 1.237046e+03 1.737816e+03 2.772454e+03  
1.731717e-01 6.247067e+02 1.205048e+03 1.694500e+03 2.707136e+03  
1.755856e-01 6.091899e+02 1.176793e+03 1.656296e+03 2.649855e+03  
1.780332e-01 5.957360e+02 1.152231e+03 1.623135e+03 2.600508e+03  
1.805149e-01 5.842021e+02 1.131102e+03 1.594660e+03 2.558536e+03  
1.830312e-01 5.744000e+02 1.113066e+03 1.570406e+03 2.523216e+03  
1.855825e-01 5.660719e+02 1.097658e+03 1.549742e+03 2.493555e+03  
1.881694e-01 5.589180e+02 1.084342e+03 1.531935e+03 2.468403e+03  
1.907924e-01 5.525865e+02 1.072489e+03 1.516127e+03 2.446404e+03  
1.934520e-01 5.466886e+02 1.061409e+03 1.501373e+03 2.426055e+03  
1.961486e-01 5.408182e+02 1.050379e+03 1.486684e+03 2.405776e+03  
1.988828e-01 5.345591e+02 1.038662e+03 1.471049e+03 2.383941e+03  
2.016551e-01 5.275673e+02 1.025650e+03 1.453631e+03 2.359193e+03  
2.044661e-01 5.195411e+02 1.010810e+03 1.433697e+03 2.330339e+03  
2.073162e-01 5.103049e+02 9.938352e+02 1.410822e+03 2.296676e+03  
2.102061e-01 4.997643e+02 9.745620e+02 1.384780e+03 2.257825e+03  
2.131362e-01 4.879843e+02 9.531100e+02 1.355733e+03 2.214040e+03  
2.161073e-01 4.751126e+02 9.297440e+02 1.324045e+03 2.165907e+03  
2.191197e-01 4.613955e+02 9.049033e+02 1.290322e+03 2.114405e+03  
2.221741e-01 4.471414e+02 8.791357e+02 1.255317e+03 2.060758e+03  
2.252711e-01 4.327186e+02 8.530930e+02 1.219928e+03 2.006421e+03  
2.284112e-01 4.185067e+02 8.274452e+02 1.185074e+03 1.952882e+03  
2.315951e-01 4.048816e+02 8.028538e+02 1.151662e+03 1.901602e+03  
2.348235e-01 3.921578e+02 7.798702e+02 1.120447e+03 1.853792e+03  
2.380968e-01 3.805824e+02 7.589257e+02 1.092016e+03 1.810390e+03  
2.414157e-01 3.703014e+02 7.402723e+02 1.066712e+03 1.771940e+03  
2.447809e-01 3.613586e+02 7.239821e+02 1.044631e+03 1.738592e+03  
2.481930e-01 3.537090e+02 7.099713e+02 1.025657e+03 1.710156e+03  
2.516527e-01 3.472132e+02 6.979909e+02 1.009449e+03 1.686090e+03  
2.551606e-01 3.416486e+02 6.876472e+02 9.954681e+02 1.665536e+03  
2.587174e-01 3.367172e+02 6.784157e+02 9.829987e+02 1.647349e+03  
2.623238e-01 3.320683e+02 6.696808e+02 9.711991e+02 1.630184e+03  
2.659804e-01 3.273514e+02 6.608295e+02 9.592303e+02 1.612692e+03  
2.696881e-01 3.222554e+02 6.513185e+02 9.463483e+02 1.593675e+03  
2.734474e-01 3.165657e+02 6.407748e+02 9.320414e+02 1.572304e+03  
2.772591e-01 3.101782e+02 6.290192e+02 9.160640e+02 1.548181e+03  
2.811239e-01 3.030917e+02 6.160525e+02 8.984176e+02 1.521311e+03  
2.850426e-01 2.953925e+02 6.020286e+02 8.793146e+02 1.492038e+03  
2.890160e-01 2.872478e+02 5.872410e+02 8.591588e+02 1.461022e+03  
2.930447e-01 2.788909e+02 5.720985e+02 8.385115e+02 1.429172e+03  
2.971296e-01 2.706011e+02 5.570871e+02 8.180387e+02 1.397564e+03  
3.012714e-01 2.626643e+02 5.427030e+02 7.984186e+02 1.367287e+03  
3.054710e-01 2.553173e+02 5.293551e+02 7.802076e+02 1.339229e+03  
3.097291e-01 2.487062e+02 5.172936e+02 7.637452e+02 1.313925e+03  
3.140465e-01 2.428727e+02 5.065869e+02 7.491222e+02 1.291515e+03  
3.184242e-01 2.377641e+02 4.971405e+02 7.362078e+02 1.271784e+03  
3.228628e-01 2.332551e+02 4.887350e+02 7.247017e+02 1.254251e+03  
3.273634e-01 2.291703e+02 4.810653e+02 7.141884e+02 1.238252e+03  
3.319266e-01 2.252946e+02 4.737589e+02 7.041601e+02 1.222979e+03  
3.365535e-01 2.213986e+02 4.664207e+02 6.940794e+02 1.207577e+03  
3.412449e-01 2.172877e+02 4.587161e+02 6.834911e+02 1.191323e+03  
3.460016e-01 2.128467e+02 4.504487e+02 6.721288e+02 1.173796e+03  
3.508247e-01 2.080572e+02 4.415889e+02 6.599539e+02 1.154938e+03  
3.557150e-01 2.029912e+02 4.322624e+02 6.471388e+02 1.135032e+03  
3.606735e-01 1.977738e+02 4.226855e+02 6.339790e+02 1.114551e+03  
3.657011e-01 1.925658e+02 4.131344e+02 6.208511e+02 1.094098e+03  
3.707988e-01 1.875319e+02 4.038905e+02 6.081368e+02 1.074277e+03  
3.759675e-01 1.828166e+02 3.951999e+02 5.961687e+02 1.055610e+03  
3.812083e-01 1.785058e+02 3.872064e+02 5.851399e+02 1.038396e+03  
3.865221e-01 1.746111e+02 3.799280e+02 5.750729e+02 1.022665e+03  
3.919100e-01 1.710711e+02 3.732578e+02 5.658217e+02 1.008184e+03  
3.973730e-01 1.677796e+02 3.670135e+02 5.571393e+02 9.945615e+02  
4.029122e-01 1.646111e+02 3.609817e+02 5.487372e+02 9.813469e+02  
4.085286e-01 1.614381e+02 3.549459e+02 5.403236e+02 9.680851e+02  
4.142232e-01 1.581634e+02 3.487424e+02 5.316788e+02 9.544366e+02  
4.199973e-01 1.547486e+02 3.423075e+02 5.227181e+02 9.402739e+02  
4.258518e-01 1.512248e+02 3.356949e+02 5.135152e+02 9.257168e+02  
4.317880e-01 1.476628e+02 3.290251e+02 5.042332e+02 9.110219e+02  
4.378069e-01 1.441473e+02 3.224407e+02 4.950641e+02 8.964887e+02  
4.439097e-01 1.407675e+02 3.160912e+02 4.862083e+02 8.824259e+02  
4.500975e-01 1.375903e+02 3.100880e+02 4.778141e+02 8.690588e+02  
4.563716e-01 1.346389e+02 3.044684e+02 4.699300e+02 8.564581e+02  
4.627332e-01 1.318810e+02 2.991771e+02 4.624813e+02 8.445056e+02  
4.691835e-01 1.292547e+02 2.941096e+02 4.553278e+02 8.329856e+02  
4.757236e-01 1.266980e+02 2.891623e+02 4.483310e+02 8.216870e+02  
4.823549e-01 1.241476e+02 2.842301e+02 4.413516e+02 8.103997e+02  
4.890787e-01 1.215634e+02 2.792466e+02 4.343020e+02 7.989938e+02  
4.958962e-01 1.189465e+02 2.742146e+02 4.271867e+02 7.874795e+02  
5.028087e-01 1.163388e+02 2.692037e+02 4.200988e+02 7.759988e+02  
5.098176e-01 1.137811e+02 2.642817e+02 4.131280e+02 7.646872e+02  
5.169242e-01 1.113131e+02 2.595131e+02 4.063596e+02 7.536714e+02  
5.241298e-01 1.089629e+02 2.549438e+02 3.998534e+02 7.430384e+02  
5.314359e-01 1.067329e+02 2.505767e+02 3.936124e+02 7.327901e+02  
5.388438e-01 1.045921e+02 2.463604e+02 3.875686e+02 7.228248e+02  
5.463550e-01 1.025076e+02 2.422409e+02 3.816510e+02 7.130373e+02  
5.539709e-01 1.004506e+02 2.381710e+02 3.757977e+02 7.033378e+02  
5.616930e-01 9.840291e+01 2.341214e+02 3.699709e+02 6.936727e+02  
5.695227e-01 9.636591e+01 2.300947e+02 3.641745e+02 6.840489e+02  
5.774615e-01 9.436170e+01 2.261267e+02 3.584553e+02 6.745351e+02  
5.855110e-01 9.241047e+01 2.222498e+02 3.528554e+02 6.651915e+02  
5.936727e-01 9.052461e+01 2.184837e+02 3.473999e+02 6.560533e+02  
6.019482e-01 8.870943e+01 2.148363e+02 3.420989e+02 6.471335e+02  
6.103390e-01 8.695513e+01 2.112916e+02 3.369311e+02 6.384010e+02  
6.188468e-01 8.524140e+01 2.078169e+02 3.318542e+02 6.297959e+02  
6.274732e-01 8.355841e+01 2.043963e+02 3.268483e+02 6.212902e+02  
6.362198e-01 8.189854e+01 2.010179e+02 3.218978e+02 6.128632e+02  
6.450884e-01 8.026512e+01 1.976869e+02 3.170098e+02 6.045249e+02  
6.540806e-01 7.866803e+01 1.944189e+02 3.122041e+02 5.963026e+02  
6.631981e-01 7.711352e+01 1.912236e+02 3.074928e+02 5.882125e+02  
6.724427e-01 7.560601e+01 1.881074e+02 3.028840e+02 5.802650e+02  
6.818162e-01 7.413830e+01 1.850590e+02 2.983629e+02 5.724396e+02  
6.913204e-01 7.270566e+01 1.820707e+02 2.939200e+02 5.647229e+02  
7.009570e-01 7.130419e+01 1.791363e+02 2.895473e+02 5.571045e+02  
7.107280e-01 6.992994e+01 1.762497e+02 2.852372e+02 5.495740e+02  
7.206351e-01 6.858246e+01 1.734101e+02 2.809887e+02 5.421303e+02  
7.306804e-01 6.726387e+01 1.706207e+02 2.768057e+02 5.347784e+02  
7.408657e-01 6.597641e+01 1.678847e+02 2.726921e+02 5.275231e+02  
7.511929e-01 6.472157e+01 1.652042e+02 2.686505e+02 5.203671e+02  
7.616642e-01 6.349759e+01 1.625764e+02 2.646770e+02 5.133055e+02  
7.722814e-01 6.230179e+01 1.599970e+02 2.607666e+02 5.063312e+02  
7.830465e-01 6.113127e+01 1.574615e+02 2.569135e+02 4.994372e+02  
7.939618e-01 5.998450e+01 1.549676e+02 2.531149e+02 4.926196e+02  
8.050292e-01 5.886183e+01 1.525157e+02 2.493712e+02 4.858789e+02  
8.162509e-01 5.776368e+01 1.501062e+02 2.456831e+02 4.792157e+02  
8.276289e-01 5.669036e+01 1.477396e+02 2.420507e+02 4.726299e+02  
8.391656e-01 5.564131e+01 1.454148e+02 2.384728e+02 4.661199e+02  
8.508632e-01 5.461550e+01 1.431302e+02 2.349474e+02 4.596830e+02  
8.627237e-01 5.361178e+01 1.408840e+02 2.314723e+02 4.533164e+02  
8.747496e-01 5.262918e+01 1.386746e+02 2.280455e+02 4.470177e+02  
8.869432e-01 5.166730e+01 1.365014e+02 2.246663e+02 4.407858e+02  
8.993067e-01 5.072576e+01 1.343638e+02 2.213339e+02 4.346195e+02  
9.118425e-01 4.980412e+01 1.322609e+02 2.180471e+02 4.285178e+02  
9.245531e-01 4.890194e+01 1.301921e+02 2.148053e+02 4.224792e+02  
9.374409e-01 4.801878e+01 1.281566e+02 2.116073e+02 4.165028e+02  
9.505083e-01 4.715410e+01 1.261536e+02 2.084523e+02 4.105871e+02  
9.637579e-01 4.630737e+01 1.241821e+02 2.053390e+02 4.047308e+02  
9.771921e-01 4.547814e+01 1.222415e+02 2.022667e+02 3.989331e+02  
9.908137e-01 4.466597e+01 1.203310e+02 1.992345e+02 3.931927e+02  
1.004625e+00 4.387035e+01 1.184499e+02 1.962415e+02 3.875085e+02  
1.018629e+00 4.309081e+01 1.165974e+02 1.932866e+02 3.818797e+02  
1.032828e+00 4.232699e+01 1.147729e+02 1.903694e+02 3.763053e+02  
1.047225e+00 4.157849e+01 1.129758e+02 1.874889e+02 3.707845e+02  
1.061823e+00 4.084486e+01 1.112055e+02 1.846445e+02 3.653164e+02  
1.076624e+00 4.012575e+01 1.094612e+02 1.818353e+02 3.599004e+02  
1.091632e+00 3.942083e+01 1.077426e+02 1.790609e+02 3.545357e+02  
1.106848e+00 3.872974e+01 1.060491e+02 1.763206e+02 3.492218e+02  
1.122277e+00 3.805211e+01 1.043800e+02 1.736137e+02 3.439576e+02  
1.137921e+00 3.738763e+01 1.027350e+02 1.709397e+02 3.387433e+02  
1.153783e+00 3.673598e+01 1.011134e+02 1.682980e+02 3.335779e+02  
1.169866e+00 3.609679e+01 9.951489e+01 1.656879e+02 3.284609e+02  
1.186174e+00 3.546976e+01 9.793883e+01 1.631091e+02 3.233919e+02  
1.202708e+00 3.485462e+01 9.638487e+01 1.605610e+02 3.183708e+02  
1.219473e+00 3.425107e+01 9.485254e+01 1.580431e+02 3.133965e+02  
1.236472e+00 3.365879e+01 9.334140e+01 1.555549e+02 3.084689e+02  
1.253708e+00 3.307752e+01 9.185105e+01 1.530960e+02 3.035877e+02  
1.271184e+00 3.250700e+01 9.038109e+01 1.506660e+02 2.987527e+02  
1.288904e+00 3.194693e+01 8.893112e+01 1.482645e+02 2.939635e+02  
1.306870e+00 3.139705e+01 8.750073e+01 1.458909e+02 2.892197e+02  
1.325087e+00 3.085713e+01 8.608963e+01 1.435450e+02 2.845215e+02  
1.343558e+00 3.032697e+01 8.469748e+01 1.412265e+02 2.798684e+02  
1.362287e+00 2.980630e+01 8.332392e+01 1.389350e+02 2.752604e+02  
1.381276e+00 2.929492e+01 8.196866e+01 1.366701e+02 2.706973e+02  
1.400531e+00 2.879260e+01 8.063138e+01 1.344316e+02 2.661789e+02  
1.420053e+00 2.829912e+01 7.931178e+01 1.322191e+02 2.617051e+02  
1.439848e+00 2.781425e+01 7.800954e+01 1.300323e+02 2.572759e+02  
1.459919e+00 2.733781e+01 7.672440e+01 1.278710e+02 2.528911e+02  
1.480269e+00 2.686962e+01 7.545613e+01 1.257350e+02 2.485509e+02  
1.500903e+00 2.640950e+01 7.420446e+01 1.236239e+02 2.442550e+02  
1.521825e+00 2.595725e+01 7.296914e+01 1.215375e+02 2.400035e+02  
1.543038e+00 2.551271e+01 7.174993e+01 1.194757e+02 2.357964e+02  
1.564548e+00 2.507569e+01 7.054660e+01 1.176758e+02 2.316338e+02  
1.586357e+00 2.464600e+01 6.935888e+01 1.154246e+02 2.275155e+02  
1.608469e+00 2.422347e+01 6.818659e+01 1.134349e+02 2.234416e+02  
1.630891e+00 2.380799e+01 6.702953e+01 1.114689e+02 2.194123e+02  
1.653624e+00 2.339938e+01 6.588749e+01 1.095263e+02 2.154274e+02  
1.676675e+00 2.299749e+01 6.476028e+01 1.076070e+02 2.114872e+02  
1.700047e+00 2.260220e+01 6.364773e+01 1.057109e+02 2.075916e+02  
1.723745e+00 2.223487e+01 6.254965e+01 1.038377e+02 2.037406e+02  
1.747773e+00 2.183085e+01 6.146587e+01 1.019874e+02 1.999345e+02  
1.772136e+00 2.145451e+01 6.039621e+01 1.001597e+02 1.961732e+02  
1.796838e+00 2.108423e+01 5.934051e+01 9.835444e+01 1.924568e+02  
1.821885e+00 2.071988e+01 5.829862e+01 9.657157e+01 1.887853e+02  
1.847281e+00 2.036132e+01 5.727036e+01 9.481090e+01 1.851589e+02  
1.873032e+00 2.000845e+01 5.625560e+01 9.307231e+01 1.815776e+02  
1.899141e+00 1.966117e+01 5.525420e+01 9.135567e+01 1.780414e+02  
1.925614e+00 1.931934e+01 5.426602e+01 8.966085e+01 1.745505e+02  
1.952456e+00 1.898287e+01 5.329091e+01 8.798772e+01 1.711047e+02  
1.979672e+00 1.865167e+01 5.232876e+01 8.633617e+01 1.677043e+02  
2.007267e+00 1.832563e+01 5.137943e+01 8.470609e+01 1.643492e+02  
2.035248e+00 1.800465e+01 5.044280e+01 8.309734e+01 1.610394e+02  
2.063618e+00 1.768864e+01 4.951875e+01 8.150983e+01 1.577750e+02  
2.092383e+00 1.737752e+01 4.860717e+01 7.994344e+01 1.545560e+02  
2.121550e+00 1.707119e+01 4.770793e+01 7.839806e+01 1.513823e+02  
2.151123e+00 1.676956e+01 4.682092e+01 7.687358e+01 1.482540e+02  
2.181109e+00 1.647255e+01 4.594604e+01 7.536990e+01 1.451709e+02  
2.211512e+00 1.618008e+01 4.508317e+01 7.388691e+01 1.421331e+02  
2.242340e+00 1.589207e+01 4.423220e+01 7.242450e+01 1.391405e+02  
2.273597e+00 1.560843e+01 4.339304e+01 7.098257e+01 1.361931e+02  
2.305289e+00 1.532911e+01 4.256558e+01 6.956102e+01 1.332905e+02  
2.337424e+00 1.505403e+01 4.174973e+01 6.815973e+01 1.304329e+02  
2.370006e+00 1.478312e+01 4.094539e+01 6.677862e+01 1.276199e+02  
2.403043e+00 1.451631e+01 4.015246e+01 6.541757e+01 1.248516e+02  
2.436540e+00 1.425355e+01 3.937085e+01 6.407648e+01 1.221277e+02  
2.470504e+00 1.399475e+01 3.860046e+01 6.275524e+01 1.194483e+02  
2.504942e+00 1.373987e+01 3.784120e+01 6.145374e+01 1.168129e+02  
2.539859e+00 1.348883e+01 3.709298e+01 6.017188e+01 1.142216e+02  
2.575263e+00 1.324158e+01 3.635570e+01 5.890955e+01 1.116738e+02  
2.611161e+00 1.299807e+01 3.562928e+01 5.766664e+01 1.091694e+02  
2.647559e+00 1.275823e+01 3.491364e+01 5.644302e+01 1.067083e+02  
2.684465e+00 1.252203e+01 3.420868e+01 5.523859e+01 1.042900e+02  
2.721885e+00 1.228940e+01 3.351431e+01 5.405323e+01 1.019143e+02  
2.759826e+00 1.206028e+01 3.283045e+01 5.288683e+01 9.958088e+01  
2.798297e+00 1.183463e+01 3.215702e+01 5.173926e+01 9.728947e+01  
2.837304e+00 1.161241e+01 3.149393e+01 5.061040e+01 9.503973e+01  
2.876854e+00 1.139357e+01 3.084108e+01 4.950009e+01 9.283128e+01  
2.916956e+00 1.117805e+01 3.019841e+01 4.840828e+01 9.066379e+01  
2.957617e+00 1.096582e+01 2.956582e+01 4.733483e+01 8.853687e+01  
2.998844e+00 1.075683e+01 2.894323e+01 4.627955e+01 8.645014e+01  
3.040646e+00 1.055104e+01 2.833056e+01 4.524231e+01 8.440320e+01  
3.083031e+00 1.034841e+01 2.772771e+01 4.422300e+01 8.239565e+01  
3.126007e+00 1.014889e+01 2.713462e+01 4.322147e+01 8.042708e+01  
3.169582e+00 9.952441e+00 2.655119e+01 4.223757e+01 7.849706e+01  
3.213764e+00 9.759032e+00 2.597735e+01 4.127116e+01 7.660515e+01  
3.258562e+00 9.568621e+00 2.541300e+01 4.032208e+01 7.475092e+01  
3.303985e+00 9.381170e+00 2.485806e+01 3.939018e+01 7.293392e+01  
3.350041e+00 9.196640e+00 2.431245e+01 3.847531e+01 7.115368e+01  
3.396739e+00 9.014991e+00 2.377608e+01 3.757730e+01 6.941014e+01  
3.444087e+00 8.836199e+00 2.324887e+01 3.669599e+01 6.770208e+01  
3.492096e+00 8.660229e+00 2.273074e+01 3.583123e+01 6.602895e+01  
3.540774e+00 8.487036e+00 2.222159e+01 3.498283e+01 6.439075e+01  
3.590130e+00 8.316593e+00 2.172135e+01 3.415064e+01 6.278732e+01  
3.640175e+00 8.148866e+00 2.122993e+01 3.333447e+01 6.121825e+01  
3.690917e+00 7.983822e+00 2.074724e+01 3.253415e+01 5.968223e+01  
3.742366e+00 7.821428e+00 2.027319e+01 3.174951e+01 5.817917e+01  
3.794533e+00 7.661654e+00 1.980771e+01 3.098035e+01 5.670858e+01  
3.847427e+00 7.504469e+00 1.935069e+01 3.022651e+01 5.526998e+01  
3.901058e+00 7.349843e+00 1.890206e+01 2.948780e+01 5.386287e+01  
3.955436e+00 7.197744e+00 1.846172e+01 2.876407e+01 5.248676e+01  
4.010573e+00 7.048144e+00 1.802959e+01 2.805505e+01 5.114116e+01  
4.066478e+00 6.901013e+00 1.760558e+01 2.736051e+01 4.982558e+01  
4.123163e+00 6.756321e+00 1.718960e+01 2.668042e+01 4.853953e+01  
4.180637e+00 6.614040e+00 1.678155e+01 2.601451e+01 4.728253e+01  
4.238913e+00 6.474142e+00 1.638136e+01 2.536264e+01 4.605407e+01  
4.298001e+00 6.336598e+00 1.598891e+01 2.472451e+01 4.485369e+01  
4.357913e+00 6.201381e+00 1.560414e+01 2.409998e+01 4.368089e+01  
4.418660e+00 6.068463e+00 1.522693e+01 2.348885e+01 4.253520e+01  
4.480254e+00 5.937816e+00 1.485721e+01 2.289092e+01 4.141613e+01  
4.542706e+00 5.809415e+00 1.449488e+01 2.230600e+01 4.032321e+01  
4.606029e+00 5.683231e+00 1.413983e+01 2.173389e+01 3.925597e+01  
4.670234e+00 5.559239e+00 1.379199e+01 2.117440e+01 3.821393e+01  
4.735335e+00 5.437413e+00 1.345125e+01 2.062731e+01 3.719663e+01  
4.801343e+00 5.317725e+00 1.311752e+01 2.009245e+01 3.620359e+01  
4.868271e+00 5.200151e+00 1.279071e+01 1.956960e+01 3.523476e+01  
4.936132e+00 5.084664e+00 1.247073e+01 1.905858e+01 3.428852e+01  
5.004939e+00 4.971240e+00 1.215747e+01 1.855919e+01 3.336557e+01  
5.074705e+00 4.859852e+00 1.185085e+01 1.807123e+01 3.246508e+01  
5.145444e+00 4.750475e+00 1.155077e+01 1.759450e+01 3.158659e+01  
5.217169e+00 4.643085e+00 1.125713e+01 1.712881e+01 3.072969e+01  
5.289893e+00 4.537657e+00 1.096984e+01 1.667399e+01 2.989392e+01  
5.363631e+00 4.434167e+00 1.068880e+01 1.622979e+01 2.907887e+01  
5.438397e+00 4.332589e+00 1.041392e+01 1.579603e+01 2.828410e+01  
5.514206e+00 4.232902e+00 1.014510e+01 1.537262e+01 2.750920e+01  
5.591071e+00 4.135074e+00 9.882243e+00 1.495926e+01 2.675375e+01  
5.669007e+00 4.039088e+00 9.625259e+00 1.455580e+01 2.601735e+01  
5.748030e+00 3.949984e+00 9.374051e+00 1.416204e+01 2.529958e+01  
5.828155e+00 3.852545e+00 9.128522e+00 1.377782e+01 2.460004e+01  
5.909396e+00 3.761939e+00 8.888578e+00 1.340294e+01 2.391835e+01  
5.991770e+00 3.673078e+00 8.654126e+00 1.303721e+01 2.325449e+01  
6.075292e+00 3.585940e+00 8.425071e+00 1.268048e+01 2.260696e+01  
6.159978e+00 3.500502e+00 8.201321e+00 1.233254e+01 2.197648e+01  
6.245845e+00 3.416739e+00 7.982783e+00 1.199323e+01 2.136233e+01  
6.332908e+00 3.334631e+00 7.769367e+00 1.166237e+01 2.076415e+01  
6.421186e+00 3.254153e+00 7.560981e+00 1.133979e+01 2.018157e+01  
6.510694e+00 3.175284e+00 7.357535e+00 1.102532e+01 1.961423e+01  
6.601449e+00 3.098000e+00 7.158942e+00 1.071880e+01 1.906178e+01  
6.693470e+00 3.022280e+00 6.965104e+00 1.042013e+01 1.852387e+01  
6.786773e+00 2.948101e+00 6.775931e+00 1.012889e+01 1.800019e+01  
6.881377e+00 2.875441e+00 6.591345e+00 9.845092e+00 1.749039e+01  
6.977300e+00 2.804279e+00 6.411251e+00 9.568778e+00 1.699415e+01  
7.074559e+00 2.734592e+00 6.235559e+00 9.299492e+00 1.651117e+01  
7.173175e+00 2.666359e+00 6.064183e+00 9.037179e+00 1.604108e+01  
7.273165e+00 2.599558e+00 5.897036e+00 8.781686e+00 1.558359e+01  
7.374549e+00 2.534169e+00 5.734040e+00 8.532862e+00 1.513840e+01  
7.477346e+00 2.470168e+00 5.575105e+00 8.290554e+00 1.470526e+01  
7.581576e+00 2.407536e+00 5.420149e+00 8.054608e+00 1.428385e+01  
7.687260e+00 2.346252e+00 5.269096e+00 7.824895e+00 1.413814e+01  
7.794416e+00 2.286293e+00 5.121865e+00 7.601266e+00 1.347502e+01  
7.903066e+00 2.227641e+00 4.978376e+00 7.383586e+00 1.308707e+01  
8.013230e+00 2.170272e+00 4.838549e+00 7.171706e+00 1.270972e+01  
8.124930e+00 2.114169e+00 4.702307e+00 6.965363e+00 1.234272e+01  
8.238187e+00 2.059310e+00 4.569570e+00 6.764824e+00 1.198581e+01  
8.353023e+00 2.005673e+00 4.440261e+00 6.569702e+00 1.163875e+01  
8.469460e+00 1.953241e+00 4.314305e+00 6.379570e+00 1.130124e+01  
8.587519e+00 1.901991e+00 4.191627e+00 6.194732e+00 1.097309e+01  
8.707225e+00 1.851906e+00 4.072154e+00 6.014929e+00 1.065403e+01  
8.828599e+00 1.802964e+00 3.955816e+00 5.840020e+00 1.034190e+01  
8.951665e+00 1.755145e+00 3.842545e+00 5.669893e+00 1.004234e+01  
9.076446e+00 1.708432e+00 3.732273e+00 5.504447e+00 9.749239e+00  
9.202967e+00 1.662794e+00 3.624933e+00 5.343554e+00 9.464338e+00  
9.331251e+00 1.618251e+00 3.520460e+00 5.187100e+00 9.187427e+00  
9.461324e+00 1.574725e+00 3.418785e+00 5.034990e+00 8.918299e+00  
9.593209e+00 1.532238e+00 3.319844e+00 4.887077e+00 8.656750e+00  
9.726934e+00 1.490759e+00 3.223569e+00 4.743292e+00 8.402581e+00  
9.862522e+00 1.450271e+00 3.129895e+00 4.603550e+00 8.155598e+00  
1.000000e+01 1.410755e+00 3.038759e+00 4.467663e+00 7.915610e+00  
