1.000000e-02 7.260259e+03 1.346086e+04 1.838745e+04 2.780157e+04  
1.013939e-02 7.300831e+03 1.353577e+04 1.848946e+04 2.795499e+04  
1.028073e-02 7.340745e+03 1.360945e+04 1.858977e+04 2.810583e+04  
1.042404e-02 7.379973e+03 1.368185e+04 1.868833e+04 2.825400e+04  
1.056935e-02 7.418484e+03 1.375291e+04 1.878505e+04 2.839936e+04  
1.071668e-02 7.456251e+03 1.382258e+04 1.887987e+04 2.854183e+04  
1.086606e-02 7.493245e+03 1.389081e+04 1.897270e+04 2.868128e+04  
1.101753e-02 7.529437e+03 1.395754e+04 1.906349e+04 2.881761e+04  
1.117111e-02 7.564800e+03 1.402273e+04 1.915215e+04 2.895070e+04  
1.132683e-02 7.599304e+03 1.408631e+04 1.923861e+04 2.908046e+04  
1.148472e-02 7.632922e+03 1.414825e+04 1.932281e+04 2.920676e+04  
1.164481e-02 7.665623e+03 1.420847e+04 1.940466e+04 2.932951e+04  
1.180713e-02 7.697377e+03 1.426692e+04 1.948409e+04 2.944857e+04  
1.197171e-02 7.728149e+03 1.432355e+04 1.956102e+04 2.956381e+04  
1.213859e-02 7.757906e+03 1.437828e+04 1.963535e+04 2.967512e+04  
1.230780e-02 7.786614e+03 1.443106e+04 1.970700e+04 2.978236e+04  
1.247936e-02 7.814240e+03 1.448183e+04 1.977588e+04 2.988539e+04  
1.265332e-02 7.840750e+03 1.453051e+04 1.984192e+04 2.998410e+04  
1.282970e-02 7.866109e+03 1.457705e+04 1.990502e+04 3.007835e+04  
1.300854e-02 7.890284e+03 1.462139e+04 1.996510e+04 3.016802e+04  
1.318987e-02 7.913241e+03 1.466346e+04 2.002207e+04 3.025296e+04  
1.337373e-02 7.934945e+03 1.470319e+04 2.007585e+04 3.033306e+04  
1.356015e-02 7.955364e+03 1.474054e+04 2.012635e+04 3.040818e+04  
1.374917e-02 7.974463e+03 1.477542e+04 2.017348e+04 3.047820e+04  
1.394083e-02 7.992210e+03 1.480779e+04 2.021717e+04 3.054300e+04  
1.413516e-02 8.008571e+03 1.483758e+04 2.025733e+04 3.060243e+04  
1.433219e-02 8.023513e+03 1.486473e+04 2.029387e+04 3.065639e+04  
1.453198e-02 8.036999e+03 1.488918e+04 2.032671e+04 3.070472e+04  
1.473454e-02 8.048995e+03 1.491085e+04 2.035575e+04 3.074731e+04  
1.493993e-02 8.059465e+03 1.492968e+04 2.038091e+04 3.078400e+04  
1.514819e-02 8.068375e+03 1.494561e+04 2.040209e+04 3.081468e+04  
1.535935e-02 8.075690e+03 1.495858e+04 2.041922e+04 3.083921e+04  
1.557345e-02 8.081377e+03 1.496852e+04 2.043221e+04 3.085747e+04  
1.579053e-02 8.085404e+03 1.497537e+04 2.044097e+04 3.086933e+04  
1.601064e-02 8.087734e+03 1.497907e+04 2.044543e+04 3.087467e+04  
1.623382e-02 8.088335e+03 1.497956e+04 2.044548e+04 3.087334e+04  
1.646012e-02 8.087172e+03 1.497677e+04 2.044106e+04 3.086524e+04  
1.668956e-02 8.084214e+03 1.497065e+04 2.043207e+04 3.085023e+04  
1.692220e-02 8.079430e+03 1.496113e+04 2.041845e+04 3.082820e+04  
1.715809e-02 8.072790e+03 1.494817e+04 2.040011e+04 3.079905e+04  
1.739726e-02 8.064265e+03 1.493171e+04 2.037699e+04 3.076265e+04  
1.763977e-02 8.053826e+03 1.491169e+04 2.034902e+04 3.071891e+04  
1.788566e-02 8.041445e+03 1.488807e+04 2.031611e+04 3.066772e+04  
1.813498e-02 8.027096e+03 1.486080e+04 2.027822e+04 3.060899e+04  
1.838777e-02 8.010755e+03 1.482984e+04 2.023528e+04 3.054262e+04  
1.864409e-02 7.992400e+03 1.479513e+04 2.018723e+04 3.046853e+04  
1.890397e-02 7.972009e+03 1.475666e+04 2.013402e+04 3.038666e+04  
1.916748e-02 7.949565e+03 1.471437e+04 2.007562e+04 3.029692e+04  
1.943467e-02 7.925051e+03 1.466825e+04 2.001197e+04 3.019927e+04  
1.970558e-02 7.898447e+03 1.461825e+04 1.994303e+04 3.009363e+04  
1.998026e-02 7.869740e+03 1.456436e+04 1.986877e+04 2.997995e+04  
2.025878e-02 7.838918e+03 1.450655e+04 1.978916e+04 2.985820e+04  
2.054117e-02 7.805972e+03 1.444481e+04 1.970419e+04 2.972834e+04  
2.082751e-02 7.770898e+03 1.437912e+04 1.961383e+04 2.959037e+04  
2.111783e-02 7.733693e+03 1.430949e+04 1.951810e+04 2.944427e+04  
2.141220e-02 7.694354e+03 1.423591e+04 1.941697e+04 2.929004e+04  
2.171068e-02 7.652876e+03 1.415838e+04 1.931045e+04 2.912768e+04  
2.201331e-02 7.609258e+03 1.407688e+04 1.919853e+04 2.895717e+04  
2.232016e-02 7.563504e+03 1.399144e+04 1.908122e+04 2.877854e+04  
2.263130e-02 7.515621e+03 1.390206e+04 1.895854e+04 2.859183e+04  
2.294676e-02 7.465620e+03 1.380877e+04 1.883054e+04 2.839708e+04  
2.326663e-02 7.413519e+03 1.371159e+04 1.869724e+04 2.819436e+04  
2.359095e-02 7.359335e+03 1.361057e+04 1.855870e+04 2.798374e+04  
2.391980e-02 7.303086e+03 1.350574e+04 1.841498e+04 2.776532e+04  
2.425323e-02 7.244797e+03 1.339715e+04 1.826612e+04 2.753917e+04  
2.459130e-02 7.184495e+03 1.328484e+04 1.811221e+04 2.730541e+04  
2.493409e-02 7.122216e+03 1.316889e+04 1.795334e+04 2.706419e+04  
2.528166e-02 7.058000e+03 1.304937e+04 1.778961e+04 2.681567e+04  
2.563407e-02 6.991895e+03 1.292637e+04 1.762115e+04 2.656003e+04  
2.599140e-02 6.923952e+03 1.279999e+04 1.744809e+04 2.629747e+04  
2.635371e-02 6.854213e+03 1.267030e+04 1.727053e+04 2.602816e+04  
2.672106e-02 6.782727e+03 1.253741e+04 1.708861e+04 2.575230e+04  
2.709354e-02 6.709550e+03 1.240140e+04 1.690247e+04 2.547010e+04  
2.747121e-02 6.634744e+03 1.226241e+04 1.671227e+04 2.518180e+04  
2.785414e-02 6.558379e+03 1.212055e+04 1.651819e+04 2.488769e+04  
2.824241e-02 6.480534e+03 1.197598e+04 1.632042e+04 2.458805e+04  
2.863610e-02 6.401291e+03 1.182885e+04 1.611919e+04 2.428322e+04  
2.903527e-02 6.320723e+03 1.167931e+04 1.591467e+04 2.397348e+04  
2.944000e-02 6.238906e+03 1.152747e+04 1.570706e+04 2.365912e+04  
2.985038e-02 6.155921e+03 1.137351e+04 1.549657e+04 2.334044e+04  
3.026648e-02 6.071858e+03 1.121759e+04 1.528343e+04 2.301781e+04  
3.068838e-02 5.986818e+03 1.105988e+04 1.506789e+04 2.269161e+04  
3.111616e-02 5.900909e+03 1.090061e+04 1.485023e+04 2.236225e+04  
3.154990e-02 5.814246e+03 1.073997e+04 1.463074e+04 2.203018e+04  
3.198969e-02 5.726931e+03 1.057816e+04 1.440967e+04 2.169578e+04  
3.243561e-02 5.639057e+03 1.041535e+04 1.418727e+04 2.135941e+04  
3.288774e-02 5.550725e+03 1.025173e+04 1.396378e+04 2.102146e+04  
3.334618e-02 5.462046e+03 1.008750e+04 1.373950e+04 2.068235e+04  
3.381101e-02 5.373139e+03 9.922887e+03 1.351472e+04 2.034254e+04  
3.428231e-02 5.284131e+03 9.758120e+03 1.328975e+04 2.000251e+04  
3.476019e-02 5.195159e+03 9.593455e+03 1.306496e+04 1.966278e+04  
3.524473e-02 5.106348e+03 9.429120e+03 1.284064e+04 1.932382e+04  
3.573602e-02 5.017806e+03 9.265317e+03 1.261708e+04 1.898604e+04  
3.623416e-02 4.929650e+03 9.102259e+03 1.239455e+04 1.864989e+04  
3.673925e-02 4.842002e+03 8.940174e+03 1.217338e+04 1.831584e+04  
3.725137e-02 4.754994e+03 8.779303e+03 1.195390e+04 1.798436e+04  
3.777064e-02 4.668765e+03 8.619902e+03 1.173644e+04 1.765600e+04  
3.829714e-02 4.583464e+03 8.462245e+03 1.152139e+04 1.733132e+04  
3.883098e-02 4.499218e+03 8.306564e+03 1.130905e+04 1.701078e+04  
3.937226e-02 4.416104e+03 8.153001e+03 1.109962e+04 1.669468e+04  
3.992109e-02 4.334195e+03 8.001691e+03 1.089329e+04 1.638329e+04  
4.047757e-02 4.253569e+03 7.852775e+03 1.069024e+04 1.607690e+04  
4.104181e-02 4.174304e+03 7.706397e+03 1.049067e+04 1.577582e+04  
4.161391e-02 4.096482e+03 7.562705e+03 1.029479e+04 1.548033e+04  
4.219398e-02 4.020187e+03 7.421853e+03 1.010280e+04 1.519075e+04  
4.278214e-02 3.945510e+03 7.284007e+03 9.914918e+03 1.490742e+04  
4.337850e-02 3.872562e+03 7.149369e+03 9.731429e+03 1.463076e+04  
4.398317e-02 3.801460e+03 7.018154e+03 9.552619e+03 1.436119e+04  
4.459628e-02 3.732328e+03 6.890587e+03 9.378794e+03 1.409918e+04  
4.521792e-02 3.665295e+03 6.766900e+03 9.210269e+03 1.384520e+04  
4.584824e-02 3.600494e+03 6.647337e+03 9.047373e+03 1.359975e+04  
4.648734e-02 3.538065e+03 6.532151e+03 8.890447e+03 1.336334e+04  
4.713535e-02 3.478109e+03 6.421525e+03 8.739740e+03 1.313633e+04  
4.779239e-02 3.420626e+03 6.315458e+03 8.595248e+03 1.291873e+04  
4.845859e-02 3.365595e+03 6.213906e+03 8.456909e+03 1.271044e+04  
4.913407e-02 3.312985e+03 6.116809e+03 8.324642e+03 1.251134e+04  
4.981898e-02 3.262757e+03 6.024094e+03 8.198345e+03 1.232128e+04  
5.051342e-02 3.214863e+03 5.935670e+03 8.077892e+03 1.214005e+04  
5.121755e-02 3.169248e+03 5.851435e+03 7.963145e+03 1.196747e+04  
5.193150e-02 3.125880e+03 5.771324e+03 7.854012e+03 1.180338e+04  
5.265540e-02 3.084724e+03 5.695274e+03 7.750407e+03 1.164766e+04  
5.338938e-02 3.045742e+03 5.623207e+03 7.652223e+03 1.150015e+04  
5.413360e-02 3.008882e+03 5.555029e+03 7.559331e+03 1.136066e+04  
5.488820e-02 2.974087e+03 5.490629e+03 7.471578e+03 1.122895e+04  
5.565331e-02 2.941286e+03 5.429877e+03 7.388786e+03 1.110476e+04  
5.642908e-02 2.910399e+03 5.372623e+03 7.310750e+03 1.098778e+04  
5.721568e-02 2.881334e+03 5.318694e+03 7.237235e+03 1.087767e+04  
5.801323e-02 2.853986e+03 5.267896e+03 7.167977e+03 1.077402e+04  
5.882190e-02 2.828238e+03 5.220013e+03 7.102680e+03 1.067639e+04  
5.964185e-02 2.803956e+03 5.174798e+03 7.041011e+03 1.058429e+04  
6.047322e-02 2.780988e+03 5.131970e+03 6.982587e+03 1.049714e+04  
6.131619e-02 2.759160e+03 5.091210e+03 6.926975e+03 1.041429e+04  
6.217090e-02 2.738281e+03 5.052169e+03 6.873701e+03 1.033503e+04  
6.303753e-02 2.718141e+03 5.014463e+03 6.822247e+03 1.025858e+04  
6.391624e-02 2.698516e+03 4.977685e+03 6.772060e+03 1.018413e+04  
6.480720e-02 2.679208e+03 4.941472e+03 6.722650e+03 1.011092e+04  
6.571058e-02 2.660024e+03 4.905474e+03 6.673542e+03 1.003824e+04  
6.662655e-02 2.640753e+03 4.869309e+03 6.624220e+03 9.965332e+03  
6.755528e-02 2.621167e+03 4.832563e+03 6.574126e+03 9.891341e+03  
6.849697e-02 2.601033e+03 4.794818e+03 6.522695e+03 9.815418e+03  
6.945178e-02 2.580148e+03 4.755705e+03 6.469427e+03 9.736808e+03  
7.041990e-02 2.558297e+03 4.714839e+03 6.413804e+03 9.654730e+03  
7.140151e-02 2.535250e+03 4.671810e+03 6.355272e+03 9.568342e+03  
7.239681e-02 2.510770e+03 4.626189e+03 6.293254e+03 9.476770e+03  
7.340598e-02 2.484675e+03 4.577653e+03 6.227315e+03 9.379351e+03  
7.442922e-02 2.456812e+03 4.525935e+03 6.157093e+03 9.275532e+03  
7.546673e-02 2.427022e+03 4.470750e+03 6.082205e+03 9.164726e+03  
7.651869e-02 2.395138e+03 4.411806e+03 6.002259e+03 9.046329e+03  
7.758532e-02 2.361065e+03 4.348937e+03 5.917032e+03 8.919995e+03  
7.866682e-02 2.324767e+03 4.282086e+03 5.826447e+03 8.785598e+03  
7.976339e-02 2.286211e+03 4.211198e+03 5.730434e+03 8.643018e+03  
8.087525e-02 2.245370e+03 4.136236e+03 5.628942e+03 8.492168e+03  
8.200261e-02 2.202296e+03 4.057297e+03 5.522105e+03 8.333241e+03  
8.314568e-02 2.157093e+03 3.974577e+03 5.410187e+03 8.166627e+03  
8.430468e-02 2.109879e+03 3.888292e+03 5.293484e+03 7.992765e+03  
8.547985e-02 2.060796e+03 3.798705e+03 5.172350e+03 7.812183e+03  
8.667139e-02 2.010049e+03 3.706189e+03 5.047289e+03 7.625641e+03  
8.787954e-02 1.957876e+03 3.611173e+03 4.918885e+03 7.434016e+03  
8.910453e-02 1.904534e+03 3.514128e+03 4.787773e+03 7.238269e+03  
9.034660e-02 1.850312e+03 3.415569e+03 4.654647e+03 7.039451e+03  
9.160598e-02 1.795520e+03 3.316059e+03 4.520271e+03 6.838719e+03  
9.288292e-02 1.740500e+03 3.216210e+03 4.385469e+03 6.637323e+03  
9.417766e-02 1.685621e+03 3.116681e+03 4.251133e+03 6.436616e+03  
9.549045e-02 1.631250e+03 3.018134e+03 4.118154e+03 6.237949e+03  
9.682153e-02 1.577733e+03 2.921185e+03 3.987363e+03 6.042583e+03  
9.817117e-02 1.525435e+03 2.826486e+03 3.859638e+03 5.851852e+03  
9.953962e-02 1.474749e+03 2.734737e+03 3.735923e+03 5.667182e+03  
1.009272e-01 1.426027e+03 2.646564e+03 3.617060e+03 5.489850e+03  
1.023340e-01 1.379536e+03 2.562443e+03 3.503686e+03 5.320819e+03  
1.037605e-01 1.335553e+03 2.482860e+03 3.396457e+03 5.161079e+03  
1.052069e-01 1.294362e+03 2.408322e+03 3.296048e+03 5.011652e+03  
1.066734e-01 1.256144e+03 2.339143e+03 3.202882e+03 4.873174e+03  
1.081604e-01 1.220989e+03 2.275479e+03 3.117166e+03 4.745954e+03  
1.096681e-01 1.188987e+03 2.217481e+03 3.039099e+03 4.630293e+03  
1.111968e-01 1.160195e+03 2.165247e+03 2.968807e+03 4.526384e+03  
1.127468e-01 1.134561e+03 2.118672e+03 2.906147e+03 4.434010e+03  
1.143184e-01 1.111991e+03 2.077584e+03 2.850885e+03 4.352821e+03  
1.159120e-01 1.092377e+03 2.041779e+03 2.802742e+03 4.282403e+03  
1.175277e-01 1.075543e+03 2.010935e+03 2.761284e+03 4.222108e+03  
1.191660e-01 1.061258e+03 1.984633e+03 2.725944e+03 4.171088e+03  
1.208271e-01 1.049263e+03 1.962406e+03 2.696096e+03 4.128406e+03  
1.225114e-01 1.039260e+03 1.943717e+03 2.671012e+03 4.092974e+03  
1.242191e-01 1.030900e+03 1.927937e+03 2.649851e+03 4.063529e+03  
1.259506e-01 1.023800e+03 1.914385e+03 2.631692e+03 4.038688e+03  
1.277063e-01 1.017548e+03 1.902325e+03 2.615550e+03 4.016958e+03  
1.294865e-01 1.011704e+03 1.890976e+03 2.600373e+03 3.996750e+03  
1.312915e-01 1.005792e+03 1.879499e+03 2.585032e+03 3.976341e+03  
1.331216e-01 9.993504e+02 1.867075e+03 2.568426e+03 3.954047e+03  
1.349772e-01 9.919584e+02 1.852968e+03 2.549562e+03 3.928340e+03  
1.368587e-01 9.831757e+02 1.836404e+03 2.527400e+03 3.897611e+03  
1.387665e-01 9.726481e+02 1.816768e+03 2.501106e+03 3.860560e+03  
1.407008e-01 9.601273e+02 1.793628e+03 2.470099e+03 3.816272e+03  
1.426621e-01 9.453721e+02 1.766569e+03 2.433818e+03 3.763857e+03  
1.446507e-01 9.282919e+02 1.735440e+03 2.392057e+03 3.702975e+03  
1.466671e-01 9.088872e+02 1.700251e+03 2.344827e+03 3.633623e+03  
1.487115e-01 8.872094e+02 1.661099e+03 2.292261e+03 3.555990e+03  
1.507845e-01 8.634670e+02 1.618360e+03 2.234864e+03 3.470843e+03  
1.528864e-01 8.379228e+02 1.572499e+03 2.173267e+03 3.379153e+03  
1.550175e-01 8.109261e+02 1.524135e+03 2.108304e+03 3.282210e+03  
1.571784e-01 7.829173e+02 1.474043e+03 2.041024e+03 3.181635e+03  
1.593694e-01 7.543831e+02 1.423081e+03 1.972581e+03 3.079217e+03  
1.615909e-01 7.258713e+02 1.372206e+03 1.904269e+03 2.976957e+03  
1.638434e-01 6.979696e+02 1.322449e+03 1.837474e+03 2.876988e+03  
1.661273e-01 6.711972e+02 1.274715e+03 1.773413e+03 2.781185e+03  
1.684430e-01 6.460372e+02 1.229847e+03 1.713216e+03 2.691275e+03  
1.707910e-01 6.228932e+02 1.188544e+03 1.657819e+03 2.608691e+03  
1.731717e-01 6.020308e+02 1.151265e+03 1.607835e+03 2.534356e+03  
1.755856e-01 5.836541e+02 1.118359e+03 1.563726e+03 2.468973e+03  
1.780332e-01 5.677954e+02 1.089875e+03 1.525555e+03 2.412628e+03  
1.805149e-01 5.544304e+02 1.065763e+03 1.493249e+03 2.365208e+03  
1.830312e-01 5.434244e+02 1.045779e+03 1.466479e+03 2.326212e+03  
1.855825e-01 5.345864e+02 1.029583e+03 1.444788e+03 2.294948e+03  
1.881694e-01 5.276385e+02 1.016682e+03 1.427515e+03 2.270419e+03  
1.907924e-01 5.222417e+02 1.006481e+03 1.413862e+03 2.251416e+03  
1.934520e-01 5.179682e+02 9.982309e+02 1.402826e+03 2.236416e+03  
1.961486e-01 5.143273e+02 9.910761e+02 1.393261e+03 2.223670e+03  
1.988828e-01 5.107891e+02 9.840967e+02 1.383932e+03 2.211284e+03  
2.016551e-01 5.068022e+02 9.763380e+02 1.373559e+03 2.197279e+03  
2.044661e-01 5.018925e+02 9.669826e+02 1.361041e+03 2.179945e+03  
2.073162e-01 4.956421e+02 9.553124e+02 1.345410e+03 2.157772e+03  
2.102061e-01 4.878058e+02 9.409096e+02 1.326104e+03 2.129867e+03  
2.131362e-01 4.782449e+02 9.235412e+02 1.302807e+03 2.095728e+03  
2.161073e-01 4.669970e+02 9.032792e+02 1.275616e+03 2.055496e+03  
2.191197e-01 4.542169e+02 8.803972e+02 1.244900e+03 2.009744e+03  
2.221741e-01 4.401983e+02 8.554070e+02 1.211350e+03 1.959548e+03  
2.252711e-01 4.253234e+02 8.289714e+02 1.175860e+03 1.906306e+03  
2.284112e-01 4.100478e+02 8.018776e+02 1.139492e+03 1.851673e+03  
2.315951e-01 3.948672e+02 7.749790e+02 1.103393e+03 1.797431e+03  
2.348235e-01 3.802762e+02 7.491251e+02 1.068702e+03 1.745343e+03  
2.380968e-01 3.667149e+02 7.250687e+02 1.036426e+03 1.696955e+03  
2.414157e-01 3.545230e+02 7.033886e+02 1.007336e+03 1.653444e+03  
2.447809e-01 3.439318e+02 6.844751e+02 9.819502e+02 1.615593e+03  
2.481930e-01 3.350314e+02 6.684764e+02 9.604611e+02 1.583686e+03  
2.516527e-01 3.277862e+02 6.553242e+02 9.427740e+02 1.557571e+03  
2.551606e-01 3.220269e+02 6.447222e+02 9.284906e+02 1.536635e+03  
2.587174e-01 3.174605e+02 6.361641e+02 9.169334e+02 1.519843e+03  
2.623238e-01 3.137121e+02 6.290052e+02 9.072411e+02 1.505878e+03  
2.659804e-01 3.103515e+02 6.225094e+02 8.984305e+02 1.493233e+03  
2.696881e-01 3.069451e+02 6.159373e+02 8.895131e+02 1.480392e+03  
2.734474e-01 3.030986e+02 6.086186e+02 8.795925e+02 1.465971e+03  
2.772591e-01 2.984945e+02 6.000163e+02 8.679497e+02 1.448857e+03  
2.811239e-01 2.929367e+02 5.898013e+02 8.541447e+02 1.428370e+03  
2.850426e-01 2.863586e+02 5.778650e+02 8.380329e+02 1.404287e+03  
2.890160e-01 2.788382e+02 5.643452e+02 8.198013e+02 1.376901e+03  
2.930447e-01 2.706018e+02 5.496294e+02 7.999710e+02 1.347026e+03  
2.971296e-01 2.619786e+02 5.342785e+02 7.792946e+02 1.315830e+03  
3.012714e-01 2.533427e+02 5.189271e+02 7.586212e+02 1.284625e+03  
3.054710e-01 2.450625e+02 5.041968e+02 7.387800e+02 1.254685e+03  
3.097291e-01 2.374535e+02 4.906178e+02 7.204758e+02 1.227082e+03  
3.140465e-01 2.307367e+02 4.785593e+02 7.041960e+02 1.202553e+03  
3.184242e-01 2.250053e+02 4.681729e+02 6.901388e+02 1.181388e+03  
3.228628e-01 2.202329e+02 4.594092e+02 6.782350e+02 1.163472e+03  
3.273634e-01 2.162732e+02 4.520181e+02 6.681497e+02 1.148290e+03  
3.319266e-01 2.128829e+02 4.455873e+02 6.593341e+02 1.135006e+03  
3.365535e-01 2.097673e+02 4.396204e+02 6.511290e+02 1.122616e+03  
3.412449e-01 2.066237e+02 4.336104e+02 6.428609e+02 1.110097e+03  
3.460016e-01 2.031939e+02 4.271260e+02 6.339582e+02 1.096582e+03  
3.508247e-01 1.992941e+02 4.198623e+02 6.240171e+02 1.081460e+03  
3.557150e-01 1.948644e+02 4.117229e+02 6.129116e+02 1.064543e+03  
3.606735e-01 1.899666e+02 4.028137e+02 6.007847e+02 1.046058e+03  
3.657011e-01 1.847701e+02 3.934201e+02 5.880168e+02 1.026588e+03  
3.707988e-01 1.795028e+02 3.839224e+02 5.751132e+02 1.006906e+03  
3.759675e-01 1.743938e+02 3.747012e+02 5.625778e+02 9.877716e+02  
3.812083e-01 1.696451e+02 3.660903e+02 5.508500e+02 9.698448e+02  
3.865221e-01 1.654008e+02 3.583255e+02 5.402386e+02 9.535823e+02  
3.919100e-01 1.617058e+02 3.514780e+02 5.308346e+02 9.391118e+02  
3.973730e-01 1.584957e+02 3.454381e+02 5.224911e+02 9.262066e+02  
4.029122e-01 1.556250e+02 3.399630e+02 5.148870e+02 9.143826e+02  
4.085286e-01 1.529088e+02 3.347470e+02 5.076198e+02 9.030378e+02  
4.142232e-01 1.501705e+02 3.294995e+02 5.003077e+02 8.916041e+02  
4.199973e-01 1.472735e+02 3.239968e+02 4.926579e+02 8.796488e+02  
4.258518e-01 1.441431e+02 3.181184e+02 4.845139e+02 8.669444e+02  
4.317880e-01 1.407926e+02 3.118880e+02 4.759084e+02 8.535456e+02  
4.378069e-01 1.373137e+02 3.054572e+02 4.670421e+02 8.397549e+02  
4.439097e-01 1.338463e+02 2.990552e+02 4.582152e+02 8.260188e+02  
4.500975e-01 1.305228e+02 2.928976e+02 4.497093e+02 8.127511e+02  
4.563716e-01 1.274398e+02 2.871397e+02 4.417259e+02 8.002439e+02  
4.627332e-01 1.246437e+02 2.818555e+02 4.343593e+02 7.886300e+02  
4.691835e-01 1.221138e+02 2.770089e+02 4.275612e+02 7.778334e+02  
4.757236e-01 1.197658e+02 2.724623e+02 4.211512e+02 7.675884e+02  
4.823549e-01 1.174924e+02 2.680413e+02 4.149030e+02 7.575655e+02  
4.890787e-01 1.152019e+02 2.635983e+02 4.086252e+02 7.474892e+02  
4.958962e-01 1.128353e+02 2.590390e+02 4.021969e+02 7.371876e+02  
5.028087e-01 1.103811e+02 2.543464e+02 3.955972e+02 7.266350e+02  
5.098176e-01 1.078832e+02 2.495914e+02 3.889189e+02 7.159677e+02  
5.169242e-01 1.054163e+02 2.448940e+02 3.823169e+02 7.054090e+02  
5.241298e-01 1.030466e+02 2.403597e+02 3.759268e+02 6.951510e+02  
5.314359e-01 1.008197e+02 2.360599e+02 3.698393e+02 6.853202e+02  
5.388438e-01 9.874758e+01 2.320125e+02 3.640762e+02 6.759440e+02  
5.463550e-01 9.679154e+01 2.281551e+02 3.585569e+02 6.669060e+02  
5.539709e-01 9.489834e+01 2.244029e+02 3.531724e+02 6.580527e+02  
5.616930e-01 9.302115e+01 2.206818e+02 3.478287e+02 6.492528e+02  
5.695227e-01 9.112797e+01 2.169418e+02 3.424624e+02 6.404203e+02  
5.774615e-01 8.921708e+01 2.131808e+02 3.370716e+02 6.315545e+02  
5.855110e-01 8.731993e+01 2.094483e+02 3.317195e+02 6.227440e+02  
5.936727e-01 8.547013e+01 2.057969e+02 3.264726e+02 6.140803e+02  
6.019482e-01 8.369453e+01 2.022680e+02 3.213829e+02 6.056333e+02  
6.103390e-01 8.200548e+01 1.988800e+02 3.164728e+02 5.974320e+02  
6.188468e-01 8.038824e+01 1.956094e+02 3.117124e+02 5.894339e+02  
6.274732e-01 7.881455e+01 1.924123e+02 3.070462e+02 5.815639e+02  
6.362198e-01 7.726235e+01 1.892544e+02 3.024315e+02 5.737651e+02  
6.450884e-01 7.571858e+01 1.861159e+02 2.978437e+02 5.660057e+02  
6.540806e-01 7.419241e+01 1.830109e+02 2.933009e+02 5.583101e+02  
6.631981e-01 7.269578e+01 1.799577e+02 2.888256e+02 5.507086e+02  
6.724427e-01 7.124761e+01 1.769849e+02 2.844531e+02 5.432465e+02  
6.818162e-01 6.984662e+01 1.740901e+02 2.801801e+02 5.359189e+02  
6.913204e-01 6.848484e+01 1.712610e+02 2.759913e+02 5.287054e+02  
7.009570e-01 6.715381e+01 1.684846e+02 2.718705e+02 5.215851e+02  
7.107280e-01 6.584924e+01 1.657544e+02 2.678099e+02 5.145478e+02  
7.206351e-01 6.457170e+01 1.630711e+02 2.638102e+02 5.075945e+02  
7.306804e-01 6.332198e+01 1.604357e+02 2.598728e+02 5.007267e+02  
7.408657e-01 6.210074e+01 1.578492e+02 2.559985e+02 4.939455e+02  
7.511929e-01 6.090772e+01 1.553110e+02 2.521866e+02 4.872497e+02  
7.616642e-01 5.974222e+01 1.528199e+02 2.484356e+02 4.806374e+02  
7.722814e-01 5.860343e+01 1.503745e+02 2.447439e+02 4.741061e+02  
7.830465e-01 5.749055e+01 1.479736e+02 2.411097e+02 4.676537e+02  
7.939618e-01 5.640287e+01 1.456159e+02 2.375316e+02 4.612782e+02  
8.050292e-01 5.533961e+01 1.433002e+02 2.340079e+02 4.549776e+02  
8.162509e-01 5.429988e+01 1.410251e+02 2.305370e+02 4.487496e+02  
8.276289e-01 5.328298e+01 1.387894e+02 2.271174e+02 4.425924e+02  
8.391656e-01 5.228831e+01 1.365922e+02 2.237479e+02 4.365044e+02  
8.508632e-01 5.131520e+01 1.344323e+02 2.204271e+02 4.304840e+02  
8.627237e-01 5.036297e+01 1.323088e+02 2.171537e+02 4.245294e+02  
8.747496e-01 4.943130e+01 1.302209e+02 2.139271e+02 4.186398e+02  
8.869432e-01 4.851992e+01 1.281683e+02 2.107465e+02 4.128142e+02  
8.993067e-01 4.762846e+01 1.261502e+02 2.076111e+02 4.070517e+02  
9.118425e-01 4.675645e+01 1.241659e+02 2.045201e+02 4.013509e+02  
9.245531e-01 4.590326e+01 1.222144e+02 2.014720e+02 3.957104e+02  
9.374409e-01 4.506818e+01 1.202946e+02 1.984658e+02 3.901287e+02  
9.505083e-01 4.425046e+01 1.184054e+02 1.954999e+02 3.846043e+02  
9.637579e-01 4.344968e+01 1.165461e+02 1.925737e+02 3.791362e+02  
9.771921e-01 4.266556e+01 1.147162e+02 1.896865e+02 3.737237e+02  
9.908137e-01 4.189775e+01 1.129151e+02 1.868376e+02 3.683659e+02  
1.004625e+00 4.114589e+01 1.111422e+02 1.840263e+02 3.630621e+02  
1.018629e+00 4.040958e+01 1.093970e+02 1.812519e+02 3.578113e+02  
1.032828e+00 3.968839e+01 1.076787e+02 1.785135e+02 3.526128e+02  
1.047225e+00 3.898182e+01 1.059866e+02 1.758103e+02 3.474655e+02  
1.061823e+00 3.828949e+01 1.043201e+02 1.731415e+02 3.423687e+02  
1.076624e+00 3.761106e+01 1.026786e+02 1.705067e+02 3.373216e+02  
1.091632e+00 3.694615e+01 1.010616e+02 1.679050e+02 3.323239e+02  
1.106848e+00 3.629437e+01 9.946847e+01 1.653359e+02 3.273746e+02  
1.122277e+00 3.565545e+01 9.789880e+01 1.627987e+02 3.224734e+02  
1.137921e+00 3.502909e+01 9.635212e+01 1.602931e+02 3.176197e+02  
1.153783e+00 3.441498e+01 9.482794e+01 1.578184e+02 3.128128e+02  
1.169866e+00 3.381280e+01 9.332578e+01 1.553741e+02 3.080524e+02  
1.186174e+00 3.322228e+01 9.184524e+01 1.529597e+02 3.033380e+02  
1.202708e+00 3.264313e+01 9.038587e+01 1.505748e+02 2.986691e+02  
1.219473e+00 3.207502e+01 8.894719e+01 1.482188e+02 2.940453e+02  
1.236472e+00 3.151768e+01 8.752879e+01 1.458912e+02 2.894662e+02  
1.253708e+00 3.097088e+01 8.613032e+01 1.435917e+02 2.849314e+02  
1.271184e+00 3.043431e+01 8.475135e+01 1.413198e+02 2.804407e+02  
1.288904e+00 2.990771e+01 8.339148e+01 1.390751e+02 2.759938e+02  
1.306870e+00 2.939086e+01 8.205039e+01 1.368572e+02 2.715903e+02  
1.325087e+00 2.888353e+01 8.072774e+01 1.346658e+02 2.672300e+02  
1.343558e+00 2.838546e+01 7.942318e+01 1.325005e+02 2.629126e+02  
1.362287e+00 2.789643e+01 7.813637e+01 1.303609e+02 2.586380e+02  
1.381276e+00 2.741626e+01 7.686705e+01 1.282468e+02 2.544059e+02  
1.400531e+00 2.694472e+01 7.561490e+01 1.261577e+02 2.502161e+02  
1.420053e+00 2.648160e+01 7.437962e+01 1.240935e+02 2.460686e+02  
1.439848e+00 2.602671e+01 7.316093e+01 1.220539e+02 2.419631e+02  
1.459919e+00 2.557987e+01 7.195859e+01 1.200384e+02 2.378995e+02  
1.480269e+00 2.514087e+01 7.077229e+01 1.180470e+02 2.338777e+02  
1.500903e+00 2.470951e+01 6.960178e+01 1.160792e+02 2.298976e+02  
1.521825e+00 2.428564e+01 6.844683e+01 1.141349e+02 2.259591e+02  
1.543038e+00 2.386908e+01 6.730721e+01 1.122138e+02 2.220621e+02  
1.564548e+00 2.345965e+01 6.618266e+01 1.101097e+02 2.182065e+02  
1.586357e+00 2.305720e+01 6.507298e+01 1.084404e+02 2.143923e+02  
1.608469e+00 2.266159e+01 6.397797e+01 1.065876e+02 2.106195e+02  
1.630891e+00 2.227268e+01 6.289744e+01 1.047573e+02 2.068879e+02  
1.653624e+00 2.189031e+01 6.183116e+01 1.029490e+02 2.031977e+02  
1.676675e+00 2.151435e+01 6.077897e+01 1.011628e+02 1.995487e+02  
1.700047e+00 2.114464e+01 5.974066e+01 9.939829e+01 1.959409e+02  
1.723745e+00 2.078104e+01 5.871603e+01 9.765541e+01 1.923743e+02  
1.747773e+00 2.042340e+01 5.770490e+01 9.593394e+01 1.888488e+02  
1.772136e+00 2.007161e+01 5.670712e+01 9.423373e+01 1.853646e+02  
1.796838e+00 1.972557e+01 5.572253e+01 9.255461e+01 1.819216e+02  
1.821885e+00 1.938513e+01 5.475095e+01 9.089643e+01 1.785197e+02  
1.847281e+00 1.905020e+01 5.379226e+01 8.925904e+01 1.751590e+02  
1.873032e+00 1.872066e+01 5.284630e+01 8.764229e+01 1.718394e+02  
1.899141e+00 1.839641e+01 5.191291e+01 8.604604e+01 1.685611e+02  
1.925614e+00 1.807733e+01 5.099196e+01 8.447014e+01 1.653238e+02  
1.952456e+00 1.776332e+01 5.008331e+01 8.291446e+01 1.621278e+02  
1.979672e+00 1.745429e+01 4.918683e+01 8.137886e+01 1.589728e+02  
2.007267e+00 1.715012e+01 4.830238e+01 7.986321e+01 1.558590e+02  
2.035248e+00 1.685073e+01 4.742983e+01 7.836738e+01 1.527863e+02  
2.063618e+00 1.655602e+01 4.656907e+01 7.689124e+01 1.497547e+02  
2.092383e+00 1.626592e+01 4.571998e+01 7.543468e+01 1.467640e+02  
2.121550e+00 1.598032e+01 4.488243e+01 7.399757e+01 1.438144e+02  
2.151123e+00 1.569916e+01 4.405631e+01 7.257980e+01 1.409058e+02  
2.181109e+00 1.542236e+01 4.324152e+01 7.118124e+01 1.380381e+02  
2.211512e+00 1.514982e+01 4.243795e+01 6.980179e+01 1.352112e+02  
2.242340e+00 1.488147e+01 4.164547e+01 6.844132e+01 1.324250e+02  
2.273597e+00 1.461725e+01 4.086400e+01 6.709972e+01 1.296797e+02  
2.305289e+00 1.435709e+01 4.009343e+01 6.577689e+01 1.269748e+02  
2.337424e+00 1.410091e+01 3.933366e+01 6.447270e+01 1.243103e+02  
2.370006e+00 1.384864e+01 3.858458e+01 6.318706e+01 1.216863e+02  
2.403043e+00 1.360022e+01 3.784611e+01 6.191984e+01 1.191025e+02  
2.436540e+00 1.335559e+01 3.711815e+01 6.067094e+01 1.165587e+02  
2.470504e+00 1.311466e+01 3.640060e+01 5.944025e+01 1.140550e+02  
2.504942e+00 1.287740e+01 3.569336e+01 5.822765e+01 1.115912e+02  
2.539859e+00 1.264375e+01 3.499635e+01 5.703304e+01 1.091669e+02  
2.575263e+00 1.241363e+01 3.430948e+01 5.585632e+01 1.067820e+02  
2.611161e+00 1.218701e+01 3.363266e+01 5.469736e+01 1.044363e+02  
2.647559e+00 1.196383e+01 3.296581e+01 5.355604e+01 1.021297e+02  
2.684465e+00 1.174403e+01 3.230883e+01 5.243227e+01 9.986182e+01  
2.721885e+00 1.152757e+01 3.166163e+01 5.132594e+01 9.763253e+01  
2.759826e+00 1.131439e+01 3.102415e+01 5.023692e+01 9.544155e+01  
2.798297e+00 1.110445e+01 3.039628e+01 4.916510e+01 9.328862e+01  
2.837304e+00 1.089770e+01 2.977795e+01 4.811036e+01 9.117346e+01  
2.876854e+00 1.069409e+01 2.916907e+01 4.707256e+01 8.909580e+01  
2.916956e+00 1.049358e+01 2.856956e+01 4.605164e+01 8.705533e+01  
2.957617e+00 1.029612e+01 2.797934e+01 4.504749e+01 8.505176e+01  
2.998844e+00 1.010167e+01 2.739832e+01 4.405990e+01 8.308477e+01  
3.040646e+00 9.910199e+00 2.682643e+01 4.308880e+01 8.115403e+01  
3.083031e+00 9.721659e+00 2.626359e+01 4.213406e+01 7.925921e+01  
3.126007e+00 9.536010e+00 2.570973e+01 4.119554e+01 7.739996e+01  
3.169582e+00 9.353212e+00 2.516474e+01 4.027312e+01 7.557594e+01  
3.213764e+00 9.173229e+00 2.462857e+01 3.936668e+01 7.378678e+01  
3.258562e+00 8.996026e+00 2.410112e+01 3.847607e+01 7.203212e+01  
3.303985e+00 8.821559e+00 2.358231e+01 3.760115e+01 7.031157e+01  
3.350041e+00 8.649804e+00 2.307208e+01 3.674180e+01 6.862476e+01  
3.396739e+00 8.480727e+00 2.257034e+01 3.589788e+01 6.697162e+01  
3.444087e+00 8.314284e+00 2.207701e+01 3.506923e+01 6.535115e+01  
3.492096e+00 8.150446e+00 2.159202e+01 3.425572e+01 6.376286e+01  
3.540774e+00 7.989181e+00 2.111528e+01 3.345721e+01 6.220673e+01  
3.590130e+00 7.830457e+00 2.064671e+01 3.267353e+01 6.068303e+01  
3.640175e+00 7.674244e+00 2.018624e+01 3.190456e+01 5.919031e+01  
3.690917e+00 7.520509e+00 1.973379e+01 3.115012e+01 5.772851e+01  
3.742366e+00 7.369223e+00 1.928928e+01 3.041006e+01 5.629722e+01  
3.794533e+00 7.220356e+00 1.885263e+01 2.968425e+01 5.489599e+01  
3.847427e+00 7.073879e+00 1.842376e+01 2.897251e+01 5.352442e+01  
3.901058e+00 6.929762e+00 1.800260e+01 2.827468e+01 5.218208e+01  
3.955436e+00 6.787978e+00 1.758905e+01 2.759064e+01 5.086854e+01  
4.010573e+00 6.648499e+00 1.718305e+01 2.692013e+01 4.958337e+01  
4.066478e+00 6.511298e+00 1.678451e+01 2.626302e+01 4.832614e+01  
4.123163e+00 6.376346e+00 1.639335e+01 2.561922e+01 4.709643e+01  
4.180637e+00 6.243618e+00 1.600949e+01 2.498855e+01 4.589380e+01  
4.238913e+00 6.113086e+00 1.563285e+01 2.437077e+01 4.471783e+01  
4.298001e+00 5.984725e+00 1.526335e+01 2.376575e+01 4.356808e+01  
4.357913e+00 5.858509e+00 1.490091e+01 2.317331e+01 4.244413e+01  
4.418660e+00 5.734413e+00 1.454545e+01 2.259329e+01 4.134555e+01  
4.480254e+00 5.612410e+00 1.419689e+01 2.202550e+01 4.027191e+01  
4.542706e+00 5.492476e+00 1.385512e+01 2.146979e+01 3.922279e+01  
4.606029e+00 5.374586e+00 1.352008e+01 2.092597e+01 3.819776e+01  
4.670234e+00 5.258717e+00 1.319170e+01 2.039387e+01 3.719642e+01  
4.735335e+00 5.144843e+00 1.286987e+01 1.987332e+01 3.621799e+01  
4.801343e+00 5.032941e+00 1.255453e+01 1.936415e+01 3.526306e+01  
4.868271e+00 4.922986e+00 1.224559e+01 1.886617e+01 3.433059e+01  
4.936132e+00 4.814957e+00 1.194295e+01 1.837921e+01 3.341942e+01  
5.004939e+00 4.708827e+00 1.164655e+01 1.790310e+01 3.253021e+01  
5.074705e+00 4.604576e+00 1.135629e+01 1.743768e+01 3.166220e+01  
5.145444e+00 4.502180e+00 1.107208e+01 1.698274e+01 3.081499e+01  
5.217169e+00 4.401615e+00 1.079386e+01 1.653814e+01 2.998818e+01  
5.289893e+00 4.302860e+00 1.052152e+01 1.610371e+01 2.918137e+01  
5.363631e+00 4.205892e+00 1.025499e+01 1.567917e+01 2.839417e+01  
5.438397e+00 4.110690e+00 9.994187e+00 1.526454e+01 2.762620e+01  
5.514206e+00 4.017227e+00 9.739017e+00 1.485954e+01 2.687708e+01  
5.591071e+00 3.925484e+00 9.489398e+00 1.446398e+01 2.614641e+01  
5.669007e+00 3.835443e+00 9.245246e+00 1.407773e+01 2.543384e+01  
5.748030e+00 3.747078e+00 9.006475e+00 1.370060e+01 2.473898e+01  
5.828155e+00 3.660367e+00 8.773000e+00 1.333244e+01 2.406147e+01  
5.909396e+00 3.575291e+00 8.544738e+00 1.297308e+01 2.340094e+01  
5.991770e+00 3.491827e+00 8.321603e+00 1.262235e+01 2.275705e+01  
6.075292e+00 3.409955e+00 8.103512e+00 1.228008e+01 2.212943e+01  
6.159978e+00 3.329653e+00 7.890382e+00 1.194612e+01 2.151730e+01  
6.245845e+00 3.250901e+00 7.682130e+00 1.162031e+01 2.092162e+01  
6.332908e+00 3.173677e+00 7.478673e+00 1.130249e+01 2.034076e+01  
6.421186e+00 3.097962e+00 7.279929e+00 1.099249e+01 1.977482e+01  
6.510694e+00 3.023735e+00 7.085819e+00 1.069016e+01 1.922345e+01  
6.601449e+00 2.950975e+00 6.896250e+00 1.039535e+01 1.868634e+01  
6.693470e+00 2.879662e+00 6.711150e+00 1.010799e+01 1.816317e+01  
6.786773e+00 2.809776e+00 6.530443e+00 9.827671e+00 1.765363e+01  
6.881377e+00 2.741297e+00 6.354037e+00 9.554433e+00 1.715740e+01  
6.977300e+00 2.674206e+00 6.181857e+00 9.288250e+00 1.667419e+01  
7.074559e+00 2.608482e+00 6.013821e+00 9.028767e+00 1.620370e+01  
7.173175e+00 2.544105e+00 5.849852e+00 8.775910e+00 1.574562e+01  
7.273165e+00 2.481057e+00 5.689871e+00 8.529539e+00 1.529963e+01  
7.374549e+00 2.419318e+00 5.533799e+00 8.289510e+00 1.486551e+01  
7.477346e+00 2.358868e+00 5.381566e+00 8.055687e+00 1.444299e+01  
7.581576e+00 2.299689e+00 5.233093e+00 7.827930e+00 1.403174e+01  
7.687260e+00 2.241761e+00 5.088303e+00 7.606106e+00 1.363151e+01  
7.794416e+00 2.185067e+00 4.947126e+00 7.390092e+00 1.324204e+01  
7.903066e+00 2.129583e+00 4.809488e+00 7.179746e+00 1.286307e+01  
8.013230e+00 2.075297e+00 4.675317e+00 6.974943e+00 1.249434e+01  
8.124930e+00 2.022186e+00 4.544539e+00 6.775442e+00 1.213561e+01  
8.238187e+00 1.970233e+00 4.417083e+00 6.581464e+00 1.178662e+01  
8.353023e+00 1.919420e+00 4.292878e+00 6.392541e+00 1.144716e+01  
8.469460e+00 1.869727e+00 4.171854e+00 6.208668e+00 1.111697e+01  
8.587519e+00 1.821138e+00 4.053943e+00 6.029728e+00 1.079581e+01  
8.707225e+00 1.773633e+00 3.939078e+00 5.855608e+00 1.048348e+01  
8.828599e+00 1.727195e+00 3.827192e+00 5.686174e+00 1.017975e+01  
8.951665e+00 1.681807e+00 3.718223e+00 5.521337e+00 9.884406e+00  
9.076446e+00 1.637450e+00 3.612097e+00 5.360988e+00 9.597228e+00  
9.202967e+00 1.594107e+00 3.508779e+00 5.205004e+00 9.318012e+00  
9.331251e+00 1.551757e+00 3.408180e+00 5.053284e+00 9.046556e+00  
9.461324e+00 1.510398e+00 3.310246e+00 4.905738e+00 8.782661e+00  
9.593209e+00 1.469989e+00 3.214916e+00 4.762202e+00 8.526132e+00  
9.726934e+00 1.430529e+00 3.122129e+00 4.622682e+00 8.276771e+00  
9.862522e+00 1.391997e+00 3.031823e+00 4.487012e+00 8.034416e+00  
1.000000e+01 1.354376e+00 2.943941e+00 4.354908e+00 7.798875e+00  
