1.000000e-02 7.460086e+03 1.366248e+04 1.853913e+04 2.779162e+04  
1.013939e-02 7.500822e+03 1.373680e+04 1.863968e+04 2.794159e+04  
1.028073e-02 7.540893e+03 1.380990e+04 1.873856e+04 2.808902e+04  
1.042404e-02 7.580270e+03 1.388171e+04 1.883570e+04 2.823383e+04  
1.056935e-02 7.618925e+03 1.395220e+04 1.893103e+04 2.837590e+04  
1.071668e-02 7.656828e+03 1.402130e+04 1.902446e+04 2.851512e+04  
1.086606e-02 7.693949e+03 1.408896e+04 1.911594e+04 2.865138e+04  
1.101753e-02 7.730259e+03 1.415513e+04 1.920538e+04 2.878457e+04  
1.117111e-02 7.765727e+03 1.421974e+04 1.929270e+04 2.891457e+04  
1.132683e-02 7.800321e+03 1.428275e+04 1.937784e+04 2.904127e+04  
1.148472e-02 7.834012e+03 1.434410e+04 1.946071e+04 2.916455e+04  
1.164481e-02 7.866768e+03 1.440372e+04 1.954124e+04 2.928430e+04  
1.180713e-02 7.898557e+03 1.446157e+04 1.961934e+04 2.940040e+04  
1.197171e-02 7.929347e+03 1.451757e+04 1.969494e+04 2.951272e+04  
1.213859e-02 7.959105e+03 1.457168e+04 1.976796e+04 2.962115e+04  
1.230780e-02 7.987799e+03 1.462383e+04 1.983831e+04 2.972557e+04  
1.247936e-02 8.015397e+03 1.467397e+04 1.990592e+04 2.982585e+04  
1.265332e-02 8.041864e+03 1.472202e+04 1.997070e+04 2.992188e+04  
1.282970e-02 8.067170e+03 1.476794e+04 2.003257e+04 3.001352e+04  
1.300854e-02 8.091280e+03 1.481166e+04 2.009145e+04 3.010066e+04  
1.318987e-02 8.114157e+03 1.485312e+04 2.014724e+04 3.018317e+04  
1.337373e-02 8.135766e+03 1.489224e+04 2.019987e+04 3.026090e+04  
1.356015e-02 8.156073e+03 1.492897e+04 2.024923e+04 3.033372e+04  
1.374917e-02 8.175041e+03 1.496324e+04 2.029525e+04 3.040152e+04  
1.394083e-02 8.192636e+03 1.499499e+04 2.033784e+04 3.046415e+04  
1.413516e-02 8.208822e+03 1.502414e+04 2.037691e+04 3.052149e+04  
1.433219e-02 8.223564e+03 1.505065e+04 2.041237e+04 3.057340e+04  
1.453198e-02 8.236824e+03 1.507443e+04 2.044413e+04 3.061975e+04  
1.473454e-02 8.248566e+03 1.509543e+04 2.047210e+04 3.066041e+04  
1.493993e-02 8.258753e+03 1.511356e+04 2.049619e+04 3.069522e+04  
1.514819e-02 8.267349e+03 1.512878e+04 2.051630e+04 3.072407e+04  
1.535935e-02 8.274318e+03 1.514101e+04 2.053236e+04 3.074682e+04  
1.557345e-02 8.279626e+03 1.515019e+04 2.054427e+04 3.076335e+04  
1.579053e-02 8.283237e+03 1.515626e+04 2.055195e+04 3.077352e+04  
1.601064e-02 8.285118e+03 1.515915e+04 2.055531e+04 3.077721e+04  
1.623382e-02 8.285233e+03 1.515880e+04 2.055428e+04 3.077429e+04  
1.646012e-02 8.283551e+03 1.515516e+04 2.054876e+04 3.076464e+04  
1.668956e-02 8.280038e+03 1.514815e+04 2.053868e+04 3.074815e+04  
1.692220e-02 8.274665e+03 1.513774e+04 2.052396e+04 3.072471e+04  
1.715809e-02 8.267402e+03 1.512386e+04 2.050454e+04 3.069420e+04  
1.739726e-02 8.258219e+03 1.510646e+04 2.048034e+04 3.065652e+04  
1.763977e-02 8.247087e+03 1.508548e+04 2.045129e+04 3.061156e+04  
1.788566e-02 8.233977e+03 1.506088e+04 2.041731e+04 3.055922e+04  
1.813498e-02 8.218859e+03 1.503260e+04 2.037834e+04 3.049939e+04  
1.838777e-02 8.201710e+03 1.500060e+04 2.033432e+04 3.043199e+04  
1.864409e-02 8.182505e+03 1.496483e+04 2.028518e+04 3.035692e+04  
1.890397e-02 8.161222e+03 1.492525e+04 2.023088e+04 3.027411e+04  
1.916748e-02 8.137840e+03 1.488184e+04 2.017137e+04 3.018350e+04  
1.943467e-02 8.112337e+03 1.483454e+04 2.010658e+04 3.008499e+04  
1.970558e-02 8.084693e+03 1.478331e+04 2.003648e+04 2.997851e+04  
1.998026e-02 8.054886e+03 1.472814e+04 1.996101e+04 2.986399e+04  
2.025878e-02 8.022902e+03 1.466897e+04 1.988014e+04 2.974139e+04  
2.054117e-02 7.988727e+03 1.460580e+04 1.979384e+04 2.961065e+04  
2.082751e-02 7.952350e+03 1.453860e+04 1.970207e+04 2.947174e+04  
2.111783e-02 7.913764e+03 1.446737e+04 1.960483e+04 2.932464e+04  
2.141220e-02 7.872962e+03 1.439208e+04 1.950210e+04 2.916933e+04  
2.171068e-02 7.829941e+03 1.431274e+04 1.939387e+04 2.900580e+04  
2.201331e-02 7.784701e+03 1.422934e+04 1.928016e+04 2.883406e+04  
2.232016e-02 7.737246e+03 1.414190e+04 1.916096e+04 2.865413e+04  
2.263130e-02 7.687585e+03 1.405043e+04 1.903631e+04 2.846604e+04  
2.294676e-02 7.635731e+03 1.395496e+04 1.890624e+04 2.826986e+04  
2.326663e-02 7.581703e+03 1.385552e+04 1.877079e+04 2.806565e+04  
2.359095e-02 7.525515e+03 1.375214e+04 1.863002e+04 2.785348e+04  
2.391980e-02 7.467183e+03 1.364485e+04 1.848395e+04 2.763341e+04  
2.425323e-02 7.406726e+03 1.353369e+04 1.833265e+04 2.740553e+04  
2.459130e-02 7.344169e+03 1.341870e+04 1.817617e+04 2.716992e+04  
2.493409e-02 7.279544e+03 1.329995e+04 1.801460e+04 2.692672e+04  
2.528166e-02 7.212887e+03 1.317750e+04 1.784803e+04 2.667606e+04  
2.563407e-02 7.144241e+03 1.305143e+04 1.767657e+04 2.641811e+04  
2.599140e-02 7.073650e+03 1.292182e+04 1.750033e+04 2.615304e+04  
2.635371e-02 7.001157e+03 1.278876e+04 1.731942e+04 2.588102e+04  
2.672106e-02 6.926809e+03 1.265233e+04 1.713396e+04 2.560223e+04  
2.709354e-02 6.850661e+03 1.251263e+04 1.694410e+04 2.531688e+04  
2.747121e-02 6.772777e+03 1.236978e+04 1.674998e+04 2.502521e+04  
2.785414e-02 6.693228e+03 1.222391e+04 1.655180e+04 2.472749e+04  
2.824241e-02 6.612091e+03 1.207517e+04 1.634974e+04 2.442402e+04  
2.863610e-02 6.529447e+03 1.192370e+04 1.614401e+04 2.411509e+04  
2.903527e-02 6.445365e+03 1.176963e+04 1.593478e+04 2.380098e+04  
2.944000e-02 6.359920e+03 1.161310e+04 1.572224e+04 2.348196e+04  
2.985038e-02 6.273195e+03 1.145427e+04 1.550660e+04 2.315834e+04  
3.026648e-02 6.185281e+03 1.129329e+04 1.528808e+04 2.283048e+04  
3.068838e-02 6.096279e+03 1.113035e+04 1.506694e+04 2.249874e+04  
3.111616e-02 6.006298e+03 1.096567e+04 1.484345e+04 2.216354e+04  
3.154990e-02 5.915452e+03 1.079943e+04 1.461789e+04 2.182529e+04  
3.198969e-02 5.823836e+03 1.063183e+04 1.439050e+04 2.148437e+04  
3.243561e-02 5.731549e+03 1.046303e+04 1.416153e+04 2.114113e+04  
3.288774e-02 5.638696e+03 1.029323e+04 1.393123e+04 2.079596e+04  
3.334618e-02 5.545392e+03 1.012265e+04 1.369990e+04 2.044930e+04  
3.381101e-02 5.451761e+03 9.951505e+03 1.346783e+04 2.010161e+04  
3.428231e-02 5.357936e+03 9.780043e+03 1.323537e+04 1.975337e+04  
3.476019e-02 5.264058e+03 9.608520e+03 1.300285e+04 1.940511e+04  
3.524473e-02 5.170247e+03 9.437152e+03 1.277057e+04 1.905726e+04  
3.573602e-02 5.076615e+03 9.266149e+03 1.253882e+04 1.871026e+04  
3.623416e-02 4.983283e+03 9.095728e+03 1.230788e+04 1.836453e+04  
3.673925e-02 4.890382e+03 8.926128e+03 1.207808e+04 1.802057e+04  
3.725137e-02 4.798049e+03 8.757597e+03 1.184976e+04 1.767887e+04  
3.777064e-02 4.706432e+03 8.590404e+03 1.162328e+04 1.733998e+04  
3.829714e-02 4.615683e+03 8.424829e+03 1.139902e+04 1.700446e+04  
3.883098e-02 4.525921e+03 8.261082e+03 1.117726e+04 1.667273e+04  
3.937226e-02 4.437230e+03 8.099320e+03 1.095821e+04 1.634511e+04  
3.992109e-02 4.349699e+03 7.939702e+03 1.074209e+04 1.602192e+04  
4.047757e-02 4.263420e+03 7.782392e+03 1.052912e+04 1.570349e+04  
4.104181e-02 4.178487e+03 7.627565e+03 1.031953e+04 1.539017e+04  
4.161391e-02 4.095000e+03 7.475399e+03 1.011357e+04 1.508232e+04  
4.219398e-02 4.013062e+03 7.326081e+03 9.911481e+03 1.478031e+04  
4.278214e-02 3.932782e+03 7.179804e+03 9.713531e+03 1.448453e+04  
4.337850e-02 3.854270e+03 7.036772e+03 9.519991e+03 1.419538e+04  
4.398317e-02 3.777645e+03 6.897194e+03 9.331142e+03 1.391329e+04  
4.459628e-02 3.703028e+03 6.761289e+03 9.147280e+03 1.363869e+04  
4.521792e-02 3.630544e+03 6.629284e+03 8.968708e+03 1.337204e+04  
4.584824e-02 3.560326e+03 6.501415e+03 8.795744e+03 1.311380e+04  
4.648734e-02 3.492508e+03 6.377923e+03 8.628711e+03 1.286445e+04  
4.713535e-02 3.427170e+03 6.258950e+03 8.467798e+03 1.262428e+04  
4.779239e-02 3.364330e+03 6.144528e+03 8.313048e+03 1.239335e+04  
4.845859e-02 3.304001e+03 6.034675e+03 8.164484e+03 1.217168e+04  
4.913407e-02 3.246189e+03 5.929401e+03 8.022115e+03 1.195930e+04  
4.981898e-02 3.190895e+03 5.828703e+03 7.885937e+03 1.175618e+04  
5.051342e-02 3.138112e+03 5.732567e+03 7.755929e+03 1.156231e+04  
5.121755e-02 3.087825e+03 5.640964e+03 7.632048e+03 1.137761e+04  
5.193150e-02 3.040006e+03 5.553837e+03 7.514219e+03 1.120196e+04  
5.265540e-02 2.994618e+03 5.471116e+03 7.402341e+03 1.103523e+04  
5.338938e-02 2.951612e+03 5.392711e+03 7.296295e+03 1.087722e+04  
5.413360e-02 2.910932e+03 5.318518e+03 7.195935e+03 1.072773e+04  
5.488820e-02 2.872511e+03 5.248410e+03 7.101091e+03 1.058648e+04  
5.565331e-02 2.836287e+03 5.182274e+03 7.011607e+03 1.045326e+04  
5.642908e-02 2.802210e+03 5.120013e+03 6.927351e+03 1.032787e+04  
5.721568e-02 2.770219e+03 5.061517e+03 6.848172e+03 1.021007e+04  
5.801323e-02 2.740246e+03 5.006657e+03 6.773894e+03 1.009961e+04  
5.882190e-02 2.712209e+03 4.955283e+03 6.704315e+03 9.996182e+03  
5.964185e-02 2.686010e+03 4.907213e+03 6.639188e+03 9.899422e+03  
6.047322e-02 2.661514e+03 4.862202e+03 6.578179e+03 9.808834e+03  
6.131619e-02 2.638565e+03 4.819966e+03 6.520908e+03 9.723851e+03  
6.217090e-02 2.616993e+03 4.780194e+03 6.466952e+03 9.643848e+03  
6.303753e-02 2.596606e+03 4.742542e+03 6.415849e+03 9.568134e+03  
6.391624e-02 2.577206e+03 4.706647e+03 6.367111e+03 9.495986e+03  
6.480720e-02 2.558601e+03 4.672164e+03 6.320274e+03 9.426716e+03  
6.571058e-02 2.540587e+03 4.638728e+03 6.274843e+03 9.359590e+03  
6.662655e-02 2.522942e+03 4.605936e+03 6.230282e+03 9.293809e+03  
6.755528e-02 2.505424e+03 4.573356e+03 6.186006e+03 9.228508e+03  
6.849697e-02 2.487798e+03 4.540566e+03 6.141454e+03 9.162850e+03  
6.945178e-02 2.469845e+03 4.507176e+03 6.096099e+03 9.096054e+03  
7.041990e-02 2.451329e+03 4.472764e+03 6.049378e+03 9.027284e+03  
7.140151e-02 2.431996e+03 4.436878e+03 6.000686e+03 8.955635e+03  
7.239681e-02 2.411590e+03 4.399066e+03 5.949418e+03 8.880211e+03  
7.340598e-02 2.389911e+03 4.358973e+03 5.895100e+03 8.800303e+03  
7.442922e-02 2.366759e+03 4.316247e+03 5.837262e+03 8.715211e+03  
7.546673e-02 2.341919e+03 4.270512e+03 5.775403e+03 8.624184e+03  
7.651869e-02 2.315182e+03 4.221400e+03 5.709033e+03 8.526490e+03  
7.758532e-02 2.286426e+03 4.168700e+03 5.637869e+03 8.421705e+03  
7.866682e-02 2.255551e+03 4.112243e+03 5.561692e+03 8.309497e+03  
7.976339e-02 2.222457e+03 4.051858e+03 5.480273e+03 8.189520e+03  
8.087525e-02 2.187060e+03 3.987404e+03 5.393426e+03 8.061492e+03  
8.200261e-02 2.149363e+03 3.918892e+03 5.301171e+03 7.925437e+03  
8.314568e-02 2.109394e+03 3.846382e+03 5.203589e+03 7.781472e+03  
8.430468e-02 2.067188e+03 3.769944e+03 5.100777e+03 7.629735e+03  
8.547985e-02 2.022825e+03 3.689725e+03 4.992935e+03 7.470520e+03  
8.667139e-02 1.976454e+03 3.605995e+03 4.880427e+03 7.304369e+03  
8.787954e-02 1.928246e+03 3.519066e+03 4.763673e+03 7.131900e+03  
8.910453e-02 1.878393e+03 3.429284e+03 4.643135e+03 6.953807e+03  
9.034660e-02 1.827133e+03 3.337071e+03 4.519384e+03 6.770935e+03  
9.160598e-02 1.774735e+03 3.242912e+03 4.393067e+03 6.584250e+03  
9.288292e-02 1.721497e+03 3.147333e+03 4.264889e+03 6.394804e+03  
9.417766e-02 1.667739e+03 3.050902e+03 4.135612e+03 6.203736e+03  
9.549045e-02 1.613800e+03 2.954220e+03 4.006038e+03 6.012239e+03  
9.682153e-02 1.560036e+03 2.857919e+03 3.877012e+03 5.821578e+03  
9.817117e-02 1.506836e+03 2.762683e+03 3.749447e+03 5.633113e+03  
9.953962e-02 1.454611e+03 2.669236e+03 3.624313e+03 5.448289e+03  
1.009272e-01 1.403727e+03 2.578222e+03 3.502465e+03 5.268378e+03  
1.023340e-01 1.354522e+03 2.490238e+03 3.384699e+03 5.094566e+03  
1.037605e-01 1.307360e+03 2.405920e+03 3.271863e+03 4.928113e+03  
1.052069e-01 1.262602e+03 2.325901e+03 3.164798e+03 4.770264e+03  
1.066734e-01 1.220479e+03 2.250584e+03 3.064041e+03 4.621814e+03  
1.081604e-01 1.181189e+03 2.180312e+03 2.970041e+03 4.483429e+03  
1.096681e-01 1.144935e+03 2.115439e+03 2.883270e+03 4.355801e+03  
1.111968e-01 1.111854e+03 2.056197e+03 2.804032e+03 4.239378e+03  
1.127468e-01 1.081969e+03 2.002620e+03 2.732369e+03 4.134216e+03  
1.143184e-01 1.055289e+03 1.954716e+03 2.668285e+03 4.040319e+03  
1.159120e-01 1.031795e+03 1.912445e+03 2.611723e+03 3.957598e+03  
1.175277e-01 1.011373e+03 1.875595e+03 2.562395e+03 3.885624e+03  
1.191660e-01 9.938640e+02 1.843879e+03 2.519916e+03 3.823827e+03  
1.208271e-01 9.790881e+02 1.816970e+03 2.483846e+03 3.771557e+03  
1.225114e-01 9.668134e+02 1.794454e+03 2.453630e+03 3.727990e+03  
1.242191e-01 9.567663e+02 1.775841e+03 2.428612e+03 3.692163e+03  
1.259506e-01 9.486444e+02 1.760592e+03 2.408075e+03 3.663012e+03  
1.277063e-01 9.421036e+02 1.748099e+03 2.391205e+03 3.639338e+03  
1.294865e-01 9.367595e+02 1.737683e+03 2.377099e+03 3.619802e+03  
1.312915e-01 9.321934e+02 1.728608e+03 2.364777e+03 3.602954e+03  
1.331216e-01 9.279664e+02 1.720107e+03 2.353218e+03 3.587274e+03  
1.349772e-01 9.236128e+02 1.711367e+03 2.341342e+03 3.571155e+03  
1.368587e-01 9.186417e+02 1.701536e+03 2.328017e+03 3.552901e+03  
1.387665e-01 9.126238e+02 1.689872e+03 2.312257e+03 3.531035e+03  
1.407008e-01 9.051415e+02 1.675657e+03 2.293109e+03 3.504118e+03  
1.426621e-01 8.957971e+02 1.658210e+03 2.269667e+03 3.470782e+03  
1.446507e-01 8.843413e+02 1.637108e+03 2.241371e+03 3.430174e+03  
1.466671e-01 8.705492e+02 1.611973e+03 2.207721e+03 3.381525e+03  
1.487115e-01 8.543025e+02 1.582612e+03 2.168459e+03 3.324439e+03  
1.507845e-01 8.356325e+02 1.549089e+03 2.123676e+03 3.259038e+03  
1.528864e-01 8.146118e+02 1.511540e+03 2.073554e+03 3.185590e+03  
1.550175e-01 7.914719e+02 1.470372e+03 2.018637e+03 3.104912e+03  
1.571784e-01 7.665259e+02 1.426134e+03 1.959658e+03 3.018106e+03  
1.593694e-01 7.401667e+02 1.379508e+03 1.897525e+03 2.926545e+03  
1.615909e-01 7.128893e+02 1.331350e+03 1.833379e+03 2.831948e+03  
1.638434e-01 6.852290e+02 1.282585e+03 1.768450e+03 2.736169e+03  
1.661273e-01 6.577373e+02 1.234162e+03 1.703999e+03 2.641105e+03  
1.684430e-01 6.309924e+02 1.187076e+03 1.641345e+03 2.548733e+03  
1.707910e-01 6.054994e+02 1.142193e+03 1.581634e+03 2.460768e+03  
1.731717e-01 5.817265e+02 1.100315e+03 1.525927e+03 2.378786e+03  
1.755856e-01 5.600421e+02 1.062070e+03 1.475053e+03 2.304015e+03  
1.780332e-01 5.406904e+02 1.027874e+03 1.429554e+03 2.237252e+03  
1.805149e-01 5.238419e+02 9.980123e+02 1.389803e+03 2.179041e+03  
1.830312e-01 5.095338e+02 9.725401e+02 1.355869e+03 2.129473e+03  
1.855825e-01 4.977413e+02 9.514061e+02 1.327679e+03 2.088433e+03  
1.881694e-01 4.883262e+02 9.343638e+02 1.304901e+03 2.055427e+03  
1.907924e-01 4.810847e+02 9.210540e+02 1.287058e+03 2.029744e+03  
1.934520e-01 4.757021e+02 9.109282e+02 1.273423e+03 2.010311e+03  
1.961486e-01 4.717958e+02 9.033237e+02 1.263118e+03 1.995828e+03  
1.988828e-01 4.688898e+02 8.974209e+02 1.255060e+03 1.984690e+03  
2.016551e-01 4.664656e+02 8.923314e+02 1.248076e+03 1.975153e+03  
2.044661e-01 4.639798e+02 8.871288e+02 1.240941e+03 1.965390e+03  
2.073162e-01 4.609044e+02 8.809169e+02 1.232472e+03 1.953628e+03  
2.102061e-01 4.567657e+02 8.728965e+02 1.221614e+03 1.938278e+03  
2.131362e-01 4.511869e+02 8.624357e+02 1.207532e+03 1.918078e+03  
2.161073e-01 4.439086e+02 8.491038e+02 1.189657e+03 1.892166e+03  
2.191197e-01 4.348254e+02 8.327320e+02 1.167769e+03 1.860203e+03  
2.221741e-01 4.239614e+02 8.133701e+02 1.141936e+03 1.822289e+03  
2.252711e-01 4.115155e+02 7.913623e+02 1.112615e+03 1.779118e+03  
2.284112e-01 3.978094e+02 7.672581e+02 1.080538e+03 1.731796e+03  
2.315951e-01 3.833023e+02 7.418366e+02 1.046736e+03 1.681881e+03  
2.348235e-01 3.685041e+02 7.159597e+02 1.012349e+03 1.631092e+03  
2.380968e-01 3.539471e+02 6.905248e+02 9.785599e+02 1.581205e+03  
2.414157e-01 3.401181e+02 6.663500e+02 9.464463e+02 1.533826e+03  
2.447809e-01 3.274409e+02 6.441453e+02 9.169391e+02 1.490336e+03  
2.481930e-01 3.162400e+02 6.244522e+02 8.907457e+02 1.451775e+03  
2.516527e-01 3.067109e+02 6.075928e+02 8.682835e+02 1.418747e+03  
2.551606e-01 2.989283e+02 5.936854e+02 8.497025e+02 1.391463e+03  
2.587174e-01 2.928289e+02 5.826156e+02 8.348474e+02 1.369683e+03  
2.623238e-01 2.882035e+02 5.740248e+02 8.232440e+02 1.352701e+03  
2.659804e-01 2.847225e+02 5.673532e+02 8.141558e+02 1.339424e+03  
2.696881e-01 2.819597e+02 5.618830e+02 8.066403e+02 1.328458e+03  
2.734474e-01 2.794564e+02 5.568454e+02 7.996892e+02 1.318309e+03  
2.772591e-01 2.767691e+02 5.515007e+02 7.923327e+02 1.307537e+03  
2.811239e-01 2.735069e+02 5.452007e+02 7.837215e+02 1.294879e+03  
2.850426e-01 2.693672e+02 5.374475e+02 7.732038e+02 1.279362e+03  
2.890160e-01 2.641639e+02 5.279382e+02 7.603847e+02 1.260401e+03  
2.930447e-01 2.578511e+02 5.166031e+02 7.451757e+02 1.237866e+03  
2.971296e-01 2.505424e+02 5.036373e+02 7.278358e+02 1.212152e+03  
3.012714e-01 2.425159e+02 4.895054e+02 7.089777e+02 1.184180e+03  
3.054710e-01 2.341634e+02 4.748587e+02 6.894561e+02 1.155227e+03  
3.097291e-01 2.259065e+02 4.603941e+02 6.701832e+02 1.126649e+03  
3.140465e-01 2.181276e+02 4.467415e+02 6.519807e+02 1.099657e+03  
3.184242e-01 2.111282e+02 4.343949e+02 6.354897e+02 1.075190e+03  
3.228628e-01 2.050962e+02 4.236593e+02 6.211036e+02 1.053815e+03  
3.273634e-01 2.001027e+02 4.146462e+02 6.089629e+02 1.035724e+03  
3.319266e-01 1.960980e+02 4.072679e+02 5.989492e+02 1.020736e+03  
3.365535e-01 1.929015e+02 4.012225e+02 5.906671e+02 1.008265e+03  
3.412449e-01 1.902243e+02 3.960322e+02 5.834935e+02 9.973946e+02  
3.460016e-01 1.877269e+02 3.911393e+02 5.767035e+02 9.870642e+02  
3.508247e-01 1.850843e+02 3.860130e+02 5.696081e+02 9.762657e+02  
3.557150e-01 1.820395e+02 3.802365e+02 5.616675e+02 9.642109e+02  
3.606735e-01 1.784360e+02 3.735588e+02 5.525578e+02 9.504304e+02  
3.657011e-01 1.742422e+02 3.659326e+02 5.422207e+02 9.348454e+02  
3.707988e-01 1.695482e+02 3.575084e+02 5.308541e+02 9.177537e+02  
3.759675e-01 1.645567e+02 3.486182e+02 5.188907e+02 8.997936e+02  
3.812083e-01 1.595395e+02 3.397032e+02 5.069023e+02 8.818020e+02  
3.865221e-01 1.547617e+02 3.311915e+02 4.954419e+02 8.645807e+02  
3.919100e-01 1.504333e+02 3.234207e+02 4.849426e+02 8.487512e+02  
3.973730e-01 1.466716e+02 3.165760e+02 4.756402e+02 8.346454e+02  
4.029122e-01 1.434863e+02 3.106695e+02 4.675469e+02 8.222719e+02  
4.085286e-01 1.407923e+02 3.055601e+02 4.604785e+02 8.113591e+02  
4.142232e-01 1.384128e+02 3.009616e+02 4.540654e+02 8.013720e+02  
4.199973e-01 1.361282e+02 2.965202e+02 4.478530e+02 7.916576e+02  
4.258518e-01 1.337413e+02 2.919212e+02 4.414377e+02 7.816396e+02  
4.317880e-01 1.311188e+02 2.869534e+02 4.345506e+02 7.709372e+02  
4.378069e-01 1.282111e+02 2.815404e+02 4.270958e+02 7.594189e+02  
4.439097e-01 1.250546e+02 2.757423e+02 4.191524e+02 7.472038e+02  
4.500975e-01 1.217707e+02 2.697543e+02 4.109713e+02 7.346538e+02  
4.563716e-01 1.185306e+02 2.638480e+02 4.028998e+02 7.222633e+02  
4.627332e-01 1.154848e+02 2.582608e+02 3.952396e+02 7.104571e+02  
4.691835e-01 1.127290e+02 2.531421e+02 3.881789e+02 6.994951e+02  
4.757236e-01 1.102848e+02 2.485235e+02 3.817556e+02 6.894251e+02  
4.823549e-01 1.081136e+02 2.443417e+02 3.758877e+02 6.801266e+02  
4.890787e-01 1.061060e+02 2.404233e+02 3.703540e+02 6.712876e+02  
4.958962e-01 1.041307e+02 2.365616e+02 3.648929e+02 6.625431e+02  
5.028087e-01 1.020867e+02 2.325996e+02 3.593066e+02 6.536199e+02  
5.098176e-01 9.992683e+01 2.284647e+02 3.535047e+02 6.443962e+02  
5.169242e-01 9.765894e+01 2.241705e+02 3.475058e+02 6.349018e+02  
5.241298e-01 9.534290e+01 2.198113e+02 3.414294e+02 6.253045e+02  
5.314359e-01 9.307316e+01 2.155335e+02 3.354598e+02 6.158584e+02  
5.388438e-01 9.093267e+01 2.114648e+02 3.297564e+02 6.067798e+02  
5.463550e-01 8.895692e+01 2.076587e+02 3.243847e+02 5.981550e+02  
5.539709e-01 8.714012e+01 2.041048e+02 3.193306e+02 5.899611e+02  
5.616930e-01 8.543679e+01 2.007320e+02 3.145045e+02 5.820743e+02  
5.695227e-01 8.377547e+01 1.974302e+02 3.097690e+02 5.743090e+02  
5.774615e-01 8.209783e+01 1.941105e+02 3.050140e+02 5.665183e+02  
5.855110e-01 8.038318e+01 1.907420e+02 3.002018e+02 5.586540e+02  
5.936727e-01 7.864073e+01 1.873393e+02 2.953514e+02 5.507434e+02  
6.019482e-01 7.690863e+01 1.839606e+02 2.905351e+02 5.428835e+02  
6.103390e-01 7.523734e+01 1.806820e+02 2.858463e+02 5.351977e+02  
6.188468e-01 7.365503e+01 1.775454e+02 2.813358e+02 5.277509e+02  
6.274732e-01 7.216201e+01 1.745503e+02 2.770025e+02 5.205394e+02  
6.362198e-01 7.073821e+01 1.716659e+02 2.728078e+02 5.135120e+02  
6.450884e-01 6.934334e+01 1.688315e+02 2.686778e+02 5.065722e+02  
6.540806e-01 6.795507e+01 1.660141e+02 2.645721e+02 4.996687e+02  
6.631981e-01 6.656982e+01 1.632085e+02 2.604849e+02 4.927949e+02  
6.724427e-01 6.519073e+01 1.604195e+02 2.564222e+02 4.859597e+02  
6.818162e-01 6.385111e+01 1.576962e+02 2.524434e+02 4.792379e+02  
6.913204e-01 6.255534e+01 1.550447e+02 2.485556e+02 4.726379e+02  
7.009570e-01 6.130080e+01 1.524609e+02 2.447535e+02 4.661526e+02  
7.107280e-01 6.008448e+01 1.499401e+02 2.410311e+02 4.597739e+02  
7.206351e-01 5.890198e+01 1.474755e+02 2.373804e+02 4.534913e+02  
7.306804e-01 5.774769e+01 1.450587e+02 2.337911e+02 4.472922e+02  
7.408657e-01 5.661548e+01 1.426809e+02 2.302526e+02 4.411634e+02  
7.511929e-01 5.550063e+01 1.403351e+02 2.267568e+02 4.350955e+02  
7.616642e-01 5.440559e+01 1.380249e+02 2.233079e+02 4.290933e+02  
7.722814e-01 5.333468e+01 1.357563e+02 2.199129e+02 4.231655e+02  
7.830465e-01 5.229247e+01 1.335355e+02 2.165791e+02 4.173202e+02  
7.939618e-01 5.128016e+01 1.313642e+02 2.133080e+02 4.115590e+02  
8.050292e-01 5.029439e+01 1.292373e+02 2.100937e+02 4.058744e+02  
8.162509e-01 4.933112e+01 1.271489e+02 2.069293e+02 4.002584e+02  
8.276289e-01 4.838647e+01 1.250935e+02 2.038083e+02 3.947034e+02  
8.391656e-01 4.745997e+01 1.230704e+02 2.007299e+02 3.892084e+02  
8.508632e-01 4.655279e+01 1.210810e+02 1.976957e+02 3.837753e+02  
8.627237e-01 4.566613e+01 1.191270e+02 1.947075e+02 3.784059e+02  
8.747496e-01 4.480065e+01 1.172091e+02 1.917659e+02 3.731008e+02  
8.869432e-01 4.395554e+01 1.153259e+02 1.888695e+02 3.678581e+02  
8.993067e-01 4.312969e+01 1.134759e+02 1.860163e+02 3.626755e+02  
9.118425e-01 4.232189e+01 1.116573e+02 1.832042e+02 3.575506e+02  
9.245531e-01 4.153138e+01 1.098690e+02 1.804319e+02 3.524818e+02  
9.374409e-01 4.075779e+01 1.081102e+02 1.776986e+02 3.474684e+02  
9.505083e-01 4.000072e+01 1.063805e+02 1.750036e+02 3.425093e+02  
9.637579e-01 3.925972e+01 1.046790e+02 1.723460e+02 3.376036e+02  
9.771921e-01 3.853450e+01 1.030053e+02 1.697252e+02 3.327506e+02  
9.908137e-01 3.782480e+01 1.013589e+02 1.671406e+02 3.279495e+02  
1.004625e+00 3.713026e+01 9.973923e+01 1.645916e+02 3.231995e+02  
1.018629e+00 3.645052e+01 9.814573e+01 1.620774e+02 3.184999e+02  
1.032828e+00 3.578518e+01 9.657775e+01 1.595973e+02 3.138497e+02  
1.047225e+00 3.513377e+01 9.503461e+01 1.571505e+02 3.092483e+02  
1.061823e+00 3.449579e+01 9.351556e+01 1.547362e+02 3.046946e+02  
1.076624e+00 3.387091e+01 9.202007e+01 1.523537e+02 3.001880e+02  
1.091632e+00 3.325884e+01 9.054771e+01 1.500025e+02 2.957279e+02  
1.106848e+00 3.265928e+01 8.909796e+01 1.476820e+02 2.913136e+02  
1.122277e+00 3.207189e+01 8.767034e+01 1.453917e+02 2.869447e+02  
1.137921e+00 3.149640e+01 8.626441e+01 1.431311e+02 2.826205e+02  
1.153783e+00 3.093251e+01 8.487972e+01 1.408996e+02 2.783408e+02  
1.169866e+00 3.037990e+01 8.351578e+01 1.386967e+02 2.741044e+02  
1.186174e+00 2.983826e+01 8.217214e+01 1.365218e+02 2.699115e+02  
1.202708e+00 2.930735e+01 8.084841e+01 1.343746e+02 2.657612e+02  
1.219473e+00 2.878687e+01 7.954416e+01 1.322546e+02 2.616533e+02  
1.236472e+00 2.827653e+01 7.825895e+01 1.301613e+02 2.575873e+02  
1.253708e+00 2.777608e+01 7.699243e+01 1.280942e+02 2.535627e+02  
1.271184e+00 2.728529e+01 7.574423e+01 1.260530e+02 2.495793e+02  
1.288904e+00 2.680390e+01 7.451399e+01 1.240372e+02 2.456367e+02  
1.306870e+00 2.633165e+01 7.330133e+01 1.220466e+02 2.417344e+02  
1.325087e+00 2.586837e+01 7.210598e+01 1.200806e+02 2.378724e+02  
1.343558e+00 2.541383e+01 7.092760e+01 1.181391e+02 2.340501e+02  
1.362287e+00 2.496781e+01 6.976588e+01 1.162216e+02 2.302675e+02  
1.381276e+00 2.453010e+01 6.862051e+01 1.143279e+02 2.265241e+02  
1.400531e+00 2.410052e+01 6.749123e+01 1.124575e+02 2.228198e+02  
1.420053e+00 2.367887e+01 6.637775e+01 1.106103e+02 2.191544e+02  
1.439848e+00 2.326494e+01 6.527976e+01 1.087859e+02 2.155275e+02  
1.459919e+00 2.287250e+01 6.419702e+01 1.069839e+02 2.119390e+02  
1.480269e+00 2.245953e+01 6.312929e+01 1.052043e+02 2.083888e+02  
1.500903e+00 2.206770e+01 6.207629e+01 1.034467e+02 2.048765e+02  
1.521825e+00 2.168287e+01 6.103778e+01 1.017107e+02 2.014021e+02  
1.543038e+00 2.130489e+01 6.001354e+01 9.999627e+01 1.979654e+02  
1.564548e+00 2.093361e+01 5.900335e+01 9.830307e+01 1.945662e+02  
1.586357e+00 2.056885e+01 5.800696e+01 9.663089e+01 1.912044e+02  
1.608469e+00 2.021046e+01 5.702418e+01 9.497948e+01 1.878799e+02  
1.630891e+00 1.985833e+01 5.605483e+01 9.334867e+01 1.845925e+02  
1.653624e+00 1.951230e+01 5.509869e+01 9.173824e+01 1.813421e+02  
1.676675e+00 1.917223e+01 5.415558e+01 9.014798e+01 1.781286e+02  
1.700047e+00 1.883800e+01 5.322532e+01 8.857771e+01 1.749520e+02  
1.723745e+00 1.850948e+01 5.230773e+01 8.702724e+01 1.718120e+02  
1.747773e+00 1.818654e+01 5.140262e+01 8.549637e+01 1.687086e+02  
1.772136e+00 1.786904e+01 5.050984e+01 8.398493e+01 1.656418e+02  
1.796838e+00 1.755690e+01 4.962922e+01 8.249275e+01 1.626113e+02  
1.821885e+00 1.724998e+01 4.876060e+01 8.101965e+01 1.596172e+02  
1.847281e+00 1.694816e+01 4.790382e+01 7.956548e+01 1.566594e+02  
1.873032e+00 1.665135e+01 4.705874e+01 7.813007e+01 1.537378e+02  
1.899141e+00 1.635944e+01 4.622521e+01 7.671327e+01 1.508523e+02  
1.925614e+00 1.607233e+01 4.540309e+01 7.531492e+01 1.480028e+02  
1.952456e+00 1.578991e+01 4.459223e+01 7.393487e+01 1.451893e+02  
1.979672e+00 1.551209e+01 4.379252e+01 7.257299e+01 1.424116e+02  
2.007267e+00 1.523879e+01 4.300382e+01 7.122912e+01 1.396698e+02  
2.035248e+00 1.496990e+01 4.222599e+01 6.990313e+01 1.369637e+02  
2.063618e+00 1.470534e+01 4.145893e+01 6.859488e+01 1.342933e+02  
2.092383e+00 1.444503e+01 4.070250e+01 6.730424e+01 1.316584e+02  
2.121550e+00 1.418890e+01 3.995661e+01 6.603108e+01 1.290591e+02  
2.151123e+00 1.393686e+01 3.922112e+01 6.477527e+01 1.264952e+02  
2.181109e+00 1.368883e+01 3.849594e+01 6.353668e+01 1.239666e+02  
2.211512e+00 1.344474e+01 3.778094e+01 6.231518e+01 1.214732e+02  
2.242340e+00 1.320451e+01 3.707602e+01 6.111064e+01 1.190150e+02  
2.273597e+00 1.296806e+01 3.638107e+01 5.992295e+01 1.165918e+02  
2.305289e+00 1.273533e+01 3.569600e+01 5.875199e+01 1.142036e+02  
2.337424e+00 1.250626e+01 3.502070e+01 5.759763e+01 1.118502e+02  
2.370006e+00 1.228077e+01 3.435507e+01 5.645975e+01 1.095315e+02  
2.403043e+00 1.205882e+01 3.369901e+01 5.533824e+01 1.072474e+02  
2.436540e+00 1.184033e+01 3.305244e+01 5.423298e+01 1.049977e+02  
2.470504e+00 1.162525e+01 3.241526e+01 5.314386e+01 1.027824e+02  
2.504942e+00 1.141351e+01 3.178737e+01 5.207076e+01 1.006013e+02  
2.539859e+00 1.120507e+01 3.116869e+01 5.101356e+01 9.845418e+01  
2.575263e+00 1.099987e+01 3.055912e+01 4.997215e+01 9.634094e+01  
2.611161e+00 1.079785e+01 2.995859e+01 4.894642e+01 9.426140e+01  
2.647559e+00 1.059896e+01 2.936699e+01 4.793625e+01 9.221540e+01  
2.684465e+00 1.040316e+01 2.878425e+01 4.694152e+01 9.020275e+01  
2.721885e+00 1.021040e+01 2.821028e+01 4.596214e+01 8.822325e+01  
2.759826e+00 1.002061e+01 2.764499e+01 4.499797e+01 8.627671e+01  
2.798297e+00 9.833772e+00 2.708831e+01 4.404892e+01 8.436293e+01  
2.837304e+00 9.649826e+00 2.654015e+01 4.311485e+01 8.248169e+01  
2.876854e+00 9.468732e+00 2.600043e+01 4.219567e+01 8.063277e+01  
2.916956e+00 9.290447e+00 2.546907e+01 4.129126e+01 7.881593e+01  
2.957617e+00 9.114931e+00 2.494599e+01 4.040147e+01 7.703094e+01  
2.998844e+00 8.942143e+00 2.443112e+01 3.952626e+01 7.527755e+01  
3.040646e+00 8.772040e+00 2.392437e+01 3.866546e+01 7.355550e+01  
3.083031e+00 8.604586e+00 2.342566e+01 3.781895e+01 7.186454e+01  
3.126007e+00 8.439744e+00 2.293492e+01 3.698663e+01 7.020439e+01  
3.169582e+00 8.277476e+00 2.245207e+01 3.616838e+01 6.857477e+01  
3.213764e+00 8.117745e+00 2.197704e+01 3.536407e+01 6.697541e+01  
3.258562e+00 7.960515e+00 2.150974e+01 3.457360e+01 6.540601e+01  
3.303985e+00 7.805764e+00 2.105011e+01 3.379683e+01 6.386628e+01  
3.350041e+00 7.653444e+00 2.059807e+01 3.303365e+01 6.235591e+01  
3.396739e+00 7.503529e+00 2.015354e+01 3.228393e+01 6.087459e+01  
3.444087e+00 7.355986e+00 1.971645e+01 3.154754e+01 5.942202e+01  
3.492096e+00 7.210782e+00 1.928673e+01 3.082438e+01 5.799787e+01  
3.540774e+00 7.067886e+00 1.886429e+01 3.011429e+01 5.660152e+01  
3.590130e+00 6.927269e+00 1.844907e+01 2.941717e+01 5.523350e+01  
3.640175e+00 6.788903e+00 1.800703e+01 2.873287e+01 5.389263e+01  
3.690917e+00 6.652758e+00 1.763999e+01 2.806128e+01 5.257886e+01  
3.742366e+00 6.518806e+00 1.724599e+01 2.740225e+01 5.129185e+01  
3.794533e+00 6.387019e+00 1.685890e+01 2.675566e+01 5.003124e+01  
3.847427e+00 6.257370e+00 1.647867e+01 2.612137e+01 4.879670e+01  
3.901058e+00 6.129831e+00 1.610521e+01 2.549925e+01 4.758786e+01  
3.955436e+00 6.004375e+00 1.573846e+01 2.488915e+01 4.640439e+01  
4.010573e+00 5.880979e+00 1.537835e+01 2.429095e+01 4.524592e+01  
4.066478e+00 5.759615e+00 1.502479e+01 2.370451e+01 4.411210e+01  
4.123163e+00 5.640257e+00 1.467772e+01 2.312968e+01 4.300257e+01  
4.180637e+00 5.522882e+00 1.433707e+01 2.256632e+01 4.191698e+01  
4.238913e+00 5.407466e+00 1.400276e+01 2.201429e+01 4.085495e+01  
4.298001e+00 5.293983e+00 1.367471e+01 2.147346e+01 3.981614e+01  
4.357913e+00 5.182411e+00 1.335287e+01 2.094367e+01 3.880018e+01  
4.418660e+00 5.072726e+00 1.303715e+01 2.042478e+01 3.780672e+01  
4.480254e+00 4.964904e+00 1.272748e+01 1.991665e+01 3.683538e+01  
4.542706e+00 4.858922e+00 1.242380e+01 1.941913e+01 3.588581e+01  
4.606029e+00 4.754757e+00 1.212602e+01 1.893208e+01 3.495765e+01  
4.670234e+00 4.652389e+00 1.183407e+01 1.845534e+01 3.405055e+01  
4.735335e+00 4.551793e+00 1.154789e+01 1.798878e+01 3.316414e+01  
4.801343e+00 4.452949e+00 1.126740e+01 1.753223e+01 3.229790e+01  
4.868271e+00 4.355834e+00 1.099252e+01 1.708556e+01 3.145220e+01  
4.936132e+00 4.260428e+00 1.072319e+01 1.664862e+01 3.062552e+01  
5.004939e+00 4.166708e+00 1.045932e+01 1.622126e+01 2.981834e+01  
5.074705e+00 4.074653e+00 1.020086e+01 1.580333e+01 2.903009e+01  
5.145444e+00 3.984244e+00 9.947715e+00 1.539467e+01 2.826042e+01  
5.217169e+00 3.895458e+00 9.699825e+00 1.499516e+01 2.750900e+01  
5.289893e+00 3.808276e+00 9.457113e+00 1.460462e+01 2.677547e+01  
5.363631e+00 3.722676e+00 9.219507e+00 1.422296e+01 2.605950e+01  
5.438397e+00 3.638640e+00 8.986933e+00 1.384992e+01 2.536075e+01  
5.514206e+00 3.556146e+00 8.759319e+00 1.348546e+01 2.467889e+01  
5.591071e+00 3.475175e+00 8.536591e+00 1.312940e+01 2.401359e+01  
5.669007e+00 3.395706e+00 8.318676e+00 1.278159e+01 2.336452e+01  
5.748030e+00 3.317721e+00 8.105502e+00 1.244189e+01 2.273136e+01  
5.828155e+00 3.241200e+00 7.896996e+00 1.211015e+01 2.211379e+01  
5.909396e+00 3.166123e+00 7.693085e+00 1.178623e+01 2.151149e+01  
5.991770e+00 3.092472e+00 7.493696e+00 1.146998e+01 2.092415e+01  
6.075292e+00 3.020226e+00 7.298758e+00 1.116128e+01 2.035146e+01  
6.159978e+00 2.949368e+00 7.108199e+00 1.085996e+01 1.979335e+01  
6.245845e+00 2.879878e+00 6.921946e+00 1.056591e+01 1.924880e+01  
6.332908e+00 2.811737e+00 6.739929e+00 1.027897e+01 1.871824e+01  
6.421186e+00 2.744928e+00 6.562075e+00 9.999005e+00 1.820112e+01  
6.510694e+00 2.679431e+00 6.388315e+00 9.725890e+00 1.769717e+01  
6.601449e+00 2.615228e+00 6.218577e+00 9.459484e+00 1.720609e+01  
6.693470e+00 2.552302e+00 6.052791e+00 9.199654e+00 1.672760e+01  
6.786773e+00 2.490633e+00 5.890887e+00 8.946269e+00 1.626143e+01  
6.881377e+00 2.430204e+00 5.732796e+00 8.699192e+00 1.580730e+01  
6.977300e+00 2.370997e+00 5.578449e+00 8.458312e+00 1.536494e+01  
7.074559e+00 2.312995e+00 5.427776e+00 8.223483e+00 1.493409e+01  
7.173175e+00 2.256179e+00 5.280711e+00 7.994585e+00 1.451449e+01  
7.273165e+00 2.200533e+00 5.137184e+00 7.771493e+00 1.410588e+01  
7.374549e+00 2.146038e+00 4.997130e+00 7.554085e+00 1.370800e+01  
7.477346e+00 2.092678e+00 4.860481e+00 7.342239e+00 1.332060e+01  
7.581576e+00 2.040436e+00 4.727172e+00 7.135836e+00 1.294348e+01  
7.687260e+00 1.989294e+00 4.597138e+00 6.934756e+00 1.257593e+01  
7.794416e+00 1.939236e+00 4.470314e+00 6.738882e+00 1.221898e+01  
7.903066e+00 1.890244e+00 4.346636e+00 6.548105e+00 1.187116e+01  
8.013230e+00 1.842303e+00 4.226042e+00 6.362306e+00 1.153265e+01  
8.124930e+00 1.795395e+00 4.108468e+00 6.181375e+00 1.120323e+01  
8.238187e+00 1.749505e+00 3.993852e+00 6.005202e+00 1.088268e+01  
8.353023e+00 1.704616e+00 3.882133e+00 5.833764e+00 1.057078e+01  
8.469460e+00 1.660711e+00 3.773251e+00 5.666700e+00 1.026734e+01  
8.587519e+00 1.617776e+00 3.667145e+00 5.504161e+00 9.972148e+00  
8.707225e+00 1.575793e+00 3.563757e+00 5.345958e+00 9.684951e+00  
8.828599e+00 1.534747e+00 3.463028e+00 5.191990e+00 9.405629e+00  
8.951665e+00 1.494623e+00 3.364901e+00 5.042158e+00 9.133942e+00  
9.076446e+00 1.455404e+00 3.269319e+00 4.896364e+00 8.869710e+00  
9.202967e+00 1.417076e+00 3.176228e+00 4.754512e+00 8.612746e+00  
9.331251e+00 1.379623e+00 3.085572e+00 4.616514e+00 8.362867e+00  
9.461324e+00 1.343030e+00 2.997296e+00 4.482261e+00 8.119893e+00  
9.593209e+00 1.307282e+00 2.911348e+00 4.351674e+00 7.883651e+00  
9.726934e+00 1.272365e+00 2.827674e+00 4.224652e+00 7.653969e+00  
9.862522e+00 1.238261e+00 2.746223e+00 4.101172e+00 7.430678e+00  
1.000000e+01 1.204959e+00 2.666942e+00 3.980932e+00 7.213607e+00  
