1.000000e-02 5.552629e+03 1.019808e+04 1.383846e+04 2.068798e+04  
1.013939e-02 5.583181e+03 1.025396e+04 1.391407e+04 2.080047e+04  
1.028073e-02 5.613247e+03 1.030895e+04 1.398846e+04 2.091112e+04  
1.042404e-02 5.642810e+03 1.036301e+04 1.406158e+04 2.101986e+04  
1.056935e-02 5.671849e+03 1.041610e+04 1.413338e+04 2.112662e+04  
1.071668e-02 5.700347e+03 1.046819e+04 1.420381e+04 2.123133e+04  
1.086606e-02 5.728283e+03 1.051924e+04 1.427284e+04 2.133391e+04  
1.101753e-02 5.755636e+03 1.056921e+04 1.434039e+04 2.143428e+04  
1.117111e-02 5.782384e+03 1.061807e+04 1.440642e+04 2.153237e+04  
1.132683e-02 5.808505e+03 1.066577e+04 1.447088e+04 2.162808e+04  
1.148472e-02 5.833976e+03 1.071226e+04 1.453370e+04 2.172134e+04  
1.164481e-02 5.858774e+03 1.075752e+04 1.459483e+04 2.181207e+04  
1.180713e-02 5.882878e+03 1.080150e+04 1.465422e+04 2.190017e+04  
1.197171e-02 5.906264e+03 1.084415e+04 1.471180e+04 2.198556e+04  
1.213859e-02 5.928912e+03 1.088543e+04 1.476753e+04 2.206817e+04  
1.230780e-02 5.950798e+03 1.092532e+04 1.482134e+04 2.214791e+04  
1.247936e-02 5.971902e+03 1.096376e+04 1.487320e+04 2.222471e+04  
1.265332e-02 5.992202e+03 1.100072e+04 1.492303e+04 2.229848e+04  
1.282970e-02 6.011678e+03 1.103615e+04 1.497080e+04 2.236914e+04  
1.300854e-02 6.030308e+03 1.107003e+04 1.501644e+04 2.243662e+04  
1.318987e-02 6.048072e+03 1.110231e+04 1.505992e+04 2.250085e+04  
1.337373e-02 6.064947e+03 1.113296e+04 1.510116e+04 2.256173e+04  
1.356015e-02 6.080908e+03 1.116191e+04 1.514011e+04 2.261918e+04  
1.374917e-02 6.095931e+03 1.118914e+04 1.517671e+04 2.267311e+04  
1.394083e-02 6.109991e+03 1.121460e+04 1.521090e+04 2.272342e+04  
1.413516e-02 6.123066e+03 1.123824e+04 1.524262e+04 2.277002e+04  
1.433219e-02 6.135130e+03 1.126002e+04 1.527182e+04 2.281285e+04  
1.453198e-02 6.146162e+03 1.127989e+04 1.529842e+04 2.285179e+04  
1.473454e-02 6.156138e+03 1.129782e+04 1.532238e+04 2.288678e+04  
1.493993e-02 6.165036e+03 1.131377e+04 1.534365e+04 2.291773e+04  
1.514819e-02 6.172834e+03 1.132769e+04 1.536216e+04 2.294456e+04  
1.535935e-02 6.179511e+03 1.133955e+04 1.537786e+04 2.296718e+04  
1.557345e-02 6.185046e+03 1.134930e+04 1.539071e+04 2.298554e+04  
1.579053e-02 6.189419e+03 1.135692e+04 1.540066e+04 2.299954e+04  
1.601064e-02 6.192612e+03 1.136237e+04 1.540765e+04 2.300913e+04  
1.623382e-02 6.194604e+03 1.136560e+04 1.541164e+04 2.301423e+04  
1.646012e-02 6.195375e+03 1.136659e+04 1.541258e+04 2.301477e+04  
1.668956e-02 6.194903e+03 1.136529e+04 1.541041e+04 2.301066e+04  
1.692220e-02 6.193168e+03 1.136167e+04 1.540510e+04 2.300183e+04  
1.715809e-02 6.190152e+03 1.135570e+04 1.539658e+04 2.298822e+04  
1.739726e-02 6.185837e+03 1.134733e+04 1.538481e+04 2.296976e+04  
1.763977e-02 6.180208e+03 1.133655e+04 1.536977e+04 2.294639e+04  
1.788566e-02 6.173247e+03 1.132332e+04 1.535140e+04 2.291806e+04  
1.813498e-02 6.164939e+03 1.130761e+04 1.532968e+04 2.288471e+04  
1.838777e-02 6.155271e+03 1.128941e+04 1.530456e+04 2.284629e+04  
1.864409e-02 6.144230e+03 1.126868e+04 1.527601e+04 2.280276e+04  
1.890397e-02 6.131805e+03 1.124541e+04 1.524402e+04 2.275407e+04  
1.916748e-02 6.117988e+03 1.121958e+04 1.520856e+04 2.270019e+04  
1.943467e-02 6.102771e+03 1.119119e+04 1.516961e+04 2.264111e+04  
1.970558e-02 6.086149e+03 1.116021e+04 1.512715e+04 2.257681e+04  
1.998026e-02 6.068111e+03 1.112663e+04 1.508118e+04 2.250724e+04  
2.025878e-02 6.048651e+03 1.109044e+04 1.503166e+04 2.243238e+04  
2.054117e-02 6.027763e+03 1.105163e+04 1.497859e+04 2.235222e+04  
2.082751e-02 6.005442e+03 1.101020e+04 1.492195e+04 2.226674e+04  
2.111783e-02 5.981690e+03 1.096613e+04 1.486175e+04 2.217595e+04  
2.141220e-02 5.956506e+03 1.091944e+04 1.479799e+04 2.207985e+04  
2.171068e-02 5.929896e+03 1.087014e+04 1.473069e+04 2.197846e+04  
2.201331e-02 5.901862e+03 1.081822e+04 1.465985e+04 2.187179e+04  
2.232016e-02 5.872411e+03 1.076371e+04 1.458549e+04 2.175988e+04  
2.263130e-02 5.841552e+03 1.070662e+04 1.450764e+04 2.164275e+04  
2.294676e-02 5.809298e+03 1.064697e+04 1.442632e+04 2.152046e+04  
2.326663e-02 5.775664e+03 1.058480e+04 1.434157e+04 2.139307e+04  
2.359095e-02 5.740671e+03 1.052013e+04 1.425346e+04 2.126066e+04  
2.391980e-02 5.704341e+03 1.045302e+04 1.416203e+04 2.112331e+04  
2.425323e-02 5.666692e+03 1.038350e+04 1.406734e+04 2.098109e+04  
2.459130e-02 5.627744e+03 1.031159e+04 1.396942e+04 2.083408e+04  
2.493409e-02 5.587519e+03 1.023736e+04 1.386835e+04 2.068236e+04  
2.528166e-02 5.546044e+03 1.016083e+04 1.376418e+04 2.052604e+04  
2.563407e-02 5.503349e+03 1.008208e+04 1.365700e+04 2.036523e+04  
2.599140e-02 5.459471e+03 1.000117e+04 1.354689e+04 2.020006e+04  
2.635371e-02 5.414449e+03 9.918168e+03 1.343396e+04 2.003070e+04  
2.672106e-02 5.368320e+03 9.833146e+03 1.331830e+04 1.985727e+04  
2.709354e-02 5.321120e+03 9.746170e+03 1.320000e+04 1.967992e+04  
2.747121e-02 5.272890e+03 9.657316e+03 1.307916e+04 1.949879e+04  
2.785414e-02 5.223675e+03 9.566667e+03 1.295589e+04 1.931407e+04  
2.824241e-02 5.173527e+03 9.474318e+03 1.283033e+04 1.912593e+04  
2.863610e-02 5.122501e+03 9.380373e+03 1.270261e+04 1.893460e+04  
2.903527e-02 5.070659e+03 9.284946e+03 1.257290e+04 1.874029e+04  
2.944000e-02 5.018059e+03 9.188140e+03 1.244132e+04 1.854324e+04  
2.985038e-02 4.964750e+03 9.090049e+03 1.230802e+04 1.834362e+04  
3.026648e-02 4.910789e+03 8.990776e+03 1.217312e+04 1.814164e+04  
3.068838e-02 4.856235e+03 8.890430e+03 1.203678e+04 1.793752e+04  
3.111616e-02 4.801154e+03 8.789134e+03 1.189916e+04 1.773152e+04  
3.154990e-02 4.745619e+03 8.687019e+03 1.176044e+04 1.752391e+04  
3.198969e-02 4.689707e+03 8.584230e+03 1.162082e+04 1.731497e+04  
3.243561e-02 4.633492e+03 8.480899e+03 1.148048e+04 1.710497e+04  
3.288774e-02 4.577033e+03 8.377137e+03 1.133957e+04 1.689414e+04  
3.334618e-02 4.520395e+03 8.273063e+03 1.119825e+04 1.668272e+04  
3.381101e-02 4.463647e+03 8.168802e+03 1.105668e+04 1.647096e+04  
3.428231e-02 4.406862e+03 8.064489e+03 1.091506e+04 1.625914e+04  
3.476019e-02 4.350121e+03 7.960272e+03 1.077357e+04 1.604755e+04  
3.524473e-02 4.293509e+03 7.856306e+03 1.063245e+04 1.583651e+04  
3.573602e-02 4.237107e+03 7.752742e+03 1.049187e+04 1.562633e+04  
3.623416e-02 4.180984e+03 7.649701e+03 1.035202e+04 1.541726e+04  
3.673925e-02 4.125207e+03 7.547309e+03 1.021306e+04 1.520953e+04  
3.725137e-02 4.069847e+03 7.445697e+03 1.007517e+04 1.500343e+04  
3.777064e-02 4.014983e+03 7.345004e+03 9.938540e+03 1.479923e+04  
3.829714e-02 3.960693e+03 7.245378e+03 9.803366e+03 1.459724e+04  
3.883098e-02 3.907066e+03 7.146976e+03 9.669861e+03 1.439776e+04  
3.937226e-02 3.854179e+03 7.049943e+03 9.538222e+03 1.420110e+04  
3.992109e-02 3.802074e+03 6.954353e+03 9.408550e+03 1.400740e+04  
4.047757e-02 3.750784e+03 6.860264e+03 9.280923e+03 1.381678e+04  
4.104181e-02 3.700339e+03 6.767734e+03 9.155419e+03 1.362936e+04  
4.161391e-02 3.650772e+03 6.676822e+03 9.032118e+03 1.344526e+04  
4.219398e-02 3.602116e+03 6.587585e+03 8.911097e+03 1.326459e+04  
4.278214e-02 3.554402e+03 6.500082e+03 8.792436e+03 1.308747e+04  
4.337850e-02 3.507666e+03 6.414377e+03 8.676221e+03 1.291404e+04  
4.398317e-02 3.461964e+03 6.330572e+03 8.562590e+03 1.274450e+04  
4.459628e-02 3.417362e+03 6.248785e+03 8.451703e+03 1.257908e+04  
4.521792e-02 3.373929e+03 6.169140e+03 8.343727e+03 1.241805e+04  
4.584824e-02 3.331734e+03 6.091765e+03 8.238835e+03 1.226166e+04  
4.648734e-02 3.290853e+03 6.016794e+03 8.137207e+03 1.211018e+04  
4.713535e-02 3.251360e+03 5.944363e+03 8.039028e+03 1.196388e+04  
4.779239e-02 3.213313e+03 5.874574e+03 7.944434e+03 1.182298e+04  
4.845859e-02 3.176669e+03 5.807347e+03 7.853319e+03 1.168731e+04  
4.913407e-02 3.141351e+03 5.742544e+03 7.765493e+03 1.155660e+04  
4.981898e-02 3.107273e+03 5.680004e+03 7.680741e+03 1.143053e+04  
5.051342e-02 3.074337e+03 5.619552e+03 7.598825e+03 1.130873e+04  
5.121755e-02 3.042437e+03 5.560989e+03 7.519477e+03 1.119082e+04  
5.193150e-02 3.011457e+03 5.504108e+03 7.442415e+03 1.107637e+04  
5.265540e-02 2.981340e+03 5.448802e+03 7.367497e+03 1.096517e+04  
5.338938e-02 2.952062e+03 5.395026e+03 7.294660e+03 1.085714e+04  
5.413360e-02 2.923593e+03 5.342727e+03 7.223835e+03 1.075216e+04  
5.488820e-02 2.895902e+03 5.291846e+03 7.154940e+03 1.065012e+04  
5.565331e-02 2.868949e+03 5.242312e+03 7.087880e+03 1.055089e+04  
5.642908e-02 2.842685e+03 5.194031e+03 7.022529e+03 1.045427e+04  
5.721568e-02 2.817008e+03 5.146821e+03 6.958639e+03 1.035989e+04  
5.801323e-02 2.791792e+03 5.100452e+03 6.895902e+03 1.026729e+04  
5.882190e-02 2.766900e+03 5.054675e+03 6.833981e+03 1.017598e+04  
5.964185e-02 2.742181e+03 5.009217e+03 6.772507e+03 1.008541e+04  
6.047322e-02 2.717474e+03 4.963787e+03 6.711087e+03 9.994972e+03  
6.131619e-02 2.692648e+03 4.918147e+03 6.649401e+03 9.904201e+03  
6.217090e-02 2.667598e+03 4.872110e+03 6.587197e+03 9.812715e+03  
6.303753e-02 2.642215e+03 4.825476e+03 6.524203e+03 9.720108e+03  
6.391624e-02 2.616377e+03 4.778028e+03 6.460127e+03 9.625939e+03  
6.480720e-02 2.589955e+03 4.729534e+03 6.394658e+03 9.529738e+03  
6.571058e-02 2.562836e+03 4.679789e+03 6.327519e+03 9.431088e+03  
6.662655e-02 2.534917e+03 4.628611e+03 6.258462e+03 9.329612e+03  
6.755528e-02 2.506088e+03 4.575803e+03 6.187223e+03 9.224910e+03  
6.849697e-02 2.476233e+03 4.521156e+03 6.113520e+03 9.116552e+03  
6.945178e-02 2.445238e+03 4.464469e+03 6.037079e+03 9.004121e+03  
7.041990e-02 2.413046e+03 4.405641e+03 5.957767e+03 8.887408e+03  
7.140151e-02 2.379618e+03 4.344604e+03 5.875491e+03 8.766268e+03  
7.239681e-02 2.344915e+03 4.281288e+03 5.790156e+03 8.640551e+03  
7.340598e-02 2.308896e+03 4.215627e+03 5.701671e+03 8.510111e+03  
7.442922e-02 2.271565e+03 4.147628e+03 5.610049e+03 8.374958e+03  
7.546673e-02 2.232970e+03 4.077380e+03 5.515407e+03 8.235261e+03  
7.651869e-02 2.193164e+03 4.004983e+03 5.417881e+03 8.091219e+03  
7.758532e-02 2.152210e+03 3.930551e+03 5.317624e+03 7.943052e+03  
7.866682e-02 2.110199e+03 3.854252e+03 5.214861e+03 7.791096e+03  
7.976339e-02 2.067263e+03 3.776324e+03 5.109917e+03 7.635832e+03  
8.087525e-02 2.023548e+03 3.697032e+03 5.003147e+03 7.477793e+03  
8.200261e-02 1.979213e+03 3.616665e+03 4.894941e+03 7.317560e+03  
8.314568e-02 1.934425e+03 3.535523e+03 4.785704e+03 7.155744e+03  
8.430468e-02 1.889359e+03 3.453920e+03 4.675860e+03 6.992980e+03  
8.547985e-02 1.844202e+03 3.372195e+03 4.565867e+03 6.829960e+03  
8.667139e-02 1.799157e+03 3.290712e+03 4.456214e+03 6.667421e+03  
8.787954e-02 1.754422e+03 3.209826e+03 4.347382e+03 6.506089e+03  
8.910453e-02 1.710203e+03 3.129905e+03 4.239867e+03 6.346713e+03  
9.034660e-02 1.666719e+03 3.051344e+03 4.134201e+03 6.190099e+03  
9.160598e-02 1.624185e+03 2.974525e+03 4.030900e+03 6.037029e+03  
9.288292e-02 1.582788e+03 2.899782e+03 3.930414e+03 5.888185e+03  
9.417766e-02 1.542724e+03 2.827464e+03 3.833212e+03 5.744278e+03  
9.549045e-02 1.504200e+03 2.757941e+03 3.739795e+03 5.606068e+03  
9.682153e-02 1.467409e+03 2.691553e+03 3.650619e+03 5.474251e+03  
9.817117e-02 1.432466e+03 2.628505e+03 3.565962e+03 5.349247e+03  
9.953962e-02 1.399478e+03 2.568986e+03 3.486074e+03 5.231442e+03  
1.009272e-01 1.368556e+03 2.513188e+03 3.411217e+03 5.121237e+03  
1.023340e-01 1.339773e+03 2.461239e+03 3.341563e+03 5.018896e+03  
1.037605e-01 1.313108e+03 2.413097e+03 3.277052e+03 4.924337e+03  
1.052069e-01 1.288518e+03 2.368683e+03 3.217579e+03 4.837407e+03  
1.066734e-01 1.265953e+03 2.327901e+03 3.163015e+03 4.757918e+03  
1.081604e-01 1.245304e+03 2.290553e+03 3.113090e+03 4.685471e+03  
1.096681e-01 1.226394e+03 2.256322e+03 3.067380e+03 4.619428e+03  
1.111968e-01 1.209029e+03 2.224855e+03 3.025406e+03 4.559073e+03  
1.127468e-01 1.192992e+03 2.195765e+03 2.986649e+03 4.503622e+03  
1.143184e-01 1.178053e+03 2.168639e+03 2.950551e+03 4.452236e+03  
1.159120e-01 1.163963e+03 2.143031e+03 2.916510e+03 4.404000e+03  
1.175277e-01 1.150450e+03 2.118455e+03 2.883871e+03 4.357923e+03  
1.191660e-01 1.137251e+03 2.094445e+03 2.852003e+03 4.313041e+03  
1.208271e-01 1.124109e+03 2.070542e+03 2.820289e+03 4.268407e+03  
1.225114e-01 1.110747e+03 2.046255e+03 2.788061e+03 4.222998e+03  
1.242191e-01 1.096906e+03 2.021124e+03 2.754700e+03 4.175853e+03  
1.259506e-01 1.082371e+03 1.994768e+03 2.719687e+03 4.126167e+03  
1.277063e-01 1.066914e+03 1.966787e+03 2.682481e+03 4.073095e+03  
1.294865e-01 1.050349e+03 1.936852e+03 2.642633e+03 4.015931e+03  
1.312915e-01 1.032585e+03 1.904804e+03 2.599927e+03 3.954326e+03  
1.331216e-01 1.013540e+03 1.870503e+03 2.554170e+03 3.887965e+03  
1.349772e-01 9.931928e+02 1.833911e+03 2.505309e+03 3.816753e+03  
1.368587e-01 9.716337e+02 1.795194e+03 2.453567e+03 3.741018e+03  
1.387665e-01 9.489772e+02 1.754556e+03 2.399218e+03 3.661176e+03  
1.407008e-01 9.253881e+02 1.712292e+03 2.342661e+03 3.577834e+03  
1.426621e-01 9.010925e+02 1.668804e+03 2.284439e+03 3.491828e+03  
1.446507e-01 8.763386e+02 1.624531e+03 2.225149e+03 3.404078e+03  
1.466671e-01 8.513912e+02 1.579944e+03 2.165426e+03 3.315569e+03  
1.487115e-01 8.265348e+02 1.535546e+03 2.105951e+03 3.227355e+03  
1.507845e-01 8.020650e+02 1.491858e+03 2.047430e+03 3.140532e+03  
1.528864e-01 7.782606e+02 1.449372e+03 1.990529e+03 3.056132e+03  
1.550175e-01 7.554116e+02 1.408598e+03 1.935938e+03 2.975224e+03  
1.571784e-01 7.337743e+02 1.369985e+03 1.884264e+03 2.898752e+03  
1.593694e-01 7.135712e+02 1.333924e+03 1.836034e+03 2.827532e+03  
1.615909e-01 6.949946e+02 1.300748e+03 1.791701e+03 2.762267e+03  
1.638434e-01 6.781063e+02 1.270565e+03 1.751405e+03 2.703180e+03  
1.661273e-01 6.629304e+02 1.243411e+03 1.715199e+03 2.650358e+03  
1.684430e-01 6.493842e+02 1.219137e+03 1.682881e+03 2.603495e+03  
1.707910e-01 6.373103e+02 1.197464e+03 1.654071e+03 2.562014e+03  
1.731717e-01 6.265072e+02 1.178032e+03 1.628289e+03 2.525176e+03  
1.755856e-01 6.167177e+02 1.160389e+03 1.604919e+03 2.492038e+03  
1.780332e-01 6.076688e+02 1.144052e+03 1.583312e+03 2.461597e+03  
1.805149e-01 5.990895e+02 1.128545e+03 1.562823e+03 2.432854e+03  
1.830312e-01 5.906974e+02 1.113371e+03 1.542780e+03 2.404765e+03  
1.855825e-01 5.822191e+02 1.098051e+03 1.522533e+03 2.376316e+03  
1.881694e-01 5.733810e+02 1.082106e+03 1.501432e+03 2.346484e+03  
1.907924e-01 5.639620e+02 1.065150e+03 1.478952e+03 2.314440e+03  
1.934520e-01 5.537678e+02 1.046843e+03 1.454631e+03 2.279452e+03  
1.961486e-01 5.427067e+02 1.027028e+03 1.428252e+03 2.241170e+03  
1.988828e-01 5.307465e+02 1.005651e+03 1.399742e+03 2.199470e+03  
2.016551e-01 5.179786e+02 9.828731e+02 1.369318e+03 2.154690e+03  
2.044661e-01 5.045623e+02 9.589758e+02 1.337364e+03 2.107426e+03  
2.073162e-01 4.907371e+02 9.343791e+02 1.304448e+03 2.058576e+03  
2.102061e-01 4.767740e+02 9.095577e+02 1.271216e+03 2.009154e+03  
2.131362e-01 4.629396e+02 8.849774e+02 1.238300e+03 1.960156e+03  
2.161073e-01 4.494933e+02 8.610903e+02 1.206315e+03 1.912547e+03  
2.191197e-01 4.366652e+02 8.382961e+02 1.175801e+03 1.867179e+03  
2.221741e-01 4.246462e+02 8.169260e+02 1.147207e+03 1.824754e+03  
2.252711e-01 4.135748e+02 7.972183e+02 1.120856e+03 1.785779e+03  
2.284112e-01 4.035169e+02 7.792851e+02 1.096897e+03 1.750490e+03  
2.315951e-01 3.944750e+02 7.631278e+02 1.075334e+03 1.718891e+03  
2.348235e-01 3.863675e+02 7.486017e+02 1.055969e+03 1.690678e+03  
2.380968e-01 3.790560e+02 7.354639e+02 1.038475e+03 1.665339e+03  
2.414157e-01 3.723457e+02 7.233749e+02 1.022391e+03 1.642156e+03  
2.447809e-01 3.660118e+02 7.119429e+02 1.007186e+03 1.620301e+03  
2.481930e-01 3.598124e+02 7.007478e+02 9.922930e+02 1.598880e+03  
2.516527e-01 3.535115e+02 6.893810e+02 9.771561e+02 1.577021e+03  
2.551606e-01 3.469203e+02 6.775157e+02 9.613325e+02 1.554026e+03  
2.587174e-01 3.399158e+02 6.649402e+02 9.445345e+02 1.529439e+03  
2.623238e-01 3.324682e+02 6.516043e+02 9.266939e+02 1.503152e+03  
2.659804e-01 3.246240e+02 6.375900e+02 9.079223e+02 1.475341e+03  
2.696881e-01 3.164928e+02 6.230884e+02 8.884794e+02 1.446417e+03  
2.734474e-01 3.082223e+02 6.083556e+02 8.687135e+02 1.416932e+03  
2.772591e-01 2.999806e+02 5.936822e+02 8.490190e+02 1.387509e+03  
2.811239e-01 2.919428e+02 5.793705e+02 8.298059e+02 1.358795e+03  
2.850426e-01 2.842749e+02 5.657051e+02 8.114598e+02 1.331397e+03  
2.890160e-01 2.771051e+02 5.529058e+02 7.942773e+02 1.305780e+03  
2.930447e-01 2.705023e+02 5.410891e+02 7.784157e+02 1.282190e+03  
2.971296e-01 2.644641e+02 5.302490e+02 7.638658e+02 1.260610e+03  
3.012714e-01 2.589203e+02 5.202628e+02 7.504613e+02 1.240780e+03  
3.054710e-01 2.537580e+02 5.109356e+02 7.379382e+02 1.222286e+03  
3.097291e-01 2.488434e+02 5.020366e+02 7.259846e+02 1.204639e+03  
3.140465e-01 2.440358e+02 4.933244e+02 7.142739e+02 1.187329e+03  
3.184242e-01 2.392032e+02 4.845728e+02 7.025006e+02 1.169877e+03  
3.228628e-01 2.342463e+02 4.756125e+02 6.904361e+02 1.151926e+03  
3.273634e-01 2.291224e+02 4.663714e+02 6.779836e+02 1.133326e+03  
3.319266e-01 2.238477e+02 4.568781e+02 6.651825e+02 1.114142e+03  
3.365535e-01 2.184883e+02 4.472462e+02 6.521868e+02 1.094618e+03  
3.412449e-01 2.131394e+02 4.376387e+02 6.392173e+02 1.075100e+03  
3.460016e-01 2.079032e+02 4.282295e+02 6.265089e+02 1.055959e+03  
3.508247e-01 2.028735e+02 4.191781e+02 6.142767e+02 1.037529e+03  
3.557150e-01 1.981175e+02 4.105977e+02 6.026726e+02 1.020046e+03  
3.606735e-01 1.936596e+02 4.025283e+02 5.917501e+02 1.003593e+03  
3.657011e-01 1.894751e+02 3.949271e+02 5.814509e+02 9.880770e+02  
3.707988e-01 1.855132e+02 3.877070e+02 5.716572e+02 9.733141e+02  
3.759675e-01 1.817066e+02 3.807532e+02 5.622147e+02 9.590647e+02  
3.812083e-01 1.779807e+02 3.739391e+02 5.529532e+02 9.450654e+02  
3.865221e-01 1.742676e+02 3.671503e+02 5.437191e+02 9.310795e+02  
3.919100e-01 1.705252e+02 3.603158e+02 5.344178e+02 9.169625e+02  
3.973730e-01 1.667501e+02 3.534306e+02 5.250429e+02 9.027069e+02  
4.029122e-01 1.629773e+02 3.465541e+02 5.156749e+02 8.884388e+02  
4.085286e-01 1.592562e+02 3.397693e+02 5.064251e+02 8.743313e+02  
4.142232e-01 1.556299e+02 3.331484e+02 4.973906e+02 8.605340e+02  
4.199973e-01 1.521354e+02 3.267535e+02 4.886540e+02 8.471738e+02  
4.258518e-01 1.487986e+02 3.206268e+02 4.802715e+02 8.343360e+02  
4.317880e-01 1.456201e+02 3.147688e+02 4.722432e+02 8.220194e+02  
4.378069e-01 1.425682e+02 3.091261e+02 4.644976e+02 8.101142e+02  
4.439097e-01 1.396035e+02 3.036322e+02 4.569460e+02 7.984851e+02  
4.500975e-01 1.366968e+02 2.982385e+02 4.495237e+02 7.870340e+02  
4.563716e-01 1.338262e+02 2.929085e+02 4.421824e+02 7.756885e+02  
4.627332e-01 1.309735e+02 2.876120e+02 4.348823e+02 7.643898e+02  
4.691835e-01 1.281477e+02 2.823645e+02 4.276442e+02 7.531704e+02  
4.757236e-01 1.253747e+02 2.772086e+02 4.205248e+02 7.421168e+02  
4.823549e-01 1.226774e+02 2.721818e+02 4.135740e+02 7.313039e+02  
4.890787e-01 1.200634e+02 2.672968e+02 4.068082e+02 7.207563e+02  
4.958962e-01 1.175423e+02 2.625687e+02 4.002473e+02 7.105031e+02  
5.028087e-01 1.151080e+02 2.579870e+02 3.938770e+02 7.005225e+02  
5.098176e-01 1.127404e+02 2.535184e+02 3.876535e+02 6.907489e+02  
5.169242e-01 1.104249e+02 2.491389e+02 3.815451e+02 6.811355e+02  
5.241298e-01 1.081512e+02 2.448317e+02 3.755299e+02 6.716503e+02  
5.314359e-01 1.059147e+02 2.405890e+02 3.695978e+02 6.622790e+02  
5.388438e-01 1.037160e+02 2.364121e+02 3.637505e+02 6.530248e+02  
5.463550e-01 1.015713e+02 2.323270e+02 3.580223e+02 6.439379e+02  
5.539709e-01 9.948357e+01 2.283382e+02 3.524188e+02 6.350264e+02  
5.616930e-01 9.745399e+01 2.244476e+02 3.469424e+02 6.262936e+02  
5.695227e-01 9.548327e+01 2.206560e+02 3.415939e+02 6.177403e+02  
5.774615e-01 9.356335e+01 2.169501e+02 3.363562e+02 6.093414e+02  
5.855110e-01 9.168542e+01 2.133157e+02 3.312106e+02 6.010702e+02  
5.936727e-01 8.984742e+01 2.097494e+02 3.261529e+02 5.929207e+02  
6.019482e-01 8.804667e+01 2.062467e+02 3.211772e+02 5.848850e+02  
6.103390e-01 8.628516e+01 2.028108e+02 3.162877e+02 5.769687e+02  
6.188468e-01 8.456755e+01 1.994490e+02 3.114936e+02 5.691850e+02  
6.274732e-01 8.289253e+01 1.961589e+02 3.067920e+02 5.615289e+02  
6.362198e-01 8.125997e+01 1.929401e+02 3.021822e+02 5.540003e+02  
6.450884e-01 7.966710e+01 1.897883e+02 2.976584e+02 5.465904e+02  
6.540806e-01 7.811079e+01 1.866981e+02 2.932140e+02 5.392900e+02  
6.631981e-01 7.658842e+01 1.836656e+02 2.888437e+02 5.320917e+02  
6.724427e-01 7.509985e+01 1.806902e+02 2.845471e+02 5.249947e+02  
6.818162e-01 7.364530e+01 1.777722e+02 2.803242e+02 5.179994e+02  
6.913204e-01 7.222493e+01 1.749118e+02 2.761753e+02 5.111060e+02  
7.009570e-01 7.083821e+01 1.721080e+02 2.720990e+02 5.043117e+02  
7.107280e-01 6.948391e+01 1.693587e+02 2.680927e+02 4.976132e+02  
7.206351e-01 6.816061e+01 1.666615e+02 2.641534e+02 4.910065e+02  
7.306804e-01 6.686688e+01 1.640143e+02 2.602783e+02 4.844875e+02  
7.408657e-01 6.560202e+01 1.614158e+02 2.564656e+02 4.780540e+02  
7.511929e-01 6.436553e+01 1.588650e+02 2.527144e+02 4.717043e+02  
7.616642e-01 6.315679e+01 1.563611e+02 2.490232e+02 4.654365e+02  
7.722814e-01 6.197515e+01 1.539028e+02 2.453906e+02 4.592490e+02  
7.830465e-01 6.081997e+01 1.514890e+02 2.418152e+02 4.531390e+02  
7.939618e-01 5.969051e+01 1.491186e+02 2.382955e+02 4.471048e+02  
8.050292e-01 5.858596e+01 1.467902e+02 2.348298e+02 4.411440e+02  
8.162509e-01 5.750567e+01 1.445027e+02 2.314166e+02 4.352548e+02  
8.276289e-01 5.644907e+01 1.422553e+02 2.280548e+02 4.294351e+02  
8.391656e-01 5.541548e+01 1.400466e+02 2.247430e+02 4.236838e+02  
8.508632e-01 5.440424e+01 1.378758e+02 2.214798e+02 4.179985e+02  
8.627237e-01 5.341484e+01 1.357419e+02 2.182642e+02 4.123780e+02  
8.747496e-01 5.244675e+01 1.336440e+02 2.150950e+02 4.068206e+02  
8.869432e-01 5.149937e+01 1.315813e+02 2.119710e+02 4.013248e+02  
8.993067e-01 5.057215e+01 1.295527e+02 2.088911e+02 3.958891e+02  
9.118425e-01 4.966462e+01 1.275575e+02 2.058544e+02 3.905121e+02  
9.245531e-01 4.877623e+01 1.255949e+02 2.028597e+02 3.851925e+02  
9.374409e-01 4.790638e+01 1.236639e+02 1.999059e+02 3.799288e+02  
9.505083e-01 4.705464e+01 1.217637e+02 1.969921e+02 3.747198e+02  
9.637579e-01 4.622056e+01 1.198937e+02 1.941174e+02 3.695644e+02  
9.771921e-01 4.540363e+01 1.180530e+02 1.912809e+02 3.644614e+02  
9.908137e-01 4.460339e+01 1.162410e+02 1.884816e+02 3.594097e+02  
1.004625e+00 4.381945e+01 1.144569e+02 1.857189e+02 3.544083e+02  
1.018629e+00 4.305142e+01 1.127003e+02 1.829919e+02 3.494563e+02  
1.032828e+00 4.229884e+01 1.109702e+02 1.802997e+02 3.445526e+02  
1.047225e+00 4.156131e+01 1.092663e+02 1.776418e+02 3.396964e+02  
1.061823e+00 4.083848e+01 1.075878e+02 1.750173e+02 3.348870e+02  
1.076624e+00 4.012997e+01 1.059342e+02 1.724257e+02 3.301233e+02  
1.091632e+00 3.943533e+01 1.043048e+02 1.698660e+02 3.254047e+02  
1.106848e+00 3.875426e+01 1.026992e+02 1.673378e+02 3.207304e+02  
1.122277e+00 3.808640e+01 1.011167e+02 1.648404e+02 3.160998e+02  
1.137921e+00 3.743138e+01 9.955695e+01 1.623731e+02 3.115121e+02  
1.153783e+00 3.678886e+01 9.801928e+01 1.599355e+02 3.069667e+02  
1.169866e+00 3.615859e+01 9.650335e+01 1.575270e+02 3.024632e+02  
1.186174e+00 3.554028e+01 9.500873e+01 1.551471e+02 2.980011e+02  
1.202708e+00 3.493363e+01 9.353495e+01 1.527954e+02 2.935797e+02  
1.219473e+00 3.433835e+01 9.208160e+01 1.504713e+02 2.891988e+02  
1.236472e+00 3.375416e+01 9.064825e+01 1.481743e+02 2.848577e+02  
1.253708e+00 3.318074e+01 8.923445e+01 1.459041e+02 2.805561e+02  
1.271184e+00 3.261776e+01 8.783975e+01 1.436600e+02 2.762936e+02  
1.288904e+00 3.206502e+01 8.646382e+01 1.414418e+02 2.720698e+02  
1.306870e+00 3.152228e+01 8.510631e+01 1.392490e+02 2.678844e+02  
1.325087e+00 3.098926e+01 8.376687e+01 1.370813e+02 2.637372e+02  
1.343558e+00 3.046574e+01 8.244515e+01 1.349383e+02 2.596279e+02  
1.362287e+00 2.995154e+01 8.114089e+01 1.328197e+02 2.555562e+02  
1.381276e+00 2.944643e+01 7.985376e+01 1.307251e+02 2.515219e+02  
1.400531e+00 2.895017e+01 7.858346e+01 1.286544e+02 2.475249e+02  
1.420053e+00 2.848616e+01 7.732969e+01 1.266070e+02 2.435650e+02  
1.439848e+00 2.798342e+01 7.609218e+01 1.245829e+02 2.396420e+02  
1.459919e+00 2.751249e+01 7.487061e+01 1.225816e+02 2.357557e+02  
1.480269e+00 2.702592e+01 7.366471e+01 1.206029e+02 2.319061e+02  
1.500903e+00 2.659449e+01 7.247426e+01 1.186465e+02 2.280931e+02  
1.521825e+00 2.614709e+01 7.129903e+01 1.167123e+02 2.243166e+02  
1.543038e+00 2.570719e+01 7.013877e+01 1.147999e+02 2.205766e+02  
1.564548e+00 2.527463e+01 6.899327e+01 1.129093e+02 2.168729e+02  
1.586357e+00 2.484925e+01 6.786233e+01 1.110401e+02 2.132056e+02  
1.608469e+00 2.443090e+01 6.674574e+01 1.091922e+02 2.095747e+02  
1.630891e+00 2.401941e+01 6.564329e+01 1.073653e+02 2.059802e+02  
1.653624e+00 2.361463e+01 6.455478e+01 1.055594e+02 2.024220e+02  
1.676675e+00 2.321641e+01 6.348003e+01 1.037742e+02 1.989003e+02  
1.700047e+00 2.282460e+01 6.241884e+01 1.020095e+02 1.954149e+02  
1.723745e+00 2.243905e+01 6.137102e+01 1.002652e+02 1.919660e+02  
1.747773e+00 2.205965e+01 6.033644e+01 9.854113e+01 1.885536e+02  
1.772136e+00 2.168628e+01 5.931493e+01 9.683715e+01 1.851777e+02  
1.796838e+00 2.131879e+01 5.830633e+01 9.515312e+01 1.818385e+02  
1.821885e+00 2.095709e+01 5.731050e+01 9.348890e+01 1.785360e+02  
1.847281e+00 2.060105e+01 5.632729e+01 9.184437e+01 1.752702e+02  
1.873032e+00 2.025055e+01 5.535655e+01 9.021940e+01 1.720412e+02  
1.899141e+00 1.990548e+01 5.439815e+01 8.861386e+01 1.688491e+02  
1.925614e+00 1.956573e+01 5.345195e+01 8.702764e+01 1.656940e+02  
1.952456e+00 1.923122e+01 5.251785e+01 8.546063e+01 1.625760e+02  
1.979672e+00 1.890184e+01 5.159569e+01 8.391273e+01 1.594951e+02  
2.007267e+00 1.857748e+01 5.068538e+01 8.238383e+01 1.564513e+02  
2.035248e+00 1.825806e+01 4.978679e+01 8.087382e+01 1.534448e+02  
2.063618e+00 1.794348e+01 4.889981e+01 7.938262e+01 1.504757e+02  
2.092383e+00 1.763363e+01 4.802432e+01 7.791011e+01 1.475439e+02  
2.121550e+00 1.732845e+01 4.716021e+01 7.645621e+01 1.446495e+02  
2.151123e+00 1.702786e+01 4.630740e+01 7.502083e+01 1.417927e+02  
2.181109e+00 1.673176e+01 4.546577e+01 7.360389e+01 1.389734e+02  
2.211512e+00 1.644008e+01 4.463522e+01 7.220529e+01 1.361916e+02  
2.242340e+00 1.615276e+01 4.381568e+01 7.082496e+01 1.334474e+02  
2.273597e+00 1.586971e+01 4.300703e+01 6.946280e+01 1.307409e+02  
2.305289e+00 1.559086e+01 4.220919e+01 6.811874e+01 1.280719e+02  
2.337424e+00 1.531614e+01 4.142207e+01 6.679270e+01 1.254406e+02  
2.370006e+00 1.504549e+01 4.064558e+01 6.548459e+01 1.228468e+02  
2.403043e+00 1.477885e+01 3.987964e+01 6.419433e+01 1.202906e+02  
2.436540e+00 1.451614e+01 3.912415e+01 6.292185e+01 1.177720e+02  
2.470504e+00 1.425731e+01 3.837905e+01 6.166706e+01 1.152908e+02  
2.504942e+00 1.400228e+01 3.764424e+01 6.042990e+01 1.128470e+02  
2.539859e+00 1.375102e+01 3.691964e+01 5.921026e+01 1.104406e+02  
2.575263e+00 1.350346e+01 3.620518e+01 5.800807e+01 1.080714e+02  
2.611161e+00 1.325954e+01 3.550079e+01 5.682327e+01 1.057393e+02  
2.647559e+00 1.301922e+01 3.480637e+01 5.565575e+01 1.034443e+02  
2.684465e+00 1.278244e+01 3.412186e+01 5.450544e+01 1.011861e+02  
2.721885e+00 1.254914e+01 3.344718e+01 5.337226e+01 9.896469e+01  
2.759826e+00 1.231929e+01 3.278226e+01 5.225612e+01 9.677984e+01  
2.798297e+00 1.209283e+01 3.212702e+01 5.115693e+01 9.463139e+01  
2.837304e+00 1.186971e+01 3.148139e+01 5.007460e+01 9.251916e+01  
2.876854e+00 1.164990e+01 3.084529e+01 4.900907e+01 9.044294e+01  
2.916956e+00 1.143335e+01 3.021866e+01 4.796021e+01 8.840253e+01  
2.957617e+00 1.122000e+01 2.960143e+01 4.692793e+01 8.639768e+01  
2.998844e+00 1.100983e+01 2.899352e+01 4.591216e+01 8.442818e+01  
3.040646e+00 1.080280e+01 2.839487e+01 4.491277e+01 8.249375e+01  
3.083031e+00 1.059885e+01 2.780539e+01 4.392968e+01 8.059415e+01  
3.126007e+00 1.039796e+01 2.722503e+01 4.296279e+01 7.872909e+01  
3.169582e+00 1.020008e+01 2.665370e+01 4.201197e+01 7.689829e+01  
3.213764e+00 1.000517e+01 2.609135e+01 4.107714e+01 7.510164e+01  
3.258562e+00 9.813212e+00 2.553789e+01 4.015817e+01 7.333850e+01  
3.303985e+00 9.624154e+00 2.499326e+01 3.925495e+01 7.160847e+01  
3.350041e+00 9.437966e+00 2.445740e+01 3.836736e+01 6.991134e+01  
3.396739e+00 9.254613e+00 2.393022e+01 3.749530e+01 6.824744e+01  
3.444087e+00 9.074060e+00 2.341166e+01 3.663862e+01 6.661563e+01  
3.492096e+00 8.896274e+00 2.290164e+01 3.579721e+01 6.501581e+01  
3.540774e+00 8.721224e+00 2.240010e+01 3.497094e+01 6.344762e+01  
3.590130e+00 8.548879e+00 2.195047e+01 3.415967e+01 6.191069e+01  
3.640175e+00 8.379207e+00 2.142216e+01 3.336328e+01 6.040466e+01  
3.690917e+00 8.212178e+00 2.094562e+01 3.258162e+01 5.892916e+01  
3.742366e+00 8.047761e+00 2.047726e+01 3.181458e+01 5.748380e+01  
3.794533e+00 7.885924e+00 2.001702e+01 3.106198e+01 5.606820e+01  
3.847427e+00 7.726641e+00 1.956482e+01 3.032367e+01 5.468197e+01  
3.901058e+00 7.569881e+00 1.912059e+01 2.959953e+01 5.332471e+01  
3.955436e+00 7.415616e+00 1.868425e+01 2.888936e+01 5.199603e+01  
4.010573e+00 7.263817e+00 1.825572e+01 2.819313e+01 5.069554e+01  
4.066478e+00 7.114458e+00 1.783494e+01 2.751056e+01 4.942282e+01  
4.123163e+00 6.967511e+00 1.742183e+01 2.684155e+01 4.817749e+01  
4.180637e+00 6.822949e+00 1.701630e+01 2.618592e+01 4.695912e+01  
4.238913e+00 6.680744e+00 1.661829e+01 2.554351e+01 4.576732e+01  
4.298001e+00 6.540871e+00 1.622771e+01 2.491417e+01 4.460167e+01  
4.357913e+00 6.403302e+00 1.584448e+01 2.429773e+01 4.346178e+01  
4.418660e+00 6.268013e+00 1.546853e+01 2.369403e+01 4.234723e+01  
4.480254e+00 6.134977e+00 1.509979e+01 2.310289e+01 4.125761e+01  
4.542706e+00 6.004169e+00 1.473814e+01 2.252415e+01 4.019252e+01  
4.606029e+00 5.875563e+00 1.438354e+01 2.195763e+01 3.915154e+01  
4.670234e+00 5.749135e+00 1.403589e+01 2.140318e+01 3.813416e+01  
4.735335e+00 5.624860e+00 1.369510e+01 2.086061e+01 3.714044e+01  
4.801343e+00 5.502713e+00 1.336112e+01 2.032975e+01 3.616928e+01  
4.868271e+00 5.382669e+00 1.303383e+01 1.981043e+01 3.522073e+01  
4.936132e+00 5.264705e+00 1.271316e+01 1.930248e+01 3.429429e+01  
5.004939e+00 5.148796e+00 1.239904e+01 1.880573e+01 3.338954e+01  
5.074705e+00 5.034918e+00 1.209136e+01 1.832000e+01 3.250611e+01  
5.145444e+00 4.923048e+00 1.179005e+01 1.784512e+01 3.164359e+01  
5.217169e+00 4.813161e+00 1.149503e+01 1.738089e+01 3.080160e+01  
5.289893e+00 4.705236e+00 1.120620e+01 1.692714e+01 2.997974e+01  
5.363631e+00 4.599249e+00 1.092348e+01 1.648375e+01 2.917764e+01  
5.438397e+00 4.495172e+00 1.064678e+01 1.605051e+01 2.839491e+01  
5.514206e+00 4.392986e+00 1.037602e+01 1.562724e+01 2.763118e+01  
5.591071e+00 4.292673e+00 1.011111e+01 1.521378e+01 2.688606e+01  
5.669007e+00 4.194202e+00 9.851958e+00 1.480995e+01 2.615920e+01  
5.748030e+00 4.097554e+00 9.598484e+00 1.441558e+01 2.545021e+01  
5.828155e+00 4.002706e+00 9.350599e+00 1.403051e+01 2.475875e+01  
5.909396e+00 3.909636e+00 9.108214e+00 1.365457e+01 2.408446e+01  
5.991770e+00 3.818320e+00 8.871244e+00 1.328758e+01 2.342696e+01  
6.075292e+00 3.728738e+00 8.639601e+00 1.292938e+01 2.278579e+01  
6.159978e+00 3.640867e+00 8.413198e+00 1.257981e+01 2.216099e+01  
6.245845e+00 3.554685e+00 8.191950e+00 1.223870e+01 2.155183e+01  
6.332908e+00 3.470170e+00 7.975770e+00 1.190589e+01 2.095811e+01  
6.421186e+00 3.387300e+00 7.764571e+00 1.158122e+01 2.037948e+01  
6.510694e+00 3.306054e+00 7.558274e+00 1.126452e+01 1.981563e+01  
6.601449e+00 3.226410e+00 7.356778e+00 1.095571e+01 1.926622e+01  
6.693470e+00 3.148346e+00 7.160013e+00 1.065440e+01 1.873094e+01  
6.786773e+00 3.071842e+00 6.967887e+00 1.036068e+01 1.820948e+01  
6.881377e+00 2.996876e+00 6.780322e+00 1.007436e+01 1.770151e+01  
6.977300e+00 2.923426e+00 6.597228e+00 9.795202e+00 1.720678e+01  
7.074559e+00 2.851472e+00 6.418523e+00 9.523097e+00 1.672493e+01  
7.173175e+00 2.780993e+00 6.244125e+00 9.257891e+00 1.625567e+01  
7.273165e+00 2.711968e+00 6.073953e+00 8.999450e+00 1.579873e+01  
7.374549e+00 2.644376e+00 5.907926e+00 8.747615e+00 1.535385e+01  
7.477346e+00 2.578196e+00 5.745964e+00 8.502249e+00 1.492071e+01  
7.581576e+00 2.513407e+00 5.587986e+00 8.263210e+00 1.449855e+01  
7.687260e+00 2.449990e+00 5.433916e+00 8.030365e+00 1.408859e+01  
7.794416e+00 2.387923e+00 5.283674e+00 7.803571e+00 1.368908e+01  
7.903066e+00 2.327186e+00 5.137185e+00 7.582695e+00 1.330025e+01  
8.013230e+00 2.267762e+00 4.994369e+00 7.367605e+00 1.292185e+01  
8.124930e+00 2.209624e+00 4.855153e+00 7.158114e+00 1.255360e+01  
8.238187e+00 2.152757e+00 4.719461e+00 6.954319e+00 1.219530e+01  
8.353023e+00 2.097140e+00 4.587218e+00 6.755750e+00 1.184670e+01  
8.469460e+00 2.042754e+00 4.458352e+00 6.562519e+00 1.150750e+01  
8.587519e+00 1.989577e+00 4.332790e+00 6.374432e+00 1.117756e+01  
8.707225e+00 1.937590e+00 4.210461e+00 6.191381e+00 1.085660e+01  
8.828599e+00 1.886775e+00 4.091307e+00 6.013242e+00 1.054440e+01  
8.951665e+00 1.837111e+00 3.975228e+00 5.839902e+00 1.024075e+01  
9.076446e+00 1.788579e+00 3.862187e+00 5.671251e+00 9.945439e+00  
9.202967e+00 1.741162e+00 3.752107e+00 5.507163e+00 9.658248e+00  
9.331251e+00 1.694837e+00 3.644921e+00 5.347538e+00 9.378975e+00  
9.461324e+00 1.649584e+00 3.540563e+00 5.192262e+00 9.107419e+00  
9.593209e+00 1.605389e+00 3.438970e+00 5.041244e+00 8.843385e+00  
9.726934e+00 1.562231e+00 3.340077e+00 4.894354e+00 8.586674e+00  
9.862522e+00 1.520092e+00 3.243821e+00 4.751383e+00 8.337115e+00  
1.000000e+01 1.478952e+00 3.150140e+00 4.612602e+00 8.094507e+00  
