1.000000e-02 3.989589e+03 7.477947e+03 1.028352e+04 1.571011e+04  
1.013939e-02 4.012889e+03 7.521446e+03 1.034317e+04 1.580082e+04  
1.028073e-02 4.035905e+03 7.564409e+03 1.040207e+04 1.589038e+04  
1.042404e-02 4.058627e+03 7.606815e+03 1.046021e+04 1.597876e+04  
1.056935e-02 4.081044e+03 7.648644e+03 1.051755e+04 1.606590e+04  
1.071668e-02 4.103144e+03 7.689875e+03 1.057406e+04 1.615178e+04  
1.086606e-02 4.124914e+03 7.730484e+03 1.062971e+04 1.623633e+04  
1.101753e-02 4.146341e+03 7.770444e+03 1.068446e+04 1.631950e+04  
1.117111e-02 4.167412e+03 7.809731e+03 1.073829e+04 1.640124e+04  
1.132683e-02 4.188112e+03 7.848319e+03 1.079114e+04 1.648150e+04  
1.148472e-02 4.208429e+03 7.886182e+03 1.084300e+04 1.656022e+04  
1.164481e-02 4.228348e+03 7.923296e+03 1.089382e+04 1.663735e+04  
1.180713e-02 4.247856e+03 7.959634e+03 1.094358e+04 1.671283e+04  
1.197171e-02 4.266940e+03 7.995173e+03 1.099222e+04 1.678662e+04  
1.213859e-02 4.285587e+03 8.029889e+03 1.103974e+04 1.685866e+04  
1.230780e-02 4.303785e+03 8.063757e+03 1.108608e+04 1.692891e+04  
1.247936e-02 4.321521e+03 8.096754e+03 1.113122e+04 1.699731e+04  
1.265332e-02 4.338783e+03 8.128857e+03 1.117512e+04 1.706383e+04  
1.282970e-02 4.355558e+03 8.160044e+03 1.121776e+04 1.712840e+04  
1.300854e-02 4.371836e+03 8.190293e+03 1.125911e+04 1.719099e+04  
1.318987e-02 4.387601e+03 8.219577e+03 1.129913e+04 1.725153e+04  
1.337373e-02 4.402841e+03 8.247871e+03 1.133778e+04 1.730999e+04  
1.356015e-02 4.417539e+03 8.275146e+03 1.137502e+04 1.736629e+04  
1.374917e-02 4.431683e+03 8.301375e+03 1.141082e+04 1.742038e+04  
1.394083e-02 4.445257e+03 8.326533e+03 1.144515e+04 1.747221e+04  
1.413516e-02 4.458248e+03 8.350593e+03 1.147796e+04 1.752172e+04  
1.433219e-02 4.470642e+03 8.373529e+03 1.150922e+04 1.756886e+04  
1.453198e-02 4.482426e+03 8.395317e+03 1.153891e+04 1.761357e+04  
1.473454e-02 4.493586e+03 8.415931e+03 1.156697e+04 1.765581e+04  
1.493993e-02 4.504108e+03 8.435346e+03 1.159338e+04 1.769553e+04  
1.514819e-02 4.513980e+03 8.453537e+03 1.161810e+04 1.773266e+04  
1.535935e-02 4.523189e+03 8.470481e+03 1.164111e+04 1.776716e+04  
1.557345e-02 4.531723e+03 8.486157e+03 1.166236e+04 1.779899e+04  
1.579053e-02 4.539572e+03 8.500542e+03 1.168184e+04 1.782811e+04  
1.601064e-02 4.546722e+03 8.513616e+03 1.169952e+04 1.785446e+04  
1.623382e-02 4.553162e+03 8.525353e+03 1.171535e+04 1.787800e+04  
1.646012e-02 4.558878e+03 8.535731e+03 1.172931e+04 1.789868e+04  
1.668956e-02 4.563858e+03 8.544726e+03 1.174137e+04 1.791645e+04  
1.692220e-02 4.568091e+03 8.552318e+03 1.175150e+04 1.793127e+04  
1.715809e-02 4.571567e+03 8.558485e+03 1.175966e+04 1.794309e+04  
1.739726e-02 4.574274e+03 8.563210e+03 1.176584e+04 1.795189e+04  
1.763977e-02 4.576205e+03 8.566476e+03 1.177001e+04 1.795761e+04  
1.788566e-02 4.577347e+03 8.568261e+03 1.177214e+04 1.796023e+04  
1.813498e-02 4.577691e+03 8.568549e+03 1.177222e+04 1.795970e+04  
1.838777e-02 4.577228e+03 8.567320e+03 1.177020e+04 1.795599e+04  
1.864409e-02 4.575950e+03 8.564561e+03 1.176608e+04 1.794907e+04  
1.890397e-02 4.573848e+03 8.560258e+03 1.175984e+04 1.793890e+04  
1.916748e-02 4.570918e+03 8.554399e+03 1.175146e+04 1.792548e+04  
1.943467e-02 4.567154e+03 8.546976e+03 1.174092e+04 1.790877e+04  
1.970558e-02 4.562550e+03 8.537976e+03 1.172822e+04 1.788876e+04  
1.998026e-02 4.557099e+03 8.527389e+03 1.171333e+04 1.786542e+04  
2.025878e-02 4.550798e+03 8.515205e+03 1.169625e+04 1.783874e+04  
2.054117e-02 4.543641e+03 8.501419e+03 1.167697e+04 1.780870e+04  
2.082751e-02 4.535627e+03 8.486025e+03 1.165547e+04 1.777529e+04  
2.111783e-02 4.526756e+03 8.469024e+03 1.163177e+04 1.773852e+04  
2.141220e-02 4.517027e+03 8.450418e+03 1.160586e+04 1.769839e+04  
2.171068e-02 4.506442e+03 8.430205e+03 1.157775e+04 1.765490e+04  
2.201331e-02 4.494998e+03 8.408383e+03 1.154742e+04 1.760805e+04  
2.232016e-02 4.482695e+03 8.384952e+03 1.151488e+04 1.755782e+04  
2.263130e-02 4.469534e+03 8.359915e+03 1.148014e+04 1.750425e+04  
2.294676e-02 4.455519e+03 8.333278e+03 1.144319e+04 1.744733e+04  
2.326663e-02 4.440655e+03 8.305051e+03 1.140407e+04 1.738708e+04  
2.359095e-02 4.424948e+03 8.275248e+03 1.136278e+04 1.732355e+04  
2.391980e-02 4.408407e+03 8.243883e+03 1.131934e+04 1.725676e+04  
2.425323e-02 4.391038e+03 8.210969e+03 1.127378e+04 1.718673e+04  
2.459130e-02 4.372849e+03 8.176520e+03 1.122612e+04 1.711350e+04  
2.493409e-02 4.353850e+03 8.140558e+03 1.117637e+04 1.703712e+04  
2.528166e-02 4.334054e+03 8.103105e+03 1.112458e+04 1.695763e+04  
2.563407e-02 4.313477e+03 8.064191e+03 1.107079e+04 1.687509e+04  
2.599140e-02 4.292135e+03 8.023850e+03 1.101504e+04 1.678958e+04  
2.635371e-02 4.270049e+03 7.982117e+03 1.095738e+04 1.670118e+04  
2.672106e-02 4.247231e+03 7.939019e+03 1.089784e+04 1.660993e+04  
2.709354e-02 4.223698e+03 7.894583e+03 1.083647e+04 1.651590e+04  
2.747121e-02 4.199466e+03 7.848844e+03 1.077332e+04 1.641917e+04  
2.785414e-02 4.174556e+03 7.801839e+03 1.070843e+04 1.631980e+04  
2.824241e-02 4.148990e+03 7.753613e+03 1.064187e+04 1.621790e+04  
2.863610e-02 4.122796e+03 7.704213e+03 1.057370e+04 1.611356e+04  
2.903527e-02 4.096000e+03 7.653693e+03 1.050400e+04 1.600690e+04  
2.944000e-02 4.068627e+03 7.602097e+03 1.043282e+04 1.589801e+04  
2.985038e-02 4.040698e+03 7.549466e+03 1.036023e+04 1.578699e+04  
3.026648e-02 4.012239e+03 7.495849e+03 1.028629e+04 1.567392e+04  
3.068838e-02 3.983278e+03 7.441300e+03 1.021108e+04 1.555893e+04  
3.111616e-02 3.953847e+03 7.385875e+03 1.013466e+04 1.544213e+04  
3.154990e-02 3.923980e+03 7.329642e+03 1.005715e+04 1.532367e+04  
3.198969e-02 3.893714e+03 7.272669e+03 9.978622e+03 1.520369e+04  
3.243561e-02 3.863081e+03 7.215015e+03 9.899167e+03 1.508231e+04  
3.288774e-02 3.832106e+03 7.156729e+03 9.818852e+03 1.495965e+04  
3.334618e-02 3.800819e+03 7.097866e+03 9.737750e+03 1.483580e+04  
3.381101e-02 3.769250e+03 7.038483e+03 9.655943e+03 1.471091e+04  
3.428231e-02 3.737435e+03 6.978647e+03 9.573520e+03 1.458509e+04  
3.476019e-02 3.705410e+03 6.918425e+03 9.490576e+03 1.445851e+04  
3.524473e-02 3.673215e+03 6.857895e+03 9.407216e+03 1.433132e+04  
3.573602e-02 3.640888e+03 6.797123e+03 9.323533e+03 1.420366e+04  
3.623416e-02 3.608458e+03 6.736168e+03 9.239606e+03 1.407565e+04  
3.673925e-02 3.575958e+03 6.675089e+03 9.155517e+03 1.394742e+04  
3.725137e-02 3.543421e+03 6.613950e+03 9.071357e+03 1.381912e+04  
3.777064e-02 3.510886e+03 6.552822e+03 8.987219e+03 1.369087e+04  
3.829714e-02 3.478392e+03 6.491778e+03 8.903207e+03 1.356285e+04  
3.883098e-02 3.445980e+03 6.430898e+03 8.819428e+03 1.343521e+04  
3.937226e-02 3.413687e+03 6.370245e+03 8.735973e+03 1.330810e+04  
3.992109e-02 3.381521e+03 6.309840e+03 8.652868e+03 1.318155e+04  
4.047757e-02 3.349490e+03 6.249696e+03 8.570131e+03 1.305560e+04  
4.104181e-02 3.317601e+03 6.189825e+03 8.487779e+03 1.293027e+04  
4.161391e-02 3.285859e+03 6.130237e+03 8.405828e+03 1.280559e+04  
4.219398e-02 3.254271e+03 6.070945e+03 8.324295e+03 1.268158e+04  
4.278214e-02 3.222841e+03 6.011959e+03 8.243192e+03 1.255827e+04  
4.337850e-02 3.191580e+03 5.953297e+03 8.162546e+03 1.243568e+04  
4.398317e-02 3.160519e+03 5.895018e+03 8.082438e+03 1.231396e+04  
4.459628e-02 3.129698e+03 5.837197e+03 8.002971e+03 1.219326e+04  
4.521792e-02 3.099159e+03 5.779911e+03 7.924252e+03 1.207374e+04  
4.584824e-02 3.068948e+03 5.723245e+03 7.846397e+03 1.195558e+04  
4.648734e-02 3.039111e+03 5.667287e+03 7.769527e+03 1.183897e+04  
4.713535e-02 3.009699e+03 5.612131e+03 7.693771e+03 1.172411e+04  
4.779239e-02 2.980758e+03 5.557862e+03 7.619249e+03 1.161119e+04  
4.845859e-02 2.952272e+03 5.504451e+03 7.545918e+03 1.150014e+04  
4.913407e-02 2.924184e+03 5.451791e+03 7.473634e+03 1.139075e+04  
4.981898e-02 2.896431e+03 5.399764e+03 7.402235e+03 1.128276e+04  
5.051342e-02 2.868942e+03 5.348240e+03 7.331540e+03 1.117590e+04  
5.121755e-02 2.841640e+03 5.297075e+03 7.261355e+03 1.106986e+04  
5.193150e-02 2.814440e+03 5.246111e+03 7.191462e+03 1.096433e+04  
5.265540e-02 2.787260e+03 5.195196e+03 7.121652e+03 1.085897e+04  
5.338938e-02 2.760075e+03 5.144284e+03 7.051863e+03 1.075369e+04  
5.413360e-02 2.732888e+03 5.093380e+03 6.982100e+03 1.064850e+04  
5.488820e-02 2.705698e+03 5.042485e+03 6.912367e+03 1.054340e+04  
5.565331e-02 2.678508e+03 4.991601e+03 6.842666e+03 1.043840e+04  
5.642908e-02 2.651318e+03 4.940730e+03 6.773000e+03 1.033350e+04  
5.721568e-02 2.624127e+03 4.889871e+03 6.703366e+03 1.022869e+04  
5.801323e-02 2.596911e+03 4.838980e+03 6.633708e+03 1.012390e+04  
5.882190e-02 2.569628e+03 4.787977e+03 6.563913e+03 1.001894e+04  
5.964185e-02 2.542227e+03 4.736771e+03 6.493856e+03 9.913625e+03  
6.047322e-02 2.514656e+03 4.685264e+03 6.423402e+03 9.807738e+03  
6.131619e-02 2.486857e+03 4.633348e+03 6.352404e+03 9.701051e+03  
6.217090e-02 2.458770e+03 4.580913e+03 6.280711e+03 9.593327e+03  
6.303753e-02 2.430358e+03 4.527892e+03 6.208227e+03 9.484418e+03  
6.391624e-02 2.401596e+03 4.474236e+03 6.134889e+03 9.374217e+03  
6.480720e-02 2.372455e+03 4.419895e+03 6.060624e+03 9.262611e+03  
6.571058e-02 2.342905e+03 4.364814e+03 5.985357e+03 9.149478e+03  
6.662655e-02 2.312915e+03 4.308935e+03 5.909008e+03 9.034688e+03  
6.755528e-02 2.282466e+03 4.252222e+03 5.831528e+03 8.918159e+03  
6.849697e-02 2.251554e+03 4.194670e+03 5.752908e+03 8.799872e+03  
6.945178e-02 2.220179e+03 4.136278e+03 5.673145e+03 8.679817e+03  
7.041990e-02 2.188338e+03 4.077045e+03 5.592236e+03 8.557983e+03  
7.140151e-02 2.156032e+03 4.016970e+03 5.510182e+03 8.434363e+03  
7.239681e-02 2.123283e+03 3.956094e+03 5.427037e+03 8.309036e+03  
7.340598e-02 2.090139e+03 3.894508e+03 5.342926e+03 8.182191e+03  
7.442922e-02 2.056656e+03 3.832317e+03 5.257990e+03 8.054042e+03  
7.546673e-02 2.022894e+03 3.769631e+03 5.172384e+03 7.924823e+03  
7.651869e-02 1.988920e+03 3.706574e+03 5.086274e+03 7.794792e+03  
7.758532e-02 1.954811e+03 3.643289e+03 4.999859e+03 7.664254e+03  
7.866682e-02 1.920654e+03 3.579939e+03 4.913361e+03 7.533551e+03  
7.976339e-02 1.886544e+03 3.516697e+03 4.827019e+03 7.403054e+03  
8.087525e-02 1.852581e+03 3.453750e+03 4.741090e+03 7.273165e+03  
8.200261e-02 1.818856e+03 3.391265e+03 4.655804e+03 7.144240e+03  
8.314568e-02 1.785441e+03 3.329375e+03 4.571344e+03 7.016567e+03  
8.430468e-02 1.752410e+03 3.268218e+03 4.487900e+03 6.890443e+03  
8.547985e-02 1.719845e+03 3.207943e+03 4.405676e+03 6.766189e+03  
8.667139e-02 1.687816e+03 3.148681e+03 4.324854e+03 6.644091e+03  
8.787954e-02 1.656374e+03 3.090524e+03 4.245560e+03 6.524351e+03  
8.910453e-02 1.625569e+03 3.033564e+03 4.167922e+03 6.407168e+03  
9.034660e-02 1.595452e+03 2.977895e+03 4.092070e+03 6.292751e+03  
9.160598e-02 1.566071e+03 2.923604e+03 4.018122e+03 6.181290e+03  
9.288292e-02 1.537462e+03 2.870758e+03 3.946172e+03 6.072936e+03  
9.417766e-02 1.509662e+03 2.819425e+03 3.876315e+03 5.967842e+03  
9.549045e-02 1.482711e+03 2.769674e+03 3.808645e+03 5.866163e+03  
9.682153e-02 1.456634e+03 2.721554e+03 3.743233e+03 5.768013e+03  
9.817117e-02 1.431451e+03 2.675101e+03 3.680126e+03 5.673477e+03  
9.953962e-02 1.407183e+03 2.630349e+03 3.619374e+03 5.582636e+03  
1.009272e-01 1.383831e+03 2.587303e+03 3.560984e+03 5.495508e+03  
1.023340e-01 1.361353e+03 2.545882e+03 3.504844e+03 5.411925e+03  
1.037605e-01 1.339691e+03 2.505981e+03 3.450810e+03 5.331661e+03  
1.052069e-01 1.318783e+03 2.467481e+03 3.398720e+03 5.254464e+03  
1.066734e-01 1.298551e+03 2.430241e+03 3.348376e+03 5.180027e+03  
1.081604e-01 1.278883e+03 2.394051e+03 3.299491e+03 5.107891e+03  
1.096681e-01 1.259646e+03 2.358668e+03 3.251726e+03 5.037520e+03  
1.111968e-01 1.240696e+03 2.323824e+03 3.204711e+03 4.968319e+03  
1.127468e-01 1.221887e+03 2.289253e+03 3.158074e+03 4.899693e+03  
1.143184e-01 1.203113e+03 2.254757e+03 3.111542e+03 4.831199e+03  
1.159120e-01 1.184272e+03 2.220148e+03 3.064853e+03 4.762409e+03  
1.175277e-01 1.165253e+03 2.185223e+03 3.017722e+03 4.692858e+03  
1.191660e-01 1.145972e+03 2.149826e+03 2.969931e+03 4.622183e+03  
1.208271e-01 1.126407e+03 2.113915e+03 2.921419e+03 4.550280e+03  
1.225114e-01 1.106539e+03 2.077460e+03 2.872143e+03 4.477067e+03  
1.242191e-01 1.086357e+03 2.040436e+03 2.822065e+03 4.402471e+03  
1.259506e-01 1.065875e+03 2.002871e+03 2.771222e+03 4.326547e+03  
1.277063e-01 1.045132e+03 1.964836e+03 2.719710e+03 4.249436e+03  
1.294865e-01 1.024168e+03 1.926404e+03 2.667631e+03 4.171298e+03  
1.312915e-01 1.003039e+03 1.887679e+03 2.615126e+03 4.092354e+03  
1.331216e-01 9.818238e+02 1.848805e+03 2.562394e+03 4.012924e+03  
1.349772e-01 9.606092e+02 1.809942e+03 2.509658e+03 3.933365e+03  
1.368587e-01 9.394897e+02 1.771263e+03 2.457158e+03 3.854066e+03  
1.387665e-01 9.185677e+02 1.732956e+03 2.405155e+03 3.775452e+03  
1.407008e-01 8.979538e+02 1.695224e+03 2.353931e+03 3.697983e+03  
1.426621e-01 8.777581e+02 1.658268e+03 2.303768e+03 3.622121e+03  
1.446507e-01 8.580598e+02 1.622234e+03 2.254869e+03 3.548201e+03  
1.466671e-01 8.389328e+02 1.587257e+03 2.207421e+03 3.476533e+03  
1.487115e-01 8.204481e+02 1.553465e+03 2.161607e+03 3.407421e+03  
1.507845e-01 8.026499e+02 1.520939e+03 2.117539e+03 3.341053e+03  
1.528864e-01 7.855766e+02 1.489750e+03 2.075315e+03 3.277598e+03  
1.550175e-01 7.692527e+02 1.459941e+03 2.034999e+03 3.217164e+03  
1.571784e-01 7.536622e+02 1.431481e+03 1.996548e+03 3.159690e+03  
1.593694e-01 7.387787e+02 1.404322e+03 1.959895e+03 3.105073e+03  
1.615909e-01 7.245532e+02 1.378374e+03 1.924915e+03 3.053110e+03  
1.638434e-01 7.109057e+02 1.353488e+03 1.891402e+03 3.003468e+03  
1.661273e-01 6.977448e+02 1.329496e+03 1.859122e+03 2.955766e+03  
1.684430e-01 6.849557e+02 1.306189e+03 1.827779e+03 2.909516e+03  
1.707910e-01 6.724055e+02 1.283320e+03 1.797033e+03 2.864153e+03  
1.731717e-01 6.599711e+02 1.260666e+03 1.766564e+03 2.819149e+03  
1.755856e-01 6.475689e+02 1.238071e+03 1.736158e+03 2.774142e+03  
1.780332e-01 6.351201e+02 1.215393e+03 1.705609e+03 2.728788e+03  
1.805149e-01 6.225901e+02 1.192565e+03 1.674828e+03 2.682932e+03  
1.830312e-01 6.099695e+02 1.169573e+03 1.643789e+03 2.636527e+03  
1.855825e-01 5.972580e+02 1.146414e+03 1.612490e+03 2.589566e+03  
1.881694e-01 5.844697e+02 1.123114e+03 1.580965e+03 2.542104e+03  
1.907924e-01 5.716277e+02 1.099717e+03 1.549275e+03 2.494238e+03  
1.934520e-01 5.587812e+02 1.076311e+03 1.517545e+03 2.446177e+03  
1.961486e-01 5.459921e+02 1.053011e+03 1.485934e+03 2.398189e+03  
1.988828e-01 5.333524e+02 1.029984e+03 1.454679e+03 2.350671e+03  
2.016551e-01 5.209702e+02 1.007428e+03 1.424060e+03 2.304095e+03  
2.044661e-01 5.089269e+02 9.854925e+02 1.394285e+03 2.258815e+03  
2.073162e-01 4.972835e+02 9.642877e+02 1.365513e+03 2.215101e+03  
2.102061e-01 4.860755e+02 9.438783e+02 1.337834e+03 2.173108e+03  
2.131362e-01 4.753116e+02 9.242800e+02 1.311271e+03 2.132880e+03  
2.161073e-01 4.649827e+02 9.054751e+02 1.285801e+03 2.094380e+03  
2.191197e-01 4.550593e+02 8.874099e+02 1.261348e+03 2.057484e+03  
2.221741e-01 4.455058e+02 8.700186e+02 1.237821e+03 2.022041e+03  
2.252711e-01 4.362800e+02 8.532236e+02 1.215109e+03 1.987869e+03  
2.284112e-01 4.273232e+02 8.369175e+02 1.193062e+03 1.954715e+03  
2.315951e-01 4.185622e+02 8.209662e+02 1.171491e+03 1.922261e+03  
2.348235e-01 4.099300e+02 8.052473e+02 1.150222e+03 1.890215e+03  
2.380968e-01 4.013684e+02 7.896544e+02 1.129106e+03 1.858322e+03  
2.414157e-01 3.928548e+02 7.741461e+02 1.108085e+03 1.826484e+03  
2.447809e-01 3.843848e+02 7.587144e+02 1.087145e+03 1.794682e+03  
2.481930e-01 3.759660e+02 7.433732e+02 1.066308e+03 1.762949e+03  
2.516527e-01 3.676105e+02 7.281444e+02 1.045604e+03 1.731342e+03  
2.551606e-01 3.593343e+02 7.130576e+02 1.025076e+03 1.699931e+03  
2.587174e-01 3.511652e+02 6.981632e+02 1.004796e+03 1.668842e+03  
2.623238e-01 3.431434e+02 6.835345e+02 9.848663e+02 1.638253e+03  
2.659804e-01 3.353253e+02 6.692741e+02 9.654343e+02 1.608415e+03  
2.696881e-01 3.277584e+02 6.554684e+02 9.466223e+02 1.579540e+03  
2.734474e-01 3.204603e+02 6.421491e+02 9.284759e+02 1.551706e+03  
2.772591e-01 3.134172e+02 6.292905e+02 9.109590e+02 1.524855e+03  
2.811239e-01 3.065964e+02 6.168334e+02 8.939882e+02 1.498847e+03  
2.850426e-01 2.999663e+02 6.047196e+02 8.774812e+02 1.473543e+03  
2.890160e-01 2.935046e+02 5.929085e+02 8.613813e+02 1.448848e+03  
2.930447e-01 2.871959e+02 5.813722e+02 8.456489e+02 1.424697e+03  
2.971296e-01 2.810216e+02 5.700765e+02 8.302361e+02 1.401009e+03  
3.012714e-01 2.749533e+02 5.589696e+02 8.150699e+02 1.377663e+03  
3.054710e-01 2.689636e+02 5.480024e+02 8.000808e+02 1.354540e+03  
3.097291e-01 2.630465e+02 5.371634e+02 7.852530e+02 1.331617e+03  
3.140465e-01 2.572165e+02 5.264794e+02 7.706249e+02 1.308960e+03  
3.184242e-01 2.514982e+02 5.159949e+02 7.562601e+02 1.286679e+03  
3.228628e-01 2.459124e+02 5.057474e+02 7.422120e+02 1.264868e+03  
3.273634e-01 2.404616e+02 4.957416e+02 7.284877e+02 1.243540e+03  
3.319266e-01 2.351482e+02 4.859813e+02 7.150929e+02 1.222707e+03  
3.365535e-01 2.299778e+02 4.764770e+02 7.020427e+02 1.202395e+03  
3.412449e-01 2.249558e+02 4.672380e+02 6.893509e+02 1.182630e+03  
3.460016e-01 2.200784e+02 4.582571e+02 6.770075e+02 1.163395e+03  
3.508247e-01 2.153282e+02 4.495032e+02 6.649685e+02 1.144618e+03  
3.557150e-01 2.106822e+02 4.409344e+02 6.531752e+02 1.126200e+03  
3.606735e-01 2.061266e+02 4.325258e+02 6.415926e+02 1.108083e+03  
3.657011e-01 2.016626e+02 4.242795e+02 6.302242e+02 1.090275e+03  
3.707988e-01 1.972933e+02 4.162014e+02 6.190783e+02 1.072791e+03  
3.759675e-01 1.930145e+02 4.082836e+02 6.081445e+02 1.055615e+03  
3.812083e-01 1.888239e+02 4.005222e+02 5.974174e+02 1.038740e+03  
3.865221e-01 1.847281e+02 3.929286e+02 5.869137e+02 1.022194e+03  
3.919100e-01 1.807356e+02 3.855184e+02 5.766554e+02 1.006017e+03  
3.973730e-01 1.768476e+02 3.782934e+02 5.666452e+02 9.902137e+02  
4.029122e-01 1.730565e+02 3.712400e+02 5.568645e+02 9.747537e+02  
4.085286e-01 1.693562e+02 3.643472e+02 5.472978e+02 9.596123e+02  
4.142232e-01 1.657471e+02 3.576157e+02 5.379465e+02 9.447925e+02  
4.199973e-01 1.622255e+02 3.510385e+02 5.288008e+02 9.302790e+02  
4.258518e-01 1.587811e+02 3.445976e+02 5.198358e+02 9.160311e+02  
4.317880e-01 1.554107e+02 3.382870e+02 5.110431e+02 9.020361e+02  
4.378069e-01 1.521175e+02 3.321123e+02 5.024311e+02 8.883088e+02  
4.439097e-01 1.489039e+02 3.260779e+02 4.940061e+02 8.748604e+02  
4.500975e-01 1.457654e+02 3.201755e+02 4.857566e+02 8.616727e+02  
4.563716e-01 1.427000e+02 3.144018e+02 4.776781e+02 8.487392e+02  
4.627332e-01 1.397098e+02 3.087603e+02 4.697759e+02 8.360691e+02  
4.691835e-01 1.367950e+02 3.032514e+02 4.620505e+02 8.236638e+02  
4.757236e-01 1.339480e+02 2.978613e+02 4.544829e+02 8.114928e+02  
4.823549e-01 1.311673e+02 2.925873e+02 4.470696e+02 7.995509e+02  
4.890787e-01 1.284523e+02 2.874286e+02 4.398095e+02 7.878369e+02  
4.958962e-01 1.258011e+02 2.823816e+02 4.326977e+02 7.763434e+02  
5.028087e-01 1.232107e+02 2.774410e+02 4.257269e+02 7.650591e+02  
5.098176e-01 1.206805e+02 2.726056e+02 4.188959e+02 7.539824e+02  
5.169242e-01 1.182122e+02 2.678784e+02 4.122087e+02 7.431202e+02  
5.241298e-01 1.158021e+02 2.632528e+02 4.056564e+02 7.324585e+02  
5.314359e-01 1.134477e+02 2.587246e+02 3.992333e+02 7.219885e+02  
5.388438e-01 1.111509e+02 2.542965e+02 3.929432e+02 7.117166e+02  
5.463550e-01 1.089074e+02 2.499615e+02 3.867764e+02 7.016277e+02  
5.539709e-01 1.067155e+02 2.457162e+02 3.807284e+02 6.917148e+02  
5.616930e-01 1.045751e+02 2.415606e+02 3.747993e+02 6.819783e+02  
5.695227e-01 1.024856e+02 2.374935e+02 3.689876e+02 6.724161e+02  
5.774615e-01 1.004430e+02 2.335080e+02 3.632838e+02 6.630132e+02  
5.855110e-01 9.844980e+01 2.296081e+02 3.576934e+02 6.537788e+02  
5.936727e-01 9.650332e+01 2.257894e+02 3.522104e+02 6.447032e+02  
6.019482e-01 9.460068e+01 2.220467e+02 3.468280e+02 6.357760e+02  
6.103390e-01 9.274315e+01 2.183821e+02 3.415489e+02 6.270009e+02  
6.188468e-01 9.092930e+01 2.147931e+02 3.363698e+02 6.183742e+02  
6.274732e-01 8.915557e+01 2.112737e+02 3.312825e+02 6.098826e+02  
6.362198e-01 8.742463e+01 2.078281e+02 3.262929e+02 6.015351e+02  
6.450884e-01 8.573297e+01 2.044505e+02 3.213929e+02 5.933195e+02  
6.540806e-01 8.407975e+01 2.011393e+02 3.165805e+02 5.852326e+02  
6.631981e-01 8.246533e+01 1.978950e+02 3.118565e+02 5.772754e+02  
6.724427e-01 8.088764e+01 1.947141e+02 3.072160e+02 5.694406e+02  
6.818162e-01 7.934543e+01 1.915944e+02 3.026561e+02 5.617239e+02  
6.913204e-01 7.783819e+01 1.885350e+02 2.981757e+02 5.541233e+02  
7.009570e-01 7.636531e+01 1.855347e+02 2.937731e+02 5.466365e+02  
7.107280e-01 7.492602e+01 1.825922e+02 2.894466e+02 5.392606e+02  
7.206351e-01 7.351944e+01 1.797060e+02 2.851941e+02 5.319931e+02  
7.306804e-01 7.214451e+01 1.768741e+02 2.810132e+02 5.248295e+02  
7.408657e-01 7.080006e+01 1.740947e+02 2.769011e+02 5.177652e+02  
7.511929e-01 6.948520e+01 1.713662e+02 2.728560e+02 5.107979e+02  
7.616642e-01 6.819941e+01 1.686876e+02 2.688764e+02 5.039255e+02  
7.722814e-01 6.694205e+01 1.660578e+02 2.649609e+02 4.971457e+02  
7.830465e-01 6.571241e+01 1.634756e+02 2.611079e+02 4.904560e+02  
7.939618e-01 6.450983e+01 1.609398e+02 2.573158e+02 4.838541e+02  
8.050292e-01 6.333359e+01 1.584492e+02 2.535830e+02 4.773373e+02  
8.162509e-01 6.218285e+01 1.560023e+02 2.499075e+02 4.709030e+02  
8.276289e-01 6.105684e+01 1.535979e+02 2.462878e+02 4.645485e+02  
8.391656e-01 5.995500e+01 1.512350e+02 2.427225e+02 4.582713e+02  
8.508632e-01 5.887674e+01 1.489125e+02 2.392102e+02 4.520705e+02  
8.627237e-01 5.782135e+01 1.466293e+02 2.357494e+02 4.459434e+02  
8.747496e-01 5.678830e+01 1.443845e+02 2.323390e+02 4.398879e+02  
8.869432e-01 5.577710e+01 1.421771e+02 2.289777e+02 4.339025e+02  
8.993067e-01 5.478720e+01 1.400064e+02 2.256644e+02 4.279853e+02  
9.118425e-01 5.381801e+01 1.378712e+02 2.223977e+02 4.221344e+02  
9.245531e-01 5.286903e+01 1.357707e+02 2.191767e+02 4.163481e+02  
9.374409e-01 5.193973e+01 1.337040e+02 2.160000e+02 4.106248e+02  
9.505083e-01 5.102949e+01 1.316702e+02 2.128665e+02 4.049627e+02  
9.637579e-01 5.013779e+01 1.296683e+02 2.097750e+02 3.993601e+02  
9.771921e-01 4.926420e+01 1.276977e+02 2.067246e+02 3.938157e+02  
9.908137e-01 4.840828e+01 1.257575e+02 2.037144e+02 3.883282e+02  
1.004625e+00 4.756949e+01 1.238470e+02 2.007432e+02 3.828961e+02  
1.018629e+00 4.674742e+01 1.219655e+02 1.978103e+02 3.775181e+02  
1.032828e+00 4.594165e+01 1.201121e+02 1.949147e+02 3.721931e+02  
1.047225e+00 4.515169e+01 1.182863e+02 1.920554e+02 3.669197e+02  
1.061823e+00 4.437709e+01 1.164872e+02 1.892317e+02 3.616968e+02  
1.076624e+00 4.361752e+01 1.147144e+02 1.864427e+02 3.565236e+02  
1.091632e+00 4.287265e+01 1.129672e+02 1.836880e+02 3.513990e+02  
1.106848e+00 4.214208e+01 1.112451e+02 1.809666e+02 3.463221e+02  
1.122277e+00 4.142548e+01 1.095475e+02 1.782779e+02 3.412920e+02  
1.137921e+00 4.072254e+01 1.078739e+02 1.756214e+02 3.363081e+02  
1.153783e+00 4.003289e+01 1.062237e+02 1.729963e+02 3.313694e+02  
1.169866e+00 3.935615e+01 1.045964e+02 1.704019e+02 3.264752e+02  
1.186174e+00 3.869202e+01 1.029915e+02 1.678378e+02 3.216247e+02  
1.202708e+00 3.804019e+01 1.014085e+02 1.653032e+02 3.168175e+02  
1.219473e+00 3.740029e+01 9.984686e+01 1.627976e+02 3.120527e+02  
1.236472e+00 3.677199e+01 9.830610e+01 1.603205e+02 3.073298e+02  
1.253708e+00 3.615506e+01 9.678584e+01 1.578714e+02 3.026485e+02  
1.271184e+00 3.554923e+01 9.528569e+01 1.554498e+02 2.980081e+02  
1.288904e+00 3.495419e+01 9.380520e+01 1.530554e+02 2.934084e+02  
1.306870e+00 3.436971e+01 9.234401e+01 1.506875e+02 2.888489e+02  
1.325087e+00 3.379553e+01 9.090177e+01 1.483459e+02 2.843294e+02  
1.343558e+00 3.323141e+01 8.947809e+01 1.460302e+02 2.798494e+02  
1.362287e+00 3.267706e+01 8.807261e+01 1.437399e+02 2.754088e+02  
1.381276e+00 3.213229e+01 8.668502e+01 1.414747e+02 2.710073e+02  
1.400531e+00 3.159687e+01 8.531502e+01 1.392344e+02 2.666447e+02  
1.420053e+00 3.107057e+01 8.396227e+01 1.370185e+02 2.623209e+02  
1.439848e+00 3.055317e+01 8.262647e+01 1.348267e+02 2.580358e+02  
1.459919e+00 3.004448e+01 8.130737e+01 1.326589e+02 2.537892e+02  
1.480269e+00 2.954429e+01 8.000468e+01 1.305146e+02 2.495811e+02  
1.500903e+00 2.905237e+01 7.871811e+01 1.283937e+02 2.454115e+02  
1.521825e+00 2.856856e+01 7.744742e+01 1.262958e+02 2.412802e+02  
1.543038e+00 2.809269e+01 7.619240e+01 1.242209e+02 2.371875e+02  
1.564548e+00 2.762457e+01 7.495280e+01 1.221685e+02 2.331333e+02  
1.586357e+00 2.716403e+01 7.372840e+01 1.201387e+02 2.291176e+02  
1.608469e+00 2.671091e+01 7.251900e+01 1.181311e+02 2.251406e+02  
1.630891e+00 2.626505e+01 7.132439e+01 1.161455e+02 2.212023e+02  
1.653624e+00 2.579532e+01 7.014434e+01 1.141818e+02 2.173028e+02  
1.676675e+00 2.539441e+01 6.897868e+01 1.122399e+02 2.134423e+02  
1.700047e+00 2.496934e+01 6.782724e+01 1.103195e+02 2.096210e+02  
1.723745e+00 2.455092e+01 6.668983e+01 1.084206e+02 2.058389e+02  
1.747773e+00 2.413899e+01 6.556629e+01 1.065429e+02 2.020963e+02  
1.772136e+00 2.373344e+01 6.445646e+01 1.046865e+02 1.983933e+02  
1.796838e+00 2.333413e+01 6.336019e+01 1.028510e+02 1.947302e+02  
1.821885e+00 2.294094e+01 6.227734e+01 1.010365e+02 1.911071e+02  
1.847281e+00 2.255374e+01 6.120776e+01 9.924288e+01 1.875241e+02  
1.873032e+00 2.217243e+01 6.015132e+01 9.746995e+01 1.839816e+02  
1.899141e+00 2.179689e+01 5.910790e+01 9.571766e+01 1.804797e+02  
1.925614e+00 2.142699e+01 5.807735e+01 9.398592e+01 1.770185e+02  
1.952456e+00 2.106263e+01 5.705955e+01 9.227464e+01 1.735984e+02  
1.979672e+00 2.070372e+01 5.605441e+01 9.058376e+01 1.702194e+02  
2.007267e+00 2.035016e+01 5.506180e+01 8.891318e+01 1.668819e+02  
2.035248e+00 2.000183e+01 5.408160e+01 8.726285e+01 1.635858e+02  
2.063618e+00 1.965865e+01 5.311372e+01 8.563270e+01 1.603315e+02  
2.092383e+00 1.932052e+01 5.215806e+01 8.402265e+01 1.571191e+02  
2.121550e+00 1.898736e+01 5.121451e+01 8.243265e+01 1.539487e+02  
2.151123e+00 1.865906e+01 5.028298e+01 8.086264e+01 1.508204e+02  
2.181109e+00 1.833557e+01 4.936339e+01 7.931257e+01 1.477345e+02  
2.211512e+00 1.801680e+01 4.845564e+01 7.778237e+01 1.446909e+02  
2.242340e+00 1.770267e+01 4.755964e+01 7.627200e+01 1.416898e+02  
2.273597e+00 1.739310e+01 4.667532e+01 7.478140e+01 1.387313e+02  
2.305289e+00 1.708803e+01 4.580260e+01 7.331052e+01 1.358155e+02  
2.337424e+00 1.678738e+01 4.494137e+01 7.185930e+01 1.329423e+02  
2.370006e+00 1.649106e+01 4.409158e+01 7.042770e+01 1.301117e+02  
2.403043e+00 1.619903e+01 4.325314e+01 6.901566e+01 1.273239e+02  
2.436540e+00 1.591122e+01 4.242599e+01 6.762312e+01 1.245788e+02  
2.470504e+00 1.562757e+01 4.161004e+01 6.625004e+01 1.218763e+02  
2.504942e+00 1.534802e+01 4.080523e+01 6.489637e+01 1.192164e+02  
2.539859e+00 1.507250e+01 4.001148e+01 6.356204e+01 1.165988e+02  
2.575263e+00 1.480096e+01 3.922873e+01 6.224698e+01 1.140238e+02  
2.611161e+00 1.453334e+01 3.845690e+01 6.095114e+01 1.114910e+02  
2.647559e+00 1.426960e+01 3.769592e+01 5.967446e+01 1.090003e+02  
2.684465e+00 1.400966e+01 3.694573e+01 5.841687e+01 1.065516e+02  
2.721885e+00 1.375350e+01 3.620626e+01 5.717831e+01 1.041447e+02  
2.759826e+00 1.350105e+01 3.547745e+01 5.595869e+01 1.017794e+02  
2.798297e+00 1.325226e+01 3.475922e+01 5.475795e+01 9.945540e+01  
2.837304e+00 1.300710e+01 3.405151e+01 5.357601e+01 9.717254e+01  
2.876854e+00 1.276550e+01 3.335426e+01 5.241279e+01 9.493055e+01  
2.916956e+00 1.252743e+01 3.266740e+01 5.126819e+01 9.272913e+01  
2.957617e+00 1.229286e+01 3.199085e+01 5.014213e+01 9.056799e+01  
2.998844e+00 1.206172e+01 3.132456e+01 4.903450e+01 8.844683e+01  
3.040646e+00 1.183398e+01 3.066846e+01 4.794522e+01 8.636531e+01  
3.083031e+00 1.160961e+01 3.002249e+01 4.687418e+01 8.432309e+01  
3.126007e+00 1.138855e+01 2.938657e+01 4.582126e+01 8.232001e+01  
3.169582e+00 1.117078e+01 2.876063e+01 4.478636e+01 8.035536e+01  
3.213764e+00 1.095625e+01 2.814462e+01 4.376937e+01 7.842890e+01  
3.258562e+00 1.074493e+01 2.753846e+01 4.277014e+01 7.653988e+01  
3.303985e+00 1.053677e+01 2.694208e+01 4.178857e+01 7.468831e+01  
3.350041e+00 1.033175e+01 2.635542e+01 4.082452e+01 7.287390e+01  
3.396739e+00 1.012983e+01 2.577839e+01 3.987786e+01 7.109638e+01  
3.444087e+00 9.930989e+00 2.521094e+01 3.894843e+01 6.935468e+01  
3.492096e+00 9.735168e+00 2.465298e+01 3.803610e+01 6.764864e+01  
3.540774e+00 9.542343e+00 2.410445e+01 3.714072e+01 6.597782e+01  
3.590130e+00 9.352485e+00 2.356527e+01 3.626214e+01 6.434177e+01  
3.640175e+00 9.165559e+00 2.303537e+01 3.540019e+01 6.274001e+01  
3.690917e+00 8.981534e+00 2.251466e+01 3.455473e+01 6.117209e+01  
3.742366e+00 8.800378e+00 2.200308e+01 3.372557e+01 5.963753e+01  
3.794533e+00 8.622061e+00 2.150054e+01 3.291255e+01 5.813585e+01  
3.847427e+00 8.446552e+00 2.100697e+01 3.211548e+01 5.666659e+01  
3.901058e+00 8.273821e+00 2.052228e+01 3.133416e+01 5.522925e+01  
3.955436e+00 8.103839e+00 2.004640e+01 3.056849e+01 5.382336e+01  
4.010573e+00 7.936576e+00 1.957924e+01 2.981825e+01 5.244844e+01  
4.066478e+00 7.772002e+00 1.912071e+01 2.908330e+01 5.110399e+01  
4.123163e+00 7.610088e+00 1.867073e+01 2.836337e+01 4.978954e+01  
4.180637e+00 7.450807e+00 1.822922e+01 2.765829e+01 4.850461e+01  
4.238913e+00 7.294130e+00 1.779609e+01 2.696789e+01 4.724869e+01  
4.298001e+00 7.140028e+00 1.737125e+01 2.629197e+01 4.602132e+01  
4.357913e+00 6.988474e+00 1.695460e+01 2.563033e+01 4.482201e+01  
4.418660e+00 6.839442e+00 1.654606e+01 2.498277e+01 4.365028e+01  
4.480254e+00 6.692902e+00 1.614555e+01 2.434910e+01 4.250565e+01  
4.542706e+00 6.548828e+00 1.575295e+01 2.372912e+01 4.138765e+01  
4.606029e+00 6.407194e+00 1.536820e+01 2.312262e+01 4.029563e+01  
4.670234e+00 6.267972e+00 1.499117e+01 2.252940e+01 3.922961e+01  
4.735335e+00 6.131135e+00 1.462178e+01 2.194926e+01 3.818863e+01  
4.801343e+00 5.996657e+00 1.425993e+01 2.138201e+01 3.717258e+01  
4.868271e+00 5.864512e+00 1.390554e+01 2.082743e+01 3.618044e+01  
4.936132e+00 5.734673e+00 1.355850e+01 2.028532e+01 3.521231e+01  
5.004939e+00 5.607114e+00 1.321872e+01 1.975548e+01 3.426754e+01  
5.074705e+00 5.481810e+00 1.288608e+01 1.923772e+01 3.334568e+01  
5.145444e+00 5.358735e+00 1.256051e+01 1.873183e+01 3.244628e+01  
5.217169e+00 5.237863e+00 1.224189e+01 1.823757e+01 3.156890e+01  
5.289893e+00 5.119168e+00 1.193012e+01 1.775480e+01 3.071310e+01  
5.363631e+00 5.002625e+00 1.162511e+01 1.728328e+01 2.987844e+01  
5.438397e+00 4.888209e+00 1.132676e+01 1.682285e+01 2.906450e+01  
5.514206e+00 4.775897e+00 1.103495e+01 1.637324e+01 2.827085e+01  
5.591071e+00 4.665655e+00 1.074961e+01 1.593433e+01 2.749707e+01  
5.669007e+00 4.557466e+00 1.047061e+01 1.550589e+01 2.674275e+01  
5.748030e+00 4.451308e+00 1.019786e+01 1.508772e+01 2.600746e+01  
5.828155e+00 4.347149e+00 9.931264e+00 1.467964e+01 2.529082e+01  
5.909396e+00 4.244967e+00 9.670716e+00 1.428145e+01 2.459240e+01  
5.991770e+00 4.144737e+00 9.416116e+00 1.389296e+01 2.391182e+01  
6.075292e+00 4.046435e+00 9.167364e+00 1.351398e+01 2.324869e+01  
6.159978e+00 3.950035e+00 8.924362e+00 1.314433e+01 2.260263e+01  
6.245845e+00 3.855515e+00 8.687010e+00 1.278381e+01 2.197327e+01  
6.332908e+00 3.762849e+00 8.455210e+00 1.243225e+01 2.136022e+01  
6.421186e+00 3.672013e+00 8.228863e+00 1.208947e+01 2.076312e+01  
6.510694e+00 3.582982e+00 8.007871e+00 1.175528e+01 2.018161e+01  
6.601449e+00 3.495734e+00 7.792138e+00 1.142957e+01 1.961532e+01  
6.693470e+00 3.410244e+00 7.581569e+00 1.111198e+01 1.906392e+01  
6.786773e+00 3.326488e+00 7.376060e+00 1.080245e+01 1.852707e+01  
6.881377e+00 3.244442e+00 7.175517e+00 1.050095e+01 1.800442e+01  
6.977300e+00 3.164082e+00 6.979850e+00 1.020711e+01 1.749563e+01  
7.074559e+00 3.085385e+00 6.788961e+00 9.920822e+00 1.700038e+01  
7.173175e+00 3.008327e+00 6.602757e+00 9.641939e+00 1.651832e+01  
7.273165e+00 2.932884e+00 6.421147e+00 9.370290e+00 1.576335e+01  
7.374549e+00 2.859033e+00 6.244035e+00 9.105715e+00 1.559265e+01  
7.477346e+00 2.786751e+00 6.071336e+00 8.848047e+00 1.514842e+01  
7.581576e+00 2.716014e+00 5.902959e+00 8.597141e+00 1.471617e+01  
7.687260e+00 2.646799e+00 5.738817e+00 8.352843e+00 1.429562e+01  
7.794416e+00 2.579082e+00 5.578823e+00 8.115002e+00 1.388648e+01  
7.903066e+00 2.512842e+00 5.422890e+00 7.883465e+00 1.348848e+01  
8.013230e+00 2.448052e+00 5.270933e+00 7.658031e+00 1.310132e+01  
8.124930e+00 2.384693e+00 5.122866e+00 7.438732e+00 1.272476e+01  
8.238187e+00 2.322747e+00 4.978605e+00 7.225251e+00 1.235853e+01  
8.353023e+00 2.262182e+00 4.838067e+00 7.017507e+00 1.200234e+01  
8.469460e+00 2.202973e+00 4.701170e+00 6.815371e+00 1.165598e+01  
8.587519e+00 2.145107e+00 4.567833e+00 6.618695e+00 1.131915e+01  
8.707225e+00 2.088558e+00 4.437979e+00 6.427351e+00 1.099168e+01  
8.828599e+00 2.033304e+00 4.311542e+00 6.241218e+00 1.067327e+01  
8.951665e+00 1.979322e+00 4.188412e+00 6.060170e+00 1.036371e+01  
9.076446e+00 1.926592e+00 4.068539e+00 5.884079e+00 1.006277e+01  
9.202967e+00 1.875099e+00 3.951871e+00 5.712820e+00 9.770225e+00  
9.331251e+00 1.824791e+00 3.838302e+00 5.546276e+00 9.485859e+00  
9.461324e+00 1.775679e+00 3.727771e+00 5.384290e+00 9.209458e+00  
9.593209e+00 1.727732e+00 3.620204e+00 5.226867e+00 8.940809e+00  
9.726934e+00 1.680927e+00 3.515531e+00 5.073763e+00 8.679727e+00  
9.862522e+00 1.635243e+00 3.413682e+00 4.924786e+00 8.425994e+00  
1.000000e+01 1.590659e+00 3.314589e+00 4.780110e+00 8.179433e+00  
