1.000000e-02 5.111377e+03 9.487375e+03 1.297069e+04 1.964217e+04  
1.013939e-02 5.140248e+03 9.540747e+03 1.304344e+04 1.975182e+04  
1.028073e-02 5.168704e+03 9.593344e+03 1.311513e+04 1.985984e+04  
1.042404e-02 5.196727e+03 9.645132e+03 1.318571e+04 1.996616e+04  
1.056935e-02 5.224299e+03 9.696077e+03 1.325512e+04 2.007072e+04  
1.071668e-02 5.251402e+03 9.746143e+03 1.332333e+04 2.017343e+04  
1.086606e-02 5.278015e+03 9.795297e+03 1.339029e+04 2.027424e+04  
1.101753e-02 5.304121e+03 9.843502e+03 1.345595e+04 2.037307e+04  
1.117111e-02 5.329700e+03 9.890723e+03 1.352025e+04 2.046983e+04  
1.132683e-02 5.354733e+03 9.936926e+03 1.358316e+04 2.056447e+04  
1.148472e-02 5.379202e+03 9.982075e+03 1.364462e+04 2.065691e+04  
1.164481e-02 5.403088e+03 1.002614e+04 1.370459e+04 2.074707e+04  
1.180713e-02 5.426371e+03 1.006907e+04 1.376301e+04 2.083488e+04  
1.197171e-02 5.449034e+03 1.011085e+04 1.381984e+04 2.092028e+04  
1.213859e-02 5.471056e+03 1.015143e+04 1.387504e+04 2.100319e+04  
1.230780e-02 5.492420e+03 1.019079e+04 1.392855e+04 2.108353e+04  
1.247936e-02 5.513105e+03 1.022888e+04 1.398033e+04 2.116123e+04  
1.265332e-02 5.533090e+03 1.026566e+04 1.403031e+04 2.123621e+04  
1.282970e-02 5.552354e+03 1.030110e+04 1.407846e+04 2.130839e+04  
1.300854e-02 5.570877e+03 1.033516e+04 1.412471e+04 2.137770e+04  
1.318987e-02 5.588640e+03 1.036780e+04 1.416901e+04 2.144405e+04  
1.337373e-02 5.605622e+03 1.039899e+04 1.421133e+04 2.150737e+04  
1.356015e-02 5.621803e+03 1.042868e+04 1.425159e+04 2.156759e+04  
1.374917e-02 5.637162e+03 1.045685e+04 1.428976e+04 2.162462e+04  
1.394083e-02 5.651680e+03 1.048344e+04 1.432578e+04 2.167839e+04  
1.413516e-02 5.665334e+03 1.050843e+04 1.435960e+04 2.172881e+04  
1.433219e-02 5.678105e+03 1.053177e+04 1.439116e+04 2.177582e+04  
1.453198e-02 5.689975e+03 1.055343e+04 1.442042e+04 2.181933e+04  
1.473454e-02 5.700922e+03 1.057338e+04 1.444733e+04 2.185928e+04  
1.493993e-02 5.710929e+03 1.059158e+04 1.447185e+04 2.189559e+04  
1.514819e-02 5.719974e+03 1.060798e+04 1.449391e+04 2.192818e+04  
1.535935e-02 5.728036e+03 1.062256e+04 1.451347e+04 2.195698e+04  
1.557345e-02 5.735094e+03 1.063526e+04 1.453047e+04 2.198189e+04  
1.579053e-02 5.741128e+03 1.064607e+04 1.454486e+04 2.200286e+04  
1.601064e-02 5.746118e+03 1.065493e+04 1.455659e+04 2.201979e+04  
1.623382e-02 5.750045e+03 1.066181e+04 1.456561e+04 2.203262e+04  
1.646012e-02 5.752890e+03 1.066668e+04 1.457188e+04 2.204128e+04  
1.668956e-02 5.754636e+03 1.066951e+04 1.457536e+04 2.204570e+04  
1.692220e-02 5.755264e+03 1.067025e+04 1.457599e+04 2.204582e+04  
1.715809e-02 5.754758e+03 1.066889e+04 1.457373e+04 2.204156e+04  
1.739726e-02 5.753103e+03 1.066540e+04 1.456856e+04 2.203288e+04  
1.763977e-02 5.750283e+03 1.065974e+04 1.456042e+04 2.201972e+04  
1.788566e-02 5.746286e+03 1.065189e+04 1.454929e+04 2.200203e+04  
1.813498e-02 5.741100e+03 1.064183e+04 1.453513e+04 2.197977e+04  
1.838777e-02 5.734710e+03 1.062954e+04 1.451792e+04 2.195288e+04  
1.864409e-02 5.727103e+03 1.061498e+04 1.449762e+04 2.192131e+04  
1.890397e-02 5.718267e+03 1.059815e+04 1.447420e+04 2.188501e+04  
1.916748e-02 5.708189e+03 1.057900e+04 1.444762e+04 2.184396e+04  
1.943467e-02 5.696859e+03 1.055753e+04 1.441787e+04 2.179809e+04  
1.970558e-02 5.684270e+03 1.053373e+04 1.438492e+04 2.174740e+04  
1.998026e-02 5.670414e+03 1.050757e+04 1.434876e+04 2.169185e+04  
2.025878e-02 5.655286e+03 1.047906e+04 1.430937e+04 2.163142e+04  
2.054117e-02 5.638879e+03 1.044817e+04 1.426674e+04 2.156608e+04  
2.082751e-02 5.621187e+03 1.041490e+04 1.422086e+04 2.149583e+04  
2.111783e-02 5.602207e+03 1.037924e+04 1.417171e+04 2.142065e+04  
2.141220e-02 5.581940e+03 1.034119e+04 1.411930e+04 2.134054e+04  
2.171068e-02 5.560385e+03 1.030075e+04 1.406363e+04 2.125551e+04  
2.201331e-02 5.537549e+03 1.025794e+04 1.400472e+04 2.116558e+04  
2.232016e-02 5.513435e+03 1.021276e+04 1.394257e+04 2.107077e+04  
2.263130e-02 5.488047e+03 1.016523e+04 1.387720e+04 2.097109e+04  
2.294676e-02 5.461392e+03 1.011534e+04 1.380863e+04 2.086657e+04  
2.326663e-02 5.433477e+03 1.006313e+04 1.373687e+04 2.075725e+04  
2.359095e-02 5.404315e+03 1.000860e+04 1.366196e+04 2.064318e+04  
2.391980e-02 5.373922e+03 9.951793e+03 1.358394e+04 2.052441e+04  
2.425323e-02 5.342314e+03 9.892741e+03 1.350286e+04 2.040101e+04  
2.459130e-02 5.309513e+03 9.831482e+03 1.341877e+04 2.027308e+04  
2.493409e-02 5.275535e+03 9.768046e+03 1.333170e+04 2.014066e+04  
2.528166e-02 5.240399e+03 9.702468e+03 1.324172e+04 2.000385e+04  
2.563407e-02 5.204126e+03 9.634790e+03 1.314887e+04 1.986271e+04  
2.599140e-02 5.166742e+03 9.565060e+03 1.305323e+04 1.971736e+04  
2.635371e-02 5.128278e+03 9.493335e+03 1.295486e+04 1.956791e+04  
2.672106e-02 5.088768e+03 9.419678e+03 1.285387e+04 1.941450e+04  
2.709354e-02 5.048248e+03 9.344159e+03 1.275033e+04 1.925726e+04  
2.747121e-02 5.006750e+03 9.266838e+03 1.264434e+04 1.909633e+04  
2.785414e-02 4.964309e+03 9.187777e+03 1.253599e+04 1.893184e+04  
2.824241e-02 4.920962e+03 9.107046e+03 1.242536e+04 1.876392e+04  
2.863610e-02 4.876752e+03 9.024726e+03 1.231256e+04 1.859275e+04  
2.903527e-02 4.831724e+03 8.940902e+03 1.219773e+04 1.841851e+04  
2.944000e-02 4.785932e+03 8.855673e+03 1.208098e+04 1.824139e+04  
2.985038e-02 4.739431e+03 8.769142e+03 1.196246e+04 1.806162e+04  
3.026648e-02 4.692269e+03 8.681399e+03 1.184230e+04 1.787938e+04  
3.068838e-02 4.644492e+03 8.592527e+03 1.172060e+04 1.769483e+04  
3.111616e-02 4.596148e+03 8.502619e+03 1.159750e+04 1.750819e+04  
3.154990e-02 4.547294e+03 8.411777e+03 1.147314e+04 1.731965e+04  
3.198969e-02 4.497988e+03 8.320111e+03 1.134766e+04 1.712944e+04  
3.243561e-02 4.448294e+03 8.227742e+03 1.122122e+04 1.693782e+04  
3.288774e-02 4.398284e+03 8.134799e+03 1.109402e+04 1.674506e+04  
3.334618e-02 4.348017e+03 8.041393e+03 1.096620e+04 1.655137e+04  
3.381101e-02 4.297546e+03 7.947626e+03 1.083789e+04 1.635697e+04  
3.428231e-02 4.246931e+03 7.853603e+03 1.070924e+04 1.616209e+04  
3.476019e-02 4.196232e+03 7.759440e+03 1.058042e+04 1.596696e+04  
3.524473e-02 4.145517e+03 7.665260e+03 1.045158e+04 1.577183e+04  
3.573602e-02 4.094857e+03 7.571197e+03 1.032291e+04 1.557698e+04  
3.623416e-02 4.044329e+03 7.477392e+03 1.019461e+04 1.538271e+04  
3.673925e-02 3.994002e+03 7.383971e+03 1.006684e+04 1.518928e+04  
3.725137e-02 3.943932e+03 7.291040e+03 9.939757e+03 1.499689e+04  
3.777064e-02 3.894178e+03 7.198708e+03 9.813501e+03 1.480579e+04  
3.829714e-02 3.844805e+03 7.107091e+03 9.688232e+03 1.461621e+04  
3.883098e-02 3.795877e+03 7.016313e+03 9.564120e+03 1.442840e+04  
3.937226e-02 3.747466e+03 6.926503e+03 9.441341e+03 1.424264e+04  
3.992109e-02 3.699647e+03 6.837799e+03 9.320083e+03 1.405921e+04  
4.047757e-02 3.652480e+03 6.750313e+03 9.200500e+03 1.387833e+04  
4.104181e-02 3.605995e+03 6.664099e+03 9.082664e+03 1.370014e+04  
4.161391e-02 3.560218e+03 6.579205e+03 8.966641e+03 1.352471e+04  
4.219398e-02 3.515174e+03 6.495679e+03 8.852496e+03 1.335216e+04  
4.278214e-02 3.470890e+03 6.413566e+03 8.740294e+03 1.318258e+04  
4.337850e-02 3.427391e+03 6.332916e+03 8.630097e+03 1.301606e+04  
4.398317e-02 3.384703e+03 6.253773e+03 8.521971e+03 1.285271e+04  
4.459628e-02 3.342857e+03 6.176195e+03 8.415991e+03 1.269265e+04  
4.521792e-02 3.301902e+03 6.100272e+03 8.312282e+03 1.253606e+04  
4.584824e-02 3.261892e+03 6.026104e+03 8.210980e+03 1.238314e+04  
4.648734e-02 3.222885e+03 5.953795e+03 8.112225e+03 1.223413e+04  
4.713535e-02 3.184939e+03 5.883451e+03 8.016163e+03 1.208923e+04  
4.779239e-02 3.148115e+03 5.815183e+03 7.922945e+03 1.194867e+04  
4.845859e-02 3.112474e+03 5.749106e+03 7.832727e+03 1.181271e+04  
4.913407e-02 3.078044e+03 5.685266e+03 7.745573e+03 1.168143e+04  
4.981898e-02 3.044766e+03 5.623554e+03 7.661334e+03 1.155461e+04  
5.051342e-02 3.012560e+03 5.563824e+03 7.579811e+03 1.143196e+04  
5.121755e-02 2.981339e+03 5.505915e+03 7.500784e+03 1.131314e+04  
5.193150e-02 2.951005e+03 5.449644e+03 7.424005e+03 1.119778e+04  
5.265540e-02 2.921448e+03 5.394812e+03 7.349202e+03 1.108547e+04  
5.338938e-02 2.892563e+03 5.341223e+03 7.276109e+03 1.097580e+04  
5.413360e-02 2.864310e+03 5.288803e+03 7.204624e+03 1.086863e+04  
5.488820e-02 2.836666e+03 5.237510e+03 7.134692e+03 1.076388e+04  
5.565331e-02 2.809606e+03 5.187297e+03 7.066248e+03 1.066144e+04  
5.642908e-02 2.783100e+03 5.138110e+03 6.999218e+03 1.056121e+04  
5.721568e-02 2.757115e+03 5.089886e+03 6.933518e+03 1.046306e+04  
5.801323e-02 2.731598e+03 5.042528e+03 6.869015e+03 1.036679e+04  
5.882190e-02 2.706449e+03 4.995851e+03 6.805459e+03 1.027202e+04  
5.964185e-02 2.681550e+03 4.949644e+03 6.742559e+03 1.017832e+04  
6.047322e-02 2.656777e+03 4.903672e+03 6.680000e+03 1.008520e+04  
6.131619e-02 2.631988e+03 4.857682e+03 6.617435e+03 9.992138e+03  
6.217090e-02 2.607042e+03 4.811412e+03 6.554507e+03 9.898588e+03  
6.303753e-02 2.581834e+03 4.764673e+03 6.490958e+03 9.804157e+03  
6.391624e-02 2.556277e+03 4.717304e+03 6.426572e+03 9.708512e+03  
6.480720e-02 2.530276e+03 4.669133e+03 6.361113e+03 9.611294e+03  
6.571058e-02 2.503728e+03 4.619976e+03 6.294330e+03 9.512112e+03  
6.662655e-02 2.476529e+03 4.569640e+03 6.225958e+03 9.410563e+03  
6.755528e-02 2.448591e+03 4.517967e+03 6.155786e+03 9.306314e+03  
6.849697e-02 2.419834e+03 4.464813e+03 6.083615e+03 9.199059e+03  
6.945178e-02 2.390173e+03 4.410023e+03 6.009233e+03 9.088468e+03  
7.041990e-02 2.359516e+03 4.353432e+03 5.932416e+03 8.974189e+03  
7.140151e-02 2.327788e+03 4.294906e+03 5.852979e+03 8.855930e+03  
7.239681e-02 2.294969e+03 4.234408e+03 5.770873e+03 8.733610e+03  
7.340598e-02 2.261048e+03 4.171923e+03 5.686077e+03 8.607185e+03  
7.442922e-02 2.226016e+03 4.107435e+03 5.598567e+03 8.476611e+03  
7.546673e-02 2.189870e+03 4.040942e+03 5.508340e+03 8.341871e+03  
7.651869e-02 2.152653e+03 3.972523e+03 5.415504e+03 8.203126e+03  
7.758532e-02 2.114437e+03 3.902312e+03 5.320240e+03 8.060640e+03  
7.866682e-02 2.075300e+03 3.830455e+03 5.222744e+03 7.914709e+03  
7.976339e-02 2.035331e+03 3.757112e+03 5.123238e+03 7.765664e+03  
8.087525e-02 1.994642e+03 3.682491e+03 5.022002e+03 7.613930e+03  
8.200261e-02 1.953367e+03 3.606837e+03 4.919369e+03 7.460011e+03  
8.314568e-02 1.911652e+03 3.530416e+03 4.815703e+03 7.304463e+03  
8.430468e-02 1.869654e+03 3.453515e+03 4.711393e+03 7.147881e+03  
8.547985e-02 1.827530e+03 3.376420e+03 4.606828e+03 6.990860e+03  
8.667139e-02 1.785441e+03 3.299424e+03 4.502409e+03 6.834014e+03  
8.787954e-02 1.743561e+03 3.222845e+03 4.398567e+03 6.678007e+03  
8.910453e-02 1.702072e+03 3.147010e+03 4.295751e+03 6.523528e+03  
9.034660e-02 1.661140e+03 3.072222e+03 4.194369e+03 6.371210e+03  
9.160598e-02 1.620936e+03 2.998792e+03 4.094847e+03 6.221707e+03  
9.288292e-02 1.581644e+03 2.927051e+03 3.997636e+03 6.075717e+03  
9.417766e-02 1.543430e+03 2.857300e+03 3.903146e+03 5.933875e+03  
9.549045e-02 1.506444e+03 2.789808e+03 3.811743e+03 5.796749e+03  
9.682153e-02 1.470843e+03 2.724857e+03 3.723810e+03 5.664936e+03  
9.817117e-02 1.436792e+03 2.662745e+03 3.639756e+03 5.539068e+03  
9.953962e-02 1.404422e+03 2.603708e+03 3.559898e+03 5.419644e+03  
1.009272e-01 1.373803e+03 2.547868e+03 3.484405e+03 5.306927e+03  
1.023340e-01 1.344999e+03 2.495339e+03 3.413431e+03 5.201165e+03  
1.037605e-01 1.318075e+03 2.446235e+03 3.347132e+03 5.102606e+03  
1.052069e-01 1.293039e+03 2.400567e+03 3.285523e+03 5.011281e+03  
1.066734e-01 1.269822e+03 2.358206e+03 3.228428e+03 4.926929e+03  
1.081604e-01 1.248339e+03 2.318997e+03 3.175638e+03 4.849234e+03  
1.096681e-01 1.228492e+03 2.282759e+03 3.126904e+03 4.777823e+03  
1.111968e-01 1.210129e+03 2.249214e+03 3.081850e+03 4.712120e+03  
1.127468e-01 1.193056e+03 2.218010e+03 3.039997e+03 4.651393e+03  
1.143184e-01 1.177062e+03 2.188761e+03 3.000818e+03 4.594829e+03  
1.159120e-01 1.161920e+03 2.161061e+03 2.963760e+03 4.541576e+03  
1.175277e-01 1.147413e+03 2.134512e+03 2.928279e+03 4.490792e+03  
1.191660e-01 1.133303e+03 2.108687e+03 2.893795e+03 4.441571e+03  
1.208271e-01 1.119340e+03 2.083136e+03 2.859691e+03 4.392948e+03  
1.225114e-01 1.105309e+03 2.057468e+03 2.825434e+03 4.344088e+03  
1.242191e-01 1.091003e+03 2.031314e+03 2.790516e+03 4.294186e+03  
1.259506e-01 1.076202e+03 2.004277e+03 2.754395e+03 4.242383e+03  
1.277063e-01 1.060727e+03 1.976036e+03 2.716628e+03 4.187967e+03  
1.294865e-01 1.044435e+03 1.946336e+03 2.676866e+03 4.130377e+03  
1.312915e-01 1.027181e+03 1.914917e+03 2.634747e+03 4.069024e+03  
1.331216e-01 1.008878e+03 1.881626e+03 2.590062e+03 4.003562e+03  
1.349772e-01 9.895213e+02 1.846456e+03 2.542797e+03 3.933951e+03  
1.368587e-01 9.691135e+02 1.809414e+03 2.492958e+03 3.860187e+03  
1.387665e-01 9.477246e+02 1.770627e+03 2.440718e+03 3.782530e+03  
1.407008e-01 9.254998e+02 1.730358e+03 2.386437e+03 3.701537e+03  
1.426621e-01 9.026028e+02 1.688903e+03 2.330517e+03 3.617841e+03  
1.446507e-01 8.792334e+02 1.646622e+03 2.273451e+03 3.532218e+03  
1.466671e-01 8.556233e+02 1.603931e+03 2.215810e+03 3.445571e+03  
1.487115e-01 8.320190e+02 1.561272e+03 2.158201e+03 3.358862e+03  
1.507845e-01 8.086610e+02 1.519078e+03 2.101213e+03 3.273030e+03  
1.528864e-01 7.857993e+02 1.477795e+03 2.045462e+03 3.189050e+03  
1.550175e-01 7.636773e+02 1.437857e+03 1.991541e+03 3.107871e+03  
1.571784e-01 7.425066e+02 1.399643e+03 1.939968e+03 3.030317e+03  
1.593694e-01 7.225011e+02 1.363533e+03 1.891264e+03 2.957218e+03  
1.615909e-01 7.038138e+02 1.329797e+03 1.845800e+03 2.889168e+03  
1.638434e-01 6.865646e+02 1.298648e+03 1.803867e+03 2.826633e+03  
1.661273e-01 6.708215e+02 1.270204e+03 1.765626e+03 2.769876e+03  
1.684430e-01 6.565465e+02 1.244393e+03 1.730980e+03 2.718753e+03  
1.707910e-01 6.436679e+02 1.221084e+03 1.699752e+03 2.672990e+03  
1.731717e-01 6.320221e+02 1.199984e+03 1.671538e+03 2.631957e+03  
1.755856e-01 6.213996e+02 1.180715e+03 1.645826e+03 2.594845e+03  
1.780332e-01 6.115690e+02 1.162865e+03 1.622049e+03 2.560759e+03  
1.805149e-01 6.022769e+02 1.145978e+03 1.599585e+03 2.528716e+03  
1.830312e-01 5.932731e+02 1.129610e+03 1.577824e+03 2.497739e+03  
1.855825e-01 5.843239e+02 1.113344e+03 1.556193e+03 2.466912e+03  
1.881694e-01 5.752020e+02 1.096775e+03 1.534135e+03 2.435339e+03  
1.907924e-01 5.657129e+02 1.079556e+03 1.511174e+03 2.402248e+03  
1.934520e-01 5.556790e+02 1.061374e+03 1.486875e+03 2.366931e+03  
1.961486e-01 5.449862e+02 1.042027e+03 1.460958e+03 2.328927e+03  
1.988828e-01 5.335608e+02 1.021384e+03 1.433244e+03 2.287936e+03  
2.016551e-01 5.214429e+02 9.995189e+02 1.403831e+03 2.244114e+03  
2.044661e-01 5.087259e+02 9.765992e+02 1.372950e+03 2.197825e+03  
2.073162e-01 4.955876e+02 9.529423e+02 1.341036e+03 2.149774e+03  
2.102061e-01 4.822386e+02 9.289229e+02 1.308607e+03 2.100797e+03  
2.131362e-01 4.689106e+02 9.049530e+02 1.276230e+03 2.051810e+03  
2.161073e-01 4.558347e+02 8.814425e+02 1.244469e+03 2.003730e+03  
2.191197e-01 4.432202e+02 8.587615e+02 1.213833e+03 1.957380e+03  
2.221741e-01 4.312467e+02 8.372270e+02 1.184759e+03 1.913465e+03  
2.252711e-01 4.200512e+02 8.170796e+02 1.157577e+03 1.872521e+03  
2.284112e-01 4.097158e+02 7.984624e+02 1.132484e+03 1.834866e+03  
2.315951e-01 4.002706e+02 7.814264e+02 1.109549e+03 1.800615e+03  
2.348235e-01 3.916706e+02 7.658900e+02 1.088661e+03 1.769590e+03  
2.380968e-01 3.838227e+02 7.516865e+02 1.069590e+03 1.741426e+03  
2.414157e-01 3.765842e+02 7.385627e+02 1.051990e+03 1.715566e+03  
2.447809e-01 3.697845e+02 7.262160e+02 1.035445e+03 1.691341e+03  
2.481930e-01 3.632311e+02 7.143064e+02 1.019486e+03 1.668000e+03  
2.516527e-01 3.567306e+02 7.024928e+02 1.003646e+03 1.644782e+03  
2.551606e-01 3.501035e+02 6.904585e+02 9.874886e+02 1.620981e+03  
2.587174e-01 3.432058e+02 6.779509e+02 9.706648e+02 1.596032e+03  
2.623238e-01 3.359652e+02 6.648435e+02 9.530002e+02 1.569649e+03  
2.659804e-01 3.283799e+02 6.511343e+02 9.344924e+02 1.541828e+03  
2.696881e-01 3.205259e+02 6.369581e+02 9.153272e+02 1.512873e+03  
2.734474e-01 3.125231e+02 6.225266e+02 8.957968e+02 1.483259e+03  
2.772591e-01 3.045121e+02 6.080877e+02 8.762430e+02 1.453543e+03  
2.811239e-01 2.966329e+02 5.938869e+02 8.570043e+02 1.424277e+03  
2.850426e-01 2.890125e+02 5.801468e+02 8.383871e+02 1.395959e+03  
2.890160e-01 2.817637e+02 5.670645e+02 8.206622e+02 1.369028e+03  
2.930447e-01 2.749752e+02 5.547935e+02 8.040404e+02 1.343824e+03  
2.971296e-01 2.686841e+02 5.433975e+02 7.886090e+02 1.320488e+03  
3.012714e-01 2.628643e+02 5.328293e+02 7.743024e+02 1.298915e+03  
3.054710e-01 2.574345e+02 5.229452e+02 7.609234e+02 1.278784e+03  
3.097291e-01 2.522799e+02 5.135443e+02 7.481955e+02 1.259651e+03  
3.140465e-01 2.472855e+02 5.044247e+02 7.358420e+02 1.241070e+03  
3.184242e-01 2.423479e+02 4.954065e+02 7.236157e+02 1.222641e+03  
3.228628e-01 2.373791e+02 4.863361e+02 7.113062e+02 1.204027e+03  
3.273634e-01 2.323166e+02 4.771053e+02 6.987649e+02 1.184988e+03  
3.319266e-01 2.271411e+02 4.676813e+02 6.859475e+02 1.165457e+03  
3.365535e-01 2.218824e+02 4.581166e+02 6.729269e+02 1.145553e+03  
3.412449e-01 2.166113e+02 4.485345e+02 6.598729e+02 1.125553e+03  
3.460016e-01 2.114168e+02 4.390901e+02 6.469985e+02 1.105802e+03  
3.508247e-01 2.063762e+02 4.299169e+02 6.344868e+02 1.086595e+03  
3.557150e-01 2.015469e+02 4.211138e+02 6.224734e+02 1.068151e+03  
3.606735e-01 1.969668e+02 4.127455e+02 6.110463e+02 1.050610e+03  
3.657011e-01 1.926395e+02 4.048175e+02 6.002126e+02 1.033981e+03  
3.707988e-01 1.885371e+02 3.972805e+02 5.899047e+02 1.018157e+03  
3.759675e-01 1.846050e+02 3.900395e+02 5.799924e+02 1.002929e+03  
3.812083e-01 1.807804e+02 3.829861e+02 5.703278e+02 9.880603e+02  
3.865221e-01 1.770104e+02 3.760290e+02 5.607862e+02 9.733531e+02  
3.919100e-01 1.732571e+02 3.691032e+02 5.512793e+02 9.586683e+02  
3.973730e-01 1.695003e+02 3.621742e+02 5.417607e+02 9.439340e+02  
4.029122e-01 1.657452e+02 3.552514e+02 5.322435e+02 9.291733e+02  
4.085286e-01 1.620228e+02 3.483881e+02 5.228010e+02 9.145043e+02  
4.142232e-01 1.583793e+02 3.416633e+02 5.135410e+02 9.000991e+02  
4.199973e-01 1.548496e+02 3.351365e+02 5.045441e+02 8.860855e+02  
4.258518e-01 1.514492e+02 3.288338e+02 4.958459e+02 8.725193e+02  
4.317880e-01 1.481837e+02 3.227641e+02 4.874581e+02 8.594182e+02  
4.378069e-01 1.450494e+02 3.169207e+02 4.793713e+02 8.467672e+02  
4.439097e-01 1.420205e+02 3.112590e+02 4.715251e+02 8.344705e+02  
4.500975e-01 1.390607e+02 3.057172e+02 4.638357e+02 8.223976e+02  
4.563716e-01 1.361480e+02 3.002581e+02 4.562530e+02 8.104707e+02  
4.627332e-01 1.332753e+02 2.948695e+02 4.487608e+02 7.986658e+02  
4.691835e-01 1.304412e+02 2.895493e+02 4.413565e+02 7.869800e+02  
4.757236e-01 1.276473e+02 2.843002e+02 4.340441e+02 7.754206e+02  
4.823549e-01 1.249155e+02 2.791590e+02 4.268732e+02 7.640651e+02  
4.890787e-01 1.222646e+02 2.741573e+02 4.198863e+02 7.529787e+02  
4.958962e-01 1.196973e+02 2.692989e+02 4.130885e+02 7.421693e+02  
5.028087e-01 1.172068e+02 2.645724e+02 4.064641e+02 7.316124e+02  
5.098176e-01 1.147916e+02 2.599751e+02 4.000095e+02 7.213021e+02  
5.169242e-01 1.124378e+02 2.554832e+02 3.936929e+02 7.111898e+02  
5.241298e-01 1.101295e+02 2.510703e+02 3.874790e+02 7.012224e+02  
5.314359e-01 1.078650e+02 2.467334e+02 3.813639e+02 6.913943e+02  
5.388438e-01 1.056454e+02 2.424744e+02 3.753505e+02 6.817105e+02  
5.463550e-01 1.034704e+02 2.382928e+02 3.694378e+02 6.721698e+02  
5.539709e-01 1.013491e+02 2.342032e+02 3.636455e+02 6.628019e+02  
5.616930e-01 9.928568e+01 2.302127e+02 3.579829e+02 6.536202e+02  
5.695227e-01 9.727777e+01 2.263169e+02 3.524440e+02 6.446159e+02  
5.774615e-01 9.532074e+01 2.225080e+02 3.470186e+02 6.357735e+02  
5.855110e-01 9.341293e+01 2.187833e+02 3.417027e+02 6.270872e+02  
5.936727e-01 9.154560e+01 2.151282e+02 3.364775e+02 6.185291e+02  
6.019482e-01 8.971821e+01 2.115418e+02 3.313418e+02 6.100977e+02  
6.103390e-01 8.793132e+01 2.080249e+02 3.262965e+02 6.017946e+02  
6.188468e-01 8.618465e+01 2.045769e+02 3.213409e+02 5.936186e+02  
6.274732e-01 8.448050e+01 2.012014e+02 3.164797e+02 5.855764e+02  
6.362198e-01 8.281949e+01 1.978993e+02 3.117138e+02 5.776691e+02  
6.450884e-01 8.119794e+01 1.946644e+02 3.070354e+02 5.698851e+02  
6.540806e-01 7.961433e+01 1.914943e+02 3.024410e+02 5.622196e+02  
6.631981e-01 7.806717e+01 1.883863e+02 2.979272e+02 5.546677e+02  
6.724427e-01 7.655431e+01 1.853369e+02 2.934896e+02 5.472229e+02  
6.818162e-01 7.507506e+01 1.823449e+02 2.891266e+02 5.398829e+02  
6.913204e-01 7.362944e+01 1.794103e+02 2.848380e+02 5.326473e+02  
7.009570e-01 7.221745e+01 1.765328e+02 2.806235e+02 5.255157e+02  
7.107280e-01 7.083860e+01 1.737117e+02 2.764820e+02 5.184862e+02  
7.206351e-01 6.949177e+01 1.709449e+02 2.724109e+02 5.115551e+02  
7.306804e-01 6.817558e+01 1.682303e+02 2.684074e+02 5.047183e+02  
7.408657e-01 6.688858e+01 1.655654e+02 2.644683e+02 4.979714e+02  
7.511929e-01 6.562999e+01 1.629489e+02 2.605920e+02 4.913120e+02  
7.616642e-01 6.439938e+01 1.603800e+02 2.567774e+02 4.847386e+02  
7.722814e-01 6.319626e+01 1.578579e+02 2.530234e+02 4.782495e+02  
7.830465e-01 6.202005e+01 1.553816e+02 2.493286e+02 4.718422e+02  
7.939618e-01 6.087006e+01 1.529499e+02 2.456916e+02 4.655154e+02  
8.050292e-01 5.974554e+01 1.505614e+02 2.421106e+02 4.592665e+02  
8.162509e-01 5.864558e+01 1.482148e+02 2.385839e+02 4.530928e+02  
8.276289e-01 5.756949e+01 1.459089e+02 2.351099e+02 4.469922e+02  
8.391656e-01 5.651672e+01 1.436428e+02 2.316875e+02 4.409630e+02  
8.508632e-01 5.548668e+01 1.414154e+02 2.283153e+02 4.350038e+02  
8.627237e-01 5.447870e+01 1.392257e+02 2.249921e+02 4.291120e+02  
8.747496e-01 5.349228e+01 1.370728e+02 2.217166e+02 4.232864e+02  
8.869432e-01 5.252695e+01 1.349559e+02 2.184879e+02 4.175255e+02  
8.993067e-01 5.158214e+01 1.328741e+02 2.153048e+02 4.118281e+02  
9.118425e-01 5.065729e+01 1.308265e+02 2.121662e+02 4.061919e+02  
9.245531e-01 4.975192e+01 1.288122e+02 2.090710e+02 4.006160e+02  
9.374409e-01 4.886549e+01 1.268305e+02 2.060182e+02 3.950988e+02  
9.505083e-01 4.799742e+01 1.248803e+02 2.030065e+02 3.896388e+02  
9.637579e-01 4.714723e+01 1.229609e+02 2.000351e+02 3.842345e+02  
9.771921e-01 4.631453e+01 1.210716e+02 1.971031e+02 3.788854e+02  
9.908137e-01 4.549888e+01 1.192117e+02 1.942096e+02 3.735902e+02  
1.004625e+00 4.469979e+01 1.173806e+02 1.913538e+02 3.683475e+02  
1.018629e+00 4.391686e+01 1.155774e+02 1.885348e+02 3.631563e+02  
1.032828e+00 4.314965e+01 1.138015e+02 1.857517e+02 3.580157e+02  
1.047225e+00 4.239765e+01 1.120521e+02 1.830037e+02 3.529246e+02  
1.061823e+00 4.166046e+01 1.103287e+02 1.802899e+02 3.478819e+02  
1.076624e+00 4.093777e+01 1.086306e+02 1.776098e+02 3.428870e+02  
1.091632e+00 4.022927e+01 1.069575e+02 1.749629e+02 3.379392e+02  
1.106848e+00 3.953458e+01 1.053086e+02 1.723483e+02 3.330376e+02  
1.122277e+00 3.885339e+01 1.036836e+02 1.697655e+02 3.281816e+02  
1.137921e+00 3.818535e+01 1.020818e+02 1.672139e+02 3.233706e+02  
1.153783e+00 3.753009e+01 1.005028e+02 1.646928e+02 3.186037e+02  
1.169866e+00 3.688723e+01 9.894595e+01 1.622016e+02 3.138803e+02  
1.186174e+00 3.625649e+01 9.741083e+01 1.597398e+02 3.092000e+02  
1.202708e+00 3.563759e+01 9.589699e+01 1.573069e+02 3.045623e+02  
1.219473e+00 3.503020e+01 9.440396e+01 1.549023e+02 2.999665e+02  
1.236472e+00 3.443402e+01 9.293132e+01 1.525257e+02 2.954123e+02  
1.253708e+00 3.384883e+01 9.147869e+01 1.501765e+02 2.908992e+02  
1.271184e+00 3.327432e+01 9.004568e+01 1.478544e+02 2.864270e+02  
1.288904e+00 3.271023e+01 8.863185e+01 1.455588e+02 2.819952e+02  
1.306870e+00 3.215631e+01 8.723688e+01 1.432894e+02 2.776036e+02  
1.325087e+00 3.161235e+01 8.586043e+01 1.410458e+02 2.732518e+02  
1.343558e+00 3.107807e+01 8.450214e+01 1.388277e+02 2.689396e+02  
1.362287e+00 3.055323e+01 8.316165e+01 1.366347e+02 2.646668e+02  
1.381276e+00 3.003764e+01 8.183868e+01 1.344665e+02 2.604332e+02  
1.400531e+00 2.953107e+01 8.053292e+01 1.323227e+02 2.562386e+02  
1.420053e+00 2.903327e+01 7.924404e+01 1.302031e+02 2.520828e+02  
1.439848e+00 2.854405e+01 7.797175e+01 1.281073e+02 2.479657e+02  
1.459919e+00 2.806323e+01 7.671582e+01 1.257621e+02 2.438872e+02  
1.480269e+00 2.759061e+01 7.547596e+01 1.239861e+02 2.398473e+02  
1.500903e+00 2.712597e+01 7.425190e+01 1.219602e+02 2.358459e+02  
1.521825e+00 2.666915e+01 7.304342e+01 1.199572e+02 2.318829e+02  
1.543038e+00 2.624492e+01 7.185029e+01 1.179767e+02 2.279582e+02  
1.564548e+00 2.577829e+01 7.067226e+01 1.160186e+02 2.240720e+02  
1.586357e+00 2.534389e+01 6.950911e+01 1.140827e+02 2.202242e+02  
1.608469e+00 2.491663e+01 6.836066e+01 1.121687e+02 2.164149e+02  
1.630891e+00 2.449638e+01 6.722669e+01 1.102765e+02 2.126440e+02  
1.653624e+00 2.408294e+01 6.610700e+01 1.084059e+02 2.089116e+02  
1.676675e+00 2.367620e+01 6.500141e+01 1.065568e+02 2.052178e+02  
1.700047e+00 2.327601e+01 6.390973e+01 1.047289e+02 2.015626e+02  
1.723745e+00 2.288221e+01 6.283179e+01 1.029221e+02 1.979462e+02  
1.747773e+00 2.249465e+01 6.176740e+01 1.011362e+02 1.943685e+02  
1.772136e+00 2.211323e+01 6.071641e+01 9.937120e+01 1.908298e+02  
1.796838e+00 2.173782e+01 5.967868e+01 9.762684e+01 1.873301e+02  
1.821885e+00 2.136829e+01 5.865403e+01 9.590303e+01 1.838695e+02  
1.847281e+00 2.100453e+01 5.764234e+01 9.419964e+01 1.804480e+02  
1.873032e+00 2.064642e+01 5.664347e+01 9.251656e+01 1.770659e+02  
1.899141e+00 2.029387e+01 5.565728e+01 9.085368e+01 1.737233e+02  
1.925614e+00 1.994674e+01 5.468364e+01 8.921087e+01 1.704201e+02  
1.952456e+00 1.960494e+01 5.372241e+01 8.758804e+01 1.671566e+02  
1.979672e+00 1.926837e+01 5.277348e+01 8.598508e+01 1.639329e+02  
2.007267e+00 1.893692e+01 5.183672e+01 8.440190e+01 1.607489e+02  
2.035248e+00 1.861049e+01 5.091201e+01 8.283838e+01 1.576049e+02  
2.063618e+00 1.828900e+01 4.999925e+01 8.129446e+01 1.545009e+02  
2.092383e+00 1.797236e+01 4.909833e+01 7.977003e+01 1.514371e+02  
2.121550e+00 1.766048e+01 4.820914e+01 7.826502e+01 1.484133e+02  
2.151123e+00 1.735327e+01 4.733158e+01 7.677933e+01 1.454298e+02  
2.181109e+00 1.705067e+01 4.646555e+01 7.531288e+01 1.424866e+02  
2.211512e+00 1.675258e+01 4.561096e+01 7.386560e+01 1.395837e+02  
2.242340e+00 1.645893e+01 4.476770e+01 7.243739e+01 1.367212e+02  
2.273597e+00 1.616965e+01 4.393569e+01 7.102819e+01 1.338991e+02  
2.305289e+00 1.588466e+01 4.311483e+01 6.963792e+01 1.311172e+02  
2.337424e+00 1.560388e+01 4.230503e+01 6.826648e+01 1.283758e+02  
2.370006e+00 1.532725e+01 4.150620e+01 6.691382e+01 1.256747e+02  
2.403043e+00 1.505471e+01 4.071826e+01 6.557984e+01 1.230140e+02  
2.436540e+00 1.478619e+01 3.994114e+01 6.426448e+01 1.203935e+02  
2.470504e+00 1.452163e+01 3.917473e+01 6.296765e+01 1.178132e+02  
2.504942e+00 1.426097e+01 3.841897e+01 6.168929e+01 1.152730e+02  
2.539859e+00 1.400415e+01 3.767377e+01 6.042931e+01 1.127727e+02  
2.575263e+00 1.375111e+01 3.693906e+01 5.918762e+01 1.103124e+02  
2.611161e+00 1.350181e+01 3.621476e+01 5.796414e+01 1.078918e+02  
2.647559e+00 1.325617e+01 3.550078e+01 5.675881e+01 1.055108e+02  
2.684465e+00 1.301416e+01 3.479706e+01 5.557153e+01 1.030479e+02  
2.721885e+00 1.277570e+01 3.410352e+01 5.440222e+01 1.008670e+02  
2.759826e+00 1.254078e+01 3.342008e+01 5.325078e+01 9.860380e+01  
2.798297e+00 1.230932e+01 3.274667e+01 5.211714e+01 9.637944e+01  
2.837304e+00 1.208130e+01 3.208322e+01 5.100118e+01 9.419369e+01  
2.876854e+00 1.185665e+01 3.142965e+01 4.990284e+01 9.204632e+01  
2.916956e+00 1.163533e+01 3.078588e+01 4.882202e+01 8.993708e+01  
2.957617e+00 1.141731e+01 3.015186e+01 4.775860e+01 8.786569e+01  
2.998844e+00 1.120253e+01 2.952750e+01 4.671248e+01 8.583186e+01  
3.040646e+00 1.099096e+01 2.891274e+01 4.568356e+01 8.383530e+01  
3.083031e+00 1.078256e+01 2.830750e+01 4.467174e+01 8.187569e+01  
3.126007e+00 1.057728e+01 2.771170e+01 4.367690e+01 7.995272e+01  
3.169582e+00 1.037509e+01 2.712529e+01 4.269892e+01 7.806605e+01  
3.213764e+00 1.017595e+01 2.654817e+01 4.173769e+01 7.621533e+01  
3.258562e+00 9.979818e+00 2.598029e+01 4.079309e+01 7.440046e+01  
3.303985e+00 9.786661e+00 2.542157e+01 3.986500e+01 7.262061e+01  
3.350041e+00 9.596451e+00 2.487194e+01 3.895329e+01 7.087504e+01  
3.396739e+00 9.409152e+00 2.433132e+01 3.805782e+01 6.916444e+01  
3.444087e+00 9.224721e+00 2.379965e+01 3.717846e+01 6.748825e+01  
3.492096e+00 9.043128e+00 2.327684e+01 3.631508e+01 6.584546e+01  
3.540774e+00 8.864340e+00 2.276282e+01 3.546753e+01 6.423594e+01  
3.590130e+00 8.688325e+00 2.225753e+01 3.463568e+01 6.265930e+01  
3.640175e+00 8.515051e+00 2.176087e+01 3.381936e+01 6.111510e+01  
3.690917e+00 8.344486e+00 2.127279e+01 3.301844e+01 5.960294e+01  
3.742366e+00 8.176600e+00 2.079320e+01 3.223275e+01 5.812238e+01  
3.794533e+00 8.011363e+00 2.032202e+01 3.146218e+01 5.667299e+01  
3.847427e+00 7.848744e+00 1.985919e+01 3.070651e+01 5.525435e+01  
3.901058e+00 7.688714e+00 1.940461e+01 2.996559e+01 5.386601e+01  
3.955436e+00 7.531245e+00 1.895822e+01 2.923927e+01 5.250753e+01  
4.010573e+00 7.376307e+00 1.851992e+01 2.852734e+01 5.117848e+01  
4.066478e+00 7.223871e+00 1.808966e+01 2.782972e+01 4.987841e+01  
4.123163e+00 7.073910e+00 1.766733e+01 2.714624e+01 4.860688e+01  
4.180637e+00 6.926396e+00 1.725287e+01 2.647663e+01 4.736345e+01  
4.238913e+00 6.781301e+00 1.684618e+01 2.582076e+01 4.614767e+01  
4.298001e+00 6.638598e+00 1.644719e+01 2.517847e+01 4.495910e+01  
4.357913e+00 6.498260e+00 1.605582e+01 2.454956e+01 4.379729e+01  
4.418660e+00 6.360262e+00 1.567197e+01 2.393386e+01 4.266179e+01  
4.480254e+00 6.224575e+00 1.529557e+01 2.333118e+01 4.155218e+01  
4.542706e+00 6.091174e+00 1.492653e+01 2.274135e+01 4.046800e+01  
4.606029e+00 5.960033e+00 1.456476e+01 2.216419e+01 3.940881e+01  
4.670234e+00 5.831127e+00 1.421017e+01 2.159950e+01 3.837401e+01  
4.735335e+00 5.704429e+00 1.386268e+01 2.104711e+01 3.736368e+01  
4.801343e+00 5.579916e+00 1.352219e+01 2.050682e+01 3.637706e+01  
4.868271e+00 5.457560e+00 1.318863e+01 1.997846e+01 3.541331e+01  
4.936132e+00 5.337338e+00 1.286192e+01 1.946184e+01 3.447259e+01  
5.004939e+00 5.219224e+00 1.254194e+01 1.895677e+01 3.355426e+01  
5.074705e+00 5.103194e+00 1.222861e+01 1.846307e+01 3.265792e+01  
5.145444e+00 4.989223e+00 1.192185e+01 1.798055e+01 3.178314e+01  
5.217169e+00 4.877287e+00 1.162156e+01 1.750903e+01 3.092950e+01  
5.289893e+00 4.767362e+00 1.132765e+01 1.704830e+01 3.009661e+01  
5.363631e+00 4.659424e+00 1.104003e+01 1.659820e+01 2.928404e+01  
5.438397e+00 4.553451e+00 1.075861e+01 1.615856e+01 2.849139e+01  
5.514206e+00 4.449414e+00 1.048330e+01 1.572917e+01 2.771826e+01  
5.591071e+00 4.347288e+00 1.021400e+01 1.530987e+01 2.696427e+01  
5.669007e+00 4.247061e+00 9.950629e+00 1.490046e+01 2.622901e+01  
5.748030e+00 4.148700e+00 9.693087e+00 1.450077e+01 2.551209e+01  
5.828155e+00 4.046639e+00 9.441284e+00 1.411061e+01 2.481315e+01  
5.909396e+00 3.957490e+00 9.195128e+00 1.372982e+01 2.413179e+01  
5.991770e+00 3.864595e+00 8.954528e+00 1.335821e+01 2.346765e+01  
6.075292e+00 3.773476e+00 8.719393e+00 1.299560e+01 2.282035e+01  
6.159978e+00 3.684110e+00 8.489632e+00 1.264184e+01 2.218953e+01  
6.245845e+00 3.596474e+00 8.265154e+00 1.229673e+01 2.157484e+01  
6.332908e+00 3.510546e+00 8.045869e+00 1.196012e+01 2.097594e+01  
6.421186e+00 3.426303e+00 7.831688e+00 1.163183e+01 2.039245e+01  
6.510694e+00 3.343724e+00 7.622520e+00 1.131169e+01 1.982404e+01  
6.601449e+00 3.262784e+00 7.418280e+00 1.099955e+01 1.927038e+01  
6.693470e+00 3.183463e+00 7.218872e+00 1.069529e+01 1.873113e+01  
6.786773e+00 3.105738e+00 7.024206e+00 1.039850e+01 1.820595e+01  
6.881377e+00 3.029587e+00 6.834203e+00 1.010942e+01 1.769455e+01  
6.977300e+00 2.954989e+00 6.648773e+00 9.827621e+00 1.719661e+01  
7.074559e+00 2.881920e+00 6.467828e+00 9.553007e+00 1.671179e+01  
7.173175e+00 2.810361e+00 6.291278e+00 9.285427e+00 1.623979e+01  
7.273165e+00 2.740289e+00 6.119044e+00 9.024737e+00 1.578029e+01  
7.374549e+00 2.671682e+00 5.951038e+00 8.770782e+00 1.533306e+01  
7.477346e+00 2.604519e+00 5.787180e+00 8.523408e+00 1.489777e+01  
7.581576e+00 2.538779e+00 5.627384e+00 8.282472e+00 1.447414e+01  
7.687260e+00 2.474441e+00 5.471571e+00 8.047836e+00 1.406187e+01  
7.794416e+00 2.411483e+00 5.319661e+00 7.819358e+00 1.366071e+01  
7.903066e+00 2.349884e+00 5.171574e+00 7.596892e+00 1.327039e+01  
8.013230e+00 2.289622e+00 5.027231e+00 7.380306e+00 1.289063e+01  
8.124930e+00 2.230681e+00 4.886551e+00 7.169392e+00 1.252118e+01  
8.238187e+00 2.173034e+00 4.749459e+00 6.964307e+00 1.216178e+01  
8.353023e+00 2.116664e+00 4.615876e+00 6.764478e+00 1.181222e+01  
8.469460e+00 2.061549e+00 4.485728e+00 6.570077e+00 1.147218e+01  
8.587519e+00 2.007669e+00 4.358939e+00 6.380908e+00 1.114146e+01  
8.707225e+00 1.955003e+00 4.235436e+00 6.196833e+00 1.081987e+01  
8.828599e+00 1.903532e+00 4.115148e+00 6.017732e+00 1.050712e+01  
8.951665e+00 1.853236e+00 3.998005e+00 5.843500e+00 1.020301e+01  
9.076446e+00 1.804094e+00 3.883927e+00 5.674012e+00 9.907320e+00  
9.202967e+00 1.756088e+00 3.772876e+00 5.509149e+00 9.619829e+00  
9.331251e+00 1.709196e+00 3.664755e+00 5.348802e+00 9.340331e+00  
9.461324e+00 1.663394e+00 3.559505e+00 5.192870e+00 9.068619e+00  
9.593209e+00 1.618672e+00 3.457060e+00 5.041160e+00 8.804492e+00  
9.726934e+00 1.575005e+00 3.357354e+00 4.893745e+00 8.547744e+00  
9.862522e+00 1.532376e+00 3.260322e+00 4.750230e+00 8.298213e+00  
1.000000e+01 1.490764e+00 3.165900e+00 4.610819e+00 8.055693e+00  
