1.000000e-02 5.612063e+03 1.046898e+04 1.435077e+04 2.180686e+04  
1.013939e-02 5.643549e+03 1.052748e+04 1.443071e+04 2.192772e+04  
1.028073e-02 5.674563e+03 1.058508e+04 1.450942e+04 2.204671e+04  
1.042404e-02 5.705084e+03 1.064176e+04 1.458685e+04 2.216374e+04  
1.056935e-02 5.735092e+03 1.069747e+04 1.466296e+04 2.227874e+04  
1.071668e-02 5.764568e+03 1.075218e+04 1.473769e+04 2.239163e+04  
1.086606e-02 5.793489e+03 1.080586e+04 1.481099e+04 2.250234e+04  
1.101753e-02 5.821837e+03 1.085845e+04 1.488280e+04 2.261077e+04  
1.117111e-02 5.849588e+03 1.090993e+04 1.495308e+04 2.271685e+04  
1.132683e-02 5.876720e+03 1.096025e+04 1.502175e+04 2.282049e+04  
1.148472e-02 5.903213e+03 1.100936e+04 1.508878e+04 2.292160e+04  
1.164481e-02 5.929043e+03 1.105723e+04 1.515409e+04 2.302010e+04  
1.180713e-02 5.954189e+03 1.110382e+04 1.521764e+04 2.311591e+04  
1.197171e-02 5.978628e+03 1.114908e+04 1.527936e+04 2.320893e+04  
1.213859e-02 6.002338e+03 1.119298e+04 1.533920e+04 2.329908e+04  
1.230780e-02 6.025296e+03 1.123547e+04 1.539711e+04 2.338628e+04  
1.247936e-02 6.047479e+03 1.127650e+04 1.545302e+04 2.347042e+04  
1.265332e-02 6.068866e+03 1.131604e+04 1.550687e+04 2.355144e+04  
1.282970e-02 6.089432e+03 1.135405e+04 1.555861e+04 2.362923e+04  
1.300854e-02 6.109156e+03 1.139047e+04 1.560819e+04 2.370372e+04  
1.318987e-02 6.128015e+03 1.142528e+04 1.565553e+04 2.377481e+04  
1.337373e-02 6.145988e+03 1.145843e+04 1.570060e+04 2.384242e+04  
1.356015e-02 6.163051e+03 1.148987e+04 1.574332e+04 2.390646e+04  
1.374917e-02 6.179178e+03 1.151956e+04 1.578363e+04 2.396683e+04  
1.394083e-02 6.194346e+03 1.154745e+04 1.582148e+04 2.402345e+04  
1.413516e-02 6.208532e+03 1.157350e+04 1.585680e+04 2.407622e+04  
1.433219e-02 6.221711e+03 1.159768e+04 1.588953e+04 2.412505e+04  
1.453198e-02 6.233861e+03 1.161992e+04 1.591962e+04 2.416985e+04  
1.473454e-02 6.244959e+03 1.164020e+04 1.594701e+04 2.421053e+04  
1.493993e-02 6.254982e+03 1.165846e+04 1.597163e+04 2.424701e+04  
1.514819e-02 6.263907e+03 1.167467e+04 1.599343e+04 2.427920e+04  
1.535935e-02 6.271710e+03 1.168878e+04 1.601235e+04 2.430701e+04  
1.557345e-02 6.278370e+03 1.170076e+04 1.602834e+04 2.433035e+04  
1.579053e-02 6.283866e+03 1.171056e+04 1.604133e+04 2.434914e+04  
1.601064e-02 6.288176e+03 1.171814e+04 1.605128e+04 2.436330e+04  
1.623382e-02 6.291280e+03 1.172346e+04 1.605815e+04 2.437277e+04  
1.646012e-02 6.293158e+03 1.172650e+04 1.606186e+04 2.437745e+04  
1.668956e-02 6.293785e+03 1.172719e+04 1.606237e+04 2.437725e+04  
1.692220e-02 6.293140e+03 1.172551e+04 1.605961e+04 2.437210e+04  
1.715809e-02 6.291203e+03 1.172142e+04 1.605355e+04 2.436192e+04  
1.739726e-02 6.287952e+03 1.171487e+04 1.604411e+04 2.434662e+04  
1.763977e-02 6.283368e+03 1.170583e+04 1.603127e+04 2.432613e+04  
1.788566e-02 6.277434e+03 1.169427e+04 1.601496e+04 2.430040e+04  
1.813498e-02 6.270134e+03 1.168016e+04 1.599516e+04 2.426935e+04  
1.838777e-02 6.261451e+03 1.166347e+04 1.597181e+04 2.423292e+04  
1.864409e-02 6.251371e+03 1.164417e+04 1.594490e+04 2.419107e+04  
1.890397e-02 6.239884e+03 1.162224e+04 1.591438e+04 2.414376e+04  
1.916748e-02 6.226977e+03 1.159767e+04 1.588023e+04 2.409093e+04  
1.943467e-02 6.212644e+03 1.157043e+04 1.584243e+04 2.403257e+04  
1.970558e-02 6.196878e+03 1.154052e+04 1.580097e+04 2.396865e+04  
1.998026e-02 6.179671e+03 1.150793e+04 1.575583e+04 2.389914e+04  
2.025878e-02 6.161014e+03 1.147263e+04 1.570699e+04 2.382402e+04  
2.054117e-02 6.140898e+03 1.143461e+04 1.565441e+04 2.374324e+04  
2.082751e-02 6.119317e+03 1.139386e+04 1.559810e+04 2.365680e+04  
2.111783e-02 6.096268e+03 1.135037e+04 1.553804e+04 2.356467e+04  
2.141220e-02 6.071748e+03 1.130415e+04 1.547423e+04 2.346686e+04  
2.171068e-02 6.045761e+03 1.125519e+04 1.540668e+04 2.336337e+04  
2.201331e-02 6.018308e+03 1.120350e+04 1.533538e+04 2.325422e+04  
2.232016e-02 5.989392e+03 1.114909e+04 1.526036e+04 2.313942e+04  
2.263130e-02 5.959019e+03 1.109196e+04 1.518163e+04 2.301900e+04  
2.294676e-02 5.927198e+03 1.103214e+04 1.509921e+04 2.289299e+04  
2.326663e-02 5.893941e+03 1.096965e+04 1.501314e+04 2.276144e+04  
2.359095e-02 5.859263e+03 1.090452e+04 1.492344e+04 2.262442e+04  
2.391980e-02 5.823185e+03 1.083678e+04 1.483019e+04 2.248200e+04  
2.425323e-02 5.785727e+03 1.076648e+04 1.473343e+04 2.233428e+04  
2.459130e-02 5.746907e+03 1.069365e+04 1.463321e+04 2.218132e+04  
2.493409e-02 5.706746e+03 1.061833e+04 1.452958e+04 2.202321e+04  
2.528166e-02 5.665268e+03 1.054056e+04 1.442261e+04 2.186003e+04  
2.563407e-02 5.622500e+03 1.046039e+04 1.431237e+04 2.169191e+04  
2.599140e-02 5.578475e+03 1.037790e+04 1.419894e+04 2.151897e+04  
2.635371e-02 5.533232e+03 1.029314e+04 1.408242e+04 2.134136e+04  
2.672106e-02 5.486810e+03 1.020620e+04 1.396292e+04 2.115925e+04  
2.709354e-02 5.439246e+03 1.011715e+04 1.384053e+04 2.097277e+04  
2.747121e-02 5.390576e+03 1.002604e+04 1.371535e+04 2.078206e+04  
2.785414e-02 5.340842e+03 9.932971e+03 1.358748e+04 2.058729e+04  
2.824241e-02 5.290090e+03 9.838015e+03 1.345704e+04 2.038865e+04  
2.863610e-02 5.238373e+03 9.741274e+03 1.332416e+04 2.018634e+04  
2.903527e-02 5.185747e+03 9.642856e+03 1.318900e+04 1.998058e+04  
2.944000e-02 5.132275e+03 9.542877e+03 1.305171e+04 1.977161e+04  
2.985038e-02 5.078013e+03 9.441440e+03 1.291244e+04 1.955965e+04  
3.026648e-02 5.023011e+03 9.338643e+03 1.277132e+04 1.934491e+04  
3.068838e-02 4.967329e+03 9.234596e+03 1.262850e+04 1.912761e+04  
3.111616e-02 4.911031e+03 9.129416e+03 1.248414e+04 1.890800e+04  
3.154990e-02 4.854185e+03 9.023234e+03 1.233842e+04 1.868635e+04  
3.198969e-02 4.796867e+03 8.916190e+03 1.219153e+04 1.846295e+04  
3.243561e-02 4.739159e+03 8.808437e+03 1.204368e+04 1.823812e+04  
3.288774e-02 4.681131e+03 8.700105e+03 1.189506e+04 1.801214e+04  
3.334618e-02 4.622844e+03 8.591310e+03 1.174582e+04 1.778524e+04  
3.381101e-02 4.564366e+03 8.482177e+03 1.159612e+04 1.755768e+04  
3.428231e-02 4.505769e+03 8.372839e+03 1.144616e+04 1.732974e+04  
3.476019e-02 4.447130e+03 8.263440e+03 1.129613e+04 1.710172e+04  
3.524473e-02 4.388532e+03 8.154135e+03 1.114624e+04 1.687395e+04  
3.573602e-02 4.330063e+03 8.045089e+03 1.099673e+04 1.664676e+04  
3.623416e-02 4.271805e+03 7.936452e+03 1.084778e+04 1.642047e+04  
3.673925e-02 4.213827e+03 7.828352e+03 1.069958e+04 1.619535e+04  
3.725137e-02 4.156200e+03 7.720923e+03 1.055232e+04 1.597166e+04  
3.777064e-02 4.099003e+03 7.614309e+03 1.040619e+04 1.574972e+04  
3.829714e-02 4.042316e+03 7.508660e+03 1.026139e+04 1.552984e+04  
3.883098e-02 3.986227e+03 7.404137e+03 1.011814e+04 1.531234e+04  
3.937226e-02 3.930826e+03 7.300910e+03 9.976688e+03 1.509759e+04  
3.992109e-02 3.876190e+03 7.199117e+03 9.837207e+03 1.488586e+04  
4.047757e-02 3.822355e+03 7.098828e+03 9.699797e+03 1.467731e+04  
4.104181e-02 3.769356e+03 7.000107e+03 9.564547e+03 1.447207e+04  
4.161391e-02 3.717229e+03 6.903017e+03 9.431542e+03 1.427027e+04  
4.219398e-02 3.666007e+03 6.807623e+03 9.300871e+03 1.407205e+04  
4.278214e-02 3.615726e+03 6.713989e+03 9.172621e+03 1.387753e+04  
4.337850e-02 3.566422e+03 6.622180e+03 9.046882e+03 1.368687e+04  
4.398317e-02 3.518137e+03 6.532276e+03 8.923761e+03 1.350021e+04  
4.459628e-02 3.470938e+03 6.444399e+03 8.803426e+03 1.331782e+04  
4.521792e-02 3.424898e+03 6.358682e+03 8.686059e+03 1.313997e+04  
4.584824e-02 3.380093e+03 6.275266e+03 8.571851e+03 1.296696e+04  
4.648734e-02 3.336602e+03 6.194294e+03 8.461000e+03 1.279908e+04  
4.713535e-02 3.294507e+03 6.115919e+03 8.353710e+03 1.263666e+04  
4.779239e-02 3.253893e+03 6.040294e+03 8.250195e+03 1.248001e+04  
4.845859e-02 3.214802e+03 5.967497e+03 8.150558e+03 1.232930e+04  
4.913407e-02 3.177179e+03 5.897425e+03 8.054658e+03 1.218432e+04  
4.981898e-02 3.140950e+03 5.829939e+03 7.962306e+03 1.204478e+04  
5.051342e-02 3.106030e+03 5.764881e+03 7.873286e+03 1.191035e+04  
5.121755e-02 3.072324e+03 5.702073e+03 7.787356e+03 1.178067e+04  
5.193150e-02 3.039724e+03 5.641319e+03 7.704246e+03 1.165533e+04  
5.265540e-02 3.008129e+03 5.582428e+03 7.623696e+03 1.153395e+04  
5.338938e-02 2.977497e+03 5.525323e+03 7.545603e+03 1.141635e+04  
5.413360e-02 2.947804e+03 5.469957e+03 7.469901e+03 1.130245e+04  
5.488820e-02 2.919020e+03 5.416275e+03 7.396515e+03 1.119214e+04  
5.565331e-02 2.891109e+03 5.364212e+03 7.325356e+03 1.108528e+04  
5.642908e-02 2.864033e+03 5.313693e+03 7.256323e+03 1.098173e+04  
5.721568e-02 2.837730e+03 5.264604e+03 7.189261e+03 1.088124e+04  
5.801323e-02 2.812093e+03 5.216748e+03 7.123899e+03 1.078342e+04  
5.882190e-02 2.786998e+03 5.169895e+03 7.059926e+03 1.068778e+04  
5.964185e-02 2.762309e+03 5.123796e+03 6.997000e+03 1.059382e+04  
6.047322e-02 2.737877e+03 5.078176e+03 6.934748e+03 1.050096e+04  
6.131619e-02 2.713547e+03 5.032749e+03 6.872779e+03 1.040860e+04  
6.217090e-02 2.689195e+03 4.987290e+03 6.810785e+03 1.031629e+04  
6.303753e-02 2.664709e+03 4.941591e+03 6.748486e+03 1.022358e+04  
6.391624e-02 2.639966e+03 4.895428e+03 6.685574e+03 1.013001e+04  
6.480720e-02 2.614834e+03 4.848559e+03 6.621718e+03 1.003508e+04  
6.571058e-02 2.589173e+03 4.800729e+03 6.556572e+03 9.938240e+03  
6.662655e-02 2.562864e+03 4.751721e+03 6.489840e+03 9.839044e+03  
6.755528e-02 2.535792e+03 4.701324e+03 6.421234e+03 9.737047e+03  
6.849697e-02 2.507833e+03 4.649315e+03 6.350447e+03 9.631770e+03  
6.945178e-02 2.478853e+03 4.595450e+03 6.277149e+03 9.522702e+03  
7.041990e-02 2.448736e+03 4.539518e+03 6.201050e+03 9.409390e+03  
7.140151e-02 2.417419e+03 4.481407e+03 6.121998e+03 9.291589e+03  
7.239681e-02 2.384846e+03 4.421017e+03 6.039853e+03 9.169079e+03  
7.340598e-02 2.350958e+03 4.358241e+03 5.954473e+03 9.041628e+03  
7.442922e-02 2.315700e+03 4.292985e+03 5.865726e+03 8.909021e+03  
7.546673e-02 2.279075e+03 4.225256e+03 5.773621e+03 8.771263e+03  
7.651869e-02 2.241117e+03 4.155117e+03 5.678245e+03 8.628476e+03  
7.758532e-02 2.201864e+03 4.082642e+03 5.579695e+03 8.480800e+03  
7.866682e-02 2.161362e+03 4.007918e+03 5.478092e+03 8.328406e+03  
7.976339e-02 2.119699e+03 3.931110e+03 5.373659e+03 8.171631e+03  
8.087525e-02 2.076999e+03 3.852443e+03 5.266703e+03 8.010938e+03  
8.200261e-02 2.033394e+03 3.772164e+03 5.157562e+03 7.846837e+03  
8.314568e-02 1.989033e+03 3.690544e+03 5.046603e+03 7.679892e+03  
8.430468e-02 1.944080e+03 3.607885e+03 4.934239e+03 7.510732e+03  
8.547985e-02 1.898717e+03 3.524520e+03 4.820923e+03 7.340051e+03  
8.667139e-02 1.853140e+03 3.440807e+03 4.707147e+03 7.168605e+03  
8.787954e-02 1.807557e+03 3.357126e+03 4.593425e+03 6.997186e+03  
8.910453e-02 1.762170e+03 3.273844e+03 4.480261e+03 6.826570e+03  
9.034660e-02 1.717191e+03 3.191350e+03 4.368182e+03 6.657574e+03  
9.160598e-02 1.672850e+03 3.110057e+03 4.257756e+03 6.491073e+03  
9.288292e-02 1.629358e+03 3.030353e+03 4.149509e+03 6.327881e+03  
9.417766e-02 1.586912e+03 2.952593e+03 4.043927e+03 6.168756e+03  
9.549045e-02 1.545724e+03 2.877159e+03 3.941529e+03 6.014498e+03  
9.682153e-02 1.506015e+03 2.804454e+03 3.842865e+03 5.865964e+03  
9.817117e-02 1.467980e+03 2.734828e+03 3.748412e+03 5.723894e+03  
9.953962e-02 1.431762e+03 2.668536e+03 3.658518e+03 5.588832e+03  
1.009272e-01 1.397504e+03 2.605838e+03 3.573536e+03 5.461328e+03  
1.023340e-01 1.365357e+03 2.547002e+03 3.493832e+03 5.341956e+03  
1.037605e-01 1.335404e+03 2.492174e+03 3.419605e+03 5.231030e+03  
1.052069e-01 1.307638e+03 2.441338e+03 3.350831e+03 5.128524e+03  
1.066734e-01 1.282041e+03 2.394458e+03 3.287462e+03 5.034369e+03  
1.081604e-01 1.258582e+03 2.351474e+03 3.229416e+03 4.948449e+03  
1.096681e-01 1.237159e+03 2.312194e+03 3.176431e+03 4.870373e+03  
1.111968e-01 1.217616e+03 2.276332e+03 3.128119e+03 4.799547e+03  
1.127468e-01 1.199779e+03 2.243571e+03 3.084046e+03 4.735308e+03  
1.143184e-01 1.183450e+03 2.213551e+03 3.043721e+03 4.676909e+03  
1.159120e-01 1.168402e+03 2.185855e+03 3.006578e+03 4.623475e+03  
1.175277e-01 1.154382e+03 2.160023e+03 2.971990e+03 4.574040e+03  
1.191660e-01 1.141117e+03 2.135563e+03 2.939283e+03 4.527559e+03  
1.208271e-01 1.128342e+03 2.111994e+03 2.907804e+03 4.483015e+03  
1.225114e-01 1.115787e+03 2.088826e+03 2.876881e+03 4.439359e+03  
1.242191e-01 1.103159e+03 2.065533e+03 2.845793e+03 4.395458e+03  
1.259506e-01 1.090189e+03 2.041629e+03 2.813878e+03 4.350263e+03  
1.277063e-01 1.076631e+03 2.016674e+03 2.780529e+03 4.302810e+03  
1.294865e-01 1.062225e+03 1.990199e+03 2.745102e+03 4.252069e+03  
1.312915e-01 1.046765e+03 1.961834e+03 2.707090e+03 4.197220e+03  
1.331216e-01 1.030118e+03 1.931346e+03 2.666167e+03 4.137731e+03  
1.349772e-01 1.012154e+03 1.898499e+03 2.622010e+03 4.073068e+03  
1.368587e-01 9.928236e+02 1.863212e+03 2.574501e+03 4.003023e+03  
1.387665e-01 9.721779e+02 1.825577e+03 2.523765e+03 3.927778e+03  
1.407008e-01 9.502839e+02 1.785718e+03 2.469971e+03 3.847582e+03  
1.426621e-01 9.272874e+02 1.743900e+03 2.413478e+03 3.762997e+03  
1.446507e-01 9.034001e+02 1.700506e+03 2.354813e+03 3.674847e+03  
1.466671e-01 8.788563e+02 1.655959e+03 2.294552e+03 3.584049e+03  
1.487115e-01 8.539231e+02 1.610740e+03 2.233358e+03 3.491649e+03  
1.507845e-01 8.288952e+02 1.565378e+03 2.171956e+03 3.398804e+03  
1.528864e-01 8.040761e+02 1.520418e+03 2.111094e+03 3.306705e+03  
1.550175e-01 7.797629e+02 1.476393e+03 2.051502e+03 3.216514e+03  
1.571784e-01 7.562671e+02 1.433859e+03 1.993942e+03 3.129448e+03  
1.593694e-01 7.338662e+02 1.393312e+03 1.939095e+03 3.046587e+03  
1.615909e-01 7.128231e+02 1.355219e+03 1.887599e+03 2.968951e+03  
1.638434e-01 6.933591e+02 1.319973e+03 1.839992e+03 2.897396e+03  
1.661273e-01 6.755880e+02 1.287774e+03 1.796548e+03 2.832360e+03  
1.684430e-01 6.595932e+02 1.258766e+03 1.757464e+03 2.774164e+03  
1.707910e-01 6.453283e+02 1.232863e+03 1.722621e+03 2.722626e+03  
1.731717e-01 6.326842e+02 1.209866e+03 1.691748e+03 2.677325e+03  
1.755856e-01 6.214832e+02 1.189454e+03 1.664407e+03 2.637576e+03  
1.780332e-01 6.114795e+02 1.171185e+03 1.639994e+03 2.602430e+03  
1.805149e-01 6.024083e+02 1.154585e+03 1.617860e+03 2.570864e+03  
1.830312e-01 5.939894e+02 1.139152e+03 1.597320e+03 2.541792e+03  
1.855825e-01 5.859296e+02 1.124363e+03 1.577656e+03 2.514071e+03  
1.881694e-01 5.779390e+02 1.109701e+03 1.558160e+03 2.486567e+03  
1.907924e-01 5.697244e+02 1.094645e+03 1.538114e+03 2.458126e+03  
1.934520e-01 5.610273e+02 1.078735e+03 1.516884e+03 2.427722e+03  
1.961486e-01 5.516083e+02 1.061547e+03 1.493886e+03 2.394402e+03  
1.988828e-01 5.413181e+02 1.042817e+03 1.468754e+03 2.357564e+03  
2.016551e-01 5.300626e+02 1.022379e+03 1.441258e+03 2.316827e+03  
2.044661e-01 5.178933e+02 1.000328e+03 1.411526e+03 2.272389e+03  
2.073162e-01 5.049289e+02 9.768769e+02 1.379851e+03 2.224719e+03  
2.102061e-01 4.913799e+02 9.524017e+02 1.346752e+03 2.174652e+03  
2.131362e-01 4.774968e+02 9.273487e+02 1.312842e+03 2.123184e+03  
2.161073e-01 4.635646e+02 9.022245e+02 1.278819e+03 2.071445e+03  
2.191197e-01 4.498661e+02 8.775303e+02 1.245375e+03 2.020554e+03  
2.221741e-01 4.366642e+02 8.537311e+02 1.213147e+03 1.971544e+03  
2.252711e-01 4.241870e+02 8.312290e+02 1.182689e+03 1.925308e+03  
2.284112e-01 4.126227e+02 8.103546e+02 1.154455e+03 1.882574e+03  
2.315951e-01 4.020788e+02 7.912951e+02 1.128699e+03 1.843757e+03  
2.348235e-01 3.926005e+02 7.741272e+02 1.105528e+03 1.809023e+03  
2.380968e-01 3.841478e+02 7.587770e+02 1.084838e+03 1.778213e+03  
2.414157e-01 3.766143e+02 7.450543e+02 1.066370e+03 1.750910e+03  
2.447809e-01 3.698272e+02 7.326520e+02 1.049701e+03 1.726438e+03  
2.481930e-01 3.635668e+02 7.211811e+02 1.034299e+03 1.703943e+03  
2.516527e-01 3.575848e+02 7.102036e+02 1.019562e+03 1.682457e+03  
2.551606e-01 3.516216e+02 6.992620e+02 1.004862e+03 1.660965e+03  
2.587174e-01 3.454487e+02 6.879543e+02 9.896456e+02 1.638574e+03  
2.623238e-01 3.388895e+02 6.759710e+02 9.734865e+02 1.614590e+03  
2.659804e-01 3.318588e+02 6.631634e+02 9.561798e+02 1.588681e+03  
2.696881e-01 3.243597e+02 6.495390e+02 9.377358e+02 1.560862e+03  
2.734474e-01 3.164707e+02 6.352371e+02 9.183470e+02 1.531447e+03  
2.772591e-01 3.083280e+02 6.204981e+02 8.983448e+02 1.500976e+03  
2.811239e-01 3.000944e+02 6.056090e+02 8.781247e+02 1.470094e+03  
2.850426e-01 2.919522e+02 5.908895e+02 8.581270e+02 1.439515e+03  
2.890160e-01 2.840922e+02 5.766732e+02 8.388103e+02 1.409982e+03  
2.930447e-01 2.766801e+02 5.632487e+02 8.205701e+02 1.382134e+03  
2.971296e-01 2.698271e+02 5.508088e+02 8.036702e+02 1.356393e+03  
3.012714e-01 2.635747e+02 5.394234e+02 7.882055e+02 1.332911e+03  
3.054710e-01 2.578887e+02 5.290310e+02 7.740910e+02 1.311548e+03  
3.097291e-01 2.526707e+02 5.194579e+02 7.610880e+02 1.291920e+03  
3.140465e-01 2.477921e+02 5.104790e+02 7.488878e+02 1.273531e+03  
3.184242e-01 2.431057e+02 5.018372e+02 7.371382e+02 1.255814e+03  
3.228628e-01 2.384593e+02 4.932673e+02 7.254757e+02 1.238186e+03  
3.273634e-01 2.337242e+02 4.845462e+02 7.135950e+02 1.220158e+03  
3.319266e-01 2.288171e+02 4.755299e+02 7.012993e+02 1.201414e+03  
3.365535e-01 2.237163e+02 4.661816e+02 6.885390e+02 1.181879e+03  
3.412449e-01 2.184667e+02 4.565805e+02 6.754235e+02 1.161732e+03  
3.460016e-01 2.131566e+02 4.468806e+02 6.621644e+02 1.141315e+03  
3.508247e-01 2.078929e+02 4.372669e+02 6.490157e+02 1.121040e+03  
3.557150e-01 2.027850e+02 4.279287e+02 6.362361e+02 1.101320e+03  
3.606735e-01 1.979225e+02 4.190198e+02 6.240355e+02 1.082492e+03  
3.657011e-01 1.933620e+02 4.106369e+02 6.125452e+02 1.064761e+03  
3.707988e-01 1.891086e+02 4.027870e+02 6.017740e+02 1.048141e+03  
3.759675e-01 1.851227e+02 3.954011e+02 5.916271e+02 1.032478e+03  
3.812083e-01 1.813405e+02 3.883681e+02 5.819528e+02 1.017531e+03  
3.865221e-01 1.776808e+02 3.815482e+02 5.725605e+02 1.002996e+03  
3.919100e-01 1.740653e+02 3.748070e+02 5.632676e+02 9.885853e+02  
3.973730e-01 1.704290e+02 3.680333e+02 5.539230e+02 9.740614e+02  
4.029122e-01 1.667429e+02 3.611780e+02 5.444610e+02 9.593232e+02  
4.085286e-01 1.630225e+02 3.542683e+02 5.349191e+02 9.444329e+02  
4.142232e-01 1.593171e+02 3.473888e+02 5.254130e+02 9.295752e+02  
4.199973e-01 1.556781e+02 3.406271e+02 5.160615e+02 9.149386e+02  
4.258518e-01 1.521511e+02 3.340607e+02 5.069699e+02 9.006883e+02  
4.317880e-01 1.487759e+02 3.277565e+02 4.982283e+02 8.869649e+02  
4.378069e-01 1.455685e+02 3.217411e+02 4.898721e+02 8.738218e+02  
4.439097e-01 1.425146e+02 3.159895e+02 4.818670e+02 8.612042e+02  
4.500975e-01 1.395726e+02 3.104305e+02 4.741167e+02 8.489614e+02  
4.563716e-01 1.367032e+02 3.049972e+02 4.665310e+02 8.369534e+02  
4.627332e-01 1.338768e+02 2.996399e+02 4.590432e+02 8.250777e+02  
4.691835e-01 1.310699e+02 2.943191e+02 4.516003e+02 8.132541e+02  
4.757236e-01 1.282733e+02 2.890193e+02 4.441823e+02 8.014533e+02  
4.823549e-01 1.255102e+02 2.837801e+02 4.368423e+02 7.897586e+02  
4.890787e-01 1.228092e+02 2.786488e+02 4.296443e+02 7.782686e+02  
4.958962e-01 1.201858e+02 2.736518e+02 4.226232e+02 7.670365e+02  
5.028087e-01 1.176538e+02 2.688113e+02 4.158086e+02 7.561066e+02  
5.098176e-01 1.152175e+02 2.641341e+02 4.092091e+02 7.454911e+02  
5.169242e-01 1.128611e+02 2.595935e+02 4.027892e+02 7.351355e+02  
5.241298e-01 1.105621e+02 2.551519e+02 3.964984e+02 7.249636e+02  
5.314359e-01 1.083097e+02 2.507912e+02 3.903130e+02 7.149401e+02  
5.388438e-01 1.060919e+02 2.464915e+02 3.842067e+02 7.050263e+02  
5.463550e-01 1.039057e+02 2.422480e+02 3.781734e+02 6.952139e+02  
5.539709e-01 1.017639e+02 2.380818e+02 3.722410e+02 6.855449e+02  
5.616930e-01 9.967517e+01 2.340069e+02 3.664281e+02 6.760466e+02  
5.695227e-01 9.764411e+01 2.300307e+02 3.607441e+02 6.667329e+02  
5.774615e-01 9.567325e+01 2.261570e+02 3.551942e+02 6.576105e+02  
5.855110e-01 9.375923e+01 2.223800e+02 3.497703e+02 6.486675e+02  
5.936727e-01 9.189031e+01 2.186805e+02 3.444473e+02 6.398669e+02  
6.019482e-01 9.006002e+01 2.150477e+02 3.392113e+02 6.311888e+02  
6.103390e-01 8.826832e+01 2.114817e+02 3.340620e+02 6.226331e+02  
6.188468e-01 8.650985e+01 2.079736e+02 3.289884e+02 6.141838e+02  
6.274732e-01 8.479226e+01 2.045357e+02 3.240062e+02 6.058637e+02  
6.362198e-01 8.311821e+01 2.011721e+02 3.191205e+02 5.976798e+02  
6.450884e-01 8.148561e+01 1.978792e+02 3.143269e+02 5.896253e+02  
6.540806e-01 7.989573e+01 1.946589e+02 3.096275e+02 5.817029e+02  
6.631981e-01 7.834336e+01 1.915027e+02 3.050113e+02 5.738972e+02  
6.724427e-01 7.682379e+01 1.884030e+02 3.004687e+02 5.661945e+02  
6.818162e-01 7.533659e+01 1.853591e+02 2.959986e+02 5.585936e+02  
6.913204e-01 7.388259e+01 1.823722e+02 2.916025e+02 5.510962e+02  
7.009570e-01 7.246256e+01 1.794432e+02 2.872817e+02 5.437040e+02  
7.107280e-01 7.107622e+01 1.765717e+02 2.830354e+02 5.364155e+02  
7.206351e-01 6.972221e+01 1.737554e+02 2.788606e+02 5.292266e+02  
7.306804e-01 6.839897e+01 1.709916e+02 2.747540e+02 5.221326e+02  
7.408657e-01 6.710492e+01 1.682779e+02 2.707125e+02 5.151291e+02  
7.511929e-01 6.583940e+01 1.656131e+02 2.667344e+02 5.082139e+02  
7.616642e-01 6.460203e+01 1.629965e+02 2.628188e+02 5.013856e+02  
7.722814e-01 6.339229e+01 1.604271e+02 2.589647e+02 4.946424e+02  
7.830465e-01 6.220959e+01 1.579041e+02 2.551705e+02 4.879824e+02  
7.939618e-01 6.105324e+01 1.554260e+02 2.514348e+02 4.814034e+02  
8.050292e-01 5.992243e+01 1.529918e+02 2.477559e+02 4.749030e+02  
8.162509e-01 5.881626e+01 1.505997e+02 2.441319e+02 4.684787e+02  
8.276289e-01 5.773408e+01 1.482489e+02 2.405614e+02 4.621286e+02  
8.391656e-01 5.667537e+01 1.459383e+02 2.370433e+02 4.558510e+02  
8.508632e-01 5.563950e+01 1.436670e+02 2.335762e+02 4.496441e+02  
8.627237e-01 5.462585e+01 1.414339e+02 2.301589e+02 4.435061e+02  
8.747496e-01 5.363389e+01 1.392381e+02 2.267902e+02 4.374356e+02  
8.869432e-01 5.266310e+01 1.370788e+02 2.234690e+02 4.314309e+02  
8.993067e-01 5.171283e+01 1.349549e+02 2.201941e+02 4.254904e+02  
9.118425e-01 5.078255e+01 1.328655e+02 2.169642e+02 4.196126e+02  
9.245531e-01 4.987181e+01 1.308099e+02 2.137785e+02 4.137962e+02  
9.374409e-01 4.898008e+01 1.287872e+02 2.106359e+02 4.080400e+02  
9.505083e-01 4.810682e+01 1.267965e+02 2.075353e+02 4.023424e+02  
9.637579e-01 4.725158e+01 1.248371e+02 2.044759e+02 3.967023e+02  
9.771921e-01 4.641392e+01 1.229084e+02 2.014567e+02 3.911186e+02  
9.908137e-01 4.559335e+01 1.210095e+02 1.984768e+02 3.855902e+02  
1.004625e+00 4.478938e+01 1.191396e+02 1.955352e+02 3.801158e+02  
1.018629e+00 4.400164e+01 1.172981e+02 1.926312e+02 3.746946e+02  
1.032828e+00 4.322972e+01 1.154844e+02 1.897641e+02 3.693256e+02  
1.047225e+00 4.247315e+01 1.136978e+02 1.869330e+02 3.640078e+02  
1.061823e+00 4.173155e+01 1.119376e+02 1.841371e+02 3.587405e+02  
1.076624e+00 4.100458e+01 1.102033e+02 1.813757e+02 3.535227e+02  
1.091632e+00 4.029185e+01 1.084944e+02 1.786483e+02 3.483539e+02  
1.106848e+00 3.959295e+01 1.068101e+02 1.759541e+02 3.432331e+02  
1.122277e+00 3.890760e+01 1.051500e+02 1.732925e+02 3.381598e+02  
1.137921e+00 3.823546e+01 1.035137e+02 1.706629e+02 3.331333e+02  
1.153783e+00 3.757618e+01 1.019005e+02 1.680648e+02 3.281531e+02  
1.169866e+00 3.692944e+01 1.003100e+02 1.654975e+02 3.232186e+02  
1.186174e+00 3.629495e+01 9.874178e+01 1.629605e+02 3.183292e+02  
1.202708e+00 3.567238e+01 9.719529e+01 1.604534e+02 3.134846e+02  
1.219473e+00 3.506141e+01 9.567007e+01 1.579756e+02 3.086842e+02  
1.236472e+00 3.446174e+01 9.416569e+01 1.555266e+02 3.039276e+02  
1.253708e+00 3.387312e+01 9.268178e+01 1.531059e+02 2.992145e+02  
1.271184e+00 3.329525e+01 9.121789e+01 1.507132e+02 2.945445e+02  
1.288904e+00 3.272784e+01 8.977362e+01 1.483480e+02 2.899173e+02  
1.306870e+00 3.217068e+01 8.834864e+01 1.460099e+02 2.853326e+02  
1.325087e+00 3.162353e+01 8.694263e+01 1.436986e+02 2.807902e+02  
1.343558e+00 3.108615e+01 8.555522e+01 1.414136e+02 2.762900e+02  
1.362287e+00 3.055830e+01 8.418608e+01 1.391548e+02 2.718316e+02  
1.381276e+00 3.003978e+01 8.283492e+01 1.369217e+02 2.674149e+02  
1.400531e+00 2.953037e+01 8.150142e+01 1.347140e+02 2.630399e+02  
1.420053e+00 2.902980e+01 8.018526e+01 1.325314e+02 2.587063e+02  
1.439848e+00 2.853790e+01 7.888615e+01 1.303736e+02 2.544141e+02  
1.459919e+00 2.805448e+01 7.760385e+01 1.282403e+02 2.501632e+02  
1.480269e+00 2.757931e+01 7.633806e+01 1.261314e+02 2.459535e+02  
1.500903e+00 2.711221e+01 7.508851e+01 1.240464e+02 2.417850e+02  
1.521825e+00 2.665300e+01 7.385499e+01 1.219853e+02 2.376578e+02  
1.543038e+00 2.620151e+01 7.263725e+01 1.199477e+02 2.335717e+02  
1.564548e+00 2.575756e+01 7.143506e+01 1.179335e+02 2.295268e+02  
1.586357e+00 2.532097e+01 7.024819e+01 1.159424e+02 2.255231e+02  
1.608469e+00 2.489160e+01 6.907644e+01 1.139743e+02 2.215607e+02  
1.630891e+00 2.446928e+01 6.791961e+01 1.120289e+02 2.176396e+02  
1.653624e+00 2.405385e+01 6.677748e+01 1.101061e+02 2.137599e+02  
1.676675e+00 2.364516e+01 6.564988e+01 1.082056e+02 2.099216e+02  
1.700047e+00 2.324309e+01 6.453663e+01 1.063275e+02 2.061249e+02  
1.723745e+00 2.284748e+01 6.343755e+01 1.044713e+02 2.023697e+02  
1.747773e+00 2.245820e+01 6.235246e+01 1.026372e+02 1.986563e+02  
1.772136e+00 2.207513e+01 6.128120e+01 1.008248e+02 1.949847e+02  
1.796838e+00 2.169814e+01 6.022363e+01 9.903404e+01 1.913550e+02  
1.821885e+00 2.132709e+01 5.917957e+01 9.726481e+01 1.877672e+02  
1.847281e+00 2.096188e+01 5.814888e+01 9.551696e+01 1.842216e+02  
1.873032e+00 2.060238e+01 5.713143e+01 9.379037e+01 1.807181e+02  
1.899141e+00 2.024848e+01 5.612706e+01 9.208492e+01 1.772570e+02  
1.925614e+00 1.990006e+01 5.513563e+01 9.040049e+01 1.738382e+02  
1.952456e+00 1.955703e+01 5.415704e+01 8.873698e+01 1.704619e+02  
1.979672e+00 1.921928e+01 5.319114e+01 8.709427e+01 1.671282e+02  
2.007267e+00 1.888671e+01 5.223781e+01 8.547226e+01 1.638371e+02  
2.035248e+00 1.855922e+01 5.130096e+01 8.387085e+01 1.605887e+02  
2.063618e+00 1.823673e+01 5.036839e+01 8.228995e+01 1.573831e+02  
2.092383e+00 1.791913e+01 4.945208e+01 8.072946e+01 1.542204e+02  
2.121550e+00 1.760635e+01 4.854389e+01 7.918927e+01 1.511005e+02  
2.151123e+00 1.729830e+01 4.765572e+01 7.766930e+01 1.480235e+02  
2.181109e+00 1.699490e+01 4.677545e+01 7.616947e+01 1.449894e+02  
2.211512e+00 1.669605e+01 4.590698e+01 7.468966e+01 1.419983e+02  
2.242340e+00 1.640169e+01 4.505021e+01 7.322981e+01 1.390501e+02  
2.273597e+00 1.611174e+01 4.420506e+01 7.178981e+01 1.361448e+02  
2.305289e+00 1.582612e+01 4.337141e+01 7.036959e+01 1.332824e+02  
2.337424e+00 1.554477e+01 4.254919e+01 6.896905e+01 1.304628e+02  
2.370006e+00 1.526762e+01 4.173830e+01 6.758811e+01 1.276860e+02  
2.403043e+00 1.499460e+01 4.093864e+01 6.622669e+01 1.249518e+02  
2.436540e+00 1.472565e+01 4.015014e+01 6.488469e+01 1.222602e+02  
2.470504e+00 1.446070e+01 3.937272e+01 6.356202e+01 1.196111e+02  
2.504942e+00 1.419969e+01 3.860626e+01 6.225859e+01 1.170043e+02  
2.539859e+00 1.394257e+01 3.785070e+01 6.097432e+01 1.144397e+02  
2.575263e+00 1.368926e+01 3.710594e+01 5.970911e+01 1.119171e+02  
2.611161e+00 1.343970e+01 3.637191e+01 5.846287e+01 1.094363e+02  
2.647559e+00 1.319386e+01 3.564852e+01 5.723550e+01 1.069972e+02  
2.684465e+00 1.295168e+01 3.493569e+01 5.602691e+01 1.045995e+02  
2.721885e+00 1.271310e+01 3.423335e+01 5.483700e+01 1.022430e+02  
2.759826e+00 1.247808e+01 3.354141e+01 5.366566e+01 9.992740e+01  
2.798297e+00 1.224651e+01 3.285980e+01 5.251280e+01 9.765249e+01  
2.837304e+00 1.201850e+01 3.218844e+01 5.137832e+01 9.541798e+01  
2.876854e+00 1.179385e+01 3.152724e+01 5.026209e+01 9.322358e+01  
2.916956e+00 1.157257e+01 3.087613e+01 4.916401e+01 9.106897e+01  
2.957617e+00 1.135461e+01 3.023503e+01 4.808396e+01 8.895383e+01  
2.998844e+00 1.113992e+01 2.960386e+01 4.702184e+01 8.687783e+01  
3.040646e+00 1.092847e+01 2.898255e+01 4.597752e+01 8.484062e+01  
3.083031e+00 1.072021e+01 2.837102e+01 4.495090e+01 8.284184e+01  
3.126007e+00 1.051510e+01 2.776919e+01 4.394181e+01 8.088113e+01  
3.169582e+00 1.031311e+01 2.717698e+01 4.295014e+01 7.895809e+01  
3.213764e+00 1.011419e+01 2.659432e+01 4.197577e+01 7.707235e+01  
3.258562e+00 9.918312e+00 2.602113e+01 4.101855e+01 7.522349e+01  
3.303985e+00 9.725430e+00 2.545733e+01 4.007835e+01 7.341111e+01  
3.350041e+00 9.535511e+00 2.490283e+01 3.915502e+01 7.163479e+01  
3.396739e+00 9.348521e+00 2.435758e+01 3.824842e+01 6.989410e+01  
3.444087e+00 9.164423e+00 2.382148e+01 3.735840e+01 6.818862e+01  
3.492096e+00 8.983183e+00 2.329445e+01 3.648480e+01 6.651791e+01  
3.540774e+00 8.804768e+00 2.277642e+01 3.562748e+01 6.488151e+01  
3.590130e+00 8.629145e+00 2.226731e+01 3.478627e+01 6.327900e+01  
3.640175e+00 8.456281e+00 2.176703e+01 3.396102e+01 6.170991e+01  
3.690917e+00 8.286143e+00 2.127550e+01 3.315155e+01 6.017378e+01  
3.742366e+00 8.118701e+00 2.079265e+01 3.235771e+01 5.867015e+01  
3.794533e+00 7.953924e+00 2.031839e+01 3.157932e+01 5.719858e+01  
3.847427e+00 7.791780e+00 1.985264e+01 3.081620e+01 5.575858e+01  
3.901058e+00 7.632238e+00 1.939531e+01 3.006820e+01 5.434969e+01  
3.955436e+00 7.475270e+00 1.894632e+01 2.933512e+01 5.297144e+01  
4.010573e+00 7.320846e+00 1.850559e+01 2.861679e+01 5.162337e+01  
4.066478e+00 7.168937e+00 1.807303e+01 2.791303e+01 5.030501e+01  
4.123163e+00 7.019514e+00 1.764856e+01 2.722366e+01 4.901588e+01  
4.180637e+00 6.872550e+00 1.723208e+01 2.654848e+01 4.775552e+01  
4.238913e+00 6.728015e+00 1.682352e+01 2.588733e+01 4.652346e+01  
4.298001e+00 6.585881e+00 1.642278e+01 2.523999e+01 4.531923e+01  
4.357913e+00 6.446122e+00 1.602978e+01 2.460630e+01 4.414236e+01  
4.418660e+00 6.308711e+00 1.564442e+01 2.398605e+01 4.299239e+01  
4.480254e+00 6.173619e+00 1.526663e+01 2.337906e+01 4.186886e+01  
4.542706e+00 6.040821e+00 1.489630e+01 2.278514e+01 4.077130e+01  
4.606029e+00 5.910290e+00 1.453334e+01 2.220409e+01 3.969926e+01  
4.670234e+00 5.781999e+00 1.417768e+01 2.163572e+01 3.865228e+01  
4.735335e+00 5.655923e+00 1.382920e+01 2.107984e+01 3.762989e+01  
4.801343e+00 5.532034e+00 1.348783e+01 2.053625e+01 3.663166e+01  
4.868271e+00 5.410309e+00 1.315347e+01 2.000476e+01 3.565714e+01  
4.936132e+00 5.290721e+00 1.282602e+01 1.948519e+01 3.470588e+01  
5.004939e+00 5.173245e+00 1.250540e+01 1.897732e+01 3.377743e+01  
5.074705e+00 5.057856e+00 1.219151e+01 1.848098e+01 3.287137e+01  
5.145444e+00 4.944529e+00 1.188425e+01 1.799596e+01 3.198725e+01  
5.217169e+00 4.833239e+00 1.158353e+01 1.752208e+01 3.112465e+01  
5.289893e+00 4.723962e+00 1.128926e+01 1.705915e+01 3.028315e+01  
5.363631e+00 4.616672e+00 1.100133e+01 1.660698e+01 2.946231e+01  
5.438397e+00 4.511345e+00 1.071967e+01 1.616538e+01 2.866174e+01  
5.514206e+00 4.407666e+00 1.044417e+01 1.573415e+01 2.788100e+01  
5.591071e+00 4.306487e+00 1.017473e+01 1.531311e+01 2.711969e+01  
5.669007e+00 4.206906e+00 9.911273e+00 1.490208e+01 2.637742e+01  
5.748030e+00 4.109193e+00 9.653689e+00 1.450086e+01 2.565378e+01  
5.828155e+00 4.013324e+00 9.401889e+00 1.410928e+01 2.494838e+01  
5.909396e+00 3.919275e+00 9.155779e+00 1.372715e+01 2.426084e+01  
5.991770e+00 3.827022e+00 8.915263e+00 1.335430e+01 2.359075e+01  
6.075292e+00 3.736544e+00 8.680249e+00 1.299054e+01 2.293775e+01  
6.159978e+00 3.647815e+00 8.450654e+00 1.263569e+01 2.230149e+01  
6.245845e+00 3.560815e+00 8.226352e+00 1.228958e+01 2.168158e+01  
6.332908e+00 3.475517e+00 8.007272e+00 1.195204e+01 2.107766e+01  
6.421186e+00 3.391902e+00 7.793345e+00 1.162289e+01 2.048937e+01  
6.510694e+00 3.309945e+00 7.584444e+00 1.130196e+01 1.991636e+01  
6.601449e+00 3.229625e+00 7.380491e+00 1.098908e+01 1.935828e+01  
6.693470e+00 3.150919e+00 7.181395e+00 1.068408e+01 1.881481e+01  
6.786773e+00 3.073804e+00 6.987066e+00 1.038681e+01 1.828559e+01  
6.881377e+00 2.998258e+00 6.797414e+00 1.009710e+01 1.777031e+01  
6.977300e+00 2.924259e+00 6.612351e+00 9.814779e+00 1.726864e+01  
7.074559e+00 2.851789e+00 6.431789e+00 9.539698e+00 1.678027e+01  
7.173175e+00 2.780814e+00 6.255641e+00 9.271699e+00 1.630487e+01  
7.273165e+00 2.711321e+00 6.083821e+00 9.010627e+00 1.584215e+01  
7.374549e+00 2.643291e+00 5.916243e+00 8.756329e+00 1.539180e+01  
7.477346e+00 2.576702e+00 5.752823e+00 8.508655e+00 1.495352e+01  
7.581576e+00 2.511527e+00 5.593476e+00 8.267458e+00 1.452703e+01  
7.687260e+00 2.447746e+00 5.438121e+00 8.032591e+00 1.411204e+01  
7.794416e+00 2.385339e+00 5.286675e+00 7.803911e+00 1.370827e+01  
7.903066e+00 2.324284e+00 5.139057e+00 7.581278e+00 1.331545e+01  
8.013230e+00 2.264561e+00 4.995187e+00 7.364551e+00 1.293332e+01  
8.124930e+00 2.206148e+00 4.854986e+00 7.153595e+00 1.256160e+01  
8.238187e+00 2.149025e+00 4.718376e+00 6.948275e+00 1.220004e+01  
8.353023e+00 2.093171e+00 4.585280e+00 6.748459e+00 1.184838e+01  
8.469460e+00 2.038565e+00 4.455621e+00 6.554016e+00 1.150638e+01  
8.587519e+00 1.985186e+00 4.329326e+00 6.364821e+00 1.117379e+01  
8.707225e+00 1.933015e+00 4.206319e+00 6.180746e+00 1.085037e+01  
8.828599e+00 1.882031e+00 4.086529e+00 6.001528e+00 1.053589e+01  
8.951665e+00 1.831922e+00 3.969883e+00 5.827470e+00 1.023014e+01  
9.076446e+00 1.783543e+00 3.856310e+00 5.658029e+00 9.932871e+00  
9.202967e+00 1.736000e+00 3.745742e+00 5.493231e+00 9.643882e+00  
9.331251e+00 1.689542e+00 3.638109e+00 5.332962e+00 9.362954e+00  
9.461324e+00 1.644214e+00 3.533343e+00 5.177109e+00 9.089880e+00  
9.593209e+00 1.599933e+00 3.431379e+00 5.025562e+00 8.824456e+00  
9.726934e+00 1.556701e+00 3.332152e+00 4.878215e+00 8.566485e+00  
9.862522e+00 1.514498e+00 3.235597e+00 4.734962e+00 8.315772e+00  
1.000000e+01 1.473305e+00 3.141650e+00 4.595699e+00 8.072125e+00  
