1.000000e-02 6.711557e+03 1.243617e+04 1.695422e+04 2.549623e+04  
1.013939e-02 6.746177e+03 1.250003e+04 1.704099e+04 2.562599e+04  
1.028073e-02 6.780161e+03 1.256270e+04 1.712613e+04 2.575330e+04  
1.042404e-02 6.813487e+03 1.262415e+04 1.720960e+04 2.587807e+04  
1.056935e-02 6.846134e+03 1.268433e+04 1.729132e+04 2.600021e+04  
1.071668e-02 6.878079e+03 1.274320e+04 1.737126e+04 2.611964e+04  
1.086606e-02 6.909297e+03 1.280072e+04 1.744935e+04 2.623627e+04  
1.101753e-02 6.939760e+03 1.285683e+04 1.752551e+04 2.634998e+04  
1.117111e-02 6.969439e+03 1.291148e+04 1.759967e+04 2.646068e+04  
1.132683e-02 6.998307e+03 1.296461e+04 1.767176e+04 2.656825e+04  
1.148472e-02 7.026333e+03 1.301619e+04 1.774171e+04 2.667258e+04  
1.164481e-02 7.053490e+03 1.306614e+04 1.780944e+04 2.677356e+04  
1.180713e-02 7.079747e+03 1.311441e+04 1.787489e+04 2.687109e+04  
1.197171e-02 7.105078e+03 1.316097e+04 1.793797e+04 2.696505e+04  
1.213859e-02 7.129458e+03 1.320575e+04 1.799864e+04 2.705536e+04  
1.230780e-02 7.152861e+03 1.324872e+04 1.805682e+04 2.714191e+04  
1.247936e-02 7.175263e+03 1.328982e+04 1.811245e+04 2.722463e+04  
1.265332e-02 7.196639e+03 1.332901e+04 1.816547e+04 2.730340e+04  
1.282970e-02 7.216966e+03 1.336625e+04 1.821583e+04 2.737815e+04  
1.300854e-02 7.236222e+03 1.340150e+04 1.826346e+04 2.744879e+04  
1.318987e-02 7.254379e+03 1.343471e+04 1.830830e+04 2.751522e+04  
1.337373e-02 7.271407e+03 1.346581e+04 1.835027e+04 2.757732e+04  
1.356015e-02 7.287277e+03 1.349477e+04 1.838930e+04 2.763499e+04  
1.374917e-02 7.301958e+03 1.352151e+04 1.842530e+04 2.768810e+04  
1.394083e-02 7.315419e+03 1.354598e+04 1.845821e+04 2.773654e+04  
1.413516e-02 7.327632e+03 1.356814e+04 1.848796e+04 2.778021e+04  
1.433219e-02 7.338567e+03 1.358792e+04 1.851445e+04 2.781899e+04  
1.453198e-02 7.348196e+03 1.360527e+04 1.853764e+04 2.785278e+04  
1.473454e-02 7.356491e+03 1.362015e+04 1.855743e+04 2.788147e+04  
1.493993e-02 7.363426e+03 1.363250e+04 1.857378e+04 2.790496e+04  
1.514819e-02 7.368975e+03 1.364227e+04 1.858662e+04 2.792316e+04  
1.535935e-02 7.373113e+03 1.364943e+04 1.859588e+04 2.793598e+04  
1.557345e-02 7.375818e+03 1.365392e+04 1.860150e+04 2.794333e+04  
1.579053e-02 7.377065e+03 1.365570e+04 1.860343e+04 2.794511e+04  
1.601064e-02 7.376833e+03 1.365474e+04 1.860161e+04 2.794126e+04  
1.623382e-02 7.375096e+03 1.365099e+04 1.859598e+04 2.793167e+04  
1.646012e-02 7.371828e+03 1.364440e+04 1.858648e+04 2.791625e+04  
1.668956e-02 7.367004e+03 1.363492e+04 1.857304e+04 2.789491e+04  
1.692220e-02 7.360603e+03 1.362251e+04 1.855560e+04 2.786755e+04  
1.715809e-02 7.352601e+03 1.360713e+04 1.853411e+04 2.783411e+04  
1.739726e-02 7.342979e+03 1.358875e+04 1.850852e+04 2.779451e+04  
1.763977e-02 7.331717e+03 1.356733e+04 1.847879e+04 2.774867e+04  
1.788566e-02 7.318796e+03 1.354283e+04 1.844486e+04 2.769653e+04  
1.813498e-02 7.304199e+03 1.351522e+04 1.840670e+04 2.763801e+04  
1.838777e-02 7.287908e+03 1.348448e+04 1.836425e+04 2.757307e+04  
1.864409e-02 7.269909e+03 1.345057e+04 1.831749e+04 2.750165e+04  
1.890397e-02 7.250191e+03 1.341347e+04 1.826639e+04 2.742370e+04  
1.916748e-02 7.228743e+03 1.337317e+04 1.821092e+04 2.733919e+04  
1.943467e-02 7.205559e+03 1.332965e+04 1.815107e+04 2.724810e+04  
1.970558e-02 7.180630e+03 1.328291e+04 1.808681e+04 2.715040e+04  
1.998026e-02 7.153947e+03 1.323291e+04 1.801814e+04 2.704606e+04  
2.025878e-02 7.125505e+03 1.317966e+04 1.794502e+04 2.693507e+04  
2.054117e-02 7.095303e+03 1.312316e+04 1.786747e+04 2.681741e+04  
2.082751e-02 7.063341e+03 1.306339e+04 1.778549e+04 2.669310e+04  
2.111783e-02 7.029622e+03 1.300038e+04 1.769908e+04 2.656215e+04  
2.141220e-02 6.994156e+03 1.293414e+04 1.760827e+04 2.642460e+04  
2.171068e-02 6.956947e+03 1.286467e+04 1.751308e+04 2.628048e+04  
2.201331e-02 6.918001e+03 1.279200e+04 1.741351e+04 2.612980e+04  
2.232016e-02 6.877327e+03 1.271613e+04 1.730960e+04 2.597260e+04  
2.263130e-02 6.834938e+03 1.263709e+04 1.720138e+04 2.580894e+04  
2.294676e-02 6.790852e+03 1.255492e+04 1.708889e+04 2.563889e+04  
2.326663e-02 6.745089e+03 1.246965e+04 1.697219e+04 2.546253e+04  
2.359095e-02 6.697675e+03 1.238134e+04 1.685136e+04 2.527997e+04  
2.391980e-02 6.648638e+03 1.229003e+04 1.672644e+04 2.509130e+04  
2.425323e-02 6.598000e+03 1.219577e+04 1.659752e+04 2.489662e+04  
2.459130e-02 6.545790e+03 1.209861e+04 1.646465e+04 2.469605e+04  
2.493409e-02 6.492043e+03 1.199862e+04 1.632794e+04 2.448972e+04  
2.528166e-02 6.436798e+03 1.189587e+04 1.618748e+04 2.427777e+04  
2.563407e-02 6.380099e+03 1.179044e+04 1.604338e+04 2.406039e+04  
2.599140e-02 6.321998e+03 1.168243e+04 1.589578e+04 2.383776e+04  
2.635371e-02 6.262544e+03 1.157194e+04 1.574480e+04 2.361009e+04  
2.672106e-02 6.201783e+03 1.145904e+04 1.559056e+04 2.337755e+04  
2.709354e-02 6.139764e+03 1.134383e+04 1.543319e+04 2.314032e+04  
2.747121e-02 6.076542e+03 1.122642e+04 1.527282e+04 2.289862e+04  
2.785414e-02 6.012178e+03 1.110691e+04 1.510962e+04 2.265268e+04  
2.824241e-02 5.946740e+03 1.098543e+04 1.494375e+04 2.240277e+04  
2.863610e-02 5.880303e+03 1.086212e+04 1.477540e+04 2.214916e+04  
2.903527e-02 5.812944e+03 1.073713e+04 1.460478e+04 2.189216e+04  
2.944000e-02 5.744727e+03 1.061057e+04 1.443203e+04 2.163201e+04  
2.985038e-02 5.675721e+03 1.048258e+04 1.425735e+04 2.136897e+04  
3.026648e-02 5.606001e+03 1.035328e+04 1.408091e+04 2.110332e+04  
3.068838e-02 5.535648e+03 1.022284e+04 1.390292e+04 2.083538e+04  
3.111616e-02 5.464751e+03 1.009141e+04 1.372361e+04 2.056549e+04  
3.154990e-02 5.393407e+03 9.959176e+03 1.354323e+04 2.029401e+04  
3.198969e-02 5.321714e+03 9.826322e+03 1.336201e+04 2.002131e+04  
3.243561e-02 5.249752e+03 9.692993e+03 1.318017e+04 1.974770e+04  
3.288774e-02 5.177601e+03 9.559337e+03 1.299790e+04 1.947348e+04  
3.334618e-02 5.105344e+03 9.425509e+03 1.281541e+04 1.919896e+04  
3.381101e-02 5.033073e+03 9.291679e+03 1.263294e+04 1.892451e+04  
3.428231e-02 4.960887e+03 9.158027e+03 1.245072e+04 1.865047e+04  
3.476019e-02 4.888889e+03 9.024746e+03 1.226903e+04 1.837726e+04  
3.524473e-02 4.817189e+03 8.892039e+03 1.208814e+04 1.810527e+04  
3.573602e-02 4.745878e+03 8.760071e+03 1.190828e+04 1.783486e+04  
3.623416e-02 4.675042e+03 8.629002e+03 1.172965e+04 1.756635e+04  
3.673925e-02 4.604771e+03 8.498998e+03 1.155250e+04 1.730007e+04  
3.725137e-02 4.535161e+03 8.370236e+03 1.137705e+04 1.703639e+04  
3.777064e-02 4.466315e+03 8.242904e+03 1.120356e+04 1.677570e+04  
3.829714e-02 4.398341e+03 8.117200e+03 1.103231e+04 1.651839e+04  
3.883098e-02 4.331348e+03 7.993328e+03 1.086356e+04 1.626488e+04  
3.937226e-02 4.265409e+03 7.871416e+03 1.069750e+04 1.601544e+04  
3.992109e-02 4.200566e+03 7.751544e+03 1.053423e+04 1.577023e+04  
4.047757e-02 4.136862e+03 7.633791e+03 1.037386e+04 1.552940e+04  
4.104181e-02 4.074340e+03 7.518234e+03 1.021650e+04 1.529312e+04  
4.161391e-02 4.013043e+03 7.404953e+03 1.006224e+04 1.506155e+04  
4.219398e-02 3.953015e+03 7.294025e+03 9.911203e+03 1.483485e+04  
4.278214e-02 3.894300e+03 7.185532e+03 9.763490e+03 1.461318e+04  
4.337850e-02 3.836960e+03 7.079587e+03 9.619259e+03 1.439677e+04  
4.398317e-02 3.781080e+03 6.976344e+03 9.478716e+03 1.418594e+04  
4.459628e-02 3.726747e+03 6.875964e+03 9.342080e+03 1.398102e+04  
4.521792e-02 3.674055e+03 6.778612e+03 9.209576e+03 1.378234e+04  
4.584824e-02 3.623097e+03 6.684462e+03 9.081437e+03 1.359026e+04  
4.648734e-02 3.573971e+03 6.593692e+03 8.957904e+03 1.340514e+04  
4.713535e-02 3.526774e+03 6.506476e+03 8.839213e+03 1.322733e+04  
4.779239e-02 3.481511e+03 6.422820e+03 8.725373e+03 1.305685e+04  
4.845859e-02 3.438111e+03 6.342595e+03 8.616207e+03 1.289344e+04  
4.913407e-02 3.396494e+03 6.265649e+03 8.511507e+03 1.273678e+04  
4.981898e-02 3.356564e+03 6.191808e+03 8.411038e+03 1.258653e+04  
5.051342e-02 3.318217e+03 6.120875e+03 8.314533e+03 1.244228e+04  
5.121755e-02 3.281333e+03 6.052633e+03 8.221695e+03 1.230359e+04  
5.193150e-02 3.245820e+03 5.986908e+03 8.132288e+03 1.217012e+04  
5.265540e-02 3.211634e+03 5.923621e+03 8.046205e+03 1.204169e+04  
5.338938e-02 3.178731e+03 5.862690e+03 7.963334e+03 1.191815e+04  
5.413360e-02 3.147061e+03 5.804019e+03 7.883544e+03 1.179930e+04  
5.488820e-02 3.116565e+03 5.747498e+03 7.806688e+03 1.168493e+04  
5.565331e-02 3.087174e+03 5.693003e+03 7.732595e+03 1.157477e+04  
5.642908e-02 3.058785e+03 5.640342e+03 7.661005e+03 1.146844e+04  
5.721568e-02 3.031259e+03 5.589261e+03 7.591575e+03 1.136543e+04  
5.801323e-02 3.004444e+03 5.539479e+03 7.523921e+03 1.126517e+04  
5.882190e-02 2.978169e+03 5.490686e+03 7.457627e+03 1.116702e+04  
5.964185e-02 2.952251e+03 5.442545e+03 7.392234e+03 1.107031e+04  
6.047322e-02 2.926514e+03 5.394738e+03 7.327309e+03 1.097437e+04  
6.131619e-02 2.900827e+03 5.347024e+03 7.262531e+03 1.087873e+04  
6.217090e-02 2.875057e+03 5.299161e+03 7.197568e+03 1.078289e+04  
6.303753e-02 2.849057e+03 5.250883e+03 7.132062e+03 1.068631e+04  
6.391624e-02 2.822670e+03 5.201905e+03 7.065627e+03 1.058840e+04  
6.480720e-02 2.795738e+03 5.151940e+03 6.997873e+03 1.048859e+04  
6.571058e-02 2.768118e+03 5.100732e+03 6.928455e+03 1.038633e+04  
6.662655e-02 2.739662e+03 5.048010e+03 6.857006e+03 1.028108e+04  
6.755528e-02 2.710207e+03 4.993484e+03 6.783133e+03 1.017223e+04  
6.849697e-02 2.679584e+03 4.936848e+03 6.706423e+03 1.005916e+04  
6.945178e-02 2.647663e+03 4.877869e+03 6.626559e+03 9.941388e+03  
7.041990e-02 2.614350e+03 4.816381e+03 6.543319e+03 9.818561e+03  
7.140151e-02 2.579551e+03 4.752216e+03 6.456472e+03 9.690325e+03  
7.239681e-02 2.543163e+03 4.685191e+03 6.365773e+03 9.556299e+03  
7.340598e-02 2.505109e+03 4.615172e+03 6.271040e+03 9.416198e+03  
7.442922e-02 2.465383e+03 4.542153e+03 6.172264e+03 9.269998e+03  
7.546673e-02 2.423995e+03 4.466154e+03 6.069472e+03 9.117730e+03  
7.651869e-02 2.380956e+03 4.387200e+03 5.962700e+03 8.959436e+03  
7.758532e-02 2.336301e+03 4.305358e+03 5.852037e+03 8.795244e+03  
7.866682e-02 2.290136e+03 4.220828e+03 5.737753e+03 8.625551e+03  
7.976339e-02 2.242598e+03 4.133854e+03 5.620181e+03 8.450855e+03  
8.087525e-02 2.193832e+03 4.044708e+03 5.499688e+03 8.271704e+03  
8.200261e-02 2.144008e+03 3.953697e+03 5.376689e+03 8.088723e+03  
8.314568e-02 2.093327e+03 3.861188e+03 5.251682e+03 7.902661e+03  
8.430468e-02 2.042012e+03 3.767584e+03 5.125213e+03 7.714344e+03  
8.547985e-02 1.990304e+03 3.673324e+03 4.997876e+03 7.524668e+03  
8.667139e-02 1.938455e+03 3.578862e+03 4.870285e+03 7.334569e+03  
8.787954e-02 1.886724e+03 3.484668e+03 4.743075e+03 7.145006e+03  
8.910453e-02 1.835391e+03 3.391244e+03 4.616928e+03 6.957018e+03  
9.034660e-02 1.784747e+03 3.299115e+03 4.492553e+03 6.771679e+03  
9.160598e-02 1.735045e+03 3.208737e+03 4.370567e+03 6.589931e+03  
9.288292e-02 1.686540e+03 3.120566e+03 4.251584e+03 6.412705e+03  
9.417766e-02 1.639501e+03 3.035085e+03 4.136260e+03 6.241002e+03  
9.549045e-02 1.594210e+03 2.952798e+03 4.025273e+03 6.075852e+03  
9.682153e-02 1.550876e+03 2.874078e+03 3.919128e+03 5.918024e+03  
9.817117e-02 1.509673e+03 2.799237e+03 3.818244e+03 5.768158e+03  
9.953962e-02 1.470787e+03 2.728601e+03 3.723062e+03 5.626926e+03  
1.009272e-01 1.434396e+03 2.662487e+03 3.634007e+03 5.494978e+03  
1.023340e-01 1.400570e+03 2.601014e+03 3.551240e+03 5.372561e+03  
1.037605e-01 1.369326e+03 2.544211e+03 3.474797e+03 5.259735e+03  
1.052069e-01 1.340679e+03 2.492096e+03 3.404703e+03 5.156543e+03  
1.066734e-01 1.314610e+03 2.444630e+03 3.340901e+03 5.062909e+03  
1.081604e-01 1.291004e+03 2.401599e+03 3.283103e+03 4.978401e+03  
1.096681e-01 1.269712e+03 2.362733e+03 3.230943e+03 4.902471e+03  
1.111968e-01 1.250567e+03 2.327727e+03 3.184009e+03 4.834502e+03  
1.127468e-01 1.233357e+03 2.296195e+03 3.141778e+03 4.773710e+03  
1.143184e-01 1.217822e+03 2.267669e+03 3.103617e+03 4.719139e+03  
1.159120e-01 1.203677e+03 2.241633e+03 3.068831e+03 4.669739e+03  
1.175277e-01 1.190614e+03 2.217536e+03 3.036675e+03 4.624378e+03  
1.191660e-01 1.178315e+03 2.194803e+03 3.006371e+03 4.581875e+03  
1.208271e-01 1.166431e+03 2.172814e+03 2.977083e+03 4.540951e+03  
1.225114e-01 1.154599e+03 2.150921e+03 2.947931e+03 4.500256e+03  
1.242191e-01 1.142484e+03 2.128525e+03 2.918106e+03 4.458544e+03  
1.259506e-01 1.129742e+03 2.105015e+03 2.886781e+03 4.414535e+03  
1.277063e-01 1.116022e+03 2.079771e+03 2.853113e+03 4.366915e+03  
1.294865e-01 1.101085e+03 2.052369e+03 2.816525e+03 4.314781e+03  
1.312915e-01 1.084726e+03 2.022450e+03 2.776533e+03 4.257365e+03  
1.331216e-01 1.066757e+03 1.989685e+03 2.732683e+03 4.193945e+03  
1.349772e-01 1.047135e+03 1.954000e+03 2.684878e+03 4.124352e+03  
1.368587e-01 1.025875e+03 1.915429e+03 2.633158e+03 4.048629e+03  
1.387665e-01 1.003024e+03 1.874058e+03 2.577640e+03 3.966944e+03  
1.407008e-01 9.787390e+02 1.830172e+03 2.518710e+03 3.879882e+03  
1.426621e-01 9.532177e+02 1.784126e+03 2.456846e+03 3.788180e+03  
1.446507e-01 9.266988e+02 1.736345e+03 2.392628e+03 3.692730e+03  
1.466671e-01 8.994822e+02 1.687364e+03 2.326778e+03 3.594657e+03  
1.487115e-01 8.718979e+02 1.637769e+03 2.260094e+03 3.495197e+03  
1.507845e-01 8.443055e+02 1.588198e+03 2.193440e+03 3.395694e+03  
1.528864e-01 8.170948e+02 1.539339e+03 2.127750e+03 3.297603e+03  
1.550175e-01 7.906674e+02 1.491904e+03 2.063985e+03 3.202414e+03  
1.571784e-01 7.653972e+02 1.446549e+03 2.003036e+03 3.111510e+03  
1.593694e-01 7.416648e+02 1.403945e+03 1.945807e+03 3.026293e+03  
1.615909e-01 7.197393e+02 1.364562e+03 1.892934e+03 2.947744e+03  
1.638434e-01 6.998121e+02 1.328733e+03 1.844864e+03 2.876557e+03  
1.661273e-01 6.819941e+02 1.296648e+03 1.801852e+03 2.813129e+03  
1.684430e-01 6.662343e+02 1.268211e+03 1.763769e+03 2.757260e+03  
1.707910e-01 6.524351e+02 1.243245e+03 1.730372e+03 2.708583e+03  
1.731717e-01 6.403985e+02 1.221396e+03 1.701182e+03 2.666364e+03  
1.755856e-01 6.298812e+02 1.202230e+03 1.675616e+03 2.629709e+03  
1.780332e-01 6.206102e+02 1.185262e+03 1.653018e+03 2.597613e+03  
1.805149e-01 6.122838e+02 1.169961e+03 1.632669e+03 2.568969e+03  
1.830312e-01 6.045748e+02 1.155749e+03 1.613789e+03 2.542570e+03  
1.855825e-01 5.971292e+02 1.142003e+03 1.595536e+03 2.517111e+03  
1.881694e-01 5.895797e+02 1.128079e+03 1.577038e+03 2.491231e+03  
1.907924e-01 5.815486e+02 1.113316e+03 1.557398e+03 2.463524e+03  
1.934520e-01 5.727069e+02 1.097139e+03 1.535836e+03 2.432763e+03  
1.961486e-01 5.627984e+02 1.079104e+03 1.511748e+03 2.397986e+03  
1.988828e-01 5.516853e+02 1.058972e+03 1.484808e+03 2.358676e+03  
2.016551e-01 5.393783e+02 1.036767e+03 1.455025e+03 2.314872e+03  
2.044661e-01 5.259975e+02 1.012703e+03 1.422734e+03 2.267023e+03  
2.073162e-01 5.117718e+02 9.871822e+02 1.388460e+03 2.215987e+03  
2.102061e-01 4.969796e+02 9.606944e+02 1.352866e+03 2.162812e+03  
2.131362e-01 4.819383e+02 9.337951e+02 1.316709e+03 2.108683e+03  
2.161073e-01 4.669689e+02 9.070451e+02 1.280748e+03 2.054798e+03  
2.191197e-01 4.523964e+02 8.810100e+02 1.245750e+03 2.002360e+03  
2.221741e-01 4.385241e+02 8.562164e+02 1.212427e+03 1.952484e+03  
2.252711e-01 4.256221e+02 8.331319e+02 1.181411e+03 1.906154e+03  
2.284112e-01 4.138902e+02 8.120999e+02 1.153164e+03 1.864090e+03  
2.315951e-01 4.034337e+02 7.932992e+02 1.127925e+03 1.826664e+03  
2.348235e-01 3.942584e+02 7.767354e+02 1.105701e+03 1.793881e+03  
2.380968e-01 3.862531e+02 7.622110e+02 1.086223e+03 1.765326e+03  
2.414157e-01 3.792290e+02 7.493952e+02 1.069069e+03 1.740302e+03  
2.447809e-01 3.729291e+02 7.378398e+02 1.053585e+03 1.717869e+03  
2.481930e-01 3.670682e+02 7.270490e+02 1.039125e+03 1.696984e+03  
2.516527e-01 3.613460e+02 7.165028e+02 1.024987e+03 1.676550e+03  
2.551606e-01 3.554698e+02 7.056953e+02 1.010486e+03 1.655497e+03  
2.587174e-01 3.491962e+02 6.942073e+02 9.950562e+02 1.632935e+03  
2.623238e-01 3.423558e+02 6.817484e+02 9.783042e+02 1.608247e+03  
2.659804e-01 3.348931e+02 6.682254e+02 9.601045e+02 1.581237e+03  
2.696881e-01 3.268543e+02 6.537206e+02 9.405692e+02 1.552082e+03  
2.734474e-01 3.183741e+02 6.384689e+02 9.200172e+02 1.521285e+03  
2.772591e-01 3.096563e+02 6.228223e+02 8.989257e+02 1.489598e+03  
2.811239e-01 3.009235e+02 6.071650e+02 8.778146e+02 1.457840e+03  
2.850426e-01 2.924037e+02 5.918884e+02 8.572130e+02 1.426838e+03  
2.890160e-01 2.843142e+02 5.773643e+02 8.376216e+02 1.397375e+03  
2.930447e-01 2.768271e+02 5.638855e+02 8.194341e+02 1.370061e+03  
2.971296e-01 2.700379e+02 5.516130e+02 8.028657e+02 1.345227e+03  
3.012714e-01 2.639572e+02 5.405616e+02 7.879346e+02 1.322898e+03  
3.054710e-01 2.585076e+02 5.305961e+02 7.744575e+02 1.302786e+03  
3.097291e-01 2.535308e+02 5.214438e+02 7.620666e+02 1.284318e+03  
3.140465e-01 2.488441e+02 5.127915e+02 7.503401e+02 1.266839e+03  
3.184242e-01 2.442598e+02 5.043186e+02 7.388469e+02 1.249680e+03  
3.228628e-01 2.396113e+02 4.957415e+02 7.272056e+02 1.232250e+03  
3.273634e-01 2.347737e+02 4.868487e+02 7.151326e+02 1.214110e+03  
3.319266e-01 2.296751e+02 4.775193e+02 7.024662e+02 1.195013e+03  
3.365535e-01 2.243220e+02 4.677659e+02 6.892246e+02 1.174991e+03  
3.412449e-01 2.188014e+02 4.577380e+02 6.756099e+02 1.154361e+03  
3.460016e-01 2.132530e+02 4.476730e+02 6.619414e+02 1.133622e+03  
3.508247e-01 2.078238e+02 4.378196e+02 6.485536e+02 1.113291e+03  
3.557150e-01 2.026314e+02 4.283762e+02 6.357117e+02 1.093778e+03  
3.606735e-01 1.977548e+02 4.194747e+02 6.235915e+02 1.075351e+03  
3.657011e-01 1.932382e+02 4.111878e+02 6.122890e+02 1.058153e+03  
3.707988e-01 1.890753e+02 4.035031e+02 6.017866e+02 1.042156e+03  
3.759675e-01 1.851982e+02 3.963047e+02 5.919285e+02 1.027117e+03  
3.812083e-01 1.815011e+02 3.894138e+02 5.824753e+02 1.012669e+03  
3.865221e-01 1.778711e+02 3.826405e+02 5.731737e+02 9.984249e+02  
3.919100e-01 1.742244e+02 3.758447e+02 5.638371e+02 9.841016e+02  
3.973730e-01 1.705125e+02 3.689457e+02 5.543590e+02 9.695392e+02  
4.029122e-01 1.667244e+02 3.619261e+02 5.447168e+02 9.547065e+02  
4.085286e-01 1.628936e+02 3.548424e+02 5.349869e+02 9.397226e+02  
4.142232e-01 1.590910e+02 3.478134e+02 5.253275e+02 9.248297e+02  
4.199973e-01 1.553896e+02 3.409603e+02 5.158996e+02 9.102720e+02  
4.258518e-01 1.518438e+02 3.343727e+02 5.068219e+02 8.962278e+02  
4.317880e-01 1.484832e+02 3.280991e+02 4.981577e+02 8.827907e+02  
4.378069e-01 1.453114e+02 3.221441e+02 4.899124e+02 8.699664e+02  
4.439097e-01 1.422958e+02 3.164529e+02 4.820130e+02 8.576437e+02  
4.500975e-01 1.393797e+02 3.109311e+02 4.743343e+02 8.456345e+02  
4.563716e-01 1.365129e+02 3.054961e+02 4.667675e+02 8.337768e+02  
4.627332e-01 1.336623e+02 3.000931e+02 4.592408e+02 8.219650e+02  
4.691835e-01 1.308113e+02 2.946955e+02 4.517197e+02 8.101496e+02  
4.757236e-01 1.279678e+02 2.893164e+02 4.442218e+02 7.983585e+02  
4.823549e-01 1.251674e+02 2.840143e+02 4.368242e+02 7.867067e+02  
4.890787e-01 1.224433e+02 2.788431e+02 4.295976e+02 7.752984e+02  
4.958962e-01 1.198164e+02 2.738368e+02 4.225861e+02 7.641975e+02  
5.028087e-01 1.172931e+02 2.690047e+02 4.158015e+02 7.534202e+02  
5.098176e-01 1.148711e+02 2.643427e+02 4.092379e+02 7.429564e+02  
5.169242e-01 1.125240e+02 2.598075e+02 4.028388e+02 7.327236e+02  
5.241298e-01 1.102249e+02 2.553556e+02 3.965474e+02 7.226392e+02  
5.314359e-01 1.079605e+02 2.509651e+02 3.903355e+02 7.126634e+02  
5.388438e-01 1.057246e+02 2.466264e+02 3.841909e+02 7.027792e+02  
5.463550e-01 1.035198e+02 2.423435e+02 3.781189e+02 6.929951e+02  
5.539709e-01 1.013645e+02 2.381460e+02 3.721577e+02 6.833659e+02  
5.616930e-01 9.927099e+01 2.340531e+02 3.663322e+02 6.739263e+02  
5.695227e-01 9.724132e+01 2.300680e+02 3.606459e+02 6.646810e+02  
5.774615e-01 9.527507e+01 2.261893e+02 3.550971e+02 6.556267e+02  
5.855110e-01 9.336295e+01 2.224023e+02 3.496665e+02 6.467358e+02  
5.936727e-01 9.149160e+01 2.186854e+02 3.443266e+02 6.379701e+02  
6.019482e-01 8.965687e+01 2.150321e+02 3.390690e+02 6.293179e+02  
6.103390e-01 8.785562e+01 2.114373e+02 3.338875e+02 6.207708e+02  
6.188468e-01 8.609083e+01 2.079056e+02 3.287878e+02 6.123369e+02  
6.274732e-01 8.437050e+01 2.044495e+02 3.237856e+02 6.040374e+02  
6.362198e-01 8.269436e+01 2.010682e+02 3.188799e+02 5.958706e+02  
6.450884e-01 8.106353e+01 1.977633e+02 3.140723e+02 5.878383e+02  
6.540806e-01 7.947406e+01 1.945283e+02 3.093548e+02 5.799294e+02  
6.631981e-01 7.791816e+01 1.913511e+02 3.047121e+02 5.721231e+02  
6.724427e-01 7.639586e+01 1.882316e+02 3.001439e+02 5.644192e+02  
6.818162e-01 7.490742e+01 1.851702e+02 2.956507e+02 5.568180e+02  
6.913204e-01 7.345294e+01 1.821666e+02 2.912322e+02 5.493192e+02  
7.009570e-01 7.203198e+01 1.792203e+02 2.868874e+02 5.419211e+02  
7.107280e-01 7.064382e+01 1.763298e+02 2.826147e+02 5.346214e+02  
7.206351e-01 6.928765e+01 1.734939e+02 2.784123e+02 5.274175e+02  
7.306804e-01 6.796262e+01 1.707110e+02 2.742783e+02 5.203070e+02  
7.408657e-01 6.666784e+01 1.679797e+02 2.702108e+02 5.132871e+02  
7.511929e-01 6.540233e+01 1.652984e+02 2.662077e+02 5.063550e+02  
7.616642e-01 6.416502e+01 1.626653e+02 2.622670e+02 4.995078e+02  
7.722814e-01 6.295516e+01 1.600792e+02 2.583868e+02 4.927433e+02  
7.830465e-01 6.177211e+01 1.575390e+02 2.545660e+02 4.860596e+02  
7.939618e-01 6.061516e+01 1.550435e+02 2.508030e+02 4.794548e+02  
8.050292e-01 5.948358e+01 1.525915e+02 2.470963e+02 4.729267e+02  
8.162509e-01 5.837684e+01 1.501821e+02 2.434447e+02 4.664739e+02  
8.276289e-01 5.729435e+01 1.478144e+02 2.398469e+02 4.600946e+02  
8.391656e-01 5.623543e+01 1.454872e+02 2.363017e+02 4.537870e+02  
8.508632e-01 5.519948e+01 1.431994e+02 2.328077e+02 4.475495e+02  
8.627237e-01 5.418591e+01 1.409502e+02 2.293637e+02 4.413804e+02  
8.747496e-01 5.319404e+01 1.387385e+02 2.259684e+02 4.352782e+02  
8.869432e-01 5.222319e+01 1.365631e+02 2.226205e+02 4.292411e+02  
8.993067e-01 5.127288e+01 1.344233e+02 2.193189e+02 4.232678e+02  
9.118425e-01 5.034266e+01 1.323183e+02 2.160628e+02 4.173572e+02  
9.245531e-01 4.943202e+01 1.302473e+02 2.128512e+02 4.115080e+02  
9.374409e-01 4.854046e+01 1.282095e+02 2.096829e+02 4.057190e+02  
9.505083e-01 4.766751e+01 1.262042e+02 2.065572e+02 3.999891e+02  
9.637579e-01 4.681266e+01 1.242305e+02 2.034730e+02 3.943170e+02  
9.771921e-01 4.597536e+01 1.222875e+02 2.004294e+02 3.887016e+02  
9.908137e-01 4.515516e+01 1.203746e+02 1.974254e+02 3.831419e+02  
1.004625e+00 4.435166e+01 1.184910e+02 1.944603e+02 3.776370e+02  
1.018629e+00 4.356441e+01 1.166362e+02 1.915333e+02 3.721860e+02  
1.032828e+00 4.279294e+01 1.148094e+02 1.886435e+02 3.667879e+02  
1.047225e+00 4.203690e+01 1.130100e+02 1.857902e+02 3.614419e+02  
1.061823e+00 4.129594e+01 1.112374e+02 1.829729e+02 3.561474e+02  
1.076624e+00 4.056961e+01 1.094911e+02 1.801906e+02 3.509036e+02  
1.091632e+00 3.985755e+01 1.077703e+02 1.774429e+02 3.457097e+02  
1.106848e+00 3.915942e+01 1.060747e+02 1.747290e+02 3.405651e+02  
1.122277e+00 3.847487e+01 1.044036e+02 1.720484e+02 3.354693e+02  
1.137921e+00 3.780349e+01 1.027565e+02 1.694003e+02 3.304216e+02  
1.153783e+00 3.714500e+01 1.011329e+02 1.667844e+02 3.254215e+02  
1.169866e+00 3.649911e+01 9.953236e+01 1.642000e+02 3.204686e+02  
1.186174e+00 3.586550e+01 9.795443e+01 1.616467e+02 3.155623e+02  
1.202708e+00 3.524385e+01 9.639864e+01 1.591239e+02 3.107023e+02  
1.219473e+00 3.463389e+01 9.486456e+01 1.566312e+02 3.058881e+02  
1.236472e+00 3.403532e+01 9.335176e+01 1.541681e+02 3.011194e+02  
1.253708e+00 3.344781e+01 9.185977e+01 1.517341e+02 2.963957e+02  
1.271184e+00 3.287109e+01 9.038821e+01 1.493287e+02 2.917169e+02  
1.288904e+00 3.230492e+01 8.893670e+01 1.469517e+02 2.870825e+02  
1.306870e+00 3.174903e+01 8.750488e+01 1.446026e+02 2.824924e+02  
1.325087e+00 3.120315e+01 8.609235e+01 1.422810e+02 2.779462e+02  
1.343558e+00 3.066707e+01 8.469882e+01 1.399866e+02 2.734439e+02  
1.362287e+00 3.014058e+01 8.332399e+01 1.377190e+02 2.689852e+02  
1.381276e+00 2.962345e+01 8.196752e+01 1.354779e+02 2.645700e+02  
1.400531e+00 2.911546e+01 8.062910e+01 1.332631e+02 2.601981e+02  
1.420053e+00 2.861641e+01 7.930847e+01 1.310742e+02 2.558694e+02  
1.439848e+00 2.812609e+01 7.800532e+01 1.289110e+02 2.515837e+02  
1.459919e+00 2.764425e+01 7.671934e+01 1.267730e+02 2.473411e+02  
1.480269e+00 2.717073e+01 7.545027e+01 1.246601e+02 2.431414e+02  
1.500903e+00 2.670533e+01 7.419788e+01 1.225721e+02 2.389845e+02  
1.521825e+00 2.624786e+01 7.296189e+01 1.205086e+02 2.348704e+02  
1.543038e+00 2.579814e+01 7.174206e+01 1.184695e+02 2.307991e+02  
1.564548e+00 2.535600e+01 7.053817e+01 1.164544e+02 2.267706e+02  
1.586357e+00 2.492128e+01 6.935001e+01 1.144633e+02 2.227848e+02  
1.608469e+00 2.449381e+01 6.817735e+01 1.124959e+02 2.188417e+02  
1.630891e+00 2.407344e+01 6.701998e+01 1.105519e+02 2.149414e+02  
1.653624e+00 2.366001e+01 6.587771e+01 1.086313e+02 2.110839e+02  
1.676675e+00 2.325339e+01 6.475035e+01 1.067338e+02 2.072691e+02  
1.700047e+00 2.285341e+01 6.363770e+01 1.048593e+02 2.034972e+02  
1.723745e+00 2.245995e+01 6.253958e+01 1.030075e+02 1.997682e+02  
1.747773e+00 2.207286e+01 6.145582e+01 1.011783e+02 1.960821e+02  
1.772136e+00 2.169202e+01 6.038625e+01 9.937164e+01 1.924388e+02  
1.796838e+00 2.131727e+01 5.933068e+01 9.758723e+01 1.888386e+02  
1.821885e+00 2.094852e+01 5.828898e+01 9.582497e+01 1.852814e+02  
1.847281e+00 2.058564e+01 5.726098e+01 9.408472e+01 1.817672e+02  
1.873032e+00 2.022851e+01 5.624655e+01 9.236634e+01 1.782962e+02  
1.899141e+00 1.987703e+01 5.524552e+01 9.066969e+01 1.748682e+02  
1.925614e+00 1.953108e+01 5.425776e+01 8.899463e+01 1.714835e+02  
1.952456e+00 1.919054e+01 5.328314e+01 8.734105e+01 1.681420e+02  
1.979672e+00 1.885531e+01 5.232150e+01 8.570880e+01 1.648436e+02  
2.007267e+00 1.852530e+01 5.137273e+01 8.409777e+01 1.615886e+02  
2.035248e+00 1.820042e+01 5.043670e+01 8.250784e+01 1.583767e+02  
2.063618e+00 1.788056e+01 4.951329e+01 8.093889e+01 1.552082e+02  
2.092383e+00 1.756563e+01 4.859881e+01 7.939081e+01 1.520829e+02  
2.121550e+00 1.725555e+01 4.770384e+01 7.786347e+01 1.490008e+02  
2.151123e+00 1.695024e+01 4.681757e+01 7.635678e+01 1.459619e+02  
2.181109e+00 1.664960e+01 4.594346e+01 7.487061e+01 1.429663e+02  
2.211512e+00 1.635355e+01 4.508138e+01 7.340485e+01 1.400137e+02  
2.242340e+00 1.606202e+01 4.423125e+01 7.195940e+01 1.371042e+02  
2.273597e+00 1.577493e+01 4.339294e+01 7.053414e+01 1.342378e+02  
2.305289e+00 1.549220e+01 4.256636e+01 6.912897e+01 1.314142e+02  
2.337424e+00 1.521376e+01 4.175140e+01 6.774379e+01 1.286334e+02  
2.370006e+00 1.493955e+01 4.094796e+01 6.637847e+01 1.258954e+02  
2.403043e+00 1.466949e+01 4.015594e+01 6.503291e+01 1.231999e+02  
2.436540e+00 1.440351e+01 3.937526e+01 6.370701e+01 1.205469e+02  
2.470504e+00 1.414156e+01 3.860581e+01 6.240065e+01 1.179361e+02  
2.504942e+00 1.388357e+01 3.784750e+01 6.111373e+01 1.153674e+02  
2.539859e+00 1.362948e+01 3.710023e+01 5.984613e+01 1.128407e+02  
2.575263e+00 1.337924e+01 3.636391e+01 5.859775e+01 1.103557e+02  
2.611161e+00 1.313278e+01 3.563846e+01 5.736846e+01 1.079122e+02  
2.647559e+00 1.289005e+01 3.492377e+01 5.615817e+01 1.055099e+02  
2.684465e+00 1.265102e+01 3.421976e+01 5.496674e+01 1.031487e+02  
2.721885e+00 1.241555e+01 3.352635e+01 5.379407e+01 1.008283e+02  
2.759826e+00 1.218365e+01 3.284344e+01 5.264003e+01 9.854837e+01  
2.798297e+00 1.195533e+01 3.217094e+01 5.150451e+01 9.630866e+01  
2.837304e+00 1.173044e+01 3.150878e+01 5.038738e+01 9.410886e+01  
2.876854e+00 1.150898e+01 3.085685e+01 4.928852e+01 9.194867e+01  
2.916956e+00 1.129090e+01 3.021508e+01 4.820780e+01 8.982775e+01  
2.957617e+00 1.107614e+01 2.958338e+01 4.714507e+01 8.774578e+01  
2.998844e+00 1.086467e+01 2.896166e+01 4.610024e+01 8.570241e+01  
3.040646e+00 1.065644e+01 2.834984e+01 4.507317e+01 8.369727e+01  
3.083031e+00 1.045141e+01 2.774783e+01 4.406370e+01 8.173000e+01  
3.126007e+00 1.024954e+01 2.715556e+01 4.307169e+01 7.980021e+01  
3.169582e+00 1.005079e+01 2.657292e+01 4.209701e+01 7.790753e+01  
3.213764e+00 9.855111e+00 2.599984e+01 4.113952e+01 7.605155e+01  
3.258562e+00 9.662473e+00 2.543624e+01 4.019907e+01 7.423187e+01  
3.303985e+00 9.472836e+00 2.488203e+01 3.927550e+01 7.244808e+01  
3.350041e+00 9.286164e+00 2.433712e+01 3.836868e+01 7.069975e+01  
3.396739e+00 9.102419e+00 2.380142e+01 3.747842e+01 6.898647e+01  
3.444087e+00 8.921563e+00 2.327486e+01 3.660459e+01 6.730780e+01  
3.492096e+00 8.743564e+00 2.275735e+01 3.574702e+01 6.566330e+01  
3.540774e+00 8.568386e+00 2.224880e+01 3.490555e+01 6.408646e+01  
3.590130e+00 8.395994e+00 2.174912e+01 3.408002e+01 6.247505e+01  
3.640175e+00 8.226355e+00 2.125824e+01 3.327025e+01 6.093040e+01  
3.690917e+00 8.059436e+00 2.077605e+01 3.247607e+01 5.941814e+01  
3.742366e+00 7.895206e+00 2.030249e+01 3.169733e+01 5.793782e+01  
3.794533e+00 7.733631e+00 1.983745e+01 3.093383e+01 5.648896e+01  
3.847427e+00 7.574681e+00 1.938086e+01 3.018540e+01 5.507112e+01  
3.901058e+00 7.418324e+00 1.893262e+01 2.945187e+01 5.368384e+01  
3.955436e+00 7.264530e+00 1.849265e+01 2.873305e+01 5.232664e+01  
4.010573e+00 7.113268e+00 1.806085e+01 2.802876e+01 5.099908e+01  
4.066478e+00 6.964508e+00 1.763714e+01 2.733882e+01 4.970069e+01  
4.123163e+00 6.818221e+00 1.722144e+01 2.666305e+01 4.843100e+01  
4.180637e+00 6.674378e+00 1.681364e+01 2.600125e+01 4.718956e+01  
4.238913e+00 6.532949e+00 1.641571e+01 2.535324e+01 4.597591e+01  
4.298001e+00 6.393907e+00 1.602141e+01 2.471883e+01 4.478958e+01  
4.357913e+00 6.257222e+00 1.563680e+01 2.409783e+01 4.363012e+01  
4.418660e+00 6.122868e+00 1.525973e+01 2.349005e+01 4.249707e+01  
4.480254e+00 5.990815e+00 1.489012e+01 2.289530e+01 4.138998e+01  
4.542706e+00 5.861038e+00 1.452786e+01 2.230168e+01 4.030839e+01  
4.606029e+00 5.733509e+00 1.417288e+01 2.174413e+01 3.925186e+01  
4.670234e+00 5.608199e+00 1.382508e+01 2.119890e+01 3.821992e+01  
4.735335e+00 5.485083e+00 1.348436e+01 2.064277e+01 3.721215e+01  
4.801343e+00 5.364134e+00 1.315063e+01 2.011029e+01 3.622810e+01  
4.868271e+00 5.245327e+00 1.282379e+01 1.958969e+01 3.526734e+01  
4.936132e+00 5.128634e+00 1.250376e+01 1.908078e+01 3.432941e+01  
5.004939e+00 5.014029e+00 1.219043e+01 1.858336e+01 3.341389e+01  
5.074705e+00 4.901489e+00 1.188372e+01 1.809725e+01 3.252036e+01  
5.145444e+00 4.790985e+00 1.158353e+01 1.762224e+01 3.164839e+01  
5.217169e+00 4.682494e+00 1.128976e+01 1.715816e+01 3.079755e+01  
5.289893e+00 4.576300e+00 1.100232e+01 1.670481e+01 2.996744e+01  
5.363631e+00 4.471447e+00 1.072112e+01 1.626201e+01 2.915764e+01  
5.438397e+00 4.368842e+00 1.044605e+01 1.582957e+01 2.836774e+01  
5.514206e+00 4.268149e+00 1.017703e+01 1.540730e+01 2.759734e+01  
5.591071e+00 4.169344e+00 9.913968e+00 1.499502e+01 2.684604e+01  
5.669007e+00 4.072402e+00 9.656759e+00 1.459255e+01 2.611344e+01  
5.748030e+00 3.977300e+00 9.405312e+00 1.419969e+01 2.539915e+01  
5.828155e+00 3.884012e+00 9.159534e+00 1.381628e+01 2.470281e+01  
5.909396e+00 3.792516e+00 8.919331e+00 1.344212e+01 2.402399e+01  
5.991770e+00 3.702787e+00 8.684609e+00 1.307706e+01 2.336236e+01  
6.075292e+00 3.614802e+00 8.455287e+00 1.272089e+01 2.271754e+01  
6.159978e+00 3.528538e+00 8.231240e+00 1.237346e+01 2.208917e+01  
6.245845e+00 3.443968e+00 8.012396e+00 1.203459e+01 2.147688e+01  
6.332908e+00 3.361074e+00 7.798686e+00 1.170411e+01 2.088032e+01  
6.421186e+00 3.279830e+00 7.589987e+00 1.138184e+01 2.029914e+01  
6.510694e+00 3.200213e+00 7.386218e+00 1.106762e+01 1.973300e+01  
6.601449e+00 3.122201e+00 7.187289e+00 1.076132e+01 1.918155e+01  
6.693470e+00 3.045771e+00 6.993111e+00 1.046268e+01 1.864447e+01  
6.786773e+00 2.970901e+00 6.803596e+00 1.017159e+01 1.812142e+01  
6.881377e+00 2.897568e+00 6.618655e+00 9.887972e+00 1.761210e+01  
6.977300e+00 2.825753e+00 6.438200e+00 9.611559e+00 1.711618e+01  
7.074559e+00 2.755423e+00 6.262146e+00 9.342232e+00 1.663334e+01  
7.173175e+00 2.686567e+00 6.090407e+00 9.079837e+00 1.616329e+01  
7.273165e+00 2.619158e+00 5.922898e+00 8.824222e+00 1.570572e+01  
7.374549e+00 2.553182e+00 5.759534e+00 8.575238e+00 1.526034e+01  
7.477346e+00 2.488608e+00 5.600233e+00 8.332739e+00 1.482685e+01  
7.581576e+00 2.425417e+00 5.444911e+00 8.096578e+00 1.440505e+01  
7.687260e+00 2.363589e+00 5.293488e+00 7.866614e+00 1.399444e+01  
7.794416e+00 2.303102e+00 5.145884e+00 7.642706e+00 1.359496e+01  
7.903066e+00 2.243935e+00 5.002018e+00 7.424715e+00 1.320628e+01  
8.013230e+00 2.186068e+00 4.861812e+00 7.212506e+00 1.282813e+01  
8.124930e+00 2.129478e+00 4.725189e+00 7.005945e+00 1.246025e+01  
8.238187e+00 2.074146e+00 4.592071e+00 6.804900e+00 1.210239e+01  
8.353023e+00 2.020050e+00 4.462384e+00 6.609243e+00 1.175429e+01  
8.469460e+00 1.967171e+00 4.336052e+00 6.419007e+00 1.141571e+01  
8.587519e+00 1.915488e+00 4.213003e+00 6.233582e+00 1.108643e+01  
8.707225e+00 1.864980e+00 4.093164e+00 6.053177e+00 1.076619e+01  
8.828599e+00 1.815364e+00 3.976463e+00 5.877972e+00 1.045478e+01  
8.951665e+00 1.767413e+00 3.862831e+00 5.707387e+00 1.015198e+01  
9.076446e+00 1.720313e+00 3.752197e+00 5.541460e+00 9.857553e+00  
9.202967e+00 1.674310e+00 3.644494e+00 5.380077e+00 9.571300e+00  
9.331251e+00 1.629383e+00 3.539654e+00 5.223127e+00 9.293006e+00  
9.461324e+00 1.585514e+00 3.437612e+00 5.070499e+00 9.022468e+00  
9.593209e+00 1.542683e+00 3.338303e+00 4.922087e+00 8.759487e+00  
9.726934e+00 1.500871e+00 3.241662e+00 4.777785e+00 8.503869e+00  
9.862522e+00 1.460060e+00 3.147627e+00 4.637490e+00 8.255420e+00  
1.000000e+01 1.420230e+00 3.056137e+00 4.501102e+00 8.013953e+00  
