1.000000e-02 7.471372e+03 1.397265e+04 1.915635e+04 2.905508e+04  
1.013939e-02 7.511365e+03 1.404711e+04 1.925807e+04 2.920850e+04  
1.028073e-02 7.550648e+03 1.412022e+04 1.935795e+04 2.935911e+04  
1.042404e-02 7.589192e+03 1.419194e+04 1.945592e+04 2.950678e+04  
1.056935e-02 7.626967e+03 1.426221e+04 1.955189e+04 2.965141e+04  
1.071668e-02 7.663945e+03 1.433099e+04 1.964579e+04 2.979288e+04  
1.086606e-02 7.700096e+03 1.439820e+04 1.973755e+04 2.993108e+04  
1.101753e-02 7.735389e+03 1.446381e+04 1.982709e+04 3.006589e+04  
1.117111e-02 7.769794e+03 1.452774e+04 1.991432e+04 3.019719e+04  
1.132683e-02 7.803278e+03 1.458994e+04 1.999918e+04 3.032485e+04  
1.148472e-02 7.835813e+03 1.465035e+04 2.008157e+04 3.044876e+04  
1.164481e-02 7.867366e+03 1.470892e+04 2.016142e+04 3.056880e+04  
1.180713e-02 7.897906e+03 1.476558e+04 2.023866e+04 3.068485e+04  
1.197171e-02 7.927400e+03 1.482028e+04 2.031319e+04 3.079677e+04  
1.213859e-02 7.955817e+03 1.487295e+04 2.038493e+04 3.090445e+04  
1.230780e-02 7.983122e+03 1.492353e+04 2.045380e+04 3.100775e+04  
1.247936e-02 8.009282e+03 1.497196e+04 2.051971e+04 3.110654e+04  
1.265332e-02 8.034266e+03 1.501818e+04 2.058258e+04 3.120070e+04  
1.282970e-02 8.058040e+03 1.506213e+04 2.064232e+04 3.129011e+04  
1.300854e-02 8.080572e+03 1.510374e+04 2.069886e+04 3.137463e+04  
1.318987e-02 8.101828e+03 1.514296e+04 2.075210e+04 3.145413e+04  
1.337373e-02 8.121772e+03 1.517972e+04 2.080196e+04 3.152849e+04  
1.356015e-02 8.140371e+03 1.521395e+04 2.084834e+04 3.159756e+04  
1.374917e-02 8.157591e+03 1.524559e+04 2.089117e+04 3.166122e+04  
1.394083e-02 8.173399e+03 1.527458e+04 2.093035e+04 3.171934e+04  
1.413516e-02 8.187760e+03 1.530085e+04 2.096581e+04 3.177179e+04  
1.433219e-02 8.200643e+03 1.532435e+04 2.099745e+04 3.181844e+04  
1.453198e-02 8.212012e+03 1.534501e+04 2.102519e+04 3.185916e+04  
1.473454e-02 8.221833e+03 1.536277e+04 2.104894e+04 3.189381e+04  
1.493993e-02 8.230070e+03 1.537755e+04 2.106861e+04 3.192227e+04  
1.514819e-02 8.236688e+03 1.538931e+04 2.108411e+04 3.194439e+04  
1.535935e-02 8.241655e+03 1.539796e+04 2.109536e+04 3.196005e+04  
1.557345e-02 8.244937e+03 1.540345e+04 2.110227e+04 3.196912e+04  
1.579053e-02 8.246503e+03 1.540573e+04 2.110476e+04 3.197148e+04  
1.601064e-02 8.246320e+03 1.540473e+04 2.110276e+04 3.196702e+04  
1.623382e-02 8.244359e+03 1.540040e+04 2.109618e+04 3.195560e+04  
1.646012e-02 8.240589e+03 1.539268e+04 2.108495e+04 3.193713e+04  
1.668956e-02 8.234984e+03 1.538151e+04 2.106900e+04 3.191150e+04  
1.692220e-02 8.227516e+03 1.536687e+04 2.104827e+04 3.187860e+04  
1.715809e-02 8.218161e+03 1.534868e+04 2.102268e+04 3.183835e+04  
1.739726e-02 8.206896e+03 1.532692e+04 2.099219e+04 3.179065e+04  
1.763977e-02 8.193696e+03 1.530154e+04 2.095673e+04 3.173542e+04  
1.788566e-02 8.178534e+03 1.527249e+04 2.091623e+04 3.167255e+04  
1.813498e-02 8.161384e+03 1.523971e+04 2.087063e+04 3.160194e+04  
1.838777e-02 8.142222e+03 1.520317e+04 2.081987e+04 3.152352e+04  
1.864409e-02 8.121027e+03 1.516283e+04 2.076389e+04 3.143718e+04  
1.890397e-02 8.097779e+03 1.511865e+04 2.070265e+04 3.134287e+04  
1.916748e-02 8.072460e+03 1.507059e+04 2.063611e+04 3.124053e+04  
1.943467e-02 8.045057e+03 1.501864e+04 2.056422e+04 3.113008e+04  
1.970558e-02 8.015555e+03 1.496277e+04 2.048695e+04 3.101150e+04  
1.998026e-02 7.983944e+03 1.490296e+04 2.040429e+04 3.088475e+04  
2.025878e-02 7.950217e+03 1.483919e+04 2.031621e+04 3.074979e+04  
2.054117e-02 7.914369e+03 1.477146e+04 2.022271e+04 3.060662e+04  
2.082751e-02 7.876402e+03 1.469977e+04 2.012378e+04 3.045525e+04  
2.111783e-02 7.836318e+03 1.462414e+04 2.001945e+04 3.029569e+04  
2.141220e-02 7.794123e+03 1.454456e+04 1.990972e+04 3.012797e+04  
2.171068e-02 7.749817e+03 1.446105e+04 1.979460e+04 2.995210e+04  
2.201331e-02 7.703405e+03 1.437360e+04 1.967411e+04 2.976810e+04  
2.232016e-02 7.654893e+03 1.428225e+04 1.954826e+04 2.957600e+04  
2.263130e-02 7.604295e+03 1.418700e+04 1.941709e+04 2.937586e+04  
2.294676e-02 7.551627e+03 1.408790e+04 1.928064e+04 2.916775e+04  
2.326663e-02 7.496912e+03 1.398498e+04 1.913898e+04 2.895175e+04  
2.359095e-02 7.440175e+03 1.387830e+04 1.899217e+04 2.872798e+04  
2.391980e-02 7.381440e+03 1.376790e+04 1.884028e+04 2.849654e+04  
2.425323e-02 7.320738e+03 1.365384e+04 1.868338e+04 2.825754e+04  
2.459130e-02 7.258101e+03 1.353619e+04 1.852157e+04 2.801113e+04  
2.493409e-02 7.193570e+03 1.341501e+04 1.835496e+04 2.775746e+04  
2.528166e-02 7.127193e+03 1.329041e+04 1.818366e+04 2.749672e+04  
2.563407e-02 7.059024e+03 1.316247e+04 1.800782e+04 2.722914e+04  
2.599140e-02 6.989121e+03 1.303132e+04 1.782758e+04 2.695493e+04  
2.635371e-02 6.917535e+03 1.289705e+04 1.764310e+04 2.667432e+04  
2.672106e-02 6.844320e+03 1.275976e+04 1.745449e+04 2.638750e+04  
2.709354e-02 6.769534e+03 1.261956e+04 1.726192e+04 2.609471e+04  
2.747121e-02 6.693243e+03 1.247658e+04 1.706555e+04 2.579621e+04  
2.785414e-02 6.615520e+03 1.233095e+04 1.686558e+04 2.549229e+04  
2.824241e-02 6.536450e+03 1.218283e+04 1.666222e+04 2.518327e+04  
2.863610e-02 6.456119e+03 1.203239e+04 1.645571e+04 2.486951e+04  
2.903527e-02 6.374610e+03 1.187978e+04 1.624624e+04 2.455132e+04  
2.944000e-02 6.292000e+03 1.172514e+04 1.603402e+04 2.422901e+04  
2.985038e-02 6.208375e+03 1.156864e+04 1.581927e+04 2.390292e+04  
3.026648e-02 6.123830e+03 1.141045e+04 1.560224e+04 2.357340e+04  
3.068838e-02 6.038467e+03 1.125077e+04 1.538319e+04 2.324088e+04  
3.111616e-02 5.952399e+03 1.108980e+04 1.516241e+04 2.290577e+04  
3.154990e-02 5.865747e+03 1.092778e+04 1.494021e+04 2.256855e+04  
3.198969e-02 5.778617e+03 1.076490e+04 1.471685e+04 2.222964e+04  
3.243561e-02 5.691103e+03 1.060134e+04 1.449259e+04 2.188940e+04  
3.288774e-02 5.603309e+03 1.043728e+04 1.426768e+04 2.154822e+04  
3.334618e-02 5.515342e+03 1.027294e+04 1.404241e+04 2.120654e+04  
3.381101e-02 5.427322e+03 1.010854e+04 1.381707e+04 2.086481e+04  
3.428231e-02 5.339375e+03 9.944302e+03 1.359199e+04 2.052352e+04  
3.476019e-02 5.251637e+03 9.780487e+03 1.336752e+04 2.018318e+04  
3.524473e-02 5.164231e+03 9.617326e+03 1.314396e+04 1.984429e+04  
3.573602e-02 5.077267e+03 9.455019e+03 1.292160e+04 1.950725e+04  
3.623416e-02 4.990856e+03 9.293776e+03 1.270072e+04 1.917250e+04  
3.673925e-02 4.905119e+03 9.133818e+03 1.248163e+04 1.884050e+04  
3.725137e-02 4.820182e+03 8.975382e+03 1.226464e+04 1.851174e+04  
3.777064e-02 4.736181e+03 8.818718e+03 1.205010e+04 1.818673e+04  
3.829714e-02 4.653258e+03 8.664091e+03 1.183838e+04 1.786602e+04  
3.883098e-02 4.571534e+03 8.511723e+03 1.162976e+04 1.755007e+04  
3.937226e-02 4.491077e+03 8.361742e+03 1.142443e+04 1.723913e+04  
3.992109e-02 4.411953e+03 8.214265e+03 1.122256e+04 1.693347e+04  
4.047757e-02 4.334225e+03 8.069414e+03 1.102429e+04 1.663331e+04  
4.104181e-02 4.257962e+03 7.927311e+03 1.082980e+04 1.633892e+04  
4.161391e-02 4.183231e+03 7.788081e+03 1.063927e+04 1.605056e+04  
4.219398e-02 4.110102e+03 7.651852e+03 1.045285e+04 1.576847e+04  
4.278214e-02 4.038654e+03 7.518771e+03 1.027077e+04 1.549298e+04  
4.337850e-02 3.968996e+03 7.389036e+03 1.009327e+04 1.522448e+04  
4.398317e-02 3.901245e+03 7.262862e+03 9.920659e+03 1.496342e+04  
4.459628e-02 3.835523e+03 7.140474e+03 9.753238e+03 1.471025e+04  
4.521792e-02 3.771956e+03 7.022102e+03 9.591323e+03 1.446546e+04  
4.584824e-02 3.710676e+03 6.907989e+03 9.435241e+03 1.422954e+04  
4.648734e-02 3.651821e+03 6.798386e+03 9.285333e+03 1.400300e+04  
4.713535e-02 3.595475e+03 6.693443e+03 9.141804e+03 1.378615e+04  
4.779239e-02 3.541601e+03 6.593094e+03 9.004560e+03 1.357885e+04  
4.845859e-02 3.490142e+03 6.497226e+03 8.873447e+03 1.338088e+04  
4.913407e-02 3.441026e+03 6.405705e+03 8.748283e+03 1.319195e+04  
4.981898e-02 3.394171e+03 6.318379e+03 8.628855e+03 1.301175e+04  
5.051342e-02 3.349483e+03 6.235067e+03 8.514919e+03 1.283990e+04  
5.121755e-02 3.306868e+03 6.155596e+03 8.406235e+03 1.267605e+04  
5.193150e-02 3.266291e+03 6.079897e+03 8.302709e+03 1.252005e+04  
5.265540e-02 3.227728e+03 6.007924e+03 8.204279e+03 1.237181e+04  
5.338938e-02 3.191150e+03 5.939621e+03 8.110863e+03 1.223122e+04  
5.413360e-02 3.156521e+03 5.874914e+03 8.022364e+03 1.209813e+04  
5.488820e-02 3.123794e+03 5.813718e+03 7.938662e+03 1.197235e+04  
5.565331e-02 3.092896e+03 5.755893e+03 7.859566e+03 1.185361e+04  
5.642908e-02 3.063690e+03 5.701183e+03 7.784728e+03 1.174137e+04  
5.721568e-02 3.036016e+03 5.649292e+03 7.713742e+03 1.163503e+04  
5.801323e-02 3.009696e+03 5.599890e+03 7.646158e+03 1.153392e+04  
5.882190e-02 2.984533e+03 5.552614e+03 7.581483e+03 1.143729e+04  
5.964185e-02 2.960322e+03 5.507081e+03 7.519196e+03 1.134435e+04  
6.047322e-02 2.936895e+03 5.462986e+03 7.458881e+03 1.125448e+04  
6.131619e-02 2.914099e+03 5.420043e+03 7.400149e+03 1.116710e+04  
6.217090e-02 2.891764e+03 5.377941e+03 7.342576e+03 1.108156e+04  
6.303753e-02 2.869704e+03 5.336337e+03 7.285698e+03 1.099716e+04  
6.391624e-02 2.847720e+03 5.294869e+03 7.229022e+03 1.091317e+04  
6.480720e-02 2.825622e+03 5.253185e+03 7.172070e+03 1.082885e+04  
6.571058e-02 2.803210e+03 5.210924e+03 7.114350e+03 1.074346e+04  
6.662655e-02 2.780270e+03 5.167693e+03 7.055332e+03 1.065620e+04  
6.755528e-02 2.756570e+03 5.123070e+03 6.994442e+03 1.056619e+04  
6.849697e-02 2.731883e+03 5.076645e+03 6.931123e+03 1.047259e+04  
6.945178e-02 2.706026e+03 5.028086e+03 6.864923e+03 1.037470e+04  
7.041990e-02 2.678811e+03 4.977051e+03 6.795383e+03 1.027182e+04  
7.140151e-02 2.650035e+03 4.923179e+03 6.722009e+03 1.016320e+04  
7.239681e-02 2.619494e+03 4.866100e+03 6.644301e+03 1.004806e+04  
7.340598e-02 2.587051e+03 4.805570e+03 6.561928e+03 9.925889e+03  
7.442922e-02 2.552600e+03 4.741403e+03 6.474639e+03 9.796294e+03  
7.546673e-02 2.516030e+03 4.673403e+03 6.382167e+03 9.658858e+03  
7.651869e-02 2.477232e+03 4.601378e+03 6.284253e+03 9.513170e+03  
7.758532e-02 2.436182e+03 4.525290e+03 6.180847e+03 9.359139e+03  
7.866682e-02 2.392916e+03 4.445213e+03 6.072048e+03 9.196906e+03  
7.976339e-02 2.347479e+03 4.361235e+03 5.957977e+03 9.026640e+03  
8.087525e-02 2.299931e+03 4.273471e+03 5.838792e+03 8.848570e+03  
8.200261e-02 2.250409e+03 4.182174e+03 5.714836e+03 8.663209e+03  
8.314568e-02 2.199097e+03 4.087687e+03 5.586575e+03 8.471255e+03  
8.430468e-02 2.146199e+03 3.990383e+03 5.454516e+03 8.273479e+03  
8.547985e-02 2.091945e+03 3.890682e+03 5.319231e+03 8.070744e+03  
8.667139e-02 2.036603e+03 3.789075e+03 5.181387e+03 7.864066e+03  
8.787954e-02 1.980471e+03 3.686103e+03 5.041720e+03 7.654564e+03  
8.910453e-02 1.923870e+03 3.582353e+03 4.901024e+03 7.443452e+03  
9.034660e-02 1.867129e+03 3.478418e+03 4.760106e+03 7.231962e+03  
9.160598e-02 1.810581e+03 3.374904e+03 4.619788e+03 7.021350e+03  
9.288292e-02 1.754586e+03 3.272461e+03 4.480953e+03 6.812964e+03  
9.417766e-02 1.699532e+03 3.171789e+03 4.344548e+03 6.608257e+03  
9.549045e-02 1.645779e+03 3.073537e+03 4.211454e+03 6.408570e+03  
9.682153e-02 1.593631e+03 2.978253e+03 4.082412e+03 6.215041e+03  
9.817117e-02 1.543410e+03 2.886515e+03 3.958205e+03 6.028863e+03  
9.953962e-02 1.495456e+03 2.798933e+03 3.839658e+03 5.851295e+03  
1.009272e-01 1.450041e+03 2.715991e+03 3.727424e+03 5.683336e+03  
1.023340e-01 1.407344e+03 2.638011e+03 3.621935e+03 5.525644e+03  
1.037605e-01 1.367549e+03 2.565317e+03 3.523630e+03 5.378888e+03  
1.052069e-01 1.330838e+03 2.498228e+03 3.432937e+03 5.243722e+03  
1.066734e-01 1.297277e+03 2.436861e+03 3.350011e+03 5.120383e+03  
1.081604e-01 1.266870e+03 2.381212e+03 3.274843e+03 5.008862e+03  
1.096681e-01 1.239611e+03 2.331262e+03 3.207405e+03 4.909122e+03  
1.111968e-01 1.215447e+03 2.286909e+03 3.147556e+03 4.820954e+03  
1.127468e-01 1.194223e+03 2.247866e+03 3.094908e+03 4.743774e+03  
1.143184e-01 1.175754e+03 2.213791e+03 3.048995e+03 4.676884e+03  
1.159120e-01 1.159827e+03 2.184293e+03 3.009286e+03 4.619487e+03  
1.175277e-01 1.146166e+03 2.158871e+03 2.975103e+03 4.570560e+03  
1.191660e-01 1.134453e+03 2.136945e+03 2.945663e+03 4.528922e+03  
1.208271e-01 1.124337e+03 2.117881e+03 2.920107e+03 4.493272e+03  
1.225114e-01 1.115430e+03 2.100981e+03 2.897490e+03 4.462175e+03  
1.242191e-01 1.107308e+03 2.085478e+03 2.876777e+03 4.434050e+03  
1.259506e-01 1.099508e+03 2.070548e+03 2.856850e+03 4.407184e+03  
1.277063e-01 1.091585e+03 2.055391e+03 2.836626e+03 4.379910e+03  
1.294865e-01 1.083105e+03 2.039236e+03 2.815062e+03 4.350611e+03  
1.312915e-01 1.073612e+03 2.021270e+03 2.791052e+03 4.317565e+03  
1.331216e-01 1.062731e+03 2.000832e+03 2.763700e+03 4.279365e+03  
1.349772e-01 1.050168e+03 1.977403e+03 2.732297e+03 4.234890e+03  
1.368587e-01 1.035627e+03 1.950463e+03 2.696136e+03 4.183015e+03  
1.387665e-01 1.018956e+03 1.919746e+03 2.654855e+03 4.123147e+03  
1.407008e-01 1.000089e+03 1.885143e+03 2.608301e+03 4.055023e+03  
1.426621e-01 9.789916e+02 1.846604e+03 2.556402e+03 3.978509e+03  
1.446507e-01 9.557813e+02 1.804340e+03 2.499447e+03 3.894037e+03  
1.466671e-01 9.306285e+02 1.758664e+03 2.437858e+03 3.802251e+03  
1.487115e-01 9.037790e+02 1.710016e+03 2.372234e+03 3.704083e+03  
1.507845e-01 8.755896e+02 1.659034e+03 2.303445e+03 3.600888e+03  
1.528864e-01 8.464626e+02 1.606436e+03 2.232464e+03 3.494191e+03  
1.550175e-01 8.168792e+02 1.553077e+03 2.160455e+03 3.385812e+03  
1.571784e-01 7.873807e+02 1.499917e+03 2.088722e+03 3.277791e+03  
1.593694e-01 7.585116e+02 1.447920e+03 2.018573e+03 3.172167e+03  
1.615909e-01 7.307973e+02 1.398013e+03 1.951263e+03 3.070897e+03  
1.638434e-01 7.047528e+02 1.351104e+03 1.888020e+03 2.975885e+03  
1.661273e-01 6.807263e+02 1.307804e+03 1.829667e+03 2.888403e+03  
1.684430e-01 6.590181e+02 1.268637e+03 1.776911e+03 2.809539e+03  
1.707910e-01 6.397687e+02 1.233845e+03 1.730074e+03 2.739785e+03  
1.731717e-01 6.230061e+02 1.203468e+03 1.689208e+03 2.679221e+03  
1.755856e-01 6.086806e+02 1.177413e+03 1.654181e+03 2.627641e+03  
1.780332e-01 5.966467e+02 1.155414e+03 1.624635e+03 2.584497e+03  
1.805149e-01 5.867078e+02 1.137118e+03 1.600091e+03 2.549056e+03  
1.830312e-01 5.785931e+02 1.122040e+03 1.579896e+03 2.520321e+03  
1.855825e-01 5.719755e+02 1.109601e+03 1.563266e+03 2.497090e+03  
1.881694e-01 5.664401e+02 1.099065e+03 1.549210e+03 2.477839e+03  
1.907924e-01 5.615197e+02 1.089610e+03 1.536616e+03 2.460848e+03  
1.934520e-01 5.566878e+02 1.080310e+03 1.524233e+03 2.444168e+03  
1.961486e-01 5.514127e+02 1.070234e+03 1.510798e+03 2.425824e+03  
1.988828e-01 5.452246e+02 1.058561e+03 1.495197e+03 2.404060e+03  
2.016551e-01 5.377292e+02 1.044605e+03 1.476497e+03 2.377395e+03  
2.044661e-01 5.287045e+02 1.027982e+03 1.454175e+03 2.344988e+03  
2.073162e-01 5.180508e+02 1.008524e+03 1.428000e+03 2.306462e+03  
2.102061e-01 5.058380e+02 9.863583e+02 1.398144e+03 2.262077e+03  
2.131362e-01 4.922368e+02 9.617890e+02 1.365021e+03 2.212483e+03  
2.161073e-01 4.775174e+02 9.352930e+02 1.329281e+03 2.158706e+03  
2.191197e-01 4.620390e+02 9.075009e+02 1.291780e+03 2.102102e+03  
2.221741e-01 4.462264e+02 8.791560e+02 1.253530e+03 2.044271e+03  
2.252711e-01 4.305417e+02 8.510643e+02 1.215624e+03 1.986935e+03  
2.284112e-01 4.154517e+02 8.240376e+02 1.179161e+03 1.931820e+03  
2.315951e-01 4.013900e+02 7.988270e+02 1.145155e+03 1.880507e+03  
2.348235e-01 3.886818e+02 7.759938e+02 1.114362e+03 1.834168e+03  
2.380968e-01 3.775372e+02 7.558969e+02 1.087262e+03 1.793543e+03  
2.414157e-01 3.680160e+02 7.386335e+02 1.063982e+03 1.758819e+03  
2.447809e-01 3.600653e+02 7.241061e+02 1.044388e+03 1.729784e+03  
2.481930e-01 3.535181e+02 7.120189e+02 1.028079e+03 1.705812e+03  
2.516527e-01 3.481059e+02 7.019025e+02 1.014422e+03 1.685921e+03  
2.551606e-01 3.434845e+02 6.931575e+02 1.002608e+03 1.668857e+03  
2.587174e-01 3.392481e+02 6.850808e+02 9.916884e+02 1.653144e+03  
2.623238e-01 3.349729e+02 6.769400e+02 9.806757e+02 1.637240e+03  
2.659804e-01 3.302741e+02 6.680721e+02 9.686734e+02 1.619743e+03  
2.696881e-01 3.248595e+02 6.579756e+02 9.550039e+02 1.599586e+03  
2.734474e-01 3.185658e+02 6.463728e+02 9.392916e+02 1.576180e+03  
2.772591e-01 3.113634e+02 6.332167e+02 9.214734e+02 1.549426e+03  
2.811239e-01 3.033484e+02 6.186767e+02 9.017803e+02 1.519690e+03  
2.850426e-01 2.947170e+02 6.030939e+02 8.806757e+02 1.487707e+03  
2.890160e-01 2.857547e+02 5.869613e+02 8.588274e+02 1.454530e+03  
2.930447e-01 2.767988e+02 5.708588e+02 8.370195e+02 1.421390e+03  
2.971296e-01 2.681957e+02 5.553795e+02 8.160512e+02 1.389533e+03  
3.012714e-01 2.602501e+02 5.410427e+02 7.966199e+02 1.360041e+03  
3.054710e-01 2.531607e+02 5.281844e+02 7.791748e+02 1.333603e+03  
3.097291e-01 2.470034e+02 5.169297e+02 7.638805e+02 1.310463e+03  
3.140465e-01 2.417321e+02 5.071958e+02 7.506229e+02 1.290438e+03  
3.184242e-01 2.372009e+02 4.987298e+02 7.390605e+02 1.272995e+03  
3.228628e-01 2.332000e+02 4.911716e+02 7.287090e+02 1.257382e+03  
3.273634e-01 2.294732e+02 4.840834e+02 7.189805e+02 1.242691e+03  
3.319266e-01 2.257428e+02 4.769931e+02 7.092418e+02 1.227943e+03  
3.365535e-01 2.217601e+02 4.694791e+02 6.989277e+02 1.212267e+03  
3.412449e-01 2.173622e+02 4.612674e+02 6.876714e+02 1.195099e+03  
3.460016e-01 2.125090e+02 4.522928e+02 6.753873e+02 1.176312e+03  
3.508247e-01 2.072756e+02 4.426846e+02 6.622508e+02 1.156184e+03  
3.557150e-01 2.018107e+02 4.326971e+02 6.486045e+02 1.135250e+03  
3.606735e-01 1.963019e+02 4.226477e+02 6.348749e+02 1.114172e+03  
3.657011e-01 1.909498e+02 4.128750e+02 6.215149e+02 1.093645e+03  
3.707988e-01 1.859437e+02 4.036962e+02 6.089471e+02 1.074316e+03  
3.759675e-01 1.814077e+02 3.953180e+02 5.974452e+02 1.056595e+03  
3.812083e-01 1.773724e+02 3.877883e+02 5.870706e+02 1.040569e+03  
3.865221e-01 1.737706e+02 3.809923e+02 5.776684e+02 1.025996e+03  
3.919100e-01 1.704799e+02 3.747221e+02 5.689608e+02 1.012451e+03  
3.973730e-01 1.673472e+02 3.687210e+02 5.606058e+02 9.994125e+02  
4.029122e-01 1.642135e+02 3.627229e+02 5.522498e+02 9.863462e+02  
4.085286e-01 1.609509e+02 3.565154e+02 5.436118e+02 9.728296e+02  
4.142232e-01 1.575018e+02 3.500040e+02 5.345678e+02 9.586804e+02  
4.199973e-01 1.538935e+02 3.432356e+02 5.251815e+02 9.440000e+02  
4.258518e-01 1.502015e+02 3.363369e+02 5.156221e+02 9.290481e+02  
4.317880e-01 1.465297e+02 3.294808e+02 5.061192e+02 9.141722e+02  
4.378069e-01 1.429948e+02 3.228603e+02 4.969277e+02 8.997534e+02  
4.439097e-01 1.396902e+02 3.166286e+02 4.882484e+02 8.860885e+02  
4.500975e-01 1.366445e+02 3.108312e+02 4.801401e+02 8.732601e+02  
4.563716e-01 1.338293e+02 3.054195e+02 4.725373e+02 8.611668e+02  
4.627332e-01 1.311826e+02 3.002902e+02 4.653032e+02 8.496034e+02  
4.691835e-01 1.286219e+02 2.953074e+02 4.582831e+02 8.383049e+02  
4.757236e-01 1.260589e+02 2.903262e+02 4.512395e+02 8.269935e+02  
4.823549e-01 1.234440e+02 2.852664e+02 4.440673e+02 8.155187e+02  
4.890787e-01 1.207793e+02 2.801318e+02 4.368215e+02 8.038932e+02  
4.958962e-01 1.181007e+02 2.749819e+02 4.295564e+02 7.922342e+02  
5.028087e-01 1.154554e+02 2.698938e+02 4.223727e+02 7.806897e+02  
5.098176e-01 1.129052e+02 2.649673e+02 4.154003e+02 7.694472e+02  
5.169242e-01 1.104906e+02 2.602672e+02 4.087224e+02 7.586249e+02  
5.241298e-01 1.082096e+02 2.557892e+02 4.023328e+02 7.482108e+02  
5.314359e-01 1.060352e+02 2.514890e+02 3.961732e+02 7.381194e+02  
5.388438e-01 1.039305e+02 2.473066e+02 3.901657e+02 7.282387e+02  
5.463550e-01 1.018504e+02 2.431695e+02 3.842171e+02 7.184365e+02  
5.539709e-01 9.976976e+01 2.390377e+02 3.782761e+02 7.086422e+02  
5.616930e-01 9.769508e+01 2.349220e+02 3.723572e+02 6.988774e+02  
5.695227e-01 9.564212e+01 2.308476e+02 3.664931e+02 6.891894e+02  
5.774615e-01 9.363809e+01 2.268578e+02 3.607392e+02 6.796557e+02  
5.855110e-01 9.170849e+01 2.229926e+02 3.551462e+02 6.703458e+02  
5.936727e-01 8.985577e+01 2.192554e+02 3.497179e+02 6.612634e+02  
6.019482e-01 8.807015e+01 2.156301e+02 3.444079e+02 6.523788e+02  
6.103390e-01 8.633418e+01 2.120890e+02 3.392317e+02 6.436427e+02  
6.188468e-01 8.462523e+01 2.085964e+02 3.341451e+02 6.349941e+02  
6.274732e-01 8.293548e+01 2.051402e+02 3.290809e+02 6.264131e+02  
6.362198e-01 8.126952e+01 2.017277e+02 3.240743e+02 6.179130e+02  
6.450884e-01 7.963914e+01 1.983770e+02 3.191483e+02 6.095245e+02  
6.540806e-01 7.805600e+01 1.951060e+02 3.143249e+02 6.012768e+02  
6.631981e-01 7.652149e+01 1.919167e+02 3.096064e+02 5.931716e+02  
6.724427e-01 7.502948e+01 1.887991e+02 3.049802e+02 5.851923e+02  
6.818162e-01 7.357300e+01 1.857425e+02 3.004327e+02 5.773206e+02  
6.913204e-01 7.214484e+01 1.827356e+02 2.959501e+02 5.695386e+02  
7.009570e-01 7.074308e+01 1.797755e+02 2.915288e+02 5.618417e+02  
7.107280e-01 6.937036e+01 1.768661e+02 2.871734e+02 5.542360e+02  
7.206351e-01 6.802954e+01 1.740116e+02 2.828893e+02 5.467279e+02  
7.306804e-01 6.672281e+01 1.712151e+02 2.786798e+02 5.393215e+02  
7.408657e-01 6.544862e+01 1.684741e+02 2.745420e+02 5.320125e+02  
7.511929e-01 6.420427e+01 1.657843e+02 2.704704e+02 5.247941e+02  
7.616642e-01 6.298678e+01 1.631411e+02 2.664596e+02 5.176592e+02  
7.722814e-01 6.179441e+01 1.605420e+02 2.625062e+02 5.106038e+02  
7.830465e-01 6.062742e+01 1.579871e+02 2.586104e+02 5.036280e+02  
7.939618e-01 5.948619e+01 1.554768e+02 2.547729e+02 4.967322e+02  
8.050292e-01 5.837098e+01 1.530115e+02 2.509936e+02 4.899164e+02  
8.162509e-01 5.728118e+01 1.505901e+02 2.472714e+02 4.831789e+02  
8.276289e-01 5.621566e+01 1.482107e+02 2.436040e+02 4.765169e+02  
8.391656e-01 5.517313e+01 1.458715e+02 2.399889e+02 4.699273e+02  
8.508632e-01 5.415250e+01 1.435706e+02 2.364243e+02 4.634078e+02  
8.627237e-01 5.315348e+01 1.413077e+02 2.329093e+02 4.569574e+02  
8.747496e-01 5.217583e+01 1.390821e+02 2.294434e+02 4.505753e+02  
8.869432e-01 5.121927e+01 1.368935e+02 2.260259e+02 4.442607e+02  
8.993067e-01 5.028335e+01 1.347410e+02 2.226558e+02 4.380123e+02  
9.118425e-01 4.936748e+01 1.326237e+02 2.193321e+02 4.318286e+02  
9.245531e-01 4.847100e+01 1.305405e+02 2.160533e+02 4.257083e+02  
9.374409e-01 4.759320e+01 1.284904e+02 2.128183e+02 4.196498e+02  
9.505083e-01 4.673363e+01 1.264726e+02 2.096262e+02 4.136520e+02  
9.637579e-01 4.589188e+01 1.244865e+02 2.064761e+02 4.077141e+02  
9.771921e-01 4.506748e+01 1.225312e+02 2.033672e+02 4.018349e+02  
9.908137e-01 4.425995e+01 1.206061e+02 2.002985e+02 3.960136e+02  
1.004625e+00 4.346894e+01 1.187105e+02 1.972693e+02 3.902492e+02  
1.018629e+00 4.269404e+01 1.168439e+02 1.942790e+02 3.845411e+02  
1.032828e+00 4.193477e+01 1.150055e+02 1.913266e+02 3.788882e+02  
1.047225e+00 4.119075e+01 1.131946e+02 1.884114e+02 3.732898e+02  
1.061823e+00 4.046159e+01 1.114106e+02 1.855327e+02 3.677452e+02  
1.076624e+00 3.974687e+01 1.096530e+02 1.826898e+02 3.622537e+02  
1.091632e+00 3.904615e+01 1.079211e+02 1.798819e+02 3.568145e+02  
1.106848e+00 3.835916e+01 1.062144e+02 1.771086e+02 3.514271e+02  
1.122277e+00 3.768561e+01 1.045324e+02 1.743693e+02 3.460911e+02  
1.137921e+00 3.702516e+01 1.028747e+02 1.716634e+02 3.408059e+02  
1.153783e+00 3.637749e+01 1.012407e+02 1.689904e+02 3.355711e+02  
1.169866e+00 3.574229e+01 9.963001e+01 1.663498e+02 3.303861e+02  
1.186174e+00 3.511922e+01 9.804208e+01 1.637409e+02 3.252506e+02  
1.202708e+00 3.450790e+01 9.647639e+01 1.611632e+02 3.201640e+02  
1.219473e+00 3.390807e+01 9.493252e+01 1.586163e+02 3.151260e+02  
1.236472e+00 3.331948e+01 9.341011e+01 1.560998e+02 3.101363e+02  
1.253708e+00 3.274184e+01 9.190872e+01 1.536131e+02 3.051946e+02  
1.271184e+00 3.217488e+01 9.042797e+01 1.511560e+02 3.003006e+02  
1.288904e+00 3.161836e+01 8.896749e+01 1.487279e+02 2.954541e+02  
1.306870e+00 3.107204e+01 8.752695e+01 1.463286e+02 2.906549e+02  
1.325087e+00 3.053565e+01 8.610594e+01 1.439576e+02 2.859027e+02  
1.343558e+00 3.000895e+01 8.470413e+01 1.416146e+02 2.811974e+02  
1.362287e+00 2.949174e+01 8.332123e+01 1.392993e+02 2.765388e+02  
1.381276e+00 2.898379e+01 8.195690e+01 1.370114e+02 2.719267e+02  
1.400531e+00 2.848487e+01 8.061083e+01 1.347504e+02 2.673611e+02  
1.420053e+00 2.799477e+01 7.928273e+01 1.325162e+02 2.628418e+02  
1.439848e+00 2.751330e+01 7.797231e+01 1.303084e+02 2.583687e+02  
1.459919e+00 2.704023e+01 7.667928e+01 1.281267e+02 2.539418e+02  
1.480269e+00 2.657536e+01 7.540336e+01 1.259709e+02 2.495610e+02  
1.500903e+00 2.611852e+01 7.414432e+01 1.238408e+02 2.452262e+02  
1.521825e+00 2.566954e+01 7.290190e+01 1.217361e+02 2.409375e+02  
1.543038e+00 2.522821e+01 7.167584e+01 1.196565e+02 2.366947e+02  
1.564548e+00 2.479438e+01 7.046593e+01 1.176018e+02 2.324980e+02  
1.586357e+00 2.436790e+01 6.927196e+01 1.155718e+02 2.283472e+02  
1.608469e+00 2.394858e+01 6.809370e+01 1.135664e+02 2.242424e+02  
1.630891e+00 2.353628e+01 6.693094e+01 1.115853e+02 2.201835e+02  
1.653624e+00 2.313085e+01 6.578348e+01 1.096282e+02 2.161707e+02  
1.676675e+00 2.273214e+01 6.465113e+01 1.076952e+02 2.122040e+02  
1.700047e+00 2.234001e+01 6.353369e+01 1.057858e+02 2.082832e+02  
1.723745e+00 2.195430e+01 6.243098e+01 1.039000e+02 2.044086e+02  
1.747773e+00 2.157491e+01 6.134282e+01 1.020377e+02 2.005800e+02  
1.772136e+00 2.120169e+01 6.026905e+01 1.001985e+02 1.967976e+02  
1.796838e+00 2.083450e+01 5.920949e+01 9.838249e+01 1.930614e+02  
1.821885e+00 2.047323e+01 5.816398e+01 9.658936e+01 1.893713e+02  
1.847281e+00 2.011777e+01 5.713237e+01 9.481901e+01 1.857275e+02  
1.873032e+00 1.976798e+01 5.611449e+01 9.307128e+01 1.821299e+02  
1.899141e+00 1.942374e+01 5.511020e+01 9.134604e+01 1.785785e+02  
1.925614e+00 1.908497e+01 5.411936e+01 8.964314e+01 1.750734e+02  
1.952456e+00 1.875155e+01 5.314182e+01 8.796245e+01 1.716146e+02  
1.979672e+00 1.842337e+01 5.217746e+01 8.630384e+01 1.682020e+02  
2.007267e+00 1.810035e+01 5.122613e+01 8.466718e+01 1.648356e+02  
2.035248e+00 1.778238e+01 5.028773e+01 8.305234e+01 1.615155e+02  
2.063618e+00 1.746937e+01 4.936543e+01 8.145920e+01 1.582416e+02  
2.092383e+00 1.716123e+01 4.844915e+01 7.988762e+01 1.550138e+02  
2.121550e+00 1.685787e+01 4.754873e+01 7.833749e+01 1.518321e+02  
2.151123e+00 1.655922e+01 4.666074e+01 7.680868e+01 1.486964e+02  
2.181109e+00 1.626516e+01 4.578506e+01 7.530108e+01 1.456067e+02  
2.211512e+00 1.597563e+01 4.492156e+01 7.381456e+01 1.425628e+02  
2.242340e+00 1.569055e+01 4.407016e+01 7.234900e+01 1.395647e+02  
2.273597e+00 1.540984e+01 4.323072e+01 7.090429e+01 1.366122e+02  
2.305289e+00 1.513343e+01 4.240316e+01 6.948030e+01 1.337053e+02  
2.337424e+00 1.486125e+01 4.158736e+01 6.807692e+01 1.308436e+02  
2.370006e+00 1.459323e+01 4.078322e+01 6.669404e+01 1.280272e+02  
2.403043e+00 1.432929e+01 3.999063e+01 6.533152e+01 1.252558e+02  
2.436540e+00 1.406937e+01 3.920950e+01 6.398925e+01 1.225292e+02  
2.470504e+00 1.381341e+01 3.843973e+01 6.266711e+01 1.198472e+02  
2.504942e+00 1.356135e+01 3.768122e+01 6.136499e+01 1.172095e+02  
2.539859e+00 1.331313e+01 3.693387e+01 6.008275e+01 1.146161e+02  
2.575263e+00 1.306868e+01 3.619760e+01 5.882028e+01 1.120665e+02  
2.611161e+00 1.282795e+01 3.547229e+01 5.757745e+01 1.095605e+02  
2.647559e+00 1.259089e+01 3.475786e+01 5.635413e+01 1.070979e+02  
2.684465e+00 1.235742e+01 3.405422e+01 5.515020e+01 1.046782e+02  
2.721885e+00 1.212751e+01 3.336127e+01 5.396553e+01 1.023013e+02  
2.759826e+00 1.190111e+01 3.267891e+01 5.279998e+01 9.996684e+01  
2.798297e+00 1.167815e+01 3.200707e+01 5.165343e+01 9.767438e+01  
2.837304e+00 1.145860e+01 3.134565e+01 5.052574e+01 9.542362e+01  
2.876854e+00 1.124241e+01 3.069456e+01 4.941677e+01 9.321420e+01  
2.916956e+00 1.102953e+01 3.005370e+01 4.832638e+01 9.104573e+01  
2.957617e+00 1.081991e+01 2.942300e+01 4.725443e+01 8.891783e+01  
2.998844e+00 1.061352e+01 2.880236e+01 4.620079e+01 8.683010e+01  
3.040646e+00 1.041030e+01 2.819169e+01 4.516529e+01 8.478213e+01  
3.083031e+00 1.021021e+01 2.759090e+01 4.414781e+01 8.277350e+01  
3.126007e+00 1.001322e+01 2.699991e+01 4.314816e+01 8.080379e+01  
3.169582e+00 9.819279e+00 2.641863e+01 4.216622e+01 7.887255e+01  
3.213764e+00 9.628351e+00 2.584696e+01 4.120181e+01 7.697935e+01  
3.258562e+00 9.440396e+00 2.528482e+01 4.025478e+01 7.512374e+01  
3.303985e+00 9.255377e+00 2.473213e+01 3.932496e+01 7.330526e+01  
3.350041e+00 9.073257e+00 2.418878e+01 3.841221e+01 7.152346e+01  
3.396739e+00 8.894001e+00 2.365471e+01 3.751634e+01 6.973541e+01  
3.444087e+00 8.717570e+00 2.312981e+01 3.663718e+01 6.806800e+01  
3.492096e+00 8.543931e+00 2.261400e+01 3.577457e+01 6.639340e+01  
3.540774e+00 8.373049e+00 2.210719e+01 3.492833e+01 6.479604e+01  
3.590130e+00 8.204890e+00 2.160929e+01 3.409829e+01 6.314807e+01  
3.640175e+00 8.039419e+00 2.112020e+01 3.328427e+01 6.157638e+01  
3.690917e+00 7.876606e+00 2.063986e+01 3.248608e+01 6.003802e+01  
3.742366e+00 7.716417e+00 2.016815e+01 3.170354e+01 5.853251e+01  
3.794533e+00 7.558821e+00 1.970500e+01 3.093647e+01 5.705936e+01  
3.847427e+00 7.403787e+00 1.925030e+01 3.018468e+01 5.561809e+01  
3.901058e+00 7.251284e+00 1.880398e+01 2.944799e+01 5.420819e+01  
3.955436e+00 7.101281e+00 1.836595e+01 2.872620e+01 5.282919e+01  
4.010573e+00 6.953749e+00 1.793610e+01 2.801913e+01 5.148060e+01  
4.066478e+00 6.808657e+00 1.751434e+01 2.732658e+01 5.016192e+01  
4.123163e+00 6.665977e+00 1.710060e+01 2.664836e+01 4.887268e+01  
4.180637e+00 6.525680e+00 1.669477e+01 2.598427e+01 4.761238e+01  
4.238913e+00 6.387737e+00 1.629676e+01 2.533412e+01 4.638055e+01  
4.298001e+00 6.252120e+00 1.590648e+01 2.469772e+01 4.517670e+01  
4.357913e+00 6.118802e+00 1.552384e+01 2.407486e+01 4.400035e+01  
4.418660e+00 5.987753e+00 1.514874e+01 2.346535e+01 4.285103e+01  
4.480254e+00 5.858948e+00 1.478108e+01 2.286899e+01 4.172827e+01  
4.542706e+00 5.732359e+00 1.442079e+01 2.228559e+01 4.063158e+01  
4.606029e+00 5.607960e+00 1.406775e+01 2.171494e+01 3.956050e+01  
4.670234e+00 5.485723e+00 1.372188e+01 2.115686e+01 3.851456e+01  
4.735335e+00 5.365622e+00 1.338308e+01 2.061113e+01 3.749330e+01  
4.801343e+00 5.247633e+00 1.305125e+01 2.007758e+01 3.649627e+01  
4.868271e+00 5.131728e+00 1.272631e+01 1.955598e+01 3.552301e+01  
4.936132e+00 5.017881e+00 1.240815e+01 1.904616e+01 3.457305e+01  
5.004939e+00 4.906069e+00 1.209669e+01 1.854792e+01 3.364597e+01  
5.074705e+00 4.796264e+00 1.179182e+01 1.806106e+01 3.274131e+01  
5.145444e+00 4.688443e+00 1.149345e+01 1.758538e+01 3.185863e+01  
5.217169e+00 4.582580e+00 1.120148e+01 1.712068e+01 3.099751e+01  
5.289893e+00 4.478981e+00 1.091582e+01 1.666680e+01 3.015751e+01  
5.363631e+00 4.376631e+00 1.063637e+01 1.622352e+01 2.933820e+01  
5.438397e+00 4.276151e+00 1.036305e+01 1.579066e+01 2.853917e+01  
5.514206e+00 4.178223e+00 1.009574e+01 1.536802e+01 2.775999e+01  
5.591071e+00 4.081786e+00 9.834361e+00 1.495543e+01 2.700026e+01  
5.669007e+00 3.987161e+00 9.578815e+00 1.455269e+01 2.625956e+01  
5.748030e+00 3.894326e+00 9.329008e+00 1.415962e+01 2.553751e+01  
5.828155e+00 3.803257e+00 9.084844e+00 1.377603e+01 2.483370e+01  
5.909396e+00 3.713931e+00 8.846230e+00 1.340175e+01 2.414773e+01  
5.991770e+00 3.626324e+00 8.613072e+00 1.303659e+01 2.347924e+01  
6.075292e+00 3.540413e+00 8.385288e+00 1.268038e+01 2.282783e+01  
6.159978e+00 3.456177e+00 8.162752e+00 1.233293e+01 2.219316e+01  
6.245845e+00 3.373589e+00 7.945394e+00 1.199408e+01 2.157483e+01  
6.332908e+00 3.292630e+00 7.733134e+00 1.166364e+01 2.097248e+01  
6.421186e+00 3.213277e+00 7.525880e+00 1.134145e+01 2.038575e+01  
6.510694e+00 3.135507e+00 7.323519e+00 1.102734e+01 1.981430e+01  
6.601449e+00 3.059298e+00 7.125973e+00 1.072115e+01 1.925776e+01  
6.693470e+00 2.984628e+00 6.933152e+00 1.042269e+01 1.871582e+01  
6.786773e+00 2.911476e+00 6.744969e+00 1.013179e+01 1.818812e+01  
6.881377e+00 2.839819e+00 6.561334e+00 9.848372e+00 1.767434e+01  
6.977300e+00 2.769639e+00 6.382161e+00 9.572184e+00 1.717416e+01  
7.074559e+00 2.700908e+00 6.207364e+00 9.303101e+00 1.668727e+01  
7.173175e+00 2.633603e+00 6.036856e+00 9.032252e+00 1.621334e+01  
7.273165e+00 2.567710e+00 5.870554e+00 8.785632e+00 1.575206e+01  
7.374549e+00 2.503212e+00 5.708374e+00 8.536943e+00 1.530314e+01  
7.477346e+00 2.440078e+00 5.550232e+00 8.294753e+00 1.486627e+01  
7.581576e+00 2.378291e+00 5.396046e+00 8.058916e+00 1.444125e+01  
7.687260e+00 2.317830e+00 5.245736e+00 7.829287e+00 1.402757e+01  
7.794416e+00 2.258675e+00 5.099221e+00 7.605726e+00 1.362516e+01  
7.903066e+00 2.200804e+00 4.956423e+00 7.388094e+00 1.323363e+01  
8.013230e+00 2.144198e+00 4.817262e+00 7.176253e+00 1.285290e+01  
8.124930e+00 2.088837e+00 4.681576e+00 6.970070e+00 1.248251e+01  
8.238187e+00 2.034701e+00 4.549546e+00 6.769411e+00 1.212226e+01  
8.353023e+00 1.981769e+00 4.420839e+00 6.574147e+00 1.177189e+01  
8.469460e+00 1.930021e+00 4.295467e+00 6.384306e+00 1.143115e+01  
8.587519e+00 1.879439e+00 4.173357e+00 6.199293e+00 1.109981e+01  
8.707225e+00 1.830002e+00 4.054436e+00 6.019455e+00 1.077763e+01  
8.828599e+00 1.781692e+00 3.938635e+00 5.844514e+00 1.046438e+01  
8.951665e+00 1.734488e+00 3.825882e+00 5.674352e+00 1.015982e+01  
9.076446e+00 1.688372e+00 3.716109e+00 5.508851e+00 9.863744e+00  
9.202967e+00 1.643304e+00 3.609247e+00 5.347897e+00 9.575924e+00  
9.331251e+00 1.599327e+00 3.505231e+00 5.191379e+00 9.296149e+00  
9.461324e+00 1.556361e+00 3.403995e+00 5.039186e+00 9.024214e+00  
9.593209e+00 1.514407e+00 3.305473e+00 4.891210e+00 8.759919e+00  
9.726934e+00 1.473447e+00 3.209603e+00 4.747346e+00 8.503065e+00  
9.862522e+00 1.433463e+00 3.116323e+00 4.607490e+00 8.253457e+00  
1.000000e+01 1.394437e+00 3.025569e+00 4.471542e+00 8.010987e+00  
