0.010000 5023.842105 9088.707279 12072.115234 15437.302647
0.010139 5055.118108 9147.084925 12152.376320 15576.416634
0.010281 5085.985164 9204.710788 12231.664591 15714.575536
0.010424 5116.443459 9261.590600 12310.068070 15851.769945
0.010569 5146.464100 9317.676384 12387.477604 15987.893690
0.010717 5176.014294 9372.897057 12463.717911 16122.758572
0.010866 5205.086474 9427.223745 12538.764071 16256.304792
0.011018 5233.673089 9480.667019 12612.704406 16388.545804
0.011171 5261.744260 9533.159577 12685.467201 16519.381069
0.011327 5289.276897 9584.650418 12756.990107 16648.676490
0.011485 5316.253742 9635.124148 12827.182374 16776.338102
0.011645 5342.648789 9684.536498 12895.990966 16902.271397
0.011807 5368.438947 9732.857647 12963.372310 17026.373065
0.011972 5393.622531 9780.056821 13029.358648 17148.638930
0.012139 5418.178418 9826.083957 13093.821303 17268.982068
0.012308 5442.052383 9870.869655 13156.564978 17387.206602
0.012479 5465.243733 9914.383110 13217.593356 17503.257598
0.012653 5487.735242 9956.622539 13276.919805 17617.080237
0.012830 5509.508722 9997.537877 13334.538883 17728.552460
0.013009 5530.524549 10037.079051 13390.359683 17837.534777
0.013190 5550.775263 10075.205658 13444.386421 17943.929375
0.013374 5570.234897 10111.886989 13496.442504 18047.629774
0.013560 5588.870659 10147.053617 13546.465441 18148.571834
0.013749 5606.672197 10180.684535 13594.364144 18246.640469
0.013941 5623.617470 10212.739393 13640.142923 18341.711818
0.014135 5639.677612 10243.168164 13683.768082 18433.610311
0.014332 5654.820834 10271.901420 13725.167809 18522.331589
0.014532 5669.058321 10298.966761 13764.394602 18607.984310
0.014735 5682.356365 10324.304534 13801.348199 18690.368265
0.014940 5694.659764 10347.835653 13835.803839 18769.204491
0.015148 5706.045233 10369.675307 13867.957880 18844.655058
0.015359 5716.459578 10389.754271 13897.748559 18916.562859
0.015573 5725.839820 10407.935249 13925.008684 18984.779197
0.015791 5734.170870 10424.168365 13949.666827 19049.163923
0.016011 5741.416148 10438.423213 13971.651596 19109.620599
0.016234 5747.556684 10450.659697 13990.853229 19166.018046
0.016460 5752.566675 10460.798813 14007.229193 19218.207586
0.016690 5756.411530 10468.829698 14020.804370 19266.040511
0.016922 5759.099726 10474.731811 14031.488457 19309.535832
0.017158 5760.616286 10478.465182 14039.220040 19348.784699
0.017397 5760.946254 10480.019102 14044.005177 19383.658637
0.017640 5760.056090 10479.324441 14045.724903 19413.851760
0.017886 5757.915204 10476.331562 14044.346955 19439.234940
0.018135 5754.516523 10471.010357 14039.819922 19459.830806
0.018388 5749.840267 10463.379535 14032.121427 19475.672294
0.018644 5743.872554 10453.370071 14021.209937 19486.677460
0.018904 5736.602463 10440.961741 14007.063345 19492.764913
0.019167 5728.014197 10426.124607 13989.621046 19493.790970
0.019435 5718.091978 10408.838532 13968.870831 19489.701985
0.019706 5706.804365 10389.063892 13944.684638 19480.327942
0.019980 5694.150323 10366.790395 13917.089107 19465.706288
0.020259 5680.154337 10342.007805 13886.140118 19445.893854
0.020541 5664.798765 10314.725479 13851.748623 19420.858334
0.020828 5648.053229 10284.874642 13813.883690 19390.559119
0.021118 5629.898157 10252.484289 13772.533868 19354.865473
0.021412 5610.447405 10217.691059 13727.881638 19313.883229
0.021711 5590.208306 10181.199026 13680.701173 19268.193377
0.022013 5568.573812 10142.137850 13630.012790 19217.003771
0.022320 5545.549940 10100.517174 13575.854042 19160.486676
0.022631 5521.104464 10056.297765 13518.136521 19098.605721
0.022947 5495.259143 10009.499139 13456.917427 19031.242598
0.023267 5468.073064 9960.228971 13392.322125 18958.554245
0.023591 5439.530752 9908.477561 13324.340277 18880.497025
0.023920 5409.596132 9854.166699 13252.864484 18796.990884
0.024253 5378.300874 9797.345483 13177.942814 18708.149344
0.024591 5345.679622 9738.093445 13099.720712 18614.087065
0.024934 5311.740534 9676.414768 13018.188294 18514.781290
0.025282 5276.485896 9612.324449 12933.364933 18410.292813
0.025634 5239.961214 9545.889462 12845.318753 18300.710926
0.025991 5202.177648 9477.139605 12754.118028 18186.144280
0.026354 5163.154230 9406.113545 12659.801969 18066.646722
0.026721 5122.933578 9332.866660 12562.478053 17942.328401
0.027094 5081.532792 9257.458302 12462.185746 17813.309553
0.027471 5038.994525 9179.941994 12359.023058 17679.673962
0.027854 4995.289734 9100.321295 12252.980946 17541.505998
0.028242 4950.227297 9018.312447 12143.796967 17398.638676
0.028636 4904.153424 8934.443694 12032.085939 17251.623635
0.029035 4857.107875 8848.776611 11917.878172 17100.603595
0.029440 4809.131400 8761.408127 11801.330828 16945.721950
0.029850 4760.271634 8672.409715 11682.542686 16787.169575
0.030266 4710.590956 8581.880354 11561.671171 16625.166273
0.030688 4660.135049 8489.913183 11438.834808 16459.904546
0.031116 4608.974163 8396.643573 11314.210790 16291.587010
0.031550 4557.155952 8302.179466 11187.908099 16120.445209
0.031990 4504.743793 8206.616081 11060.104156 15946.673823
0.032436 4451.797130 8110.060446 10930.878826 15770.486987
0.032888 4398.387198 8012.628450 10800.478096 15592.099489
0.033346 4344.573439 7914.454661 10669.030858 15411.811678
0.033811 4290.437888 7815.672693 10536.734476 15229.858663
0.034282 4236.046852 7716.411278 10403.747321 15046.513991
0.034760 4181.380157 7616.936605 10270.765535 14863.811725
0.035245 4126.595481 7517.236081 10137.458988 14680.260368
0.035736 4071.764016 7417.437499 10003.956923 14496.069086
0.036234 4016.962841 7317.671604 9870.476646 14311.485395
0.036739 3962.278848 7218.089764 9737.219896 14126.852233
0.037251 3907.789084 7118.843347 9604.386518 13942.465821
0.037771 3853.556828 7020.043464 9472.126510 13758.546932
0.038297 3799.655164 6921.835581 9340.623168 13575.364246
0.038831 3746.156178 6824.344530 9210.054934 13393.205941
0.039372 3693.128987 6727.706912 9080.602230 13212.332110
0.039921 3640.656445 6632.067161 8952.442569 13033.041359
0.040478 3588.789942 6537.483277 8825.655568 12855.346617
0.041042 3537.442294 6443.329808 8698.830432 12675.662340
0.041614 3486.845654 6350.524871 8573.831549 12498.339325
0.042194 3437.068048 6259.206895 8450.816900 12323.649157
0.042782 3388.172564 6169.475971 8329.933678 12151.806339
0.043379 3340.205563 6081.436072 8211.309462 11983.025513
0.043983 3293.220258 5995.200942 8095.084533 11817.463997
0.044596 3247.266893 5910.845984 7981.375628 11655.336555
0.045218 3202.386839 5828.445562 7870.284738 11496.838879
0.045848 3158.620463 5748.074970 7761.916746 11342.128332
0.046487 3116.023825 5669.802572 7656.385298 11191.314244
0.047135 3074.696182 5594.522265 7555.584809 11049.171516
0.047792 3034.616907 5521.913447 7458.820534 10913.904969
0.048459 2995.753569 5451.507292 7365.005341 10782.754019
0.049134 2958.122832 5383.337556 7274.173162 10655.769177
0.049819 2921.737409 5317.421253 7186.355889 10533.000666
0.050513 2886.596237 5253.757672 7101.551018 10414.431048
0.051218 2852.690375 5192.323480 7019.742232 10300.080990
0.051931 2819.987291 5133.072727 6940.889596 10189.893759
0.052655 2788.467205 5075.965311 6864.910918 10083.754331
0.053389 2757.888382 5020.124205 6790.148248 9978.018323
0.054134 2728.173107 4965.333842 6716.243567 9871.947834
0.054888 2699.549040 4912.544058 6645.022471 9769.686335
0.055653 2671.951176 4861.630283 6576.316177 9671.001220
0.056429 2645.270326 4812.378698 6509.866588 9575.504696
0.057216 2619.420872 4764.620637 6445.431218 9482.840931
0.058013 2594.466413 4718.471825 6383.165633 9393.252496
0.058822 2570.491128 4674.116527 6323.321431 9307.107754
0.059642 2547.516335 4631.867304 6266.586496 9226.234719
0.060473 2525.470089 4592.059064 6213.933941 9153.461045
0.061316 2503.665124 4552.687068 6161.854698 9081.430011
0.062171 2481.857926 4513.303711 6109.738307 9009.240782
0.063038 2460.027798 4473.869226 6057.537155 8936.836711
0.063916 2438.181518 4434.402652 6005.278162 8864.252103
0.064807 2416.291533 4394.859356 5952.900009 8791.385614
0.065711 2394.223377 4354.989068 5900.069842 8717.752924
0.066627 2370.698993 4310.685500 5839.287815 8626.876928
0.067555 2346.626925 4265.333896 5777.021526 8533.549412
0.068497 2321.919045 4218.838371 5713.191490 8437.843234
0.069452 2296.458853 4170.991565 5647.527182 8339.367688
0.070420 2270.131895 4121.590223 5579.758221 8237.725028
0.071402 2242.843408 4070.456720 5509.638892 8132.560009
0.072397 2214.740813 4018.108147 5438.162241 8026.321900
0.073406 2185.785291 3964.517481 5365.353005 7919.238490
0.074429 2155.608851 3908.717094 5289.556745 7807.663779
0.075467 2124.146495 3850.599524 5210.623478 7691.386817
0.076519 2091.364671 3790.109277 5128.479817 7570.304608
0.077585 2057.255377 3727.236918 5043.097601 7444.381404
0.078667 2022.589199 3664.450808 4958.866338 7322.827290
0.079763 1987.883659 3603.330267 4878.596028 7211.481090
0.080875 1951.890969 3539.824226 4795.043556 7095.064823
0.082003 1914.676772 3474.048477 4708.366178 6973.799665
0.083146 1876.337074 3406.180284 4618.781894 6847.990811
0.084305 1836.988429 3336.434881 4526.550800 6718.028459
0.085480 1796.199602 3263.046839 4428.334298 6576.615384
0.086671 1754.448317 3187.450875 4326.620763 6428.725225
0.087880 1712.207081 3110.966255 4223.655518 6278.821010
0.089105 1669.674346 3033.937036 4119.909471 6127.610958
0.090347 1627.059181 2956.732280 4015.892369 5975.843424
0.091606 1585.310124 2882.126304 3916.337605 5832.920482
0.092883 1544.557212 2810.230150 3821.265927 5698.583481
0.094178 1504.326830 2739.201250 3727.261283 5565.508832
0.095490 1464.853659 2669.469307 3634.898254 5434.583699
0.096822 1426.354557 2601.420667 3544.707917 5306.594941
0.098171 1389.394461 2536.627142 3459.352492 5186.727276
0.099540 1353.916259 2474.631632 3377.872607 5072.763240
0.100927 1319.963294 2415.304208 3299.905989 4963.729150
0.102334 1287.687983 2358.942685 3225.879006 4860.270307
0.103761 1256.649968 2304.080838 3153.108463 4756.884247
0.105207 1225.380634 2246.108143 3073.552881 4637.396562
0.106673 1196.193928 2191.975278 2999.241979 4525.750270
0.108160 1169.110826 2141.721958 2930.253894 4422.064164
0.109668 1144.126866 2095.345988 2866.584599 4326.366055
0.111197 1121.278349 2053.043886 2808.456817 4238.346949
0.112747 1100.421506 2014.403798 2755.329276 4157.810199
0.114318 1081.411710 1979.186863 2706.889919 4084.337252
0.115912 1064.115146 1947.140890 2662.782101 4017.384018
0.117528 1048.846862 1919.235281 2624.606926 3959.815973
0.119166 1034.960102 1893.898330 2589.976550 3907.592438
0.120827 1022.156538 1870.552635 2558.109377 3859.511995
0.122511 1010.131504 1848.590669 2528.069254 3814.131319
0.124219 998.067902 1826.029770 2496.831447 3766.587993
0.125951 986.269484 1803.964306 2466.283040 3720.088177
0.127706 974.455315 1781.881977 2435.725945 3673.543603
0.129487 962.563910 1759.752303 2405.059953 3626.377136
0.131292 950.342397 1737.112370 2373.669912 3577.604333
0.133122 937.286832 1712.960656 2340.199858 3525.711103
0.134977 923.203223 1686.997681 2304.272162 3470.248018
0.136859 908.957087 1662.444533 2272.283437 3426.472713
0.138766 893.344361 1635.359322 2236.798423 3377.331922
0.140701 876.293138 1605.613070 2197.609468 3322.485872
0.142662 858.820543 1575.672810 2158.337433 3266.992791
0.144651 840.277241 1543.897637 2116.551863 3207.464073
0.146667 820.450584 1509.685718 2071.338753 3142.613845
0.148711 798.014879 1469.185879 2016.575516 3061.968867
0.150784 773.752533 1424.381736 1955.240992 2970.492432
0.152886 749.056984 1378.767900 1892.794707 2877.250109
0.155018 726.195518 1338.643078 1839.644725 2801.643539
0.157178 704.817566 1302.659393 1793.299245 2738.599902
0.159369 683.814420 1267.176551 1747.472929 2675.901257
0.161591 664.183709 1234.601355 1705.770596 2619.550633
0.163843 645.803896 1204.384825 1667.305917 2567.879275
0.166127 628.629867 1176.204050 1631.511845 2519.852736
0.168443 610.067683 1142.835524 1586.708524 2455.267869
0.170791 592.846050 1111.612217 1544.634607 2394.300489
0.173172 577.753698 1084.583837 1508.421426 2342.121298
0.175586 565.844182 1064.525562 1482.232520 2304.815605
0.178033 555.562747 1047.454723 1460.150716 2273.733393
0.180515 544.963277 1027.501717 1432.065867 2229.261205
0.183031 534.593409 1006.647260 1401.567122 2178.663820
0.185583 525.303857 987.996496 1374.361080 2133.759525
0.188169 516.798661 971.720450 1351.707013 2099.103788
0.190792 508.710804 956.239381 1330.165330 2066.119264
0.193452 500.071417 939.346104 1306.567439 2030.653950
0.196149 490.963913 921.457340 1281.557209 1993.228512
0.198883 482.424000 905.365196 1259.324619 1959.961889
0.201655 474.694230 891.856942 1241.094230 1932.602535
0.204466 465.923272 876.211933 1219.757506 1900.227006
0.207316 455.615354 856.666324 1192.202076 1856.911923
0.210206 444.290964 835.215127 1162.010416 1809.527647
0.213136 435.845302 823.565235 1148.765466 1793.613075
0.216107 426.751908 810.775497 1134.003836 1775.453032
0.219120 414.811627 790.742560 1108.465626 1741.825663
0.222174 402.132919 768.785278 1079.982958 1703.622517
0.225271 390.256829 748.993413 1054.946935 1670.892372
0.228411 379.034602 730.534191 1031.804769 1640.897626
0.231595 368.833147 713.175854 1008.832940 1606.949925
0.234823 359.618982 697.352470 987.513847 1574.123432
0.238097 349.483781 678.234636 960.914996 1533.481869
0.241416 340.029123 660.043279 935.458574 1494.746243
0.244781 330.905743 642.509548 911.142147 1457.513806
0.248193 322.850124 627.069187 889.791698 1424.881477
0.251653 318.031064 618.679974 878.197327 1406.339841
0.255161 312.908309 609.248186 865.038140 1385.742782
0.258717 305.321938 593.613505 842.822980 1352.111985
0.262324 299.258711 581.969907 826.691098 1328.118239
0.265980 294.581535 574.146474 816.442389 1313.432472
0.269688 288.118918 562.148517 800.120794 1288.811629
0.273447 280.833876 548.396633 781.312216 1260.268219
0.277259 275.283408 539.483988 770.388175 1246.952687
0.281124 268.964954 528.648869 756.614692 1229.987055
0.285043 261.998751 515.987784 740.105073 1209.944560
0.289016 255.311242 504.970052 726.127452 1190.559852
0.293045 248.719662 493.899963 711.487327 1168.136917
0.297130 242.318602 481.852801 693.655588 1137.246108
0.301271 236.337096 471.645207 680.178857 1117.307375
0.305471 230.570274 461.986143 668.017134 1101.047571
0.309729 224.067523 449.931459 651.954879 1078.689747
0.314047 218.421251 438.595045 635.567851 1051.604181
0.318424 213.684174 429.110021 621.772486 1028.604916
0.322863 210.039548 422.826334 613.664109 1018.434632
0.327363 205.203583 412.887176 599.196552 995.056177
0.331927 200.342691 403.255500 585.763658 974.858401
0.336554 195.704624 394.862567 574.977203 960.816779
0.341245 192.454771 390.682600 570.214416 953.277145
0.346002 188.778296 384.784106 562.698350 942.914205
0.350825 184.980711 378.075190 553.785892 930.031308
0.355715 181.073236 370.877784 544.072440 915.259058
0.360673 176.417175 362.637593 533.240246 900.087844
0.365701 170.853413 352.150404 518.783191 879.815117
0.370799 166.283030 343.395604 506.759328 861.905046
0.375968 162.149481 335.468955 495.813242 845.328708
0.381208 158.087145 328.037977 485.693484 830.266741
0.386522 154.751977 322.922480 479.702375 820.558405
0.391910 151.513916 315.384129 468.039635 804.178530
0.397373 147.933881 309.319383 460.552676 792.469590
0.402912 145.124259 304.951949 454.596151 781.451501
0.408529 142.370760 298.980518 445.971593 769.289194
0.414223 138.902509 291.801208 436.398858 757.702761
0.419997 135.347535 285.604406 428.567723 746.470273
0.425852 132.390708 280.138015 420.848519 733.176003
0.431788 129.197762 273.955757 411.632034 718.964180
0.437807 126.350327 268.285127 403.554044 705.734424
0.443910 123.944980 264.430912 398.763106 700.796174
0.450097 120.412433 257.790054 389.649962 687.119287
0.456372 117.520196 251.817965 381.018100 671.728120
0.462733 115.662772 249.193026 378.185749 669.299122
0.469183 112.754089 243.393025 369.865278 655.284063
0.475724 110.694922 239.335569 364.377046 647.175748
0.482355 107.827715 233.466889 355.983019 636.044994
0.489079 105.476799 228.836037 349.716706 626.212078
0.495896 103.633341 225.273737 344.215838 616.117243
0.502809 101.157140 220.956031 338.327809 607.565395
0.509818 99.139353 217.226743 332.993604 596.993863
0.516924 97.300780 213.738259 328.225616 590.805656
0.524130 94.041709 208.052146 321.097004 582.149855
0.531436 92.334639 205.455012 317.600986 576.364401
0.538844 90.409445 201.088867 311.006857 566.409339
0.546355 88.778497 197.882384 306.190677 558.333339
0.553971 86.368100 193.587141 300.785893 549.913674
0.561693 84.784701 190.496570 296.327369 543.244796
0.569523 83.008128 187.508046 292.739604 536.017879
0.577461 81.067872 182.981343 285.866632 526.148335
0.585511 79.526379 180.150059 281.457715 518.504782
0.593673 77.686687 175.847229 275.430955 509.578202
0.601948 76.297609 173.773394 272.021942 503.302668
0.610339 74.452635 170.596445 267.935141 496.188054
0.618847 72.764510 167.633479 265.196182 494.398418
0.627473 71.532198 164.532526 259.727378 485.519201
0.636220 70.021650 161.918408 255.865080 477.859569
0.645088 68.325314 158.873055 251.638605 470.677092
0.654081 66.882628 155.406956 246.277041 462.742701
0.663198 65.328364 152.867771 243.568923 458.017670
0.672443 64.045166 150.069113 239.521947 453.202081
0.681816 62.601057 147.369817 234.633922 443.988002
0.691320 61.210522 144.483988 230.937012 437.698200
0.700957 60.323076 142.263239 227.643008 432.005844
0.710728 58.707355 139.744857 224.089385 425.055700
0.720635 57.787442 137.527323 221.013933 421.327703
0.730680 56.565440 135.391226 217.497585 413.946239
0.740866 55.292667 132.698178 213.512285 408.428697
0.751193 54.101728 130.196879 210.282565 403.026794
0.761664 53.055862 127.801028 206.807313 397.660114
0.772281 52.307003 126.471359 204.475868 392.120148
0.783046 51.208165 124.026949 200.956475 387.058295
0.793962 50.212972 122.387401 198.262640 382.992849
0.805029 49.107787 120.013727 195.473161 377.947752
0.816251 48.213982 118.270145 192.227112 371.172816
0.827629 47.024024 115.865551 189.044183 366.498083
0.839166 46.398990 114.527156 186.298429 362.362301
0.850863 45.555631 112.470072 183.651350 357.432655
0.862724 44.516109 110.639921 180.843434 351.529462
0.874750 43.682945 108.719711 178.096554 346.959098
0.886943 42.896410 107.108837 175.557236 342.434114
0.899307 42.006609 105.367329 172.820886 337.418797
0.911843 41.335139 103.542743 169.893557 331.440827
0.924553 40.402663 101.751239 167.065180 327.415940
0.937441 39.610423 100.122096 164.814633 323.152727
0.950508 38.924795 98.475152 162.364378 318.197306
0.963758 38.076479 96.564672 159.388932 313.600203
0.977192 37.516330 95.976815 157.797029 309.193166
0.990814 36.769226 94.114416 155.158790 305.119880
1.004625 36.049515 92.330303 152.357074 299.694721
1.018629 35.415939 91.003356 150.184340 295.201930
1.032828 34.709295 89.506919 148.099763 291.895608
1.047225 34.001465 88.203036 145.644633 286.753514
1.061823 33.435889 86.951429 143.585242 282.501222
1.076624 32.791626 85.526238 141.334398 278.192184
1.091632 32.224991 84.092175 139.333761 273.744168
1.106848 31.579110 82.595580 137.073081 269.740266
1.122277 30.987438 81.448627 134.793824 265.324688
1.137921 30.402426 79.983944 132.653855 261.185155
1.153783 29.893266 78.735026 130.615609 257.362377
1.169866 29.343772 77.556137 128.529911 253.618725
1.186174 28.789920 76.402082 126.579989 249.600882
1.202708 28.300121 75.164105 124.704377 245.632219
1.219473 27.805812 74.016406 122.895330 241.438806
1.236472 27.292209 72.874837 121.068916 237.798394
1.253708 26.820176 71.695696 119.008332 234.132203
1.271184 26.349660 70.820577 117.533065 230.354838
1.288904 25.878773 69.429922 115.383545 226.978668
1.306870 25.393471 68.343783 113.538720 223.060475
1.325087 24.986523 67.301560 111.828166 219.070901
1.343558 24.547034 66.215239 109.982312 215.522281
1.362287 24.140427 65.129226 108.105978 211.844485
1.381276 23.694261 64.106840 106.188511 208.281394
1.400531 23.293448 63.076075 104.548292 204.431035
1.420053 22.864712 61.971759 102.939578 200.795802
1.439848 22.470566 61.057785 101.100944 197.396603
1.459919 22.051497 60.036084 99.415538 193.724606
1.480269 21.723505 58.957555 97.692678 189.979246
1.500903 21.333803 58.044160 95.974624 187.012098
1.521825 20.949551 57.148138 94.496441 183.486016
1.543038 20.574326 56.180269 92.941864 180.335896
1.564548 20.251960 55.251281 91.309732 176.911370
1.586357 19.902706 54.410082 89.770647 173.579128
1.608469 19.538387 53.514406 88.218259 170.499429
1.630891 19.268133 52.525290 86.523276 167.085689
1.653624 18.902447 51.617183 85.103299 164.126972
1.676675 18.569390 50.843285 83.669404 160.857854
1.700047 18.241668 49.975993 82.131608 157.825340
1.723745 17.948858 49.091112 80.674119 154.600253
1.747773 17.618410 48.218624 79.172681 151.573406
1.772136 17.311698 47.377765 77.695640 148.707347
1.796838 17.029023 46.542142 76.304898 145.705469
1.821885 16.761467 45.732660 74.848821 142.835939
1.847281 16.465198 44.999425 73.554050 140.012035
1.873032 16.187118 44.178976 72.020573 137.260560
1.899141 15.908657 43.348485 70.737855 134.455389
1.925614 15.648355 42.598840 69.446425 131.634118
1.952456 15.427936 41.877136 68.166303 128.947712
1.979672 15.128088 41.162659 66.869236 126.285678
2.007267 14.893086 40.413655 65.455829 123.757417
2.035248 14.620001 39.635537 64.195239 121.086095
2.063618 14.370213 38.873975 62.953270 118.488805
2.092383 14.135261 38.170195 61.674573 115.965331
2.121550 13.885072 37.426741 60.436573 113.432081
2.151123 13.651915 36.728801 59.183482 110.903377
2.181109 13.415792 36.006579 57.996368 108.555186
2.211512 13.188468 35.294435 56.755130 106.041207
2.242340 12.961310 34.642785 55.600951 103.747184
2.273597 12.724319 33.961471 54.390070 101.459518
2.305289 12.522212 33.291456 53.270809 99.205823
2.337424 12.304384 32.618994 52.142066 96.988693
2.370006 12.091487 31.977723 51.043288 94.861637
2.403043 11.872310 31.345649 49.928535 92.695011
2.436540 11.674933 30.725524 48.866946 90.573722
2.470504 11.473285 30.117371 47.791028 88.533406
2.504942 11.274270 29.517034 46.754566 86.507875
2.539859 11.083852 28.895283 45.715684 84.478274
2.575263 10.878253 28.278945 44.734726 82.552613
2.611161 10.693466 27.693361 43.694949 80.608917
2.647559 10.502511 27.102844 42.692204 78.686608
2.684465 10.317307 26.550507 41.712716 76.813726
2.721885 10.122813 25.952382 40.764006 74.986830
2.759826 9.941703 25.374607 39.815702 73.206945
2.798297 9.760085 24.846843 38.887779 71.482715
2.837304 9.584721 24.295150 37.979538 69.758962
2.876854 9.409613 23.752785 37.093540 68.102884
2.916956 9.240571 23.243365 36.226689 66.451391
2.957617 9.076221 22.730868 35.391356 64.857609
2.998844 8.910044 22.235268 34.554197 63.293623
3.040646 8.747460 21.734280 33.738210 61.806115
3.083031 8.587657 21.246831 32.937425 60.302188
3.126007 8.432170 20.769946 32.149359 58.834977
3.169582 8.273294 20.288090 31.360313 57.394196
3.213764 8.117102 19.823016 30.597578 55.987774
3.258562 7.960763 19.371889 29.851883 54.603720
3.303985 7.808805 18.909784 29.113019 53.251966
3.350041 7.662028 18.459996 28.385772 51.919507
3.396739 7.509883 18.022151 27.686504 50.611163
3.444087 7.364410 17.588741 26.985277 49.352530
3.492096 7.223034 17.173303 26.314177 48.126049
3.540774 7.077980 16.764018 25.664375 46.930093
3.590130 6.940735 16.358551 25.016013 45.764504
3.640175 6.806730 15.966064 24.399725 44.618641
3.690917 6.669764 15.593950 23.776646 43.513371
3.742366 6.536996 15.207990 23.185419 42.440707
3.794533 6.409899 14.845124 22.604991 41.377990
3.847427 6.280616 14.480382 22.035435 40.353775
3.901058 6.152313 14.128385 21.480063 39.337684
3.955436 6.030081 13.779930 20.927844 38.345683
4.010573 5.904522 13.437673 20.396411 37.381930
4.066478 5.780891 13.098672 19.871083 36.427314
4.123163 5.657895 12.773352 19.355417 35.493988
4.180637 5.540937 12.453804 18.856831 34.583993
4.238913 5.422257 12.136191 18.364502 33.705719
4.298001 5.304082 11.828896 17.892950 32.841644
4.357913 5.194165 11.528585 17.434037 32.012554
4.418660 5.081693 11.240138 16.977759 31.203761
4.480254 4.972348 10.955301 16.540755 30.407834
4.542706 4.866010 10.677049 16.113067 29.635435
4.606029 4.760968 10.411167 15.698635 28.890397
4.670234 4.657495 10.146815 15.300790 28.163536
4.735335 4.557144 9.891639 14.991456 27.452736
4.801343 4.458608 9.644463 14.525143 26.754241
4.868271 4.360063 9.398708 14.150443 26.074444
4.936132 4.263603 9.157709 13.782348 25.409116
5.004939 4.167394 8.922732 13.424314 24.755746
5.074705 4.072604 8.692310 13.071547 24.119114
5.145444 3.980353 8.467542 12.731067 23.494958
5.217169 3.888502 8.247369 12.395536 22.887360
5.289893 3.800520 8.033976 12.073255 22.295818
5.363631 3.711972 7.825675 11.754277 21.720779
5.438397 3.626935 7.622748 11.448379 21.156925
5.514206 3.543368 7.426012 11.149514 20.610902
5.591071 3.460627 7.235628 10.859686 20.081094
5.669007 3.381656 7.049915 10.578415 19.568639
5.748030 3.303342 6.869090 10.304388 19.064563
5.828155 3.227164 6.693488 10.038578 18.575659
5.909396 3.152277 6.522610 9.779688 18.102647
5.991770 3.078816 6.355407 9.525727 17.641032
6.075292 3.006870 6.192511 9.279052 17.182920
6.159978 2.935503 6.032123 9.038198 16.738670
6.245845 2.865993 5.875331 8.802533 16.302612
6.332908 2.797015 5.722275 8.570048 15.874237
6.421186 2.730032 5.573194 8.343987 15.457433
6.510694 2.664054 5.427527 8.124546 15.052082
6.601449 2.599909 5.286093 7.910608 14.655587
6.693470 2.536784 5.148040 7.701796 14.268915
6.786773 2.475553 5.014085 7.498924 13.894891
6.881377 2.416037 4.884323 7.302070 13.529022
6.977300 2.357975 4.758158 7.112219 13.174088
7.074559 2.301463 4.635577 6.925891 12.828891
7.173175 2.246185 4.516624 6.745761 12.493770
7.273165 2.192674 4.400992 6.570989 12.168115
7.374549 2.140133 4.288452 6.400312 11.850965
7.477346 2.088629 4.178656 6.234673 11.540518
7.581576 2.038517 4.070997 6.071758 11.237408
7.687260 1.989079 3.965973 5.912596 10.940263
7.794416 1.940638 3.863416 5.756009 10.648867
7.903066 1.893369 3.762430 5.603501 10.363806
8.013230 1.846941 3.664731 5.455486 10.086265
8.124930 1.801655 3.569114 5.310856 9.814772
8.238187 1.757628 3.476134 5.169479 9.550503
8.353023 1.714607 3.385713 5.032120 9.293203
8.469460 1.672899 3.297953 4.898983 9.043390
8.587519 1.632326 3.212593 4.769558 8.800587
8.707225 1.592847 3.129773 4.644028 8.565103
8.828599 1.554601 3.049727 4.522323 8.335817
8.951665 1.517286 2.971969 4.403687 8.114152
9.076446 1.481166 2.896305 4.288910 7.898074
9.202967 1.445888 2.822664 4.177342 7.687897
9.331251 1.411436 2.750900 4.068262 7.483101
9.461324 0.000000 0.000000 0.000000 0.000000
9.593209 0.000000 0.000000 0.000000 0.000000
9.726934 0.000000 0.000000 0.000000 0.000000
9.862522 0.000000 0.000000 0.000000 0.000000
10.000000 0.000000 0.000000 0.000000 0.000000
