0.010000 5831.588819 10502.841103 13899.181880 17478.740504
0.010139 5863.653118 10561.177999 13982.754525 17653.098656
0.010281 5895.138069 10618.417030 14064.871623 17824.969410
0.010424 5926.018335 10674.582733 14145.454761 17994.317862
0.010569 5956.284973 10729.690171 14224.491703 18161.014925
0.010717 5985.894263 10783.629632 14301.856954 18324.867838
0.010866 6014.838218 10836.396934 14377.529094 18485.734184
0.011018 6043.092439 10887.920644 14451.468062 18643.523044
0.011171 6070.642220 10938.100378 14523.615083 18798.137832
0.011327 6097.462241 10986.931909 14593.949609 18949.509508
0.011485 6123.523331 11034.353304 14662.422951 19097.513147
0.011645 6148.787616 11080.389375 14728.901034 19242.067788
0.011807 6173.239554 11125.007244 14793.268856 19382.968112
0.011972 6196.851053 11168.077582 14855.440145 19520.009316
0.012139 6219.615436 11209.596458 14915.405257 19653.200154
0.012308 6241.502804 11249.560086 14973.183757 19782.561608
0.012479 6262.494006 11287.887501 15028.767173 19908.023950
0.012653 6282.553442 11324.507410 15082.004045 20029.390577
0.012830 6301.653351 11359.387256 15132.723874 20146.448123
0.013009 6319.761174 11392.484922 15180.928801 20259.200182
0.013190 6336.873634 11423.768083 15226.564067 20367.618693
0.013374 6352.969059 11453.204547 15269.604208 20471.652025
0.013560 6368.012223 11480.742872 15309.957107 20571.075879
0.013749 6381.966989 11506.322026 15347.550284 20665.701187
0.013941 6394.828490 11529.890780 15382.340604 20755.576918
0.014135 6406.582214 11551.456271 15414.314376 20840.755267
0.014332 6417.191294 11570.928750 15443.439294 20921.141260
0.014532 6426.637467 11588.257394 15469.539085 20996.481851
0.014735 6434.878141 11603.420675 15492.572733 21066.692651
0.014940 6441.911796 11616.377806 15512.596298 21131.726441
0.015148 6447.635375 11627.010339 15529.434928 21191.412879
0.015359 6452.074822 11635.326367 15543.029952 21245.779082
0.015573 6455.244470 11641.314742 15553.361880 21294.827644
0.015791 6457.097128 11644.925571 15560.315113 21338.455360
0.016011 6457.634553 11646.128586 15563.938891 21376.695091
0.016234 6456.835085 11644.893686 15564.341201 21409.527615
0.016460 6454.677108 11641.181191 15561.340291 21436.835769
0.016690 6451.142964 11634.961319 15554.744908 21458.358117
0.016922 6446.217971 11626.223954 15544.625631 21474.159331
0.017158 6439.873766 11614.920134 15530.976065 21484.242282
0.017397 6432.101611 11600.991265 15513.848417 21488.665672
0.017640 6422.893781 11584.447189 15493.140120 21487.325485
0.017886 6412.235719 11565.288166 15468.797322 21480.136165
0.018135 6400.116817 11543.456016 15440.776111 21467.094710
0.018388 6386.503925 11518.902425 15409.032778 21448.198727
0.018644 6371.388422 11491.608482 15373.572361 21423.363696
0.018904 6354.759745 11461.574941 15334.380645 21392.587651
0.019167 6336.618142 11428.812458 15291.453261 21355.739982
0.019435 6316.952103 11393.282925 15244.776203 21312.956685
0.019706 6295.786460 11355.026540 15194.364685 21264.337540
0.019980 6273.097955 11313.976035 15140.233952 21209.917972
0.020259 6248.874131 11270.132653 15082.292178 21149.612976
0.020541 6223.109415 11223.536854 15020.573935 21083.410777
0.020828 6195.811017 11174.141109 14955.084525 21011.261902
0.021118 6166.970435 11121.966427 14885.838863 20933.143873
0.021412 6136.703039 11067.141575 14813.017338 20849.312291
0.021711 6105.538213 11010.490687 14737.482415 20760.572236
0.022013 6072.869887 10951.104946 14658.274503 20666.203466
0.022320 6038.701394 10889.015301 14575.427284 20566.162464
0.022631 6003.069517 10824.282118 14488.983967 20460.217829
0.022947 5965.979583 10756.897206 14399.007035 20348.631584
0.023267 5927.417247 10686.852356 14305.422186 20231.665854
0.023591 5887.411458 10614.188340 14208.320631 20109.358033
0.023920 5846.010864 10539.014543 14107.842148 19981.725893
0.024253 5803.226737 10461.342337 14004.028732 19848.758123
0.024591 5759.083148 10381.212473 13896.922114 19710.583277
0.024934 5713.610086 10298.685289 13786.573529 19567.348258
0.025282 5666.838537 10213.821099 13673.092554 19419.218419
0.025634 5618.815249 10126.699808 13556.569030 19266.274092
0.025991 5569.571231 10037.371867 13437.092597 19108.679917
0.026354 5519.148329 9945.946551 13314.772237 18946.543748
0.026721 5467.589385 9852.444810 13189.697221 18780.039208
0.027094 5414.935276 9756.984682 13061.976199 18609.339872
0.027471 5361.239694 9659.645909 12931.727450 18434.553125
0.027854 5306.483420 9560.420851 12798.951843 18255.805133
0.028242 5250.469825 9459.054461 12663.444789 18072.966327
0.028636 5193.583690 9356.131776 12525.832500 17886.683585
0.029035 5135.878734 9251.742226 12386.242688 17697.150165
0.029440 5077.418534 9145.990915 12244.803019 17504.540661
0.029850 5018.259771 9038.980956 12101.680245 17309.096464
0.030266 4958.471942 8930.847833 11957.031342 17111.088017
0.030688 4898.128492 8821.720139 11811.052422 16910.729335
0.031116 4837.300894 8711.736271 11663.900504 16708.311088
0.031550 4776.074431 8601.043450 11515.771781 16504.086580
0.031990 4714.514666 8489.759422 11366.842934 16298.281172
0.032436 4652.688148 8377.982277 11217.251559 16091.168477
0.032888 4590.673258 8265.870985 11067.154879 15882.994185
0.033346 4528.550353 8153.567817 10916.808075 15674.052346
0.033811 4466.392885 8041.236650 10766.417485 15464.656834
0.034282 4404.298965 7929.006982 10616.130799 15255.074487
0.034760 4342.124050 7816.977854 10466.467831 15047.016694
0.035245 4280.166481 7705.333772 10317.292544 14839.385609
0.035736 4218.503660 7594.218970 10168.811620 14632.402025
0.036234 4157.207069 7483.790455 10021.212237 14426.354199
0.036739 4096.363972 7374.175762 9874.701241 14221.540496
0.037251 4036.060647 7265.533867 9729.452251 14018.211848
0.037771 3976.372517 7158.002131 9585.660494 13816.677102
0.038297 3917.370069 7051.709070 9443.504604 13617.197557
0.038831 3859.119840 6946.767474 9303.148566 13420.044409
0.039372 3801.702174 6843.332379 9164.776971 13225.469916
0.039921 3745.185567 6741.506734 9028.566598 13033.697712
0.040478 3689.622725 6641.375788 8894.556125 12844.749733
0.041042 3634.919334 6542.209236 8761.174845 12654.764052
0.041614 3581.300739 6445.010042 8630.406782 12468.354766
0.042194 3528.809749 6349.858497 8502.387593 12285.688281
0.042782 3477.498037 6256.841747 8377.238207 12106.950116
0.043379 3427.420219 6166.061643 8255.062857 11932.325649
0.043983 3378.625962 6077.585615 8135.960828 11761.942320
0.044596 3331.146168 5991.484003 8019.996080 11595.936939
0.045218 3284.992975 5907.789774 7907.256011 11434.407510
0.045848 3240.191326 5826.537818 7797.794641 11277.470977
0.046487 3196.765153 5747.760034 7691.639469 11125.137951
0.047135 3154.837990 5672.425389 7590.845004 10982.363397
0.047792 3114.359728 5600.141204 7494.563744 10847.164187
0.048459 3075.251643 5530.296769 7401.530165 10716.503934
0.049134 3037.493189 5462.884493 7311.726330 10590.362208
0.049819 3001.076617 5397.874146 7225.124433 10468.698859
0.050513 2965.969505 5335.231527 7141.655474 10351.415433
0.051218 2932.136453 5274.875259 7061.230820 10238.374449
0.051931 2899.523310 5216.701354 6983.703067 10129.428344
0.052655 2868.072959 5160.608748 6908.947302 10024.380908
0.053389 2837.486766 5105.643303 6835.236892 9919.571285
0.054134 2807.666268 5051.531419 6762.105133 9814.087916
0.054888 2778.813610 4999.171438 6691.312890 9711.902312
0.055653 2750.840126 4948.396527 6622.643421 9612.716922
0.056429 2723.603950 4898.953526 6555.750986 9516.030331
0.057216 2696.940597 4850.555990 6490.238213 9421.240586
0.058013 2670.853100 4803.184404 6426.079448 9328.337220
0.058822 2645.466604 4757.076215 6363.611650 9237.778669
0.059642 2620.958356 4712.868838 6303.996263 9152.111318
0.060473 2597.308536 4671.062978 6248.464137 9074.559016
0.061316 2573.585613 4629.108803 6192.734971 8996.637459
0.062171 2549.377355 4586.274447 6135.803523 8916.917983
0.063038 2524.599533 4542.398951 6077.468079 8835.072337
0.063916 2499.291975 4497.566480 6017.843499 8751.276136
0.064807 2473.494486 4451.854312 5957.029046 8665.669488
0.065711 2447.120935 4405.098711 5894.831300 8577.946253
0.066627 2418.854829 4353.107605 5823.729744 8472.109502
0.067555 2389.625715 4299.339233 5750.205514 8362.558119
0.068497 2359.342919 4243.696257 5674.181860 8249.358542
0.069452 2327.936513 4186.038420 5595.489668 8132.275896
0.070420 2295.341574 4126.237404 5513.964050 8011.059409
0.071402 2261.490328 4064.190534 5429.449214 7885.515614
0.072397 2226.623567 4000.636602 5343.301995 7758.646023
0.073406 2190.745221 3935.657585 5255.679328 7630.873573
0.074429 2153.494008 3868.227652 5164.808151 7498.357768
0.075467 2114.890910 3798.383667 5070.742836 7361.178687
0.076519 2074.986405 3726.189955 4973.565018 7219.477059
0.077585 2033.837868 3651.769537 4873.454506 7073.509892
0.078667 1992.341334 3577.821146 4775.079361 6932.633650
0.079763 1951.098722 3506.082721 4681.376747 6802.706176
0.080875 1908.869313 3432.502333 4585.171566 6668.919637
0.082003 1865.802563 3357.349238 4486.795148 6531.773423
0.083146 1822.078206 3280.929582 4386.678323 6391.876582
0.084305 1777.896406 3203.594125 4285.284270 6249.909195
0.085480 1732.737534 3123.318230 4178.883573 6097.956567
0.086671 1687.236675 3041.869561 4070.418769 5941.698961
0.087880 1641.974327 2960.838212 3962.513054 5786.123196
0.089105 1597.179109 2880.640471 3855.708490 5632.069803
0.090347 1553.086188 2801.693038 3750.581048 5480.403606
0.091606 1510.558785 2726.423770 3651.176209 5338.876862
0.092883 1469.744645 2654.984107 3557.598391 5207.373721
0.094178 1430.242426 2585.811517 3466.997433 5079.981069
0.095490 1392.244852 2519.268676 3379.851768 4957.433557
0.096822 1355.928658 2455.684539 3296.605083 4840.386907
0.098171 1321.679866 2396.131418 3219.030610 4732.154533
0.099540 1289.457733 2340.310672 3146.515025 4631.378991
0.100927 1259.265322 2288.059846 3078.731571 4537.358798
0.102334 1231.165944 2239.504676 3015.859513 4450.386119
0.103761 1204.576392 2192.919599 2954.954315 4364.681043
0.105207 1177.837680 2143.342502 2887.609183 4263.988879
0.106673 1153.265019 2097.734862 2825.629457 4171.268755
0.108160 1130.756737 2055.907390 2768.768007 4086.136148
0.109668 1110.172397 2017.623541 2716.709607 4008.125923
0.111197 1091.544509 1983.181864 2669.952807 3937.781103
0.112747 1074.505724 1951.637979 2627.138215 3873.244567
0.114318 1058.816451 1922.580686 2587.690551 3813.666945
0.115912 1044.228874 1895.576367 2551.011404 3758.189644
0.117528 1031.254780 1872.253441 2519.919324 3712.066208
0.119166 1018.891314 1850.077886 2490.452605 3668.440578
0.120827 1006.755091 1828.346989 2461.567340 3625.715967
0.122511 994.521737 1806.437711 2432.428738 3582.674297
0.124219 981.582975 1782.981520 2401.181994 3536.921652
0.125951 968.034715 1758.420099 2368.455977 3488.980088
0.127706 953.630218 1732.305751 2333.647066 3437.969193
0.129487 938.512582 1705.130754 2297.506265 3384.930710
0.131292 922.571085 1676.715991 2259.814380 3329.528903
0.133122 905.276889 1645.822582 2218.791013 3269.204223
0.134977 886.616440 1612.480831 2174.485205 3204.156673
0.136859 867.687434 1580.380690 2133.737433 3149.666655
0.138766 847.425897 1545.772044 2089.503517 3089.863013
0.140701 825.971153 1508.885480 2042.148220 3025.218867
0.142662 804.418086 1472.239352 1995.095087 2960.244600
0.144651 782.375271 1434.730941 1946.769163 2892.989651
0.146667 759.851707 1396.182125 1896.938582 2823.258334
0.148711 735.371475 1352.309428 1838.678756 2739.198469
0.150784 709.947188 1305.558295 1775.695227 2646.969817
0.152886 685.173842 1259.983970 1714.276412 2557.016539
0.155018 662.952755 1220.799790 1662.828611 2484.269634
0.157178 643.027478 1186.921529 1619.428902 2425.062811
0.159369 624.428319 1155.328642 1578.988550 2369.985783
0.161591 607.742190 1127.388713 1543.438558 2321.718154
0.163843 592.851650 1102.743202 1512.299726 2279.728121
0.166127 579.623183 1081.055410 1485.097613 2243.471716
0.168443 565.219106 1054.695456 1449.840088 2192.696677
0.170791 552.135530 1030.478402 1417.294093 2145.675393
0.173172 540.972341 1010.129020 1390.168510 2106.739823
0.175586 532.767258 996.508141 1372.805179 2082.341170
0.178033 525.546463 984.689434 1357.887978 2061.613602
0.180515 517.477105 969.434811 1336.701048 2028.494242
0.183031 508.862002 952.064030 1311.684078 1987.903916
0.185583 500.372055 935.146105 1287.535360 1949.223937
0.188169 492.038149 919.759200 1266.925026 1919.265875
0.190792 483.171977 903.367016 1244.920593 1887.170349
0.193452 473.246508 884.969703 1220.332314 1852.353014
0.196149 462.345241 864.720896 1193.242202 1814.071806
0.198883 451.556225 845.309522 1167.483555 1777.482454
0.201655 441.342818 827.856568 1144.690005 1744.925621
0.204466 430.161343 808.336889 1118.852471 1707.424992
0.207316 417.684492 785.198408 1087.092402 1659.497781
0.210206 404.822871 761.310715 1054.278366 1609.933007
0.213136 395.013900 746.810197 1037.091408 1587.977363
0.216107 385.440969 732.750259 1020.522275 1566.955737
0.219120 373.771733 712.667697 994.701586 1532.304706
0.222174 362.241515 692.311885 968.216108 1496.544161
0.225271 352.027662 674.859467 946.006015 1467.220379
0.228411 343.024120 659.775576 927.108684 1442.799051
0.231595 335.273404 646.201956 909.054055 1416.107206
0.234823 328.620379 634.400582 893.032311 1391.315714
0.238097 321.196507 619.962939 872.908704 1360.864808
0.241416 314.103578 605.874025 853.173753 1331.182075
0.244781 307.181962 592.496414 834.843949 1303.702244
0.248193 300.599193 579.853241 817.589123 1277.849328
0.251653 296.676187 573.300071 808.892967 1264.474273
0.255161 291.716734 564.388113 796.844382 1246.316363
0.258717 283.900068 548.856094 775.379361 1214.921799
0.262324 277.153871 536.379833 758.596356 1190.730021
0.265980 271.538902 527.144259 746.781464 1174.169397
0.269688 264.061663 513.529060 728.529314 1147.212097
0.273447 255.956803 498.490463 708.205134 1116.977696
0.277259 249.637971 488.040429 695.188101 1100.167407
0.281124 243.065282 476.648595 680.683112 1081.647135
0.285043 236.366581 464.439430 664.848276 1061.982546
0.289016 230.281807 454.137331 651.693819 1043.604054
0.293045 224.715978 444.561804 639.025343 1024.366497
0.297130 219.581498 434.539535 624.148642 998.905319
0.301271 215.113127 426.872429 614.176596 984.592557
0.305471 210.856557 419.823062 605.583034 973.753882
0.309729 205.785054 410.383077 593.159076 956.739715
0.314047 201.147837 401.119335 579.969172 935.492874
0.318424 196.964750 392.873015 568.237696 916.577108
0.322863 193.491028 386.972452 560.830923 907.408351
0.327363 188.652069 377.315682 547.023493 885.618497
0.331927 183.550701 367.465698 533.445936 865.456913
0.336554 178.569101 358.540179 521.937453 850.120977
0.341245 174.956163 353.585586 516.067260 840.912549
0.346002 171.060746 347.176500 507.863813 829.530629
0.350825 167.300176 340.481411 498.975034 816.667770
0.355715 163.709067 333.860743 490.040971 803.056938
0.360673 159.650762 326.675234 480.710764 790.387944
0.365701 154.987177 317.878466 468.709609 774.045138
0.370799 151.257931 310.758032 459.036691 760.078652
0.375968 147.866601 304.294739 450.203169 747.139014
0.381208 144.408543 298.062512 441.817907 735.096214
0.386522 141.498693 293.852771 437.064795 727.683140
0.391910 138.369444 286.668889 426.181015 712.837201
0.397373 134.874295 280.729706 418.636176 701.131161
0.402912 131.946846 276.055681 412.165392 689.726578
0.408529 129.034220 269.938878 403.386418 677.355146
0.414223 125.620117 263.044162 394.171054 665.927960
0.419997 122.303301 257.314841 386.845327 655.512926
0.425852 119.645645 252.447177 379.976016 644.200278
0.431788 116.864692 247.114524 372.121037 632.445522
0.437807 114.415911 242.239061 365.084631 621.183929
0.443910 112.370452 239.110770 361.356984 617.770614
0.450097 109.256489 233.350277 353.465039 606.637707
0.456372 106.592231 227.860879 345.436838 592.994177
0.462733 104.829997 225.425080 342.774482 590.595303
0.469183 101.993632 219.843555 334.747887 577.809272
0.475724 99.940003 215.791795 329.030793 569.234461
0.482355 97.199439 210.275494 321.141274 558.625085
0.489079 95.001218 206.003847 315.301760 550.003214
0.495896 93.338582 202.801662 310.303090 541.280556
0.502809 91.151678 199.056703 305.207002 534.212964
0.509818 89.379186 195.802503 300.475611 525.632186
0.516924 87.712625 192.669225 296.154879 520.065077
0.524130 84.756382 187.600231 289.804694 512.527609
0.531436 83.182149 185.224337 286.527669 507.526718
0.538844 81.321132 180.998834 280.095030 498.094141
0.546355 79.751063 177.965514 275.532511 490.870347
0.553971 77.506507 173.936629 270.267163 483.290948
0.561693 76.047325 171.116304 266.215313 477.618916
0.569523 74.484776 168.527557 262.902261 471.424670
0.577461 72.730316 164.525435 256.812710 462.920608
0.585511 71.356800 162.021569 252.989597 456.757298
0.593673 69.618125 158.064953 247.249613 448.455004
0.601948 68.345496 156.020220 243.972238 442.822792
0.610339 66.643677 153.083922 240.104550 436.557600
0.618847 65.116304 150.495445 237.525601 434.956156
0.627473 63.943155 147.528917 232.354379 426.756794
0.636220 62.583377 145.232106 229.041303 420.864955
0.645088 61.063758 142.453061 225.074830 414.304942
0.654081 59.748870 139.328232 220.253720 407.514154
0.663198 58.366731 137.052236 217.627275 403.577838
0.672443 57.198492 134.598661 214.112153 399.342464
0.681816 55.900539 132.070570 209.727944 391.555787
0.691320 54.657749 129.555613 206.352289 386.218301
0.700957 53.837232 127.549698 203.293679 381.320108
0.710728 52.403654 125.308902 200.158284 375.520370
0.720635 51.543126 123.282783 197.349546 372.300608
0.730680 50.454620 121.358202 194.111933 365.765981
0.740866 49.297563 118.886534 190.535049 361.134618
0.751193 48.213845 116.638409 187.535976 356.269189
0.761664 47.249492 114.459508 184.348876 351.679127
0.772281 46.567849 113.264152 182.265771 347.003222
0.783046 45.561453 111.011376 178.985335 342.457586
0.793962 44.682378 109.508165 176.577785 338.670422
0.805029 43.650341 107.391768 174.021175 334.490242
0.816251 42.838032 105.770109 171.112434 328.743926
0.827629 41.769890 103.587846 168.138741 324.502113
0.839166 41.192762 102.298474 165.662468 320.641094
0.850863 40.414594 100.536124 163.338510 316.502968
0.862724 39.486079 98.835071 160.763427 311.574884
0.874750 38.736194 97.091762 158.253771 307.439940
0.886943 38.031414 95.690622 156.083019 303.799953
0.899307 37.222996 94.119546 153.658682 299.350438
0.911843 36.633695 92.493837 151.016500 294.180967
0.924553 35.807168 90.953654 148.650694 290.888111
0.937441 35.084786 89.489170 146.641374 287.110228
0.950508 34.473881 88.049415 144.439982 283.192080
0.963758 33.725341 86.373144 141.886153 278.981078
0.977192 33.236641 85.803749 140.564307 275.463171
0.990814 32.576821 84.177590 138.195597 271.751291
1.004625 31.920873 82.614488 135.826582 267.382618
1.018629 31.380327 81.468993 133.910857 263.544741
1.032828 30.739907 80.125772 132.092468 260.646570
1.047225 30.115073 78.919138 129.991728 256.191066
1.061823 29.622147 77.857461 128.221520 252.746653
1.076624 29.042829 76.603614 126.317184 249.017614
1.091632 28.539789 75.336224 124.467688 245.287478
1.106848 27.964438 74.022609 122.495498 241.955177
1.122277 27.442311 72.965998 120.495678 237.897305
1.137921 26.918128 71.697591 118.616684 234.429369
1.153783 26.447498 70.587561 116.847273 231.106204
1.169866 25.984836 69.532967 115.112906 227.972700
1.186174 25.481053 68.498391 113.361563 224.263063
1.202708 25.037859 67.418383 111.698452 221.033277
1.219473 24.601681 66.409847 110.104995 217.394060
1.236472 24.140536 65.388078 108.511255 214.364026
1.253708 23.718936 64.321154 106.616996 211.042070
1.271184 23.300136 63.527618 105.348902 207.859205
1.288904 22.872993 62.303497 103.467200 204.808286
1.306870 22.441920 61.310573 101.836338 201.332701
1.325087 22.075340 60.401292 100.344963 198.061032
1.343558 21.677271 59.422156 98.769584 194.896364
1.362287 21.308247 58.450046 97.093789 191.685175
1.381276 20.919131 57.553407 95.390657 188.476423
1.400531 20.557772 56.645825 93.970446 185.276408
1.420053 20.179768 55.662471 92.502027 182.189785
1.439848 19.832802 54.840139 90.949163 179.263844
1.459919 19.460239 53.938936 89.484147 176.097656
1.480269 19.160743 52.988669 87.901306 172.855515
1.500903 18.819529 52.175951 86.462596 170.200573
1.521825 18.480592 51.383102 85.132154 167.258753
1.543038 18.145112 50.531775 83.804621 164.607699
1.564548 17.853037 49.723495 82.404274 161.607307
1.586357 17.542336 48.940960 81.047821 158.777472
1.608469 17.214274 48.132487 79.693549 156.145692
1.630891 16.957804 47.264780 78.171287 153.045996
1.653624 16.637532 46.468889 76.928086 150.594076
1.676675 16.340566 45.752160 75.667615 147.760728
1.700047 16.049345 44.992825 74.360125 145.144786
1.723745 15.785379 44.199426 73.058334 142.312160
1.747773 15.483718 43.419410 71.740487 139.633010
1.772136 15.214737 42.695105 70.455213 137.162262
1.796838 14.950750 41.944286 69.203177 134.551786
1.821885 14.710827 41.207811 67.937130 132.082426
1.847281 14.435591 40.545237 66.805467 129.591832
1.873032 14.186297 39.814034 65.496970 127.149955
1.899141 13.931912 39.074550 64.329714 124.735037
1.925614 13.696985 38.406792 63.176038 122.254165
1.952456 13.486847 37.770618 62.053618 119.880933
1.979672 13.219662 37.115860 60.918383 117.570434
2.007267 12.998982 36.438588 59.723477 115.304705
2.035248 12.756122 35.747755 58.571522 112.913725
2.063618 12.524784 35.073958 57.432663 110.607445
2.092383 12.305240 34.416615 56.302855 108.350561
2.121550 12.074256 33.763817 55.210109 106.133993
2.151123 11.860176 33.141733 54.106079 103.881697
2.181109 11.640834 32.486444 53.040890 101.763607
2.211512 11.432341 31.850780 51.948745 99.546467
2.242340 11.224711 31.268411 50.936448 97.472789
2.273597 11.009091 30.665485 49.870499 95.372214
2.305289 10.820112 30.061297 48.876448 93.358709
2.337424 10.625555 29.464400 47.858074 91.390112
2.370006 10.427752 28.887435 46.889088 89.456479
2.403043 10.226820 28.326251 45.896863 87.481025
2.436540 10.047411 27.777978 44.953553 85.563279
2.470504 9.860189 27.219429 43.992014 83.652807
2.504942 9.677636 26.681949 43.081472 81.826143
2.539859 9.502536 26.127229 42.135055 79.937676
2.575263 9.314243 25.573517 41.246479 78.173205
2.611161 9.142935 25.050585 40.318431 76.391726
2.647559 8.969219 24.522722 39.412698 74.593598
2.684465 8.796996 24.019065 38.542587 72.864865
2.721885 8.623665 23.487038 37.680966 71.178609
2.759826 8.460544 22.981475 36.817340 69.504991
2.798297 8.296250 22.490413 35.991604 67.912803
2.837304 8.138213 22.005035 35.173511 66.316094
2.876854 7.980386 21.523669 34.365904 64.757387
2.916956 7.827587 21.060559 33.581594 63.183979
2.957617 7.678630 20.606973 32.820180 61.694973
2.998844 7.530534 20.158488 32.061676 60.215761
3.040646 7.384556 19.710746 31.304835 58.805800
3.083031 7.241722 19.266023 30.573960 57.390796
3.126007 7.102014 18.846513 29.856616 55.978838
3.169582 6.961432 18.408190 29.127537 54.612613
3.213764 6.823123 17.988780 28.429881 53.269329
3.258562 6.684949 17.580375 27.742936 51.947826
3.303985 6.551048 17.165280 27.063994 50.655010
3.350041 6.419440 16.759649 26.397191 49.386238
3.396739 6.288889 16.367339 25.755104 48.137533
3.444087 6.163469 15.979106 25.102382 46.917537
3.492096 6.039645 15.604501 24.491898 45.752636
3.540774 5.913938 15.237025 23.886570 44.594359
3.590130 5.796452 14.873322 23.287524 43.477907
3.640175 5.680110 14.521756 22.716763 42.384239
3.690917 5.564000 14.180598 22.140954 41.302911
3.742366 5.451702 13.835248 21.591381 40.269117
3.794533 5.341878 13.507451 21.053299 39.244623
3.847427 5.232469 13.179655 20.520081 38.254007
3.901058 5.122979 12.860208 20.002949 37.265915
3.955436 5.019860 12.545428 19.483356 36.296053
4.010573 4.912145 12.234354 18.988604 35.366571
4.066478 4.808735 11.927064 18.493255 34.437048
4.123163 4.706641 11.632314 18.013499 33.534103
4.180637 4.607607 11.342978 17.547716 32.651983
4.238913 4.509819 11.055940 17.088003 31.798699
4.298001 4.412376 10.777870 16.643612 30.960581
4.357913 4.320450 10.506191 16.209503 30.152438
4.418660 4.228445 10.245067 15.787255 29.367375
4.480254 4.137458 9.986902 15.375908 28.598531
4.542706 4.050757 9.734950 14.974588 27.850171
4.606029 3.964112 9.492627 14.587160 27.128097
4.670234 3.879472 9.255109 14.212539 26.424374
4.735335 3.796912 9.023827 13.842779 25.731996
4.801343 3.717198 8.798018 13.482918 25.054307
4.868271 3.636725 8.574240 13.127893 24.392221
4.936132 3.557919 8.355119 12.781543 23.744469
5.004939 3.479936 8.141808 12.442947 23.110084
5.074705 3.402896 7.932863 12.110977 22.493532
5.145444 3.328863 7.728805 11.787973 21.891597
5.217169 3.254806 7.528965 11.473071 21.296958
5.289893 3.183941 7.335832 11.170240 20.730318
5.363631 3.113173 7.147645 10.871101 20.171821
5.438397 3.045075 6.963880 10.582631 19.629673
5.514206 2.978299 6.786038 10.302340 19.106274
5.591071 2.912458 6.613582 10.029375 18.595721
5.669007 2.849694 6.445494 9.766125 18.102803
5.748030 2.787598 6.282479 9.508359 17.619283
5.828155 2.726902 6.124126 9.259211 17.151138
5.909396 2.667626 5.969212 9.015975 16.696021
5.991770 2.609147 5.817762 8.777663 16.249963
6.075292 2.551862 5.670360 8.545847 15.812542
6.159978 2.495530 5.525303 8.318115 15.386544
6.245845 2.440165 5.384131 8.096188 14.969858
6.332908 2.385712 5.245399 7.879323 14.562054
6.421186 2.332611 5.110965 7.667560 14.165019
6.510694 2.280404 4.979733 7.462017 13.778830
6.601449 2.229893 4.852387 7.262104 13.403252
6.693470 2.180038 4.728116 7.067251 13.037950
6.786773 2.131725 4.607693 6.878263 12.683762
6.881377 2.084816 4.490818 6.695315 12.339090
6.977300 2.038831 4.377700 6.518479 12.005377
7.074559 1.994502 4.267491 6.345881 11.680820
7.173175 1.950844 4.160771 6.178382 11.366758
7.273165 1.908505 4.056928 6.016403 11.061126
7.374549 1.866843 3.955315 5.857840 10.764185
7.477346 1.825979 3.856662 5.704053 10.473582
7.581576 1.786058 3.759379 5.552688 10.189552
7.687260 1.746572 3.664761 5.405248 9.913073
7.794416 1.707906 3.572251 5.260846 9.642197
7.903066 1.670010 3.481331 5.119641 9.377447
8.013230 1.632865 3.393236 4.983288 9.120543
8.124930 1.596414 3.307294 4.850037 8.870472
8.238187 1.561046 3.223430 4.720306 8.627432
8.353023 1.526342 3.142043 4.594675 8.391328
8.469460 1.492606 3.063098 4.472927 8.162780
8.587519 1.459811 2.986188 4.354473 7.941020
8.707225 1.427811 2.911465 4.239975 7.726021
8.828599 1.396874 2.839271 4.128921 7.517591
8.951665 1.366091 2.769107 4.021132 7.315975
9.076446 1.336445 2.700696 3.916726 7.120336
9.202967 1.307374 2.634042 3.815176 6.929691
9.331251 1.278835 2.568802 3.715771 6.743983
9.461324 0.000000 0.000000 0.000000 0.000000
9.593209 0.000000 0.000000 0.000000 0.000000
9.726934 0.000000 0.000000 0.000000 0.000000
9.862522 0.000000 0.000000 0.000000 0.000000
10.000000 0.000000 0.000000 0.000000 0.000000
