0.010000 5719.196464 10441.025156 14186.164151 21804.838991
0.010139 5749.947102 10496.116501 14261.771316 21916.635220
0.010281 5780.199817 10550.322644 14336.137652 22026.507614
0.010424 5809.950243 10603.704513 14409.191980 22134.464863
0.010569 5839.166687 10656.140198 14480.842752 22240.368249
0.010717 5867.796211 10707.507830 14550.988275 22344.016085
0.010866 5895.835546 10757.776951 14619.588191 22445.333356
0.011018 5923.278410 10806.967868 14686.683878 22544.371579
0.011171 5950.096262 10855.060259 14752.265698 22641.013882
0.011327 5976.273754 10902.003348 14816.221969 22735.185696
0.011485 6001.783413 10947.746366 14878.461495 22826.875747
0.011645 6026.601842 10992.258850 14938.974808 22915.904531
0.011807 6050.716810 11035.479890 14997.711659 23002.145374
0.011972 6074.097882 11077.399327 15054.642264 23085.513862
0.012139 6096.726802 11117.966407 15109.696065 23165.999330
0.012308 6118.576222 11157.140531 15162.761747 23243.496592
0.012479 6139.617805 11194.840524 15213.717859 23317.911136
0.012653 6159.846532 11231.076527 15262.626689 23389.232661
0.012830 6179.233099 11265.797809 15309.397502 23457.303873
0.013009 6197.733036 11298.923216 15353.909024 23521.978184
0.013190 6215.329237 11330.432467 15396.162467 23583.193205
0.013374 6232.002592 11360.274855 15436.199878 23640.970655
0.013560 6247.730971 11388.409820 15473.900134 23695.048906
0.013749 6262.487204 11414.806952 15509.213574 23745.376500
0.013941 6276.269448 11439.415562 15542.100785 23791.849635
0.014135 6289.039432 11462.195108 15572.410229 23834.375161
0.014332 6300.772064 11483.115196 15600.112803 23873.027877
0.014532 6311.465551 11502.155572 15625.179442 23907.725319
0.014735 6321.079648 11519.265573 15647.499564 23938.395657
0.014940 6329.569065 11534.303301 15667.023814 23964.862394
0.015148 6336.925983 11547.319494 15683.845572 23987.085490
0.015359 6343.142594 11558.293921 15697.864570 24004.941219
0.015573 6348.190860 11567.165810 15709.041739 24018.243207
0.015791 6352.051862 11573.884531 15717.225960 24026.930996
0.016011 6354.698598 11578.399465 15722.347696 24031.028034
0.016234 6356.104075 11580.659999 15724.327265 24030.484581
0.016460 6356.242324 11580.625662 15723.207273 24025.219647
0.016690 6355.103579 11578.286393 15718.938651 24015.121032
0.016922 6352.664922 11573.611861 15711.482543 24000.045358
0.017158 6348.926720 11566.541339 15700.779749 23979.933152
0.017397 6343.850890 11557.034374 15686.760914 23954.777381
0.017640 6337.404418 11545.070781 15669.356714 23924.445690
0.017886 6329.573519 11530.620245 15648.528395 23889.014980
0.018135 6320.354533 11513.642319 15624.288124 23848.342766
0.018388 6309.750880 11494.106691 15596.566620 23802.318145
0.018644 6297.742711 11472.033710 15565.406592 23750.882641
0.018904 6284.285898 11447.322136 15530.657342 23693.967498
0.019167 6269.382853 11419.992317 15492.351402 23631.587647
0.019435 6253.036997 11390.044330 15450.460222 23563.893799
0.019706 6235.236573 11357.457986 15404.975595 23490.775745
0.019980 6215.954649 11322.182697 15355.858772 23412.060871
0.020259 6195.200703 11284.238791 15303.111689 23327.649817
0.020541 6172.964993 11243.595932 15246.715908 23237.537252
0.020828 6149.232708 11200.223781 15186.602105 23141.957719
0.021118 6124.011287 11154.132511 15122.843343 23040.957997
0.021412 6097.409300 11105.504502 15055.573647 22934.532775
0.021711 6069.959067 11055.109669 14985.710036 22823.489488
0.022013 6041.016630 11002.016028 14912.196412 22706.791121
0.022320 6010.600515 10946.243841 14835.075126 22584.578449
0.022631 5978.719120 10887.803231 14754.317291 22456.825550
0.022947 5945.365663 10826.663786 14669.944806 22323.579406
0.023267 5910.572786 10762.886249 14582.030338 22184.991036
0.023591 5874.356938 10696.511086 14490.585475 22041.128074
0.023920 5836.714326 10627.588877 14395.682726 21891.985255
0.024253 5797.669455 10556.119537 14297.364019 21737.661295
0.024591 5757.254905 10482.123221 14195.671200 21578.265183
0.024934 5715.470878 10405.670716 14090.625701 21413.801798
0.025282 5672.358005 10326.751751 13982.309847 21244.400683
0.025634 5627.946788 10245.477593 13870.836347 21070.211983
0.025991 5582.280850 10161.898713 13756.256836 20891.375243
0.026354 5535.388630 10076.117223 13638.704138 20708.019411
0.026721 5487.296524 9988.157217 13518.239841 20520.314771
0.027094 5438.041019 9898.090379 13394.925434 20328.379441
0.027471 5387.667681 9805.970137 13268.883261 20132.331326
0.027854 5336.153300 9711.805326 13140.144123 19932.288111
0.028242 5283.297710 9615.325138 13008.423807 19728.107836
0.028636 5229.484113 9517.098596 12874.382759 19520.426632
0.029035 5174.761023 9417.208435 12738.112397 19309.454697
0.029440 5119.174910 9315.748517 12599.744666 19095.360439
0.029850 5062.788404 9212.817755 12459.431720 18878.415679
0.030266 5005.657035 9108.543416 12317.325605 18658.808946
0.030688 4947.849462 9003.046681 12173.588426 18436.821762
0.031116 4889.444435 8896.464932 12028.432967 18212.745654
0.031550 4830.510578 8788.928453 11882.000823 17986.819981
0.031990 4771.109422 8680.532056 11734.453811 17759.263063
0.032436 4711.309561 8571.408039 11585.963819 17530.365423
0.032888 4651.186655 8461.696810 11436.722969 17300.406886
0.033346 4590.819384 8351.534721 11286.902999 17069.656589
0.033811 4530.282377 8241.067254 11136.685731 16838.414416
0.034282 4469.657332 8130.436856 10986.303715 16606.969571
0.034760 4408.886387 8019.873155 10836.416023 16377.463345
0.035245 4348.176619 7909.443626 10686.726978 16148.372741
0.035736 4287.622860 7799.295827 10537.438529 15919.965384
0.036234 4227.303762 7689.557060 10388.732285 15692.529323
0.036739 4167.297979 7580.382021 10240.820306 15466.342009
0.037251 4107.679115 7471.914282 10093.911596 15241.722014
0.037771 4048.534937 7364.287303 9948.171479 15018.915284
0.038297 3989.941085 7257.666010 9803.773410 14798.250271
0.038831 3931.967142 7152.179877 9660.931493 14579.982847
0.039372 3874.696865 7047.962473 9519.843605 14364.441054
0.039921 3818.197842 6945.149436 9380.667020 14151.870067
0.040478 3762.529583 6843.830803 9243.482846 13942.266950
0.041042 3707.598829 6743.284109 9106.713931 13731.568649
0.041614 3653.650275 6644.527525 8972.397263 13524.639012
0.042194 3600.748553 6547.663400 8840.683191 13321.712336
0.042782 3548.944157 6452.797179 8711.699776 13122.981530
0.043379 3498.294686 6360.028273 8585.580232 12928.691088
0.043983 3448.848663 6269.455134 8462.438542 12738.961541
0.044596 3400.637427 6181.153945 8342.374536 12553.985695
0.045218 3353.713606 6095.205003 8225.502363 12373.863433
0.045848 3308.109609 6011.656180 8111.900675 12198.735961
0.046487 3263.852816 5930.557425 8001.614659 12028.703220
0.047135 3221.062784 5852.866484 7896.752928 11869.046200
0.047792 3179.719382 5778.234633 7796.502070 11717.644941
0.048459 3139.758938 5706.105854 7699.635482 11571.379378
0.049134 3101.182610 5636.498812 7606.147833 11430.215698
0.049819 3063.980434 5569.395645 7516.027753 11294.151147
0.050513 3028.142464 5504.759215 7429.233408 11163.100534
0.051218 2993.646616 5442.553421 7345.732172 11037.030370
0.051931 2960.461699 5382.707625 7265.427350 10915.783482
0.052655 2928.540313 5325.143059 7188.217174 10799.213147
0.053389 2897.588729 5268.891494 7112.289614 10683.356283
0.054134 2867.519906 5213.719231 7037.239813 10567.324288
0.054888 2838.571246 5160.571957 6964.949827 10455.478513
0.055653 2810.636515 5109.269135 6895.165087 10347.445731
0.056429 2783.576982 5059.565059 6827.523976 10242.649685
0.057216 2757.333989 5011.347158 6761.875592 10140.892751
0.058013 2732.002065 4964.781593 6698.462288 10042.532222
0.058822 2707.656534 4920.011253 6637.469545 9947.868709
0.059642 2684.218522 4877.189327 6579.434659 9858.547606
0.060473 2661.597954 4836.694108 6525.412188 9777.670379
0.061316 2638.964571 4796.165401 6471.338048 9696.744648
0.062171 2616.134386 4755.261704 6416.750329 9615.067089
0.063038 2593.108115 4713.994678 6361.672298 9532.686131
0.063916 2569.905766 4672.401440 6306.147638 9449.656385
0.064807 2546.466069 4630.370361 6250.028240 9365.773623
0.065711 2522.616922 4587.583850 6192.895448 9280.398440
0.066627 2496.977504 4539.633618 6126.744315 9175.861780
0.067555 2470.533638 4490.172020 6058.491529 9068.062362
0.068497 2443.212338 4439.116042 5988.083820 8957.113218
0.069452 2414.896790 4386.245886 5915.252363 8842.625102
0.070420 2385.484281 4331.374160 5839.734232 8724.222090
0.071402 2354.875019 4274.336727 5761.295899 8601.551875
0.072397 2323.263226 4215.771436 5681.152742 8477.525311
0.073406 2290.633546 4155.724575 5599.417207 8352.534899
0.074429 2256.589719 4093.129470 5514.241957 8222.497732
0.075467 2221.094603 4027.916212 5425.542047 8087.310734
0.076519 2184.154770 3960.087291 5333.329609 7946.976978
0.077585 2145.791015 3889.686000 5237.652577 7801.569599
0.078667 2106.897698 3819.444630 5143.336501 7661.138788
0.079763 2068.071349 3751.134113 5053.455939 7532.032088
0.080875 2027.954939 3680.439825 4960.304454 7397.928518
0.082003 1986.679420 3607.572843 4864.155493 7259.223125
0.083146 1944.388087 3532.784312 4765.345226 7116.435835
0.084305 1901.242734 3456.367545 4664.259302 6970.116570
0.085480 1856.752803 3376.356910 4557.190237 6812.196549
0.086671 1811.511875 3294.435942 4446.998706 6648.359817
0.087880 1766.066195 3212.120980 4336.246666 6483.680974
0.089105 1720.650937 3129.822531 4225.523627 6319.036762
0.090347 1675.504634 3047.986413 4115.417638 6155.299063
0.091606 1631.628088 2969.455684 4010.697788 6001.878995
0.092883 1589.165067 2894.373783 3911.428958 5858.579798
0.094178 1547.645493 2820.911923 3814.250128 5718.215393
0.095490 1507.294875 2749.493386 3719.736219 5581.657111
0.096822 1468.340095 2680.532779 3628.442226 5449.723019
0.098171 1431.308593 2615.484274 3542.791091 5327.137677
0.099540 1396.154668 2553.945071 3461.960641 5211.957722
0.100927 1362.915665 2495.781109 3385.625326 5103.298215
0.102334 1331.720337 2441.244640 3314.118231 5001.672207
0.103761 1302.025602 2388.611478 3244.414773 4900.953403
0.105207 1272.150234 2332.757591 3167.674442 4783.583370
0.106673 1244.577588 2281.174115 3096.735133 4675.060957
0.108160 1219.294511 2233.787551 3031.545597 4575.270037
0.109668 1196.231381 2190.480138 2971.948594 4483.944693
0.111197 1175.381262 2151.447092 2918.149188 4400.866665
0.112747 1156.496586 2116.056819 2869.282752 4325.264327
0.114318 1139.388095 2083.961338 2824.885535 4256.459935
0.115912 1123.866273 2054.774112 2784.434618 4193.657527
0.117528 1110.317071 2029.789012 2750.147142 4140.942160
0.119166 1097.861843 2006.856329 2718.736397 4092.628241
0.120827 1086.150291 1985.297964 2689.214853 4047.175230
0.122511 1074.836670 1964.432788 2660.558825 4003.082939
0.124219 1063.107196 1942.363117 2630.050207 3956.314193
0.125951 1051.177852 1919.930376 2599.074684 3908.880299
0.127706 1038.737252 1896.576805 2566.846211 3859.572251
0.129487 1025.806437 1872.492350 2533.683890 3808.621758
0.131292 1012.175310 1847.298344 2499.121005 3755.308849
0.133122 997.260055 1819.799069 2461.404690 3697.292857
0.134977 980.929647 1789.778226 2420.292198 3634.388261
0.136859 964.259784 1761.033134 2383.128232 3583.679821
0.138766 945.970825 1729.281052 2341.848340 3526.646417
0.140701 926.093418 1694.575997 2296.537460 3463.357069
0.142662 905.799112 1659.676220 2251.136080 3399.308488
0.144651 884.518731 1623.083216 2203.361895 3331.475272
0.146667 862.125235 1584.343043 2152.581500 3258.936532
0.148711 837.123367 1539.092102 2091.899356 3169.831359
0.150784 810.514716 1489.746822 2024.947900 3070.221707
0.152886 783.942177 1440.490022 1958.093298 2970.681096
0.155018 759.744445 1397.717727 1901.720459 2890.262791
0.157178 737.593550 1360.086007 1853.415300 2824.157395
0.159369 716.378424 1324.004343 1807.049728 2760.620612
0.161591 696.996265 1291.568849 1765.740526 2704.439809
0.163843 679.344814 1262.344648 1728.723305 2654.550853
0.166127 663.357522 1236.046180 1695.573494 2610.266737
0.168443 645.981740 1204.334955 1653.147643 2548.832918
0.170791 630.159344 1175.154031 1613.921508 2491.876155
0.173172 616.664505 1150.597578 1581.131158 2444.615908
0.175586 606.629902 1133.653188 1559.222557 2413.481935
0.178033 598.121919 1119.520175 1541.153270 2388.238833
0.180515 589.009835 1101.956208 1516.426893 2348.884274
0.183031 579.739810 1082.733293 1488.278911 2301.948170
0.185583 571.140069 1064.992795 1462.442500 2259.232221
0.188169 563.045761 1049.420061 1441.098719 2227.144921
0.190792 554.817594 1033.608219 1419.444128 2194.579046
0.193452 545.596929 1015.761067 1395.097150 2158.999342
0.196149 535.435380 996.109876 1368.309427 2120.042349
0.198883 525.514098 977.702984 1343.528638 2083.961239
0.201655 516.251958 961.670768 1322.424374 2053.209223
0.204466 505.667692 942.957738 1297.482824 2016.278427
0.207316 493.356896 919.862296 1265.639379 1967.298447
0.210206 480.082709 894.978390 1231.345529 1914.518302
0.213136 470.118584 880.845931 1215.178403 1894.834329
0.216107 459.832018 866.162452 1198.305631 1874.116376
0.219120 446.686672 843.953771 1170.224518 1837.081073
0.222174 433.202631 820.524985 1140.164379 1796.920335
0.225271 420.928357 799.933957 1114.366238 1763.306990
0.228411 409.789246 781.571210 1091.670272 1734.283278
0.231595 399.992314 764.713706 1069.532974 1701.634611
0.234823 391.494520 749.927902 1049.729472 1671.084773
0.238097 382.095024 731.890260 1024.795840 1633.097437
0.241416 373.361257 714.749058 1000.961942 1596.986158
0.244781 364.955039 698.438298 978.609588 1562.967605
0.248193 357.391290 683.808224 958.634579 1532.622950
0.251653 353.209511 676.615917 948.923010 1517.317996
0.255161 348.222544 667.452049 936.405782 1498.068743
0.258717 340.083549 650.884067 913.370584 1463.767996
0.262324 333.343567 638.177027 896.214768 1438.770596
0.265980 327.938914 629.310370 884.945108 1423.076403
0.269688 320.297092 615.385082 866.394881 1395.460148
0.273447 311.674310 599.404532 844.943733 1363.226973
0.277259 305.022913 588.736121 832.032915 1347.371442
0.281124 297.689869 576.265672 816.449154 1328.138079
0.285043 289.864630 562.208828 798.471329 1306.388350
0.289016 282.564584 550.177913 783.384295 1285.500317
0.293045 275.667555 538.597186 768.263778 1262.459966
0.297130 269.181416 526.237450 750.096231 1231.047791
0.301271 263.406307 516.431763 737.385640 1212.562203
0.305471 257.960534 507.454648 726.429136 1198.512285
0.309729 251.660023 495.819796 711.207929 1177.592761
0.314047 246.151549 484.752059 695.415226 1151.580512
0.318424 241.443324 475.345625 681.944069 1129.272688
0.322863 237.770621 469.131221 674.212227 1120.054189
0.327363 232.518096 458.507060 659.000939 1095.593859
0.331927 227.013227 447.826022 644.361548 1073.675947
0.336554 221.615194 438.255315 632.248190 1057.843926
0.341245 217.786315 433.329112 626.671838 1049.045430
0.346002 213.457806 426.409773 617.977067 1037.067593
0.350825 209.085336 418.761612 607.960415 1022.556708
0.355715 204.748215 410.877725 597.463068 1006.501902
0.360673 199.723087 402.104862 586.142658 990.805588
0.365701 193.839296 391.149427 571.286000 970.150324
0.370799 189.146307 382.260633 559.278343 952.394854
0.375968 184.964425 374.332502 548.513153 936.261736
0.381208 180.823572 366.911521 538.604451 921.742345
0.386522 177.450701 362.067869 533.234266 913.015247
0.391910 173.966365 353.956571 520.927411 896.112229
0.397373 170.007487 347.402014 512.886914 883.399346
0.402912 166.799453 342.468742 506.184729 870.972122
0.408529 163.551672 335.601140 496.428505 857.099312
0.414223 159.523362 327.499864 485.790894 843.982489
0.419997 155.491212 320.641389 477.203345 831.495937
0.425852 152.217739 314.696223 468.895634 817.183120
0.431788 148.749888 308.091516 459.214359 802.228046
0.437807 145.721693 302.137886 450.783758 788.279748
0.443910 143.253563 298.386667 446.375938 784.229725
0.450097 139.462945 291.450342 437.009359 770.458018
0.456372 136.320646 285.049260 427.805119 754.014695
0.462733 134.333668 282.423033 425.167040 751.976744
0.469183 131.004378 275.934608 415.956429 736.554158
0.475724 128.633064 271.345982 409.723610 727.010218
0.482355 125.311845 264.722301 400.395858 714.328177
0.489079 122.626907 259.571769 393.495918 703.549039
0.495896 120.582632 255.678594 387.508814 692.489663
0.502809 117.851659 251.066527 381.335764 683.473761
0.509818 115.669485 247.135904 375.738245 672.453162
0.516924 113.677975 243.457900 370.818014 665.947756
0.524130 110.016651 237.322184 363.308844 656.814782
0.531436 108.143268 234.600419 359.698320 650.883911
0.538844 105.923663 229.636919 352.276205 639.606573
0.546355 104.040780 226.040465 346.945074 630.635969
0.553971 101.244439 221.176760 340.799827 621.143768
0.561693 99.439819 217.747354 335.956662 613.888714
0.569523 97.460887 214.551311 332.071824 605.876255
0.577461 95.263135 209.581536 324.628234 595.113340
0.585511 93.559296 206.548292 320.015323 587.158930
0.593673 91.430093 201.739068 313.273170 577.007230
0.601948 89.871791 199.408251 309.529463 570.083241
0.610339 87.740658 195.852401 304.978487 562.123940
0.618847 85.797077 192.637569 302.030614 560.151620
0.627473 84.353936 189.043419 295.796117 549.909058
0.636220 82.627632 186.179570 291.669452 541.839980
0.645088 80.679707 182.756498 286.913862 533.578220
0.654081 79.008398 178.854865 280.965975 524.838289
0.663198 77.229581 176.059166 277.939057 519.667642
0.672443 75.745978 172.962006 273.559232 514.250408
0.681816 74.081704 169.860704 268.107275 504.081591
0.691320 72.477452 166.677461 263.997689 497.122144
0.700957 71.446731 164.185221 260.289443 490.728828
0.710728 69.575653 161.366867 256.370122 483.038472
0.720635 68.490562 158.848065 252.938510 478.865579
0.730680 67.076554 156.437264 248.948391 470.431916
0.740866 65.576908 153.336335 244.466372 464.311667
0.751193 64.173423 150.495221 240.783566 458.041542
0.761664 62.928726 147.758666 236.840452 452.029506
0.772281 62.056723 146.254341 234.221251 445.761602
0.783046 60.746651 143.419627 230.161008 439.919630
0.793962 59.587770 141.531406 227.124886 435.141413
0.805029 58.250789 138.828913 223.935867 429.485214
0.816251 57.193652 136.781599 220.207131 421.891730
0.827629 55.780581 134.002318 216.503825 416.402862
0.839166 55.034225 132.393437 213.355358 411.509786
0.850863 54.013838 130.088923 210.369961 405.944833
0.862724 52.784076 127.938382 207.104445 399.368472
0.874750 51.791192 125.702573 203.915607 393.995734
0.886943 50.855510 123.867971 201.058763 388.994771
0.899307 49.788312 121.849472 197.932707 383.186192
0.911843 48.993035 119.730048 194.521069 376.346383
0.924553 47.887602 117.696699 191.373372 371.913730
0.937441 46.932702 115.809006 188.775533 366.917792
0.950508 46.115366 113.918358 185.925498 361.551026
0.963758 45.105550 111.711487 182.557330 356.109950
0.977192 44.450027 110.991409 180.750698 351.280746
0.990814 43.560504 108.852540 177.691029 346.475308
1.004625 42.686668 106.799535 174.538260 340.537348
1.018629 41.944344 105.275020 172.010511 335.434932
1.032828 41.092173 103.526181 169.619543 331.614162
1.047225 40.248995 101.971305 166.821117 325.738083
1.061823 39.581014 100.548957 164.456744 321.026282
1.076624 38.804318 98.895977 161.905470 316.090551
1.091632 38.123235 97.239008 159.520482 311.136208
1.106848 37.350629 95.505914 156.926301 306.657292
1.122277 36.646578 94.137385 154.284690 301.445403
1.137921 35.943247 92.457460 151.811722 296.816035
1.153783 35.321682 90.998596 149.463100 292.439517
1.169866 34.679043 89.616357 147.125015 288.235540
1.186174 34.007600 88.266638 144.839552 283.483209
1.202708 33.415349 86.837581 142.635641 279.102832
1.219473 32.825452 85.509069 140.537970 274.321043
1.236472 32.206563 84.172203 138.424583 270.256698
1.253708 31.639578 82.782723 135.989770 265.984557
1.271184 31.076843 81.751484 134.278393 261.736930
1.288904 30.506029 80.140085 131.807211 257.784418
1.306870 29.924053 78.855369 129.665026 253.270564
1.325087 29.432639 77.651656 127.676938 248.855210
1.343558 28.902139 76.375159 125.577485 244.740806
1.362287 28.411195 75.104086 123.383219 240.535810
1.381276 27.885160 73.921605 121.150892 236.389626
1.400531 27.402102 72.730921 119.256004 232.112841
1.420053 26.891967 71.446813 117.347576 228.016407
1.439848 26.424629 70.373674 115.262943 224.143763
1.459919 25.925072 69.193523 113.325516 219.978182
1.480269 25.527334 67.947196 111.278489 215.720169
1.500903 25.067316 66.882000 109.346022 212.267324
1.521825 24.612588 65.846371 107.600237 208.330723
1.543038 24.166274 64.731013 105.832265 204.780768
1.564548 23.778123 63.663106 103.965674 200.866256
1.586357 23.363303 62.662303 102.184386 197.100697
1.608469 22.928974 61.617098 100.391432 193.631329
1.630891 22.596467 60.477160 98.419902 189.636975
1.653624 22.167159 59.435658 96.780167 186.345736
1.676675 21.774539 58.520117 95.117717 182.612401
1.700047 21.387577 57.525966 93.376873 179.168688
1.723745 21.037868 56.498276 91.677609 175.458462
1.747773 20.643676 55.487539 89.950760 171.983444
1.772136 20.286323 54.534053 88.259788 168.731210
1.796838 19.945140 53.563001 86.632839 165.311358
1.821885 19.628595 52.616003 84.969765 162.062406
1.847281 19.273912 51.763804 83.477013 158.809971
1.873032 18.946620 50.814825 81.752138 155.639654
1.899141 18.615562 49.859445 80.244753 152.477217
1.925614 18.309165 48.994394 78.745563 149.252000
1.952456 18.043096 48.165793 77.277782 146.161172
1.979672 17.691893 47.329565 75.795004 143.147786
2.007267 17.410607 46.458373 74.211356 140.228393
2.035248 17.091550 45.563440 72.734033 137.163949
2.063618 16.794531 44.693002 71.282095 134.181750
2.092383 16.514023 43.861768 69.818673 131.285945
2.121550 16.217264 43.014067 68.402848 128.417269
2.151123 15.941980 42.211288 66.972564 125.528764
2.181109 15.661220 41.373114 65.605007 122.826263
2.211512 15.393233 40.553503 64.193138 119.976521
2.242340 15.126783 39.804130 62.884931 117.339810
2.273597 14.848273 39.024284 61.507968 114.692095
2.305289 14.608241 38.250201 60.233009 112.128543
2.337424 14.355626 37.480397 58.931423 109.621439
2.370006 14.103165 36.741226 57.691940 107.177764
2.403043 13.845092 36.017318 56.423327 104.695851
2.436540 13.614171 35.309606 55.218089 102.280141
2.470504 13.375547 34.601113 53.993409 99.908413
2.504942 13.141132 33.911316 52.826634 97.607841
2.539859 12.916884 33.198945 51.635660 95.271988
2.575263 12.674447 32.490976 50.518171 93.074156
2.611161 12.455548 31.818560 49.341697 90.863000
2.647559 12.231890 31.141969 48.202139 88.650552
2.684465 12.011635 30.501863 47.100218 86.520423
2.721885 11.785388 29.818680 46.022113 84.439321
2.759826 11.573631 29.164787 44.945674 82.398672
2.798297 11.360507 28.546392 43.904812 80.441191
2.837304 11.155029 27.920519 42.882486 78.488291
2.876854 10.949413 27.303226 41.879444 76.592801
2.916956 10.750798 26.714987 40.901441 74.698560
2.957617 10.557260 26.132454 39.958460 72.889988
2.998844 10.362689 25.561998 39.016171 71.106362
3.040646 10.171515 24.990366 38.087184 69.412122
3.083031 9.983956 24.425932 37.185738 67.707495
3.126007 9.800728 23.887047 36.300338 66.026530
3.169582 9.614627 23.330952 35.407849 64.392762
3.213764 9.431477 22.797236 34.550773 62.793155
3.258562 9.247882 22.278984 33.710263 61.221771
3.303985 9.069451 21.750035 32.879478 59.687923
3.350041 8.895420 21.234117 32.064713 58.180834
3.396739 8.718949 20.734572 31.280137 56.700720
3.444087 8.549821 20.239276 30.488313 55.268986
3.492096 8.383447 19.763501 29.741969 53.890030
3.540774 8.213745 19.296133 29.009115 52.533295
3.590130 8.053870 18.833176 28.282296 51.219974
3.640175 7.896526 18.384982 27.591179 49.933165
3.690917 7.737567 17.955111 26.893040 48.675376
3.742366 7.583293 17.514975 26.230163 47.468087
3.794533 7.433792 17.099167 25.580007 46.271653
3.847427 7.283146 16.682481 24.938533 45.118106
3.901058 7.132561 16.277811 24.315920 43.970707
3.955436 6.990079 15.878430 23.692483 42.847359
4.010573 6.842022 15.484527 23.097317 41.766433
4.066478 6.698126 15.095256 22.504326 40.691071
4.123163 6.555434 14.721512 21.926732 39.643545
4.180637 6.417926 14.354639 21.367182 38.621096
4.238913 6.280533 13.990024 20.815340 37.635132
4.298001 6.143233 13.637203 20.283638 36.664796
4.357913 6.014607 13.292074 19.765588 35.733442
4.418660 5.884254 12.960358 19.256357 34.825973
4.480254 5.756169 12.633022 18.764182 33.936261
4.542706 5.632909 12.312777 18.283300 33.071988
4.606029 5.510218 12.005657 17.818134 32.238469
4.670234 5.389709 11.702682 17.369793 31.425457
4.735335 5.272365 11.408512 16.926742 30.627660
4.801343 5.157989 11.122235 16.496064 29.845533
4.868271 5.043011 10.837975 16.071505 29.082562
4.936132 4.930157 10.559178 15.656218 28.336160
5.004939 4.818110 10.287423 15.250630 27.603894
5.074705 4.707458 10.020954 14.852134 26.891437
5.145444 4.600328 9.760846 14.465603 26.194543
5.217169 4.493306 9.505623 14.085098 25.510028
5.289893 4.390783 9.258811 13.722273 24.852033
5.363631 4.287859 9.017707 13.361795 24.206826
5.438397 4.188861 8.782426 13.014717 23.577572
5.514206 4.091569 8.554494 12.676544 22.969104
5.591071 3.995385 8.333461 12.347708 22.376387
5.669007 3.903505 8.117821 12.029175 21.803997
5.748030 3.812495 7.908210 11.717905 21.241245
5.828155 3.723576 7.704411 11.416641 20.696182
5.909396 3.636490 7.505427 11.122468 20.166686
5.991770 3.550738 7.310710 10.833784 19.648616
6.075292 3.466687 7.120985 10.552997 19.137348
6.159978 3.383702 6.934227 10.277613 18.640257
6.245845 3.302431 6.752051 10.008592 18.152719
6.332908 3.222202 6.573375 9.744366 17.674307
6.421186 3.144085 6.399801 9.486690 17.208525
6.510694 3.067203 6.230262 9.236495 16.755257
6.601449 2.992617 6.065709 8.992750 16.313042
6.693470 2.919112 5.905005 8.754738 15.881994
6.786773 2.847861 5.749057 8.523561 15.464596
6.881377 2.778610 5.597961 8.299562 15.056938
6.977300 2.710898 5.451420 8.083229 14.661677
7.074559 2.645331 5.308734 7.871203 14.276881
7.173175 2.580975 5.171312 7.665761 13.903939
7.273165 2.518640 5.036025 7.466704 13.540805
7.374549 2.457385 4.904745 7.271952 13.187563
7.477346 2.397410 4.777135 7.082988 12.841260
7.581576 2.338943 4.651642 6.896858 12.502677
7.687260 2.281301 4.529501 6.715199 12.171818
7.794416 2.224888 4.410169 6.536793 11.847160
7.903066 2.169771 4.292884 6.362658 11.529408
8.013230 2.115801 4.179441 6.194045 11.220521
8.124930 2.063054 4.068615 6.029093 10.918708
8.238187 2.011880 3.960751 5.868232 10.624860
8.353023 1.961849 3.856026 5.712078 10.338901
8.469460 1.913345 3.754512 5.560709 10.061440
8.587519 1.866231 3.655803 5.413399 9.791706
8.707225 1.820401 3.559994 5.270723 9.529960
8.828599 1.775936 3.467494 5.132332 9.275334
8.951665 1.732545 3.377689 4.997619 9.028856
9.076446 1.690555 3.290312 4.867149 8.788888
9.202967 1.649537 3.205319 4.740224 8.554982
9.331251 1.609457 3.122391 4.615930 8.326863
9.461324 0.000000 0.000000 0.000000 0.000000
9.593209 0.000000 0.000000 0.000000 0.000000
9.726934 0.000000 0.000000 0.000000 0.000000
9.862522 0.000000 0.000000 0.000000 0.000000
10.000000 0.000000 0.000000 0.000000 0.000000
