0.010000 5257.024704 9531.864069 13137.488030 21034.774776
0.010139 5288.643589 9587.993489 13214.522425 21129.898135
0.010281 5319.762387 9643.042741 13287.043117 21204.899107
0.010424 5350.364938 9697.054466 13355.309963 21260.084743
0.010569 5380.435441 9750.098493 13419.653980 21296.171701
0.010717 5409.974818 9802.244346 13480.488890 21314.166841
0.010866 5438.960092 9853.518621 13538.182431 21315.582972
0.011018 5467.387330 9903.986133 13593.195047 21302.326707
0.011171 5495.254686 9953.709322 13646.001253 21276.559884
0.011327 5522.516940 10002.679887 13697.161161 21240.538238
0.011485 5549.170927 10050.942578 13747.117786 21196.745616
0.011645 5575.220067 10098.524851 13796.283943 21147.764944
0.011807 5600.639902 10145.396888 13844.973820 21095.948221
0.011972 5625.390923 10191.510848 13893.425892 21043.832753
0.012139 5649.465929 10236.821604 13941.876948 20993.942587
0.012308 5672.812400 10281.249608 13990.450849 20948.319989
0.012479 5695.427223 10324.693095 14039.294563 20908.788903
0.012653 5717.288976 10367.089485 14088.410472 20876.774213
0.012830 5738.372930 10408.330025 14137.764853 20853.512296
0.013009 5758.635527 10448.301364 14187.220309 20839.765605
0.013190 5778.054030 10486.897511 14236.616568 20835.839335
0.013374 5796.615915 10524.041254 14285.744429 20841.663438
0.013560 5814.286535 10559.587559 14334.360408 20856.567100
0.013749 5831.042788 10593.452190 14382.084815 20879.438422
0.013941 5846.863374 10625.514620 14428.566896 20908.870293
0.014135 5861.724911 10655.687597 14473.454871 20943.262397
0.014332 5875.599976 10683.868891 14516.307866 20980.790528
0.014532 5888.461984 10709.981410 14556.725365 21019.506210
0.014735 5900.294962 10733.924861 14594.250326 21057.389910
0.014940 5911.080582 10755.625668 14628.360640 21092.315764
0.015148 5920.862099 10775.136093 14658.964182 21122.620737
0.015359 5929.594205 10792.398725 14685.716951 21146.406201
0.015573 5937.216772 10807.276308 14708.188773 21161.974055
0.015791 5943.711847 10819.699642 14726.028006 21168.118038
0.016011 5949.070889 10829.618528 14739.006050 21163.974237
0.016234 5953.273872 10837.050938 14747.030406 21148.784774
0.016460 5956.295070 10841.994162 14750.047155 21122.146242
0.016690 5958.114824 10844.444032 14748.050837 21084.123031
0.016922 5958.703746 10844.374552 14740.974432 21035.065886
0.017158 5958.038574 10841.786186 14728.904590 20975.555244
0.017397 5956.111182 10836.753854 14712.077796 20906.364973
0.017640 5952.897209 10829.267964 14690.638571 20828.521536
0.017886 5948.372098 10819.360687 14664.821488 20743.419566
0.018135 5942.534074 10807.104095 14634.914582 20652.741882
0.018388 5935.347223 10792.500047 14601.172669 20557.920843
0.018644 5926.789156 10775.557117 14563.897152 20460.336025
0.018904 5916.860152 10756.338136 14523.455529 20361.551341
0.019167 5905.534069 10734.840820 14480.172708 20263.069690
0.019435 5892.810780 10711.095112 14434.300958 20166.359665
0.019706 5878.672870 10685.103486 14386.185634 20072.493557
0.019980 5863.107329 10656.860227 14336.010259 19982.243948
0.020259 5846.119287 10626.370910 14284.041844 19896.296764
0.020541 5827.728878 10593.642541 14230.486190 19815.036987
0.020828 5807.919731 10558.673756 14175.404271 19738.658135
0.021118 5786.693907 10521.445061 14118.874763 19666.766739
0.021412 5764.166192 10482.046744 14061.070980 19598.691682
0.021711 5740.836754 10441.200285 14002.701147 19534.443588
0.022013 5716.117075 10397.987245 13942.722875 19472.528515
0.022320 5690.032158 10352.386479 13880.991134 19411.919268
0.022631 5662.589243 10304.400004 13817.350804 19351.348855
0.022947 5633.795298 10253.926317 13751.569215 19289.434219
0.023267 5603.663707 10200.948883 13683.425605 19225.038205
0.023591 5572.192446 10145.429833 13612.683860 19157.059882
0.023920 5539.397509 10087.292362 13539.133048 19084.619205
0.024253 5505.304029 10026.531182 13462.568195 19006.862328
0.024591 5469.921698 9963.126007 13382.857152 18923.223267
0.024934 5433.268534 9897.082723 13299.878146 18833.293802
0.025282 5395.361203 9828.421979 13213.542626 18736.929096
0.025634 5356.212287 9757.131809 13123.825336 18634.118606
0.025991 5315.841383 9683.251727 13030.694045 18524.995398
0.026354 5274.282288 9606.815489 12934.184119 18409.839412
0.026721 5231.546841 9527.903760 12834.354146 18288.946956
0.027094 5187.660691 9446.569410 12731.319158 18162.772152
0.027471 5142.664561 9362.904478 12625.146324 18031.669370
0.027854 5096.524834 9276.913030 12515.858893 17895.931461
0.028242 5049.030312 9188.325087 12403.146246 17755.571793
0.028636 5000.528375 9097.692512 12287.657559 17611.331579
0.029035 4951.060024 9005.159073 12169.506345 17463.498445
0.029440 4900.670286 8910.832934 12048.839233 17312.256027
0.029850 4849.404282 8814.843028 11925.757611 17157.785121
0.030266 4797.323938 8717.341328 11800.397584 17000.225844
0.030688 4744.501011 8618.455996 11672.882706 16839.707086
0.031116 4690.998279 8518.346865 11543.365625 16676.347075
0.031550 4636.863518 8417.142970 11411.941759 16510.214052
0.031990 4582.159930 8314.977469 11278.809039 16341.380146
0.032436 4526.958143 8212.011765 11144.082502 16169.963880
0.032888 4471.328222 8108.396856 11007.982781 15996.103825
0.033346 4415.352367 8004.294714 10870.679184 15819.940288
0.033811 4359.110038 7899.845814 10732.358866 15641.596350
0.034282 4302.687706 7795.204524 10593.236407 15461.246039
0.034760 4246.032043 7690.616725 10454.016389 15280.712543
0.035245 4189.325979 7586.129078 10314.443393 15098.436510
0.035736 4132.650826 7481.877804 10174.710427 14914.539855
0.036234 4076.094492 7378.003006 10035.083052 14729.241526
0.036739 4019.743496 7274.664989 9895.769944 14542.738767
0.037251 3963.673014 7172.014526 9757.029017 14355.272097
0.037771 3907.947774 7070.177709 9619.088324 14167.189290
0.038297 3852.651484 6969.316908 9482.182283 13978.773249
0.038831 3797.852326 6869.593548 9346.550486 13790.407159
0.039372 3743.633415 6771.141346 9212.423709 13602.482941
0.039921 3690.055397 6674.096885 9080.013871 13415.442342
0.040478 3637.179107 6578.561377 8949.413441 13229.512188
0.041042 3584.911215 6483.860152 8819.156514 13041.045982
0.041614 3533.477381 6390.967781 8691.191825 12854.810782
0.042194 3482.946313 6300.004462 8565.693696 12671.187472
0.042782 3433.363686 6211.055911 8442.772244 12490.523790
0.043379 3384.776891 6124.206373 8322.575382 12313.106137
0.043983 3337.232240 6039.518269 8205.186576 12139.154854
0.044596 3290.771206 5957.037792 8090.679531 11968.843426
0.045218 3245.432555 5876.800161 7979.112416 11802.234027
0.045848 3201.240711 5798.829670 7870.526558 11639.412673
0.046487 3158.232425 5723.116893 7764.932880 11480.353696
0.047135 3116.516787 5650.490852 7664.241426 11329.873262
0.047792 3076.064153 5580.571039 7567.670663 11185.990968
0.048459 3036.835928 5512.787982 7474.037444 11045.650217
0.049134 2998.843506 5447.126432 7383.309478 10908.850451
0.049819 2962.079552 5383.535826 7295.460159 10775.558068
0.050513 2926.543509 5321.953516 7210.447907 10645.794233
0.051218 2892.224881 5262.325555 7128.238281 10519.641196
0.051931 2859.088478 5204.587536 7048.765364 10397.127934
0.052655 2827.100821 5148.671115 6971.969974 10278.346225
0.053389 2796.006735 5093.688507 6896.220442 10159.893891
0.054134 2765.753556 5039.470029 6821.204106 10041.346771
0.054888 2736.561093 4986.964258 6748.807570 9927.145460
0.055653 2708.311500 4936.012303 6678.826691 9817.300083
0.056429 2680.896940 4886.486906 6611.114690 9711.813832
0.057216 2654.366056 4838.520532 6545.850824 9611.200249
0.058013 2628.835595 4792.358709 6483.404893 9516.165987
0.058822 2604.254804 4747.947237 6423.718094 9426.778289
0.059642 2580.469145 4705.343148 6367.140440 9344.505806
0.060473 2557.399997 4664.937609 6314.721924 9272.395549
0.061316 2534.359717 4624.723866 6262.884471 9202.998372
0.062171 2511.316436 4584.638216 6211.547450 9136.120601
0.063038 2488.281600 4544.710690 6160.701287 9071.639242
0.063916 2465.245572 4504.907679 6110.282155 9009.301246
0.064807 2442.090021 4465.000671 6059.885495 8948.310657
0.065711 2418.645558 4424.649853 6008.962032 8887.645425
0.066627 2393.614483 4379.650865 5949.757103 8810.104191
0.067555 2367.956347 4333.475664 5888.798856 8730.285703
0.068497 2341.596921 4285.991435 5825.888050 8647.754540
0.069452 2314.419716 4236.949588 5760.594887 8561.554185
0.070420 2286.327328 4186.117085 5692.517093 8470.766580
0.071402 2257.210356 4133.276293 5621.268857 8374.521936
0.072397 2227.239901 4078.974462 5547.829331 8275.059044
0.073406 2196.399136 4023.211427 5472.199457 8172.403734
0.074429 2164.308826 3964.935721 5392.518436 8062.342594
0.075467 2130.920973 3904.066438 5308.640589 7944.507745
0.076519 2096.230211 3840.575625 5220.510226 7818.710879
0.077585 2060.228207 3774.456463 5128.120407 7684.866885
0.078667 2023.751758 3708.318162 5036.121725 7552.781060
0.079763 1987.333461 3643.827625 4947.476017 7428.701440
0.080875 1949.706266 3576.833424 4854.768893 7296.866992
0.082003 1910.971435 3507.516417 4758.309705 7157.823373
0.083146 1871.237901 3436.088338 4658.466672 7012.259330
0.084305 1830.655214 3362.825922 4555.698340 6861.027321
0.085480 1788.753223 3285.898310 4446.630357 6696.805282
0.086671 1746.060406 3206.871848 4334.049602 6525.375166
0.087880 1703.076793 3127.181758 4220.506426 6351.963417
0.089105 1660.009404 3047.234514 4106.658568 6177.787457
0.090347 1617.083520 2967.450836 3993.169003 6004.053341
0.091606 1575.249262 2890.595346 3884.768825 5840.371320
0.092883 1534.629840 2816.830320 3781.615831 5686.809222
0.094178 1494.770923 2744.413013 3680.558235 5536.615231
0.095490 1455.887978 2673.777904 3582.215514 5390.889884
0.096822 1418.193678 2605.337756 3487.184440 5250.678999
0.098171 1382.200264 2540.549297 3397.889371 5120.808851
0.099540 1347.874648 2479.070689 3313.609118 4999.507444
0.100927 1315.246052 2420.782674 3234.025952 4885.920444
0.102334 1284.444765 2365.934992 3159.475232 4780.593637
0.103761 1254.980441 2312.926740 3087.147496 4677.794597
0.105207 1225.317071 2256.984344 3008.913013 4561.147269
0.106673 1197.785058 2205.206726 2936.746493 4454.472778
0.108160 1172.377458 2157.556357 2870.582066 4357.557247
0.109668 1149.067286 2113.961070 2810.269892 4270.132102
0.111197 1127.870422 2074.575531 2755.946002 4191.708131
0.112747 1108.580261 2038.846297 2706.875248 4121.596180
0.114318 1091.042727 2006.481764 2662.638185 4059.054534
0.115912 1075.101985 1977.170141 2622.798408 4003.333961
0.117528 1061.084342 1952.006978 2589.146052 3957.751152
0.119166 1048.235878 1929.109148 2558.785765 3917.131558
0.120827 1036.252899 1907.855937 2530.854266 3880.015270
0.122511 1024.801678 1887.578234 2504.432319 3844.880253
0.124219 1013.110097 1866.426379 2476.793173 3807.398276
0.125951 1001.417911 1845.310516 2449.335056 3769.687200
0.127706 989.428463 1823.665442 2421.308249 3730.516031
0.129487 977.127147 1801.550232 2392.778474 3689.631310
0.131292 964.305789 1778.602953 2363.232494 3646.132310
0.133122 950.421894 1753.675455 2331.083018 3597.933817
0.134977 935.308473 1726.464721 2295.982140 3544.643433
0.136859 919.946732 1700.548034 2264.689376 3502.590022
0.138766 903.108346 1671.766797 2229.542531 3453.829849
0.140701 884.791648 1640.103520 2190.469751 3398.336447
0.142662 866.056842 1608.136810 2151.105003 3341.290331
0.144651 846.311984 1574.307272 2109.235351 3279.619946
0.146667 825.407495 1538.095687 2064.075728 3212.447695
0.148711 801.962464 1495.492207 2009.328725 3128.714998
0.150784 776.875072 1448.701258 1948.262723 3034.121977
0.152886 751.626018 1401.511938 1886.623502 2938.641466
0.155018 728.430352 1360.154562 1834.519892 2861.297276
0.157178 706.978535 1323.339907 1789.587704 2797.409568
0.159369 686.198560 1287.562472 1745.890216 2735.295260
0.161591 666.978283 1254.944250 1706.588147 2679.989448
0.163843 649.232295 1225.071601 1671.005610 2630.365501
0.166127 632.897360 1197.667269 1638.641519 2585.700339
0.168443 615.181460 1164.911145 1597.108335 2523.882071
0.170791 598.868052 1134.446375 1558.412176 2466.217738
0.173172 584.704980 1108.292803 1525.641230 2417.741943
0.175586 573.768789 1089.306943 1503.035154 2384.750057
0.178033 564.346830 1073.135544 1484.182855 2357.670742
0.180515 554.425417 1053.768754 1458.869131 2316.383201
0.183031 544.495229 1033.073322 1430.419488 2267.755319
0.185583 535.376701 1014.128671 1404.460494 2223.573152
0.188169 526.861123 997.448504 1382.843259 2189.804960
0.190792 518.418335 980.914066 1361.204990 2155.830554
0.193452 509.183039 962.648799 1336.941459 2118.531247
0.196149 499.225387 942.949770 1310.435972 2077.907991
0.198883 489.639071 924.738206 1286.031779 2040.251130
0.201655 480.772416 908.999690 1265.246080 2007.976062
0.204466 470.748423 890.877638 1240.747273 1969.448954
0.207316 459.144601 868.704201 1209.551803 1918.899201
0.210206 446.622974 844.787582 1175.737225 1864.137383
0.213136 437.116466 830.896080 1158.917845 1841.109562
0.216107 427.204733 816.247547 1140.932959 1816.203457
0.219120 414.565488 794.376659 1111.997106 1775.073106
0.222174 401.480455 771.053970 1080.690273 1730.133377
0.225271 389.421181 750.144905 1053.036057 1690.830681
0.228411 378.280099 730.985422 1027.830339 1655.146647
0.231595 368.311916 713.055865 1002.954484 1615.723716
0.234823 359.537541 696.970074 980.220636 1578.328931
0.238097 349.907958 677.681995 952.530538 1533.774516
0.241416 340.937951 659.234591 926.024969 1491.437426
0.244781 332.349400 641.596779 901.104836 1451.643613
0.248193 324.675834 625.729664 878.889749 1416.345566
0.251653 320.178794 616.827348 866.522980 1395.890230
0.255161 315.142863 606.451655 852.267919 1373.168491
0.258717 307.476321 589.750661 829.210271 1338.147200
0.262324 301.163786 576.751908 812.025021 1312.798516
0.265980 296.110350 567.368904 800.631045 1296.975263
0.269688 289.173168 553.777457 783.375255 1271.712415
0.273447 281.358270 538.465643 763.874501 1243.067578
0.277259 275.279373 527.984255 752.348957 1229.972281
0.281124 268.529136 515.897204 738.567405 1214.226755
0.285043 261.243574 502.340344 722.652983 1196.356368
0.289016 254.342462 490.619075 709.494351 1179.431115
0.293045 247.712656 479.280643 696.324109 1160.489044
0.297130 241.424234 467.352227 680.535336 1133.962077
0.301271 235.682685 457.610989 669.548269 1118.886979
0.305471 230.218869 448.671616 660.206274 1107.830270
0.309729 224.073838 437.651522 647.315257 1090.928358
0.314047 218.743387 427.383696 634.093226 1069.123551
0.318424 214.229510 418.851793 623.238110 1050.853254
0.322863 210.749700 413.450700 617.987096 1045.216226
0.327363 205.976733 404.374861 606.044377 1025.358100
0.331927 201.056883 395.418569 594.690792 1007.734979
0.336554 196.275418 387.541294 585.621197 995.531130
0.341245 192.910237 383.812866 582.482014 989.511360
0.346002 189.089189 378.310273 576.231929 979.845270
0.350825 185.166077 372.012732 568.345515 967.012487
0.355715 181.224387 365.369541 559.626610 952.031219
0.360673 176.648702 357.857049 549.810007 936.612794
0.365701 171.251465 348.250051 536.295097 915.925957
0.370799 166.904540 340.424900 525.229007 897.593773
0.375968 163.061090 333.513389 515.300891 880.768352
0.381208 159.292897 327.074320 506.111693 865.401834
0.386522 156.227510 322.889472 501.036881 855.238531
0.391910 153.183164 316.089475 489.847108 838.129289
0.397373 149.753045 310.684378 482.751744 825.350145
0.402912 147.027235 306.771024 476.962164 812.969937
0.408529 144.253526 301.036466 468.137115 799.076542
0.414223 140.763167 294.097273 458.372536 785.907399
0.419997 137.229042 288.184871 450.487453 773.323596
0.425852 134.320442 282.992481 442.749079 758.854306
0.431788 131.198943 277.104165 433.580765 743.786925
0.437807 128.472896 271.838030 425.771457 730.074134
0.443910 126.239507 268.509183 421.657903 725.418172
0.450097 122.841929 262.326677 412.936732 711.795989
0.456372 120.054269 256.739079 404.593576 696.164875
0.462733 118.299304 254.529343 402.401466 693.878347
0.469183 115.403629 248.937475 394.122179 679.290933
0.475724 113.316982 245.001776 388.639341 670.339604
0.482355 110.383223 239.158061 380.013797 658.142546
0.489079 107.995268 234.622523 373.635491 647.340178
0.495896 106.141094 231.171013 368.025512 636.204815
0.502809 103.651586 226.972148 362.022290 626.622295
0.509818 101.639371 223.395228 356.569637 615.044691
0.516924 99.825346 220.105381 351.811867 607.941333
0.524130 96.545805 214.565822 344.509615 598.328459
0.531436 94.833368 212.120200 340.924475 591.614994
0.538844 92.848237 207.780905 333.922251 580.432894
0.546355 91.162147 204.644989 328.825190 571.306769
0.553971 88.670668 200.394196 323.049542 561.836853
0.561693 87.026224 197.402892 318.384060 554.378105
0.569523 85.209775 194.604285 314.685591 546.436657
0.577461 83.232826 190.268467 307.667535 536.316128
0.585511 81.687304 187.726411 303.337118 528.738483
0.593673 79.805037 183.641874 297.223901 519.718159
0.601948 78.405289 181.874350 293.944638 513.639326
0.610339 76.525818 178.985014 289.921621 506.702645
0.618847 74.810947 176.379774 287.448257 505.298290
0.627473 73.555676 173.543732 281.951321 496.738044
0.636220 72.035023 171.266215 278.218362 489.593120
0.645088 70.318975 168.497050 274.016738 482.774903
0.654081 68.859337 165.270581 268.596175 475.325731
0.663198 67.303148 163.049498 266.008689 471.111670
0.672443 66.021588 160.500316 261.987332 466.734360
0.681816 64.584817 157.980424 256.945284 457.955903
0.691320 63.203309 155.289885 253.178131 452.083850
0.700957 62.332315 153.235751 249.774466 446.761456
0.710728 60.727121 150.817214 246.040072 440.150228
0.720635 59.821275 148.672337 242.795579 436.807247
0.730680 58.616901 146.549411 238.959005 429.650875
0.740866 57.348646 143.767868 234.588465 424.422335
0.751193 56.162404 141.165058 230.957672 419.200031
0.761664 55.119209 138.625144 227.035208 414.085757
0.772281 54.394597 137.176506 224.263195 408.682806
0.783046 53.288964 134.471149 220.132308 403.717121
0.793962 52.299885 132.594807 216.834297 399.822796
0.805029 51.172752 129.926462 213.355636 394.780053
0.816251 50.274998 127.858896 209.283849 387.938064
0.827629 49.059685 125.080669 205.234784 383.067573
0.839166 48.433525 123.408942 201.637109 378.770710
0.850863 47.568550 121.016820 198.077697 373.522239
0.862724 46.508353 118.826101 194.288018 367.253630
0.874750 45.656795 116.550909 190.522333 362.123702
0.886943 44.854353 114.616719 186.976609 357.029315
0.899307 43.941401 112.540743 183.176117 351.277281
0.911843 43.253301 110.378497 179.140781 344.399938
0.924553 42.296482 108.266633 175.260825 339.567674
0.937441 41.479252 106.329848 171.947233 334.187138
0.950508 40.773805 104.383660 168.431562 328.238157
0.963758 39.896743 102.133702 164.411532 322.329734
0.977192 39.329882 101.265411 161.831001 316.725158
0.990814 38.554785 99.078680 158.208087 311.275402
1.004625 37.800665 96.963262 154.487449 304.501877
1.018629 37.143175 95.311150 151.413188 298.626670
1.032828 36.403668 93.476855 148.502230 293.917692
1.047225 35.663546 91.827151 145.300789 287.374486
1.061823 35.075033 90.256457 142.551491 281.801142
1.076624 34.396506 88.495366 139.697354 276.193214
1.091632 33.794826 86.746656 137.122143 270.632602
1.106848 33.115288 84.932608 134.428391 265.559945
1.122277 32.492369 83.470675 131.777102 260.108629
1.137921 31.872557 81.736230 129.345593 255.159151
1.153783 31.328211 80.221665 127.079974 250.615246
1.169866 30.744538 78.796573 124.876094 246.263846
1.186174 30.150722 77.422622 122.829956 241.728644
1.202708 29.624853 75.999703 120.903939 237.457574
1.219473 29.093563 74.688726 119.100759 233.081051
1.236472 28.539735 73.396459 117.335192 229.343212
1.253708 28.028412 72.079634 115.369804 225.639248
1.271184 27.518344 71.099416 113.983197 221.893305
1.288904 27.005617 69.625584 111.984522 218.586192
1.306870 26.478694 68.463759 110.297985 214.849089
1.325087 26.035551 67.379741 108.736834 211.132570
1.343558 25.558034 66.264666 107.082713 207.806926
1.362287 25.118065 65.168431 105.384203 204.453733
1.381276 24.641973 64.152759 103.664670 201.212581
1.400531 24.208506 63.158389 102.224436 197.775128
1.420053 23.748061 62.112866 100.811422 194.596091
1.439848 23.326518 61.262422 99.226131 191.636453
1.459919 22.877236 60.337373 97.791241 188.470521
1.480269 22.521342 59.377512 96.323159 185.281470
1.500903 22.105813 58.594114 94.907133 182.848994
1.521825 21.696661 57.860363 93.713502 180.001771
1.543038 21.295607 57.066903 92.495411 177.507593
1.564548 20.947936 56.327193 91.198515 174.770022
1.586357 20.573775 55.673502 90.004255 172.144519
1.608469 20.185045 54.979121 88.804460 169.797275
1.630891 19.891093 54.195462 87.453464 167.066030
1.653624 19.505392 53.500345 86.376101 164.826382
1.676675 19.155346 52.924446 85.271564 162.211538
1.700047 18.810427 52.248637 84.052465 159.768818
1.723745 18.499235 51.537085 82.867036 157.055575
1.747773 18.154595 50.816060 81.619826 154.477481
1.772136 17.838136 50.108515 80.372667 151.977109
1.796838 17.542233 49.375164 79.161659 149.236297
1.821885 17.263846 48.637019 77.858615 146.532192
1.847281 16.960997 47.960518 76.675864 143.761411
1.873032 16.676486 47.154924 75.240195 140.977797
1.899141 16.390589 46.324979 74.003237 138.117700
1.925614 16.126152 45.555013 72.739457 135.160469
1.952456 15.900986 44.794935 71.477659 132.289447
1.979672 15.597933 44.017464 70.201938 129.453738
2.007267 15.359947 43.196899 68.808804 126.728836
2.035248 15.084792 42.344482 67.557384 123.927102
2.063618 14.833557 41.511795 66.347069 121.241959
2.092383 14.596694 40.731076 65.127474 118.713343
2.121550 14.347124 39.926043 63.974998 116.249295
2.151123 14.115390 39.172155 62.829657 113.891926
2.181109 13.879753 38.404352 61.775050 111.796774
2.211512 13.653394 37.655525 60.692642 109.613361
2.242340 13.428608 36.984115 59.719793 107.738884
2.273597 13.192823 36.289474 58.700880 105.925436
2.305289 12.992388 35.618130 57.791774 104.213358
2.337424 12.775913 34.949099 56.869229 102.578825
2.370006 12.562829 34.317410 55.990046 101.021280
2.403043 12.343309 33.698720 55.074628 99.423897
2.436540 12.146229 33.093745 54.203409 97.852764
2.470504 11.942137 32.493936 53.291557 96.292413
2.504942 11.741129 31.902388 52.406424 94.709466
2.539859 11.549174 31.284760 51.480154 93.048799
2.575263 11.341507 30.666608 50.592620 91.418003
2.611161 11.155734 30.068690 49.613903 89.688849
2.647559 10.964083 29.461791 48.637770 87.881100
2.684465 10.777719 28.883402 47.663036 86.049025
2.721885 10.583084 28.253331 46.688591 84.180951
2.759826 10.401828 27.637669 45.686414 82.283164
2.798297 10.219948 27.062711 44.690949 80.380261
2.837304 10.044553 26.464804 43.692225 78.412344
2.876854 9.869040 25.873618 42.694393 76.459447
2.916956 9.699449 25.310588 41.707486 74.469048
2.957617 9.534562 24.749184 40.743208 72.508917
2.998844 9.367328 24.203677 39.766961 70.548619
3.040646 9.203086 23.656573 38.805314 68.650156
3.083031 9.041116 23.125155 37.855927 66.719517
3.126007 8.883544 22.614250 36.917580 64.805807
3.169582 8.722093 22.100651 35.975472 62.927468
3.213764 8.563600 21.613008 35.061908 61.081958
3.258562 8.404436 21.145470 34.165278 59.262353
3.303985 8.249643 20.673082 33.276781 57.481392
3.350041 8.099283 20.217822 32.399251 55.728135
3.396739 7.944513 19.781337 31.552617 54.005898
3.444087 7.796514 19.351017 30.700395 52.347553
3.492096 7.651237 18.942246 29.884302 50.740171
3.540774 7.502262 18.540986 29.086894 49.173769
3.590130 7.360992 18.142327 28.291367 47.656809
3.640175 7.222597 17.756847 27.529582 46.179321
3.690917 7.080803 17.388240 26.760484 44.757506
3.742366 6.942582 17.003432 26.023226 43.393817
3.794533 6.809174 16.637585 25.297076 42.060435
3.847427 6.673147 16.264362 24.580318 40.785216
3.901058 6.536821 15.898451 23.879879 39.539623
3.955436 6.406953 15.530424 23.180330 38.339315
4.010573 6.273117 15.162986 22.506494 37.192607
4.066478 6.141481 14.792681 21.836958 36.074827
4.123163 6.010235 14.430685 21.180060 34.997634
4.180637 5.884199 14.068442 20.540454 33.959291
4.238913 5.757104 13.702338 19.907094 32.967402
4.298001 5.629991 13.341280 19.293678 32.001710
4.357913 5.511029 12.982003 18.694071 31.080706
4.418660 5.389371 12.631209 18.098193 30.187740
4.480254 5.270603 12.279405 17.520771 29.315747
4.542706 5.155257 11.931786 16.953086 28.471047
4.606029 5.040790 11.594663 16.400488 27.658211
4.670234 4.927997 11.259137 15.864202 26.866421
4.735335 4.818042 10.932023 15.334902 26.093451
4.801343 4.710293 10.613314 14.821223 25.338430
4.868271 4.602530 10.298657 14.318616 24.606632
4.936132 4.496987 9.992158 13.830505 23.897917
5.004939 4.392500 9.696161 13.360164 23.212028
5.074705 4.289786 9.409467 12.905239 22.553378
5.145444 4.190202 9.133915 12.472872 21.921509
5.217169 4.091460 8.868537 12.057233 21.316972
5.289893 3.997021 8.615900 11.667978 20.746418
5.363631 3.902409 8.373607 11.294909 20.204877
5.438397 3.811808 8.141661 10.947493 19.690982
5.514206 3.722926 7.920757 10.620541 19.209219
5.591071 3.635247 7.709917 10.314798 18.755919
5.669007 3.551548 7.507232 10.029576 18.331562
5.748030 3.468709 7.312346 9.762213 17.925977
5.828155 3.387856 7.124199 9.513263 17.543030
5.909396 3.308487 6.941716 9.279206 17.179924
5.991770 3.230359 6.763191 9.057133 16.830260
6.075292 3.153768 6.589139 8.848178 16.486488
6.159978 3.078036 6.417390 8.649878 16.154414
6.245845 3.004078 6.248894 8.460490 15.827794
6.332908 2.931006 6.083188 8.277399 15.504251
6.421186 2.859993 5.920913 8.101915 15.186120
6.510694 2.790091 5.761375 7.933345 14.872024
6.601449 2.722248 5.605603 7.770025 14.559390
6.693470 2.655517 5.452630 7.610689 14.248579
6.786773 2.590827 5.303729 7.455642 13.942228
6.881377 2.528053 5.159258 7.304368 13.636328
6.977300 2.466769 5.018891 7.157388 13.334329
7.074559 2.407283 4.882636 7.010949 13.035216
7.173175 2.349011 4.751019 6.867323 12.740249
7.273165 2.292577 4.623791 6.725569 12.449024
7.374549 2.237172 4.500738 6.583773 12.161869
7.477346 2.182788 4.381844 6.443138 11.876931
7.581576 2.129826 4.266303 6.301280 11.596064
7.687260 2.077690 4.155121 6.159687 11.319792
7.794416 2.026747 4.047801 6.017477 11.047971
7.903066 1.977041 3.943595 5.875963 10.781811
8.013230 1.928366 3.843964 5.736229 10.523505
8.124930 1.880881 3.747471 5.597163 10.271953
8.238187 1.834766 3.654423 5.459210 10.028667
8.353023 1.789722 3.564665 5.323631 9.793851
8.469460 1.746029 3.478084 5.190689 9.568024
8.587519 1.703497 3.394118 5.060301 9.350814
8.707225 1.662074 3.312694 4.933111 9.142309
8.828599 1.621837 3.233930 4.809199 8.940867
8.951665 1.582509 3.157131 4.688054 8.747280
9.076446 1.544279 3.081982 4.570412 8.558894
9.202967 1.506810 3.008257 4.455641 8.374491
9.331251 1.470047 2.935592 4.342773 8.192668
9.461324 0.000000 0.000000 0.000000 0.000000
9.593209 0.000000 0.000000 0.000000 0.000000
9.726934 0.000000 0.000000 0.000000 0.000000
9.862522 0.000000 0.000000 0.000000 0.000000
10.000000 0.000000 0.000000 0.000000 0.000000
