0.010000 5407.229880 9772.208380 13009.826597 17119.126468
0.010139 5436.787005 9827.286511 13084.077989 17245.796284
0.010281 5465.794278 9881.377068 13157.058434 17370.974294
0.010424 5494.239386 9934.360317 13228.641748 17494.674024
0.010569 5522.058933 9986.165459 13298.740177 17616.627174
0.010717 5549.261407 10036.819528 13367.381428 17736.666332
0.010866 5575.938017 10086.525662 13434.785858 17855.103744
0.011018 5602.082663 10135.272422 13500.875781 17972.013591
0.011171 5627.626333 10182.911731 13565.457956 18087.246853
0.011327 5652.547303 10229.393348 13628.531674 18200.645001
0.011485 5676.835714 10274.725850 13690.115597 18312.169725
0.011645 5700.467004 10318.829997 13750.189951 18421.609412
0.011807 5723.430441 10361.695141 13808.648243 18528.846744
0.011972 5745.689753 10403.261888 13865.451447 18633.850934
0.012139 5767.225442 10443.490535 13920.512324 18736.521664
0.012308 5788.046598 10482.390455 13973.801503 18836.889320
0.012479 5808.141680 10519.971176 14025.299287 18934.923744
0.012653 5827.467682 10556.105313 14074.947381 19030.542451
0.012830 5845.984577 10590.743870 14122.600526 19123.469697
0.013009 5863.647439 10623.808567 14168.248599 19213.445890
0.013190 5880.360169 10655.123250 14211.697859 19300.174931
0.013374 5896.171397 10684.786073 14252.957377 19383.897684
0.013560 5911.219372 10713.032523 14292.316665 19465.042988
0.013749 5925.474007 10739.774942 14329.668974 19543.476382
0.013941 5938.821533 10764.857099 14364.839696 19618.770311
0.014135 5951.230882 10788.230578 14397.924991 19690.654921
0.014332 5962.681815 10809.837205 14428.711322 19759.161860
0.014532 5973.135384 10829.589425 14456.946159 19824.163192
0.014735 5982.595957 10847.507554 14482.686596 19885.718353
0.014940 5991.080696 10863.621767 14506.057552 19943.861022
0.015148 5998.598877 10877.972099 14527.125880 19998.634723
0.015359 6005.081976 10890.431890 14545.754894 20049.698147
0.015573 6010.481142 10900.903881 14561.817400 20096.834358
0.015791 6014.800682 10909.369272 14575.263587 20140.050781
0.016011 6018.063594 10915.926997 14586.111427 20179.409680
0.016234 6020.248543 10920.469985 14594.223596 20214.775836
0.016460 6021.277061 10922.891126 14599.520792 20245.950675
0.016690 6021.133678 10923.161775 14602.020631 20272.907161
0.016922 6019.813732 10921.263083 14601.643578 20295.528182
0.017158 6017.277088 10917.146735 14598.290523 20313.669451
0.017397 6013.542669 10910.803647 14591.988474 20327.368379
0.017640 6008.592940 10902.254157 14582.725527 20336.581381
0.017886 6002.414281 10891.440049 14570.470264 20341.219765
0.018135 5994.990093 10878.342331 14555.142566 20341.277187
0.018388 5986.298827 10862.951792 14536.739964 20336.683990
0.018644 5976.336638 10845.219908 14515.201577 20327.334232
0.018904 5965.083900 10825.117745 14490.485872 20313.103773
0.019167 5952.535736 10802.645784 14462.609611 20293.969405
0.019435 5938.698080 10777.804466 14431.540869 20269.963556
0.019706 5923.571920 10750.613833 14397.306064 20241.101062
0.019980 5907.134589 10721.044779 14359.853715 20207.333013
0.020259 5889.391959 10689.058325 14319.180965 20168.656952
0.020541 5870.322308 10654.625262 14275.207013 20124.951057
0.020828 5849.933440 10617.804742 14227.997121 20076.250554
0.021118 5828.215417 10578.567468 14177.548391 20022.498928
0.021412 5805.256762 10537.031457 14123.916410 19963.769565
0.021711 5781.530041 10493.855062 14067.819767 19900.507382
0.022013 5756.494476 10448.291712 14008.485730 19832.213482
0.022320 5730.141054 10400.321753 13945.872436 19758.898092
0.022631 5702.497184 10349.964788 13880.064841 19680.627752
0.022947 5673.558753 10297.250207 13811.060190 19597.376699
0.023267 5643.336407 10242.187716 13738.855777 19509.194044
0.023591 5611.848661 10184.796808 13663.507505 19416.138862
0.023920 5579.109098 10125.165737 13585.071385 19318.280220
0.024253 5545.128338 10063.274629 13503.554708 19215.659834
0.024591 5509.927824 9999.152717 13418.994139 19108.282573
0.024934 5473.522103 9932.819377 13331.426448 18996.200498
0.025282 5435.939499 9864.343106 13240.927592 18879.531788
0.025634 5397.213257 9793.786487 13147.593211 18758.432893
0.025991 5357.366768 9721.210119 13051.489778 18632.957926
0.026354 5316.433269 9646.643139 12952.664360 18503.227229
0.026721 5274.441068 9570.131379 12851.213032 18369.305451
0.027094 5231.424381 9491.761945 12747.173364 18231.370605
0.027471 5187.434162 9411.600320 12640.700411 18089.507404
0.027854 5142.422901 9329.620563 12531.724464 17943.772809
0.028242 5096.167841 9245.487079 12419.892194 17793.799924
0.028636 5049.052741 9159.775532 12305.887274 17640.362628
0.029035 5001.122651 9072.603524 12189.875263 17483.651921
0.029440 4952.438377 8984.052296 12071.963207 17323.887882
0.029850 4903.047926 8894.200154 11952.258321 17161.187353
0.030266 4852.985531 8803.116575 11830.858197 16995.696024
0.030688 4802.314963 8710.921193 11707.909537 16827.616912
0.031116 4751.097044 8617.743495 11583.569014 16657.220009
0.031550 4699.388666 8523.686448 11458.003276 16484.719210
0.031990 4647.246727 8428.855016 11331.320387 16310.291070
0.032436 4594.744865 8333.338461 11203.677532 16134.198069
0.032888 4541.932120 8237.263431 11075.212471 15956.627365
0.033346 4488.868367 8140.728097 10946.112088 15777.804590
0.033811 4435.616443 8043.866052 10816.534041 15597.955895
0.034282 4382.254941 7946.794208 10686.626329 15417.374530
0.034760 4328.729619 7849.719936 10556.997576 15237.906267
0.035245 4275.214546 7752.680590 10427.374787 15058.190541
0.035736 4221.796209 7655.794158 10297.935722 14878.426790
0.036234 4168.527649 7559.178658 10168.838650 14698.871985
0.036739 4115.482575 7462.975720 10040.212539 14519.745339
0.037251 4062.728799 7367.301446 9912.235435 14341.295007
0.037771 4010.326270 7272.248376 9785.068802 14163.759924
0.038297 3958.331994 7177.935608 9658.872209 13987.407976
0.038831 3906.810848 7084.488147 9533.818016 13812.450009
0.039372 3855.833613 6992.035924 9410.059023 13639.097048
0.039921 3805.465165 6900.674489 9287.714736 13467.579416
0.040478 3755.740889 6810.465024 9166.838038 13297.869167
0.041042 3706.494690 6720.528813 9045.665822 13125.734408
0.041614 3658.014613 6631.973231 8926.339516 12956.084573
0.042194 3610.345874 6544.887963 8808.965933 12789.093147
0.042782 3563.540562 6459.360721 8693.672442 12624.904846
0.043379 3517.633077 6375.465461 8580.568737 12463.721862
0.043983 3472.655851 6293.286920 8469.738989 12305.688827
0.044596 3428.637384 6212.860739 8361.256543 12150.911891
0.045218 3385.612065 6134.231386 8255.160399 11999.468248
0.045848 3343.594640 6057.428596 8151.511057 11851.415683
0.046487 3302.609669 5982.499756 8050.374830 11706.869388
0.047135 3262.834792 5910.534921 7954.024690 11571.287030
0.047792 3224.207142 5841.112120 7861.551667 11442.481277
0.048459 3186.612899 5773.576244 7771.577952 11317.165648
0.049134 3150.044256 5707.897133 7684.082372 11195.319453
0.049819 3114.486557 5644.040722 7599.023144 11076.883211
0.050513 3079.918303 5581.963168 7516.354529 10961.797106
0.051218 3046.316060 5521.627510 7436.013137 10849.962493
0.051931 3013.645645 5462.978199 7357.915001 10741.280370
0.052655 2981.855280 5405.932300 7281.952665 10635.612881
0.053389 2950.649402 5349.481590 7206.298792 10529.036944
0.054134 2919.925636 5293.361800 7130.510328 10420.708525
0.054888 2889.933117 5238.572521 7056.519106 10314.898845
0.055653 2860.597817 5184.967548 6984.127878 10211.285794
0.056429 2831.747000 5132.232552 6912.906825 10109.305893
0.057216 2803.291265 5080.211960 6842.618001 10008.626456
0.058013 2775.383791 5029.187438 6773.664693 9909.830344
0.058822 2748.119920 4979.351409 6706.315979 9813.336709
0.059642 2721.538213 4931.104237 6641.450208 9721.348873
0.060473 2695.646907 4885.029504 6580.463475 9637.495688
0.061316 2669.383095 4838.248623 6518.501654 9552.106388
0.062171 2642.611584 4790.533387 6455.265868 9464.763855
0.063038 2615.425716 4742.060992 6391.003101 9375.819790
0.063916 2587.872889 4692.916735 6325.821593 9285.471696
0.064807 2559.870769 4642.966334 6259.550527 9193.421164
0.065711 2531.356641 4592.078617 6191.988073 9099.360062
0.066627 2500.983614 4535.915701 6115.288211 8986.277388
0.067555 2469.780523 4478.185978 6036.426347 8869.767406
0.068497 2437.715344 4418.892703 5955.458116 8750.103250
0.069452 2404.721059 4357.920298 5872.228704 8627.063974
0.070420 2370.741439 4295.177683 5786.617570 8500.472136
0.071402 2335.736856 4230.579726 5698.522818 8370.169682
0.072397 2299.936069 4164.813979 5609.187772 8239.057039
0.073406 2263.380855 4097.997034 5518.838467 8107.689957
0.074429 2225.736899 4029.208739 5425.826205 7972.308735
0.075467 2187.023851 3958.490523 5330.209866 7833.004696
0.076519 2147.292348 3885.923550 5232.109481 7689.950381
0.077585 2106.598714 3811.623786 5131.662406 7543.362856
0.078667 2065.881901 3738.419965 5033.821610 7403.283136
0.079763 2025.747728 3668.123379 4941.693311 7276.002758
0.080875 1984.883644 3596.423810 4847.595817 7145.558197
0.082003 1943.420854 3523.570125 4751.848972 7012.412462
0.083146 1901.513537 3449.823362 4654.821639 6877.052692
0.084305 1859.328147 3375.468336 4556.901537 6740.047076
0.085480 1816.193570 3298.075392 4453.625677 6592.035284
0.086671 1772.773853 3219.529446 4348.199369 6439.331434
0.087880 1729.664275 3141.529624 4243.464137 6287.477139
0.089105 1687.064695 3064.441678 4139.916363 6137.215714
0.090347 1645.159149 2988.607525 4038.025523 5989.234181
0.091606 1604.794113 2916.447947 3941.889443 5851.466461
0.092883 1566.068239 2848.034610 3851.512770 5723.697602
0.094178 1528.546110 2781.724469 3763.888657 5599.722404
0.095490 1492.378710 2717.805184 3679.390130 5480.129701
0.096822 1457.700378 2656.522412 3598.383810 5365.480879
0.098171 1424.869950 2598.923665 3522.670745 5259.275793
0.099540 1393.830222 2544.643942 3451.503950 5159.897754
0.100927 1364.552006 2493.505879 3384.491793 5066.481550
0.102334 1337.089001 2445.620671 3321.795274 4979.267698
0.103761 1310.804271 2399.069087 3260.149399 4891.834382
0.105207 1283.920819 2348.496305 3190.429719 4786.307962
0.106673 1258.867128 2301.308626 3125.317833 4687.662101
0.108160 1235.551437 2257.340318 3064.604617 4595.602678
0.109668 1213.849405 2216.349811 3007.965548 4509.660239
0.111197 1193.958964 2179.071579 2956.566645 4431.428899
0.112747 1175.393404 2144.248822 2908.500530 4358.165296
0.114318 1157.918402 2111.453494 2863.187008 4289.048111
0.115912 1141.317229 2080.278345 2820.069781 4223.228557
0.117528 1126.309679 2053.021374 2783.118707 4168.294692
0.119166 1111.755190 2026.682177 2747.501241 4115.502600
0.120827 1097.334211 2000.577697 2712.220097 4063.235280
0.122511 1082.789010 1974.230344 2676.596523 4010.514538
0.124219 1067.594645 1946.559866 2639.272873 3956.062077
0.125951 1051.817431 1917.820670 2600.544793 3899.475377
0.127706 1035.280201 1887.707009 2559.936941 3840.067870
0.129487 1018.170108 1856.744419 2518.184362 3778.668716
0.131292 1000.411684 1824.786245 2475.155144 3715.001785
0.133122 981.535208 1790.790985 2429.348933 3647.129987
0.134977 961.557835 1754.837666 2380.895646 3575.395358
0.136859 941.642512 1720.854545 2337.288764 3517.124142
0.138766 920.678765 1684.879682 2290.894748 3454.425060
0.140701 898.808076 1647.173827 2242.048341 3387.752330
0.142662 877.021822 1609.771424 2193.380365 3319.759845
0.144651 854.975022 1571.871183 2143.898483 3249.795718
0.146667 832.648882 1533.350036 2093.464565 3178.157728
0.148711 808.327881 1489.288510 2034.227146 3091.417161
0.150784 783.031516 1442.208527 1970.077838 2995.919100
0.152886 758.466244 1396.480278 1907.758122 2903.113160
0.155018 736.641223 1357.642051 1856.214455 2829.205908
0.157178 717.155161 1324.344678 1813.138567 2769.776992
0.159369 698.889711 1293.158254 1772.829360 2714.344202
0.161591 682.449526 1265.507794 1737.388738 2665.868129
0.163843 667.635118 1240.875887 1706.015136 2623.336020
0.166127 654.264418 1218.819230 1678.048286 2585.899657
0.168443 639.168197 1190.926166 1640.363072 2530.934453
0.170791 625.084666 1164.601287 1604.635532 2478.499722
0.173172 612.751672 1141.906622 1574.016309 2433.977318
0.175586 603.491492 1126.410444 1554.027808 2405.729261
0.178033 594.978719 1112.286173 1535.909883 2380.293580
0.180515 585.268997 1093.918730 1510.235397 2339.942377
0.183031 574.792185 1072.937266 1479.978248 2290.620032
0.185583 564.378393 1052.387600 1450.657659 2243.526869
0.188169 554.256911 1034.062387 1426.290905 2208.508336
0.190792 543.631932 1014.803432 1400.631332 2171.512236
0.193452 531.921045 993.387123 1372.118503 2131.211601
0.196149 519.328770 970.278748 1341.301600 2087.650556
0.198883 507.159407 948.656183 1312.747239 2047.278914
0.201655 495.989096 929.882984 1288.423355 2012.871282
0.204466 484.016989 909.298817 1261.357433 1973.857399
0.207316 470.655253 884.608410 1227.444628 1922.350953
0.210206 457.109597 859.550302 1193.011337 1869.971878
0.213136 447.216470 845.318754 1176.323650 1848.689787
0.216107 437.705154 831.833460 1160.695022 1829.055335
0.219120 425.618532 811.219645 1134.321333 1793.975154
0.222174 413.593829 790.134763 1107.013729 1757.484197
0.225271 402.867456 771.890283 1083.815923 1726.775426
0.228411 393.210638 755.743920 1063.526774 1700.268533
0.231595 384.866174 741.125630 1043.870690 1670.335695
0.234823 377.512030 728.037941 1025.822414 1641.395274
0.238097 368.929477 711.402436 1002.517330 1605.554569
0.241416 360.456627 694.687313 979.034118 1569.768077
0.244781 352.033090 678.605499 956.969684 1536.317892
0.248193 343.862591 663.125640 935.808211 1504.253502
0.251653 338.859510 654.971794 925.006117 1487.867293
0.255161 332.764678 644.327947 910.683871 1466.446192
0.258717 323.586042 626.557823 886.304951 1430.843734
0.262324 315.720340 612.392849 867.394650 1403.746873
0.265980 309.339339 602.233250 854.541811 1386.079066
0.269688 300.981100 587.323384 834.632561 1356.418799
0.273447 292.056813 571.052736 812.708272 1323.386433
0.277259 285.305699 560.229921 799.408583 1306.699005
0.281124 278.263468 548.244283 784.338588 1288.217193
0.285043 270.916324 534.894176 767.204912 1267.961486
0.289016 264.329193 523.824131 752.966990 1247.559890
0.293045 258.283624 513.443984 739.002228 1225.559808
0.297130 252.549926 502.077019 721.811766 1195.712920
0.301271 247.383783 493.159308 709.929121 1177.961571
0.305471 242.321304 484.772435 699.458840 1164.057505
0.309729 236.239864 473.659280 684.894605 1144.264301
0.314047 230.665366 462.497939 668.771211 1117.537942
0.318424 225.664114 452.628836 654.485828 1093.727166
0.322863 221.687156 446.165619 646.439815 1084.009319
0.327363 216.041158 434.996991 630.439233 1058.351842
0.331927 210.190549 423.843307 615.085469 1035.271154
0.336554 204.662768 414.180066 602.741606 1018.934569
0.341245 200.832998 409.090214 596.584556 1008.958185
0.346002 196.634959 402.265330 587.748029 996.401807
0.350825 192.532327 394.969436 577.976703 982.079429
0.355715 188.597929 387.666000 568.035854 966.822609
0.360673 184.101226 379.630742 557.427101 951.670226
0.365701 178.734548 369.474832 543.550822 932.388437
0.370799 174.454757 361.288027 532.356244 915.620048
0.375968 170.554427 353.836835 522.093414 900.141918
0.381208 166.521860 346.511873 512.117437 885.465534
0.386522 163.086405 341.372087 505.877089 874.532699
0.391910 159.597514 333.320212 493.729606 858.070000
0.397373 155.663441 326.845942 485.557636 844.827852
0.402912 152.522966 321.860981 478.528867 831.690353
0.408529 149.329587 315.025376 468.750487 817.582323
0.414223 145.505428 307.279500 458.548627 804.843203
0.419997 141.829580 300.961529 450.487866 792.760957
0.425852 138.899045 295.456555 442.558667 778.711707
0.431788 135.807019 289.302800 433.427116 764.643688
0.437807 133.104505 283.919055 425.711119 751.634110
0.443910 130.848742 280.378798 421.445702 747.691479
0.450097 127.291982 273.724163 412.253532 733.777047
0.456372 124.287769 267.536145 403.186982 717.238992
0.462733 122.380241 264.878275 400.304513 714.317420
0.469183 119.257441 258.633829 391.211287 698.641736
0.475724 116.993767 254.209148 385.172488 689.299483
0.482355 113.953687 247.948753 376.396454 677.425204
0.489079 111.567539 243.298293 370.023004 667.037683
0.495896 109.782846 239.760474 364.454002 656.533726
0.502809 107.387701 235.557635 358.734434 647.975750
0.509818 105.434812 231.925351 353.335801 636.954315
0.516924 103.648038 228.520697 348.772544 630.554563
0.524130 100.314392 222.835191 341.770078 621.700308
0.531436 98.594964 220.098892 337.931891 615.289058
0.538844 96.573921 215.507064 331.069129 604.656404
0.546355 94.905315 212.157945 326.015279 596.010092
0.553971 92.445274 207.855777 320.488153 586.979467
0.561693 90.861006 204.719892 316.007915 579.845285
0.569523 89.128199 201.909809 312.466137 571.778008
0.577461 87.162181 197.319296 305.706646 561.972097
0.585511 85.658559 194.441348 301.190841 554.139731
0.593673 83.743206 189.966432 295.067887 544.676795
0.601948 82.396359 187.882387 291.586888 537.957261
0.610339 80.513849 184.658845 287.329873 529.876816
0.618847 78.781289 181.852346 284.922108 527.818462
0.627473 77.547006 178.586032 279.326713 518.603213
0.636220 76.072610 175.940219 275.320433 510.465954
0.645088 74.363596 172.890064 271.111336 502.816981
0.654081 72.885427 169.314103 265.727647 494.904407
0.663198 71.355498 166.976697 263.204359 489.797509
0.672443 70.069380 164.151319 259.337908 484.877905
0.681816 68.640468 161.280605 254.225239 475.280244
0.691320 67.244211 158.463957 250.621056 468.746568
0.700957 66.352018 156.198948 247.328485 462.649051
0.710728 64.735515 154.029567 243.716871 455.330721
0.720635 63.803516 151.441681 240.782160 451.474594
0.730680 62.582272 149.203309 237.052460 443.456896
0.740866 61.263047 146.376520 233.013890 437.669780
0.751193 60.030540 143.828508 229.752528 431.579428
0.761664 58.923306 141.350898 226.282314 426.132425
0.772281 58.212023 139.931840 223.769959 419.751666
0.783046 57.046623 137.355139 220.189133 414.134750
0.793962 56.046242 135.615109 217.420537 410.025490
0.805029 54.868351 133.219557 214.618092 404.499813
0.816251 53.978286 131.305869 211.065996 397.375444
0.827629 52.718394 128.795493 207.826356 392.227190
0.839166 52.119154 127.313927 205.050763 387.896613
0.850863 51.206552 125.181202 202.286350 382.458994
0.862724 50.137658 123.240092 199.341874 376.323648
0.874750 49.262033 121.223631 196.484824 371.212557
0.886943 48.454209 119.501364 193.848122 366.249938
0.899307 47.529476 117.633427 190.975059 360.897961
0.911843 46.815909 115.656541 187.832446 354.401481
0.924553 45.842390 113.735504 184.936000 350.359082
0.937441 45.012993 112.030431 182.606420 345.461341
0.950508 44.303688 110.291973 179.981614 340.442083
0.963758 43.392851 108.183005 176.862836 335.399612
0.977192 42.870946 107.517736 175.100822 330.707545
0.990814 42.076761 105.527795 172.363401 326.303359
1.004625 41.294143 103.585581 169.363657 320.583061
1.018629 40.627095 102.137781 166.976084 315.781292
1.032828 39.880714 100.535328 164.800852 312.322005
1.047225 39.136434 99.071198 162.135299 306.744621
1.061823 38.552417 97.693993 159.862887 302.064462
1.076624 37.853409 96.110303 157.422291 297.323827
1.091632 37.218581 94.553609 155.107824 292.595427
1.106848 36.528373 92.899403 152.689263 288.408421
1.122277 35.900857 91.553134 150.143898 283.479663
1.137921 35.265273 89.961467 147.808572 279.047007
1.153783 34.712279 88.523780 145.475671 274.827758
1.169866 34.095256 87.149141 143.174442 270.690125
1.186174 33.484220 85.834052 140.974554 266.157988
1.202708 32.953285 84.448426 138.761528 261.807667
1.219473 32.401258 83.144255 136.653379 257.258524
1.236472 31.829525 81.840927 134.566856 253.234076
1.253708 31.311244 80.456633 132.241752 249.331269
1.271184 30.786286 79.465053 130.466176 245.063831
1.288904 30.259200 77.880048 128.077416 241.309082
1.306870 29.704759 76.620723 125.955779 237.005411
1.325087 29.250034 75.424013 123.917077 232.758793
1.343558 28.754762 74.163969 121.831194 228.725619
1.362287 28.302346 72.891855 119.627897 224.793435
1.381276 27.816346 71.695178 117.431150 220.871135
1.400531 27.357617 70.517635 115.501900 216.677821
1.420053 26.871142 69.278193 113.567342 212.744039
1.439848 26.433303 68.172750 111.489229 208.988338
1.459919 25.952470 66.994037 109.506274 204.963715
1.480269 25.571835 65.759493 107.481636 200.893976
1.500903 25.130236 64.670002 105.516611 197.553565
1.521825 24.703898 63.657350 103.736559 193.757229
1.543038 24.277287 62.550642 101.947142 190.283252
1.564548 23.906380 61.473491 100.052370 186.548348
1.586357 23.510739 60.481569 98.257630 182.952576
1.608469 23.098880 59.457617 96.470623 179.631618
1.630891 22.781239 58.321790 94.515909 175.885206
1.653624 22.370422 57.300669 92.863722 172.717467
1.676675 21.999664 56.395135 91.178768 169.134453
1.700047 21.624592 55.398692 89.421874 165.829217
1.723745 21.273710 54.390367 87.694118 162.274250
1.747773 20.899859 53.393771 85.976540 158.970916
1.772136 20.557919 52.432280 84.275059 155.859283
1.796838 20.227634 51.486727 82.650382 152.591234
1.821885 19.906608 50.543606 80.988407 149.491386
1.847281 19.577130 49.706974 79.471060 146.380352
1.873032 19.257481 48.743965 77.777347 143.375597
1.899141 18.928879 47.824791 76.268880 140.368798
1.925614 18.631837 46.978990 74.762104 137.342788
1.952456 18.376841 46.156705 73.277788 134.407399
1.979672 18.037161 45.336000 71.815889 131.564518
2.007267 17.767509 44.477142 70.272212 128.819485
2.035248 17.452620 43.623342 68.813324 125.947995
2.063618 17.166709 42.787283 67.408464 123.166199
2.092383 16.889854 41.983609 65.980666 120.486602
2.121550 16.603090 41.164394 64.585100 117.758753
2.151123 16.334559 40.379396 63.188426 115.081110
2.181109 16.062227 39.586897 61.864121 112.552353
2.211512 15.796839 38.796569 60.497904 109.905906
2.242340 15.540723 38.065344 59.213399 107.437960
2.273597 15.267341 37.312044 57.877845 104.967353
2.305289 15.032841 36.573896 56.648801 102.581901
2.337424 14.782314 35.838138 55.395753 100.230420
2.370006 14.536902 35.131970 54.205635 97.992168
2.403043 14.287312 34.437570 52.985030 95.692415
2.436540 14.060036 33.760851 51.827769 93.466558
2.470504 13.827551 33.095289 50.667483 91.282027
2.504942 13.598102 32.443257 49.558624 89.170671
2.539859 13.380462 31.774328 48.431526 87.047445
2.575263 13.145088 31.115234 47.380004 85.021835
2.611161 12.931532 30.472544 46.268556 82.998911
2.647559 12.712477 29.833527 45.191647 80.981719
2.684465 12.496854 29.229766 44.146790 79.027645
2.721885 12.273420 28.589455 43.135424 77.117113
2.759826 12.062730 27.970438 42.120511 75.245366
2.798297 11.853796 27.388622 41.147844 73.457119
2.837304 11.649679 26.798163 40.184636 71.663454
2.876854 11.445662 26.215214 39.242322 69.926891
2.916956 11.247882 25.659905 38.321785 68.201246
2.957617 11.055679 25.113519 37.436553 66.557177
2.998844 10.860997 24.576111 36.554861 64.927032
3.040646 10.671518 24.039993 35.697363 63.383585
3.083031 10.484326 23.515197 34.858757 61.840353
3.126007 10.303355 23.007808 34.035576 60.318486
3.169582 10.117846 22.488685 33.216393 58.841849
3.213764 9.935789 21.990340 32.421334 57.390550
3.258562 9.751472 21.504662 31.640593 55.966547
3.303985 9.571652 21.008982 30.876629 54.576265
3.350041 9.396285 20.524814 30.116724 53.202354
3.396739 9.216296 20.057091 29.389314 51.863664
3.444087 9.045923 19.586989 28.659929 50.554389
3.492096 8.875621 19.138338 27.966540 49.299582
3.540774 8.703629 18.700139 27.286890 48.061592
3.590130 8.539425 18.261313 26.612212 46.864758
3.640175 8.379070 17.837871 25.969466 45.686435
3.690917 8.215260 17.429028 25.328536 44.544750
3.742366 8.056683 17.014492 24.711632 43.446006
3.794533 7.902728 16.623314 24.110919 42.355882
3.847427 7.748816 16.228272 23.521820 41.308044
3.901058 7.593097 15.849288 22.947719 40.267990
3.955436 7.445828 15.470848 22.374505 39.248541
4.010573 7.293341 15.098344 21.824580 38.260344
4.066478 7.144629 14.731847 21.276819 37.280164
4.123163 6.996306 14.376456 20.742805 36.324762
4.180637 6.852252 14.026018 20.222868 35.387980
4.238913 6.708458 13.678594 19.712041 34.484854
4.298001 6.564372 13.342513 19.217277 33.594115
4.357913 6.428927 13.013265 18.735567 32.737015
4.418660 6.291183 12.694893 18.262819 31.900268
4.480254 6.155797 12.380531 17.803859 31.082055
4.542706 6.025044 12.072607 17.355211 30.283560
4.606029 5.895272 11.777889 16.923157 29.515616
4.670234 5.767740 11.486994 16.503671 28.765911
4.735335 5.642950 11.204169 16.090882 28.030124
4.801343 5.521660 10.929215 15.689923 27.310844
4.868271 5.400284 10.657005 15.295613 26.609270
4.936132 5.280379 10.389390 14.910304 25.922932
5.004939 5.161734 10.128532 14.531975 25.248761
5.074705 5.043873 9.871139 14.160204 24.591024
5.145444 4.929128 9.620365 13.798457 23.949261
5.217169 4.814971 9.373569 13.443382 23.315320
5.289893 4.704819 9.134466 13.101294 22.704259
5.363631 4.594509 8.900599 12.762273 22.106835
5.438397 4.487986 8.672131 12.435166 21.523238
5.514206 4.383101 8.450110 12.117006 20.958340
5.591071 4.279499 8.234989 11.806303 20.409168
5.669007 4.180367 8.024074 11.506267 19.875298
5.748030 4.082212 7.820302 11.212638 19.353765
5.828155 3.986419 7.621592 10.928241 18.848152
5.909396 3.892666 7.427669 10.650657 18.357619
5.991770 3.800483 7.237931 10.379221 17.877818
6.075292 3.710408 7.053807 10.114975 17.408563
6.159978 3.621358 6.872821 9.856073 16.950305
6.245845 3.533802 6.695500 9.602357 16.500074
6.332908 3.447417 6.521002 9.352884 16.059660
6.421186 3.363386 6.351427 9.109173 15.629664
6.510694 3.280341 6.185390 8.872433 15.210873
6.601449 3.199681 6.024223 8.641180 14.803419
6.693470 3.120388 5.866296 8.414951 14.405534
6.786773 3.043041 5.713508 8.195368 14.019412
6.881377 2.968049 5.564750 7.982228 13.643035
6.977300 2.894771 5.420552 7.775884 13.279107
7.074559 2.823568 5.279935 7.573841 12.924678
7.173175 2.753843 5.143783 7.378522 12.581471
7.273165 2.686248 5.011556 7.188946 12.247269
7.374549 2.620160 4.882441 7.003338 11.922958
7.477346 2.555437 4.757304 6.824012 11.607112
7.581576 2.492581 4.634232 6.647601 11.298541
7.687260 2.430626 4.514366 6.475169 10.997418
7.794416 2.369851 4.396913 6.305633 10.702157
7.903066 2.310399 4.281731 6.139946 10.412984
8.013230 2.252210 4.169887 5.979470 10.131865
8.124930 2.195224 4.060578 5.821951 9.857276
8.238187 2.139854 3.953817 5.668169 9.590496
8.353023 2.085748 3.850238 5.519051 9.330747
8.469460 2.033241 3.749612 5.373997 9.078606
8.587519 1.982144 3.651707 5.232967 8.833973
8.707225 1.932488 3.556488 5.096103 8.596580
8.828599 1.884281 3.464664 4.963139 8.365869
8.951665 1.837333 3.375312 4.834085 8.142705
9.076446 1.791810 3.288618 4.709125 7.926338
9.202967 1.747527 3.204251 4.587439 7.715618
9.331251 1.704342 3.122020 4.468650 7.510783
9.461324 0.000000 0.000000 0.000000 0.000000
9.593209 0.000000 0.000000 0.000000 0.000000
9.726934 0.000000 0.000000 0.000000 0.000000
9.862522 0.000000 0.000000 0.000000 0.000000
10.000000 0.000000 0.000000 0.000000 0.000000
