0.010000 5698.601340 10017.243386 13210.027062 18283.314695
0.010139 5728.712190 10068.014751 13269.865691 18391.483998
0.010281 5758.791098 10118.121189 13328.125323 18497.014402
0.010424 5788.734078 10167.404726 13384.769787 18598.975862
0.010569 5818.424380 10215.702346 13439.805829 18696.543180
0.010717 5847.726998 10262.834322 13493.152339 18788.966470
0.010866 5876.517823 10308.615634 13544.791784 18875.517786
0.011018 5904.651693 10352.897557 13594.699709 18955.684644
0.011171 5932.012813 10395.518692 13642.824639 19029.047585
0.011327 5958.463107 10436.316633 13689.158395 19095.374409
0.011485 5983.875948 10475.159758 13733.655384 19154.523986
0.011645 6008.151363 10511.907928 13776.292642 19206.566988
0.011807 6031.175834 10546.464467 13817.069380 19251.678315
0.011972 6052.870677 10578.736889 13855.956345 19290.141323
0.012139 6073.149277 10608.618036 13892.905473 19322.329151
0.012308 6091.939442 10636.038255 13927.949662 19348.722124
0.012479 6109.201446 10660.956744 13961.051947 19369.856308
0.012653 6124.895725 10683.352846 13992.195382 19386.281831
0.012830 6138.991207 10703.217217 14021.342686 19398.560640
0.013009 6151.488681 10720.552850 14048.506025 19407.275403
0.013190 6162.404030 10735.426084 14073.666822 19412.973961
0.013374 6171.751219 10747.905920 14096.825673 19416.136283
0.013560 6179.548504 10758.013086 14117.922470 19417.192359
0.013749 6185.853852 10765.909971 14136.936292 19416.562045
0.013941 6190.707394 10771.696884 14153.845472 19414.536991
0.014135 6194.184649 10775.519833 14168.677425 19411.430851
0.014332 6196.332577 10777.506553 14181.329326 19407.363249
0.014532 6197.228496 10777.812426 14191.817131 19402.527410
0.014735 6196.936299 10776.595646 14200.076228 19396.978109
0.014940 6195.540794 10774.052154 14206.130404 19390.807000
0.015148 6193.098027 10770.300677 14209.942272 19384.045551
0.015359 6189.681889 10765.477717 14211.502387 19376.624960
0.015573 6185.350976 10759.722753 14210.739337 19368.466890
0.015791 6180.166205 10753.144059 14207.648343 19359.526369
0.016011 6174.175387 10745.824992 14202.201249 19349.702914
0.016234 6167.412213 10737.811030 14194.375740 19338.872329
0.016460 6159.898524 10729.137277 14184.134952 19326.973299
0.016690 6151.668890 10719.807044 14171.427021 19313.859280
0.016922 6142.719103 10709.791106 14156.234307 19299.401616
0.017158 6133.035265 10699.007886 14138.483952 19283.451580
0.017397 6122.594881 10687.334153 14118.137083 19265.885820
0.017640 6111.374133 10674.656153 14095.089864 19246.464437
0.017886 6099.324239 10660.812235 14069.302702 19225.034747
0.018135 6086.397078 10645.605590 14040.711617 19201.426840
0.018388 6072.532886 10628.847448 14009.238917 19175.386720
0.018644 6057.664172 10610.331293 13974.813929 19146.716146
0.018904 6041.712820 10589.797497 13937.374026 19115.141742
0.019167 6024.614433 10567.027788 13896.845935 19080.447549
0.019435 6006.276839 10541.800749 13853.176579 19042.345904
0.019706 5986.624895 10513.877253 13806.334180 19000.574578
0.019980 5965.580427 10483.035814 13756.249865 18954.910521
0.020259 5943.060325 10449.097957 13702.887887 18905.033262
0.020541 5919.005751 10411.873374 13646.246349 18850.737646
0.020828 5893.345276 10371.224462 13586.308232 18791.750608
0.021118 5866.038996 10327.030330 13523.051624 18727.878267
0.021412 5837.113420 10279.320031 13456.608236 18659.001804
0.021711 5807.028169 10228.695173 13387.678957 18585.509600
0.022013 5775.174137 10174.339269 13315.435076 18506.515268
0.022320 5741.540651 10116.249684 13239.844293 18421.947528
0.022631 5706.137206 10054.446245 13160.947450 18331.659817
0.022947 5668.975251 9989.014293 13078.758966 18235.601435
0.023267 5630.083496 9920.065733 12993.315701 18133.730698
0.023591 5589.527733 9847.741334 12904.656560 18026.098481
0.023920 5547.359415 9772.196436 12812.831828 17912.730462
0.024253 5503.661814 9693.625200 12717.922446 17793.709031
0.024591 5458.505225 9612.229747 12619.990185 17669.121120
0.024934 5411.998767 9528.208381 12519.116911 17539.139768
0.025282 5364.225717 9441.794784 12415.394507 17403.876267
0.025634 5315.303363 9353.242745 12308.954408 17263.510264
0.025991 5265.341582 9262.750041 12199.878727 17118.219714
0.026354 5214.444469 9170.567647 12088.328670 16968.245873
0.026721 5162.717178 9076.905139 11974.426174 16813.691234
0.027094 5110.246300 8981.933261 11858.254099 16654.759388
0.027471 5057.114189 8885.811823 11739.895851 16491.536320
0.027854 5003.321631 8788.582954 11619.346800 16324.050690
0.028242 4948.691337 8690.018275 11496.317500 16152.095692
0.028636 4893.612788 8590.695025 11371.396017 15976.238678
0.029035 4838.148798 8490.731100 11244.707664 15796.724018
0.029440 4782.362723 8390.244052 11116.387937 15613.745516
0.029850 4726.329493 8289.350376 10986.562571 15427.526495
0.030266 4670.121049 8188.151104 10855.396413 15238.408136
0.030688 4613.786893 8086.766414 10723.053684 15046.707064
0.031116 4557.409376 7985.315171 10589.697593 14852.772175
0.031550 4501.061567 7883.921841 10455.548867 14657.039553
0.031990 4444.811370 7782.696815 10320.787115 14459.961763
0.032436 4388.736439 7681.790997 10185.629059 14262.031177
0.032888 4332.910593 7581.339606 10050.308575 14063.735598
0.033346 4277.429571 7481.493968 9915.076452 13865.646326
0.033811 4222.335543 7382.359257 9780.115964 13668.154784
0.034282 4167.654648 7283.988852 9645.530222 13471.646608
0.034760 4113.240682 7186.438222 9511.765480 13277.744579
0.035245 4059.265344 7089.733620 9378.602264 13085.422639
0.035736 4005.754212 6993.920937 9246.135470 12894.877067
0.036234 3952.731623 6899.070556 9114.492335 12706.405496
0.036739 3900.202246 6805.218573 8983.802411 12520.217503
0.037251 3848.189878 6712.421603 8854.182298 12336.501973
0.037771 3796.725060 6620.734342 8725.772217 12155.467182
0.038297 3745.822771 6530.227385 8598.714876 11977.287570
0.038831 3695.516493 6440.965971 8473.176342 11802.117234
0.039372 3645.835992 6353.007436 8349.289708 11630.122495
0.039921 3596.819744 6266.433212 8227.251104 11461.486219
0.040478 3548.495677 6181.283688 8107.134428 11296.129689
0.041042 3500.741648 6096.801802 7987.508407 11130.556233
0.041614 3453.794445 6013.975870 7870.309538 10968.887053
0.042194 3407.660780 5932.820758 7755.611107 10811.190271
0.042782 3362.334967 5853.311700 7643.486803 10657.415399
0.043379 3317.820290 5775.437469 7533.978593 10507.563922
0.043983 3274.110500 5699.189520 7427.121134 10361.614937
0.044596 3231.205060 5624.545086 7322.970974 10219.535111
0.045218 3189.117329 5551.507463 7221.561727 10081.335459
0.045848 3147.846723 5480.056284 7122.928398 9946.958674
0.046487 3107.411547 5410.210284 7027.105400 9816.448589
0.047135 3067.955468 5342.882238 6936.024564 9694.146738
0.047792 3029.436080 5277.712102 6848.925779 9578.277190
0.048459 2991.785095 5214.125848 6764.667836 9466.082572
0.049134 2955.006585 5152.109183 6683.221081 9357.506393
0.049819 2919.092755 5091.641645 6604.541448 9252.472143
0.050513 2884.028434 5032.683431 6528.576186 9150.834324
0.051218 2849.799567 4975.195756 6455.239500 9052.497832
0.051931 2816.382830 4919.137390 6384.447331 8957.311419
0.052655 2783.754212 4864.468038 6316.109406 8865.121045
0.053389 2751.656052 4810.305337 6248.627510 8772.674801
0.054134 2720.001714 4756.448874 6181.591469 8679.202000
0.054888 2689.020479 4703.789603 6116.599576 8588.180231
0.055653 2658.667573 4652.274856 6053.525842 8499.436959
0.056429 2628.841564 4601.720686 5992.055235 8412.556885
0.057216 2599.499719 4552.065565 5932.050004 8327.365455
0.058013 2570.538789 4503.162248 5873.250670 8243.551599
0.058822 2541.976582 4455.059832 5815.650722 8161.177037
0.059642 2513.822743 4408.051349 5759.872639 8081.842849
0.060473 2486.332271 4363.117856 5707.615928 8009.270117
0.061316 2458.846233 4318.263266 5655.379540 7936.465260
0.062171 2431.307332 4273.387440 5602.967378 7863.198351
0.063038 2403.628328 4228.331435 5550.117000 7789.149476
0.063916 2375.703537 4182.912816 5496.554588 7714.029047
0.064807 2347.447250 4136.979221 5442.031552 7637.537748
0.065711 2318.756478 4090.316446 5386.229959 7559.266631
0.066627 2288.452812 4039.120796 5322.376794 7465.247674
0.067555 2257.494982 3986.729758 5256.520050 7368.430751
0.068497 2225.851506 3933.097307 5188.662530 7269.023219
0.069452 2193.451248 3878.072347 5118.605589 7166.788910
0.070420 2160.220118 3821.496200 5046.153700 7061.507768
0.071402 2126.110850 3763.245939 4971.155096 6953.015471
0.072397 2091.362883 3703.979240 4894.822560 6843.983368
0.073406 2055.993379 3643.744720 4817.300928 6734.816823
0.074429 2019.665499 3581.583442 4736.990127 6622.172348
0.075467 1982.399041 3517.493254 4653.908898 6506.085297
0.076519 1944.216900 3451.491246 4568.111262 6386.669988
0.077585 1905.170105 3383.640238 4479.722601 6264.100115
0.078667 1866.111419 3316.455398 4393.071285 6146.772221
0.079763 1827.601145 3251.532537 4310.901564 6039.932957
0.080875 1788.439368 3185.018818 4226.484403 5930.257507
0.082003 1748.756314 3117.145760 4140.121854 5818.157985
0.083146 1708.697341 3048.161238 4052.159879 5704.079707
0.084305 1668.420027 2978.359212 3962.985721 5588.536552
0.085480 1627.385818 2905.760067 3868.999646 5464.193026
0.086671 1586.183369 2832.030289 3772.951077 5336.115331
0.087880 1545.343909 2758.646126 3677.282607 5208.788848
0.089105 1505.061855 2685.992571 3582.501621 5082.863246
0.090347 1465.526829 2614.444261 3489.105192 4958.986992
0.091606 1427.526267 2546.250620 3400.822656 4844.049712
0.092883 1391.157867 2481.523183 3317.718990 4737.903444
0.094178 1356.017873 2418.821455 3237.171633 4635.220692
0.095490 1322.262126 2358.456342 3159.619205 4536.583048
0.096822 1290.020254 2300.705563 3085.443701 4442.497790
0.098171 1259.618414 2246.517678 3016.217534 4355.838779
0.099540 1231.012388 2195.627766 2951.418234 4275.412580
0.100927 1204.180977 2147.913344 2890.794965 4200.599981
0.102334 1179.164401 2103.471103 2834.504604 4131.615666
0.103761 1155.387016 2060.627675 2779.713401 4063.017620
0.105207 1131.219066 2014.654520 2718.429574 3979.484262
0.106673 1108.877610 1972.138532 2661.865439 3902.446198
0.108160 1088.263124 1932.899314 2609.792834 3831.560367
0.109668 1069.254483 1896.721692 2561.919489 3766.428568
0.111197 1051.911648 1863.961521 2518.843393 3707.731719
0.112747 1035.849337 1833.684110 2479.207762 3653.704372
0.114318 1020.857689 1805.491684 2442.467841 3603.563157
0.115912 1006.707104 1778.968002 2408.055702 3556.511765
0.117528 993.941047 1755.835761 2378.918909 3518.110243
0.119166 981.581644 1733.650139 2351.165701 3481.566830
0.120827 969.300765 1711.749238 2323.831783 3445.370550
0.122511 956.794353 1689.573607 2296.128775 3408.434326
0.124219 943.551339 1666.051513 2266.606630 3369.135504
0.125951 929.642992 1641.481059 2235.615198 3327.425954
0.127706 914.875725 1615.509358 2202.637277 3282.545296
0.129487 899.418409 1588.636432 2168.396886 3235.467582
0.131292 883.198290 1560.753425 2132.731608 3185.934292
0.133122 865.748391 1530.772733 2094.025940 3131.665704
0.134977 847.079785 1498.735537 2052.341928 3072.844764
0.136859 828.296323 1468.219690 2014.388098 3024.666177
0.138766 808.380231 1435.664108 1973.319332 2971.419381
0.140701 787.502213 1401.353591 1929.485956 2913.603219
0.142662 766.696248 1367.504471 1885.938003 2855.021585
0.144651 745.611892 1333.174848 1841.347076 2794.177514
0.146667 724.264122 1298.237182 1795.513397 2731.017084
0.148711 701.261012 1258.703759 1741.946642 2654.229332
0.150784 677.556862 1216.821274 1684.122564 2569.603226
0.152886 654.670276 1176.343446 1627.941103 2487.121593
0.155018 634.431103 1142.092026 1581.291477 2421.135281
0.157178 616.543582 1112.999114 1542.295307 2368.017533
0.159369 600.081584 1086.262228 1506.201772 2318.842745
0.161591 585.581006 1063.048921 1474.683412 2275.950206
0.163843 572.931571 1043.059477 1447.337957 2238.918482
0.166127 562.004487 1025.984247 1423.750516 2207.267629
0.168443 549.977491 1004.422387 1392.233966 2160.811072
0.170791 539.287463 984.856964 1363.159124 2117.535175
0.173172 530.520578 968.932868 1339.138385 2081.740906
0.175586 524.750528 959.491057 1324.488698 2060.005130
0.178033 520.003099 951.719520 1312.050739 2041.383277
0.180515 514.503552 940.616892 1293.533821 2010.245821
0.183031 508.522385 927.383802 1271.238286 1971.315322
0.185583 502.720846 914.512828 1249.762381 1934.010464
0.188169 497.164377 903.254511 1232.117560 1905.998458
0.190792 491.052177 890.810373 1212.977290 1875.412333
0.193452 483.854856 876.228830 1191.298306 1841.888732
0.196149 475.605375 859.608959 1167.115832 1804.678655
0.198883 467.438880 843.675443 1144.290621 1769.105834
0.201655 459.882118 829.672373 1124.594713 1737.783577
0.204466 451.252908 813.425310 1101.916748 1701.435970
0.207316 441.128881 793.248087 1073.259037 1654.395366
0.210206 430.506442 772.180076 1043.652814 1605.851886
0.213136 423.066249 760.523769 1029.525130 1584.403281
0.216107 415.758651 749.203699 1016.105579 1563.977565
0.219120 405.899914 731.336719 993.251432 1529.899452
0.222174 395.951802 712.934515 969.653870 1494.739833
0.225271 387.125321 697.067374 949.876240 1465.151022
0.228411 379.328876 683.297541 933.149775 1440.079972
0.231595 372.659466 670.786967 916.997575 1412.325531
0.234823 366.943772 659.816157 902.638542 1386.170439
0.238097 360.045266 645.755414 883.883375 1354.395470
0.241416 353.233459 631.741140 865.242622 1323.226175
0.244781 346.396082 618.309995 847.964815 1294.388630
0.248193 339.701632 605.383608 831.538617 1267.056346
0.251653 335.929576 598.870696 824.050673 1252.799316
0.255161 330.831351 589.751768 813.086351 1234.004280
0.258717 322.419481 573.762779 792.742290 1202.913547
0.262324 315.118664 560.856773 777.100609 1179.123662
0.265980 309.050770 551.286393 766.551564 1163.160131
0.269688 300.791728 537.055794 749.358132 1137.096389
0.273447 291.767110 521.277263 730.011579 1108.071158
0.277259 284.761281 510.244061 718.173420 1092.651137
0.281124 277.394245 498.043578 704.619598 1075.666764
0.285043 269.787093 484.740164 689.398431 1057.535815
0.289016 262.879915 473.364037 676.742875 1040.063399
0.293045 256.535263 462.628722 664.408711 1021.633938
0.297130 250.602566 451.177314 649.400086 996.881246
0.301271 245.363154 442.092518 639.399510 983.024888
0.305471 240.315006 433.585518 630.766807 972.683209
0.309729 234.309358 422.631513 618.230097 956.774740
0.314047 228.817802 411.832910 604.680178 936.204261
0.318424 223.884123 402.200550 592.728892 918.162375
0.322863 219.855312 395.305258 585.773590 910.875470
0.327363 214.229325 384.506281 571.889968 890.660354
0.331927 208.348940 373.708746 558.370967 872.298754
0.336554 202.681837 364.120941 547.211646 859.068199
0.341245 198.628026 358.667439 541.753925 851.499200
0.346002 194.213513 351.791983 533.739460 841.576421
0.350825 189.922710 344.703982 524.875241 829.974571
0.355715 185.796340 337.778398 515.809238 817.332655
0.360673 181.129997 330.403496 506.180353 805.119827
0.365701 175.717636 321.494124 493.651348 789.183084
0.370799 171.370567 314.472153 483.543200 775.399916
0.375968 167.403544 308.284218 474.279160 762.574847
0.381208 163.346887 302.472340 465.405388 750.517278
0.386522 159.928012 298.900950 460.271853 742.554066
0.391910 156.336684 292.629364 449.130504 728.378722
0.397373 152.331575 287.841780 441.524205 716.954600
0.402912 149.028704 284.464685 434.962233 705.703881
0.408529 145.693687 279.609150 425.903966 693.526447
0.414223 141.768773 274.009002 416.386833 682.316212
0.419997 137.964367 269.669028 408.768308 671.785411
0.425852 134.894198 266.169127 401.435597 660.009271
0.431788 131.674333 262.125497 393.009666 648.017440
0.437807 128.820039 258.619759 385.595105 636.676478
0.443910 126.422431 256.900789 381.563045 633.366819
0.450097 122.812514 252.315854 373.165138 622.111710
0.456372 119.726840 247.997131 364.757426 608.468557
0.462733 117.674724 246.893957 362.014446 606.491631
0.469183 114.416793 242.253116 353.599134 593.823446
0.475724 112.010851 239.159985 347.758113 585.956563
0.482355 108.840349 234.243084 339.561429 576.029675
0.489079 106.276082 230.611451 333.540768 567.817427
0.495896 104.297423 227.945223 328.303111 559.477229
0.502809 101.737489 224.526899 322.984327 552.825495
0.509818 99.619545 221.515280 318.021186 544.359824
0.516924 97.635316 218.535105 313.650532 539.345359
0.524130 94.213390 213.265772 307.156404 532.243566
0.531436 92.332664 210.845840 303.761779 527.532326
0.538844 90.141356 206.337064 297.291662 518.552122
0.546355 88.275146 203.024022 292.644844 511.478355
0.553971 85.664211 198.588383 287.383177 503.882212
0.561693 83.900731 195.355568 283.272083 498.081733
0.569523 82.018361 192.363691 279.949991 491.378402
0.577461 79.924919 187.685581 273.710896 482.714470
0.585511 78.257887 184.670538 269.706877 476.042931
0.593673 76.201438 180.029525 263.900185 467.324561
0.601948 74.665603 177.616761 260.584559 461.222994
0.610339 72.657499 174.179291 256.612297 454.122921
0.618847 70.820341 171.151517 254.140470 451.942127
0.627473 69.396581 167.674780 248.783092 443.222105
0.636220 67.778483 164.941983 245.194742 436.209704
0.645088 65.972751 161.728578 241.059092 428.932365
0.654081 64.386317 158.097441 235.938920 421.475684
0.663198 62.750569 155.547727 233.238889 416.703714
0.672443 61.347800 152.690016 229.453045 411.808926
0.681816 59.823335 149.776170 224.618178 403.220242
0.691320 58.356628 146.906067 220.976474 397.105271
0.700957 57.345541 144.582316 217.612168 391.462198
0.710728 55.708992 142.018460 214.057321 384.836239
0.720635 54.683725 139.694619 210.953863 381.035353
0.730680 53.435250 137.429369 207.248229 373.797730
0.740866 52.121568 134.574932 203.238382 368.516140
0.751193 50.904677 131.973564 199.859461 362.937869
0.761664 49.823171 129.444155 196.296441 357.762940
0.772281 49.083296 127.959852 193.745526 352.178282
0.783046 47.996603 125.334027 190.082776 346.967729
0.793962 47.073013 123.529680 187.234003 342.759185
0.805029 46.012134 121.094745 184.325838 337.679351
0.816251 45.214795 119.162264 180.913085 331.169275
0.827629 44.150276 116.658561 177.610925 326.176102
0.839166 43.645786 115.139533 174.785877 321.749552
0.850863 42.929140 113.124400 172.102489 316.664380
0.862724 42.091639 111.237069 169.222173 310.884870
0.874750 41.451558 109.331379 166.443037 305.909812
0.886943 40.887739 107.802722 163.980633 301.300254
0.899307 40.235813 106.148855 161.297492 296.088994
0.911843 39.813012 104.445294 158.423076 290.059626
0.924553 39.167556 102.867365 155.842652 286.066637
0.937441 38.649235 101.459541 153.710834 281.431530
0.950508 38.258668 100.085872 151.393101 276.813901
0.963758 37.711920 98.436958 148.707526 271.988913
0.977192 37.486646 98.101872 147.268466 267.801720
0.990814 37.050466 96.579327 144.890183 263.657565
1.004625 36.616426 95.136010 142.455911 258.766164
1.018629 36.302761 94.157271 140.512347 254.595857
1.032828 35.884910 92.992043 138.736343 251.466384
1.047225 35.466638 91.964152 136.635467 246.850672
1.061823 35.193982 91.060133 134.900009 243.208876
1.076624 34.799900 89.926044 133.040546 239.473407
1.091632 34.466356 88.777292 131.272165 235.904388
1.106848 34.043754 87.513274 129.432068 232.782795
1.122277 33.662248 86.514065 127.510468 229.110861
1.137921 33.254925 85.246053 125.767244 226.056935
1.153783 32.893617 84.105360 124.093647 223.259156
1.169866 32.487475 82.988630 122.469719 220.650616
1.186174 32.030278 81.866084 120.855229 217.652161
1.202708 31.624878 80.646902 119.305017 215.080131
1.219473 31.191916 79.474694 117.829800 212.277302
1.236472 30.707036 78.252099 116.365053 210.055060
1.253708 30.250673 76.921212 114.620154 207.757706
1.271184 29.773508 75.926419 113.444472 205.417670
1.288904 29.267158 74.359117 111.667619 203.394694
1.306870 28.727746 73.062797 110.134386 200.951139
1.325087 28.263878 71.834231 108.705418 198.635364
1.343558 27.745842 70.520684 107.198369 196.467765
1.362287 27.257508 69.193979 105.568856 194.335441
1.381276 26.731072 67.933382 103.906748 192.184044
1.400531 26.226937 66.684112 102.516036 189.886835
1.420053 25.692675 65.352902 101.079864 187.756691
1.439848 25.198521 64.175316 99.516684 185.714675
1.459919 24.665202 62.922085 98.028596 183.384349
1.480269 24.224655 61.605088 96.434579 180.920704
1.500903 23.728591 60.440011 94.926665 179.025099
1.521825 23.241313 59.318354 93.539606 176.740202
1.543038 22.758378 58.116715 92.150666 174.631016
1.564548 22.329791 56.952936 90.636636 172.126250
1.586357 21.879056 55.830152 89.178953 169.679031
1.608469 21.413733 54.675318 87.705676 167.397869
1.630891 21.040439 53.432464 86.038620 164.550180
1.653624 20.588707 52.286166 84.658070 162.243839
1.676675 20.174241 51.231248 83.234313 159.449090
1.700047 19.765305 50.116228 81.736231 156.792763
1.723745 19.388700 48.976400 80.237884 153.823382
1.747773 18.982542 47.852179 78.724006 150.971365
1.772136 18.616330 46.778899 77.239028 148.248839
1.796838 18.261862 45.704334 75.786683 145.293886
1.821885 17.930682 44.652106 74.302562 142.418933
1.847281 17.578861 43.702045 72.947413 139.459641
1.873032 17.251298 42.668468 71.417768 136.507830
1.899141 16.920310 41.670060 70.037537 133.556755
1.925614 16.618562 40.759422 68.660253 130.495563
1.952456 16.353770 39.895266 67.311239 127.504745
1.979672 16.019822 39.037112 65.970494 124.561320
2.007267 15.747255 38.175201 64.549977 121.654988
2.035248 15.444786 37.326129 63.192250 118.640816
2.063618 15.162967 36.516683 61.870002 115.696382
2.092383 14.894651 35.749629 60.549278 112.843974
2.121550 14.617915 35.001396 59.273460 109.999591
2.151123 14.360039 34.302373 57.990390 107.191428
2.181109 14.097525 33.599745 56.767925 104.546078
2.211512 13.844802 32.924108 55.518054 101.796777
2.242340 13.596817 32.319541 54.354433 99.267862
2.273597 13.335662 31.704842 53.142205 96.751286
2.305289 13.107122 31.110073 52.023677 94.349037
2.337424 12.866530 30.525528 50.888243 92.032376
2.370006 12.621954 29.970998 49.807422 89.783571
2.403043 12.371911 29.436419 48.702260 87.542079
2.436540 12.144218 28.922708 47.659704 85.401030
2.470504 11.906319 28.410802 46.605538 83.308624
2.504942 11.670943 27.920628 45.611869 81.324177
2.539859 11.443454 27.415447 44.590024 79.339762
2.575263 11.198095 26.915946 43.640525 77.487897
2.611161 10.971826 26.436907 42.648617 75.657882
2.647559 10.739645 25.957521 41.681951 73.838216
2.684465 10.507781 25.501926 40.753922 72.108351
2.721885 10.271170 25.012837 39.845825 70.434372
2.759826 10.044857 24.542146 38.935876 68.802109
2.798297 9.818649 24.090472 38.068560 67.256694
2.837304 9.598714 23.634988 37.210690 65.716013
2.876854 9.379818 23.181315 36.365525 64.230606
2.916956 9.168067 22.742437 35.547481 62.752688
2.957617 8.963306 22.308948 34.759544 61.356125
2.998844 8.760850 21.877779 33.975825 59.976852
3.040646 8.564862 21.442056 33.207105 58.675916
3.083031 8.375757 21.009847 32.463081 57.375389
3.126007 8.195409 20.596510 31.735267 56.080450
3.169582 8.017044 20.163681 31.007052 54.836661
3.213764 7.846212 19.748760 30.308924 53.617563
3.258562 7.679245 19.342501 29.625466 52.420360
3.303985 7.521004 18.925880 28.956123 51.251732
3.350041 7.369765 18.516652 28.297091 50.099963
3.396739 7.221975 18.120238 27.667104 48.965690
3.444087 7.084637 17.722595 27.030421 47.863058
3.492096 6.951472 17.340904 26.434760 46.806576
3.540774 6.819709 16.965634 25.848313 45.754552
3.590130 6.698940 16.591221 25.268267 44.736339
3.640175 6.583095 16.230258 24.718365 43.731574
3.690917 6.468278 15.881316 24.164876 42.741995
3.742366 6.359427 15.527915 23.637416 41.790250
3.794533 6.255594 15.194384 23.122178 40.838402
3.847427 6.153163 14.859933 22.613697 39.914440
3.901058 6.050452 14.537745 22.120403 38.985458
3.955436 5.955621 14.219037 21.622521 38.066710
4.010573 5.856165 13.906362 21.150482 37.176877
4.066478 5.760444 13.598185 20.675135 36.281875
4.123163 5.664683 13.302686 20.213294 35.403030
4.180637 5.571142 13.011945 19.762658 34.535608
4.238913 5.477070 12.722798 19.315326 33.691428
4.298001 5.380932 12.441927 18.880361 32.854098
4.357913 5.289654 12.166067 18.454228 32.043086
4.418660 5.194852 11.899232 18.034559 31.248787
4.480254 5.099531 11.632911 17.624189 30.467731
4.542706 5.006504 11.370684 17.220189 29.703698
4.606029 4.911450 11.116910 16.828064 28.967173
4.670234 4.816505 10.865098 16.444818 28.247930
4.735335 4.721924 10.617231 16.064161 27.541476
4.801343 4.629020 10.372698 15.691331 26.852836
4.868271 4.534232 10.128060 15.320779 26.182237
4.936132 4.439964 9.885904 14.956973 25.529878
5.004939 4.346175 9.648143 14.598471 24.895098
5.074705 4.252893 9.412578 14.244534 24.280637
5.145444 4.162554 9.181372 13.898648 23.686244
5.217169 4.072357 8.953476 13.557383 23.101972
5.289893 3.986042 8.732038 13.228970 22.547973
5.363631 3.899786 8.515002 12.901200 22.006077
5.438397 3.817333 8.302617 12.584004 21.481684
5.514206 3.736809 8.096835 12.274461 20.977470
5.591071 3.657893 7.897293 11.971483 20.487948
5.669007 3.583291 7.703007 11.678426 20.015545
5.748030 3.509974 7.515516 11.390648 19.552339
5.828155 3.438694 7.333694 11.112279 19.103669
5.909396 3.369519 7.156842 10.840063 18.667300
5.991770 3.301532 6.984579 10.573232 18.238288
6.075292 3.235146 6.817966 10.313848 17.815826
6.159978 3.169684 6.654627 10.059925 17.401725
6.245845 3.105109 6.496037 9.812491 16.993951
6.332908 3.041213 6.340406 9.570759 16.592091
6.421186 2.978517 6.189732 9.335394 16.198364
6.510694 2.916026 6.042413 9.107603 15.812719
6.601449 2.854756 5.899242 8.886487 15.435053
6.693470 2.793463 5.758631 8.671288 15.064584
6.786773 2.732954 5.621954 8.463292 14.703271
6.881377 2.673382 5.488495 8.262373 14.349043
6.977300 2.614037 5.358398 8.068998 14.004761
7.074559 2.555753 5.230708 7.880605 13.668269
7.173175 2.497567 5.106174 7.698910 13.341320
7.273165 2.440351 4.984287 7.523862 13.022220
7.374549 2.383493 4.864395 7.352739 12.711782
7.477346 2.327091 4.747419 7.187730 12.407614
7.581576 2.271587 4.631502 7.025584 12.109956
7.687260 2.216375 4.518436 6.867842 11.820035
7.794416 2.162027 4.407513 6.713462 11.535754
7.903066 2.108501 4.298561 6.562575 11.257751
8.013230 2.055928 4.192992 6.417048 10.988059
8.124930 2.004255 4.089986 6.274312 10.725286
8.238187 1.953946 3.989578 6.134843 10.469888
8.353023 1.904625 3.892395 5.999475 10.221552
8.469460 1.856644 3.798370 5.867372 9.980593
8.587519 1.809934 3.707065 5.738085 9.746538
8.707225 1.764465 3.618606 5.612159 9.519108
8.828599 1.720281 3.533534 5.489014 9.297732
8.951665 1.677236 3.451087 5.368443 9.083014
9.076446 1.635553 3.371180 5.250634 8.873990
9.202967 1.594998 3.293577 5.134843 8.669147
9.331251 1.555524 3.217884 5.020186 8.468628
9.461324 0.000000 0.000000 0.000000 0.000000
9.593209 0.000000 0.000000 0.000000 0.000000
9.726934 0.000000 0.000000 0.000000 0.000000
9.862522 0.000000 0.000000 0.000000 0.000000
10.000000 0.000000 0.000000 0.000000 0.000000
