0.010000 5227.505920 9747.398659 13155.413098 17173.155208
0.010139 5259.567705 9805.084838 13241.044537 17365.045626
0.010281 5291.164508 9861.996018 13325.536399 17555.598678
0.010424 5322.276623 9918.129039 13408.865614 17744.623739
0.010569 5352.892202 9973.411101 13490.941461 17931.906440
0.010717 5382.989629 10027.836490 13571.741534 18117.311062
0.010866 5412.542398 10081.330779 13651.175690 18300.636560
0.011018 5441.540699 10133.888659 13729.193029 18481.692921
0.011171 5469.956110 10185.426190 13805.733290 18660.336444
0.011327 5497.763165 10235.928596 13880.726829 18836.357503
0.011485 5524.954118 10285.341861 13954.114156 19009.593203
0.011645 5551.498653 10333.641752 14025.845989 19179.893377
0.011807 5577.378278 10380.744993 14095.834344 19347.085545
0.011972 5602.559768 10426.657344 14164.050408 19511.001181
0.012139 5627.041441 10471.315637 14230.397261 19671.449063
0.012308 5650.790144 10514.656847 14294.837239 19828.340497
0.012479 5673.788516 10556.667549 14357.323404 19981.520264
0.012653 5696.010364 10597.294951 14417.750335 20130.801398
0.012830 5717.437423 10636.506210 14476.101524 20276.073546
0.013009 5738.046532 10674.238949 14532.282294 20417.195019
0.013190 5757.827413 10710.460634 14586.287040 20554.047013
0.013374 5776.751067 10745.158719 14638.031901 20686.524759
0.013560 5794.797418 10778.271274 14687.443286 20814.509995
0.013749 5811.939510 10809.736478 14734.487534 20937.824349
0.013941 5828.149426 10839.532296 14779.091987 21056.413769
0.014135 5843.423038 10867.626922 14821.184406 21170.145641
0.014332 5857.730532 10893.948971 14860.732521 21278.910041
0.014532 5871.040139 10918.446990 14897.645173 21382.563732
0.014735 5883.336958 10941.109351 14931.871147 21481.070342
0.014940 5894.599193 10961.874879 14963.379462 21574.322775
0.015148 5904.867548 10980.851433 14992.298182 21662.500775
0.015359 5914.084644 10997.908515 15018.468486 21745.421249
0.015573 5922.208959 11012.955373 15041.741606 21822.827412
0.015791 5929.215850 11025.960951 15062.068192 21894.654135
0.016011 5935.084669 11036.894266 15079.438945 21960.877533
0.016234 5939.798766 11045.694537 15093.725699 22021.362248
0.016460 5943.344504 11052.340835 15104.969418 22076.108987
0.016690 5945.703306 11056.802330 15113.082190 22125.063781
0.016922 5946.858609 11059.068163 15118.055864 22168.194071
0.017158 5946.796854 11059.067744 15119.832793 22205.421206
0.017397 5945.496557 11056.790275 15118.365463 22236.706637
0.017640 5942.934256 11052.175156 15113.586601 22261.974677
0.017886 5939.095458 11045.231584 15105.508761 22281.247602
0.018135 5933.967674 11035.879038 15094.045029 22294.432702
0.018388 5927.530475 11024.126753 15079.148422 22301.486372
0.018644 5919.767422 11009.894196 15060.821903 22302.385109
0.018904 5910.667066 10993.200604 15038.998725 22297.115706
0.019167 5900.215977 10974.015344 15013.672033 22285.655587
0.019435 5888.404722 10952.297793 14984.805095 22267.982326
0.019706 5875.222879 10928.027289 14952.381166 22244.083271
0.019980 5860.666013 10901.213146 14916.383519 22213.975068
0.020259 5844.736675 10871.854707 14876.825407 22177.684048
0.020541 5827.416500 10839.901361 14833.660134 22135.177275
0.020828 5808.714033 10805.412427 14786.930913 22086.509777
0.021118 5788.638825 10768.327307 14736.620979 22031.716495
0.021412 5767.279188 10728.825373 14682.933534 21970.970012
0.021711 5745.115284 10687.606251 14626.592098 21904.907428
0.022013 5721.580596 10643.839495 14566.689832 21832.782328
0.022320 5696.651781 10597.464496 14503.199689 21754.586902
0.022631 5670.355355 10548.550713 14436.194617 21670.411432
0.022947 5642.681933 10497.047562 14365.617376 21580.206508
0.023267 5613.627116 10442.974515 14291.490694 21484.060509
0.023591 5583.205452 10386.351084 14213.847228 21382.001348
0.023920 5551.439475 10327.196813 14132.719553 21274.085756
0.024253 5518.328770 10265.541300 14048.140155 21160.419346
0.024591 5483.895873 10201.424209 13960.181515 21041.057096
0.024934 5448.165312 10134.875237 13868.885979 20916.122917
0.025282 5411.164615 10065.944174 13774.315848 20785.720051
0.025634 5372.921310 9994.686884 13676.563430 20649.980993
0.025991 5333.468912 9921.166319 13575.710941 20509.047624
0.026354 5292.852921 9845.460539 13471.850561 20363.101320
0.026721 5251.118838 9767.660722 13365.134600 20212.323045
0.027094 5208.295191 9687.826048 13255.645107 20056.873313
0.027471 5164.420491 9606.013767 13143.454024 19896.872077
0.027854 5119.450352 9522.162853 13028.482665 19732.298157
0.028242 5073.157589 9435.942482 12910.411253 19562.827944
0.028636 5025.894268 9347.903514 12789.873512 19389.172381
0.029035 4977.703878 9258.116542 12666.941110 19211.490070
0.029440 4928.626903 9166.656256 12541.735866 19029.919283
0.029850 4878.702826 9073.617496 12414.369517 18844.688823
0.030266 4827.985109 8979.077127 12284.993946 18655.967063
0.030688 4776.539203 8883.160274 12153.730882 18464.003087
0.031116 4724.414569 8785.962042 12020.732167 18269.025996
0.031550 4671.684643 8687.622794 11886.199887 18071.325711
0.031990 4618.417864 8588.275958 11750.316041 17871.182404
0.032436 4564.704654 8488.073123 11613.252585 17668.906956
0.032888 4510.625440 8387.175002 11475.261914 17464.851185
0.033346 4456.280634 8285.760466 11336.596468 17259.407964
0.033811 4401.758656 8184.004454 11197.458457 17052.930266
0.034282 4347.130929 8082.039797 11058.050113 16845.690492
0.034760 4292.336932 7980.049603 10918.976064 16639.696149
0.035245 4237.532023 7878.019170 10779.865294 16433.355466
0.035736 4182.757611 7776.049322 10640.839552 16226.830007
0.036234 4128.078087 7674.223841 10502.030640 16020.311979
0.036739 4073.535837 7572.645617 10363.570356 15814.024307
0.037251 4019.204227 7471.444694 10225.620690 15608.241044
0.037771 3965.135623 7370.732044 10088.373847 15403.216262
0.038297 3911.405371 7270.616645 9951.945543 15199.183989
0.038831 3858.082813 7171.259726 9816.545129 14996.480344
0.039372 3805.244278 7072.792381 9682.375954 14795.370559
0.039921 3752.958089 6975.353738 9549.615214 14596.191478
0.040478 3701.312556 6879.057794 9418.399839 14399.015236
0.041042 3650.229998 6783.256862 9287.230729 14199.895376
0.041614 3599.980683 6689.008414 9158.194820 14003.817212
0.042194 3550.647895 6596.456538 9031.492650 13811.119130
0.042782 3502.281912 6505.704085 8907.249214 13621.996803
0.043379 3454.907998 6416.803620 8785.555234 13436.574407
0.043983 3408.554402 6329.800620 8666.451018 13254.955574
0.044596 3363.249361 6244.748551 8550.020184 13077.274444
0.045218 3319.014097 6161.690776 8436.325160 12903.613915
0.045848 3275.879816 6080.681654 8325.432376 12734.118055
0.046487 3233.865715 6001.757393 8217.388069 12568.848951
0.047135 3193.104980 5925.892739 8114.322135 12413.241269
0.047792 3153.573779 5852.745918 8015.428090 12265.232042
0.048459 3115.223261 5781.794203 7919.522749 12121.639230
0.049134 3078.069569 5713.052440 7826.619908 11982.513488
0.049819 3042.109826 5646.520333 7736.724231 11847.843734
0.050513 3007.323145 5582.164361 7649.800970 11717.587803
0.051218 2973.686622 5519.937873 7565.770895 11591.672418
0.051931 2941.174342 5459.799184 7484.571840 11469.962389
0.052655 2909.750376 5401.674386 7406.109255 11352.363105
0.053389 2879.149764 5344.632407 7328.643969 11234.871173
0.054134 2849.287550 5288.429461 7251.746559 11116.567649
0.054888 2820.369801 5233.991289 7177.236047 11001.879580
0.055653 2792.341545 5181.203571 7104.985177 10890.608173
0.056429 2765.126804 5129.931842 7034.783774 10782.400174
0.057216 2738.631593 5079.999392 6966.396278 10676.912023
0.058013 2712.749917 5031.210383 6899.565784 10573.779078
0.058822 2687.431787 4983.484472 6834.177680 10472.862176
0.059642 2662.730212 4937.232530 6771.129547 10376.467383
0.060473 2638.792196 4893.247063 6712.086042 10288.752207
0.061316 2615.085721 4849.686479 6653.578371 10201.796608
0.062171 2591.412796 4806.170952 6595.095347 10114.808602
0.063038 2567.725440 4762.611961 6536.503567 10027.564116
0.063916 2543.870682 4718.740165 6477.438163 9939.550790
0.064807 2519.759561 4674.388674 6417.693867 9850.481039
0.065711 2495.229138 4629.264049 6356.864257 9759.753169
0.066627 2469.041612 4579.209287 6287.215840 9649.637838
0.067555 2442.167020 4527.833128 6215.673608 9536.456698
0.068497 2414.537485 4475.064198 6142.195129 9420.343703
0.069452 2386.037156 4420.696582 6066.512649 9300.893397
0.070420 2356.577210 4364.566595 5988.393898 9177.751511
0.071402 2326.072847 4306.521650 5907.623925 9050.609880
0.072397 2294.695224 4247.123066 5825.309212 8922.263055
0.073406 2262.435548 4186.415038 5741.571809 8793.095837
0.074429 2228.947178 4123.447967 5654.712261 8659.202808
0.075467 2194.196417 4058.160917 5564.657916 8520.462692
0.076519 2158.183582 3990.548254 5471.401089 8376.883016
0.077585 2120.926008 3920.657621 5375.007165 8228.551763
0.078667 2083.262586 3851.143967 5280.248084 8085.761534
0.079763 2045.750236 3783.719169 5190.168764 7955.008027
0.080875 2007.116996 3714.169607 5097.091116 7819.532512
0.082003 1967.458204 3642.662580 5001.245108 7679.671556
0.083146 1926.898181 3569.432655 4902.940801 7535.883648
0.084305 1885.583218 3494.735489 4802.532939 7388.695642
0.085480 1842.994200 3416.505925 4696.099767 7229.360312
0.086671 1799.692112 3336.408442 4586.536508 7063.828183
0.087880 1756.204851 3255.951475 4476.435478 6897.407174
0.089105 1712.733547 3175.512922 4366.313552 6730.877412
0.090347 1669.489270 3095.477594 4256.714773 6565.062626
0.091606 1627.401134 3018.572533 4152.325388 6409.546781
0.092883 1586.602032 2944.910624 4053.187093 6264.107960
0.094178 1546.622656 2872.684842 3955.912999 6121.270325
0.095490 1507.676820 2802.289298 3861.047856 5981.879525
0.096822 1469.962288 2734.086804 3769.091551 5846.714202
0.098171 1433.973253 2669.492460 3682.462699 5720.708356
0.099540 1399.661674 2608.094958 3600.295405 5601.740128
0.100927 1367.049383 2549.754516 3522.221330 5488.819926
0.102334 1336.249011 2494.694716 3448.556537 5382.454466
0.103761 1306.738415 2441.190567 3376.231499 5276.226338
0.105207 1276.918905 2384.245978 3296.470874 5151.957330
0.106673 1249.176592 2331.198247 3222.100412 5036.071660
0.108160 1223.478243 2281.991051 3153.037536 4928.438306
0.109668 1199.775661 2236.525012 3089.135006 4828.825934
0.111197 1178.132371 2195.148513 3030.934325 4737.629716
0.112747 1158.286711 2157.144254 2977.385353 4653.651751
0.114318 1140.071858 2122.188157 2928.037131 4576.217864
0.115912 1123.306091 2089.933428 2882.411988 4504.581751
0.117528 1108.423976 2061.853771 2843.068068 4443.810708
0.119166 1094.587724 2035.773808 2806.521924 4387.476448
0.120827 1081.484257 2011.054309 2771.836036 4334.044967
0.122511 1068.789666 1987.052776 2738.116602 4282.121134
0.124219 1055.782490 1962.069322 2702.860956 4227.917669
0.125951 1042.674381 1936.910622 2667.358814 4173.333193
0.127706 1029.191612 1911.062790 2630.915098 4117.285180
0.129487 1015.338558 1884.676213 2593.735843 4059.722293
0.131292 1000.941248 1857.450901 2555.405689 3999.928790
0.133122 985.477881 1828.260791 2514.393783 3935.971880
0.134977 968.832359 1796.936913 2470.513468 3867.704104
0.136859 952.013558 1767.163670 2430.929049 3812.609945
0.138766 933.827569 1734.819461 2387.771900 3751.778796
0.140701 914.307196 1699.957851 2341.109896 3685.281872
0.142662 894.471565 1664.995445 2294.344700 3617.661502
0.144651 873.801301 1628.577027 2245.546034 3546.398568
0.146667 852.192732 1590.327678 2194.156050 3470.846629
0.148711 828.158490 1545.896986 2133.149159 3378.380071
0.150784 802.629266 1497.592346 2066.075582 3275.121143
0.152886 777.139677 1449.390625 1999.153343 3171.934281
0.155018 753.911047 1407.500382 1942.613824 3088.540342
0.157178 732.608656 1370.572466 1893.999643 3019.842422
0.159369 712.116210 1335.000196 1847.110052 2953.417433
0.161591 693.283212 1302.826461 1805.002048 2894.355551
0.163843 675.991859 1273.567331 1766.879071 2841.298535
0.166127 660.152681 1246.877217 1732.162251 2793.300306
0.168443 642.843756 1214.663347 1687.889868 2726.767955
0.170791 626.889849 1184.658912 1646.418718 2664.169712
0.173172 613.062977 1158.959147 1611.022515 2611.110693
0.175586 602.508621 1140.664761 1586.421791 2575.071754
0.178033 593.327788 1124.932192 1565.333477 2544.607824
0.180515 583.506990 1105.737732 1537.477649 2498.990137
0.183031 573.552783 1084.971614 1506.297145 2445.507777
0.185583 564.293641 1065.762671 1477.566982 2396.682408
0.188169 555.642819 1048.972421 1453.769924 2359.915171
0.190792 546.970812 1032.168446 1429.968318 2323.114546
0.193452 537.401529 1013.427473 1403.499891 2282.926873
0.196149 527.055845 993.176003 1374.973126 2239.702237
0.198883 517.084346 974.472638 1348.932913 2200.369804
0.201655 507.912601 958.456271 1327.083755 2167.615917
0.204466 497.603549 940.104257 1301.855739 2129.050992
0.207316 485.683673 917.526095 1269.851313 2077.786550
0.210206 472.968488 893.461148 1235.816918 2023.155354
0.213136 463.545533 880.052067 1219.773432 2002.912705
0.216107 453.878336 866.240219 1203.215661 1981.827682
0.219120 441.395822 844.938359 1175.451693 1943.572445
0.222174 428.555303 822.374658 1145.662670 1901.924497
0.225271 416.793964 802.393007 1119.767927 1866.398303
0.228411 405.964264 784.281276 1096.491467 1834.856977
0.231595 396.421464 767.693471 1073.861931 1799.634974
0.234823 388.023293 752.941725 1053.264317 1766.112801
0.238097 378.585662 734.695183 1027.248381 1724.354884
0.241416 369.720374 717.187602 1002.139863 1684.269456
0.244781 361.116164 700.398397 978.399071 1646.385173
0.248193 353.296628 685.205696 956.936950 1612.214568
0.251653 348.867249 677.686684 946.133886 1594.640042
0.255161 343.743137 668.389280 932.798450 1573.328925
0.258717 335.678003 652.000667 909.408553 1536.811497
0.262324 329.029938 639.543471 892.002502 1510.293147
0.265980 323.807188 631.129611 880.759245 1494.064281
0.269688 316.495230 617.841338 862.502431 1465.543177
0.273447 308.294649 602.641259 841.575514 1432.466348
0.277259 302.090926 592.864391 829.270616 1416.762540
0.281124 295.210215 581.237969 814.263116 1397.457516
0.285043 287.762656 567.797346 796.581065 1375.049382
0.289016 280.826442 556.395609 781.769367 1353.288022
0.293045 274.261584 545.405960 766.894368 1329.198574
0.297130 268.026615 533.498197 748.859882 1296.226637
0.301271 262.353731 523.863107 735.813515 1275.876825
0.305471 256.949950 514.966747 724.410285 1260.039779
0.309729 250.665203 503.407190 708.933458 1237.687435
0.314047 245.174107 492.360839 692.738170 1209.411246
0.318424 240.519474 483.107598 679.036197 1185.271252
0.322863 236.985216 477.405315 671.589031 1175.918495
0.327363 231.869964 467.120827 656.578553 1150.407869
0.331927 226.549631 456.865583 642.282378 1127.808326
0.336554 221.446339 447.960066 630.818035 1112.136151
0.341245 217.922778 443.738032 625.780973 1103.750854
0.346002 213.887897 437.479347 617.629501 1091.733347
0.350825 209.806834 430.446740 608.148810 1077.141785
0.355715 205.749155 423.111111 598.132969 1060.972645
0.360673 200.954432 414.744448 587.094523 1044.454292
0.365701 195.183946 403.950852 572.376027 1022.543380
0.370799 190.629074 395.320340 560.585809 1003.890503
0.375968 186.571579 387.647635 550.031250 986.990362
0.381208 182.483680 380.337528 540.143977 971.485999
0.386522 179.144689 375.549059 534.561261 961.592881
0.391910 175.848181 367.912510 522.860867 944.285685
0.397373 172.035086 361.745291 515.345808 931.744390
0.402912 169.015655 357.291051 509.225591 919.453534
0.408529 165.990993 350.852102 500.024136 905.369588
0.414223 162.162421 343.065497 489.869700 892.052439
0.419997 158.294333 336.488072 481.710013 879.362799
0.425852 155.174690 330.797160 473.729774 864.387333
0.431788 151.835366 324.365818 464.342297 848.759143
0.437807 148.954345 318.704917 456.435795 834.667596
0.443910 146.577038 315.130428 452.205994 830.325260
0.450097 142.831147 308.185309 442.977869 815.519252
0.456372 139.789449 301.953689 434.185014 798.485722
0.462733 137.912049 299.590565 431.887872 796.512215
0.469183 134.703772 293.222873 423.005772 780.268282
0.475724 132.446162 288.868895 417.314407 770.923179
0.482355 129.239852 282.307144 408.368198 758.021207
0.489079 126.695418 277.341185 401.897434 746.852055
0.495896 124.761963 273.638949 396.339647 735.459235
0.502809 122.099853 269.068058 390.422188 725.974481
0.509818 119.996663 265.237756 385.151264 714.341855
0.516924 118.101959 261.695229 380.626800 707.741194
0.524130 114.444718 255.383429 373.243270 698.034318
0.531436 112.625425 252.672729 369.836334 691.697793
0.538844 110.499447 247.836667 362.924695 680.185470
0.546355 108.718608 244.315174 357.950857 670.887330
0.553971 105.976889 239.443944 352.180093 660.992465
0.561693 104.242142 236.040167 347.626952 653.282339
0.569523 102.302756 232.835369 344.065837 644.933656
0.577461 100.146315 227.733377 336.874779 633.713254
0.585511 98.480375 224.624766 332.381273 625.074273
0.593673 96.379685 219.671211 325.950692 614.664638
0.601948 94.879288 217.443213 322.622044 607.520039
0.610339 92.769362 213.785837 318.286647 599.057046
0.618847 90.832080 210.432517 315.628639 596.995838
0.627473 89.452044 206.836966 309.792981 586.452027
0.636220 87.745860 203.831412 305.713033 577.469280
0.645088 85.798907 200.279730 301.269238 569.121789
0.654081 84.154969 196.220543 295.531698 559.958207
0.663198 82.383220 193.379497 292.894032 554.599918
0.672443 80.924569 190.112228 288.679653 548.961007
0.681816 79.267494 186.890618 283.405429 538.171062
0.691320 77.660384 183.529729 279.521647 530.909508
0.700957 76.655742 180.942112 276.076410 524.211866
0.710728 74.756870 177.898135 272.256064 516.072342
0.720635 73.693123 175.281979 269.065931 511.716992
0.730680 72.254608 172.674206 265.237136 502.923547
0.740866 70.737070 169.356963 260.848189 496.232190
0.751193 69.303886 166.306283 257.287795 489.716948
0.761664 68.048535 163.377369 253.525726 483.353964
0.772281 67.180622 161.746159 251.035942 476.627023
0.783046 65.844494 158.694389 247.132798 470.436426
0.793962 64.653764 156.627128 244.223248 465.679193
0.805029 63.289677 153.703819 241.124224 459.622151
0.816251 62.218852 151.493497 237.445668 451.575659
0.827629 60.750819 148.470480 233.862233 445.872921
0.839166 60.015429 146.784250 230.934952 441.014375
0.850863 58.979847 144.215622 227.955533 435.090038
0.862724 57.698230 141.905099 224.824260 428.227422
0.874750 56.677407 139.495828 221.728830 422.698252
0.886943 55.712204 137.459169 218.933851 417.277173
0.899307 54.616365 135.250680 215.867676 411.363090
0.911843 53.786918 132.951437 212.516588 404.243006
0.924553 52.631450 130.670578 209.357661 399.629216
0.937441 51.649453 128.624661 206.855842 394.486012
0.950508 50.798086 126.579369 204.090678 388.855883
0.963758 49.739927 124.120816 200.676865 383.375657
0.977192 49.075713 123.359958 199.014240 378.332702
0.990814 48.137974 121.028812 196.014786 373.580896
1.004625 47.236189 118.778279 192.796215 367.242432
1.018629 46.447236 117.087184 190.335300 362.055694
1.032828 45.564584 115.192844 187.973180 358.367546
1.047225 44.677713 113.519462 185.192470 352.309320
1.061823 43.972918 111.946334 182.839289 347.326474
1.076624 43.157790 110.115138 180.242975 342.274242
1.091632 42.427771 108.305346 177.884113 337.197119
1.106848 41.610404 106.413590 175.263173 332.627749
1.122277 40.861795 104.906985 172.624022 327.379944
1.137921 40.114515 103.076686 170.127782 322.608610
1.153783 39.463801 101.462476 167.703590 318.164355
1.169866 38.757441 99.929652 165.297242 313.763720
1.186174 38.040977 98.441277 163.016000 309.009404
1.202708 37.410857 96.873269 160.749202 304.370513
1.219473 36.772834 95.416568 158.589055 299.549419
1.236472 36.110238 93.942727 156.424581 295.342421
1.253708 35.498445 92.432136 153.992613 291.138011
1.271184 34.889387 91.311885 152.248237 286.688123
1.288904 34.277095 89.558440 149.644983 282.721687
1.306870 33.645520 88.148614 147.467568 278.185996
1.325087 33.117464 86.833184 145.370594 273.590726
1.343558 32.541044 85.449902 143.174079 269.378656
1.362287 32.012885 84.062998 140.880276 265.120169
1.381276 31.437981 82.761556 138.566282 260.932983
1.400531 30.914979 81.451968 136.568206 256.459253
1.420053 30.353184 80.066689 134.568819 252.269325
1.439848 29.843845 78.890551 132.349234 248.261292
1.459919 29.292469 77.587023 130.286965 243.937593
1.480269 28.858609 76.230898 128.141202 239.556148
1.500903 28.349395 75.048395 126.055057 236.013967
1.521825 27.849438 73.934304 124.207406 231.909634
1.543038 27.355539 72.710403 122.300258 228.208814
1.564548 26.931651 71.533190 120.281012 224.158896
1.586357 26.476781 70.461213 118.379674 220.229284
1.608469 25.999099 69.329255 116.466448 216.614125
1.630891 25.638707 68.078543 114.341654 212.522918
1.653624 25.159449 66.945441 112.553690 209.055689
1.676675 24.724764 65.962448 110.753556 205.132608
1.700047 24.294189 64.859133 108.822344 201.475960
1.723745 23.897258 63.737020 106.948601 197.545469
1.747773 23.462447 62.625999 105.038069 193.919028
1.772136 23.060794 61.566410 103.162351 190.446380
1.796838 22.678725 60.505311 101.368732 186.806978
1.821885 22.317745 59.462043 99.502587 183.303605
1.847281 21.928695 58.533577 97.827260 179.820994
1.873032 21.557653 57.473951 95.872926 176.429792
1.899141 21.180942 56.423438 94.183616 173.019312
1.925614 20.834346 55.469248 92.489375 169.556577
1.952456 20.534577 54.552557 90.811416 166.200459
1.979672 20.139638 53.631585 89.133138 162.941262
2.007267 19.826682 52.670973 87.308962 159.762167
2.035248 19.459861 51.679305 85.627892 156.448837
2.063618 19.127301 50.716458 83.988197 153.202716
2.092383 18.807654 49.802571 82.304484 150.053881
2.121550 18.471788 48.856818 80.664226 146.847104
2.151123 18.159059 47.953295 79.004751 143.679593
2.181109 17.840327 47.032860 77.418528 140.705620
2.211512 17.532404 46.112813 75.766889 137.521801
2.242340 17.228125 45.274577 74.223366 134.592472
2.273597 16.909899 44.392972 72.599906 131.652618
2.305289 16.636635 43.529977 71.099730 128.782222
2.337424 16.342780 42.666330 69.567043 125.949331
2.370006 16.052826 41.831238 68.097429 123.213838
2.403043 15.756925 41.011026 66.586319 120.411769
2.436540 15.490355 40.210115 65.150149 117.681201
2.470504 15.216676 39.419830 63.693908 115.013021
2.504942 14.948595 38.643149 62.301238 112.396730
2.539859 14.692496 37.845624 60.889214 109.778217
2.575263 14.417826 37.055315 59.557708 107.279371
2.611161 14.168980 36.292046 58.154705 104.764681
2.647559 13.912879 35.529536 56.789367 102.251011
2.684465 13.663644 34.808464 55.462444 99.805871
2.721885 13.402362 34.035349 54.163361 97.410054
2.759826 13.158325 33.286181 52.862568 95.069426
2.798297 12.912337 32.589211 51.605130 92.803888
2.837304 12.674203 31.872784 50.360405 90.530006
2.876854 12.435576 31.164754 49.138658 88.328492
2.916956 12.205047 30.490836 47.945372 86.135411
2.957617 11.981459 29.823441 46.794669 84.027824
2.998844 11.755310 29.169072 45.643455 81.951923
3.040646 11.534860 28.514475 44.522253 79.977110
3.083031 11.318607 27.874081 43.424406 77.990086
3.126007 11.109247 27.253625 42.349490 76.041214
3.169582 10.895542 26.624256 41.273557 74.141555
3.213764 10.687085 26.017936 40.234570 72.279935
3.258562 10.477621 25.426924 39.217785 70.448816
3.303985 10.274162 24.825110 38.214811 68.660414
3.350041 10.076208 24.237385 37.222260 66.899109
3.396739 9.873461 23.666753 36.271355 65.166984
3.444087 9.679261 23.098577 35.316049 63.491317
3.492096 9.488236 22.553553 34.405059 61.869409
3.540774 9.293778 22.018419 33.517853 60.280960
3.590130 9.108913 21.484421 32.636070 58.733057
3.640175 8.928989 20.970157 31.795707 57.214256
3.690917 8.745719 20.476691 30.957102 55.746057
3.742366 8.567789 19.971898 30.152585 54.329900
3.794533 8.397341 19.496393 29.368962 52.930861
3.847427 8.225507 19.019650 28.601620 51.580902
3.901058 8.054658 18.560157 27.858065 50.248743
3.955436 7.892268 18.105162 27.117806 48.945182
4.010573 7.726519 17.659119 26.409023 47.684118
4.066478 7.564148 17.217929 25.708383 46.438857
4.123163 7.402924 16.794314 25.024756 45.223789
4.180637 7.247855 16.376901 24.362949 44.038433
4.238913 7.092400 15.963513 23.711936 42.895683
4.298001 6.937107 15.563152 23.085463 41.772625
4.357913 6.791700 15.170564 22.477641 40.694114
4.418660 6.643658 14.793800 21.878171 39.642687
4.480254 6.499079 14.420322 21.301641 38.614662
4.542706 6.359165 14.056332 20.738599 37.615427
4.606029 6.220827 13.707532 20.196739 36.655618
4.670234 6.084814 13.363307 19.673396 35.719572
4.735335 5.952681 13.030015 19.159450 34.805761
4.801343 5.824042 12.706709 18.663071 33.913462
4.868271 5.695770 12.387442 18.177394 33.046341
4.936132 5.569768 12.074461 17.702756 32.200317
5.004939 5.445313 11.769833 17.241109 31.372456
5.074705 5.322433 11.470522 16.788188 30.566296
5.145444 5.203105 11.179038 16.351465 29.780699
5.217169 5.084658 10.893448 15.921682 29.010465
5.289893 4.970708 10.616694 15.510350 28.268201
5.363631 4.856114 10.346301 15.103531 27.543481
5.438397 4.746057 10.082152 14.712507 26.835423
5.514206 4.637619 9.825999 14.332429 26.151495
5.591071 4.530571 9.577593 13.963232 25.487641
5.669007 4.428125 9.334724 13.605873 24.845057
5.748030 4.326792 9.099711 13.257669 24.215947
5.828155 4.228000 8.870739 12.921255 23.606979
5.909396 4.131296 8.647877 12.594117 23.017533
5.991770 4.036501 8.429896 12.274044 22.442961
6.075292 3.943982 8.218288 11.963922 21.877859
6.159978 3.852579 8.010373 11.661432 21.328810
6.245845 3.763150 7.806972 11.365475 20.790195
6.332908 3.674934 7.607899 11.074697 20.262012
6.421186 3.589265 7.414090 10.791870 19.748291
6.510694 3.504711 7.224723 10.517204 19.248592
6.601449 3.422637 7.040763 10.249698 18.760760
6.693470 3.341733 6.860573 9.988086 18.284750
6.786773 3.263099 6.685734 9.734018 17.823296
6.881377 3.186655 6.516036 9.487342 17.372129
6.977300 3.111923 6.350876 9.249089 16.935108
7.074559 3.039261 6.189892 9.015129 16.509427
7.173175 2.968036 6.033791 8.789072 16.096377
7.273165 2.899032 5.881909 8.569837 15.694241
7.374549 2.831448 5.733905 8.355116 15.303241
7.477346 2.765253 5.589881 8.147308 14.921001
7.581576 2.700936 5.448569 7.943018 14.547693
7.687260 2.637576 5.310830 7.743259 14.182289
7.794416 2.575563 5.175905 7.546818 13.823351
7.903066 2.514940 5.043350 7.355054 13.471623
8.013230 2.455475 4.914918 7.169033 13.129209
8.124930 2.397395 4.789077 6.986633 12.793823
8.238187 2.340894 4.666389 6.808069 12.467018
8.353023 2.285641 4.547029 6.634606 12.148275
8.469460 2.231963 4.430935 6.465818 11.837992
8.587519 2.179632 4.317816 6.301270 11.535912
8.707225 2.128655 4.207642 6.141210 11.242337
8.828599 2.079165 4.101074 5.985663 10.955765
8.951665 2.030853 3.997344 5.833984 10.678104
9.076446 1.983997 3.896376 5.686872 10.407510
9.202967 1.938286 3.798054 5.543576 10.143656
9.331251 1.893654 3.702131 5.403270 9.886259
9.461324 0.000000 0.000000 0.000000 0.000000
9.593209 0.000000 0.000000 0.000000 0.000000
9.726934 0.000000 0.000000 0.000000 0.000000
9.862522 0.000000 0.000000 0.000000 0.000000
10.000000 0.000000 0.000000 0.000000 0.000000
