0.010000 5296.243814 9407.035030 12704.693902 20443.045254
0.010139 5321.409950 9451.493124 12758.345174 20483.582863
0.010281 5346.187427 9495.398279 12811.328753 20523.787881
0.010424 5370.575039 9538.722203 12863.591629 20563.695541
0.010569 5394.549854 9581.457752 12915.153041 20603.282194
0.010717 5418.094060 9623.544746 12965.968977 20642.566941
0.010866 5441.199052 9664.985273 13016.005010 20681.498375
0.011018 5463.835568 9705.729398 13065.236129 20720.078118
0.011171 5485.993836 9745.736925 13113.636235 20758.303862
0.011327 5507.645497 9784.980429 13161.136678 20796.091181
0.011485 5528.782669 9823.425709 13207.750349 20833.484923
0.011645 5549.375811 9861.020519 13253.416371 20870.391695
0.011807 5569.415828 9897.752016 13298.072543 20906.790936
0.011972 5588.869929 9933.545215 13341.717126 20942.623632
0.012139 5607.719602 9968.378884 13384.284929 20977.803488
0.012308 5625.956473 10002.213760 13425.729847 21012.337585
0.012479 5643.554643 10035.016143 13466.024749 21046.117354
0.012653 5660.491190 10066.723107 13505.089406 21079.094327
0.012830 5676.742072 10097.302931 13542.903675 21111.126843
0.013009 5692.289288 10126.711090 13579.373773 21142.187584
0.013190 5707.113705 10154.895416 13614.496754 21172.199597
0.013374 5721.200176 10181.838052 13648.216606 21201.047586
0.013560 5734.520173 10207.480831 13680.434642 21228.632435
0.013749 5747.049170 10231.767249 13711.122440 21254.817071
0.013941 5758.773776 10254.643529 13740.208950 21279.545716
0.014135 5769.666226 10276.104620 13767.642121 21302.649253
0.014332 5779.700718 10296.039963 13793.327433 21323.986260
0.014532 5788.854439 10314.451152 13817.209982 21343.453831
0.014735 5797.107562 10331.268081 13839.223284 21360.912304
0.014940 5804.432041 10346.410300 13859.279112 21376.228733
0.015148 5810.852725 10359.991251 13877.482726 21389.481315
0.015359 5816.318010 10371.858829 13893.651441 21400.379148
0.015573 5820.797653 10381.963036 13907.683588 21408.746787
0.015791 5824.252226 10390.202871 13919.486878 21414.341855
0.016011 5826.677877 10396.589684 13928.998989 21417.069948
0.016234 5828.043258 10401.043073 13936.146698 21416.781064
0.016460 5828.332256 10403.533824 13940.856245 21413.302281
0.016690 5827.527720 10404.022707 13943.084175 21406.545231
0.016922 5825.604359 10402.460521 13942.745758 21396.281667
0.017158 5822.550088 10398.818741 13939.797054 21382.497072
0.017397 5818.344691 10393.058942 13934.163326 21364.963034
0.017640 5812.978112 10385.153239 13925.780135 21343.558655
0.017886 5806.401739 10375.012915 13914.542218 21318.078438
0.018135 5798.621789 10362.641463 13900.426568 21288.446449
0.018388 5789.612021 10347.971401 13883.349090 21254.481557
0.018644 5779.363469 10331.017294 13863.277430 21216.122168
0.018904 5767.844884 10311.702398 13840.097832 21173.191570
0.019167 5755.053443 10290.001458 13813.820258 21125.590520
0.019435 5740.978245 10265.910123 13784.363197 21073.169412
0.019706 5725.595249 10239.383786 13751.687027 21015.877998
0.019980 5708.905789 10210.419159 13715.722313 20953.616213
0.020259 5690.898064 10178.998206 13676.503227 20886.330456
0.020541 5671.571454 10145.119750 13633.972725 20813.917802
0.020828 5650.926389 10108.755648 13588.095425 20736.343506
0.021118 5628.953212 10069.928243 13538.878185 20653.555836
0.021412 5605.751618 10028.771438 13486.452269 20565.688644
0.021711 5581.813879 9985.990971 13431.586627 20473.402005
0.022013 5556.558528 9940.729529 13373.358009 20375.805319
0.022320 5529.986193 9893.018672 13311.747539 20272.918403
0.022631 5502.083382 9842.840559 13246.737633 20164.691249
0.022947 5472.857886 9790.196171 13178.332526 20051.142407
0.023267 5442.311466 9735.096117 13106.548004 19932.241890
0.023591 5410.454006 9677.554496 13031.380577 19808.017491
0.023920 5377.297442 9617.606171 12952.858786 19678.512094
0.024253 5342.841614 9555.264001 12871.012375 19543.794156
0.024591 5307.111657 9490.568666 12785.882510 19403.936290
0.024934 5270.136764 9423.568270 12697.542263 19259.015107
0.025282 5231.925945 9354.296968 12606.034963 19109.142822
0.025634 5192.517521 9282.821683 12511.404933 18954.445779
0.025991 5151.939725 9209.191246 12413.769285 18795.064194
0.026354 5110.226860 9133.503414 12313.235715 18631.173027
0.026721 5067.433422 9055.819485 12209.892171 18462.949919
0.027094 5023.596747 8976.244503 12103.858101 18290.617156
0.027471 4978.752158 8894.839891 11995.243315 18114.314599
0.027854 4932.874464 8811.571732 11884.035087 17934.089170
0.028242 4885.738830 8726.161775 11769.893068 17749.747469
0.028636 4837.691336 8639.086526 11653.390248 17561.888228
0.029035 4788.749182 8550.428651 11534.638305 17370.647008
0.029440 4738.969906 8460.259555 11413.728684 17176.244345
0.029850 4688.390878 8368.651527 11290.753050 16978.838107
0.030266 4637.051483 8275.711136 11165.874943 16778.701829
0.030688 4585.019315 8181.532580 11039.227197 16576.014306
0.031116 4532.344823 8086.221976 10910.952878 16371.048230
0.031550 4479.090529 7989.912497 10781.194972 16164.096257
0.031990 4425.331023 7892.710700 10650.157735 15955.428859
0.032436 4371.137843 7794.777450 10518.034933 15745.388133
0.032888 4316.598603 7696.247956 10385.020023 15534.262074
0.033346 4261.806918 7597.299512 10251.347015 15322.420047
0.033811 4206.856353 7498.109995 10117.262754 15110.291350
0.034282 4151.835395 7398.832608 9982.982913 14898.177615
0.034760 4096.700727 7299.687794 9849.154803 14688.018410
0.035245 4041.607185 7200.664342 9715.405343 14478.362403
0.035736 3986.603940 7101.841648 9581.858854 14269.348092
0.036234 3931.736118 7003.308865 9448.644271 14061.173859
0.036739 3877.059882 6905.159851 9315.887979 13854.056216
0.037251 3822.634379 6807.502234 9183.736238 13648.219300
0.037771 3768.513698 6710.436232 9052.340854 13443.894794
0.038297 3714.769973 6614.079854 8921.849984 13241.311534
0.038831 3661.459225 6518.552767 8792.438701 13040.736699
0.039372 3608.659519 6423.986366 8664.281431 12842.403613
0.039921 3556.444848 6330.514706 8537.557043 12646.604409
0.040478 3504.888141 6238.221170 8412.372507 12453.422918
0.041042 3453.912768 6146.517773 8287.396835 12259.342047
0.041614 3403.781216 6056.355937 8164.482517 12068.743846
0.042194 3354.584241 5967.919600 8043.883958 11881.969755
0.042782 3306.391453 5881.314928 7925.736917 11699.225404
0.043379 3259.239311 5796.610632 7810.155238 11520.683514
0.043983 3213.156207 5713.859129 7697.186225 11346.392326
0.044596 3168.160471 5633.087534 7586.898063 11176.429198
0.045218 3124.280418 5554.346902 7479.340228 11010.859832
0.045848 3081.541307 5477.672055 7374.560768 10849.789315
0.046487 3039.957339 5403.093648 7272.624570 10693.219708
0.047135 2999.643769 5331.482011 7175.373428 10545.804770
0.047792 2960.583617 5262.520793 7082.118721 10405.685930
0.048459 2922.730885 5195.730425 6991.794986 10270.158562
0.049134 2886.103595 5131.145071 6904.421124 10139.252318
0.049819 2850.711723 5068.763692 6820.014735 10012.971957
0.050513 2816.532212 5008.559116 6738.548656 9891.234805
0.051218 2783.542996 4950.482084 6659.949044 9773.952051
0.051931 2751.716005 4894.494334 6584.156108 9661.019747
0.052655 2721.021169 4840.525538 6511.089763 9552.312870
0.053389 2691.196807 4787.711641 6439.161683 9444.344422
0.054134 2662.163169 4735.815905 6367.976840 9336.319714
0.054888 2634.119928 4685.707236 6299.206438 9232.050677
0.055653 2607.018131 4637.274438 6232.714009 9131.333109
0.056429 2580.767976 4590.367417 6168.289661 9033.829725
0.057216 2555.291716 4544.837234 6105.736893 8939.213406
0.058013 2530.479802 4500.496152 6044.800108 8847.178257
0.058822 2506.299505 4457.289517 5985.430443 8757.628308
0.059642 2482.755960 4415.500255 5928.281146 8672.289039
0.060473 2459.988628 4375.838143 5874.792286 8594.518832
0.061316 2437.497073 4336.643169 5821.939876 8517.781975
0.062171 2415.113767 4297.606260 5769.296043 8441.415804
0.063038 2392.760926 4258.597378 5716.700928 8365.170178
0.063916 2370.300307 4219.373206 5663.830676 8288.592258
0.064807 2347.640608 4179.771678 5610.475654 8211.383969
0.065711 2324.614290 4139.495769 5556.237586 8132.971216
0.066627 2300.038079 4094.729389 5494.184282 8038.197368
0.067555 2274.820708 4048.747849 5430.482088 7940.942474
0.068497 2248.898814 4001.478473 5365.089992 7841.286291
0.069452 2222.142865 3952.715916 5297.718683 7738.805670
0.070420 2194.462314 3902.274546 5228.145035 7633.172359
0.071402 2165.767909 3850.006319 5156.165037 7524.090102
0.072397 2136.223989 3796.447804 5082.779842 7413.964543
0.073406 2105.811748 3741.611167 5008.072309 7303.075974
0.074429 2074.186437 3684.581174 4930.471044 7187.984906
0.075467 2041.306458 3625.290361 4849.875983 7068.561810
0.076519 2007.157132 3563.723525 4766.269593 6944.768973
0.077585 1971.756551 3499.900746 4679.689734 6816.647236
0.078667 1935.888027 3436.223522 4594.333678 6692.842283
0.079763 1900.072980 3374.233552 4512.879458 6578.743303
0.080875 1863.104463 3310.108199 4428.534317 6460.280240
0.082003 1825.073752 3244.004316 4341.512910 6337.750574
0.083146 1786.101548 3176.127132 4252.082162 6211.526529
0.084305 1746.316250 3106.714245 4160.562936 6082.066399
0.085480 1705.281365 3034.036476 4063.720759 5942.480232
0.086671 1663.507793 2959.544273 3964.011807 5797.582009
0.087880 1621.476685 2884.563828 3863.658896 5651.673443
0.089105 1579.391547 2809.455963 3763.151700 5505.481265
0.090347 1537.460235 2734.595079 3662.988915 5359.743145
0.091606 1496.576886 2662.512953 3567.411572 5222.696115
0.092883 1456.879076 2593.321619 3476.468086 5094.153580
0.094178 1417.921639 2525.370003 3387.127866 4967.761817
0.095490 1379.925504 2459.052274 3299.929720 4844.314278
0.096822 1343.077674 2394.718889 3215.338529 4724.507284
0.098171 1307.881197 2333.713223 3135.587690 4612.634587
0.099540 1274.294981 2275.673096 3059.914415 4506.921402
0.100927 1242.345087 2220.488492 2988.013625 4406.568932
0.102334 1212.150687 2168.377070 2920.194580 4312.049907
0.103761 1183.248639 2117.864782 2853.871553 4218.232262
0.105207 1154.181636 2064.562301 2781.543391 4110.436198
0.106673 1127.171082 2015.017143 2714.336317 4010.305682
0.108160 1102.195696 1969.184536 2652.182891 3917.740721
0.109668 1079.222535 1926.999256 2594.987544 3832.586564
0.111197 1058.258311 1888.625875 2542.973695 3754.682277
0.112747 1039.120253 1853.580759 2495.482769 3683.535449
0.114318 1021.664771 1821.597060 2452.150889 3618.623071
0.115912 1005.723648 1792.362753 2412.557681 3559.311012
0.117528 991.612914 1766.924439 2378.462398 3508.793230
0.119166 978.631799 1743.574809 2347.230087 3462.616099
0.120827 966.485013 1721.742080 2318.059619 3419.532852
0.122511 954.868014 1700.833963 2290.121406 3378.325412
0.124219 943.052949 1679.181164 2260.973648 3335.322808
0.125951 931.267540 1657.598629 2231.923718 3292.494444
0.127706 919.235583 1635.591219 2202.300655 3248.853887
0.129487 906.945227 1613.252479 2172.226480 3204.286670
0.131292 894.201562 1590.255121 2141.251908 3158.078274
0.133122 880.506174 1565.563749 2107.989649 3108.513907
0.134977 865.719077 1538.963849 2072.178941 3055.332588
0.136859 850.739943 1513.634360 2039.889814 3012.489389
0.138766 834.448177 1485.918433 2004.316149 2964.678993
0.140701 816.840727 1455.805934 1965.431399 2911.847848
0.142662 798.903036 1425.585807 1926.473320 2858.353189
0.144651 780.097643 1393.903975 1885.495917 2801.575639
0.146667 760.277851 1360.310138 1841.831089 2740.657135
0.148711 738.179661 1321.232890 1789.809086 2666.077613
0.150784 714.625178 1278.629438 1732.392662 2582.640254
0.152886 690.982153 1235.888132 1674.761011 2498.801193
0.155018 669.304017 1198.518490 1625.848115 2430.796016
0.157178 649.299026 1165.358366 1583.574532 2374.518112
0.159369 629.970261 1133.282465 1542.629805 2319.924231
0.161591 612.138542 1104.184673 1505.819527 2271.394488
0.163843 595.716450 1077.675951 1472.494628 2227.895069
0.166127 580.641103 1053.481405 1442.207582 2188.734934
0.168443 564.342348 1024.740587 1404.125390 2135.405573
0.170791 549.392105 998.182079 1368.818127 2085.907924
0.173172 536.471372 975.572108 1338.998426 2044.563224
0.175586 526.548239 959.412295 1318.394008 2016.769165
0.178033 518.045464 945.844593 1301.329655 1994.359320
0.180515 509.116775 929.562819 1278.873385 1960.392334
0.183031 500.220935 912.205282 1253.951421 1920.676051
0.185583 492.137932 896.524048 1231.547310 1885.305879
0.188169 484.677578 882.949339 1213.255095 1859.200127
0.190792 477.313004 869.573114 1195.234235 1833.487452
0.193452 469.235145 854.678568 1175.132498 1805.381024
0.196149 460.486258 838.500455 1153.264386 1774.806777
0.198883 452.057014 823.583982 1133.377046 1747.090724
0.201655 444.278242 810.818909 1116.799558 1724.192209
0.204466 435.426350 795.909549 1097.122846 1696.283568
0.207316 425.102913 777.335784 1071.637523 1658.222155
0.210206 413.928261 757.180290 1043.955375 1616.708670
0.213136 405.563645 746.036466 1031.539100 1603.037388
0.216107 396.831272 734.253126 1018.273407 1588.082892
0.219120 385.563309 716.004871 995.383592 1559.212346
0.222174 373.880610 696.489578 970.487265 1527.170584
0.225271 363.121214 679.180752 948.954739 1500.274223
0.228411 353.171649 663.463464 929.658375 1476.633750
0.231595 344.323651 648.976385 910.802465 1449.821561
0.234823 336.525315 636.135781 893.785539 1424.517642
0.238097 327.898914 620.431067 872.239493 1392.550811
0.241416 319.901000 605.584985 851.759026 1362.313489
0.244781 312.216537 591.445476 832.505575 1333.733382
0.248193 305.364975 578.928176 815.541985 1308.641305
0.251653 301.498956 572.871487 807.516249 1296.592936
0.255161 297.125054 565.462538 797.523905 1281.772454
0.258717 290.218074 552.010281 778.835679 1254.375201
0.262324 284.595252 541.966355 765.338555 1235.190650
0.265980 280.200666 535.313823 757.043887 1224.241163
0.269688 273.971968 524.480702 742.676252 1203.239697
0.273447 266.902087 511.870541 725.780748 1178.164445
0.277259 261.503953 503.769802 716.185860 1167.207539
0.281124 255.440870 493.955429 704.046754 1152.949260
0.285043 248.853204 482.562415 689.530058 1136.018361
0.289016 242.636210 472.793161 677.382647 1119.583726
0.293045 236.681395 463.251142 664.978461 1100.843791
0.297130 231.021818 452.928937 649.767262 1074.445279
0.301271 225.874472 444.581854 638.951487 1058.721467
0.305471 221.001373 436.909897 629.590294 1046.735622
0.309729 215.418817 426.982515 616.579042 1028.896246
0.314047 210.574874 417.602843 603.095403 1006.413703
0.318424 206.506892 409.807369 591.817888 987.403654
0.322863 203.414544 404.941631 585.776944 980.294889
0.327363 199.033923 396.331291 573.312470 959.929044
0.331927 194.499826 387.770031 561.476657 942.002944
0.336554 190.118208 380.270436 551.977790 929.654946
0.341245 187.070545 376.750004 548.107320 923.348201
0.346002 183.573321 371.467966 541.449359 914.061662
0.350825 179.999891 365.462844 533.507014 902.376488
0.355715 176.402270 359.124227 524.960488 889.073053
0.360673 172.153247 351.880114 515.472252 875.592179
0.365701 167.085614 342.569357 502.650863 857.380112
0.370799 163.041692 335.043266 492.295833 841.657304
0.375968 159.450294 328.355092 483.011297 827.305658
0.381208 155.893015 322.086169 474.430067 814.282818
0.386522 153.022785 318.074660 469.820590 806.324436
0.391910 150.157935 311.458573 459.444785 791.616210
0.397373 146.896653 306.195276 452.878526 780.878043
0.402912 144.319083 302.417230 447.552130 770.435871
0.408529 141.740356 296.963491 439.521604 758.686118
0.414223 138.463068 290.342239 430.593931 747.488439
0.419997 135.133080 284.719791 423.359357 736.653002
0.425852 132.427025 279.833507 416.245910 723.908074
0.431788 129.526294 274.301726 407.804078 710.471778
0.437807 126.999946 269.337606 400.499645 698.021586
0.443910 124.935833 266.239162 396.566582 693.984839
0.450097 121.726258 260.315212 388.266763 681.322085
0.456372 119.123947 254.967145 380.274747 666.637074
0.462733 117.540398 252.965931 378.053287 664.684872
0.469183 114.820969 247.577722 370.077373 650.939775
0.475724 112.935480 243.897541 364.819123 642.715175
0.482355 110.219355 238.355985 356.710198 631.589551
0.489079 108.043384 234.096520 350.710349 621.910909
0.495896 106.397372 230.911552 345.456653 611.944138
0.502809 104.128550 227.015017 339.926656 603.654889
0.509818 102.339472 223.730974 334.932108 593.543351
0.516924 100.730629 220.683277 330.539442 587.597498
0.524130 97.635382 215.358945 323.763186 579.233290
0.531436 96.128392 213.144051 320.514574 573.729813
0.538844 94.347463 209.003577 314.030372 563.798799
0.546355 92.859360 206.037702 309.315223 555.777441
0.553971 90.545968 201.905642 303.898646 547.304836
0.561693 89.101536 199.036250 299.545254 540.710653
0.569523 87.480485 196.330019 296.050144 533.519184
0.577461 85.669067 191.998845 289.345529 523.886509
0.585511 84.284901 189.408575 285.099945 516.572909
0.593673 82.538977 185.225118 279.101889 507.670842
0.601948 81.296131 183.340870 275.769655 501.551186
0.610339 79.538682 180.289547 271.690983 494.509314
0.618847 77.936111 177.494014 269.015726 492.752533
0.627473 76.797714 174.429959 263.503501 483.857387
0.636220 75.381720 171.944753 259.710194 476.532270
0.645088 73.759232 168.966891 255.482279 469.441133
0.654081 72.394251 165.543295 250.169646 461.802575
0.663198 70.915997 163.125898 247.499790 457.342033
0.672443 69.710417 160.398771 243.546185 452.711677
0.681816 68.329330 157.705157 238.691517 443.850429
0.691320 66.995897 154.878266 235.039194 437.871227
0.700957 66.191577 152.711004 231.769174 432.440080
0.710728 64.598564 150.207955 228.262472 425.825881
0.720635 63.739012 148.011751 225.241997 422.390905
0.730680 62.556253 145.882754 221.735385 415.264513
0.740866 61.297806 143.128984 217.783242 410.072924
0.751193 60.120148 140.597459 214.565360 404.912459
0.761664 59.091623 138.167067 211.139895 399.913286
0.772281 58.400592 136.871151 208.870265 394.702210
0.783046 57.300202 134.349282 205.377581 389.946287
0.793962 56.326183 132.695043 202.766124 386.231459
0.805029 55.196768 130.276640 200.040419 381.607395
0.816251 54.318296 128.487623 196.846227 375.298428
0.827629 53.095276 126.000112 193.715220 370.970174
0.839166 52.505074 124.635294 191.085563 367.237587
0.850863 51.653210 122.555702 188.554017 362.770342
0.862724 50.586183 120.666452 185.836403 357.417587
0.874750 49.743517 118.688167 183.184964 353.238440
0.886943 48.949530 117.060637 180.802201 349.256878
0.899307 48.029955 115.275106 178.201043 344.697019
0.911843 47.357327 113.396016 175.371186 339.168972
0.924553 46.384729 111.568612 172.725697 335.758386
0.937441 45.559139 109.906667 170.625535 331.920569
0.950508 44.855452 108.236081 168.311417 327.626873
0.963758 43.961293 106.253133 165.493451 323.434717
0.977192 43.406285 105.707998 164.105059 319.645089
0.990814 42.618957 103.796472 161.610757 316.026101
1.004625 41.852175 101.965646 158.984227 311.178759
1.018629 41.195024 100.630013 156.965408 307.202044
1.032828 40.439429 99.097638 155.052822 304.435318
1.047225 39.681855 97.759020 152.767599 299.721039
1.061823 39.089203 96.514812 150.871625 295.986034
1.076624 38.392142 95.054701 148.784816 292.107036
1.091632 37.780170 93.593341 146.893416 288.162248
1.106848 37.076893 92.056594 144.774489 284.640011
1.122277 36.434976 90.874695 142.618583 280.517944
1.137921 35.793271 89.380326 140.602579 276.812659
1.153783 35.233129 88.097074 138.679088 273.366072
1.169866 34.633898 86.886886 136.745595 270.005091
1.186174 34.015208 85.705683 134.892894 266.230011
1.202708 33.471481 84.441122 133.096489 262.629661
1.219473 32.923147 83.273717 131.380904 258.731965
1.236472 32.346527 82.096536 129.645372 255.430356
1.253708 31.817343 80.872825 127.639025 252.012550
1.271184 31.289610 79.993062 126.259288 248.491297
1.288904 30.754661 78.540360 124.154802 245.313987
1.306870 30.202592 77.405724 122.370543 241.574887
1.325087 29.740859 76.338085 120.697590 237.811313
1.343558 29.236622 75.204776 118.906586 234.384598
1.362287 28.771354 74.067087 117.035743 230.846481
1.381276 28.263340 73.004029 115.119763 227.362327
1.400531 27.800762 71.930040 113.496476 223.643207
1.420053 27.305090 70.767377 111.870450 220.112095
1.439848 26.851782 69.805513 110.036795 216.773997
1.459919 26.363703 68.726910 108.343382 213.128324
1.480269 25.979963 67.581392 106.564785 209.386508
1.500903 25.527244 66.608003 104.841882 206.416458
1.521825 25.079637 65.665838 103.319355 202.915026
1.543038 24.639512 64.633970 101.746635 199.769353
1.564548 24.259621 63.643053 100.073937 196.284570
1.586357 23.849749 62.732778 98.489680 192.903383
1.608469 23.419492 61.765662 96.887057 189.794057
1.630891 23.095370 60.691114 95.110035 186.219856
1.653624 22.664198 59.712588 93.632491 183.227838
1.676675 22.270836 58.866494 92.132397 179.819177
1.700047 21.881967 57.921307 90.530854 176.664070
1.723745 21.529370 56.946564 88.983275 173.250270
1.747773 21.133699 55.981967 87.396566 170.067087
1.772136 20.770196 55.062204 85.839912 167.055921
1.796838 20.426654 54.132536 84.352701 163.876399
1.821885 20.103925 53.224348 82.810116 160.836764
1.847281 19.746872 52.408869 81.433920 157.804091
1.873032 19.412279 51.485783 79.817219 154.845918
1.899141 19.074289 50.556672 78.433854 151.864566
1.925614 18.760593 49.715893 77.049359 148.827958
1.952456 18.490382 48.908100 75.686120 145.913042
1.979672 18.130650 48.096988 74.311585 143.059735
2.007267 17.844907 47.247574 72.821634 140.304133
2.035248 17.515313 46.366846 71.460300 137.404007
2.063618 17.211800 45.508790 70.125798 134.569982
2.092383 16.923857 44.698331 68.764262 131.818952
2.121550 16.619260 43.857921 67.447332 129.057139
2.151123 16.335625 43.061803 66.114620 126.294146
2.181109 16.046984 42.236912 64.848204 123.716542
2.211512 15.769620 41.422568 63.530409 120.962522
2.242340 15.493927 40.680718 62.312673 118.436719
2.273597 15.205929 39.903081 61.027912 115.903845
2.305289 14.958467 39.136548 59.847812 113.432777
2.337424 14.694851 38.370603 58.646455 111.007755
2.370006 14.433097 37.634371 57.496038 108.657277
2.403043 14.164925 36.911325 56.317204 106.260676
2.436540 13.924246 36.205187 55.203212 103.924885
2.470504 13.677506 35.506863 54.072149 101.652373
2.504942 13.435581 34.824300 52.997229 99.428920
2.539859 13.204732 34.119806 51.907434 97.190175
2.575263 12.956286 33.421991 50.889717 95.076032
2.611161 12.732503 32.757387 49.808959 92.946030
2.647559 12.502782 32.090047 48.764736 90.820400
2.684465 12.278195 31.462620 47.753279 88.764058
2.721885 12.044340 30.786153 46.767365 86.753187
2.759826 11.825586 30.134963 45.779959 84.788467
2.798297 11.605246 29.529744 44.822865 82.894198
2.837304 11.392245 28.907427 43.881347 80.998668
2.876854 11.178970 28.293869 42.958966 79.166255
2.916956 10.972918 27.713144 42.058233 77.336413
2.957617 10.772671 27.135242 41.192615 75.584217
2.998844 10.570786 26.572121 40.323700 73.860185
3.040646 10.373400 26.006645 39.473526 72.226890
3.083031 10.180192 25.453077 38.644648 70.579097
3.126007 9.992704 24.920479 37.831078 68.963132
3.169582 9.802038 24.376157 37.010573 67.389356
3.213764 9.615369 23.853535 36.221362 65.849718
3.258562 9.428484 23.346449 35.447669 64.335952
3.303985 9.247042 22.827261 34.680004 62.857865
3.350041 9.070840 22.321019 33.922345 61.402210
3.396739 8.890423 21.829698 33.193515 59.969079
3.444087 8.717499 21.340815 32.454213 58.586946
3.492096 8.547744 20.871836 31.752573 57.248157
3.540774 8.374247 20.409769 31.065280 55.934432
3.590130 8.210091 19.949811 30.377670 54.656291
3.640175 8.049440 19.504978 29.723283 53.399983
3.690917 7.886215 19.080117 29.058300 52.180642
3.742366 7.727867 18.641232 28.425508 51.005035
3.794533 7.575785 18.228303 27.803092 49.838298
3.847427 7.422298 17.813162 27.188377 48.713577
3.901058 7.269781 17.411665 26.589600 47.595556
3.955436 7.125312 17.013867 25.987469 46.499945
4.010573 6.976678 16.622125 25.409958 45.440494
4.066478 6.831510 16.233414 24.832965 44.386142
4.123163 6.687460 15.860267 24.266012 43.354575
4.180637 6.549384 15.492355 23.714804 42.345428
4.238913 6.410668 15.125588 23.167202 41.370401
4.298001 6.272008 14.769640 22.638222 40.406657
4.357913 6.142439 14.419819 22.120169 39.479662
4.418660 6.010331 14.083394 21.604218 38.571975
4.480254 5.881116 13.748982 21.105096 37.677572
4.542706 5.756189 13.421328 20.613756 36.805685
4.606029 5.632315 13.106890 20.136188 35.963216
4.670234 5.510571 12.794770 19.673845 35.137855
4.735335 5.392361 12.491896 19.214134 34.326607
4.801343 5.277129 12.197187 18.766360 33.528172
4.868271 5.161969 11.904131 18.323675 32.747799
4.936132 5.049139 11.615980 17.887437 31.981197
5.004939 4.937306 11.334463 17.459964 31.225579
5.074705 4.827066 11.057510 17.036962 30.486556
5.145444 4.720222 10.786637 16.625897 29.760117
5.217169 4.613811 10.520310 16.218788 29.044890
5.289893 4.511873 10.261731 15.827735 28.351176
5.363631 4.409289 10.008277 15.435059 27.669510
5.438397 4.310756 9.760080 15.056820 26.999071
5.514206 4.213767 9.518759 14.685845 26.347363
5.591071 4.117815 9.284097 14.323428 25.710256
5.669007 4.026186 9.054327 13.970137 25.091206
5.748030 3.935440 8.830574 13.623645 24.479493
5.828155 3.846984 8.612439 13.286713 23.884037
5.909396 3.760389 8.399484 12.956803 23.304186
5.991770 3.675457 8.190764 12.631975 22.735347
6.075292 3.592495 7.987378 12.315426 22.170657
6.159978 3.510558 7.786944 12.004690 21.618782
6.245845 3.430591 7.590846 11.699688 21.076912
6.332908 3.351625 7.398652 11.398627 20.541454
6.421186 3.274971 7.211401 11.104505 20.018224
6.510694 3.199487 7.028217 10.818013 19.507052
6.601449 3.126282 6.850132 10.538008 19.005582
6.693470 3.054148 6.675775 10.263620 18.514521
6.786773 2.984196 6.506291 9.996256 18.037074
6.881377 2.916192 6.341783 9.736138 17.568369
6.977300 2.849724 6.181683 9.484344 17.112114
7.074559 2.785205 6.025611 9.236650 16.666424
7.173175 2.721949 5.874170 8.996516 16.232657
7.273165 2.660757 5.727636 8.763329 15.809305
7.374549 2.600716 5.583001 8.534981 15.396394
7.477346 2.541975 5.443104 8.313423 14.991231
7.581576 2.484897 5.305773 8.095400 14.594790
7.687260 2.428661 5.171998 7.882352 14.206099
7.794416 2.373647 5.041228 7.672907 13.824089
7.903066 2.319945 4.912624 7.468600 13.449617
8.013230 2.267303 4.788214 7.270499 13.084767
8.124930 2.215910 4.666475 7.076658 12.727479
8.238187 2.165993 4.547971 6.887313 12.379131
8.353023 2.117182 4.432771 6.703422 12.039538
8.469460 2.069821 4.320920 6.524971 11.709337
8.587519 2.023710 4.212027 6.351256 11.387911
8.707225 1.978778 4.106163 6.182718 11.075671
8.828599 1.935164 4.003835 6.019201 10.771240
8.951665 1.892552 3.904364 5.859943 10.476724
9.076446 1.851275 3.807561 5.705790 10.189713
9.202967 1.810934 3.713358 5.555964 9.910302
9.331251 1.771523 3.621531 5.409532 9.638129
9.461324 0.000000 0.000000 0.000000 0.000000
9.593209 0.000000 0.000000 0.000000 0.000000
9.726934 0.000000 0.000000 0.000000 0.000000
9.862522 0.000000 0.000000 0.000000 0.000000
10.000000 0.000000 0.000000 0.000000 0.000000
