 1.000000e-02  5.877358e+03  1.065914e+04  1.435399e+04  2.121734e+04 
 1.013939e-02  5.905272e+03  1.070959e+04  1.442183e+04  2.131722e+04 
 1.028073e-02  5.932586e+03  1.075894e+04  1.448824e+04  2.141488e+04 
 1.042404e-02  5.959307e+03  1.080719e+04  1.455310e+04  2.151035e+04 
 1.056935e-02  5.985410e+03  1.085437e+04  1.461642e+04  2.160356e+04 
 1.071668e-02  6.010870e+03  1.090039e+04  1.467818e+04  2.169451e+04 
 1.086606e-02  6.035649e+03  1.094518e+04  1.473833e+04  2.178302e+04 
 1.101753e-02  6.059709e+03  1.098865e+04  1.479669e+04  2.186884e+04 
 1.117111e-02  6.082943e+03  1.103055e+04  1.485305e+04  2.195162e+04 
 1.132683e-02  6.105384e+03  1.107098e+04  1.490743e+04  2.203147e+04 
 1.148472e-02  6.127128e+03  1.111016e+04  1.496006e+04  2.210880e+04 
 1.164481e-02  6.148154e+03  1.114808e+04  1.501094e+04  2.218369e+04 
 1.180713e-02  6.168412e+03  1.118461e+04  1.505997e+04  2.225580e+04 
 1.197171e-02  6.187869e+03  1.121972e+04  1.510699e+04  2.232480e+04 
 1.213859e-02  6.206462e+03  1.125326e+04  1.515192e+04  2.239056e+04 
 1.230780e-02  6.224168e+03  1.128515e+04  1.519469e+04  2.245329e+04 
 1.247936e-02  6.240982e+03  1.131538e+04  1.523529e+04  2.251289e+04 
 1.265332e-02  6.256872e+03  1.134397e+04  1.527360e+04  2.256911e+04 
 1.282970e-02  6.271814e+03  1.137082e+04  1.530947e+04  2.262173e+04 
 1.300854e-02  6.285797e+03  1.139594e+04  1.534296e+04  2.267082e+04 
 1.318987e-02  6.298799e+03  1.141927e+04  1.537411e+04  2.271631e+04 
 1.337373e-02  6.310810e+03  1.144079e+04  1.540291e+04  2.275827e+04 
 1.356015e-02  6.321831e+03  1.146050e+04  1.542927e+04  2.279669e+04 
 1.374917e-02  6.331792e+03  1.147831e+04  1.545304e+04  2.283131e+04 
 1.394083e-02  6.340665e+03  1.149412e+04  1.547408e+04  2.286194e+04 
 1.413516e-02  6.348414e+03  1.150791e+04  1.549249e+04  2.288859e+04 
 1.433219e-02  6.355019e+03  1.151963e+04  1.550810e+04  2.291110e+04 
 1.453198e-02  6.360479e+03  1.152927e+04  1.552088e+04  2.292937e+04 
 1.473454e-02  6.364801e+03  1.153681e+04  1.553081e+04  2.294342e+04 
 1.493993e-02  6.367936e+03  1.154219e+04  1.553780e+04  2.295320e+04 
 1.514819e-02  6.369757e+03  1.154523e+04  1.554160e+04  2.295840e+04 
 1.535935e-02  6.370300e+03  1.154596e+04  1.554233e+04  2.295903e+04 
 1.557345e-02  6.369594e+03  1.154442e+04  1.554003e+04  2.295511e+04 
 1.579053e-02  6.367611e+03  1.154059e+04  1.553467e+04  2.294658e+04 
 1.601064e-02  6.364317e+03  1.153438e+04  1.552615e+04  2.293328e+04 
 1.623382e-02  6.359689e+03  1.152573e+04  1.551432e+04  2.291522e+04 
 1.646012e-02  6.353729e+03  1.151465e+04  1.549917e+04  2.289238e+04 
 1.668956e-02  6.346414e+03  1.150112e+04  1.548075e+04  2.286465e+04 
 1.692220e-02  6.337731e+03  1.148512e+04  1.545896e+04  2.283192e+04 
 1.715809e-02  6.327675e+03  1.146662e+04  1.543380e+04  2.279420e+04 
 1.739726e-02  6.316211e+03  1.144556e+04  1.540518e+04  2.275129e+04 
 1.763977e-02  6.303317e+03  1.142189e+04  1.537310e+04  2.270323e+04 
 1.788566e-02  6.288991e+03  1.139563e+04  1.533751e+04  2.265004e+04 
 1.813498e-02  6.273222e+03  1.136675e+04  1.529842e+04  2.259173e+04 
 1.838777e-02  6.255990e+03  1.133523e+04  1.525574e+04  2.252821e+04 
 1.864409e-02  6.237286e+03  1.130104e+04  1.520947e+04  2.245941e+04 
 1.890397e-02  6.217101e+03  1.126416e+04  1.515957e+04  2.238521e+04 
 1.916748e-02  6.195423e+03  1.122457e+04  1.510603e+04  2.230554e+04 
 1.943467e-02  6.172248e+03  1.118226e+04  1.504881e+04  2.222036e+04 
 1.970558e-02  6.147577e+03  1.113726e+04  1.498796e+04  2.212981e+04 
 1.998026e-02  6.121407e+03  1.108952e+04  1.492346e+04  2.203392e+04 
 2.025878e-02  6.093713e+03  1.103905e+04  1.485524e+04  2.193251e+04 
 2.054117e-02  6.064503e+03  1.098579e+04  1.478330e+04  2.182563e+04 
 2.082751e-02  6.033791e+03  1.092981e+04  1.470771e+04  2.171337e+04 
 2.111783e-02  6.001580e+03  1.087113e+04  1.462844e+04  2.159565e+04 
 2.141220e-02  5.967965e+03  1.080985e+04  1.454569e+04  2.147270e+04 
 2.171068e-02  5.933497e+03  1.074683e+04  1.446038e+04  2.134553e+04 
 2.201331e-02  5.897519e+03  1.068111e+04  1.437143e+04  2.121303e+04 
 2.232016e-02  5.860065e+03  1.061272e+04  1.427888e+04  2.107515e+04 
 2.263130e-02  5.821172e+03  1.054170e+04  1.418279e+04  2.093197e+04 
 2.294676e-02  5.780841e+03  1.046807e+04  1.408320e+04  2.078355e+04 
 2.326663e-02  5.739084e+03  1.039187e+04  1.398013e+04  2.063009e+04 
 2.359095e-02  5.695917e+03  1.031311e+04  1.387364e+04  2.047168e+04 
 2.391980e-02  5.651354e+03  1.023182e+04  1.376374e+04  2.030825e+04 
 2.425323e-02  5.605414e+03  1.014804e+04  1.365049e+04  2.013978e+04 
 2.459130e-02  5.558151e+03  1.006186e+04  1.353403e+04  1.996658e+04 
 2.493409e-02  5.509597e+03  9.973357e+03  1.341443e+04  1.978876e+04 
 2.528166e-02  5.459789e+03  9.882587e+03  1.329178e+04  1.960647e+04 
 2.563407e-02  5.408741e+03  9.789579e+03  1.316611e+04  1.941971e+04 
 2.599140e-02  5.356485e+03  9.694384e+03  1.303750e+04  1.922861e+04 
 2.635371e-02  5.303077e+03  9.597098e+03  1.290611e+04  1.903336e+04 
 2.672106e-02  5.248571e+03  9.497822e+03  1.277204e+04  1.883422e+04 
 2.709354e-02  5.193014e+03  9.396640e+03  1.263541e+04  1.863133e+04 
 2.747121e-02  5.136448e+03  9.293644e+03  1.249635e+04  1.842480e+04 
 2.785414e-02  5.078866e+03  9.188843e+03  1.235486e+04  1.821478e+04 
 2.824241e-02  5.020084e+03  9.081997e+03  1.221076e+04  1.800123e+04 
 2.863610e-02  4.960449e+03  8.973632e+03  1.206459e+04  1.778467e+04 
 2.903527e-02  4.900033e+03  8.863851e+03  1.191655e+04  1.756532e+04 
 2.944000e-02  4.838918e+03  8.752791e+03  1.176679e+04  1.734344e+04 
 2.985038e-02  4.777160e+03  8.640572e+03  1.161547e+04  1.711924e+04 
 3.026648e-02  4.714822e+03  8.527296e+03  1.146275e+04  1.689300e+04 
 3.068838e-02  4.651961e+03  8.413108e+03  1.130878e+04  1.666495e+04 
 3.111616e-02  4.588656e+03  8.298118e+03  1.115374e+04  1.643533e+04 
 3.154990e-02  4.524978e+03  8.182463e+03  1.099783e+04  1.620441e+04 
 3.198969e-02  4.461018e+03  8.066296e+03  1.084123e+04  1.597246e+04 
 3.243561e-02  4.396867e+03  7.949783e+03  1.068416e+04  1.573984e+04 
 3.288774e-02  4.332590e+03  7.833052e+03  1.052681e+04  1.550682e+04 
 3.334618e-02  4.268258e+03  7.716225e+03  1.036933e+04  1.527363e+04 
 3.381101e-02  4.203945e+03  7.599445e+03  1.021191e+04  1.504055e+04 
 3.428231e-02  4.139741e+03  7.482876e+03  1.005478e+04  1.480790e+04 
 3.476019e-02  4.075543e+03  7.366644e+03  9.898467e+03  1.457743e+04 
 3.524473e-02  4.011628e+03  7.250938e+03  9.742871e+03  1.434801e+04 
 3.573602e-02  3.948081e+03  7.135881e+03  9.588155e+03  1.411989e+04 
 3.623416e-02  3.884971e+03  7.021633e+03  9.434487e+03  1.389333e+04 
 3.673925e-02  3.822397e+03  6.908345e+03  9.282121e+03  1.366866e+04 
 3.725137e-02  3.760443e+03  6.796183e+03  9.131276e+03  1.344621e+04 
 3.777064e-02  3.699188e+03  6.685269e+03  8.982132e+03  1.322622e+04 
 3.829714e-02  3.638711e+03  6.575753e+03  8.834843e+03  1.300902e+04 
 3.883098e-02  3.579078e+03  6.467770e+03  8.689589e+03  1.279483e+04 
 3.937226e-02  3.520367e+03  6.361463e+03  8.546587e+03  1.258393e+04 
 3.992109e-02  3.462652e+03  6.256969e+03  8.406031e+03  1.237659e+04 
 4.047757e-02  3.405984e+03  6.154363e+03  8.267967e+03  1.217282e+04 
 4.104181e-02  3.350324e+03  6.053045e+03  8.131085e+03  1.196926e+04 
 4.161391e-02  3.295854e+03  5.953878e+03  7.997107e+03  1.177003e+04 
 4.219398e-02  3.242630e+03  5.856963e+03  7.866185e+03  1.157531e+04 
 4.278214e-02  3.190714e+03  5.762414e+03  7.738456e+03  1.138528e+04 
 4.337850e-02  3.140145e+03  5.670314e+03  7.614026e+03  1.120015e+04 
 4.398317e-02  3.090966e+03  5.580755e+03  7.493017e+03  1.102008e+04 
 4.459628e-02  3.043217e+03  5.493808e+03  7.375506e+03  1.084522e+04 
 4.521792e-02  2.996939e+03  5.409523e+03  7.261556e+03  1.067563e+04 
 4.584824e-02  2.952158e+03  5.327942e+03  7.151243e+03  1.051141e+04 
 4.648734e-02  2.908886e+03  5.249091e+03  7.044627e+03  1.035260e+04 
 4.713535e-02  2.867186e+03  5.173731e+03  6.943401e+03  1.020354e+04 
 4.779239e-02  2.827043e+03  5.101572e+03  6.846886e+03  1.006247e+04 
 4.845859e-02  2.788432e+03  5.032174e+03  6.754048e+03  9.926829e+03 
 4.913407e-02  2.751348e+03  4.965520e+03  6.664888e+03  9.796567e+03 
 4.981898e-02  2.715765e+03  4.901584e+03  6.579369e+03  9.671655e+03 
 5.051342e-02  2.681663e+03  4.840319e+03  6.497450e+03  9.551996e+03 
 5.121755e-02  2.649005e+03  4.781669e+03  6.419033e+03  9.437470e+03 
 5.193150e-02  2.617755e+03  4.725563e+03  6.344009e+03  9.327965e+03 
 5.265540e-02  2.587866e+03  4.671918e+03  6.272264e+03  9.223294e+03 
 5.338938e-02  2.559079e+03  4.619845e+03  6.202236e+03  9.120070e+03 
 5.413360e-02  2.531288e+03  4.569094e+03  6.133507e+03  9.017468e+03 
 5.488820e-02  2.504677e+03  4.520478e+03  6.067658e+03  8.919105e+03 
 5.565331e-02  2.479156e+03  4.473854e+03  6.004477e+03  8.824679e+03 
 5.642908e-02  2.454583e+03  4.428937e+03  5.943594e+03  8.733669e+03 
 5.721568e-02  2.430802e+03  4.385452e+03  5.884644e+03  8.645519e+03 
 5.801323e-02  2.407791e+03  4.343354e+03  5.827569e+03  8.560156e+03 
 5.882190e-02  2.385563e+03  4.302666e+03  5.772410e+03  8.477660e+03 
 5.964185e-02  2.364308e+03  4.264009e+03  5.720229e+03  8.400249e+03 
 6.047322e-02  2.344154e+03  4.228039e+03  5.672355e+03  8.331081e+03 
 6.131619e-02  2.324303e+03  4.192616e+03  5.625203e+03  8.262961e+03 
 6.217090e-02  2.304347e+03  4.156994e+03  5.577770e+03  8.194403e+03 
 6.303753e-02  2.284101e+03  4.120844e+03  5.529635e+03  8.124812e+03 
 6.391624e-02  2.263381e+03  4.083845e+03  5.480377e+03  8.053594e+03 
 6.480720e-02  2.242234e+03  4.046080e+03  5.430091e+03  7.980908e+03 
 6.571058e-02  2.220657e+03  4.007538e+03  5.378772e+03  7.906715e+03 
 6.662655e-02  2.197467e+03  3.964416e+03  5.319573e+03  7.816236e+03 
 6.755528e-02  2.173489e+03  3.919815e+03  5.258340e+03  7.722667e+03 
 6.849697e-02  2.148598e+03  3.873572e+03  5.194909e+03  7.625905e+03 
 6.945178e-02  2.122654e+03  3.825438e+03  5.128951e+03  7.525477e+03 
 7.041990e-02  2.095549e+03  3.775210e+03  5.060205e+03  7.421013e+03 
 7.140151e-02  2.067199e+03  3.722752e+03  4.988490e+03  7.312247e+03 
 7.239681e-02  2.037806e+03  3.668695e+03  4.914964e+03  7.201844e+03 
 7.340598e-02  2.007343e+03  3.613052e+03  4.839689e+03  7.090083e+03 
 7.442922e-02  1.975436e+03  3.554816e+03  4.760934e+03  6.973266e+03 
 7.546673e-02  1.942063e+03  3.493936e+03  4.678655e+03  6.851329e+03 
 7.651869e-02  1.907217e+03  3.430413e+03  4.592868e+03  6.724279e+03 
 7.758532e-02  1.870937e+03  3.364308e+03  4.503668e+03  6.592258e+03 
 7.866682e-02  1.834008e+03  3.298005e+03  4.415158e+03  6.463692e+03 
 7.976339e-02  1.796954e+03  3.233033e+03  4.329947e+03  6.343863e+03 
 8.087525e-02  1.758645e+03  3.165744e+03  4.241560e+03  6.219250e+03 
 8.200261e-02  1.719205e+03  3.096354e+03  4.150296e+03  6.090272e+03 
 8.314568e-02  1.678790e+03  3.025140e+03  4.056539e+03  5.957452e+03 
 8.430468e-02  1.637583e+03  2.952423e+03  3.960708e+03  5.821405e+03 
 8.547985e-02  1.595240e+03  2.876718e+03  3.859956e+03  5.675935e+03 
 8.667139e-02  1.552286e+03  2.799466e+03  3.756707e+03  5.525736e+03 
 8.787954e-02  1.509210e+03  2.721970e+03  3.653110e+03  5.374969e+03 
 8.910453e-02  1.466251e+03  2.644669e+03  3.549762e+03  5.224508e+03 
 9.034660e-02  1.423668e+03  2.568021e+03  3.447282e+03  5.075277e+03 
 9.160598e-02  1.382327e+03  2.494459e+03  3.349750e+03  4.935231e+03 
 9.288292e-02  1.342384e+03  2.424160e+03  3.257288e+03  4.804272e+03 
 9.417766e-02  1.303475e+03  2.355645e+03  3.167134e+03  4.676468e+03 
 9.549045e-02  1.265832e+03  2.289340e+03  3.079865e+03  4.552672e+03 
 9.682153e-02  1.229667e+03  2.225621e+03  2.995986e+03  4.433657e+03 
 9.817117e-02  1.195431e+03  2.165720e+03  2.917531e+03  4.323276e+03 
 9.953962e-02  1.163112e+03  2.109358e+03  2.843882e+03  4.220080e+03 
 1.009272e-01  1.132745e+03  2.056459e+03  2.774810e+03  4.123416e+03 
 1.023340e-01  1.104439e+03  2.007234e+03  2.710614e+03  4.033742e+03 
 1.037605e-01  1.077751e+03  1.960232e+03  2.648780e+03  3.946051e+03 
 1.052069e-01  1.051289e+03  1.911215e+03  2.582054e+03  3.846102e+03 
 1.066734e-01  1.027110e+03  1.866420e+03  2.521045e+03  3.754699e+03 
 1.081604e-01  1.005168e+03  1.825760e+03  2.465648e+03  3.671663e+03 
 1.096681e-01  9.853921e+02  1.789060e+03  2.415637e+03  3.596649e+03 
 1.111968e-01  9.676970e+02  1.756251e+03  2.370895e+03  3.529027e+03 
 1.127468e-01  9.519022e+02  1.726972e+03  2.330902e+03  3.468505e+03 
 1.143184e-01  9.378162e+02  1.700853e+03  2.295171e+03  3.414367e+03 
 1.159120e-01  9.252265e+02  1.677460e+03  2.263155e+03  3.365745e+03 
 1.175277e-01  9.143518e+02  1.657613e+03  2.236231e+03  3.325094e+03 
 1.191660e-01  9.044853e+02  1.639652e+03  2.211887e+03  3.288329e+03 
 1.208271e-01  8.952868e+02  1.622915e+03  2.189222e+03  3.254077e+03 
 1.225114e-01  8.864015e+02  1.606721e+03  2.167276e+03  3.220883e+03 
 1.242191e-01  8.770671e+02  1.589306e+03  2.143390e+03  3.184692e+03 
 1.259506e-01  8.674629e+02  1.571413e+03  2.118874e+03  3.147588e+03 
 1.277063e-01  8.572871e+02  1.552475e+03  2.093005e+03  3.108475e+03 
 1.294865e-01  8.465362e+02  1.532689e+03  2.066041e+03  3.067677e+03 
 1.312915e-01  8.350206e+02  1.511743e+03  2.037569e+03  3.024574e+03 
 1.331216e-01  8.222033e+02  1.488438e+03  2.005954e+03  2.976831e+03 
 1.349772e-01  8.079433e+02  1.462551e+03  1.970905e+03  2.924117e+03 
 1.368587e-01  7.931316e+02  1.437197e+03  1.938291e+03  2.879824e+03 
 1.387665e-01  7.767287e+02  1.408904e+03  1.901658e+03  2.829499e+03 
 1.407008e-01  7.587943e+02  1.377768e+03  1.861139e+03  2.773269e+03 
 1.426621e-01  7.404032e+02  1.346427e+03  1.820580e+03  2.716845e+03 
 1.446507e-01  7.210546e+02  1.313477e+03  1.777857e+03  2.657027e+03 
 1.466671e-01  7.006793e+02  1.278508e+03  1.732344e+03  2.592855e+03 
 1.487115e-01  6.781458e+02  1.238176e+03  1.678594e+03  2.515048e+03 
 1.507845e-01  6.543409e+02  1.194605e+03  1.619793e+03  2.428764e+03 
 1.528864e-01  6.306408e+02  1.151204e+03  1.561247e+03  2.342679e+03 
 1.550175e-01  6.089712e+02  1.113213e+03  1.511369e+03  2.272223e+03 
 1.571784e-01  5.891193e+02  1.079635e+03  1.468333e+03  2.213672e+03 
 1.593694e-01  5.702422e+02  1.047668e+03  1.427332e+03  2.157800e+03 
 1.615909e-01  5.530986e+02  1.019077e+03  1.390905e+03  2.108496e+03 
 1.638434e-01  5.376259e+02  9.935528e+02  1.358593e+03  2.065079e+03 
 1.661273e-01  5.237763e+02  9.708706e+02  1.330030e+03  2.027004e+03 
 1.684430e-01  5.091620e+02  9.444740e+02  1.294828e+03  1.976466e+03 
 1.707910e-01  4.960831e+02  9.206279e+02  1.262900e+03  1.930524e+03 
 1.731717e-01  4.851026e+02  9.008844e+02  1.236651e+03  1.893016e+03 
 1.755856e-01  4.770154e+02  8.873911e+02  1.219290e+03  1.868594e+03 
 1.780332e-01  4.703452e+02  8.765085e+02  1.205490e+03  1.849541e+03 
 1.805149e-01  4.633219e+02  8.631593e+02  1.186767e+03  1.819932e+03 
 1.830312e-01  4.562439e+02  8.486337e+02  1.165529e+03  1.784719e+03 
 1.855825e-01  4.497258e+02  8.353046e+02  1.146120e+03  1.752785e+03 
 1.881694e-01  4.434609e+02  8.232467e+02  1.129480e+03  1.727599e+03 
 1.907924e-01  4.370039e+02  8.108438e+02  1.112387e+03  1.701749e+03 
 1.934520e-01  4.296556e+02  7.966967e+02  1.093021e+03  1.673428e+03 
 1.961486e-01  4.213893e+02  7.808261e+02  1.071340e+03  1.641899e+03 
 1.988828e-01  4.130872e+02  7.655143e+02  1.050668e+03  1.611757e+03 
 2.016551e-01  4.050613e+02  7.516139e+02  1.032272e+03  1.584851e+03 
 2.044661e-01  3.958337e+02  7.353240e+02  1.010483e+03  1.552586e+03 
 2.073162e-01  3.851976e+02  7.155954e+02  9.833426e+02  1.511150e+03 
 2.102061e-01  3.736903e+02  6.942382e+02  9.539693e+02  1.466298e+03 
 2.131362e-01  3.646280e+02  6.810340e+02  9.385118e+02  1.447150e+03 
 2.161073e-01  3.552998e+02  6.673390e+02  9.223934e+02  1.427000e+03 
 2.191197e-01  3.439163e+02  6.480810e+02  8.978417e+02  1.394216e+03 
 2.221741e-01  3.324127e+02  6.281167e+02  8.720449e+02  1.359337e+03 
 2.252711e-01  3.220598e+02  6.107886e+02  8.501985e+02  1.330739e+03 
 2.284112e-01  3.127303e+02  5.954489e+02  8.311133e+02  1.306261e+03 
 2.315951e-01  3.045815e+02  5.815500e+02  8.128954e+02  1.279848e+03 
 2.348235e-01  2.976599e+02  5.696673e+02  7.970684e+02  1.255995e+03 
 2.380968e-01  2.902295e+02  5.555710e+02  7.775887e+02  1.226545e+03 
 2.414157e-01  2.834845e+02  5.424786e+02  7.593682e+02  1.199077e+03 
 2.447809e-01  2.771048e+02  5.301855e+02  7.424810e+02  1.173537e+03 
 2.481930e-01  2.714181e+02  5.192630e+02  7.275284e+02  1.150970e+03 
 2.516527e-01  2.681558e+02  5.136464e+02  7.198494e+02  1.138823e+03 
 2.551606e-01  2.642525e+02  5.064618e+02  7.099249e+02  1.123489e+03 
 2.587174e-01  2.578509e+02  4.933829e+02  6.915676e+02  1.095961e+03 
 2.623238e-01  2.523529e+02  4.829696e+02  6.773309e+02  1.074984e+03 
 2.659804e-01  2.477675e+02  4.753154e+02  6.673750e+02  1.060806e+03 
 2.696881e-01  2.414562e+02  4.637671e+02  6.518389e+02  1.037723e+03 
 2.734474e-01  2.342741e+02  4.504151e+02  6.337671e+02  1.010682e+03 
 2.772591e-01  2.285153e+02  4.409635e+02  6.219747e+02  9.955317e+02 
 2.811239e-01  2.223217e+02  4.303489e+02  6.084152e+02  9.780324e+02 
 2.850426e-01  2.158953e+02  4.188641e+02  5.934689e+02  9.590067e+02 
 2.890160e-01  2.098264e+02  4.088136e+02  5.807219e+02  9.414233e+02 
 2.930447e-01  2.041651e+02  3.993190e+02  5.682939e+02  9.228455e+02 
 2.971296e-01  1.989919e+02  3.896763e+02  5.542358e+02  8.987734e+02 
 3.012714e-01  1.944171e+02  3.819716e+02  5.442275e+02  8.844861e+02 
 3.054710e-01  1.902068e+02  3.750431e+02  5.356873e+02  8.736934e+02 
 3.097291e-01  1.854713e+02  3.662353e+02  5.239829e+02  8.573219e+02 
 3.140465e-01  1.812771e+02  3.578940e+02  5.120848e+02  8.380360e+02 
 3.184242e-01  1.776042e+02  3.506315e+02  5.016938e+02  8.211679e+02 
 3.228628e-01  1.745976e+02  3.453666e+02  4.948768e+02  8.124865e+02 
 3.273634e-01  1.705046e+02  3.370972e+02  4.829514e+02  7.933501e+02 
 3.319266e-01  1.661141e+02  3.285234e+02  4.710468e+02  7.753986e+02 
 3.365535e-01  1.617189e+02  3.205552e+02  4.606812e+02  7.613814e+02 
 3.412449e-01  1.584337e+02  3.160635e+02  4.553871e+02  7.532771e+02 
 3.460016e-01  1.548225e+02  3.101641e+02  4.478118e+02  7.427297e+02 
 3.508247e-01  1.512208e+02  3.038176e+02  4.393655e+02  7.303699e+02 
 3.557150e-01  1.477230e+02  2.974705e+02  4.308167e+02  7.172474e+02 
 3.606735e-01  1.437980e+02  2.906144e+02  4.219017e+02  7.050234e+02 
 3.657011e-01  1.393281e+02  2.822625e+02  4.104638e+02  6.889064e+02 
 3.707988e-01  1.357248e+02  2.754231e+02  4.011298e+02  6.751374e+02 
 3.759675e-01  1.325630e+02  2.693893e+02  3.928563e+02  6.627385e+02 
 3.812083e-01  1.294394e+02  2.637566e+02  3.852702e+02  6.515544e+02 
 3.865221e-01  1.268369e+02  2.599426e+02  3.810074e+02  6.452329e+02 
 3.919100e-01  1.240678e+02  2.535623e+02  3.712349e+02  6.311969e+02 
 3.973730e-01  1.210106e+02  2.482750e+02  3.645507e+02  6.207948e+02 
 4.029122e-01  1.183753e+02  2.440802e+02  3.588090e+02  6.105530e+02 
 4.085286e-01  1.157557e+02  2.386049e+02  3.509297e+02  5.990657e+02 
 4.142232e-01  1.126649e+02  2.323459e+02  3.425154e+02  5.882164e+02 
 4.199973e-01  1.095807e+02  2.269822e+02  3.356677e+02  5.783380e+02 
 4.258518e-01  1.070264e+02  2.223428e+02  3.292043e+02  5.675895e+02 
 4.317880e-01  1.043561e+02  2.173143e+02  3.218498e+02  5.560772e+02 
 4.378069e-01  1.020479e+02  2.127258e+02  3.152706e+02  5.452630e+02 
 4.439097e-01  1.001351e+02  2.097628e+02  3.116952e+02  5.415023e+02 
 4.500975e-01  9.730888e+01  2.045229e+02  3.045983e+02  5.311201e+02 
 4.563716e-01  9.492616e+01  1.995969e+02  2.974951e+02  5.188440e+02 
 4.627332e-01  9.334596e+01  1.973880e+02  2.950698e+02  5.165147e+02 
 4.691835e-01  9.081590e+01  1.924223e+02  2.880797e+02  5.051470e+02 
 4.757236e-01  8.896663e+01  1.887552e+02  2.829445e+02  4.970725e+02 
 4.823549e-01  8.646729e+01  1.837772e+02  2.758600e+02  4.869973e+02 
 4.890787e-01  8.442451e+01  1.797775e+02  2.704720e+02  4.788144e+02 
 4.958962e-01  8.284005e+01  1.767516e+02  2.658743e+02  4.704926e+02 
 5.028087e-01  8.076607e+01  1.731976e+02  2.611083e+02  4.634983e+02 
 5.098176e-01  7.911556e+01  1.701593e+02  2.568376e+02  4.555799e+02 
 5.169242e-01  7.759224e+01  1.673018e+02  2.529352e+02  4.502605e+02 
 5.241298e-01  7.493669e+01  1.627080e+02  2.472537e+02  4.431840e+02 
 5.314359e-01  7.348881e+01  1.605677e+02  2.444465e+02  4.385461e+02 
 5.388438e-01  7.180718e+01  1.567517e+02  2.387137e+02  4.297090e+02 
 5.463550e-01  7.036384e+01  1.539930e+02  2.346861e+02  4.229576e+02 
 5.539709e-01  6.830447e+01  1.502533e+02  2.299063e+02  4.158661e+02 
 5.616930e-01  6.693930e+01  1.476146e+02  2.261886e+02  4.103236e+02 
 5.695227e-01  6.547357e+01  1.451282e+02  2.231296e+02  4.046842e+02 
 5.774615e-01  6.387984e+01  1.415273e+02  2.177057e+02  3.965445e+02 
 5.855110e-01  6.261517e+01  1.392590e+02  2.144122e+02  3.908683e+02 
 5.936727e-01  6.104868e+01  1.357503e+02  2.093385e+02  3.831930e+02 
 6.019482e-01  5.985888e+01  1.338178e+02  2.064189e+02  3.778557e+02 
 6.103390e-01  5.831022e+01  1.311321e+02  2.030298e+02  3.723002e+02 
 6.188468e-01  5.692798e+01  1.287059e+02  2.005505e+02  3.704777e+02 
 6.274732e-01  5.583339e+01  1.260258e+02  1.959777e+02  3.627290e+02 
 6.362198e-01  5.454530e+01  1.238657e+02  1.930370e+02  3.573669e+02 
 6.450884e-01  5.313764e+01  1.212789e+02  1.894469e+02  3.511725e+02 
 6.540806e-01  5.192748e+01  1.184365e+02  1.851374e+02  3.446156e+02 
 6.631981e-01  5.063490e+01  1.162159e+02  1.826130e+02  3.407592e+02 
 6.724427e-01  4.954813e+01  1.139645e+02  1.794225e+02  3.366114e+02 
 6.818162e-01  4.834137e+01  1.116781e+02  1.756335e+02  3.294573e+02 
 6.913204e-01  4.719228e+01  1.093441e+02  1.725627e+02  3.245443e+02 
 7.009570e-01  4.643109e+01  1.075139e+02  1.698258e+02  3.200094e+02 
 7.107280e-01  4.511321e+01  1.054452e+02  1.670881e+02  3.148228e+02 
 7.206351e-01  4.432175e+01  1.035810e+02  1.645218e+02  3.116523e+02 
 7.306804e-01  4.331854e+01  1.018606e+02  1.617824e+02  3.058741e+02 
 7.408657e-01  4.227618e+01  9.965195e+01  1.586394e+02  3.016231e+02 
 7.511929e-01  4.129862e+01  9.761996e+01  1.560001e+02  2.973485e+02 
 7.616642e-01  4.043705e+01  9.566387e+01  1.531677e+02  2.931256e+02 
 7.722814e-01  3.978296e+01  9.457733e+01  1.514126e+02  2.891828e+02 
 7.830465e-01  3.888479e+01  9.257611e+01  1.485205e+02  2.851232e+02 
 7.939618e-01  3.807561e+01  9.121411e+01  1.464557e+02  2.814575e+02 
 8.050292e-01  3.714742e+01  8.926618e+01  1.441427e+02  2.778412e+02 
 8.162509e-01  3.638760e+01  8.781242e+01  1.416871e+02  2.728115e+02 
 8.276289e-01  3.543203e+01  8.585855e+01  1.390444e+02  2.690242e+02 
 8.391656e-01  3.487462e+01  8.469414e+01  1.368559e+02  2.653416e+02 
 8.508632e-01  3.417315e+01  8.309322e+01  1.348234e+02  2.618008e+02 
 8.627237e-01  3.332563e+01  8.154962e+01  1.325441e+02  2.574766e+02 
 8.747496e-01  3.264402e+01  7.996495e+01  1.303226e+02  2.538830e+02 
 8.869432e-01  3.198904e+01  7.869578e+01  1.284022e+02  2.507221e+02 
 8.993067e-01  3.124840e+01  7.727295e+01  1.262954e+02  2.467727e+02 
 9.118425e-01  3.071194e+01  7.582755e+01  1.239947e+02  2.423758e+02 
 9.245531e-01  2.995462e+01  7.444397e+01  1.219102e+02  2.392869e+02 
 9.374409e-01  2.929233e+01  7.309504e+01  1.200946e+02  2.361117e+02 
 9.505083e-01  2.872276e+01  7.178226e+01  1.181406e+02  2.325891e+02 
 9.637579e-01  2.805072e+01  7.031397e+01  1.159231e+02  2.289542e+02 
 9.771921e-01  2.756787e+01  6.972885e+01  1.147606e+02  2.259200e+02 
 9.908137e-01  2.696538e+01  6.827943e+01  1.126458e+02  2.225988e+02 
 1.004625e+00  2.637397e+01  6.687721e+01  1.105684e+02  2.188960e+02 
 1.018629e+00  2.587616e+01  6.584422e+01  1.089061e+02  2.155451e+02 
 1.032828e+00  2.529048e+01  6.462049e+01  1.072857e+02  2.129617e+02 
 1.047225e+00  2.472599e+01  6.353448e+01  1.054701e+02  2.092077e+02 
 1.061823e+00  2.426520e+01  6.258329e+01  1.039408e+02  2.063711e+02 
 1.076624e+00  2.374618e+01  6.147892e+01  1.023081e+02  2.032876e+02 
 1.091632e+00  2.330236e+01  6.035182e+01  1.007398e+02  2.001171e+02 
 1.106848e+00  2.278584e+01  5.921116e+01  9.900983e+01  1.973141e+02 
 1.122277e+00  2.231693e+01  5.830756e+01  9.734196e+01  1.939613e+02 
 1.137921e+00  2.184762e+01  5.719318e+01  9.571386e+01  1.910747e+02 
 1.153783e+00  2.142510e+01  5.624421e+01  9.424950e+01  1.883062e+02 
 1.169866e+00  2.102667e+01  5.534301e+01  9.278360e+01  1.857739e+02 
 1.186174e+00  2.058129e+01  5.445669e+01  9.132130e+01  1.827656e+02 
 1.202708e+00  2.018475e+01  5.352813e+01  8.993376e+01  1.801820e+02 
 1.219473e+00  1.980175e+01  5.265629e+01  8.862175e+01  1.771718e+02 
 1.236472e+00  1.939821e+01  5.178188e+01  8.728228e+01  1.747096e+02 
 1.253708e+00  1.902435e+01  5.089861e+01  8.567956e+01  1.718611e+02 
 1.271184e+00  1.865479e+01  5.018555e+01  8.463992e+01  1.693834e+02 
 1.288904e+00  1.828176e+01  4.916511e+01  8.306096e+01  1.668420e+02 
 1.306870e+00  1.791360e+01  4.832906e+01  8.170264e+01  1.639709e+02 
 1.325087e+00  1.759077e+01  4.756119e+01  8.048728e+01  1.613427e+02 
 1.343558e+00  1.724618e+01  4.673718e+01  7.918006e+01  1.588147e+02 
 1.362287e+00  1.692086e+01  4.593694e+01  7.781635e+01  1.561198e+02 
 1.381276e+00  1.658123e+01  4.521214e+01  7.641920e+01  1.534539e+02 
 1.400531e+00  1.627098e+01  4.445148e+01  7.525239e+01  1.509264e+02 
 1.420053e+00  1.595197e+01  4.362936e+01  7.405016e+01  1.483739e+02 
 1.439848e+00  1.565181e+01  4.296834e+01  7.277765e+01  1.460061e+02 
 1.459919e+00  1.533803e+01  4.222953e+01  7.159182e+01  1.434371e+02 
 1.480269e+00  1.508197e+01  4.146433e+01  7.029033e+01  1.408036e+02 
 1.500903e+00  1.479467e+01  4.081159e+01  6.913678e+01  1.386417e+02 
 1.521825e+00  1.450507e+01  4.015459e+01  6.805918e+01  1.362093e+02 
 1.543038e+00  1.422162e+01  3.946100e+01  6.695848e+01  1.340743e+02 
 1.564548e+00  1.397438e+01  3.880854e+01  6.583189e+01  1.316327e+02 
 1.586357e+00  1.371425e+01  3.817635e+01  6.472309e+01  1.293238e+02 
 1.608469e+00  1.344005e+01  3.752252e+01  6.360352e+01  1.271570e+02 
 1.630891e+00  1.322500e+01  3.684166e+01  6.238139e+01  1.245919e+02 
 1.653624e+00  1.296032e+01  3.619905e+01  6.136976e+01  1.226010e+02 
 1.676675e+00  1.271368e+01  3.562785e+01  6.035586e+01  1.202964e+02 
 1.700047e+00  1.247674e+01  3.503068e+01  5.931498e+01  1.181918e+02 
 1.723745e+00  1.226821e+01  3.440484e+01  5.829059e+01  1.159024e+02 
 1.747773e+00  1.202241e+01  3.379329e+01  5.724068e+01  1.137100e+02 
 1.772136e+00  1.180417e+01  3.324115e+01  5.620571e+01  1.116941e+02 
 1.796838e+00  1.159380e+01  3.265745e+01  5.520710e+01  1.095749e+02 
 1.821885e+00  1.140988e+01  3.209217e+01  5.420385e+01  1.075778e+02 
 1.847281e+00  1.118554e+01  3.157459e+01  5.331540e+01  1.055734e+02 
 1.873032e+00  1.098951e+01  3.103094e+01  5.226421e+01  1.035928e+02 
 1.899141e+00  1.079298e+01  3.045312e+01  5.133843e+01  1.016079e+02 
 1.925614e+00  1.060884e+01  2.993770e+01  5.043429e+01  9.957400e+01 
 1.952456e+00  1.044369e+01  2.945159e+01  4.955598e+01  9.763665e+01 
 1.979672e+00  1.023403e+01  2.895308e+01  4.863836e+01  9.573828e+01 
 2.007267e+00  1.006211e+01  2.843707e+01  4.768449e+01  9.390005e+01 
 2.035248e+00  9.876396e+00  2.790629e+01  4.677964e+01  9.193457e+01 
 2.063618e+00  9.698635e+00  2.739141e+01  4.586982e+01  9.004460e+01 
 2.092383e+00  9.533726e+00  2.689305e+01  4.497469e+01  8.818032e+01 
 2.121550e+00  9.356115e+00  2.639771e+01  4.410809e+01  8.640473e+01 
 2.151123e+00  9.194078e+00  2.593177e+01  4.324074e+01  8.454341e+01 
 2.181109e+00  9.028360e+00  2.542961e+01  4.239400e+01  8.280887e+01 
 2.211512e+00  8.874420e+00  2.495212e+01  4.153154e+01  8.102960e+01 
 2.242340e+00  8.717137e+00  2.451511e+01  4.074263e+01  7.932970e+01 
 2.273597e+00  8.556705e+00  2.406415e+01  3.990760e+01  7.761240e+01 
 2.305289e+00  8.416189e+00  2.360511e+01  3.912267e+01  7.597294e+01 
 2.337424e+00  8.273673e+00  2.315859e+01  3.831571e+01  7.436864e+01 
 2.370006e+00  8.124684e+00  2.272235e+01  3.754826e+01  7.279477e+01 
 2.403043e+00  7.973022e+00  2.229967e+01  3.676871e+01  7.118238e+01 
 2.436540e+00  7.841076e+00  2.188680e+01  3.602265e+01  6.960343e+01 
 2.470504e+00  7.702717e+00  2.146231e+01  3.526214e+01  6.804406e+01 
 2.504942e+00  7.568928e+00  2.105454e+01  3.453798e+01  6.655391e+01 
 2.539859e+00  7.440060e+00  2.063416e+01  3.379394e+01  6.499577e+01 
 2.575263e+00  7.301481e+00  2.021056e+01  3.308989e+01  6.356500e+01 
 2.611161e+00  7.175562e+00  1.982423e+01  3.235597e+01  6.210924e+01 
 2.647559e+00  7.048199e+00  1.942657e+01  3.164677e+01  6.065084e+01 
 2.684465e+00  6.922194e+00  1.904828e+01  3.096271e+01  5.925059e+01 
 2.721885e+00  6.795628e+00  1.864501e+01  3.028360e+01  5.788910e+01 
 2.759826e+00  6.678283e+00  1.826608e+01  2.960952e+01  5.653217e+01 
 2.798297e+00  6.557922e+00  1.789762e+01  2.895553e+01  5.524510e+01 
 2.837304e+00  6.443297e+00  1.753156e+01  2.831460e+01  5.396748e+01 
 2.876854e+00  6.328769e+00  1.716712e+01  2.768834e+01  5.271307e+01 
 2.916956e+00  6.218246e+00  1.682059e+01  2.707588e+01  5.144362e+01 
 2.957617e+00  6.109848e+00  1.647628e+01  2.647970e+01  5.024094e+01 
 2.998844e+00  6.002110e+00  1.613737e+01  2.588661e+01  4.904883e+01 
 3.040646e+00  5.895208e+00  1.579868e+01  2.528502e+01  4.790583e+01 
 3.083031e+00  5.790374e+00  1.545755e+01  2.470862e+01  4.675374e+01 
 3.126007e+00  5.686713e+00  1.513979e+01  2.414410e+01  4.561847e+01 
 3.169582e+00  5.583334e+00  1.480478e+01  2.356388e+01  4.450952e+01 
 3.213764e+00  5.480826e+00  1.448348e+01  2.301507e+01  4.342441e+01 
 3.258562e+00  5.378754e+00  1.417235e+01  2.247656e+01  4.235848e+01 
 3.303985e+00  5.279842e+00  1.385403e+01  2.193767e+01  4.131700e+01 
 3.350041e+00  5.182959e+00  1.354284e+01  2.141729e+01  4.029773e+01 
 3.396739e+00  5.086069e+00  1.324163e+01  2.091151e+01  3.929917e+01 
 3.444087e+00  4.992195e+00  1.294610e+01  2.039709e+01  3.832178e+01 
 3.492096e+00  4.900609e+00  1.265819e+01  1.991860e+01  3.738556e+01 
 3.540774e+00  4.806507e+00  1.237460e+01  1.944267e+01  3.645919e+01 
 3.590130e+00  4.719050e+00  1.209657e+01  1.897125e+01  3.556500e+01 
 3.640175e+00  4.631126e+00  1.182551e+01  1.852283e+01  3.469421e+01 
 3.690917e+00  4.543743e+00  1.156366e+01  1.806621e+01  3.382348e+01 
 3.742366e+00  4.458953e+00  1.129385e+01  1.763314e+01  3.299156e+01 
 3.794533e+00  4.375238e+00  1.103790e+01  1.720612e+01  3.216547e+01 
 3.847427e+00  4.290744e+00  1.078237e+01  1.678007e+01  3.136574e+01 
 3.901058e+00  4.207255e+00  1.053048e+01  1.636832e+01  3.056867e+01 
 3.955436e+00  4.128207e+00  1.028511e+01  1.595685e+01  2.978818e+01 
 4.010573e+00  4.044688e+00  1.004038e+01  1.556245e+01  2.904204e+01 
 4.066478e+00  3.964342e+00  9.798670e+00  1.516948e+01  2.829511e+01 
 4.123163e+00  3.885283e+00  9.567038e+00  1.478759e+01  2.757121e+01 
 4.180637e+00  3.808878e+00  9.340155e+00  1.441827e+01  2.686579e+01 
 4.238913e+00  3.732549e+00  9.113619e+00  1.405323e+01  2.618371e+01 
 4.298001e+00  3.656524e+00  8.894274e+00  1.370148e+01  2.551332e+01 
 4.357913e+00  3.584618e+00  8.679673e+00  1.332164e+01  2.486751e+01 
 4.418660e+00  3.512769e+00  8.473360e+00  1.302022e+01  2.424010e+01 
 4.480254e+00  3.441010e+00  8.269087e+00  1.269260e+01  2.362405e+01 
 4.542706e+00  3.372400e+00  8.068975e+00  1.237278e+01  2.302687e+01 
 4.606029e+00  3.303496e+00  7.875908e+00  1.206192e+01  2.244727e+01 
 4.670234e+00  3.235702e+00  7.684992e+00  1.176355e+01  2.188278e+01 
 4.735335e+00  3.169637e+00  7.498848e+00  1.146703e+01  2.132582e+01 
 4.801343e+00  3.105040e+00  7.317231e+00  1.117691e+01  2.077796e+01 
 4.868271e+00  3.039423e+00  7.136009e+00  1.089017e+01  2.024342e+01 
 4.936132e+00  2.975495e+00  6.958223e+00  1.061021e+01  1.972158e+01 
 5.004939e+00  2.911677e+00  6.784930e+00  1.033719e+01  1.920899e+01 
 5.074705e+00  2.848595e+00  6.615640e+00  1.006925e+01  1.871337e+01 
 5.145444e+00  2.787988e+00  6.449821e+00  9.808416e+00  1.808912e+01 
 5.217169e+00  2.726936e+00  6.286601e+00  9.555374e+00  1.775002e+01 
 5.289893e+00  2.668529e+00  6.128951e+00  9.309949e+00  1.729379e+01 
 5.363631e+00  2.610078e+00  5.975041e+00  9.068636e+00  1.684413e+01 
 5.438397e+00  2.553566e+00  5.824747e+00  8.835674e+00  1.640777e+01 
 5.514206e+00  2.498030e+00  5.678911e+00  8.608435e+00  1.598545e+01 
 5.591071e+00  2.442959e+00  5.537292e+00  8.387566e+00  1.557217e+01 
 5.669007e+00  2.390294e+00  5.399247e+00  8.173579e+00  1.517534e+01 
 5.748030e+00  2.337855e+00  5.263967e+00  7.963928e+00  1.478386e+01 
 5.828155e+00  2.286475e+00  5.132420e+00  7.760654e+00  1.440471e+01 
 5.909396e+00  2.235840e+00  5.003202e+00  7.561315e+00  1.403366e+01 
 5.991770e+00  2.185689e+00  4.876463e+00  7.365435e+00  1.367007e+01 
 6.075292e+00  2.136299e+00  4.752600e+00  7.174952e+00  1.331115e+01 
 6.159978e+00  2.087728e+00  4.630701e+00  6.987227e+00  1.296344e+01 
 6.245845e+00  2.040124e+00  4.512047e+00  6.804831e+00  1.262300e+01 
 6.332908e+00  1.993104e+00  4.395480e+00  6.626096e+00  1.228949e+01 
 6.421186e+00  1.947099e+00  4.282424e+00  6.451771e+00  1.196472e+01 
 6.510694e+00  1.901978e+00  4.172012e+00  6.282711e+00  1.164898e+01 
 6.601449e+00  1.858201e+00  4.064778e+00  6.118031e+00  1.134136e+01 
 6.693470e+00  1.814883e+00  3.960357e+00  5.957501e+00  1.104209e+01 
 6.786773e+00  1.773015e+00  3.858504e+00  5.801370e+00  1.075224e+01 
 6.881377e+00  1.732060e+00  3.759820e+00  5.650430e+00  1.046979e+01 
 6.977300e+00  1.691920e+00  3.664167e+00  5.504550e+00  1.019540e+01 
 7.074559e+00  1.653155e+00  3.570890e+00  5.361653e+00  9.927989e+00 
 7.173175e+00  1.614921e+00  3.480349e+00  5.222451e+00  9.669069e+00 
 7.273165e+00  1.577750e+00  3.391909e+00  5.087259e+00  9.416244e+00 
 7.374549e+00  1.540895e+00  3.305017e+00  4.955066e+00  9.169511e+00 
 7.477346e+00  1.504745e+00  3.220280e+00  4.826085e+00  8.926754e+00 
 7.581576e+00  1.469381e+00  3.137008e+00  4.698947e+00  8.689409e+00 
 7.687260e+00  1.434518e+00  3.055967e+00  4.575275e+00  8.458065e+00 
 7.794416e+00  1.400349e+00  2.976980e+00  4.453965e+00  8.231461e+00 
 7.903066e+00  1.367035e+00  2.899151e+00  4.335513e+00  8.009928e+00 
 8.013230e+00  1.334399e+00  2.823930e+00  4.220898e+00  7.795137e+00 
 8.124930e+00  1.302312e+00  2.750515e+00  4.109216e+00  7.585437e+00 
 8.238187e+00  1.271643e+00  2.679150e+00  4.000380e+00  7.381388e+00 
 8.353023e+00  1.241148e+00  2.609759e+00  3.894470e+00  7.183079e+00 
 8.469460e+00  1.211703e+00  2.542478e+00  3.792165e+00  6.991100e+00 
 8.587519e+00  1.183140e+00  2.477010e+00  3.692420e+00  6.804265e+00 
 8.707225e+00  1.155283e+00  2.413480e+00  3.595984e+00  6.623017e+00 
 8.828599e+00  1.128186e+00  2.351981e+00  3.502340e+00  6.446990e+00 
 8.951665e+00  1.101614e+00  2.292280e+00  3.411033e+00  6.276338e+00 
 9.076446e+00  1.075901e+00  2.233856e+00  3.322362e+00  6.109842e+00 
 9.202967e+00  1.050623e+00  2.176857e+00  3.235868e+00  5.947198e+00 
 9.331251e+00  1.025794e+00  2.121068e+00  3.150949e+00  5.788185e+00 
 9.461324e+00  0.000000e+00  0.000000e+00  0.000000e+00  0.000000e+00 
 9.593209e+00  0.000000e+00  0.000000e+00  0.000000e+00  0.000000e+00 
 9.726934e+00  0.000000e+00  0.000000e+00  0.000000e+00  0.000000e+00 
 9.862522e+00  0.000000e+00  0.000000e+00  0.000000e+00  0.000000e+00 
 1.000000e+01  0.000000e+00  0.000000e+00  0.000000e+00  0.000000e+00 
