 1.000000e-02  5.301054e+03  9.399803e+03  1.250852e+04  1.825233e+04 
 1.013939e-02  5.329438e+03  9.450276e+03  1.257566e+04  1.835017e+04 
 1.028073e-02  5.357395e+03  9.499967e+03  1.264179e+04  1.844650e+04 
 1.042404e-02  5.384897e+03  9.548859e+03  1.270683e+04  1.854124e+04 
 1.056935e-02  5.411942e+03  9.596927e+03  1.277077e+04  1.863438e+04 
 1.071668e-02  5.438502e+03  9.644124e+03  1.283357e+04  1.872581e+04 
 1.086606e-02  5.464554e+03  9.690418e+03  1.289515e+04  1.881547e+04 
 1.101753e-02  5.490090e+03  9.735777e+03  1.295547e+04  1.890330e+04 
 1.117111e-02  5.515076e+03  9.780171e+03  1.301450e+04  1.898923e+04 
 1.132683e-02  5.539507e+03  9.823550e+03  1.307220e+04  1.907320e+04 
 1.148472e-02  5.563357e+03  9.865899e+03  1.312849e+04  1.915512e+04 
 1.164481e-02  5.586603e+03  9.907162e+03  1.318335e+04  1.923497e+04 
 1.180713e-02  5.609217e+03  9.947311e+03  1.323672e+04  1.931260e+04 
 1.197171e-02  5.631202e+03  9.986323e+03  1.328856e+04  1.938801e+04 
 1.213859e-02  5.652513e+03  1.002414e+04  1.333883e+04  1.946111e+04 
 1.230780e-02  5.673150e+03  1.006074e+04  1.338745e+04  1.953184e+04 
 1.247936e-02  5.693079e+03  1.009609e+04  1.343441e+04  1.960008e+04 
 1.265332e-02  5.712283e+03  1.013013e+04  1.347964e+04  1.966583e+04 
 1.282970e-02  5.730751e+03  1.016287e+04  1.352310e+04  1.972899e+04 
 1.300854e-02  5.748451e+03  1.019424e+04  1.356476e+04  1.978950e+04 
 1.318987e-02  5.765376e+03  1.022421e+04  1.360456e+04  1.984730e+04 
 1.337373e-02  5.781494e+03  1.025277e+04  1.364244e+04  1.990231e+04 
 1.356015e-02  5.796800e+03  1.027986e+04  1.367838e+04  1.995448e+04 
 1.374917e-02  5.811258e+03  1.030545e+04  1.371233e+04  2.000373e+04 
 1.394083e-02  5.824857e+03  1.032948e+04  1.374421e+04  2.004997e+04 
 1.413516e-02  5.837565e+03  1.035195e+04  1.377399e+04  2.009315e+04 
 1.433219e-02  5.849370e+03  1.037281e+04  1.380162e+04  2.013316e+04 
 1.453198e-02  5.860240e+03  1.039199e+04  1.382703e+04  2.016996e+04 
 1.473454e-02  5.870161e+03  1.040948e+04  1.385018e+04  2.020343e+04 
 1.493993e-02  5.879108e+03  1.042525e+04  1.387102e+04  2.023355e+04 
 1.514819e-02  5.887111e+03  1.043935e+04  1.388968e+04  2.026048e+04 
 1.535935e-02  5.894133e+03  1.045171e+04  1.390599e+04  2.028403e+04 
 1.557345e-02  5.900122e+03  1.046222e+04  1.391987e+04  2.030402e+04 
 1.579053e-02  5.905058e+03  1.047088e+04  1.393124e+04  2.032034e+04 
 1.601064e-02  5.908931e+03  1.047760e+04  1.394008e+04  2.033297e+04 
 1.623382e-02  5.911707e+03  1.048241e+04  1.394635e+04  2.034185e+04 
 1.646012e-02  5.913380e+03  1.048525e+04  1.394999e+04  2.034692e+04 
 1.668956e-02  5.913932e+03  1.048610e+04  1.395098e+04  2.034811e+04 
 1.692220e-02  5.913358e+03  1.048494e+04  1.394929e+04  2.034541e+04 
 1.715809e-02  5.911625e+03  1.048172e+04  1.394486e+04  2.033871e+04 
 1.739726e-02  5.908723e+03  1.047641e+04  1.393769e+04  2.032798e+04 
 1.763977e-02  5.904633e+03  1.046901e+04  1.392768e+04  2.031313e+04 
 1.788566e-02  5.899336e+03  1.045946e+04  1.391482e+04  2.029414e+04 
 1.813498e-02  5.892814e+03  1.044772e+04  1.389908e+04  2.027095e+04 
 1.838777e-02  5.885056e+03  1.043381e+04  1.388040e+04  2.024350e+04 
 1.864409e-02  5.876041e+03  1.041764e+04  1.385876e+04  2.021170e+04 
 1.890397e-02  5.865768e+03  1.039923e+04  1.383413e+04  2.017556e+04 
 1.916748e-02  5.854212e+03  1.037857e+04  1.380647e+04  2.013502e+04 
 1.943467e-02  5.841371e+03  1.035561e+04  1.377579e+04  2.009005e+04 
 1.970558e-02  5.827238e+03  1.033036e+04  1.374204e+04  2.004064e+04 
 1.998026e-02  5.811803e+03  1.030279e+04  1.370523e+04  1.998676e+04 
 2.025878e-02  5.795066e+03  1.027290e+04  1.366533e+04  1.992841e+04 
 2.054117e-02  5.777015e+03  1.024072e+04  1.362236e+04  1.986557e+04 
 2.082751e-02  5.757669e+03  1.020621e+04  1.357630e+04  1.979824e+04 
 2.111783e-02  5.737020e+03  1.016940e+04  1.352719e+04  1.972645e+04 
 2.141220e-02  5.715163e+03  1.013040e+04  1.347512e+04  1.965032e+04 
 2.171068e-02  5.692565e+03  1.008987e+04  1.342081e+04  1.957030e+04 
 2.201331e-02  5.668672e+03  1.004704e+04  1.336343e+04  1.948583e+04 
 2.232016e-02  5.643481e+03  1.000192e+04  1.330299e+04  1.939691e+04 
 2.263130e-02  5.616991e+03  9.954475e+03  1.323948e+04  1.930353e+04 
 2.294676e-02  5.589209e+03  9.904748e+03  1.317294e+04  1.920571e+04 
 2.326663e-02  5.560138e+03  9.852740e+03  1.310336e+04  1.910349e+04 
 2.359095e-02  5.529793e+03  9.798458e+03  1.303075e+04  1.899686e+04 
 2.391980e-02  5.498181e+03  9.741950e+03  1.295518e+04  1.888592e+04 
 2.425323e-02  5.465326e+03  9.683220e+03  1.287667e+04  1.877069e+04 
 2.459130e-02  5.431238e+03  9.622327e+03  1.279527e+04  1.865128e+04 
 2.493409e-02  5.395942e+03  9.559278e+03  1.271102e+04  1.852770e+04 
 2.528166e-02  5.359468e+03  9.494145e+03  1.262398e+04  1.840009e+04 
 2.563407e-02  5.321848e+03  9.426983e+03  1.253427e+04  1.826855e+04 
 2.599140e-02  5.283119e+03  9.357858e+03  1.244194e+04  1.813322e+04 
 2.635371e-02  5.243320e+03  9.286831e+03  1.234709e+04  1.799423e+04 
 2.672106e-02  5.202499e+03  9.213995e+03  1.224984e+04  1.785176e+04 
 2.709354e-02  5.160691e+03  9.139423e+03  1.215027e+04  1.770589e+04 
 2.747121e-02  5.117927e+03  9.063152e+03  1.204845e+04  1.755676e+04 
 2.785414e-02  5.074165e+03  8.985136e+03  1.194433e+04  1.740436e+04 
 2.824241e-02  5.029169e+03  8.905043e+03  1.183755e+04  1.724830e+04 
 2.863610e-02  4.983306e+03  8.823420e+03  1.172873e+04  1.708927e+04 
 2.903527e-02  4.936608e+03  8.740307e+03  1.161795e+04  1.692740e+04 
 2.944000e-02  4.889113e+03  8.655786e+03  1.150529e+04  1.676280e+04 
 2.985038e-02  4.840867e+03  8.569939e+03  1.139090e+04  1.659563e+04 
 3.026648e-02  4.791916e+03  8.482861e+03  1.127483e+04  1.642607e+04 
 3.068838e-02  4.742321e+03  8.394632e+03  1.115727e+04  1.625433e+04 
 3.111616e-02  4.692138e+03  8.305374e+03  1.103831e+04  1.608056e+04 
 3.154990e-02  4.641435e+03  8.215186e+03  1.091815e+04  1.590502e+04 
 3.198969e-02  4.590284e+03  8.124207e+03  1.079693e+04  1.572795e+04 
 3.243561e-02  4.538754e+03  8.032572e+03  1.067485e+04  1.554961e+04 
 3.288774e-02  4.486936e+03  7.940430e+03  1.055208e+04  1.537027e+04 
 3.334618e-02  4.434921e+03  7.847937e+03  1.042886e+04  1.519027e+04 
 3.381101e-02  4.382799e+03  7.755263e+03  1.030539e+04  1.500991e+04 
 3.428231e-02  4.330637e+03  7.662519e+03  1.018184e+04  1.482940e+04 
 3.476019e-02  4.278339e+03  7.569838e+03  1.005869e+04  1.465042e+04 
 3.524473e-02  4.226083e+03  7.477238e+03  9.935666e+03  1.447162e+04 
 3.573602e-02  4.173918e+03  7.384800e+03  9.812850e+03  1.429312e+04 
 3.623416e-02  4.121891e+03  7.292606e+03  9.690350e+03  1.411507e+04 
 3.673925e-02  4.070059e+03  7.200759e+03  9.568308e+03  1.393764e+04 
 3.725137e-02  4.018471e+03  7.109344e+03  9.446854e+03  1.376105e+04 
 3.777064e-02  3.967187e+03  7.018479e+03  9.326100e+03  1.358548e+04 
 3.829714e-02  3.916271e+03  6.928256e+03  9.206217e+03  1.341114e+04 
 3.883098e-02  3.865784e+03  6.838802e+03  9.087354e+03  1.323826e+04 
 3.937226e-02  3.815800e+03  6.750235e+03  8.969671e+03  1.306708e+04 
 3.992109e-02  3.766388e+03  6.662677e+03  8.853323e+03  1.289782e+04 
 4.047757e-02  3.717614e+03  6.576226e+03  8.738411e+03  1.273053e+04 
 4.104181e-02  3.669359e+03  6.490114e+03  8.623319e+03  1.256128e+04 
 4.161391e-02  3.621922e+03  6.405466e+03  8.510176e+03  1.239483e+04 
 4.219398e-02  3.575375e+03  6.322390e+03  8.399127e+03  1.223145e+04 
 4.278214e-02  3.529753e+03  6.240962e+03  8.290271e+03  1.207122e+04 
 4.337850e-02  3.485072e+03  6.161204e+03  8.183635e+03  1.191425e+04 
 4.398317e-02  3.441359e+03  6.083162e+03  8.079289e+03  1.176059e+04 
 4.459628e-02  3.398628e+03  6.006866e+03  7.977254e+03  1.161032e+04 
 4.521792e-02  3.356895e+03  5.932345e+03  7.877583e+03  1.146347e+04 
 4.584824e-02  3.316183e+03  5.859636e+03  7.780332e+03  1.132014e+04 
 4.648734e-02  3.276501e+03  5.788758e+03  7.685509e+03  1.118036e+04 
 4.713535e-02  3.238025e+03  5.720752e+03  7.595265e+03  1.104925e+04 
 4.779239e-02  3.200695e+03  5.655225e+03  7.508771e+03  1.092482e+04 
 4.845859e-02  3.164436e+03  5.591581e+03  7.424774e+03  1.080397e+04 
 4.913407e-02  3.129235e+03  5.529806e+03  7.343245e+03  1.068670e+04 
 4.981898e-02  3.095073e+03  5.469868e+03  7.264152e+03  1.057298e+04 
 5.051342e-02  3.061926e+03  5.411721e+03  7.187432e+03  1.046268e+04 
 5.121755e-02  3.029759e+03  5.355309e+03  7.113014e+03  1.035571e+04 
 5.193150e-02  2.998543e+03  5.300568e+03  7.040813e+03  1.025197e+04 
 5.265540e-02  2.968223e+03  5.247421e+03  6.970721e+03  1.015129e+04 
 5.338938e-02  2.938518e+03  5.194910e+03  6.901016e+03  1.004998e+04 
 5.413360e-02  2.909318e+03  5.142764e+03  6.831253e+03  9.947169e+03 
 5.488820e-02  2.880853e+03  5.091912e+03  6.763221e+03  9.846887e+03 
 5.565331e-02  2.853051e+03  5.042244e+03  6.696758e+03  9.748917e+03 
 5.642908e-02  2.825832e+03  4.993600e+03  6.631665e+03  9.652942e+03 
 5.721568e-02  2.799090e+03  4.945816e+03  6.567704e+03  9.558607e+03 
 5.801323e-02  2.772722e+03  4.898689e+03  6.504622e+03  9.465586e+03 
 5.882190e-02  2.746672e+03  4.852146e+03  6.442331e+03  9.373780e+03 
 5.964185e-02  2.721047e+03  4.806700e+03  6.381859e+03  9.285573e+03 
 6.047322e-02  2.696052e+03  4.763274e+03  6.325007e+03  9.205119e+03 
 6.131619e-02  2.671036e+03  4.719809e+03  6.268089e+03  9.124550e+03 
 6.217090e-02  2.645810e+03  4.675952e+03  6.210628e+03  9.043120e+03 
 6.303753e-02  2.620336e+03  4.631629e+03  6.152518e+03  8.960683e+03 
 6.391624e-02  2.594463e+03  4.586582e+03  6.093432e+03  8.876788e+03 
 6.480720e-02  2.568121e+03  4.540696e+03  6.033219e+03  8.791236e+03 
 6.571058e-02  2.541165e+03  4.493713e+03  5.971557e+03  8.703559e+03 
 6.662655e-02  2.512335e+03  4.441572e+03  5.901103e+03  8.597813e+03 
 6.755528e-02  2.482658e+03  4.387880e+03  5.828524e+03  8.488825e+03 
 6.849697e-02  2.452089e+03  4.332604e+03  5.753849e+03  8.376783e+03 
 6.945178e-02  2.420555e+03  4.275626e+03  5.676913e+03  8.261454e+03 
 7.041990e-02  2.387983e+03  4.216809e+03  5.597540e+03  8.142588e+03 
 7.140151e-02  2.354313e+03  4.156063e+03  5.515616e+03  8.020010e+03 
 7.239681e-02  2.319794e+03  4.094088e+03  5.432387e+03  7.896606e+03 
 7.340598e-02  2.284443e+03  4.030973e+03  5.348045e+03  7.772835e+03 
 7.442922e-02  2.247927e+03  3.965794e+03  5.260957e+03  7.645048e+03 
 7.546673e-02  2.210260e+03  3.898576e+03  5.171163e+03  7.513307e+03 
 7.651869e-02  2.171474e+03  3.829378e+03  5.078738e+03  7.377712e+03 
 7.758532e-02  2.131624e+03  3.758305e+03  4.983823e+03  7.238478e+03 
 7.866682e-02  2.091647e+03  3.688128e+03  4.891187e+03  7.105209e+03 
 7.976339e-02  2.052168e+03  3.620638e+03  4.803864e+03  6.983960e+03 
 8.087525e-02  2.011848e+03  3.551591e+03  4.714401e+03  6.859380e+03 
 8.200261e-02  1.970823e+03  3.481210e+03  4.623090e+03  6.731900e+03 
 8.314568e-02  1.929240e+03  3.409762e+03  4.530280e+03  6.602020e+03 
 8.430468e-02  1.887262e+03  3.337534e+03  4.436350e+03  6.470291e+03 
 8.547985e-02  1.844240e+03  3.262188e+03  4.337080e+03  6.327965e+03 
 8.667139e-02  1.800831e+03  3.185557e+03  4.235545e+03  6.180987e+03 
 8.787954e-02  1.757634e+03  3.109285e+03  4.134462e+03  6.034587e+03 
 8.910453e-02  1.714852e+03  3.033727e+03  4.034309e+03  5.889468e+03 
 9.034660e-02  1.672691e+03  2.959260e+03  3.935588e+03  5.746372e+03 
 9.160598e-02  1.632022e+03  2.888320e+03  3.842347e+03  5.613034e+03 
 9.288292e-02  1.592965e+03  2.821014e+03  3.754626e+03  5.489303e+03 
 9.417766e-02  1.555054e+03  2.755679e+03  3.669457e+03  5.369122e+03 
 9.549045e-02  1.518459e+03  2.692617e+03  3.587258e+03  5.253121e+03 
 9.682153e-02  1.483339e+03  2.632113e+03  3.508410e+03  5.141875e+03 
 9.817117e-02  1.450069e+03  2.575218e+03  3.434656e+03  5.038727e+03 
 9.953962e-02  1.418598e+03  2.521605e+03  3.365344e+03  4.942234e+03 
 1.009272e-01  1.388916e+03  2.471124e+03  3.300159e+03  4.851648e+03 
 1.023340e-01  1.361083e+03  2.423890e+03  3.239256e+03  4.767232e+03 
 1.037605e-01  1.334460e+03  2.378004e+03  3.179426e+03  4.682774e+03 
 1.052069e-01  1.307218e+03  2.328123e+03  3.111698e+03  4.581018e+03 
 1.066734e-01  1.281885e+03  2.281704e+03  3.048640e+03  4.486231e+03 
 1.081604e-01  1.258373e+03  2.238596e+03  2.990043e+03  4.398091e+03 
 1.096681e-01  1.236571e+03  2.198584e+03  2.935624e+03  4.316176e+03 
 1.111968e-01  1.216619e+03  2.162249e+03  2.886285e+03  4.241597e+03 
 1.127468e-01  1.198065e+03  2.128458e+03  2.840376e+03  4.172103e+03 
 1.143184e-01  1.180697e+03  2.096802e+03  2.797340e+03  4.106892e+03 
 1.159120e-01  1.164287e+03  2.066883e+03  2.756635e+03  4.045150e+03 
 1.175277e-01  1.149535e+03  2.040880e+03  2.721948e+03  3.993810e+03 
 1.191660e-01  1.135318e+03  2.015917e+03  2.688715e+03  3.944753e+03 
 1.208271e-01  1.121286e+03  1.991279e+03  2.655914e+03  3.896333e+03 
 1.225114e-01  1.107148e+03  1.966430e+03  2.622829e+03  3.847566e+03 
 1.242191e-01  1.092369e+03  1.940287e+03  2.588086e+03  3.797135e+03 
 1.259506e-01  1.077024e+03  1.913123e+03  2.551972e+03  3.744675e+03 
 1.277063e-01  1.060909e+03  1.884568e+03  2.513978e+03  3.689421e+03 
 1.294865e-01  1.044187e+03  1.855112e+03  2.474813e+03  3.632179e+03 
 1.312915e-01  1.026783e+03  1.824649e+03  2.434336e+03  3.572711e+03 
 1.331216e-01  1.008189e+03  1.792031e+03  2.390957e+03  3.508945e+03 
 1.349772e-01  9.883969e+02  1.757277e+03  2.344748e+03  3.441127e+03 
 1.368587e-01  9.686259e+02  1.724475e+03  2.303255e+03  3.386157e+03 
 1.387665e-01  9.476924e+02  1.689482e+03  2.258734e+03  3.326504e+03 
 1.407008e-01  9.257329e+02  1.652538e+03  2.211499e+03  3.262599e+03 
 1.426621e-01  9.038123e+02  1.615885e+03  2.164445e+03  3.197541e+03 
 1.446507e-01  8.815341e+02  1.578562e+03  2.116355e+03  3.130368e+03 
 1.466671e-01  8.588584e+02  1.540382e+03  2.067007e+03  3.061136e+03 
 1.487115e-01  8.340773e+02  1.496576e+03  2.008914e+03  2.977241e+03 
 1.507845e-01  8.082299e+02  1.449651e+03  1.945852e+03  2.884870e+03 
 1.528864e-01  7.830507e+02  1.403935e+03  1.884416e+03  2.794860e+03 
 1.550175e-01  7.606305e+02  1.365012e+03  1.833472e+03  2.722890e+03 
 1.571784e-01  7.405980e+02  1.331599e+03  1.790836e+03  2.664872e+03 
 1.593694e-01  7.218138e+02  1.300317e+03  1.750969e+03  2.610742e+03 
 1.615909e-01  7.048856e+02  1.272524e+03  1.715773e+03  2.563173e+03 
 1.638434e-01  6.896480e+02  1.247797e+03  1.684658e+03  2.521438e+03 
 1.661273e-01  6.759441e+02  1.225758e+03  1.657100e+03  2.484858e+03 
 1.684430e-01  6.604528e+02  1.197794e+03  1.619815e+03  2.431236e+03 
 1.707910e-01  6.460732e+02  1.171539e+03  1.584636e+03  2.380438e+03 
 1.731717e-01  6.335611e+02  1.149046e+03  1.554707e+03  2.337464e+03 
 1.755856e-01  6.242440e+02  1.133788e+03  1.535199e+03  2.310007e+03 
 1.780332e-01  6.157748e+02  1.120057e+03  1.517749e+03  2.285618e+03 
 1.805149e-01  6.061464e+02  1.102179e+03  1.493016e+03  2.247152e+03 
 1.830312e-01  5.957872e+02  1.081764e+03  1.463860e+03  2.200195e+03 
 1.855825e-01  5.855491e+02  1.061863e+03  1.435724e+03  2.155501e+03 
 1.881694e-01  5.756780e+02  1.044290e+03  1.412584e+03  2.122536e+03 
 1.907924e-01  5.652963e+02  1.025770e+03  1.388142e+03  2.087577e+03 
 1.934520e-01  5.537746e+02  1.005074e+03  1.360906e+03  2.049601e+03 
 1.961486e-01  5.412845e+02  9.825800e+02  1.331279e+03  2.008387e+03 
 1.988828e-01  5.291883e+02  9.615158e+02  1.303808e+03  1.970105e+03 
 2.016551e-01  5.180735e+02  9.432570e+02  1.280454e+03  1.937595e+03 
 2.044661e-01  5.060460e+02  9.230222e+02  1.254191e+03  1.900348e+03 
 2.073162e-01  4.925497e+02  8.986373e+02  1.221188e+03  1.851260e+03 
 2.102061e-01  4.787787e+02  8.737149e+02  1.187438e+03  1.800999e+03 
 2.131362e-01  4.687947e+02  8.597466e+02  1.171318e+03  1.780788e+03 
 2.161073e-01  4.591520e+02  8.464210e+02  1.156091e+03  1.761914e+03 
 2.191197e-01  4.467811e+02  8.257843e+02  1.130064e+03  1.727924e+03 
 2.221741e-01  4.344188e+02  8.045880e+02  1.103018e+03  1.692467e+03 
 2.252711e-01  4.233591e+02  7.861701e+02  1.079921e+03  1.662398e+03 
 2.284112e-01  4.134116e+02  7.698795e+02  1.059726e+03  1.636401e+03 
 2.315951e-01  4.047732e+02  7.550039e+02  1.039970e+03  1.606833e+03 
 2.348235e-01  3.972102e+02  7.417750e+02  1.021956e+03  1.578472e+03 
 2.380968e-01  3.883736e+02  7.249350e+02  9.986757e+02  1.543326e+03 
 2.414157e-01  3.796900e+02  7.080800e+02  9.753002e+02  1.508345e+03 
 2.447809e-01  3.711072e+02  6.919534e+02  9.534512e+02  1.475788e+03 
 2.481930e-01  3.628562e+02  6.765570e+02  9.326635e+02  1.444819e+03 
 2.516527e-01  3.579708e+02  6.686819e+02  9.222806e+02  1.429081e+03 
 2.551606e-01  3.519416e+02  6.582837e+02  9.084156e+02  1.408554e+03 
 2.587174e-01  3.427056e+02  6.407309e+02  8.847058e+02  1.374730e+03 
 2.623238e-01  3.348489e+02  6.268580e+02  8.664687e+02  1.349162e+03 
 2.659804e-01  3.285244e+02  6.170320e+02  8.542368e+02  1.332656e+03 
 2.696881e-01  3.200916e+02  6.023628e+02  8.350132e+02  1.304778e+03 
 2.734474e-01  3.109968e+02  5.862094e+02  8.136691e+02  1.273536e+03 
 2.772591e-01  3.041439e+02  5.755419e+02  8.008318e+02  1.257851e+03 
 2.811239e-01  2.969092e+02  5.635575e+02  7.860524e+02  1.240167e+03 
 2.850426e-01  2.893176e+02  5.501293e+02  7.691513e+02  1.220680e+03 
 2.890160e-01  2.824626e+02  5.388937e+02  7.549608e+02  1.200843e+03 
 2.930447e-01  2.761421e+02  5.282865e+02  7.409398e+02  1.179312e+03 
 2.971296e-01  2.701523e+02  5.166627e+02  7.236773e+02  1.150159e+03 
 3.012714e-01  2.647639e+02  5.075219e+02  7.116799e+02  1.132570e+03 
 3.054710e-01  2.594810e+02  4.989170e+02  7.010775e+02  1.118646e+03 
 3.097291e-01  2.531195e+02  4.875287e+02  6.863763e+02  1.099016e+03 
 3.140465e-01  2.473456e+02  4.762241e+02  6.703534e+02  1.073197e+03 
 3.184242e-01  2.422014e+02  4.662884e+02  6.562382e+02  1.050318e+03 
 3.228628e-01  2.381552e+02  4.598585e+02  6.483621e+02  1.040960e+03 
 3.273634e-01  2.323656e+02  4.487152e+02  6.327354e+02  1.016706e+03 
 3.319266e-01  2.263424e+02  4.375766e+02  6.177525e+02  9.949420e+02 
 3.365535e-01  2.206267e+02  4.279115e+02  6.057111e+02  9.795497e+02 
 3.412449e-01  2.167084e+02  4.229437e+02  5.998812e+02  9.703302e+02 
 3.460016e-01  2.123654e+02  4.161332e+02  5.912836e+02  9.585047e+02 
 3.508247e-01  2.080784e+02  4.087446e+02  5.816120e+02  9.447544e+02 
 3.557150e-01  2.039141e+02  4.012331e+02  5.716055e+02  9.298353e+02 
 3.606735e-01  1.991211e+02  3.929287e+02  5.608907e+02  9.150124e+02 
 3.657011e-01  1.933782e+02  3.824002e+02  5.468303e+02  8.960881e+02 
 3.707988e-01  1.887886e+02  3.738706e+02  5.354196e+02  8.795371e+02 
 3.759675e-01  1.846080e+02  3.661150e+02  5.249725e+02  8.642784e+02 
 3.812083e-01  1.803139e+02  3.585624e+02  5.149247e+02  8.499707e+02 
 3.865221e-01  1.766943e+02  3.533470e+02  5.087631e+02  8.395433e+02 
 3.919100e-01  1.730066e+02  3.451198e+02  4.966685e+02  8.237850e+02 
 3.973730e-01  1.688530e+02  3.385513e+02  4.886097e+02  8.112269e+02 
 4.029122e-01  1.655493e+02  3.335263e+02  4.817246e+02  7.988607e+02 
 4.085286e-01  1.621681e+02  3.265531e+02  4.720152e+02  7.854435e+02 
 4.142232e-01  1.580738e+02  3.185734e+02  4.617775e+02  7.731612e+02 
 4.199973e-01  1.541152e+02  3.120256e+02  4.536433e+02  7.614604e+02 
 4.258518e-01  1.509416e+02  3.062901e+02  4.456111e+02  7.478443e+02 
 4.317880e-01  1.475608e+02  2.998221e+02  4.362736e+02  7.340541e+02 
 4.378069e-01  1.445899e+02  2.941169e+02  4.283162e+02  7.212501e+02 
 4.439097e-01  1.421173e+02  2.903631e+02  4.238843e+02  7.172208e+02 
 4.500975e-01  1.382579e+02  2.834364e+02  4.145894e+02  7.038287e+02 
 4.563716e-01  1.350010e+02  2.770052e+02  4.054379e+02  6.879205e+02 
 4.627332e-01  1.329333e+02  2.742320e+02  4.025160e+02  6.851264e+02 
 4.691835e-01  1.295449e+02  2.677551e+02  3.933593e+02  6.701394e+02 
 4.757236e-01  1.270831e+02  2.631454e+02  3.872370e+02  6.611615e+02 
 4.823549e-01  1.237569e+02  2.566000e+02  3.783143e+02  6.496570e+02 
 4.890787e-01  1.211255e+02  2.516951e+02  3.717880e+02  6.395828e+02 
 4.958962e-01  1.191404e+02  2.479329e+02  3.660522e+02  6.294066e+02 
 5.028087e-01  1.164798e+02  2.434559e+02  3.601198e+02  6.210063e+02 
 5.098176e-01  1.142965e+02  2.395657e+02  3.545227e+02  6.102922e+02 
 5.169242e-01  1.122958e+02  2.359124e+02  3.497511e+02  6.040022e+02 
 5.241298e-01  1.086341e+02  2.299265e+02  3.425529e+02  5.954031e+02 
 5.314359e-01  1.067250e+02  2.270191e+02  3.386060e+02  5.892840e+02 
 5.388438e-01  1.044819e+02  2.221761e+02  3.315756e+02  5.790216e+02 
 5.463550e-01  1.026119e+02  2.186017e+02  3.263494e+02  5.706658e+02 
 5.539709e-01  9.988074e+01  2.140198e+02  3.206141e+02  5.618848e+02 
 5.616930e-01  9.809588e+01  2.106564e+02  3.159492e+02  5.550015e+02 
 5.695227e-01  9.614313e+01  2.075987e+02  3.121782e+02  5.471295e+02 
 5.774615e-01  9.394488e+01  2.027341e+02  3.052043e+02  5.376368e+02 
 5.855110e-01  9.224556e+01  1.996448e+02  3.005074e+02  5.300820e+02 
 5.936727e-01  9.010436e+01  1.949064e+02  2.941937e+02  5.208891e+02 
 6.019482e-01  8.857166e+01  1.926166e+02  2.905098e+02  5.144273e+02 
 6.103390e-01  8.646447e+01  1.891594e+02  2.860510e+02  5.066591e+02 
 6.188468e-01  8.452466e+01  1.861235e+02  2.834310e+02  5.045978e+02 
 6.274732e-01  8.311226e+01  1.826331e+02  2.776475e+02  4.957253e+02 
 6.362198e-01  8.144612e+01  1.797900e+02  2.734734e+02  4.878927e+02 
 6.450884e-01  7.952676e+01  1.765001e+02  2.690443e+02  4.805202e+02 
 6.540806e-01  7.786041e+01  1.726991e+02  2.634747e+02  4.728779e+02 
 6.631981e-01  7.613707e+01  1.701606e+02  2.607521e+02  4.679999e+02 
 6.724427e-01  7.468147e+01  1.671348e+02  2.567010e+02  4.632327e+02 
 6.818162e-01  7.307249e+01  1.640784e+02  2.514442e+02  4.541080e+02 
 6.913204e-01  7.150052e+01  1.610617e+02  2.476688e+02  4.478019e+02 
 7.009570e-01  7.046643e+01  1.586234e+02  2.442091e+02  4.419751e+02 
 7.107280e-01  6.866290e+01  1.559101e+02  2.404266e+02  4.349411e+02 
 7.206351e-01  6.758632e+01  1.535057e+02  2.373180e+02  4.312414e+02 
 7.306804e-01  6.620649e+01  1.510932e+02  2.334389e+02  4.236134e+02 
 7.408657e-01  6.472606e+01  1.480944e+02  2.292644e+02  4.180735e+02 
 7.511929e-01  6.333971e+01  1.453808e+02  2.258460e+02  4.122957e+02 
 7.616642e-01  6.209268e+01  1.427549e+02  2.222579e+02  4.070454e+02 
 7.722814e-01  6.126178e+01  1.412072e+02  2.196275e+02  4.010179e+02 
 7.830465e-01  5.995841e+01  1.384858e+02  2.159491e+02  3.957038e+02 
 7.939618e-01  5.883074e+01  1.366196e+02  2.130601e+02  3.918966e+02 
 8.050292e-01  5.752179e+01  1.341119e+02  2.101626e+02  3.866492e+02 
 8.162509e-01  5.651862e+01  1.320958e+02  2.065620e+02  3.799682e+02 
 8.276289e-01  5.513497e+01  1.294821e+02  2.032711e+02  3.751544e+02 
 8.391656e-01  5.444205e+01  1.279124e+02  2.004532e+02  3.712152e+02 
 8.508632e-01  5.343042e+01  1.257082e+02  1.976539e+02  3.661339e+02 
 8.627237e-01  5.225357e+01  1.236868e+02  1.946905e+02  3.603874e+02 
 8.747496e-01  5.128124e+01  1.215954e+02  1.918117e+02  3.556469e+02 
 8.869432e-01  5.038119e+01  1.198118e+02  1.891707e+02  3.510535e+02 
 8.993067e-01  4.936230e+01  1.178846e+02  1.862867e+02  3.460869e+02 
 9.118425e-01  4.856569e+01  1.158525e+02  1.831626e+02  3.400087e+02 
 9.245531e-01  4.750300e+01  1.138770e+02  1.802816e+02  3.363444e+02 
 9.374409e-01  4.658986e+01  1.121252e+02  1.779589e+02  3.317985e+02 
 9.505083e-01  4.580405e+01  1.103543e+02  1.753763e+02  3.272016e+02 
 9.637579e-01  4.481620e+01  1.082081e+02  1.723090e+02  3.225207e+02 
 9.771921e-01  4.422957e+01  1.075132e+02  1.705843e+02  3.182535e+02 
 9.908137e-01  4.336739e+01  1.055084e+02  1.679092e+02  3.142539e+02 
 1.004625e+00  4.252206e+01  1.035654e+02  1.650139e+02  3.089589e+02 
 1.018629e+00  4.179947e+01  1.021137e+02  1.627150e+02  3.046258e+02 
 1.032828e+00  4.099848e+01  1.005160e+02  1.606220e+02  3.015705e+02 
 1.047225e+00  4.020008e+01  9.906706e+01  1.580835e+02  2.964701e+02 
 1.061823e+00  3.957168e+01  9.771287e+01  1.559334e+02  2.922388e+02 
 1.076624e+00  3.882669e+01  9.614782e+01  1.536146e+02  2.879368e+02 
 1.091632e+00  3.814899e+01  9.462499e+01  1.514283e+02  2.837037e+02 
 1.106848e+00  3.741563e+01  9.299005e+01  1.491609e+02  2.799085e+02 
 1.122277e+00  3.674820e+01  9.166622e+01  1.467633e+02  2.754223e+02 
 1.137921e+00  3.607680e+01  9.011225e+01  1.445717e+02  2.714321e+02 
 1.153783e+00  3.548874e+01  8.871005e+01  1.423925e+02  2.676798e+02 
 1.169866e+00  3.483996e+01  8.737669e+01  1.402614e+02  2.639441e+02 
 1.186174e+00  3.419714e+01  8.609895e+01  1.382138e+02  2.598388e+02 
 1.202708e+00  3.363863e+01  8.475922e+01  1.361769e+02  2.559204e+02 
 1.219473e+00  3.306208e+01  8.351031e+01  1.342336e+02  2.518435e+02 
 1.236472e+00  3.246654e+01  8.225502e+01  1.323295e+02  2.482650e+02 
 1.253708e+00  3.192662e+01  8.092154e+01  1.302066e+02  2.447920e+02 
 1.271184e+00  3.138493e+01  7.999752e+01  1.286072e+02  2.409502e+02 
 1.288904e+00  3.084254e+01  7.848032e+01  1.264119e+02  2.376545e+02 
 1.306870e+00  3.027349e+01  7.728533e+01  1.245075e+02  2.338180e+02 
 1.325087e+00  2.980745e+01  7.615846e+01  1.226649e+02  2.299897e+02 
 1.343558e+00  2.929860e+01  7.497071e+01  1.207763e+02  2.263753e+02 
 1.362287e+00  2.883699e+01  7.376548e+01  1.187744e+02  2.228799e+02 
 1.381276e+00  2.834066e+01  7.262121e+01  1.167712e+02  2.193695e+02 
 1.400531e+00  2.787250e+01  7.151050e+01  1.150363e+02  2.155622e+02 
 1.420053e+00  2.737542e+01  7.033497e+01  1.132967e+02  2.120538e+02 
 1.439848e+00  2.692862e+01  6.928804e+01  1.114040e+02  2.086684e+02 
 1.459919e+00  2.643857e+01  6.816979e+01  1.096112e+02  2.050059e+02 
 1.480269e+00  2.605200e+01  6.699019e+01  1.077762e+02  2.012948e+02 
 1.500903e+00  2.560372e+01  6.595704e+01  1.059840e+02  1.982922e+02 
 1.521825e+00  2.517075e+01  6.500514e+01  1.043751e+02  1.948770e+02 
 1.543038e+00  2.473891e+01  6.395209e+01  1.027757e+02  1.917199e+02 
 1.564548e+00  2.436566e+01  6.293640e+01  1.010492e+02  1.883039e+02 
 1.586357e+00  2.396622e+01  6.200122e+01  9.943573e+01  1.850072e+02 
 1.608469e+00  2.355249e+01  6.103386e+01  9.782771e+01  1.820136e+02 
 1.630891e+00  2.323664e+01  5.995046e+01  9.604148e+01  1.785793e+02 
 1.653624e+00  2.282363e+01  5.898646e+01  9.455665e+01  1.757056e+02 
 1.676675e+00  2.245165e+01  5.813554e+01  9.303135e+01  1.724167e+02 
 1.700047e+00  2.207459e+01  5.718745e+01  9.141789e+01  1.693576e+02 
 1.723745e+00  2.172148e+01  5.622722e+01  8.982776e+01  1.660582e+02 
 1.747773e+00  2.134539e+01  5.526973e+01  8.823900e+01  1.630109e+02 
 1.772136e+00  2.100103e+01  5.434196e+01  8.667971e+01  1.601357e+02 
 1.796838e+00  2.066740e+01  5.342869e+01  8.518238e+01  1.570853e+02 
 1.821885e+00  2.034292e+01  5.251794e+01  8.363395e+01  1.541757e+02 
 1.847281e+00  2.001273e+01  5.171895e+01  8.222339e+01  1.512546e+02 
 1.873032e+00  1.968945e+01  5.077600e+01  8.063407e+01  1.484132e+02 
 1.899141e+00  1.935756e+01  4.988355e+01  7.922596e+01  1.456027e+02 
 1.925614e+00  1.905726e+01  4.906309e+01  7.781131e+01  1.427362e+02 
 1.952456e+00  1.880053e+01  4.826741e+01  7.641523e+01  1.399572e+02 
 1.979672e+00  1.845861e+01  4.746602e+01  7.505095e+01  1.372618e+02 
 2.007267e+00  1.818836e+01  4.663033e+01  7.357764e+01  1.346402e+02 
 2.035248e+00  1.787118e+01  4.579023e+01  7.219459e+01  1.319199e+02 
 2.063618e+00  1.758277e+01  4.496747e+01  7.086147e+01  1.292447e+02 
 2.092383e+00  1.730221e+01  4.417449e+01  6.949290e+01  1.266782e+02 
 2.121550e+00  1.701316e+01  4.336353e+01  6.815670e+01  1.240240e+02 
 2.151123e+00  1.674126e+01  4.258194e+01  6.680428e+01  1.214362e+02 
 2.181109e+00  1.646424e+01  4.179248e+01  6.551964e+01  1.189884e+02 
 2.211512e+00  1.619338e+01  4.099661e+01  6.418314e+01  1.163599e+02 
 2.242340e+00  1.593158e+01  4.026699e+01  6.292457e+01  1.139544e+02 
 2.273597e+00  1.565208e+01  3.950335e+01  6.160292e+01  1.115290e+02 
 2.305289e+00  1.541321e+01  3.876081e+01  6.039037e+01  1.091702e+02 
 2.337424e+00  1.515551e+01  3.801020e+01  5.914856e+01  1.068510e+02 
 2.370006e+00  1.490288e+01  3.729010e+01  5.796633e+01  1.046013e+02 
 2.403043e+00  1.464531e+01  3.658029e+01  5.674131e+01  1.023033e+02 
 2.436540e+00  1.441240e+01  3.588811e+01  5.558153e+01  1.000777e+02 
 2.470504e+00  1.417239e+01  3.520691e+01  5.440873e+01  9.788553e+01 
 2.504942e+00  1.393719e+01  3.454153e+01  5.329631e+01  9.576093e+01 
 2.539859e+00  1.371451e+01  3.385791e+01  5.215712e+01  9.363195e+01 
 2.575263e+00  1.347349e+01  3.318349e+01  5.109627e+01  9.158971e+01 
 2.611161e+00  1.325653e+01  3.251933e+01  4.997059e+01  8.954583e+01 
 2.647559e+00  1.303258e+01  3.186142e+01  4.886870e+01  8.749022e+01 
 2.684465e+00  1.281211e+01  3.123675e+01  4.779901e+01  8.549602e+01 
 2.721885e+00  1.258229e+01  3.057196e+01  4.675739e+01  8.353493e+01 
 2.759826e+00  1.236483e+01  2.992400e+01  4.570627e+01  8.161334e+01 
 2.798297e+00  1.214834e+01  2.931609e+01  4.469666e+01  7.976263e+01 
 2.837304e+00  1.193661e+01  2.869642e+01  4.369115e+01  7.789429e+01 
 2.876854e+00  1.172444e+01  2.808422e+01  4.269843e+01  7.608448e+01 
 2.916956e+00  1.151818e+01  2.749719e+01  4.172977e+01  7.428540e+01 
 2.957617e+00  1.131833e+01  2.691939e+01  4.079570e+01  7.256104e+01 
 2.998844e+00  1.111564e+01  2.635028e+01  3.986159e+01  7.085158e+01 
 3.040646e+00  1.091849e+01  2.578065e+01  3.895548e+01  6.923292e+01 
 3.083031e+00  1.072447e+01  2.522570e+01  3.806635e+01  6.761202e+01 
 3.126007e+00  1.053837e+01  2.468895e+01  3.719396e+01  6.600744e+01 
 3.169582e+00  1.034727e+01  2.414110e+01  3.632660e+01  6.445673e+01 
 3.213764e+00  1.016069e+01  2.361550e+01  3.548139e+01  6.292960e+01 
 3.258562e+00  9.971871e+00  2.310181e+01  3.465019e+01  6.142553e+01 
 3.303985e+00  9.787710e+00  2.257758e+01  3.383430e+01  5.995332e+01 
 3.350041e+00  9.607630e+00  2.206376e+01  3.301920e+01  5.849471e+01 
 3.396739e+00  9.423128e+00  2.156703e+01  3.223721e+01  5.706055e+01 
 3.444087e+00  9.248026e+00  2.106595e+01  3.145016e+01  5.566739e+01 
 3.492096e+00  9.072406e+00  2.058758e+01  3.069847e+01  5.432264e+01 
 3.540774e+00  8.894865e+00  2.011783e+01  2.996099e+01  5.299464e+01 
 3.590130e+00  8.725103e+00  1.964638e+01  2.922768e+01  5.170455e+01 
 3.640175e+00  8.559948e+00  1.919218e+01  2.852716e+01  5.043261e+01 
 3.690917e+00  8.391032e+00  1.875340e+01  2.782728e+01  4.920168e+01 
 3.742366e+00  8.227268e+00  1.830872e+01  2.715318e+01  4.801595e+01 
 3.794533e+00  8.069429e+00  1.788852e+01  2.649612e+01  4.684014e+01 
 3.847427e+00  7.911752e+00  1.746565e+01  2.585287e+01  4.570886e+01 
 3.901058e+00  7.752719e+00  1.706076e+01  2.522783e+01  4.458872e+01 
 3.955436e+00  7.602848e+00  1.665694e+01  2.460219e+01  4.349154e+01 
 4.010573e+00  7.448833e+00  1.626084e+01  2.400396e+01  4.242703e+01 
 4.066478e+00  7.298381e+00  1.586965e+01  2.340662e+01  4.137115e+01 
 4.123163e+00  7.148250e+00  1.549111e+01  2.282396e+01  4.033895e+01 
 4.180637e+00  7.002353e+00  1.511729e+01  2.225579e+01  3.932553e+01 
 4.238913e+00  6.856937e+00  1.474679e+01  2.169576e+01  3.834695e+01 
 4.298001e+00  6.710883e+00  1.438707e+01  2.115251e+01  3.738084e+01 
 4.357913e+00  6.573681e+00  1.403377e+01  2.062418e+01  3.645004e+01 
 4.418660e+00  6.433378e+00  1.369285e+01  2.010321e+01  3.554000e+01 
 4.480254e+00  6.296103e+00  1.335491e+01  1.959838e+01  3.464891e+01 
 4.542706e+00  6.163388e+00  1.302455e+01  1.910399e+01  3.377820e+01 
 4.606029e+00  6.031649e+00  1.270785e+01  1.862779e+01  3.294148e+01 
 4.670234e+00  5.902346e+00  1.239596e+01  1.816426e+01  3.212374e+01 
 4.735335e+00  5.775907e+00  1.209289e+01  1.770941e+01  3.132213e+01 
 4.801343e+00  5.653429e+00  1.179820e+01  1.726872e+01  3.054030e+01 
 4.868271e+00  5.531453e+00  1.150805e+01  1.683623e+01  2.977855e+01 
 4.936132e+00  5.411127e+00  1.122343e+01  1.641434e+01  2.903420e+01 
 5.004939e+00  5.292531e+00  1.094600e+01  1.600061e+01  2.830406e+01 
 5.074705e+00  5.174836e+00  1.067203e+01  1.559383e+01  2.758933e+01 
 5.145444e+00  5.060130e+00  1.040517e+01  1.519877e+01  2.689248e+01 
 5.217169e+00  4.946112e+00  1.014299e+01  1.480729e+01  2.620304e+01 
 5.289893e+00  4.836055e+00  9.888515e+00  1.443480e+01  2.553838e+01 
 5.363631e+00  4.725364e+00  9.639141e+00  1.406266e+01  2.488690e+01 
 5.438397e+00  4.618677e+00  9.395134e+00  1.370359e+01  2.424943e+01 
 5.514206e+00  4.513376e+00  9.158001e+00  1.335391e+01  2.363155e+01 
 5.591071e+00  4.409296e+00  8.927504e+00  1.301229e+01  2.303029e+01 
 5.669007e+00  4.309626e+00  8.701871e+00  1.268188e+01  2.244545e+01 
 5.748030e+00  4.211016e+00  8.483866e+00  1.235836e+01  2.187306e+01 
 5.828155e+00  4.114602e+00  8.271064e+00  1.204565e+01  2.131788e+01 
 5.909396e+00  4.020477e+00  8.063813e+00  1.174055e+01  2.077977e+01 
 5.991770e+00  3.928109e+00  7.861217e+00  1.144229e+01  2.025418e+01 
 6.075292e+00  3.838137e+00  7.665121e+00  1.115294e+01  1.974041e+01 
 6.159978e+00  3.749427e+00  7.472667e+00  1.087042e+01  1.923909e+01 
 6.245845e+00  3.662160e+00  7.284161e+00  1.059339e+01  1.874656e+01 
 6.332908e+00  3.576176e+00  7.098726e+00  1.032096e+01  1.826322e+01 
 6.421186e+00  3.492512e+00  6.918318e+00  1.005483e+01  1.779133e+01 
 6.510694e+00  3.409707e+00  6.741592e+00  9.795951e+00  1.733111e+01 
 6.601449e+00  3.329228e+00  6.569863e+00  9.543070e+00  1.688201e+01 
 6.693470e+00  3.249952e+00  6.401153e+00  9.295403e+00  1.644273e+01 
 6.786773e+00  3.172500e+00  6.237709e+00  9.054655e+00  1.601557e+01 
 6.881377e+00  3.097363e+00  6.078578e+00  8.820401e+00  1.559782e+01 
 6.977300e+00  3.023735e+00  5.923907e+00  8.593613e+00  1.519327e+01 
 7.074559e+00  2.952142e+00  5.772910e+00  8.371220e+00  1.479862e+01 
 7.173175e+00  2.881919e+00  5.626526e+00  8.156266e+00  1.441567e+01 
 7.273165e+00  2.813836e+00  5.484335e+00  7.947819e+00  1.404258e+01 
 7.374549e+00  2.747338e+00  5.345721e+00  7.743590e+00  1.368048e+01 
 7.477346e+00  2.682229e+00  5.211375e+00  7.546511e+00  1.332746e+01 
 7.581576e+00  2.619139e+00  5.079519e+00  7.353217e+00  1.298304e+01 
 7.687260e+00  2.557056e+00  4.951363e+00  7.164610e+00  1.264717e+01 
 7.794416e+00  2.496258e+00  4.825624e+00  6.979331e+00  1.231716e+01 
 7.903066e+00  2.436637e+00  4.702305e+00  6.798084e+00  1.199344e+01 
 8.013230e+00  2.378266e+00  4.582553e+00  6.622492e+00  1.167814e+01 
 8.124930e+00  2.321059e+00  4.465285e+00  6.450051e+00  1.136954e+01 
 8.238187e+00  2.265362e+00  4.350633e+00  6.281485e+00  1.106901e+01 
 8.353023e+00  2.210879e+00  4.239245e+00  6.118040e+00  1.077584e+01 
 8.469460e+00  2.157891e+00  4.130916e+00  5.958695e+00  1.049042e+01 
 8.587519e+00  2.106180e+00  4.025307e+00  5.803554e+00  1.021292e+01 
 8.707225e+00  2.055833e+00  3.922404e+00  5.652850e+00  9.943206e+00 
 8.828599e+00  2.006885e+00  3.822994e+00  5.506397e+00  9.680381e+00 
 8.951665e+00  1.959191e+00  3.726191e+00  5.364114e+00  9.425851e+00 
 9.076446e+00  1.912856e+00  3.632266e+00  5.226356e+00  9.178860e+00 
 9.202967e+00  1.867785e+00  3.540871e+00  5.092381e+00  8.938182e+00 
 9.331251e+00  1.824154e+00  3.451863e+00  4.961643e+00  8.704250e+00 
 9.461324e+00  0.000000e+00  0.000000e+00  0.000000e+00  0.000000e+00 
 9.593209e+00  0.000000e+00  0.000000e+00  0.000000e+00  0.000000e+00 
 9.726934e+00  0.000000e+00  0.000000e+00  0.000000e+00  0.000000e+00 
 9.862522e+00  0.000000e+00  0.000000e+00  0.000000e+00  0.000000e+00 
 1.000000e+01  0.000000e+00  0.000000e+00  0.000000e+00  0.000000e+00 
