 1.000000e-02  5.567136e+03  9.864543e+03  1.312483e+04  1.917999e+04 
 1.013939e-02  5.595552e+03  9.915116e+03  1.319216e+04  1.927831e+04 
 1.028073e-02  5.623475e+03  9.964791e+03  1.325829e+04  1.937485e+04 
 1.042404e-02  5.650885e+03  1.001355e+04  1.332320e+04  1.946964e+04 
 1.056935e-02  5.677760e+03  1.006137e+04  1.338685e+04  1.956254e+04 
 1.071668e-02  5.704091e+03  1.010820e+04  1.344920e+04  1.965354e+04 
 1.086606e-02  5.729837e+03  1.015400e+04  1.351014e+04  1.974248e+04 
 1.101753e-02  5.754995e+03  1.019874e+04  1.356968e+04  1.982937e+04 
 1.117111e-02  5.779530e+03  1.024237e+04  1.362775e+04  1.991408e+04 
 1.132683e-02  5.803432e+03  1.028487e+04  1.368428e+04  1.999658e+04 
 1.148472e-02  5.826669e+03  1.032618e+04  1.373924e+04  2.007673e+04 
 1.164481e-02  5.849216e+03  1.036626e+04  1.379258e+04  2.015451e+04 
 1.180713e-02  5.871059e+03  1.040509e+04  1.384422e+04  2.022981e+04 
 1.197171e-02  5.892172e+03  1.044260e+04  1.389412e+04  2.030258e+04 
 1.213859e-02  5.912533e+03  1.047879e+04  1.394224e+04  2.037270e+04 
 1.230780e-02  5.932125e+03  1.051358e+04  1.398852e+04  2.044014e+04 
 1.247936e-02  5.950910e+03  1.054696e+04  1.403289e+04  2.050477e+04 
 1.265332e-02  5.968873e+03  1.057887e+04  1.407530e+04  2.056657e+04 
 1.282970e-02  5.986001e+03  1.060928e+04  1.411572e+04  2.062541e+04 
 1.300854e-02  6.002261e+03  1.063815e+04  1.415410e+04  2.068128e+04 
 1.318987e-02  6.017630e+03  1.066544e+04  1.419037e+04  2.073406e+04 
 1.337373e-02  6.032093e+03  1.069111e+04  1.422446e+04  2.078366e+04 
 1.356015e-02  6.045618e+03  1.071512e+04  1.425635e+04  2.083003e+04 
 1.374917e-02  6.058191e+03  1.073743e+04  1.428599e+04  2.087309e+04 
 1.394083e-02  6.069790e+03  1.075800e+04  1.431329e+04  2.091273e+04 
 1.413516e-02  6.080373e+03  1.077677e+04  1.433819e+04  2.094889e+04 
 1.433219e-02  6.089920e+03  1.079370e+04  1.436064e+04  2.098146e+04 
 1.453198e-02  6.098412e+03  1.080875e+04  1.438060e+04  2.101036e+04 
 1.473454e-02  6.105831e+03  1.082190e+04  1.439801e+04  2.103556e+04 
 1.493993e-02  6.112146e+03  1.083308e+04  1.441280e+04  2.105689e+04 
 1.514819e-02  6.117299e+03  1.084222e+04  1.442490e+04  2.107434e+04 
 1.535935e-02  6.121287e+03  1.084930e+04  1.443426e+04  2.108781e+04 
 1.557345e-02  6.124110e+03  1.085431e+04  1.444086e+04  2.109725e+04 
 1.579053e-02  6.125734e+03  1.085720e+04  1.444464e+04  2.110256e+04 
 1.601064e-02  6.126151e+03  1.085794e+04  1.444556e+04  2.110368e+04 
 1.623382e-02  6.125331e+03  1.085647e+04  1.444353e+04  2.110051e+04 
 1.646012e-02  6.123262e+03  1.085279e+04  1.443856e+04  2.109303e+04 
 1.668956e-02  6.119926e+03  1.084686e+04  1.443059e+04  2.108116e+04 
 1.692220e-02  6.115301e+03  1.083864e+04  1.441958e+04  2.106488e+04 
 1.715809e-02  6.109374e+03  1.082811e+04  1.440548e+04  2.104406e+04 
 1.739726e-02  6.102124e+03  1.081522e+04  1.438825e+04  2.101866e+04 
 1.763977e-02  6.093529e+03  1.079995e+04  1.436785e+04  2.098862e+04 
 1.788566e-02  6.083567e+03  1.078224e+04  1.434421e+04  2.095385e+04 
 1.813498e-02  6.072225e+03  1.076208e+04  1.431730e+04  2.091433e+04 
 1.838777e-02  6.059482e+03  1.073945e+04  1.428708e+04  2.086998e+04 
 1.864409e-02  6.045332e+03  1.071430e+04  1.425357e+04  2.082075e+04 
 1.890397e-02  6.029752e+03  1.068663e+04  1.421665e+04  2.076660e+04 
 1.916748e-02  6.012736e+03  1.065641e+04  1.417634e+04  2.070750e+04 
 1.943467e-02  5.994268e+03  1.062359e+04  1.413259e+04  2.064336e+04 
 1.970558e-02  5.974351e+03  1.058821e+04  1.408542e+04  2.057424e+04 
 1.998026e-02  5.952972e+03  1.055025e+04  1.403482e+04  2.050009e+04 
 2.025878e-02  5.930131e+03  1.050969e+04  1.398075e+04  2.042088e+04 
 2.054117e-02  5.905828e+03  1.046651e+04  1.392321e+04  2.033662e+04 
 2.082751e-02  5.880060e+03  1.042074e+04  1.386222e+04  2.024731e+04 
 2.111783e-02  5.852837e+03  1.037240e+04  1.379781e+04  2.015301e+04 
 2.141220e-02  5.824258e+03  1.032164e+04  1.373012e+04  2.005384e+04 
 2.171068e-02  5.794865e+03  1.026921e+04  1.366006e+04  1.995072e+04 
 2.201331e-02  5.764025e+03  1.021422e+04  1.358657e+04  1.984260e+04 
 2.232016e-02  5.731728e+03  1.015665e+04  1.350966e+04  1.972946e+04 
 2.263130e-02  5.697984e+03  1.009652e+04  1.342933e+04  1.961135e+04 
 2.294676e-02  5.662797e+03  1.003382e+04  1.334560e+04  1.948827e+04 
 2.326663e-02  5.626178e+03  9.968579e+03  1.325848e+04  1.936026e+04 
 2.359095e-02  5.588136e+03  9.900824e+03  1.316802e+04  1.922736e+04 
 2.391980e-02  5.548696e+03  9.830583e+03  1.307424e+04  1.908963e+04 
 2.425323e-02  5.507872e+03  9.757891e+03  1.297722e+04  1.894716e+04 
 2.459130e-02  5.465693e+03  9.682792e+03  1.287701e+04  1.880003e+04 
 2.493409e-02  5.422182e+03  9.605349e+03  1.277365e+04  1.864832e+04 
 2.528166e-02  5.377379e+03  9.525599e+03  1.266725e+04  1.849217e+04 
 2.563407e-02  5.331319e+03  9.443620e+03  1.255787e+04  1.833170e+04 
 2.599140e-02  5.284052e+03  9.359514e+03  1.244568e+04  1.816708e+04 
 2.635371e-02  5.235623e+03  9.273353e+03  1.233074e+04  1.799852e+04 
 2.672106e-02  5.186091e+03  9.185234e+03  1.221320e+04  1.782613e+04 
 2.709354e-02  5.135496e+03  9.095218e+03  1.209315e+04  1.765009e+04 
 2.747121e-02  5.083864e+03  9.003376e+03  1.197068e+04  1.747054e+04 
 2.785414e-02  5.031173e+03  8.909692e+03  1.184577e+04  1.728746e+04 
 2.824241e-02  4.977224e+03  8.813890e+03  1.171818e+04  1.710079e+04 
 2.863610e-02  4.922354e+03  8.716465e+03  1.158840e+04  1.691094e+04 
 2.903527e-02  4.866605e+03  8.617475e+03  1.145657e+04  1.671809e+04 
 2.944000e-02  4.810027e+03  8.517029e+03  1.132280e+04  1.652241e+04 
 2.985038e-02  4.752676e+03  8.415207e+03  1.118721e+04  1.632409e+04 
 3.026648e-02  4.694612e+03  8.312133e+03  1.104995e+04  1.612332e+04 
 3.068838e-02  4.635911e+03  8.207919e+03  1.091117e+04  1.592036e+04 
 3.111616e-02  4.576631e+03  8.102683e+03  1.077104e+04  1.571543e+04 
 3.154990e-02  4.516856e+03  7.996585e+03  1.062976e+04  1.550882e+04 
 3.198969e-02  4.456676e+03  7.889768e+03  1.048754e+04  1.530083e+04 
 3.243561e-02  4.396187e+03  7.782392e+03  1.034458e+04  1.509176e+04 
 3.288774e-02  4.335484e+03  7.674652e+03  1.020112e+04  1.488198e+04 
 3.334618e-02  4.274679e+03  7.566735e+03  1.005744e+04  1.467187e+04 
 3.381101e-02  4.213881e+03  7.458822e+03  9.913765e+03  1.446175e+04 
 3.428231e-02  4.153152e+03  7.351038e+03  9.770261e+03  1.425190e+04 
 3.476019e-02  4.092363e+03  7.243464e+03  9.627371e+03  1.404387e+04 
 3.524473e-02  4.031747e+03  7.136186e+03  9.484875e+03  1.383647e+04 
 3.573602e-02  3.971361e+03  7.029328e+03  9.342936e+03  1.362983e+04 
 3.623416e-02  3.911271e+03  6.922986e+03  9.201686e+03  1.342417e+04 
 3.673925e-02  3.851540e+03  6.817274e+03  9.061258e+03  1.321970e+04 
 3.725137e-02  3.792227e+03  6.712310e+03  8.921829e+03  1.301668e+04 
 3.777064e-02  3.733410e+03  6.608217e+03  8.783556e+03  1.281532e+04 
 3.829714e-02  3.675158e+03  6.505125e+03  8.646604e+03  1.261589e+04 
 3.883098e-02  3.617561e+03  6.403184e+03  8.511184e+03  1.241867e+04 
 3.937226e-02  3.560691e+03  6.302535e+03  8.377472e+03  1.222394e+04 
 3.992109e-02  3.504637e+03  6.203329e+03  8.245679e+03  1.203198e+04 
 4.047757e-02  3.449487e+03  6.105696e+03  8.115946e+03  1.184292e+04 
 4.104181e-02  3.395223e+03  6.009114e+03  7.987059e+03  1.165358e+04 
 4.161391e-02  3.342069e+03  5.914510e+03  7.860810e+03  1.146808e+04 
 4.219398e-02  3.290111e+03  5.822031e+03  7.737389e+03  1.128671e+04 
 4.278214e-02  3.239397e+03  5.731751e+03  7.616887e+03  1.110964e+04 
 4.337850e-02  3.189946e+03  5.643723e+03  7.499392e+03  1.093694e+04 
 4.398317e-02  3.141795e+03  5.557998e+03  7.384960e+03  1.076872e+04 
 4.459628e-02  3.094972e+03  5.474632e+03  7.273663e+03  1.060507e+04 
 4.521792e-02  3.049493e+03  5.393654e+03  7.165554e+03  1.044609e+04 
 4.584824e-02  3.005387e+03  5.315112e+03  7.060689e+03  1.029184e+04 
 4.648734e-02  2.962678e+03  5.239043e+03  6.959115e+03  1.014242e+04 
 4.713535e-02  2.921433e+03  5.166219e+03  6.862508e+03  1.000201e+04 
 4.779239e-02  2.881648e+03  5.096361e+03  6.770251e+03  9.868973e+03 
 4.845859e-02  2.843317e+03  5.029064e+03  6.681385e+03  9.740855e+03 
 4.913407e-02  2.806436e+03  4.964330e+03  6.595919e+03  9.617670e+03 
 4.981898e-02  2.771000e+03  4.902149e+03  6.513844e+03  9.499405e+03 
 5.051342e-02  2.736989e+03  4.842480e+03  6.435093e+03  9.385989e+03 
 5.121755e-02  2.704369e+03  4.785273e+03  6.359613e+03  9.277317e+03 
 5.193150e-02  2.673106e+03  4.730465e+03  6.287318e+03  9.173294e+03 
 5.265540e-02  2.643164e+03  4.677990e+03  6.218113e+03  9.073765e+03 
 5.338938e-02  2.614276e+03  4.626983e+03  6.150456e+03  8.975407e+03 
 5.413360e-02  2.586348e+03  4.577197e+03  6.083930e+03  8.877415e+03 
 5.488820e-02  2.559568e+03  4.529451e+03  6.020117e+03  8.783413e+03 
 5.565331e-02  2.533867e+03  4.483617e+03  5.958857e+03  8.693144e+03 
 5.642908e-02  2.509154e+03  4.439539e+03  5.899931e+03  8.606301e+03 
 5.721568e-02  2.485329e+03  4.397035e+03  5.843102e+03  8.522507e+03 
 5.801323e-02  2.462271e+03  4.355888e+03  5.788077e+03  8.441377e+03 
 5.882190e-02  2.439895e+03  4.315965e+03  5.734702e+03  8.362698e+03 
 5.964185e-02  2.418247e+03  4.277608e+03  5.683684e+03  8.288185e+03 
 6.047322e-02  2.397401e+03  4.241386e+03  5.636226e+03  8.220812e+03 
 6.131619e-02  2.376876e+03  4.205723e+03  5.589512e+03  8.154507e+03 
 6.217090e-02  2.356450e+03  4.170228e+03  5.543004e+03  8.088482e+03 
 6.303753e-02  2.336064e+03  4.134784e+03  5.496542e+03  8.022475e+03 
 6.391624e-02  2.315540e+03  4.099082e+03  5.449740e+03  7.955927e+03 
 6.480720e-02  2.294770e+03  4.062941e+03  5.402337e+03  7.888513e+03 
 6.571058e-02  2.273569e+03  4.026039e+03  5.353930e+03  7.819632e+03 
 6.662655e-02  2.250775e+03  3.984645e+03  5.297814e+03  7.734778e+03 
 6.755528e-02  2.227248e+03  3.941898e+03  5.239843e+03  7.647087e+03 
 6.849697e-02  2.202888e+03  3.897680e+03  5.179920e+03  7.556548e+03 
 6.945178e-02  2.177566e+03  3.851765e+03  5.117739e+03  7.462718e+03 
 7.041990e-02  2.151175e+03  3.803951e+03  5.053041e+03  7.365234e+03 
 7.140151e-02  2.123606e+03  3.754061e+03  4.985592e+03  7.263743e+03 
 7.239681e-02  2.095045e+03  3.702691e+03  4.916479e+03  7.160805e+03 
 7.340598e-02  2.065479e+03  3.649861e+03  4.845804e+03  7.056720e+03 
 7.442922e-02  2.034509e+03  3.594547e+03  4.771817e+03  6.947817e+03 
 7.546673e-02  2.002091e+03  3.536667e+03  4.694422e+03  6.833922e+03 
 7.651869e-02  1.968219e+03  3.476212e+03  4.613606e+03  6.715033e+03 
 7.758532e-02  1.932907e+03  3.413210e+03  4.529401e+03  6.591209e+03 
 7.866682e-02  1.896940e+03  3.350020e+03  4.445905e+03  6.470809e+03 
 7.976339e-02  1.860845e+03  3.288172e+03  4.365729e+03  6.359105e+03 
 8.087525e-02  1.823441e+03  3.223940e+03  4.282313e+03  6.242505e+03 
 8.200261e-02  1.784834e+03  3.157501e+03  4.195892e+03  6.121330e+03 
 8.314568e-02  1.745160e+03  3.089095e+03  4.106778e+03  5.996026e+03 
 8.430468e-02  1.704581e+03  3.018997e+03  4.015340e+03  5.867119e+03 
 8.547985e-02  1.662733e+03  2.945696e+03  3.918716e+03  5.728425e+03 
 8.667139e-02  1.620125e+03  2.870589e+03  3.819249e+03  5.584488e+03 
 8.787954e-02  1.577243e+03  2.794958e+03  3.719052e+03  5.439385e+03 
 8.910453e-02  1.534310e+03  2.719206e+03  3.618664e+03  5.293911e+03 
 9.034660e-02  1.491571e+03  2.643766e+03  3.518661e+03  5.148918e+03 
 9.160598e-02  1.449938e+03  2.571170e+03  3.423264e+03  5.012612e+03 
 9.288292e-02  1.409563e+03  2.501567e+03  3.332561e+03  4.884862e+03 
 9.417766e-02  1.370052e+03  2.433390e+03  3.243666e+03  4.759509e+03 
 9.549045e-02  1.331634e+03  2.367070e+03  3.157150e+03  4.637411e+03 
 9.682153e-02  1.294539e+03  2.303005e+03  3.073564e+03  4.519392e+03 
 9.817117e-02  1.259243e+03  2.242489e+03  2.995019e+03  4.409464e+03 
 9.953962e-02  1.225742e+03  2.185228e+03  2.920871e+03  4.306108e+03 
 1.009272e-01  1.194084e+03  2.131165e+03  2.850911e+03  4.208686e+03 
 1.023340e-01  1.164403e+03  2.080551e+03  2.785483e+03  4.117737e+03 
 1.037605e-01  1.136240e+03  2.031916e+03  2.722049e+03  4.028227e+03 
 1.052069e-01  1.108157e+03  1.980943e+03  2.653270e+03  3.925744e+03 
 1.066734e-01  1.082345e+03  1.934084e+03  2.590039e+03  3.831543e+03 
 1.081604e-01  1.058781e+03  1.891295e+03  2.532299e+03  3.745528e+03 
 1.096681e-01  1.037416e+03  1.852485e+03  2.479920e+03  3.667492e+03 
 1.111968e-01  1.018154e+03  1.817559e+03  2.432716e+03  3.596616e+03 
 1.127468e-01  1.000878e+03  1.786225e+03  2.390353e+03  3.532921e+03 
 1.143184e-01  9.854197e+02  1.758179e+03  2.352411e+03  3.475824e+03 
 1.159120e-01  9.715875e+02  1.733067e+03  2.318426e+03  3.424616e+03 
 1.175277e-01  9.595923e+02  1.711647e+03  2.289658e+03  3.381489e+03 
 1.191660e-01  9.487651e+02  1.692365e+03  2.263781e+03  3.342692e+03 
 1.208271e-01  9.387863e+02  1.674611e+03  2.239960e+03  3.306944e+03 
 1.225114e-01  9.292981e+02  1.657698e+03  2.217236e+03  3.272811e+03 
 1.242191e-01  9.194988e+02  1.639755e+03  2.192867e+03  3.236034e+03 
 1.259506e-01  9.096162e+02  1.621668e+03  2.168297e+03  3.198959e+03 
 1.277063e-01  8.993376e+02  1.602868e+03  2.142770e+03  3.160467e+03 
 1.294865e-01  8.886346e+02  1.583475e+03  2.116493e+03  3.120718e+03 
 1.312915e-01  8.773001e+02  1.563144e+03  2.089011e+03  3.079020e+03 
 1.331216e-01  8.647664e+02  1.540652e+03  2.058626e+03  3.033026e+03 
 1.349772e-01  8.508695e+02  1.515744e+03  2.025029e+03  2.982386e+03 
 1.368587e-01  8.365277e+02  1.491624e+03  1.994258e+03  2.940835e+03 
 1.387665e-01  8.205989e+02  1.464603e+03  1.959543e+03  2.893319e+03 
 1.407008e-01  8.030970e+02  1.434697e+03  1.920889e+03  2.839830e+03 
 1.426621e-01  7.851164e+02  1.404564e+03  1.882170e+03  2.786101e+03 
 1.446507e-01  7.660786e+02  1.372653e+03  1.841072e+03  2.728668e+03 
 1.466671e-01  7.458719e+02  1.338517e+03  1.796889e+03  2.666474e+03 
 1.487115e-01  7.232734e+02  1.298643e+03  1.744067e+03  2.590176e+03 
 1.507845e-01  6.991634e+02  1.255102e+03  1.685697e+03  2.504771e+03 
 1.528864e-01  6.749454e+02  1.211358e+03  1.627034e+03  2.418846e+03 
 1.550175e-01  6.526752e+02  1.172930e+03  1.576948e+03  2.348467e+03 
 1.571784e-01  6.321215e+02  1.138760e+03  1.533505e+03  2.289739e+03 
 1.593694e-01  6.123559e+02  1.105844e+03  1.491605e+03  2.232972e+03 
 1.615909e-01  5.942121e+02  1.076095e+03  1.454019e+03  2.182367e+03 
 1.638434e-01  5.776420e+02  1.049205e+03  1.420239e+03  2.137191e+03 
 1.661273e-01  5.626200e+02  1.024982e+03  1.389950e+03  2.097000e+03 
 1.684430e-01  5.465891e+02  9.965201e+02  1.352319e+03  2.043343e+03 
 1.707910e-01  5.320972e+02  9.705754e+02  1.317895e+03  1.994157e+03 
 1.731717e-01  5.197901e+02  9.488428e+02  1.289259e+03  1.953517e+03 
 1.755856e-01  5.105038e+02  9.335258e+02  1.269652e+03  1.925950e+03 
 1.780332e-01  5.027600e+02  9.210230e+02  1.253867e+03  1.904157e+03 
 1.805149e-01  4.946946e+02  9.060002e+02  1.233038e+03  1.871568e+03 
 1.830312e-01  4.867342e+02  8.900155e+02  1.209936e+03  1.833642e+03 
 1.855825e-01  4.795703e+02  8.756278e+02  1.189187e+03  1.799707e+03 
 1.881694e-01  4.728924e+02  8.629261e+02  1.171777e+03  1.773408e+03 
 1.907924e-01  4.661800e+02  8.501744e+02  1.154307e+03  1.747029e+03 
 1.934520e-01  4.586569e+02  8.358087e+02  1.134740e+03  1.718436e+03 
 1.961486e-01  4.502996e+02  8.198791e+02  1.113081e+03  1.686998e+03 
 1.988828e-01  4.420432e+02  8.047977e+02  1.092822e+03  1.657524e+03 
 2.016551e-01  4.341981e+02  7.914239e+02  1.075240e+03  1.631866e+03 
 2.044661e-01  4.251122e+02  7.756102e+02  1.054216e+03  1.600815e+03 
 2.073162e-01  4.145512e+02  7.562476e+02  1.027720e+03  1.560490e+03 
 2.102061e-01  4.030081e+02  7.350613e+02  9.987355e+02  1.516381e+03 
 2.131362e-01  3.940803e+02  7.225049e+02  9.843326e+02  1.498892e+03 
 2.161073e-01  3.847295e+02  7.091803e+02  9.689019e+02  1.479869e+03 
 2.191197e-01  3.730194e+02  6.897537e+02  9.444101e+02  1.447615e+03 
 2.221741e-01  3.609681e+02  6.692092e+02  9.181367e+02  1.412536e+03 
 2.252711e-01  3.499354e+02  6.510641e+02  8.954789e+02  1.383146e+03 
 2.284112e-01  3.398412e+02  6.347558e+02  8.753740e+02  1.357540e+03 
 2.315951e-01  3.308614e+02  6.196964e+02  8.557995e+02  1.329314e+03 
 2.348235e-01  3.230632e+02  6.065233e+02  8.383951e+02  1.303227e+03 
 2.380968e-01  3.146382e+02  5.908567e+02  8.169730e+02  1.271123e+03 
 2.414157e-01  3.069522e+02  5.762549e+02  7.968760e+02  1.241088e+03 
 2.447809e-01  2.996552e+02  5.624565e+02  7.780943e+02  1.212857e+03 
 2.481930e-01  2.932210e+02  5.503294e+02  7.616427e+02  1.188158e+03 
 2.516527e-01  2.895384e+02  5.440517e+02  7.530988e+02  1.174626e+03 
 2.551606e-01  2.853131e+02  5.363781e+02  7.425594e+02  1.158338e+03 
 2.587174e-01  2.785480e+02  5.227359e+02  7.235706e+02  1.130067e+03 
 2.623238e-01  2.729431e+02  5.122426e+02  7.093276e+02  1.109208e+03 
 2.659804e-01  2.683957e+02  5.047812e+02  6.996986e+02  1.095546e+03 
 2.696881e-01  2.620425e+02  4.933184e+02  6.844147e+02  1.073001e+03 
 2.734474e-01  2.547816e+02  4.800228e+02  6.666026e+02  1.046609e+03 
 2.772591e-01  2.490425e+02  4.708603e+02  6.553789e+02  1.032566e+03 
 2.811239e-01  2.427105e+02  4.602256e+02  6.419804e+02  1.015676e+03 
 2.850426e-01  2.359869e+02  4.484094e+02  6.267937e+02  9.968048e+02 
 2.890160e-01  2.295830e+02  4.380457e+02  6.138250e+02  9.791463e+02 
 2.930447e-01  2.234759e+02  4.280045e+02  6.008152e+02  9.598406e+02 
 2.971296e-01  2.177644e+02  4.175340e+02  5.856876e+02  9.342235e+02 
 3.012714e-01  2.126468e+02  4.090386e+02  5.747278e+02  9.185784e+02 
 3.054710e-01  2.078576e+02  4.012535e+02  5.651635e+02  9.063312e+02 
 3.097291e-01  2.024618e+02  3.914090e+02  5.522058e+02  8.883290e+02 
 3.140465e-01  1.977489e+02  3.822021e+02  5.391913e+02  8.673710e+02 
 3.184242e-01  1.937142e+02  3.743485e+02  5.280361e+02  8.493256e+02 
 3.228628e-01  1.904829e+02  3.688000e+02  5.209098e+02  8.402743e+02 
 3.273634e-01  1.861245e+02  3.601160e+02  5.085047e+02  8.205625e+02 
 3.319266e-01  1.815683e+02  3.513641e+02  4.964963e+02  8.027029e+02 
 3.365535e-01  1.770438e+02  3.433418e+02  4.862302e+02  7.891205e+02 
 3.412449e-01  1.737258e+02  3.389975e+02  4.812183e+02  7.814122e+02 
 3.460016e-01  1.700397e+02  3.331477e+02  4.738225e+02  7.712672e+02 
 3.508247e-01  1.663094e+02  3.267193e+02  4.653836e+02  7.591030e+02 
 3.557150e-01  1.625962e+02  3.200988e+02  4.565732e+02  7.457522e+02 
 3.606735e-01  1.583109e+02  3.127505e+02  4.471135e+02  7.328579e+02 
 3.657011e-01  1.533809e+02  3.037248e+02  4.349018e+02  7.159059e+02 
 3.707988e-01  1.493770e+02  2.962566e+02  4.248233e+02  7.011773e+02 
 3.759675e-01  1.458055e+02  2.895812e+02  4.157611e+02  6.876856e+02 
 3.812083e-01  1.423168e+02  2.834018e+02  4.075134e+02  6.755958e+02 
 3.865221e-01  1.394580e+02  2.792722e+02  4.028979e+02  6.685975e+02 
 3.919100e-01  1.364891e+02  2.725522e+02  3.927171e+02  6.542676e+02 
 3.973730e-01  1.332039e+02  2.670287e+02  3.858616e+02  6.436807e+02 
 4.029122e-01  1.304712e+02  2.628203e+02  3.801737e+02  6.335445e+02 
 4.085286e-01  1.277701e+02  2.572420e+02  3.722452e+02  6.222530e+02 
 4.142232e-01  1.244906e+02  2.507095e+02  3.636073e+02  6.114280e+02 
 4.199973e-01  1.211712e+02  2.450680e+02  3.565220e+02  6.013423e+02 
 4.258518e-01  1.184204e+02  2.401707e+02  3.497732e+02  5.901879e+02 
 4.317880e-01  1.155051e+02  2.347795e+02  3.419592e+02  5.781683e+02 
 4.378069e-01  1.129343e+02  2.297795e+02  3.348963e+02  5.667448e+02 
 4.439097e-01  1.108080e+02  2.265315e+02  3.309771e+02  5.625658e+02 
 4.500975e-01  1.076886e+02  2.208802e+02  3.234198e+02  5.516128e+02 
 4.563716e-01  1.050932e+02  2.156454e+02  3.159840e+02  5.388721e+02 
 4.627332e-01  1.033896e+02  2.133150e+02  3.134545e+02  5.364436e+02 
 4.691835e-01  1.006735e+02  2.080979e+02  3.061958e+02  5.247450e+02 
 4.757236e-01  9.872853e+01  2.043340e+02  3.010391e+02  5.168513e+02 
 4.823549e-01  9.604067e+01  1.990850e+02  2.936735e+02  5.067038e+02 
 4.890787e-01  9.382984e+01  1.948571e+02  2.880662e+02  4.982409e+02 
 4.958962e-01  9.210511e+01  1.916347e+02  2.832223e+02  4.895934e+02 
 5.028087e-01  8.983676e+01  1.878397e+02  2.781909e+02  4.823184e+02 
 5.098176e-01  8.801432e+01  1.845675e+02  2.736472e+02  4.738955e+02 
 5.169242e-01  8.633980e+01  1.814935e+02  2.695026e+02  4.683602e+02 
 5.241298e-01  8.341476e+01  1.765661e+02  2.634901e+02  4.610217e+02 
 5.314359e-01  8.185722e+01  1.743307e+02  2.605880e+02  4.562665e+02 
 5.388438e-01  8.004719e+01  1.703242e+02  2.546683e+02  4.473569e+02 
 5.463550e-01  7.849138e+01  1.674105e+02  2.504555e+02  4.403987e+02 
 5.539709e-01  7.624783e+01  1.634634e+02  2.455258e+02  4.331379e+02 
 5.616930e-01  7.477008e+01  1.606817e+02  2.416519e+02  4.274666e+02 
 5.695227e-01  7.315968e+01  1.580280e+02  2.384648e+02  4.215658e+02 
 5.774615e-01  7.139899e+01  1.541268e+02  2.326793e+02  4.131435e+02 
 5.855110e-01  7.000552e+01  1.516933e+02  2.291473e+02  4.071235e+02 
 5.936727e-01  6.830301e+01  1.479391e+02  2.238596e+02  3.993362e+02 
 6.019482e-01  6.701240e+01  1.459507e+02  2.208531e+02  3.939310e+02 
 6.103390e-01  6.531449e+01  1.430985e+02  2.173149e+02  3.881567e+02 
 6.188468e-01  6.378887e+01  1.404918e+02  2.147603e+02  3.863332e+02 
 6.274732e-01  6.260571e+01  1.376562e+02  2.099798e+02  3.784971e+02 
 6.362198e-01  6.120534e+01  1.353760e+02  2.068858e+02  3.728203e+02 
 6.450884e-01  5.966439e+01  1.326468e+02  2.031743e+02  3.665995e+02 
 6.540806e-01  5.834676e+01  1.296227e+02  1.986646e+02  3.599380e+02 
 6.631981e-01  5.692981e+01  1.272912e+02  1.961250e+02  3.560467e+02 
 6.724427e-01  5.574531e+01  1.248832e+02  1.927652e+02  3.518611e+02 
 6.818162e-01  5.442006e+01  1.224681e+02  1.887596e+02  3.444923e+02 
 6.913204e-01  5.315382e+01  1.199551e+02  1.855577e+02  3.394120e+02 
 7.009570e-01  5.232374e+01  1.179970e+02  1.827017e+02  3.347633e+02 
 7.107280e-01  5.085975e+01  1.157820e+02  1.797903e+02  3.293187e+02 
 7.206351e-01  4.999237e+01  1.137881e+02  1.771097e+02  3.260909e+02 
 7.306804e-01  4.887833e+01  1.119303e+02  1.741957e+02  3.201168e+02 
 7.408657e-01  4.771835e+01  1.095526e+02  1.708626e+02  3.157047e+02 
 7.511929e-01  4.663135e+01  1.073547e+02  1.680840e+02  3.112877e+02 
 7.616642e-01  4.567427e+01  1.052460e+02  1.651011e+02  3.069249e+02 
 7.722814e-01  4.495752e+01  1.040773e+02  1.632293e+02  3.027647e+02 
 7.830465e-01  4.395828e+01  1.019209e+02  1.601948e+02  2.986330e+02 
 7.939618e-01  4.305772e+01  1.004690e+02  1.580023e+02  2.949704e+02 
 8.050292e-01  4.203619e+01  9.838144e+01  1.556085e+02  2.911948e+02 
 8.162509e-01  4.120248e+01  9.684003e+01  1.530134e+02  2.859852e+02 
 8.276289e-01  4.013914e+01  9.474336e+01  1.502675e+02  2.821754e+02 
 8.391656e-01  3.953368e+01  9.351793e+01  1.479718e+02  2.785437e+02 
 8.508632e-01  3.876111e+01  9.178881e+01  1.458345e+02  2.748714e+02 
 8.627237e-01  3.782026e+01  9.014677e+01  1.434631e+02  2.703932e+02 
 8.747496e-01  3.706454e+01  8.845176e+01  1.411524e+02  2.667453e+02 
 8.869432e-01  3.634195e+01  8.708552e+01  1.391237e+02  2.634806e+02 
 8.993067e-01  3.552298e+01  8.556767e+01  1.369047e+02  2.594686e+02 
 9.118425e-01  3.492542e+01  8.400599e+01  1.344912e+02  2.549260e+02 
 9.245531e-01  3.408433e+01  8.250810e+01  1.322690e+02  2.518008e+02 
 9.374409e-01  3.335301e+01  8.107067e+01  1.303864e+02  2.485616e+02 
 9.505083e-01  3.272451e+01  7.965695e+01  1.283568e+02  2.449296e+02 
 9.637579e-01  3.197386e+01  7.806690e+01  1.260036e+02  2.412597e+02 
 9.771921e-01  3.144502e+01  7.748551e+01  1.247865e+02  2.381362e+02 
 9.908137e-01  3.077679e+01  7.591739e+01  1.225914e+02  2.348365e+02 
 1.004625e+00  3.012411e+01  7.441639e+01  1.204020e+02  2.310008e+02 
 1.018629e+00  2.957083e+01  7.330880e+01  1.186711e+02  2.276134e+02 
 1.032828e+00  2.892497e+01  7.200764e+01  1.169907e+02  2.250482e+02 
 1.047225e+00  2.829436e+01  7.086264e+01  1.150746e+02  2.212012e+02 
 1.061823e+00  2.778448e+01  6.983542e+01  1.134699e+02  2.182720e+02 
 1.076624e+00  2.720685e+01  6.864451e+01  1.117363e+02  2.151091e+02 
 1.091632e+00  2.670989e+01  6.742687e+01  1.101094e+02  2.118573e+02 
 1.106848e+00  2.613264e+01  6.618704e+01  1.082874e+02  2.089657e+02 
 1.122277e+00  2.560597e+01  6.521698e+01  1.065069e+02  2.055605e+02 
 1.137921e+00  2.508168e+01  6.400014e+01  1.047918e+02  2.025769e+02 
 1.153783e+00  2.461224e+01  6.296874e+01  1.032287e+02  1.997407e+02 
 1.169866e+00  2.415612e+01  6.199238e+01  1.016589e+02  1.971189e+02 
 1.186174e+00  2.365831e+01  6.103089e+01  1.001091e+02  1.940673e+02 
 1.202708e+00  2.321559e+01  6.001732e+01  9.864834e+01  1.913533e+02 
 1.219473e+00  2.278563e+01  5.907285e+01  9.726239e+01  1.882586e+02 
 1.236472e+00  2.233342e+01  5.812902e+01  9.584745e+01  1.857265e+02 
 1.253708e+00  2.191661e+01  5.717234e+01  9.417299e+01  1.828876e+02 
 1.271184e+00  2.150566e+01  5.642005e+01  9.308954e+01  1.803262e+02 
 1.288904e+00  2.108997e+01  5.530645e+01  9.141735e+01  1.777793e+02 
 1.306870e+00  2.067536e+01  5.440946e+01  8.998942e+01  1.748658e+02 
 1.325087e+00  2.031623e+01  5.357610e+01  8.870403e+01  1.721130e+02 
 1.343558e+00  1.993107e+01  5.268687e+01  8.731278e+01  1.695414e+02 
 1.362287e+00  1.956919e+01  5.181422e+01  8.586851e+01  1.667968e+02 
 1.381276e+00  1.918586e+01  5.101680e+01  8.437750e+01  1.640989e+02 
 1.400531e+00  1.883772e+01  5.018913e+01  8.313815e+01  1.614546e+02 
 1.420053e+00  1.847527e+01  4.929168e+01  8.188046e+01  1.588151e+02 
 1.439848e+00  1.813662e+01  4.857179e+01  8.050744e+01  1.563713e+02 
 1.459919e+00  1.778174e+01  4.776458e+01  7.923904e+01  1.537193e+02 
 1.480269e+00  1.749585e+01  4.691864e+01  7.786895e+01  1.509968e+02 
 1.500903e+00  1.716983e+01  4.620533e+01  7.661930e+01  1.488042e+02 
 1.521825e+00  1.684282e+01  4.549105e+01  7.548421e+01  1.462967e+02 
 1.543038e+00  1.652438e+01  4.473445e+01  7.431627e+01  1.440827e+02 
 1.564548e+00  1.624832e+01  4.402013e+01  7.311073e+01  1.415808e+02 
 1.586357e+00  1.595550e+01  4.334341e+01  7.194121e+01  1.391988e+02 
 1.608469e+00  1.564714e+01  4.263311e+01  7.075415e+01  1.369784e+02 
 1.630891e+00  1.540997e+01  4.187819e+01  6.944929e+01  1.343687e+02 
 1.653624e+00  1.510858e+01  4.117363e+01  6.837714e+01  1.322989e+02 
 1.676675e+00  1.482896e+01  4.055495e+01  6.729725e+01  1.299014e+02 
 1.700047e+00  1.455924e+01  3.989548e+01  6.616432e+01  1.277197e+02 
 1.723745e+00  1.432117e+01  3.920410e+01  6.506768e+01  1.253338e+02 
 1.747773e+00  1.404217e+01  3.852687e+01  6.393148e+01  1.230660e+02 
 1.772136e+00  1.379129e+01  3.790591e+01  6.281470e+01  1.209636e+02 
 1.796838e+00  1.355329e+01  3.725798e+01  6.174098e+01  1.187483e+02 
 1.821885e+00  1.334129e+01  3.663216e+01  6.064856e+01  1.166579e+02 
 1.847281e+00  1.308694e+01  3.606156e+01  5.968721e+01  1.145574e+02 
 1.873032e+00  1.286206e+01  3.545188e+01  5.853441e+01  1.124930e+02 
 1.899141e+00  1.263706e+01  3.480857e+01  5.754364e+01  1.104156e+02 
 1.925614e+00  1.242639e+01  3.423685e+01  5.656826e+01  1.082907e+02 
 1.952456e+00  1.224155e+01  3.369659e+01  5.562046e+01  1.062727e+02 
 1.979672e+00  1.200118e+01  3.314900e+01  5.463291e+01  1.042882e+02 
 2.007267e+00  1.180726e+01  3.257972e+01  5.358562e+01  1.023757e+02 
 2.035248e+00  1.159301e+01  3.198571e+01  5.261285e+01  1.003291e+02 
 2.063618e+00  1.138997e+01  3.140913e+01  5.163564e+01  9.834720e+01 
 2.092383e+00  1.120141e+01  3.085956e+01  5.066203e+01  9.639704e+01 
 2.121550e+00  1.099817e+01  3.030137e+01  4.971652e+01  9.451052e+01 
 2.151123e+00  1.081154e+01  2.977660e+01  4.876375e+01  9.254533e+01 
 2.181109e+00  1.062120e+01  2.921542e+01  4.784106e+01  9.072262e+01 
 2.211512e+00  1.044246e+01  2.867573e+01  4.688969e+01  8.881790e+01 
 2.242340e+00  1.026075e+01  2.818459e+01  4.602049e+01  8.702188e+01 
 2.273597e+00  1.007427e+01  2.767265e+01  4.509508e+01  8.521025e+01 
 2.305289e+00  9.912441e+00  2.715573e+01  4.423191e+01  8.346312e+01 
 2.337424e+00  9.745540e+00  2.664860e+01  4.334895e+01  8.174870e+01 
 2.370006e+00  9.574650e+00  2.615669e+01  4.250011e+01  8.007157e+01 
 2.403043e+00  9.399208e+00  2.567771e+01  4.163610e+01  7.835554e+01 
 2.436540e+00  9.245712e+00  2.520970e+01  4.081511e+01  7.667383e+01 
 2.470504e+00  9.086798e+00  2.473669e+01  3.997695e+01  7.502986e+01 
 2.504942e+00  8.932471e+00  2.427895e+01  3.917810e+01  7.343697e+01 
 2.539859e+00  8.784376e+00  2.380435e+01  3.836107e+01  7.178669e+01 
 2.575263e+00  8.624293e+00  2.332749e+01  3.759099e+01  7.025943e+01 
 2.611161e+00  8.480080e+00  2.288858e+01  3.677691e+01  6.869992e+01 
 2.647559e+00  8.332690e+00  2.243746e+01  3.598864e+01  6.713694e+01 
 2.684465e+00  8.186968e+00  2.201047e+01  3.522450e+01  6.562710e+01 
 2.721885e+00  8.038025e+00  2.154837e+01  3.446832e+01  6.415280e+01 
 2.759826e+00  7.899469e+00  2.110986e+01  3.371403e+01  6.268775e+01 
 2.798297e+00  7.757818e+00  2.069157e+01  3.297822e+01  6.128494e+01 
 2.837304e+00  7.622228e+00  2.026771e+01  3.225481e+01  5.988988e+01 
 2.876854e+00  7.486249e+00  1.984606e+01  3.154924e+01  5.852187e+01 
 2.916956e+00  7.355203e+00  1.944790e+01  3.085595e+01  5.713873e+01 
 2.957617e+00  7.227258e+00  1.904892e+01  3.018471e+01  5.582395e+01 
 2.998844e+00  7.099404e+00  1.865990e+01  2.951396e+01  5.452387e+01 
 3.040646e+00  6.973607e+00  1.826986e+01  2.884211e+01  5.328177e+01 
 3.083031e+00  6.850788e+00  1.788114e+01  2.819526e+01  5.202715e+01 
 3.126007e+00  6.730068e+00  1.751485e+01  2.756059e+01  5.079294e+01 
 3.169582e+00  6.608981e+00  1.713238e+01  2.690999e+01  4.958449e+01 
 3.213764e+00  6.489196e+00  1.676456e+01  2.629183e+01  4.839992e+01 
 3.258562e+00  6.369678e+00  1.640816e+01  2.568527e+01  4.723341e+01 
 3.303985e+00  6.253652e+00  1.604184e+01  2.507624e+01  4.609088e+01 
 3.350041e+00  6.140397e+00  1.568351e+01  2.448619e+01  4.496731e+01 
 3.396739e+00  6.025267e+00  1.533532e+01  2.391088e+01  4.386138e+01 
 3.444087e+00  5.913770e+00  1.499110e+01  2.332575e+01  4.278416e+01 
 3.492096e+00  5.804986e+00  1.465706e+01  2.277717e+01  4.174347e+01 
 3.540774e+00  5.692673e+00  1.432726e+01  2.223395e+01  4.071637e+01 
 3.590130e+00  5.587915e+00  1.400214e+01  2.169393e+01  3.971990e+01 
 3.640175e+00  5.483387e+00  1.368570e+01  2.117986e+01  3.874611e+01 
 3.690917e+00  5.378702e+00  1.338215e+01  2.065635e+01  3.778229e+01 
 3.742366e+00  5.277160e+00  1.306786e+01  2.016067e+01  3.685772e+01 
 3.794533e+00  5.178337e+00  1.277139e+01  1.967302e+01  3.594090e+01 
 3.847427e+00  5.078452e+00  1.247548e+01  1.918896e+01  3.505524e+01 
 3.901058e+00  4.979937e+00  1.218527e+01  1.872004e+01  3.417300e+01 
 3.955436e+00  4.886555e+00  1.190092e+01  1.825171e+01  3.330862e+01 
 4.010573e+00  4.788746e+00  1.161872e+01  1.780182e+01  3.247779e+01 
 4.066478e+00  4.693852e+00  1.133898e+01  1.735427e+01  3.164815e+01 
 4.123163e+00  4.599986e+00  1.107094e+01  1.691650e+01  3.083995e+01 
 4.180637e+00  4.509797e+00  1.080738e+01  1.649319e+01  3.005155e+01 
 4.238913e+00  4.418895e+00  1.054386e+01  1.607367e+01  2.928866e+01 
 4.298001e+00  4.327989e+00  1.028827e+01  1.566964e+01  2.853678e+01 
 4.357913e+00  4.242367e+00  1.003729e+01  1.527315e+01  2.781249e+01 
 4.418660e+00  4.155980e+00  9.796411e+00  1.488346e+01  2.710651e+01 
 4.480254e+00  4.070258e+00  9.557430e+00  1.450564e+01  2.641281e+01 
 4.542706e+00  3.987882e+00  9.323234e+00  1.413646e+01  2.574008e+01 
 4.606029e+00  3.905529e+00  9.098057e+00  1.377773e+01  2.508857e+01 
 4.670234e+00  3.824584e+00  8.875054e+00  1.343414e+01  2.445398e+01 
 4.735335e+00  3.746071e+00  8.658870e+00  1.309353e+01  2.383133e+01 
 4.801343e+00  3.669375e+00  8.449027e+00  1.276180e+01  2.322045e+01 
 4.868271e+00  3.591964e+00  8.239717e+00  1.243488e+01  2.262434e+01 
 4.936132e+00  3.516498e+00  8.034359e+00  1.211477e+01  2.204257e+01 
 5.004939e+00  3.441154e+00  7.834059e+00  1.180301e+01  2.147024e+01 
 5.074705e+00  3.366719e+00  7.638192e+00  1.149645e+01  2.091639e+01 
 5.145444e+00  3.294984e+00  7.446356e+00  1.119900e+01  2.037216e+01 
 5.217169e+00  3.222770e+00  7.257661e+00  1.090852e+01  1.984003e+01 
 5.289893e+00  3.153649e+00  7.075017e+00  1.062756e+01  1.932759e+01 
 5.363631e+00  3.084066e+00  6.896311e+00  1.035028e+01  1.882422e+01 
 5.438397e+00  3.016866e+00  6.721682e+00  1.008291e+01  1.833367e+01 
 5.514206e+00  2.950699e+00  6.552156e+00  9.821758e+00  1.785870e+01 
 5.591071e+00  2.884989e+00  6.387530e+00  9.568116e+00  1.739522e+01 
 5.669007e+00  2.822206e+00  6.227044e+00  9.322120e+00  1.694979e+01 
 5.748030e+00  2.759751e+00  6.070113e+00  9.081838e+00  1.651060e+01 
 5.828155e+00  2.698750e+00  5.917758e+00  8.849312e+00  1.608615e+01 
 5.909396e+00  2.638849e+00  5.768959e+00  8.622205e+00  1.567302e+01 
 5.991770e+00  2.579868e+00  5.623395e+00  8.399710e+00  1.526998e+01 
 6.075292e+00  2.521897e+00  5.481317e+00  8.183655e+00  1.487120e+01 
 6.159978e+00  2.464772e+00  5.341563e+00  7.971401e+00  1.448545e+01 
 6.245845e+00  2.408905e+00  5.205312e+00  7.764777e+00  1.410727e+01 
 6.332908e+00  2.353624e+00  5.071807e+00  7.561891e+00  1.373642e+01 
 6.421186e+00  2.299657e+00  4.942035e+00  7.364177e+00  1.337559e+01 
 6.510694e+00  2.246605e+00  4.815237e+00  7.172331e+00  1.302473e+01 
 6.601449e+00  2.195030e+00  4.692048e+00  6.985391e+00  1.268217e+01 
 6.693470e+00  2.143952e+00  4.571832e+00  6.802865e+00  1.234843e+01 
 6.786773e+00  2.094489e+00  4.454524e+00  6.625198e+00  1.202536e+01 
 6.881377e+00  2.046072e+00  4.340866e+00  6.453225e+00  1.171003e+01 
 6.977300e+00  1.998635e+00  4.230500e+00  6.287231e+00  1.140371e+01 
 7.074559e+00  1.952698e+00  4.123004e+00  6.124289e+00  1.110550e+01 
 7.173175e+00  1.907501e+00  4.018693e+00  5.966125e+00  1.081685e+01 
 7.273165e+00  1.863684e+00  3.917058e+00  5.812741e+00  1.053574e+01 
 7.374549e+00  1.820415e+00  3.817724e+00  5.663222e+00  1.026226e+01 
 7.477346e+00  1.778107e+00  3.721024e+00  5.517888e+00  9.994192e+00 
 7.581576e+00  1.736808e+00  3.626141e+00  5.374770e+00  9.732274e+00 
 7.687260e+00  1.696097e+00  3.533741e+00  5.235356e+00  9.476496e+00 
 7.794416e+00  1.656178e+00  3.443630e+00  5.098402e+00  9.225779e+00 
 7.903066e+00  1.617260e+00  3.354739e+00  4.964805e+00  8.980603e+00 
 8.013230e+00  1.579067e+00  3.268857e+00  4.835333e+00  8.742428e+00 
 8.124930e+00  1.541677e+00  3.184880e+00  4.708853e+00  8.509709e+00 
 8.238187e+00  1.505410e+00  3.103195e+00  4.585519e+00  8.282922e+00 
 8.353023e+00  1.469816e+00  3.023634e+00  4.465337e+00  8.062257e+00 
 8.469460e+00  1.435221e+00  2.946354e+00  4.349067e+00  7.848188e+00 
 8.587519e+00  1.401575e+00  2.871082e+00  4.235631e+00  7.639749e+00 
 8.707225e+00  1.368729e+00  2.797950e+00  4.125766e+00  7.437448e+00 
 8.828599e+00  1.336800e+00  2.727170e+00  4.019085e+00  7.240738e+00 
 8.951665e+00  1.305525e+00  2.658431e+00  3.915058e+00  7.050303e+00 
 9.076446e+00  1.275285e+00  2.591351e+00  3.814222e+00  6.864580e+00 
 9.202967e+00  1.245653e+00  2.526029e+00  3.716141e+00  6.683729e+00 
 9.331251e+00  1.216657e+00  2.462328e+00  3.620118e+00  6.507388e+00 
 9.461324e+00  0.000000e+00  0.000000e+00  0.000000e+00  0.000000e+00 
 9.593209e+00  0.000000e+00  0.000000e+00  0.000000e+00  0.000000e+00 
 9.726934e+00  0.000000e+00  0.000000e+00  0.000000e+00  0.000000e+00 
 9.862522e+00  0.000000e+00  0.000000e+00  0.000000e+00  0.000000e+00 
 1.000000e+01  0.000000e+00  0.000000e+00  0.000000e+00  0.000000e+00 
