 1.000000e-02  5.638594e+03  1.033551e+04  1.400888e+04  2.090093e+04 
 1.013939e-02  5.669655e+03  1.039263e+04  1.408630e+04  2.101617e+04 
 1.028073e-02  5.700281e+03  1.044894e+04  1.416260e+04  2.112976e+04 
 1.042404e-02  5.730454e+03  1.050442e+04  1.423777e+04  2.124162e+04 
 1.056935e-02  5.760157e+03  1.055902e+04  1.431176e+04  2.135172e+04 
 1.071668e-02  5.789375e+03  1.061271e+04  1.438451e+04  2.145995e+04 
 1.086606e-02  5.818079e+03  1.066546e+04  1.445596e+04  2.156622e+04 
 1.101753e-02  5.846260e+03  1.071724e+04  1.452608e+04  2.167051e+04 
 1.117111e-02  5.873893e+03  1.076799e+04  1.459482e+04  2.177272e+04 
 1.132683e-02  5.900957e+03  1.081770e+04  1.466213e+04  2.187276e+04 
 1.148472e-02  5.927429e+03  1.086631e+04  1.472795e+04  2.197057e+04 
 1.164481e-02  5.953291e+03  1.091378e+04  1.479222e+04  2.206606e+04 
 1.180713e-02  5.978521e+03  1.096010e+04  1.485490e+04  2.215915e+04 
 1.197171e-02  6.003098e+03  1.100520e+04  1.491593e+04  2.224979e+04 
 1.213859e-02  6.027005e+03  1.104906e+04  1.497528e+04  2.233788e+04 
 1.230780e-02  6.050219e+03  1.109164e+04  1.503287e+04  2.242334e+04 
 1.247936e-02  6.072717e+03  1.113289e+04  1.508868e+04  2.250611e+04 
 1.265332e-02  6.094473e+03  1.117279e+04  1.514262e+04  2.258611e+04 
 1.282970e-02  6.115483e+03  1.121129e+04  1.519468e+04  2.266326e+04 
 1.300854e-02  6.135718e+03  1.124837e+04  1.524478e+04  2.273748e+04 
 1.318987e-02  6.155161e+03  1.128397e+04  1.529290e+04  2.280871e+04 
 1.337373e-02  6.173786e+03  1.131807e+04  1.533894e+04  2.287686e+04 
 1.356015e-02  6.191576e+03  1.135063e+04  1.538292e+04  2.294189e+04 
 1.374917e-02  6.208514e+03  1.138161e+04  1.542473e+04  2.300369e+04 
 1.394083e-02  6.224572e+03  1.141097e+04  1.546434e+04  2.306218e+04 
 1.413516e-02  6.239712e+03  1.143864e+04  1.550166e+04  2.311724e+04 
 1.433219e-02  6.253935e+03  1.146461e+04  1.553666e+04  2.316882e+04 
 1.453198e-02  6.267204e+03  1.148882e+04  1.556927e+04  2.321682e+04 
 1.473454e-02  6.279509e+03  1.151125e+04  1.559947e+04  2.326120e+04 
 1.493993e-02  6.290809e+03  1.153182e+04  1.562714e+04  2.330180e+04 
 1.514819e-02  6.301173e+03  1.155070e+04  1.565251e+04  2.333898e+04 
 1.535935e-02  6.310540e+03  1.156774e+04  1.567539e+04  2.337243e+04 
 1.557345e-02  6.318858e+03  1.158285e+04  1.569564e+04  2.340195e+04 
 1.579053e-02  6.326102e+03  1.159597e+04  1.571320e+04  2.342742e+04 
 1.601064e-02  6.332246e+03  1.160708e+04  1.572801e+04  2.344879e+04 
 1.623382e-02  6.337268e+03  1.161612e+04  1.574002e+04  2.346597e+04 
 1.646012e-02  6.341161e+03  1.162308e+04  1.574921e+04  2.347894e+04 
 1.668956e-02  6.343911e+03  1.162792e+04  1.575553e+04  2.348762e+04 
 1.692220e-02  6.345494e+03  1.163064e+04  1.575894e+04  2.349195e+04 
 1.715809e-02  6.345894e+03  1.163117e+04  1.575940e+04  2.349185e+04 
 1.739726e-02  6.345083e+03  1.162948e+04  1.575685e+04  2.348725e+04 
 1.763977e-02  6.343048e+03  1.162554e+04  1.575124e+04  2.347809e+04 
 1.788566e-02  6.339782e+03  1.161933e+04  1.574254e+04  2.346432e+04 
 1.813498e-02  6.335248e+03  1.161079e+04  1.573070e+04  2.344584e+04 
 1.838777e-02  6.329442e+03  1.159992e+04  1.571568e+04  2.342260e+04 
 1.864409e-02  6.322342e+03  1.158667e+04  1.569743e+04  2.339456e+04 
 1.890397e-02  6.313942e+03  1.157103e+04  1.567595e+04  2.336167e+04 
 1.916748e-02  6.304228e+03  1.155298e+04  1.565118e+04  2.332389e+04 
 1.943467e-02  6.293188e+03  1.153247e+04  1.562310e+04  2.328117e+04 
 1.970558e-02  6.280819e+03  1.150954e+04  1.559172e+04  2.323350e+04 
 1.998026e-02  6.267113e+03  1.148414e+04  1.555699e+04  2.318085e+04 
 2.025878e-02  6.252055e+03  1.145628e+04  1.551892e+04  2.312318e+04 
 2.054117e-02  6.235648e+03  1.142593e+04  1.547748e+04  2.306051e+04 
 2.082751e-02  6.217912e+03  1.139313e+04  1.543272e+04  2.299286e+04 
 2.111783e-02  6.198834e+03  1.135788e+04  1.538462e+04  2.292024e+04 
 2.141220e-02  6.178509e+03  1.132029e+04  1.533332e+04  2.284273e+04 
 2.171068e-02  6.157409e+03  1.128100e+04  1.527943e+04  2.276065e+04 
 2.201331e-02  6.134965e+03  1.123925e+04  1.522220e+04  2.267360e+04 
 2.232016e-02  6.111181e+03  1.119504e+04  1.516164e+04  2.258155e+04 
 2.263130e-02  6.086062e+03  1.114837e+04  1.509774e+04  2.248450e+04 
 2.294676e-02  6.059596e+03  1.109924e+04  1.503049e+04  2.238249e+04 
 2.326663e-02  6.031803e+03  1.104764e+04  1.495992e+04  2.227550e+04 
 2.359095e-02  6.002685e+03  1.099363e+04  1.488605e+04  2.216359e+04 
 2.391980e-02  5.972252e+03  1.093721e+04  1.480892e+04  2.204684e+04 
 2.425323e-02  5.940519e+03  1.087838e+04  1.472855e+04  2.192524e+04 
 2.459130e-02  5.907507e+03  1.081723e+04  1.464500e+04  2.179890e+04 
 2.493409e-02  5.873244e+03  1.075377e+04  1.455833e+04  2.166792e+04 
 2.528166e-02  5.837745e+03  1.068804e+04  1.446862e+04  2.153238e+04 
 2.563407e-02  5.801054e+03  1.062014e+04  1.437591e+04  2.139240e+04 
 2.599140e-02  5.763198e+03  1.055009e+04  1.428033e+04  2.124814e+04 
 2.635371e-02  5.724219e+03  1.047799e+04  1.418196e+04  2.109973e+04 
 2.672106e-02  5.684164e+03  1.040391e+04  1.408091e+04  2.094734e+04 
 2.709354e-02  5.643059e+03  1.032792e+04  1.397728e+04  2.079109e+04 
 2.747121e-02  5.600940e+03  1.025006e+04  1.387113e+04  2.063110e+04 
 2.785414e-02  5.557743e+03  1.017026e+04  1.376235e+04  2.046728e+04 
 2.824241e-02  5.513212e+03  1.008813e+04  1.365054e+04  2.029918e+04 
 2.863610e-02  5.467749e+03  1.000429e+04  1.353641e+04  2.012764e+04 
 2.903527e-02  5.421378e+03  9.918786e+03  1.342005e+04  1.995279e+04 
 2.944000e-02  5.374144e+03  9.831710e+03  1.330155e+04  1.977477e+04 
 2.985038e-02  5.326093e+03  9.743140e+03  1.318104e+04  1.959377e+04 
 3.026648e-02  5.277275e+03  9.653168e+03  1.305863e+04  1.940997e+04 
 3.068838e-02  5.227739e+03  9.561893e+03  1.293447e+04  1.922356e+04 
 3.111616e-02  5.177545e+03  9.469421e+03  1.280869e+04  1.903477e+04 
 3.154990e-02  5.126769e+03  9.375882e+03  1.268147e+04  1.884385e+04 
 3.198969e-02  5.075476e+03  9.281399e+03  1.255298e+04  1.865106e+04 
 3.243561e-02  5.023740e+03  9.186118e+03  1.242341e+04  1.845668e+04 
 3.288774e-02  4.971654e+03  9.090196e+03  1.229299e+04  1.826104e+04 
 3.334618e-02  4.919312e+03  8.993805e+03  1.216193e+04  1.806447e+04 
 3.381101e-02  4.866787e+03  8.897093e+03  1.203044e+04  1.786727e+04 
 3.428231e-02  4.814147e+03  8.800166e+03  1.189867e+04  1.766967e+04 
 3.476019e-02  4.761294e+03  8.703184e+03  1.176720e+04  1.747365e+04 
 3.524473e-02  4.708395e+03  8.606138e+03  1.163565e+04  1.727757e+04 
 3.573602e-02  4.655509e+03  8.509111e+03  1.150415e+04  1.708154e+04 
 3.623416e-02  4.602680e+03  8.412188e+03  1.137278e+04  1.688573e+04 
 3.673925e-02  4.549958e+03  8.315469e+03  1.124168e+04  1.669034e+04 
 3.725137e-02  4.497398e+03  8.219054e+03  1.111101e+04  1.649560e+04 
 3.777064e-02  4.445063e+03  8.123047e+03  1.098090e+04  1.630168e+04 
 3.829714e-02  4.393010e+03  8.027568e+03  1.085149e+04  1.610884e+04 
 3.883098e-02  4.341308e+03  7.932732e+03  1.072297e+04  1.591732e+04 
 3.937226e-02  4.290031e+03  7.838670e+03  1.059550e+04  1.572736e+04 
 3.992109e-02  4.239242e+03  7.745515e+03  1.046925e+04  1.553924e+04 
 4.047757e-02  4.189015e+03  7.653345e+03  1.034430e+04  1.535294e+04 
 4.104181e-02  4.139152e+03  7.561162e+03  1.021857e+04  1.516336e+04 
 4.161391e-02  4.090040e+03  7.470349e+03  1.009470e+04  1.497657e+04 
 4.219398e-02  4.041719e+03  7.381000e+03  9.972823e+03  1.479275e+04 
 4.278214e-02  3.994228e+03  7.293166e+03  9.853005e+03  1.461200e+04 
 4.337850e-02  3.947578e+03  7.206882e+03  9.735289e+03  1.443441e+04 
 4.398317e-02  3.901793e+03  7.122188e+03  9.619727e+03  1.426005e+04 
 4.459628e-02  3.856889e+03  7.039114e+03  9.506367e+03  1.408897e+04 
 4.521792e-02  3.812885e+03  6.957696e+03  9.395249e+03  1.392123e+04 
 4.584824e-02  3.769797e+03  6.877953e+03  9.286414e+03  1.375691e+04 
 4.648734e-02  3.727639e+03  6.799915e+03  9.179888e+03  1.359604e+04 
 4.713535e-02  3.686655e+03  6.724932e+03  9.078431e+03  1.344525e+04 
 4.779239e-02  3.646766e+03  6.652489e+03  8.980976e+03  1.330194e+04 
 4.845859e-02  3.607836e+03  6.581790e+03  8.885870e+03  1.316208e+04 
 4.913407e-02  3.569849e+03  6.512807e+03  8.793082e+03  1.302565e+04 
 4.981898e-02  3.532780e+03  6.445500e+03  8.702553e+03  1.289255e+04 
 5.051342e-02  3.496603e+03  6.379816e+03  8.614213e+03  1.276270e+04 
 5.121755e-02  3.461286e+03  6.315698e+03  8.527983e+03  1.263596e+04 
 5.193150e-02  3.426786e+03  6.253074e+03  8.443767e+03  1.251220e+04 
 5.265540e-02  3.393064e+03  6.191864e+03  8.361459e+03  1.239126e+04 
 5.338938e-02  3.359776e+03  6.130907e+03  8.278939e+03  1.226853e+04 
 5.413360e-02  3.326812e+03  6.069905e+03  8.195699e+03  1.214298e+04 
 5.488820e-02  3.294443e+03  6.009996e+03  8.113942e+03  1.201963e+04 
 5.565331e-02  3.262621e+03  5.951085e+03  8.033540e+03  1.189831e+04 
 5.642908e-02  3.231209e+03  5.892922e+03  7.954142e+03  1.177847e+04 
 5.721568e-02  3.200150e+03  5.835396e+03  7.875605e+03  1.165991e+04 
 5.801323e-02  3.169283e+03  5.778254e+03  7.797613e+03  1.154223e+04 
 5.882190e-02  3.138723e+03  5.721711e+03  7.720471e+03  1.142591e+04 
 5.964185e-02  3.108442e+03  5.666117e+03  7.645068e+03  1.131341e+04 
 6.047322e-02  3.078844e+03  5.612893e+03  7.574032e+03  1.121054e+04 
 6.131619e-02  3.048958e+03  5.559106e+03  7.502202e+03  1.110638e+04 
 6.217090e-02  3.018838e+03  5.504863e+03  7.429720e+03  1.100118e+04 
 6.303753e-02  2.988322e+03  5.449888e+03  7.356245e+03  1.089448e+04 
 6.391624e-02  2.957359e+03  5.394102e+03  7.281678e+03  1.078617e+04 
 6.480720e-02  2.925800e+03  5.337233e+03  7.205655e+03  1.067573e+04 
 6.571058e-02  2.893555e+03  5.279114e+03  7.127938e+03  1.056277e+04 
 6.662655e-02  2.859176e+03  5.214891e+03  7.039646e+03  1.042764e+04 
 6.755528e-02  2.823901e+03  5.148985e+03  6.949024e+03  1.028890e+04 
 6.849697e-02  2.787701e+03  5.081410e+03  6.856166e+03  1.014689e+04 
 6.945178e-02  2.750515e+03  5.012060e+03  6.760934e+03  1.000143e+04 
 7.041990e-02  2.712294e+03  4.940842e+03  6.663208e+03  9.852352e+03 
 7.140151e-02  2.672995e+03  4.867683e+03  6.562893e+03  9.699522e+03 
 7.239681e-02  2.632896e+03  4.793407e+03  6.461479e+03  9.546426e+03 
 7.340598e-02  2.592051e+03  4.718160e+03  6.359243e+03  9.393727e+03 
 7.442922e-02  2.550113e+03  4.640945e+03  6.254376e+03  9.237175e+03 
 7.546673e-02  2.507127e+03  4.561840e+03  6.146979e+03  9.076923e+03 
 7.651869e-02  2.463143e+03  4.480939e+03  6.037179e+03  8.913162e+03 
 7.758532e-02  2.418230e+03  4.398371e+03  5.925154e+03  8.746157e+03 
 7.866682e-02  2.373491e+03  4.317489e+03  5.816741e+03  8.587805e+03 
 7.976339e-02  2.329633e+03  4.240421e+03  5.715621e+03  8.445548e+03 
 8.087525e-02  2.285117e+03  4.162083e+03  5.612720e+03  8.300481e+03 
 8.200261e-02  2.240090e+03  4.082737e+03  5.508387e+03  8.153108e+03 
 8.314568e-02  2.194701e+03  4.002662e+03  5.402998e+03  8.003978e+03 
 8.430468e-02  2.149126e+03  3.922168e+03  5.296964e+03  7.853691e+03 
 8.547985e-02  2.102469e+03  3.838090e+03  5.184574e+03  7.690386e+03 
 8.667139e-02  2.055528e+03  3.752738e+03  5.069748e+03  7.521770e+03 
 8.787954e-02  2.009013e+03  3.668157e+03  4.955949e+03  7.354625e+03 
 8.910453e-02  1.963127e+03  3.584712e+03  4.843670e+03  7.189679e+03 
 9.034660e-02  1.918058e+03  3.502750e+03  4.733380e+03  7.027628e+03 
 9.160598e-02  1.874748e+03  3.424998e+03  4.629669e+03  6.877309e+03 
 9.288292e-02  1.833279e+03  3.351494e+03  4.532481e+03  6.738409e+03 
 9.417766e-02  1.793112e+03  3.280293e+03  4.438335e+03  6.603848e+03 
 9.549045e-02  1.754397e+03  3.211672e+03  4.347606e+03  6.474185e+03 
 9.682153e-02  1.717257e+03  3.145866e+03  4.260619e+03  6.349920e+03 
 9.817117e-02  1.682073e+03  3.083996e+03  4.179294e+03  6.234871e+03 
 9.953962e-02  1.648755e+03  3.025625e+03  4.102784e+03  6.127169e+03 
 1.009272e-01  1.617247e+03  2.970497e+03  4.030595e+03  6.025729e+03 
 1.023340e-01  1.587571e+03  2.918653e+03  3.962787e+03  5.930660e+03 
 1.037605e-01  1.558951e+03  2.867762e+03  3.895385e+03  5.834207e+03 
 1.052069e-01  1.529229e+03  2.811344e+03  3.817353e+03  5.714904e+03 
 1.066734e-01  1.501307e+03  2.758270e+03  3.743893e+03  5.602492e+03 
 1.081604e-01  1.475067e+03  2.708319e+03  3.674697e+03  5.496503e+03 
 1.096681e-01  1.450368e+03  2.661230e+03  3.609407e+03  5.396399e+03 
 1.111968e-01  1.427577e+03  2.618245e+03  3.550028e+03  5.305242e+03 
 1.127468e-01  1.405981e+03  2.577504e+03  3.493723e+03  5.218726e+03 
 1.143184e-01  1.385338e+03  2.538526e+03  3.439826e+03  5.135841e+03 
 1.159120e-01  1.365414e+03  2.500876e+03  3.387741e+03  5.055692e+03 
 1.175277e-01  1.347246e+03  2.467849e+03  3.343126e+03  4.989152e+03 
 1.191660e-01  1.329399e+03  2.435528e+03  3.299573e+03  4.924413e+03 
 1.208271e-01  1.311507e+03  2.403124e+03  3.255906e+03  4.859509e+03 
 1.225114e-01  1.293293e+03  2.370123e+03  3.211454e+03  4.793578e+03 
 1.242191e-01  1.274309e+03  2.335675e+03  3.165275e+03  4.726431e+03 
 1.259506e-01  1.254614e+03  2.299924e+03  3.117329e+03  4.656629e+03 
 1.277063e-01  1.234041e+03  2.262564e+03  3.067198e+03  4.583544e+03 
 1.294865e-01  1.212869e+03  2.224310e+03  3.015868e+03  4.508208e+03 
 1.312915e-01  1.191079e+03  2.185158e+03  2.963332e+03  4.430548e+03 
 1.331216e-01  1.168168e+03  2.143939e+03  2.907989e+03  4.348683e+03 
 1.349772e-01  1.144184e+03  2.100781e+03  2.850063e+03  4.263105e+03 
 1.368587e-01  1.120533e+03  2.060523e+03  2.798646e+03  4.194670e+03 
 1.387665e-01  1.095966e+03  2.018483e+03  2.744708e+03  4.122186e+03 
 1.407008e-01  1.070645e+03  1.974938e+03  2.688615e+03  4.046165e+03 
 1.426621e-01  1.045628e+03  1.931959e+03  2.632767e+03  3.967946e+03 
 1.446507e-01  1.020579e+03  1.888837e+03  2.576493e+03  3.888131e+03 
 1.466671e-01  9.954971e+02  1.845520e+03  2.519846e+03  3.807541e+03 
 1.487115e-01  9.681486e+02  1.795671e+03  2.452733e+03  3.708900e+03 
 1.507845e-01  9.397249e+02  1.742294e+03  2.379784e+03  3.599941e+03 
 1.528864e-01  9.122911e+02  1.690775e+03  2.309363e+03  3.494731e+03 
 1.550175e-01  8.882008e+02  1.647621e+03  2.251984e+03  3.412100e+03 
 1.571784e-01  8.669329e+02  1.611149e+03  2.204810e+03  3.346793e+03 
 1.593694e-01  8.470647e+02  1.577151e+03  2.160905e+03  3.286185e+03 
 1.615909e-01  8.292439e+02  1.547166e+03  2.122489e+03  3.233601e+03 
 1.638434e-01  8.131773e+02  1.520469e+03  2.088522e+03  3.187536e+03 
 1.661273e-01  7.985934e+02  1.496434e+03  2.058121e+03  3.146724e+03 
 1.684430e-01  7.816112e+02  1.464815e+03  2.015346e+03  3.084330e+03 
 1.707910e-01  7.654962e+02  1.434431e+03  1.974012e+03  3.023741e+03 
 1.731717e-01  7.511894e+02  1.407925e+03  1.938238e+03  2.971659e+03 
 1.755856e-01  7.404951e+02  1.390163e+03  1.915445e+03  2.939599e+03 
 1.780332e-01  7.303349e+02  1.373359e+03  1.893942e+03  2.909466e+03 
 1.805149e-01  7.184751e+02  1.350946e+03  1.862714e+03  2.860720e+03 
 1.830312e-01  7.054577e+02  1.324927e+03  1.825342e+03  2.800364e+03 
 1.855825e-01  6.923879e+02  1.299199e+03  1.788799e+03  2.742257e+03 
 1.881694e-01  6.797307e+02  1.276470e+03  1.758845e+03  2.699897e+03 
 1.907924e-01  6.664411e+02  1.252536e+03  1.727203e+03  2.654876e+03 
 1.934520e-01  6.518554e+02  1.225959e+03  1.692041e+03  2.605814e+03 
 1.961486e-01  6.363099e+02  1.197507e+03  1.654316e+03  2.553177e+03 
 1.988828e-01  6.214725e+02  1.171173e+03  1.619691e+03  2.504640e+03 
 2.016551e-01  6.080882e+02  1.148674e+03  1.590617e+03  2.463728e+03 
 2.044661e-01  5.939751e+02  1.124375e+03  1.558728e+03  2.417942e+03 
 2.073162e-01  5.782413e+02  1.094934e+03  1.518118e+03  2.356306e+03 
 2.102061e-01  5.625844e+02  1.065607e+03  1.477647e+03  2.294799e+03 
 2.131362e-01  5.516383e+02  1.049963e+03  1.459296e+03  2.270800e+03 
 2.161073e-01  5.413487e+02  1.035622e+03  1.442789e+03  2.249648e+03 
 2.191197e-01  5.278257e+02  1.012317e+03  1.412929e+03  2.210098e+03 
 2.221741e-01  5.143097e+02  9.883235e+02  1.381831e+03  2.168941e+03 
 2.252711e-01  5.023466e+02  9.678153e+02  1.355775e+03  2.134622e+03 
 2.284112e-01  4.915488e+02  9.496438e+02  1.332976e+03  2.104912e+03 
 2.315951e-01  4.822410e+02  9.331695e+02  1.310688e+03  2.070584e+03 
 2.348235e-01  4.739419e+02  9.182159e+02  1.289878e+03  2.036718e+03 
 2.380968e-01  4.638901e+02  8.985662e+02  1.262375e+03  1.994835e+03 
 2.414157e-01  4.536894e+02  8.782974e+02  1.233974e+03  1.952145e+03 
 2.447809e-01  4.434164e+02  8.587130e+02  1.207292e+03  1.912278e+03 
 2.481930e-01  4.333175e+02  8.396119e+02  1.181360e+03  1.873518e+03 
 2.516527e-01  4.272527e+02  8.298632e+02  1.168576e+03  1.854367e+03 
 2.551606e-01  4.197262e+02  8.167840e+02  1.151111e+03  1.828604e+03 
 2.587174e-01  4.083181e+02  7.947159e+02  1.121075e+03  1.785577e+03 
 2.623238e-01  3.986648e+02  7.773162e+02  1.097983e+03  1.752942e+03 
 2.659804e-01  3.909879e+02  7.651030e+02  1.082592e+03  1.731856e+03 
 2.696881e-01  3.808587e+02  7.468882e+02  1.058264e+03  1.695664e+03 
 2.734474e-01  3.701617e+02  7.272217e+02  1.031767e+03  1.655846e+03 
 2.772591e-01  3.623032e+02  7.145621e+02  1.016269e+03  1.636547e+03 
 2.811239e-01  3.541075e+02  7.004958e+02  9.987109e+02  1.615595e+03 
 2.850426e-01  3.454982e+02  6.846454e+02  9.785873e+02  1.592931e+03 
 2.890160e-01  3.379441e+02  6.718933e+02  9.622126e+02  1.569358e+03 
 2.930447e-01  3.309919e+02  6.598544e+02  9.459292e+02  1.543388e+03 
 2.971296e-01  3.243520e+02  6.463498e+02  9.252807e+02  1.507749e+03 
 3.012714e-01  3.183708e+02  6.360620e+02  9.116298e+02  1.487436e+03 
 3.054710e-01  3.123533e+02  6.262478e+02  8.995881e+02  1.471707e+03 
 3.097291e-01  3.048791e+02  6.127705e+02  8.822735e+02  1.449053e+03 
 3.140465e-01  2.979712e+02  5.989153e+02  8.623311e+02  1.416299e+03 
 3.184242e-01  2.917694e+02  5.866382e+02  8.445949e+02  1.386917e+03 
 3.228628e-01  2.869242e+02  5.789286e+02  8.352330e+02  1.376091e+03 
 3.273634e-01  2.798159e+02  5.648193e+02  8.151170e+02  1.344255e+03 
 3.319266e-01  2.724937e+02  5.508429e+02  7.960137e+02  1.315975e+03 
 3.365535e-01  2.656484e+02  5.389335e+02  7.809942e+02  1.296532e+03 
 3.412449e-01  2.610963e+02  5.329790e+02  7.737586e+02  1.284442e+03 
 3.460016e-01  2.560965e+02  5.248583e+02  7.632792e+02  1.269642e+03 
 3.508247e-01  2.512250e+02  5.161597e+02  7.516958e+02  1.252930e+03 
 3.557150e-01  2.465220e+02  5.073784e+02  7.398220e+02  1.234983e+03 
 3.606735e-01  2.410783e+02  4.976806e+02  7.271531e+02  1.217112e+03 
 3.657011e-01  2.344388e+02  4.851825e+02  7.103204e+02  1.194613e+03 
 3.707988e-01  2.291671e+02  4.751952e+02  6.968588e+02  1.174862e+03 
 3.759675e-01  2.243192e+02  4.660337e+02  6.844067e+02  1.156523e+03 
 3.812083e-01  2.192371e+02  4.569075e+02  6.721204e+02  1.138995e+03 
 3.865221e-01  2.149004e+02  4.505732e+02  6.644610e+02  1.125116e+03 
 3.919100e-01  2.104675e+02  4.402606e+02  6.490990e+02  1.105398e+03 
 3.973730e-01  2.054344e+02  4.321766e+02  6.390256e+02  1.089055e+03 
 4.029122e-01  2.015462e+02  4.260726e+02  6.303751e+02  1.072749e+03 
 4.085286e-01  1.975280e+02  4.173927e+02  6.181201e+02  1.055661e+03 
 4.142232e-01  1.926378e+02  4.075244e+02  6.054010e+02  1.040554e+03 
 4.199973e-01  1.879864e+02  3.996614e+02  5.955314e+02  1.025970e+03 
 4.258518e-01  1.843412e+02  3.928395e+02  5.857278e+02  1.008703e+03 
 4.317880e-01  1.804654e+02  3.850839e+02  5.743056e+02  9.918334e+02 
 4.378069e-01  1.770593e+02  3.783986e+02  5.648356e+02  9.761046e+02 
 4.439097e-01  1.742307e+02  3.740850e+02  5.598198e+02  9.722672e+02 
 4.500975e-01  1.696188e+02  3.655611e+02  5.481313e+02  9.549684e+02 
 4.563716e-01  1.657004e+02  3.575677e+02  5.364912e+02  9.340451e+02 
 4.627332e-01  1.632670e+02  3.542634e+02  5.330150e+02  9.307160e+02 
 4.691835e-01  1.592015e+02  3.461746e+02  5.212771e+02  9.108288e+02 
 4.757236e-01  1.562660e+02  3.405295e+02  5.137490e+02  8.996714e+02 
 4.823549e-01  1.522986e+02  3.323837e+02  5.025494e+02  8.854472e+02 
 4.890787e-01  1.491930e+02  3.264234e+02  4.944357e+02  8.724816e+02 
 4.958962e-01  1.469133e+02  3.219153e+02  4.873278e+02  8.594276e+02 
 5.028087e-01  1.438349e+02  3.165654e+02  4.801308e+02  8.491690e+02 
 5.098176e-01  1.412950e+02  3.119051e+02  4.731286e+02  8.350017e+02 
 5.169242e-01  1.389665e+02  3.075300e+02  4.673934e+02  8.273108e+02 
 5.241298e-01  1.345516e+02  3.001483e+02  4.584762e+02  8.166136e+02 
 5.314359e-01  1.322952e+02  2.965711e+02  4.534022e+02  8.085238e+02 
 5.388438e-01  1.296203e+02  2.905328e+02  4.444912e+02  7.954393e+02 
 5.463550e-01  1.274199e+02  2.861200e+02  4.378303e+02  7.845921e+02 
 5.539709e-01  1.241769e+02  2.806052e+02  4.308006e+02  7.733540e+02 
 5.616930e-01  1.220839e+02  2.764854e+02  4.249384e+02  7.643329e+02 
 5.695227e-01  1.197819e+02  2.728965e+02  4.204238e+02  7.539090e+02 
 5.774615e-01  1.171272e+02  2.667379e+02  4.115148e+02  7.417516e+02 
 5.855110e-01  1.151102e+02  2.628585e+02  4.053675e+02  7.317728e+02 
 5.936727e-01  1.125559e+02  2.569037e+02  3.974235e+02  7.200612e+02 
 6.019482e-01  1.107730e+02  2.542026e+02  3.927643e+02  7.115538e+02 
 6.103390e-01  1.082548e+02  2.499715e+02  3.871378e+02  7.009990e+02 
 6.188468e-01  1.059044e+02  2.463447e+02  3.842139e+02  6.986096e+02 
 6.274732e-01  1.042509e+02  2.419374e+02  3.767257e+02  6.872050e+02 
 6.362198e-01  1.022863e+02  2.383487e+02  3.711782e+02  6.764853e+02 
 6.450884e-01  9.998308e+01  2.343543e+02  3.656737e+02  6.667764e+02 
 6.540806e-01  9.796368e+01  2.295201e+02  3.584506e+02  6.569172e+02 
 6.631981e-01  9.591055e+01  2.265098e+02  3.551823e+02  6.501497e+02 
 6.724427e-01  9.416437e+01  2.226974e+02  3.500704e+02  6.442644e+02 
 6.818162e-01  9.224218e+01  2.187790e+02  3.429834e+02  6.317144e+02 
 6.913204e-01  9.034248e+01  2.150214e+02  3.381889e+02  6.233204e+02 
 7.009570e-01  8.911346e+01  2.119249e+02  3.337483e+02  6.154185e+02 
 7.107280e-01  8.693942e+01  2.085854e+02  3.288225e+02  6.058927e+02 
 7.206351e-01  8.566800e+01  2.055756e+02  3.249304e+02  6.011118e+02 
 7.306804e-01  8.401700e+01  2.025365e+02  3.197815e+02  5.905888e+02 
 7.408657e-01  8.221916e+01  1.987373e+02  3.143380e+02  5.832907e+02 
 7.511929e-01  8.054966e+01  1.953394e+02  3.100355e+02  5.752803e+02 
 7.616642e-01  7.902325e+01  1.920022e+02  3.053700e+02  5.685164e+02 
 7.722814e-01  7.807037e+01  1.900278e+02  3.018058e+02  5.598847e+02 
 7.830465e-01  7.647735e+01  1.865950e+02  2.970509e+02  5.526160e+02 
 7.939618e-01  7.512546e+01  1.842629e+02  2.932845e+02  5.476497e+02 
 8.050292e-01  7.353969e+01  1.811007e+02  2.896027e+02  5.404365e+02 
 8.162509e-01  7.235455e+01  1.785034e+02  2.846887e+02  5.312243e+02 
 8.276289e-01  7.065467e+01  1.752088e+02  2.804847e+02  5.247221e+02 
 8.391656e-01  6.986602e+01  1.732124e+02  2.767408e+02  5.193343e+02 
 8.508632e-01  6.860918e+01  1.703479e+02  2.730354e+02  5.122440e+02 
 8.627237e-01  6.719151e+01  1.677941e+02  2.690803e+02  5.042597e+02 
 8.747496e-01  6.600128e+01  1.651328e+02  2.653080e+02  4.976939e+02 
 8.869432e-01  6.491771e+01  1.628116e+02  2.617101e+02  4.911319e+02 
 8.993067e-01  6.368354e+01  1.603179e+02  2.578524e+02  4.842630e+02 
 9.118425e-01  6.270283e+01  1.576605e+02  2.536406e+02  4.757630e+02 
 9.245531e-01  6.139598e+01  1.550863e+02  2.497510e+02  4.706284e+02 
 9.374409e-01  6.029114e+01  1.528515e+02  2.466799e+02  4.641962e+02 
 9.505083e-01  5.934590e+01  1.505296e+02  2.431555e+02  4.575862e+02 
 9.637579e-01  5.811242e+01  1.477121e+02  2.390319e+02  4.511840e+02 
 9.771921e-01  5.743829e+01  1.468458e+02  2.365397e+02  4.449166e+02 
 9.908137e-01  5.637579e+01  1.442055e+02  2.329991e+02  4.392902e+02 
 1.004625e+00  5.532399e+01  1.415967e+02  2.289555e+02  4.317700e+02 
 1.018629e+00  5.442441e+01  1.396995e+02  2.257768e+02  4.254963e+02 
 1.032828e+00  5.344149e+01  1.376326e+02  2.230127e+02  4.211593e+02 
 1.047225e+00  5.246786e+01  1.357199e+02  2.194305e+02  4.139058e+02 
 1.061823e+00  5.169894e+01  1.338847e+02  2.164220e+02  4.077142e+02 
 1.076624e+00  5.077185e+01  1.318133e+02  2.132257e+02  4.015652e+02 
 1.091632e+00  4.991931e+01  1.297884e+02  2.101878e+02  3.953132e+02 
 1.106848e+00  4.901399e+01  1.276067e+02  2.070770e+02  3.899752e+02 
 1.122277e+00  4.819608e+01  1.258558e+02  2.037194e+02  3.836260e+02 
 1.137921e+00  4.735994e+01  1.237585e+02  2.007071e+02  3.778403e+02 
 1.153783e+00  4.664206e+01  1.218664e+02  1.976525e+02  3.723251e+02 
 1.169866e+00  4.580627e+01  1.200560e+02  1.945964e+02  3.669446e+02 
 1.186174e+00  4.501105e+01  1.183586e+02  1.917662e+02  3.610884e+02 
 1.202708e+00  4.432794e+01  1.165487e+02  1.888671e+02  3.553618e+02 
 1.219473e+00  4.359649e+01  1.148335e+02  1.861256e+02  3.493753e+02 
 1.236472e+00  4.284886e+01  1.131589e+02  1.834339e+02  3.440470e+02 
 1.253708e+00  4.218245e+01  1.113360e+02  1.804470e+02  3.391061e+02 
 1.271184e+00  4.149473e+01  1.100955e+02  1.781267e+02  3.334802e+02 
 1.288904e+00  4.081580e+01  1.079864e+02  1.751109e+02  3.287175e+02 
 1.306870e+00  4.008680e+01  1.063812e+02  1.723505e+02  3.230851e+02 
 1.325087e+00  3.949977e+01  1.048121e+02  1.697186e+02  3.175737e+02 
 1.343558e+00  3.886266e+01  1.031598e+02  1.670246e+02  3.123208e+02 
 1.362287e+00  3.828016e+01  1.014822e+02  1.641671e+02  3.072702e+02 
 1.381276e+00  3.765475e+01  9.990471e+01  1.613337e+02  3.022080e+02 
 1.400531e+00  3.705213e+01  9.836434e+01  1.588267e+02  2.966483e+02 
 1.420053e+00  3.641894e+01  9.674688e+01  1.563319e+02  2.914310e+02 
 1.439848e+00  3.584827e+01  9.526839e+01  1.536262e+02  2.865316e+02 
 1.459919e+00  3.521639e+01  9.370982e+01  1.510146e+02  2.812161e+02 
 1.480269e+00  3.471833e+01  9.206704e+01  1.484083e+02  2.758336e+02 
 1.500903e+00  3.413881e+01  9.061739e+01  1.458235e+02  2.715173e+02 
 1.521825e+00  3.358729e+01  8.928111e+01  1.435129e+02  2.664355e+02 
 1.543038e+00  3.303023e+01  8.780802e+01  1.411705e+02  2.618330e+02 
 1.564548e+00  3.254489e+01  8.635864e+01  1.386816e+02  2.569272e+02 
 1.586357e+00  3.202649e+01  8.504326e+01  1.363258e+02  2.522044e+02 
 1.608469e+00  3.149159e+01  8.369054e+01  1.339799e+02  2.478419e+02 
 1.630891e+00  3.107816e+01  8.216179e+01  1.314330e+02  2.429221e+02 
 1.653624e+00  3.054079e+01  8.078704e+01  1.292855e+02  2.387504e+02 
 1.676675e+00  3.005827e+01  7.957575e+01  1.270541e+02  2.339774e+02 
 1.700047e+00  2.955963e+01  7.822161e+01  1.247322e+02  2.296332e+02 
 1.723745e+00  2.909042e+01  7.685971e+01  1.224430e+02  2.249056e+02 
 1.747773e+00  2.859918e+01  7.550560e+01  1.201838e+02  2.204834e+02 
 1.772136e+00  2.814697e+01  7.417364e+01  1.178921e+02  2.163543e+02 
 1.796838e+00  2.771146e+01  7.289116e+01  1.157347e+02  2.119661e+02 
 1.821885e+00  2.727314e+01  7.159182e+01  1.135106e+02  2.078479e+02 
 1.847281e+00  2.684171e+01  7.043682e+01  1.114650e+02  2.036955e+02 
 1.873032e+00  2.641201e+01  6.908604e+01  1.091885e+02  1.997009e+02 
 1.899141e+00  2.596823e+01  6.782295e+01  1.071642e+02  1.956302e+02 
 1.925614e+00  2.556894e+01  6.664898e+01  1.051278e+02  1.915764e+02 
 1.952456e+00  2.523098e+01  6.549028e+01  1.031050e+02  1.876457e+02 
 1.979672e+00  2.477094e+01  6.434782e+01  1.011130e+02  1.838058e+02 
 2.007267e+00  2.440667e+01  6.313300e+01  9.902354e+01  1.801772e+02 
 2.035248e+00  2.397949e+01  6.195683e+01  9.705192e+01  1.762977e+02 
 2.063618e+00  2.359219e+01  6.078494e+01  9.515679e+01  1.725651e+02 
 2.092383e+00  2.321374e+01  5.965845e+01  9.320617e+01  1.689723e+02 
 2.121550e+00  2.282290e+01  5.849588e+01  9.127731e+01  1.652775e+02 
 2.151123e+00  2.245237e+01  5.737977e+01  8.935316e+01  1.616424e+02 
 2.181109e+00  2.207869e+01  5.625639e+01  8.753400e+01  1.581976e+02 
 2.211512e+00  2.170985e+01  5.513085e+01  8.564723e+01  1.546275e+02 
 2.242340e+00  2.135692e+01  5.406681e+01  8.385246e+01  1.512468e+02 
 2.273597e+00  2.097542e+01  5.298501e+01  8.199219e+01  1.478623e+02 
 2.305289e+00  2.064532e+01  5.192097e+01  8.027794e+01  1.445906e+02 
 2.337424e+00  2.029274e+01  5.085934e+01  7.852680e+01  1.413395e+02 
 2.370006e+00  1.995017e+01  4.983964e+01  7.685105e+01  1.383005e+02 
 2.403043e+00  1.960031e+01  4.882668e+01  7.513237e+01  1.351305e+02 
 2.436540e+00  1.927556e+01  4.783753e+01  7.349450e+01  1.320614e+02 
 2.470504e+00  1.894817e+01  4.687499e+01  7.186783e+01  1.290638e+02 
 2.504942e+00  1.862355e+01  4.592719e+01  7.029727e+01  1.261680e+02 
 2.539859e+00  1.831753e+01  4.495825e+01  6.871505e+01  1.232450e+02 
 2.575263e+00  1.798857e+01  4.400682e+01  6.723873e+01  1.204474e+02 
 2.611161e+00  1.768697e+01  4.307364e+01  6.566240e+01  1.176499e+02 
 2.647559e+00  1.737766e+01  4.214212e+01  6.414080e+01  1.148754e+02 
 2.684465e+00  1.707141e+01  4.126189e+01  6.264566e+01  1.121636e+02 
 2.721885e+00  1.675412e+01  4.032921e+01  6.121189e+01  1.095049e+02 
 2.759826e+00  1.648496e+01  3.942199e+01  5.976514e+01  1.068837e+02 
 2.798297e+00  1.615388e+01  3.857063e+01  5.836602e+01  1.043881e+02 
 2.837304e+00  1.586007e+01  3.769983e+01  5.698070e+01  1.018762e+02 
 2.876854e+00  1.556772e+01  3.684014e+01  5.563098e+01  9.944322e+01 
 2.916956e+00  1.528279e+01  3.602493e+01  5.430211e+01  9.702445e+01 
 2.957617e+00  1.500493e+01  3.521883e+01  5.302192e+01  9.471720e+01 
 2.998844e+00  1.472393e+01  3.442900e+01  5.175037e+01  9.241615e+01 
 3.040646e+00  1.445215e+01  3.364265e+01  5.051699e+01  9.023877e+01 
 3.083031e+00  1.418260e+01  3.287716e+01  4.930713e+01  8.806621e+01 
 3.126007e+00  1.392363e+01  3.213250e+01  4.811753e+01  8.593345e+01 
 3.169582e+00  1.366038e+01  3.137747e+01  4.694592e+01  8.385692e+01 
 3.213764e+00  1.340182e+01  3.065324e+01  4.580133e+01  8.181324e+01 
 3.258562e+00  1.314072e+01  2.994967e+01  4.467651e+01  7.980965e+01 
 3.303985e+00  1.288538e+01  2.923038e+01  4.357947e+01  7.785000e+01 
 3.350041e+00  1.263744e+01  2.852821e+01  4.248377e+01  7.590057e+01 
 3.396739e+00  1.238021e+01  2.784992e+01  4.143101e+01  7.401735e+01 
 3.444087e+00  1.213834e+01  2.716492e+01  4.038220e+01  7.215334e+01 
 3.492096e+00  1.189564e+01  2.651205e+01  3.937672e+01  7.036759e+01 
 3.540774e+00  1.165267e+01  2.587619e+01  3.839114e+01  6.860178e+01 
 3.590130e+00  1.141859e+01  2.524051e+01  3.741217e+01  6.689910e+01 
 3.640175e+00  1.119019e+01  2.462486e+01  3.647863e+01  6.521644e+01 
 3.690917e+00  1.095717e+01  2.403158e+01  3.554977e+01  6.358978e+01 
 3.742366e+00  1.073306e+01  2.343272e+01  3.465478e+01  6.201945e+01 
 3.794533e+00  1.051477e+01  2.286898e+01  3.378438e+01  6.045872e+01 
 3.847427e+00  1.029880e+01  2.229944e+01  3.293481e+01  5.896757e+01 
 3.901058e+00  1.008085e+01  2.175813e+01  3.210454e+01  5.748745e+01 
 3.955436e+00  9.876045e+00  2.121880e+01  3.128475e+01  5.604424e+01 
 4.010573e+00  9.664765e+00  2.068856e+01  3.049339e+01  5.463925e+01 
 4.066478e+00  9.459344e+00  2.017187e+01  2.970829e+01  5.324566e+01 
 4.123163e+00  9.255077e+00  1.966719e+01  2.894216e+01  5.189012e+01 
 4.180637e+00  9.056857e+00  1.917126e+01  2.819509e+01  5.055730e+01 
 4.238913e+00  8.858659e+00  1.867975e+01  2.746370e+01  4.927306e+01 
 4.298001e+00  8.660740e+00  1.820541e+01  2.675399e+01  4.800312e+01 
 4.357913e+00  8.474374e+00  1.774200e+01  2.606212e+01  4.677824e+01 
 4.418660e+00  8.285206e+00  1.729086e+01  2.538351e+01  4.558511e+01 
 4.480254e+00  8.099435e+00  1.684880e+01  2.472357e+01  4.441546e+01 
 4.542706e+00  7.919766e+00  1.641472e+01  2.407950e+01  4.327425e+01 
 4.606029e+00  7.742438e+00  1.600110e+01  2.345931e+01  4.217632e+01 
 4.670234e+00  7.568725e+00  1.559245e+01  2.285902e+01  4.110744e+01 
 4.735335e+00  7.399158e+00  1.519636e+01  2.226937e+01  4.005882e+01 
 4.801343e+00  7.234694e+00  1.481376e+01  2.169762e+01  3.903438e+01 
 4.868271e+00  7.071391e+00  1.443601e+01  2.113745e+01  3.803877e+01 
 4.936132e+00  6.911267e+00  1.406618e+01  2.059333e+01  3.706805e+01 
 5.004939e+00  6.753165e+00  1.370694e+01  2.005895e+01  3.611359e+01 
 5.074705e+00  6.596477e+00  1.335296e+01  1.953534e+01  3.518395e+01 
 5.145444e+00  6.443933e+00  1.300929e+01  1.902479e+01  3.427587e+01 
 5.217169e+00  6.292680e+00  1.267035e+01  1.852664e+01  3.338059e+01 
 5.289893e+00  6.146707e+00  1.234245e+01  1.804375e+01  3.251168e+01 
 5.363631e+00  6.001194e+00  1.202179e+01  1.756670e+01  3.166609e+01 
 5.438397e+00  5.860128e+00  1.170913e+01  1.710638e+01  3.083830e+01 
 5.514206e+00  5.721434e+00  1.140471e+01  1.665837e+01  3.003502e+01 
 5.591071e+00  5.584479e+00  1.111060e+01  1.622083e+01  2.925508e+01 
 5.669007e+00  5.453686e+00  1.082196e+01  1.579948e+01  2.849476e+01 
 5.748030e+00  5.324266e+00  1.054324e+01  1.538764e+01  2.775389e+01 
 5.828155e+00  5.198874e+00  1.027198e+01  1.498855e+01  2.703542e+01 
 5.909396e+00  5.075620e+00  1.000776e+01  1.459961e+01  2.633908e+01 
 5.991770e+00  4.955211e+00  9.750055e+00  1.422131e+01  2.565838e+01 
 6.075292e+00  4.838061e+00  9.500942e+00  1.385374e+01  2.499506e+01 
 6.159978e+00  4.722710e+00  9.257345e+00  1.349490e+01  2.434837e+01 
 6.245845e+00  4.609744e+00  9.018786e+00  1.314418e+01  2.371223e+01 
 6.332908e+00  4.498290e+00  8.783980e+00  1.279918e+01  2.309093e+01 
 6.421186e+00  4.390177e+00  8.556252e+00  1.246239e+01  2.248252e+01 
 6.510694e+00  4.283374e+00  8.333060e+00  1.213597e+01  2.188934e+01 
 6.601449e+00  4.179576e+00  8.116584e+00  1.181638e+01  2.131236e+01 
 6.693470e+00  4.077795e+00  7.904428e+00  1.150396e+01  2.074747e+01 
 6.786773e+00  3.978147e+00  7.699157e+00  1.102977e+01  2.019806e+01 
 6.881377e+00  3.881539e+00  7.498653e+00  1.090602e+01  1.966220e+01 
 6.977300e+00  3.787275e+00  7.304517e+00  1.062048e+01  1.914354e+01 
 7.074559e+00  3.695442e+00  7.115135e+00  1.034126e+01  1.863751e+01 
 7.173175e+00  3.605757e+00  6.931792e+00  1.007149e+01  1.814745e+01 
 7.273165e+00  3.518871e+00  6.754038e+00  9.809257e+00  1.766960e+01 
 7.374549e+00  3.434082e+00  6.580391e+00  9.553407e+00  1.720590e+01 
 7.477346e+00  3.351223e+00  6.412575e+00  9.306826e+00  1.675555e+01 
 7.581576e+00  3.271100e+00  6.247919e+00  9.064753e+00  1.631548e+01 
 7.687260e+00  3.192416e+00  6.087984e+00  8.829013e+00  1.588664e+01 
 7.794416e+00  3.115127e+00  5.931488e+00  8.597210e+00  1.546630e+01 
 7.903066e+00  3.039713e+00  5.778123e+00  8.370985e+00  1.505384e+01 
 8.013230e+00  2.965961e+00  5.628998e+00  8.151802e+00  1.465219e+01 
 8.124930e+00  2.893610e+00  5.483363e+00  7.936549e+00  1.425910e+01 
 8.238187e+00  2.823338e+00  5.340889e+00  7.726554e+00  1.387697e+01 
 8.353023e+00  2.754581e+00  5.202643e+00  7.522620e+00  1.350397e+01 
 8.469460e+00  2.687794e+00  5.068070e+00  7.324052e+00  1.314125e+01 
 8.587519e+00  2.622686e+00  4.936990e+00  7.131088e+00  1.278869e+01 
 8.707225e+00  2.559365e+00  4.809401e+00  6.943656e+00  1.244578e+01 
 8.828599e+00  2.497817e+00  4.686378e+00  6.761283e+00  1.211226e+01 
 8.951665e+00  2.437866e+00  4.566505e+00  6.584503e+00  1.178914e+01 
 9.076446e+00  2.379735e+00  4.450321e+00  6.413407e+00  1.147581e+01 
 9.202967e+00  2.323277e+00  4.337213e+00  6.246758e+00  1.117047e+01 
 9.331251e+00  2.268280e+00  4.227262e+00  6.084676e+00  1.087397e+01 
 9.461324e+00  0.000000e+00  0.000000e+00  0.000000e+00  0.000000e+00 
 9.593209e+00  0.000000e+00  0.000000e+00  0.000000e+00  0.000000e+00 
 9.726934e+00  0.000000e+00  0.000000e+00  0.000000e+00  0.000000e+00 
 9.862522e+00  0.000000e+00  0.000000e+00  0.000000e+00  0.000000e+00 
 1.000000e+01  0.000000e+00  0.000000e+00  0.000000e+00  0.000000e+00 
