0.01 5977.684304246082 10980.904077435862 14981.80431364054 25384.94100779917
0.01013939 6006.754051762068 11031.376909223925 15047.81550572558 25453.14943633612
0.01028073 6035.291132008248 11080.820060718379 15112.5928795844 25518.96177991027
0.01042404 6063.237823307279 11129.217344234976 15175.904888531499 25582.34022558963
0.01056935 6090.5828553684405 11176.552660579462 15237.698943021513 25643.282135678928
0.01071668 6117.311899530563 11222.768433386711 15298.0168359925 25701.724610451736
0.01086606 6143.427135262819 11267.796863735246 15356.879086762243 25757.592422607573
0.01101753 6168.900900385265 11311.601464017256 15414.243090424452 25810.868901967926
0.01117111 6193.688079618419 11354.125101298201 15469.940489249811 25861.583386929844
0.01132683 6217.7662507011 11395.362620308302 15523.886797434507 25909.6460510902
0.01148472 6241.133592739566 11435.308888989435 15576.09155388578 25955.00164383551
0.01164481 6263.779034382924 11473.927718722445 15626.668451824493 25997.6056276427
0.01180713 6285.68637532268 11511.172640163026 15675.511268035436 26037.2955439017
0.01197171 6306.795234141252 11546.976572405643 15722.440624010427 26074.001984607523
0.01213859 6327.066862311082 11581.272548992496 15767.381492029499 26107.701030950313
0.0123078 6346.521093371811 11614.076409956187 15810.414985884161 26138.344120592334
0.01247936 6365.145889704274 11645.383266444256 15851.517421210792 26165.95092925289
0.01265332 6382.900459462094 11675.095243824404 15890.550179140184 26190.446876036774
0.0128297 6399.7686662409715 11703.207509327256 15927.488972601039 26211.779418563405
0.01300854 6415.719997508916 11729.642945239697 15962.19465964154 26229.825754155554
0.01318987 6430.708551876324 11754.365757585829 15994.631868225595 26244.39352240432
0.01337373 6444.751013319348 11777.391682138255 16024.858324971161 26255.439329401477
0.01356015 6457.812738874479 11798.684806316101 16052.827256659617 26262.918557563633
0.01374917 6469.833446720021 11818.075256614256 16078.273419577563 26266.602656315557
0.01394083 6480.809249837648 11835.588968176899 16101.253253254741 26266.514132412583
0.01413516 6490.758770039431 11851.28258062882 16121.90555134515 26262.878746243467
0.01433219 6499.644211019484 11865.068455255025 16140.07799389061 26255.55575065637
0.01453198 6507.411369334446 11876.869221130002 16155.566162580048 26244.279388381074
0.01473454 6514.055201718888 11886.638300037319 16168.237965122216 26228.943022101237
0.01493993 6519.548087543865 11894.359832663602 16178.137054745199 26209.473468477856
0.01514819 6523.83063346093 11899.956143473195 16185.28578403944 26185.729226040214
0.01535935 6526.905881594443 11903.431620754598 16189.67491104327 26157.771410272922
0.01557345 6528.774767909167 11904.759624702563 16191.232631151106 26125.63724224338
0.01579053 6529.399282901651 11903.892791734243 16189.7833225749 26089.171929837117
0.01601064 6528.756732480615 11900.763054865658 16185.275195706594 26048.232024849258
0.01623382 6526.828470196509 11895.322690679868 16177.697410890409 26002.707749702113
0.01646012 6523.5988699758345 11887.585291199563 16166.98703111713 25952.51159836619
0.01668956 6519.051232210616 11877.512899052917 16153.173747824814 25897.48895177659
0.0169222 6513.168806583548 11865.09806090827 16136.214524981951 25837.697124005295
0.01715809 6505.941948387308 11850.292056186838 16116.00404610392 25773.15910423995
0.01739726 6497.331312620107 11833.035673038736 16092.405780284013 25703.819438418235
0.01763977 6487.31693524962 11813.269452467597 16065.406840257569 25629.567024296113
0.01788566 6475.882889934558 11791.005347988803 16035.004356821853 25550.423830542008
0.01813498 6463.014219939478 11766.203804337561 16001.122966878254 25466.21216471769
0.01838777 6448.694894399359 11738.824981759419 15963.738679813388 25376.721758325297
0.01864409 6432.953781131709 11708.920839513761 15922.878846968442 25282.096069554445
0.01890397 6415.751237645112 11676.430445696868 15878.488110677234 25182.33418966592
0.01916748 6397.031240461484 11641.261911288591 15830.428506597082 25077.423854839304
0.01943467 6376.804115528992 11603.425356923915 15778.726904024417 24967.297581131963
0.01970558 6355.109742549141 11562.961253282407 15723.399709012538 24851.898867242293
0.01998026 6331.921562514241 11519.868842030792 15664.442596063282 24731.09443442451
0.02025878 6307.201743394807 11474.065287262862 15601.758437686058 24604.926480348848
0.02054117 6280.943041795437 11425.52882378893 15535.332491679703 24473.567866611498
0.02082751 6253.158582442399 11374.268063330594 15465.180868085998 24336.93909960515
0.02111783 6223.848167434818 11320.311767329988 15391.278447716846 24195.058902267876
0.0214122 6193.143217391404 11263.821239018169 15313.867812545133 24048.076320858894
0.02171068 6161.59351737057 11205.6419664105 15233.881207669263 23896.890386064348
0.02201331 6128.509747569229 11144.769906656707 15150.171139706106 23740.406196982953
0.02232016 6093.9037878272575 11081.202177866215 15062.75375325943 23578.77141740395
0.0226313 6057.811963814134 11014.96632003498 14971.645240404618 23412.024193885172
0.02294676 6020.2348409738715 10946.069231888232 14876.913310085385 23240.277977253118
0.02326663 5981.185190699756 10874.538045379475 14778.491958161196 23063.417992379258
0.02359095 5940.674725442215 10800.389498423187 14676.500502726576 22881.47011906768
0.0239198 5898.721242399685 10723.691230061144 14570.945155483258 22694.567746023575
0.02425323 5855.337401787266 10644.429028665498 14461.893968105707 22502.88647373596
0.0245913 5810.558274545719 10562.670256464451 14349.404810587059 22306.50373763303
0.02493409 5764.413796763855 10478.471950499754 14233.556243269291 22105.528571302275
0.02528166 5716.92775241882 10391.880842416927 14114.406376165187 21900.06917552591
0.02563407 5668.141239029639 10302.953802199803 13992.023737992806 21690.2221811801
0.0259914 5618.0698233516805 10211.692494097904 13866.4564261157 21476.137178202644
0.02635371 5566.748429764137 10118.196585634332 13737.834956196859 21257.909153872904
0.02672106 5514.229301079436 10022.546321990776 13606.238561514752 21035.77180451371
0.02709354 5460.557517916576 9924.811734280656 13471.828887369524 20809.88264668523
0.02747121 5405.762840204713 9825.071040795458 13334.634045258073 20580.334083104273
0.02785414 5349.843386768563 9723.316686742563 13194.723438453902 20347.335571036016
0.02824241 5292.598332182904 9619.324574259148 13051.868465696365 20110.721452725313
0.0286361 5234.412390825723 9513.615357955781 12906.673493712407 19871.138092223966
0.02903527 5175.33464890551 9406.294048058802 12759.280330354939 19628.78131672777
0.02944 5115.41622583039 9297.458602582223 12609.830929256646 19383.856821924877
0.02985038 5054.714357445253 9187.193806213138 12458.457108445295 19136.601493040453
0.03026648 4993.310763668373 9075.647921984722 12305.352506015226 18887.25138943246
0.03068838 4931.26574172626 8962.94994405728 12150.66977524404 18636.095005303952
0.03111616 4868.64979540941 8849.206533668264 11994.582260781732 18383.35616159084
0.0315499 4805.534456019773 8734.551084393335 11837.273712519367 18129.28992558873
0.03198969 4742.001468855384 8619.1192066673 11678.938279185359 17874.203791466978
0.03243561 4678.1234092731165 8503.0630498766 11519.739390334515 17618.393882285895
0.03288774 4613.980011396685 8386.526775986411 11359.933085036133 17362.15564813136
0.03334618 4549.652049016622 8269.632243302833 11199.662448277244 17105.73092763101
0.03381101 4485.21113215217 8152.527067776935 11039.142604937639 16849.445862438093
0.03428231 4420.744203463836 8035.358044977666 10878.58876626767 16593.57306877666
0.03476019 4356.171850407376 7918.32639342128 10718.637553304672 16340.236067506637
0.03524473 4291.741311401473 7801.575244515495 10559.041872093903 16087.969450833198
0.03573602 4227.54574464918 7685.221329225613 10400.037705422757 15837.023426608699
0.03623416 4163.666094519886 7569.414316291224 10241.82409885755 15587.679637105615
0.03673925 4100.185384252819 7454.303055124903 10084.628919939249 15340.272209678287
0.03725137 4037.191782383545 7340.075494323572 9928.62048140494 15095.103252884664
0.03777064 3974.7673737228656 7226.864518226907 9774.027756698633 14852.464062106119
0.03829714 3912.99632948717 7114.820604381132 9621.055086359303 14612.635175091811
0.03883098 3851.9587819479525 7004.078038063609 9469.899640397658 14375.918018126564
0.03937226 3791.73797503307 6894.784597573563 9320.741138137413 14142.592765972524
0.03992109 3732.391663574898 6787.081072312068 9173.775748048229 13912.939455853419
0.04047757 3673.995013269742 6681.053105079361 9029.088683770346 13686.964594383055
0.04104181 3616.4771270458514 6576.047769800219 8885.225127703205 13460.765211456828
0.04161391 3560.0644663356334 6473.059585597084 8744.126805989792 13239.060749471586
0.04219398 3504.81497960154 6372.173631113989 8605.944661691392 13022.067728559994
0.04278214 3450.791773427202 6273.501753244335 8470.803941668095 12810.0027012203
0.0433785 3398.047783257714 6177.153875735472 8338.858642538195 12603.071760777493
0.04398317 3346.64314795997 6083.215436135159 8210.226785191153 12401.428619607352
0.04459628 3296.6186315543036 5991.785302191884 8085.024314966677 12205.237609708909
0.04521792 3248.0099284066428 5902.929626061591 7963.366126760538 12014.63174512254
0.04584824 3200.8456152046506 5816.715662872957 7845.319834991721 11829.72325427653
0.04648734 3155.165556734006 5733.194326770681 7730.967410694718 11650.593147035863
0.04713535 3111.0638740193995 5653.243498182308 7622.219379244026 11482.208932144575
0.04779239 3068.5263171567767 5576.541041968204 7518.339935937437 11322.585577954982
0.04845859 3027.517166918774 5502.586103952922 7418.204941187787 11168.748633010699
0.04913407 2988.0324304095448 5431.384592627963 7321.832576107763 11020.707185779973
0.04981898 2950.0640405959284 5362.92703010063 7229.190652938505 10878.39748022608
0.05051342 2913.601899836745 5297.1998300191535 7140.263388089522 10741.808348431055
0.05121755 2878.6134043539155 5234.146273174183 7054.988734966587 10610.79321021534
0.0519315 2845.074142400595 5173.706524051581 6973.243997959523 10485.22682816135
0.0526554 2812.943324059141 5115.807354766705 6894.933152201681 10364.963529567362
0.05338938 2781.940523811846 5059.498278514093 6818.355381033233 10246.157936933965
0.0541336 2751.9592961726053 5004.526868052328 6743.07648269317 10127.899203645138
0.0548882 2723.2250360215303 4951.822110526245 6670.887534350162 10014.419292482215
0.05565331 2695.6661742172646 4901.244779047992 6601.614237991191 9905.413836566602
0.05642908 2669.1691061142546 4852.584642636322 6534.9589521981625 9800.4312631347
0.05721568 2643.578162002114 4805.559393477889 6470.534583668488 9698.901143450255
0.05801323 2618.821638522477 4760.053090151149 6408.180017422365 9600.562995799803
0.0588219 2595.004107013342 4716.250941746048 6348.149210175376 9505.800579845403
0.05964185 2572.3296453695757 4674.811201665403 6291.605504284895 9417.14501512666
0.06047322 2550.7953391827264 4636.208340583608 6239.725708369747 9337.741320009653
0.06131619 2529.6045863059885 4598.229674112731 6188.704869908242 9259.687395309762
0.0621709 2508.3398248889057 4560.092204421617 6137.50194447407 9181.437443521274
0.06303753 2486.8038049603406 4521.445648157357 6085.644049437668 9102.27635631
0.06391624 2465.005377119861 4482.313025066894 6033.153587696557 9022.224876163302
0.0648072 2442.9605891488977 4442.728695100375 5980.064266510635 8941.340158378054
0.06571058 2420.600339486012 4402.567551609307 5926.221721908265 8859.382822210759
0.06662655 2396.597292680597 4357.556081266745 5863.906957481792 8759.385603607428
0.06755528 2371.8538091740097 4311.138269815975 5799.6746439809185 8656.45899169049
0.06849697 2346.227725346479 4263.114714721916 5733.318998409931 8550.47727888792
0.06945178 2319.6076230041012 4213.278794146099 5664.565409154511 8441.04686735024
0.0704199 2291.8769141382204 4161.422855173914 5593.136228654725 8327.761411663374
0.07140151 2262.93027173725 4107.3598499993395 5518.77854377255 8210.238066012558
0.07239681 2232.956083462437 4051.734736646246 5442.702326184791 8091.388888229425
0.07340598 2201.9117411772527 3994.532707667901 5364.9427802773735 7971.487930876767
0.07442922 2169.374536892807 3934.6330278552173 5283.589200925915 7846.38492848777
0.07546673 2135.320237816706 3871.984819913831 5198.576189063716 7715.97455142246
0.07651869 2099.7349125854807 3806.5414555556035 5109.853920468227 7580.176567501235
0.07758532 2062.625216265597 3738.331635869579 5017.45395237291 7439.057665996971
0.07866682 2024.8272840496966 3669.9686276182806 4925.947999151504 7302.171488661027
0.07976339 1986.8867679107832 3603.1073065566948 4838.204575281716 7175.446381404081
0.08087525 1947.5289502036626 3533.6176233934025 4746.892682490376 7043.396261130176
0.08200261 1906.8634950372134 3461.690576182269 4652.283009435158 6906.367644958233
0.08314568 1865.0310031033157 3387.575038307685 4554.694738291138 6764.83759651378
0.08430468 1822.2030253344292 3311.5726038999983 4454.500673457863 6619.388746294485
0.08547985 1777.9804278716074 3231.9812080429356 4348.462099050533 6462.8794770059485
0.08667139 1732.9050883069322 3150.330761050241 4239.182082870019 6300.505237381748
0.08787954 1687.487244491238 3068.029826295774 4129.01805438517 6136.86863093132
0.08910453 1641.9595939309522 2985.5217427950724 4018.5612480457994 5972.843597653291
0.0903466 1596.5786053702377 2903.2643406917277 3908.4368610012525 5809.336823367192
0.09160598 1552.3293375756957 2824.062372613753 3803.364673771191 5655.705559047626
0.09288292 1509.3780967629536 2748.0820194092757 3703.4453168731434 5511.7969637928
0.09417766 1467.2912750432054 2673.561878542042 3605.3901599000383 5370.50583972263
0.09549045 1426.3174661007126 2600.9555340035936 3509.8221721048462 5232.726435010256
0.09682153 1386.6868091678725 2530.698966275235 3417.334421047209 5099.3477200546395
0.09817117 1348.9372710687633 2464.2766608133206 3330.3977896543865 4975.161121653696
0.09953962 1313.051078411448 2401.3300224468007 3248.21013992565 4858.268980933947
0.1009272 1279.0804334939355 2341.76408801658 3170.482241597402 4747.832362072522
0.102334 1247.1804813033482 2285.8875358712676 3097.6237168571 4644.4820865073
0.1037605 1216.854644432955 2232.079943481783 3026.812886072617 4542.524519703183
0.1052069 1186.5662477005258 2175.603038486792 2949.909136672296 4425.768863324388
0.1066734 1158.671601839717 2123.5357570463475 2879.033132760954 4318.1094295745415
0.1081604 1133.1611123962412 2075.86693560665 2814.154192694983 4219.507707111094
0.1096681 1109.9767478562187 2032.4936477794442 2755.084352749162 4129.719403044977
0.1111968 1089.0532238440014 1993.406550256313 2701.760976751027 4048.039541779763
0.1127468 1070.255178824215 1958.2410508919945 2653.8018424308593 3974.416700569372
0.1143184 1053.4235098182205 1926.6871289330784 2610.7620752780745 3908.2312513653346
0.115912 1038.3434414547494 1898.354509084094 2572.080744686345 3848.672860733447
0.1175277 1025.2530552592734 1874.0960760157893 2539.193140423945 3798.1840481708937
0.119166 1013.4550273215439 1852.2618969848952 2509.6192076823368 3752.7061674715924
0.1208271 1002.6065853007237 1832.1594822683985 2482.432502280035 3710.8226003021327
0.1225114 992.3339930648661 1813.0441379199865 2456.5741822689356 3670.9500757249566
0.1242191 981.771329821556 1792.8754467278316 2428.935203826669 3628.190366853028
0.1259506 971.1942634027948 1772.7003732461308 2401.287027732767 3585.4815157079324
0.1277063 960.2667260835059 1751.887118882623 2372.7939290928657 3541.5678787378206
0.1294865 948.9575767391112 1730.5239397005626 2343.630920698342 3496.4779122083837
0.1312915 937.0219790712099 1708.2148059682177 2313.2303405627727 3449.3450923778687
0.1331216 923.8662853618262 1683.7301796902018 2279.8176755974446 3397.838868443456
0.1349772 909.3299509266947 1656.7476844847633 2243.1364689855322 3341.609759879162
0.1368587 894.3500226196172 1630.7014453533434 2209.756058508946 3295.88917841773
0.1387665 877.7041101465123 1601.6179433049058 2172.1572855654194 3243.831747190666
0.1407008 859.4043980296404 1569.4474663322935 2130.352527896313 3185.4741339820603
0.1426621 840.5905622404075 1537.036403906485 2088.4971692074755 3126.868727493286
0.1446507 820.6148891791344 1502.710941668481 2044.0141233545548 3064.1337822019245
0.1466671 799.3543378864666 1465.9144922035869 1996.1142912266077 2996.172987743535
0.1487115 775.4911964035952 1422.7745206821048 1938.582296324282 2912.4531141946723
0.1507845 749.9356524336239 1375.5249455396533 1874.7583652700068 2818.385567955992
0.1528864 724.189530946094 1327.9715351010157 1810.4694152504876 2723.5211627935064
0.1550175 700.5010598241055 1286.2436327845744 1755.746997595167 2646.270217019318
0.1571784 678.593645184669 1249.1117594246546 1708.3376485160313 2582.1162722666295
0.1593694 657.4459382943633 1213.193536053094 1662.4006791587055 2519.7949037531203
0.1615909 638.0063983599108 1180.7281746801455 1621.2558943272381 2464.41604370786
0.1638434 620.1918743974592 1151.2847883451034 1584.2048363545277 2414.922603491175
0.1661273 603.9398324619374 1124.5558325430366 1550.6702543432493 2370.459018195682
0.168443 586.5878474377754 1093.1734778936782 1508.944384400953 2310.884866250291
0.170791 570.8581195406497 1064.4685552384608 1470.6546912749704 2256.0796491083165
0.1731717 557.4447808751486 1040.2973882421054 1438.6477737213888 2210.5996886132143
0.1755856 547.3026358294434 1023.1920854617133 1416.7043703370375 2179.803746089206
0.1780332 538.8384582511859 1009.180069362706 1398.9846853711942 2155.3985071308543
0.1805149 530.0384826359902 992.3499833740352 1375.4935264829446 2118.4698616112373
0.1830312 521.3407423553892 974.4232465026158 1349.3734983180566 2075.319069086364
0.1855825 513.5185420755225 958.3077924984633 1325.9519057254458 2036.8675678743346
0.1881694 506.2199531950452 944.0319222779971 1306.219325522473 2006.905338532598
0.1907924 499.00435886687114 929.9239975092681 1286.7225493574233 1977.3277393496714
0.193452 490.9915599059523 914.1341321168499 1264.9437182563292 1945.2662507793832
0.1961486 482.18872941269655 896.8253776497244 1241.0759998362382 1910.312294284833
0.1988828 473.5803665067738 880.5990083003971 1218.960321661428 1877.850970240978
0.2016551 465.47383425120836 866.3404120806235 1199.9282684536386 1849.7379163207936
0.2044661 456.08772640462416 849.5410524946614 1177.2439725144811 1815.8242719062296
0.2073162 445.09089111613287 828.8230401513223 1148.4066403853142 1771.394404237272
0.2102061 433.0154017495784 806.1064756619322 1116.80241345196 1722.7186882374724
0.2131362 423.74870394594706 792.9521929021049 1101.6866073433496 1704.5309401549976
0.2161073 413.9504453392482 778.8674282348999 1085.3127968417486 1684.4777568370275
0.2191197 401.56560834342093 758.0764296870275 1058.8575128806708 1649.730698113461
0.2221741 388.7300470852749 735.9160159812564 1030.208918646373 1611.4955517886435
0.2252711 376.9712821266154 716.4162735338891 1005.6730326945097 1579.8620660510792
0.2284112 366.19092520920395 698.8607395940188 983.8660549852455 1552.2896978174201
0.2315951 356.58847694353005 682.6296741378327 962.550322020189 1521.506521499984
0.2348235 348.1968645029276 668.3396025882663 943.4486402571902 1492.7776949118695
0.2380968 339.12237821903767 651.2691342161635 919.7740774960371 1457.1509586927275
0.2414157 330.8300654539017 635.328035651117 897.5093860427693 1423.7698920947632
0.2447809 322.91911719102416 620.1601418963432 876.5206007512303 1392.0094765605206
0.248193 315.98474859327246 606.8990470987383 858.2187134023503 1364.3666495579707
0.2516527 312.0382892686916 600.0475560635682 848.6823642900144 1349.173261373235
0.2551606 307.550056557411 591.7389880141598 837.0111120206534 1331.0186252650221
0.2587174 300.30206766313745 576.7908983184251 815.7358702491556 1298.9973843100888
0.2623238 294.3608923650816 565.4095487455397 799.9082989193724 1275.5744653217594
0.2659804 289.6033132615901 557.4537946854966 789.3685151246534 1260.4816839049715
0.2696881 282.88847597266556 545.0925790543491 772.4852858741252 1235.2239626715125
0.2734474 275.23130407288284 530.7876738168618 752.8623153854177 1205.6933772788211
0.2772591 269.2490587406278 521.1448402167924 740.8306571514195 1190.6774917407936
0.2811239 262.60236557244605 509.86683100582934 726.3625832457428 1172.4911108316871
0.2850426 255.51302218566883 497.2727708746392 709.8915054415598 1152.1434970919454
0.289016 248.77197257976647 486.33934357744033 695.9902084502015 1133.1527231314983
0.2930447 242.3055663464742 475.68139542736833 681.9148722935448 1112.0408099370234
0.2971296 236.21997411980374 464.44383075976975 665.2838932480333 1083.438379060262
0.3012714 230.75790174008867 455.38464162170385 653.3831813831476 1066.3817947070952
0.305471 225.6332482997637 447.07701076073846 643.0215542323272 1053.206017230602
0.3097291 219.81607734430824 436.39470766641415 628.6946452352009 1033.2309105513643
0.3140465 214.72883137057704 426.3305210006343 614.1107746687799 1009.4089340318801
0.3184242 210.3923515714246 417.7708923419928 601.6187649376493 988.9104332152651
0.3228628 206.94339594253415 411.7980459299488 593.7467555980995 978.9675194884462
0.3273634 202.260862047831 402.27900280432374 579.7658726583448 956.4000898384751
0.3319266 197.3932354185912 392.7459616461176 566.3344537417752 936.1466698782168
0.3365535 192.58694090690807 384.0981740820235 555.0067216608422 921.0725007866901
0.3412449 189.1108426416121 379.60570833188416 549.6936468187088 912.7316835379963
0.3460016 185.24255093282426 373.46126148852505 541.7426680392216 901.8141517978751
0.3508247 181.31992408488267 366.67880317785324 532.6378427085968 888.6230235046459
0.355715 177.39654733523122 359.6670379630543 523.1066956862447 874.0319376876269
0.3606735 172.84032664812688 351.8330485224913 512.8374903318481 860.009368070257
0.3657011 167.5498454215894 342.047966092022 499.33027060256654 841.1904326306727
0.3707988 163.247477667552 333.96222898632914 488.1949738568212 824.7775954304306
0.3759675 159.39355056699992 326.7068841885278 478.1349975415669 809.6665277096697
0.3812083 155.63015494028826 319.989004668339 468.971554724105 796.1399709916834
0.3865221 152.55643469421048 315.5817417810603 463.96965675088745 788.4097666269599
0.39191 149.34588958637536 308.13513656036343 452.41709536980676 772.1463505433261
0.397373 145.802681717367 302.12765639611143 444.8087075456397 760.1675265478582
0.4029122 142.89118656837772 297.6293937445341 438.54569836624216 748.7150006393913
0.4085286 140.01483258275485 291.5867753027828 429.7756759148326 736.2126696697261
0.4142232 136.49680486563827 284.48092900544447 420.25012580226183 724.3930063963779
0.4199973 132.94006027763623 278.40453797669807 412.519172561269 713.3054405651562
0.4258518 130.00203449150771 273.1364960773843 405.11051533135725 700.8360132618294
0.431788 126.87955889169625 267.2844891640799 396.44638302778185 687.4129145345462
0.4378069 124.11624768034208 261.8508534155455 388.62215316480535 674.5465696961461
0.4439097 121.83280056852388 258.38606341416335 384.4138324677805 670.313245983428
0.4500975 118.4429351391329 252.1434430973425 375.9256800017417 657.8773714268143
0.4563716 115.6148717607786 246.3287870935657 367.51399620550814 643.1395739442409
0.4627332 113.78680059885215 243.87262334386403 364.8758582340051 640.8479548104157
0.4691835 110.84004417666836 238.10161385717282 356.717680684639 627.4436412218802
0.4757236 108.75394005966238 234.01549070147308 351.05615500175384 618.6733246791338
0.4823549 105.85101751723317 228.22633888696615 342.8276418339534 607.3187716101316
0.4890787 103.4636997921631 223.59450844483325 336.62441440718044 597.8323750488146
0.4958962 101.61741105593048 220.09227716891152 331.25619022201494 588.0116343659384
0.5028087 99.17021259274452 215.9391558994036 325.70163805641795 579.9041116648419
0.5098176 97.20290428530588 212.36041261968884 320.660287939866 570.231968386467
0.5169242 95.38754257517719 208.97950816215888 316.07948353162755 564.0922772660197
0.5241298 92.18726056170442 203.4853782040623 309.3475742761266 555.8196229876912
0.5314359 90.50257559967673 201.06420176357662 306.18445888274124 550.4970045970056
0.5388438 88.5385302893919 196.5780503236437 299.48495361148457 540.2758595115974
0.546355 86.8606807053408 193.371360665613 294.7924150606817 532.3367798741167
0.5539709 84.4224100682668 188.99810155455594 289.31231467137223 524.0584595045301
0.561693 82.82782795761423 185.93133226454725 285.02026736513545 517.6514025719915
0.5695227 81.08257525479819 183.02309216309843 281.54551665490686 510.8266468787701
0.5774615 79.15643622389136 178.6106969753737 274.9388468141751 501.0318624541016
0.585511 77.63963589292005 175.899447028625 270.963305497984 494.0384022995894
0.5936727 75.78271948808582 171.65003821440678 264.94758626379604 484.94389190849165
0.6019482 74.38654986617453 169.46447813201735 261.5828128006491 478.6514149417123
0.610339 72.53832355030684 166.2892547282444 257.64181699311234 471.89751538664433
0.6188468 70.87215686478952 163.40120707631334 254.90360994166016 470.02503490182573
0.6274732 69.59246908069 160.18454375957816 249.39356907441882 460.7894208627777
0.6362198 68.07075713891058 157.63301391430974 245.9141567438525 454.0840525682321
0.6450884 66.3888789848389 154.57371528900143 241.71180495972573 446.67468703987464
0.6540806 64.94668416533708 151.13108423555104 236.52742884876548 438.83533714688514
0.6631981 63.40194798349618 148.52398865833197 233.7220805827633 434.2223939544832
0.6724427 62.1104968004898 145.79618723414882 229.90151303744014 429.3507246440484
0.6818162 60.66430865717303 143.0511600157351 225.24610638862345 420.4756527567729
0.6913204 59.280343548599674 140.2004934034722 221.6024514758214 414.39318479693225
0.700957 58.38369734703552 137.9744872537469 218.34078927494068 408.8046638902981
0.710728 56.777145808940226 135.48077075342738 215.01763261556061 402.2229344574887
0.7206351 55.83785141550291 133.20943446254765 211.96519683175316 398.4254162139367
0.7306804 54.625282714433894 131.11135708407144 208.59487129709774 391.13533775700154
0.7408657 53.35361580330262 128.39349933567308 204.73830357322777 385.8880660747884
0.7511929 52.167477456399105 125.8869113879851 201.5667836945175 380.51479825377106
0.7616642 51.119108671925964 123.47358623279393 198.10953479613315 375.2897678274286
0.7722814 50.35180582765399 122.15947129358231 195.95931631672465 370.1725517968719
0.7830465 49.25706139295895 119.69275883235967 192.4344345075615 365.20210709176297
0.7939618 48.27829079678763 118.0578444725171 189.91009665689108 360.7711929732499
0.8050292 47.16001018684326 115.67035206459364 187.17926194630178 356.18833067409133
0.8162509 46.25748912372425 113.91189882480016 184.13352183558737 349.82939236988403
0.8276289 45.09021058259263 111.51454929433353 180.95597851986753 345.23689821502046
0.8391656 44.44317361502765 110.1193377439049 178.25927949034104 340.83146215396874
0.8508632 43.59657630684922 108.14333160646014 175.80531612605355 336.3667021737082
0.8627237 42.57020328668262 106.26946135356292 173.03093146131442 330.8961363204761
0.8747496 41.74563077657638 104.3243807966712 170.3398909098909 326.46767152287106
0.8869432 40.9613325414564 102.76584893815993 167.96718931205868 322.50823821081826
0.8993067 40.06530065335491 101.02993532027396 165.37347292808602 317.6222861757341
0.9118425 39.41720605013775 99.22533909797797 162.52380279058772 312.06739390301874
0.9245531 38.495606934408855 97.51580059772468 159.91539868994315 308.3114089698224
0.9374409 37.696509245969736 95.87286819258428 157.72713363793858 304.37310991962045
0.9505083 37.016315960957485 94.24075392237725 155.33363429250912 299.9433736600149
0.9637579 36.1893676824015 92.41121780685968 152.56135347051787 295.5156034689155
0.9771921 35.62194671583625 91.77880312407308 151.12396338416423 291.68515604287313
0.9908137 34.89206537513522 89.96358491371863 148.54029024919143 287.6957193762688
1.004625 34.174349047321854 88.22893870740128 145.95174671342465 283.0652387840884
1.018629 33.57288517799458 86.9676177798875 143.90483717282908 278.9421384661048
1.032828 32.86554744863691 85.47785811148486 141.95276936143276 275.85673663704654
1.047225 32.17569695066386 84.16626671284148 139.66746773855752 271.1943072786312
1.061823 31.623633223363207 82.98994406163507 137.7716243805963 267.65519436139226
1.076624 30.98938598386774 81.6253120508627 135.72816891679452 263.83551104545506
1.091632 30.44788492282674 80.22393032725917 133.81273881108854 259.8821427731571
1.106848 29.814483132135585 78.79086069140031 131.65770336955913 256.4148763538402
1.122277 29.238851051815633 77.68408237696545 129.52216177571256 252.29610797681264
1.137921 28.66375749680797 76.27343368907567 127.4932635132792 248.69458627736154
1.153783 28.15180365804553 75.08689032064532 125.6424310111248 245.26660442686915
1.169866 27.65048226980687 73.96701267744739 123.76746489574782 242.13966790418763
1.186174 27.10461112250454 72.86830046297962 121.92279365577757 238.43983906026588
1.202708 26.621099374213998 71.69637702244682 120.18507618677438 235.1776018187211
1.219473 26.149860340657447 70.60741851938741 118.54657801749423 231.39861137714337
1.236472 25.651857649141615 69.52502954686844 116.86348350235417 228.34383288113264
1.253708 25.19672721591536 68.4172073329691 114.8508820903505 224.9230230153285
1.271184 24.746539729040844 67.5655266703299 113.56913117693247 221.8340285941777
1.288904 24.289340739864805 66.26053474788797 111.58477569574086 218.78266948083998
1.30687 23.83120492780353 65.2309937846876 109.86645857005986 215.23874086056446
1.325087 23.437338244479815 64.265872281065 108.33795988720377 211.9041602600841
1.343558 23.01462842853109 63.231448347975096 106.67380036198922 208.8007893172097
1.362287 22.616693062775475 62.21485158934874 104.93675128441643 205.4717750981575
1.381276 22.193277942144224 61.292657158298404 103.13705741224935 202.20322739611348
1.400531 21.807904764582155 60.3329471797715 101.65223513335224 198.9776317357881
1.420053 21.40609990320569 59.2809259383954 100.14506040508172 195.74234864488065
1.439848 21.03110850131397 58.444786105511504 98.48379838361241 192.7824460892439
1.459919 20.636531208814937 57.50407816881148 96.95499883062854 189.54586304429668
1.480269 20.320928077774095 56.50769225419157 95.29582676493477 186.2027931835552
1.500903 19.957831269448402 55.67778445004326 93.78482988090131 183.55806028528576
1.521825 19.593924731104128 54.839990535507226 92.41734001473719 180.45953533013852
1.543038 19.239454580291728 53.95288080515873 91.00710993179037 177.76227716721405
1.564548 18.931806409641666 53.111024594346404 89.54627003915226 174.69697068065628
1.586357 18.604403586668003 52.31630119174705 88.12537363719898 171.78375511545164
1.608469 18.25900720354168 51.482419542157196 86.68140946512767 169.07321531075976
1.630891 17.995181009426243 50.58572243182571 85.0938582070396 165.8562506231219
1.653624 17.656247490891328 49.748969792505804 83.79752866632425 163.31834730488
1.676675 17.3421956857471 49.017761991055885 82.47887061911428 160.35354619163792
1.700047 17.037716512651272 48.23568019791486 81.10176000897611 157.68157349940657
1.723745 16.7705196365961 47.410234958409724 79.76526948879354 154.7292451930628
1.747773 16.454010262204232 46.60324118621332 78.38092533792272 151.916502336602
1.772136 16.17043803894345 45.86044256042972 77.00836384836552 149.32478571631253
1.796838 15.901980240137334 45.08412998023592 75.69186920947685 146.57442172135532
1.821885 15.661668815123493 44.33385645159676 74.35248788561724 143.9927095728028
1.847281 15.371246076547404 43.64649364173469 73.17386636772311 141.38644939027233
1.873032 15.1153953839362 42.91194020348268 71.75656466719656 138.83486294784117
1.899141 14.858977543322696 42.136037051476066 70.54055359735213 136.24075791041025
1.925614 14.619015977585867 41.4445890380309 69.34113865789257 133.59179567114168
1.952456 14.410083023269298 40.788855730086176 68.17439206056525 131.08150220182836
1.979672 14.132706159644128 40.128073303334695 66.95348492720052 128.61004309828286
2.007267 13.910531566219214 39.434685918990915 65.66477740850503 126.24816420508492
2.035248 13.664297610231705 38.71529518210393 64.46480826690373 123.68488490523947
2.063618 13.430312601271655 38.013664432520244 63.25914905083069 121.21162309831408
2.092383 13.213691737515978 37.344503074184395 62.054537383924924 118.77372842131825
2.12155 12.978366694400213 36.66193971550934 60.883105398057616 116.42605260925932
2.151123 12.76208115473077 36.02184158566949 59.70135923287706 113.9617491764204
2.181109 12.541433406719399 35.33206448041659 58.5591106408515 111.67225316813207
2.211512 12.33405199147419 34.671658992241056 57.37826545392118 109.29580573261062
2.24234 12.123291371330998 34.06544697193898 56.29887283972434 107.03816184124555
2.273597 11.905265123122103 33.437947696357035 55.148217023119656 104.76298611324493
2.305289 11.716097097048026 32.799425490640274 54.07456333875376 102.56754822359758
2.337424 11.521418638506379 32.17462393524167 52.97289697170887 100.41014098872654
2.370006 11.323398698783187 31.57207886438034 51.91925020781721 98.3172548438077
2.403043 11.119617822130023 30.983535742803223 50.846441033277856 96.16580929899888
2.43654 10.939644036681015 30.406549728388473 49.82327778396191 94.05371963225915
2.470504 10.753932831739899 29.822544867271713 48.779842298304516 91.98852279446405
2.504942 10.571934731771925 29.25584787004134 47.78028885725283 89.98866705609444
2.539859 10.397080057143507 28.66593449406351 46.757856858719734 87.90654159176798
2.575263 10.207032142837159 28.073442133745672 45.79383192039986 85.98068201926317
2.611161 10.03515512184669 27.527922102422547 44.76855108320221 84.01470106056478
2.647559 9.860130172870155 26.965962826341745 43.78084945239964 82.04549931672449
2.684465 9.686409258163906 26.435310721585203 42.82056386604169 80.14629674612574
2.721885 9.509692360864216 25.861695510221665 41.874667989383695 78.2900101771884
2.759826 9.345133718297431 25.31924453093303 40.93116154688395 76.4473064835902
2.798297 9.177838588607647 24.80040115263993 40.00808450583463 74.68727015103163
2.837304 9.017487030011866 24.275858440700052 39.10454940444101 72.93973126532892
2.876854 8.856951895406526 23.755083657590767 38.224721243880325 71.22693314665331
2.916956 8.70235089432802 23.26404064613083 37.35810836768114 69.49514843310777
2.957617 8.551012905104663 22.772198863940005 36.52013028974911 67.85166476673473
2.998844 8.399842701547447 22.292795965442313 35.68302542136908 66.22497017035398
3.040646 8.25089633440078 21.81235336906832 34.84331161729313 64.6737174061773
3.083031 8.105094176803622 21.332759315123273 34.03577196515157 63.10658789327903
3.126007 7.961173665936036 20.881070776569445 33.24158935181944 61.56761818659381
3.169582 7.816670730613104 20.408248591692296 32.42891648852134 60.058770430952066
3.213764 7.673034657643749 19.953373200134457 31.655098214375776 58.57950392823179
3.258562 7.5296049909307055 19.513455164148084 30.894815898552274 57.12480248813718
3.303985 7.390189778288548 19.061118154389025 30.134380368579528 55.701185897469
3.350041 7.254401545929019 18.619834255794878 29.39781507613516 54.30213860484826
3.396739 7.116408561314133 18.191315809642553 28.68021804708516 52.93121792865043
3.444087 6.983258115713871 17.768656268464525 27.952752423295593 51.594269700567395
3.492096 6.85345264485731 17.359524045209167 27.271659459711405 50.30648697455085
3.540774 6.71982790754132 16.956850871048097 26.597514685186958 49.03687413507729
3.59013 6.595285992456378 16.561094585505533 25.92893576789296 47.81029439463118
3.640175 6.470915047915154 16.175216603969865 25.293468090808105 46.61135335984393
3.690917 6.346495399857945 15.806199127843017 24.645811255783723 45.42635265146886
3.742366 6.226003651843737 15.424746336732872 24.03553062923235 44.290859171568684
3.794533 6.108332303806016 15.065462082753825 23.434718103890198 43.164951255111085
3.847427 5.989508133684086 14.706347348403233 22.838971121548795 42.08061463243481
3.901058 5.871844165219298 14.354769482469171 22.261107613160213 40.99932221978997
3.955436 5.760492222702528 14.010198534677002 21.68478285257081 39.94111984882015
4.010573 5.642893150591521 13.667676836683205 21.131223420458973 38.92504111315903
4.066478 5.5290662999699345 13.32914461471503 20.58061397210248 37.909394844815004
4.123163 5.416481045961297 13.004418632466123 20.042666753523033 36.92192305822778
4.180637 5.308356363416256 12.685985637163943 19.522871780787654 35.95922078580939
4.238913 5.199516891398356 12.3675525666924 19.00959663968896 35.029510298174365
4.298001 5.090796410424218 12.060077673243226 18.51599692554788 34.113887065487184
4.357913 4.988745933058696 11.759009515275142 18.03185359703336 33.23370836741292
4.41866 4.885951350826135 11.46985450417162 17.55770991372307 32.376993345319136
4.480254 4.783910759064847 11.184351035358414 17.098233592345427 31.535628935821077
4.542706 4.68603807107613 10.90438950776992 16.650320215000416 30.72129604244308
4.606029 4.58825807192396 10.635997019131805 16.215339067072023 29.932579113588176
4.670234 4.492198470863743 10.370136326755674 15.800007649224904 29.165746725736412
4.735335 4.399034274707704 10.112747275686594 15.38833677207069 28.413322481482027
4.801343 4.307976109991598 9.863033171504512 14.987369088922673 27.67451660444968
4.868271 4.215903187442914 9.613615879951759 14.59240148369074 26.95483741083337
4.936132 4.126038019779101 9.368957550299275 14.205989890830153 26.25152036143823
5.004939 4.036050851502087 9.130250433489817 13.82929535635547 25.55922541486285
5.074705 3.947076319572147 8.896941200722683 13.458109451160393 24.889653684004312
5.145444 3.8613302858782266 8.668487756417589 13.09984770769612 24.231113222560722
5.217169 3.77493230811554 8.443589093228605 12.750064855530294 23.587491622883206
5.289893 3.692429092309463 8.226246531740722 12.411423565522961 22.967506581380256
5.363631 3.6095407100376553 8.013933507843246 12.078032648406651 22.35958040067369
5.438397 3.5295180386648 7.8068125238217325 11.75685254331962 21.76720159341149
5.514206 3.4509188648830733 7.605948248623356 11.443675998448011 21.19416470953637
5.591071 3.372901313240782 7.411375582363687 11.139892290249714 20.635319228103356
5.669007 3.298509731000592 7.221647476136137 10.845745628578234 20.0981757560923
5.74803 3.224545166353668 7.03619499446518 10.558811694239335 19.568964811333416
5.828155 3.152394143474915 6.856451675991218 10.281060744087515 19.05765204417009
5.909396 3.081532471608015 6.680821583101021 10.010149237743633 18.56028270809223
5.99177 3.0116933366757097 6.509088084714465 9.744953546993235 18.07454583989359
6.075292 2.943012893539847 6.341352974996666 9.487343720927324 17.593866707201233
6.159978 2.875196180978277 6.176224264681231 9.234014879974113 17.12871886306848
6.245845 2.80884537470566 6.015204880245299 8.987489726694585 16.67225841409198
6.332908 2.7430496524653756 5.857219049947425 8.74541459588855 16.22458476644064
6.421186 2.678831695289956 5.703697017546577 8.509421107778664 15.788541931402607
6.510694 2.615701936850311 5.553645922369036 8.2806881807939 15.364498103406254
6.601449 2.5543594828373757 5.407929878857197 8.057819280257714 14.950751662511847
6.69347 2.4937014300657054 5.265915578814479 7.840511349478184 14.54774888869682
6.786773 2.4350356947504115 5.1275209749598325 7.62926601235538 14.157902440143532
6.881377 2.3776966214219337 4.993454914597591 7.425215173127286 13.777710325510599
6.9773 2.3216292615862977 4.863547402097596 7.228339896075521 13.408571737306005
7.074559 2.2673810580146365 4.737103897461455 7.035498349050386 13.049411997410054
7.173175 2.2140728339276614 4.614585865020855 6.848381435477272 12.702133057304659
7.273165 2.162441259035803 4.4952781869497365 6.667130109056907 12.364152937497684
7.374549 2.1114452736968197 4.378633717496605 6.490711423481934 12.035394628234053
7.477346 2.061603009114655 4.26523403803382 6.319353291524505 11.713366334102044
7.581576 2.012938601379704 4.153894361996306 6.150634545583056 11.398776061116768
7.68726 1.9648988152025724 4.045415128275969 5.986337535324935 11.091477168842596
7.794416 1.9177126189676175 3.9396445290188176 5.824849978049422 10.790311112847872
7.903066 1.8716920541969446 3.8352731723719637 5.667450958166846 10.495788137851628
8.01323 1.8265122703969177 3.7343728332470163 5.514964448351427 10.209702966224722
8.12493 1.7822676878052295 3.63580017713491 5.366090632635606 9.930258789871594
8.238187 1.7393713162071922 3.5399493604083343 5.221126309294105 9.658163184294382
8.353023 1.6972961411490841 3.4467027523259786 5.079999343293335 9.393569430911299
8.46946 1.656471956269928 3.3562656812242313 4.943724806627622 9.137375656496483
8.587519 1.6168439190998747 3.268323010110842 4.811068462314387 8.888243527777433
8.707225 1.578210091424056 3.1830302015227305 4.682832026960641 8.646703860390733
8.828599 1.5406995080107264 3.1006541287577045 4.558508286315276 8.412286223090872
8.951665 1.5039854801075918 3.0207681589792714 4.437499167458282 8.185626727583715
9.076446 1.4685494102973349 2.9429008995917054 4.320424096396538 7.96488007746007
9.202967 1.4338377310079442 2.8671754915110323 4.206660329186853 7.7502481777687136
9.331251 1.3998883465782201 2.7933985242970625 4.095491102988809 7.541240644682049
9.461324 0.0 0.0 0.0 0.0
9.593209 0.0 0.0 0.0 0.0
9.726934 0.0 0.0 0.0 0.0
9.862522 0.0 0.0 0.0 0.0
10.0 0.0 0.0 0.0 0.0