 1.000000e-02  5.871718e+03  1.078296e+04  1.462530e+04  2.177625e+04 
 1.013939e-02  5.901249e+03  1.083705e+04  1.469847e+04  2.188488e+04 
 1.028073e-02  5.930227e+03  1.089008e+04  1.477018e+04  2.199151e+04 
 1.042404e-02  5.958625e+03  1.094206e+04  1.484048e+04  2.209599e+04 
 1.056935e-02  5.986439e+03  1.099298e+04  1.490940e+04  2.219811e+04 
 1.071668e-02  6.013632e+03  1.104277e+04  1.497684e+04  2.229786e+04 
 1.086606e-02  6.040174e+03  1.109132e+04  1.504260e+04  2.239524e+04 
 1.101753e-02  6.066023e+03  1.113855e+04  1.510656e+04  2.249014e+04 
 1.117111e-02  6.091176e+03  1.118451e+04  1.516879e+04  2.258243e+04 
 1.132683e-02  6.115643e+03  1.122930e+04  1.522929e+04  2.267212e+04 
 1.148472e-02  6.139385e+03  1.127280e+04  1.528802e+04  2.275905e+04 
 1.164481e-02  6.162357e+03  1.131476e+04  1.534481e+04  2.284306e+04 
 1.180713e-02  6.184538e+03  1.135524e+04  1.539962e+04  2.292418e+04 
 1.197171e-02  6.205937e+03  1.139428e+04  1.545240e+04  2.300237e+04 
 1.213859e-02  6.226506e+03  1.143187e+04  1.550308e+04  2.307748e+04 
 1.230780e-02  6.246239e+03  1.146790e+04  1.555165e+04  2.314951e+04 
 1.247936e-02  6.265096e+03  1.150231e+04  1.559816e+04  2.321825e+04 
 1.265332e-02  6.283056e+03  1.153505e+04  1.564247e+04  2.328365e+04 
 1.282970e-02  6.300104e+03  1.156613e+04  1.568444e+04  2.334556e+04 
 1.300854e-02  6.316204e+03  1.159548e+04  1.572399e+04  2.340388e+04 
 1.318987e-02  6.331326e+03  1.162302e+04  1.576110e+04  2.345853e+04 
 1.337373e-02  6.345462e+03  1.164877e+04  1.579571e+04  2.350965e+04 
 1.356015e-02  6.358593e+03  1.167265e+04  1.582780e+04  2.355703e+04 
 1.374917e-02  6.370686e+03  1.169459e+04  1.585735e+04  2.360049e+04 
 1.394083e-02  6.381716e+03  1.171460e+04  1.588427e+04  2.363998e+04 
 1.413516e-02  6.391666e+03  1.173261e+04  1.590850e+04  2.367542e+04 
 1.433219e-02  6.400491e+03  1.174854e+04  1.592998e+04  2.370674e+04 
 1.453198e-02  6.408187e+03  1.176242e+04  1.594862e+04  2.373384e+04 
 1.473454e-02  6.414739e+03  1.177418e+04  1.596429e+04  2.375666e+04 
 1.493993e-02  6.420117e+03  1.178379e+04  1.597701e+04  2.377503e+04 
 1.514819e-02  6.424221e+03  1.179109e+04  1.598662e+04  2.378876e+04 
 1.535935e-02  6.427067e+03  1.179606e+04  1.599321e+04  2.379781e+04 
 1.557345e-02  6.428656e+03  1.179876e+04  1.599670e+04  2.380228e+04 
 1.579053e-02  6.428982e+03  1.179912e+04  1.599702e+04  2.380225e+04 
 1.601064e-02  6.428024e+03  1.179714e+04  1.599411e+04  2.379752e+04 
 1.623382e-02  6.425764e+03  1.179276e+04  1.598794e+04  2.378772e+04 
 1.646012e-02  6.422171e+03  1.178591e+04  1.597841e+04  2.377283e+04 
 1.668956e-02  6.417223e+03  1.177657e+04  1.596549e+04  2.375293e+04 
 1.692220e-02  6.410889e+03  1.176473e+04  1.594911e+04  2.372807e+04 
 1.715809e-02  6.403170e+03  1.175032e+04  1.592928e+04  2.369814e+04 
 1.739726e-02  6.394045e+03  1.173331e+04  1.590605e+04  2.366295e+04 
 1.763977e-02  6.383503e+03  1.171368e+04  1.587932e+04  2.362243e+04 
 1.788566e-02  6.371515e+03  1.169141e+04  1.584894e+04  2.357651e+04 
 1.813498e-02  6.358069e+03  1.166649e+04  1.581486e+04  2.352509e+04 
 1.838777e-02  6.343138e+03  1.163883e+04  1.577707e+04  2.346820e+04 
 1.864409e-02  6.326738e+03  1.160848e+04  1.573561e+04  2.340587e+04 
 1.890397e-02  6.308860e+03  1.157539e+04  1.569051e+04  2.333809e+04 
 1.916748e-02  6.289466e+03  1.153951e+04  1.564164e+04  2.326474e+04 
 1.943467e-02  6.268546e+03  1.150084e+04  1.558894e+04  2.318586e+04 
 1.970558e-02  6.246112e+03  1.145940e+04  1.553250e+04  2.310130e+04 
 1.998026e-02  6.222154e+03  1.141517e+04  1.547228e+04  2.301097e+04 
 2.025878e-02  6.196650e+03  1.136810e+04  1.540821e+04  2.291493e+04 
 2.054117e-02  6.169632e+03  1.131825e+04  1.534034e+04  2.281322e+04 
 2.082751e-02  6.141082e+03  1.126557e+04  1.526865e+04  2.270589e+04 
 2.111783e-02  6.110985e+03  1.121005e+04  1.519312e+04  2.259283e+04 
 2.141220e-02  6.079463e+03  1.115190e+04  1.511398e+04  2.247431e+04 
 2.171068e-02  6.047073e+03  1.109195e+04  1.503221e+04  2.235129e+04 
 2.201331e-02  6.013129e+03  1.102915e+04  1.494657e+04  2.222251e+04 
 2.232016e-02  5.977673e+03  1.096356e+04  1.485717e+04  2.208809e+04 
 2.263130e-02  5.940753e+03  1.089529e+04  1.476412e+04  2.194833e+04 
 2.294676e-02  5.902355e+03  1.082431e+04  1.466740e+04  2.180315e+04 
 2.326663e-02  5.862476e+03  1.075063e+04  1.456699e+04  2.165251e+04 
 2.359095e-02  5.821130e+03  1.067426e+04  1.446293e+04  2.149654e+04 
 2.391980e-02  5.778342e+03  1.059525e+04  1.435532e+04  2.133523e+04 
 2.425323e-02  5.734159e+03  1.051369e+04  1.424423e+04  2.116867e+04 
 2.459130e-02  5.688602e+03  1.042960e+04  1.412974e+04  2.099700e+04 
 2.493409e-02  5.641686e+03  1.034301e+04  1.401190e+04  2.082029e+04 
 2.528166e-02  5.593452e+03  1.025398e+04  1.389072e+04  2.063878e+04 
 2.563407e-02  5.543927e+03  1.016260e+04  1.376637e+04  2.045253e+04 
 2.599140e-02  5.493145e+03  1.006894e+04  1.363892e+04  2.026166e+04 
 2.635371e-02  5.441150e+03  9.973061e+03  1.350846e+04  2.006638e+04 
 2.672106e-02  5.387991e+03  9.875054e+03  1.337513e+04  1.986682e+04 
 2.709354e-02  5.333707e+03  9.774988e+03  1.323901e+04  1.966314e+04 
 2.747121e-02  5.278354e+03  9.672943e+03  1.310022e+04  1.945551e+04 
 2.785414e-02  5.221927e+03  9.568948e+03  1.295882e+04  1.924406e+04 
 2.824241e-02  5.164221e+03  9.462753e+03  1.281457e+04  1.902869e+04 
 2.863610e-02  5.105608e+03  9.354901e+03  1.266810e+04  1.881002e+04 
 2.903527e-02  5.046142e+03  9.245507e+03  1.251954e+04  1.858826e+04 
 2.944000e-02  4.985876e+03  9.134672e+03  1.236903e+04  1.836364e+04 
 2.985038e-02  4.924886e+03  9.022502e+03  1.221670e+04  1.813634e+04 
 3.026648e-02  4.863250e+03  8.909136e+03  1.206277e+04  1.790667e+04 
 3.068838e-02  4.801042e+03  8.794730e+03  1.190741e+04  1.767493e+04 
 3.111616e-02  4.738331e+03  8.679423e+03  1.175082e+04  1.744136e+04 
 3.154990e-02  4.675181e+03  8.563308e+03  1.159316e+04  1.720620e+04 
 3.198969e-02  4.611653e+03  8.446514e+03  1.143461e+04  1.696973e+04 
 3.243561e-02  4.547845e+03  8.329211e+03  1.127538e+04  1.673229e+04 
 3.288774e-02  4.483844e+03  8.211558e+03  1.111570e+04  1.649417e+04 
 3.334618e-02  4.419731e+03  8.093700e+03  1.095572e+04  1.625566e+04 
 3.381101e-02  4.355567e+03  7.975767e+03  1.079566e+04  1.601704e+04 
 3.428231e-02  4.291452e+03  7.857916e+03  1.063571e+04  1.577860e+04 
 3.476019e-02  4.227272e+03  7.740297e+03  1.047643e+04  1.554221e+04 
 3.524473e-02  4.163314e+03  7.623083e+03  1.031774e+04  1.530668e+04 
 3.573602e-02  4.099659e+03  7.506418e+03  1.015978e+04  1.507228e+04 
 3.623416e-02  4.036379e+03  7.390471e+03  1.000280e+04  1.483932e+04 
 3.673925e-02  3.973564e+03  7.275378e+03  9.846957e+03  1.460809e+04 
 3.725137e-02  3.911295e+03  7.161287e+03  9.692469e+03  1.437889e+04 
 3.777064e-02  3.849660e+03  7.048339e+03  9.539553e+03  1.415200e+04 
 3.829714e-02  3.788739e+03  6.936708e+03  9.388408e+03  1.392774e+04 
 3.883098e-02  3.728615e+03  6.826525e+03  9.239245e+03  1.370642e+04 
 3.937226e-02  3.669361e+03  6.717939e+03  9.092239e+03  1.348830e+04 
 3.992109e-02  3.611057e+03  6.611096e+03  8.947590e+03  1.327369e+04 
 4.047757e-02  3.553760e+03  6.506083e+03  8.805355e+03  1.306261e+04 
 4.104181e-02  3.497416e+03  6.402283e+03  8.664193e+03  1.285148e+04 
 4.161391e-02  3.442211e+03  6.300590e+03  8.525921e+03  1.264464e+04 
 4.219398e-02  3.388206e+03  6.201122e+03  8.390680e+03  1.244230e+04 
 4.278214e-02  3.335476e+03  6.103973e+03  8.258588e+03  1.224468e+04 
 4.337850e-02  3.284071e+03  6.009253e+03  8.129779e+03  1.205198e+04 
 4.398317e-02  3.234029e+03  5.917044e+03  8.004374e+03  1.186436e+04 
 4.459628e-02  3.185391e+03  5.827437e+03  7.882483e+03  1.168201e+04 
 4.521792e-02  3.138187e+03  5.740466e+03  7.764177e+03  1.150499e+04 
 4.584824e-02  3.092452e+03  5.656177e+03  7.649530e+03  1.133340e+04 
 4.648734e-02  3.048211e+03  5.574622e+03  7.538602e+03  1.116734e+04 
 4.713535e-02  3.005534e+03  5.496613e+03  7.433188e+03  1.101138e+04 
 4.779239e-02  2.964407e+03  5.421862e+03  7.332584e+03  1.086373e+04 
 4.845859e-02  2.924803e+03  5.349904e+03  7.235746e+03  1.072161e+04 
 4.913407e-02  2.886718e+03  5.280705e+03  7.142635e+03  1.058501e+04 
 4.981898e-02  2.850136e+03  5.214236e+03  7.053230e+03  1.045386e+04 
 5.051342e-02  2.815036e+03  5.150472e+03  6.967479e+03  1.032810e+04 
 5.121755e-02  2.781384e+03  5.089357e+03  6.885313e+03  1.020765e+04 
 5.193150e-02  2.749145e+03  5.030826e+03  6.806630e+03  1.009235e+04 
 5.265540e-02  2.718273e+03  4.974808e+03  6.731322e+03  9.982048e+03 
 5.338938e-02  2.688501e+03  4.920390e+03  6.657741e+03  9.873143e+03 
 5.413360e-02  2.659728e+03  4.867281e+03  6.585412e+03  9.764727e+03 
 5.488820e-02  2.632143e+03  4.816341e+03  6.516028e+03  9.660676e+03 
 5.565331e-02  2.605673e+03  4.767456e+03  6.449429e+03  9.560749e+03 
 5.642908e-02  2.580191e+03  4.720410e+03  6.385322e+03  9.464499e+03 
 5.721568e-02  2.555560e+03  4.674920e+03  6.323319e+03  9.371375e+03 
 5.801323e-02  2.531628e+03  4.630698e+03  6.263031e+03  9.280823e+03 
 5.882190e-02  2.508363e+03  4.587687e+03  6.204393e+03  9.192751e+03 
 5.964185e-02  2.486072e+03  4.546726e+03  6.148810e+03  9.109943e+03 
 6.047322e-02  2.464952e+03  4.508638e+03  6.097878e+03  9.036072e+03 
 6.131619e-02  2.444279e+03  4.471362e+03  6.048036e+03  8.963788e+03 
 6.217090e-02  2.423729e+03  4.434302e+03  5.998468e+03  8.891856e+03 
 6.303753e-02  2.402898e+03  4.396722e+03  5.948184e+03  8.818831e+03 
 6.391624e-02  2.381517e+03  4.358151e+03  5.896566e+03  8.743850e+03 
 6.480720e-02  2.359620e+03  4.318648e+03  5.843686e+03  8.667021e+03 
 6.571058e-02  2.337242e+03  4.278269e+03  5.789617e+03  8.588443e+03 
 6.662655e-02  2.313196e+03  4.233084e+03  5.727204e+03  8.492414e+03 
 6.755528e-02  2.288417e+03  4.186501e+03  5.662845e+03  8.393358e+03 
 6.849697e-02  2.262729e+03  4.138264e+03  5.596255e+03  8.291029e+03 
 6.945178e-02  2.235970e+03  4.088077e+03  5.527050e+03  8.184878e+03 
 7.041990e-02  2.208040e+03  4.035753e+03  5.454984e+03  8.074528e+03 
 7.140151e-02  2.178844e+03  3.981132e+03  5.379825e+03  7.959658e+03 
 7.239681e-02  2.148601e+03  3.924886e+03  5.302832e+03  7.843123e+03 
 7.340598e-02  2.117292e+03  3.867053e+03  5.224086e+03  7.725265e+03 
 7.442922e-02  2.084505e+03  3.806527e+03  5.141729e+03  7.602094e+03 
 7.546673e-02  2.050219e+03  3.743281e+03  5.055700e+03  7.473542e+03 
 7.651869e-02  2.014426e+03  3.677302e+03  4.965999e+03  7.339593e+03 
 7.758532e-02  1.977154e+03  3.608635e+03  4.872698e+03  7.200366e+03 
 7.866682e-02  1.939221e+03  3.539797e+03  4.780208e+03  7.064984e+03 
 7.976339e-02  1.901164e+03  3.472393e+03  4.691306e+03  6.939151e+03 
 8.087525e-02  1.861807e+03  3.402559e+03  4.599063e+03  6.808227e+03 
 8.200261e-02  1.821270e+03  3.330510e+03  4.503764e+03  6.672629e+03 
 8.314568e-02  1.779706e+03  3.256520e+03  4.405765e+03  6.532863e+03 
 8.430468e-02  1.737292e+03  3.180904e+03  4.305502e+03  6.389552e+03 
 8.547985e-02  1.693668e+03  3.102081e+03  4.199931e+03  6.235982e+03 
 8.667139e-02  1.649369e+03  3.021546e+03  4.091588e+03  6.077163e+03 
 8.787954e-02  1.604901e+03  2.940677e+03  3.982764e+03  5.917562e+03 
 8.910453e-02  1.560502e+03  2.859912e+03  3.874056e+03  5.758043e+03 
 9.034660e-02  1.516425e+03  2.779715e+03  3.766083e+03  5.599536e+03 
 9.160598e-02  1.473583e+03  2.702707e+03  3.663297e+03  5.450819e+03 
 9.288292e-02  1.432144e+03  2.629055e+03  3.565805e+03  5.311770e+03 
 9.417766e-02  1.391729e+03  2.557147e+03  3.470579e+03  5.175833e+03 
 9.549045e-02  1.352561e+03  2.487416e+03  3.378203e+03  5.043875e+03 
 9.682153e-02  1.314853e+03  2.420290e+03  3.289247e+03  4.916740e+03 
 9.817117e-02  1.279076e+03  2.357074e+03  3.205894e+03  4.798643e+03 
 9.953962e-02  1.245236e+03  2.297449e+03  3.127467e+03  4.687962e+03 
 1.009272e-01  1.213382e+03  2.241334e+03  3.053714e+03  4.584004e+03 
 1.023340e-01  1.183640e+03  2.189016e+03  2.985009e+03  4.487330e+03 
 1.037605e-01  1.155503e+03  2.138909e+03  2.918574e+03  4.392367e+03 
 1.052069e-01  1.127497e+03  2.086422e+03  2.846488e+03  4.283358e+03 
 1.066734e-01  1.101824e+03  2.038255e+03  2.780319e+03  4.183234e+03 
 1.081604e-01  1.078459e+03  1.994366e+03  2.720001e+03  4.091904e+03 
 1.096681e-01  1.057337e+03  1.954631e+03  2.665348e+03  4.009101e+03 
 1.111968e-01  1.038362e+03  1.918969e+03  2.616201e+03  3.934024e+03 
 1.127468e-01  1.021359e+03  1.886973e+03  2.572035e+03  3.866412e+03 
 1.143184e-01  1.006135e+03  1.858281e+03  2.532375e+03  3.805553e+03 
 1.159120e-01  9.924822e+02  1.832494e+03  2.496678e+03  3.750686e+03 
 1.175277e-01  9.806320e+02  1.810465e+03  2.466399e+03  3.704467e+03 
 1.191660e-01  9.698642e+02  1.790472e+03  2.438942e+03  3.662473e+03 
 1.208271e-01  9.598404e+02  1.771854e+03  2.413374e+03  3.623261e+03 
 1.225114e-01  9.501868e+02  1.753884e+03  2.388635e+03  3.585344e+03 
 1.242191e-01  9.400969e+02  1.734640e+03  2.361873e+03  3.544239e+03 
 1.259506e-01  9.297872e+02  1.714983e+03  2.334588e+03  3.502308e+03 
 1.277063e-01  9.189496e+02  1.694359e+03  2.305993e+03  3.458451e+03 
 1.294865e-01  9.075783e+02  1.672950e+03  2.276406e+03  3.413069e+03 
 1.312915e-01  8.954559e+02  1.650386e+03  2.245361e+03  3.365403e+03 
 1.331216e-01  8.820227e+02  1.625417e+03  2.211067e+03  3.312887e+03 
 1.349772e-01  8.671476e+02  1.597850e+03  2.173289e+03  3.255311e+03 
 1.368587e-01  8.517827e+02  1.571074e+03  2.138492e+03  3.207605e+03 
 1.387665e-01  8.347787e+02  1.541249e+03  2.099501e+03  3.153517e+03 
 1.407008e-01  8.161899e+02  1.508455e+03  2.056444e+03  3.093179e+03 
 1.426621e-01  7.971667e+02  1.475524e+03  2.013547e+03  3.032991e+03 
 1.446507e-01  7.771409e+02  1.440913e+03  1.968327e+03  2.969222e+03 
 1.466671e-01  7.560022e+02  1.404152e+03  1.920052e+03  2.900687e+03 
 1.487115e-01  7.325619e+02  1.361574e+03  1.862892e+03  2.817218e+03 
 1.507845e-01  7.077380e+02  1.315420e+03  1.800167e+03  2.724369e+03 
 1.528864e-01  6.829425e+02  1.269333e+03  1.737493e+03  2.631444e+03 
 1.550175e-01  6.602404e+02  1.229011e+03  1.684191e+03  2.555646e+03 
 1.571784e-01  6.394066e+02  1.193348e+03  1.638215e+03  2.492880e+03 
 1.593694e-01  6.195269e+02  1.159272e+03  1.594267e+03  2.432719e+03 
 1.615909e-01  6.013807e+02  1.128637e+03  1.555033e+03  2.379309e+03 
 1.638434e-01  5.849164e+02  1.101133e+03  1.520014e+03  2.331956e+03 
 1.661273e-01  5.701015e+02  1.076547e+03  1.488881e+03  2.290228e+03 
 1.684430e-01  5.543130e+02  1.047558e+03  1.449871e+03  2.233699e+03 
 1.707910e-01  5.401002e+02  1.021190e+03  1.414234e+03  2.181840e+03 
 1.731717e-01  5.280822e+02  9.991790e+02  1.384683e+03  2.139150e+03 
 1.755856e-01  5.191135e+02  9.838667e+02  1.364736e+03  2.110699e+03 
 1.780332e-01  5.116311e+02  9.713222e+02  1.348588e+03  2.088021e+03 
 1.805149e-01  5.037623e+02  9.560219e+02  1.326891e+03  2.053357e+03 
 1.830312e-01  4.958558e+02  9.394556e+02  1.302420e+03  2.012380e+03 
 1.855825e-01  4.885669e+02  9.242262e+02  1.280010e+03  1.975095e+03 
 1.881694e-01  4.816438e+02  9.105834e+02  1.260969e+03  1.945967e+03 
 1.907924e-01  4.745767e+02  8.966821e+02  1.241572e+03  1.916280e+03 
 1.934520e-01  4.666302e+02  8.810112e+02  1.219860e+03  1.884077e+03 
 1.961486e-01  4.577868e+02  8.636348e+02  1.195836e+03  1.848702e+03 
 1.988828e-01  4.490103e+02  8.471046e+02  1.173282e+03  1.815430e+03 
 2.016551e-01  4.406410e+02  8.323812e+02  1.153637e+03  1.786492e+03 
 2.044661e-01  4.310233e+02  8.151441e+02  1.130390e+03  1.751781e+03 
 2.073162e-01  4.199478e+02  7.942749e+02  1.101423e+03  1.707105e+03 
 2.102061e-01  4.079410e+02  7.716520e+02  1.070035e+03  1.658674e+03 
 2.131362e-01  3.986033e+02  7.580777e+02  1.054242e+03  1.639337e+03 
 2.161073e-01  3.889372e+02  7.439052e+02  1.037642e+03  1.618782e+03 
 2.191197e-01  3.769709e+02  7.234511e+02  1.011435e+03  1.583677e+03 
 2.221741e-01  3.647764e+02  7.020324e+02  9.835889e+02  1.545830e+03 
 2.252711e-01  3.537015e+02  6.832455e+02  9.597449e+02  1.514396e+03 
 2.284112e-01  3.436744e+02  6.665231e+02  9.387948e+02  1.487314e+03 
 2.315951e-01  3.348091e+02  6.511382e+02  9.184345e+02  1.457426e+03 
 2.348235e-01  3.271851e+02  6.378008e+02  9.004817e+02  1.430019e+03 
 2.380968e-01  3.189380e+02  6.218423e+02  8.781849e+02  1.395869e+03 
 2.414157e-01  3.113755e+02  6.068589e+02  8.570950e+02  1.363638e+03 
 2.447809e-01  3.041852e+02  5.926929e+02  8.373982e+02  1.333489e+03 
 2.481930e-01  2.977750e+02  5.800870e+02  8.199227e+02  1.306797e+03 
 2.516527e-01  2.940844e+02  5.735729e+02  8.109269e+02  1.292448e+03 
 2.551606e-01  2.897318e+02  5.653891e+02  7.995097e+02  1.274647e+03 
 2.587174e-01  2.827664e+02  5.508886e+02  7.789579e+02  1.243571e+03 
 2.623238e-01  2.769020e+02  5.395860e+02  7.633763e+02  1.220470e+03 
 2.659804e-01  2.720720e+02  5.314398e+02  7.527441e+02  1.205308e+03 
 2.696881e-01  2.654202e+02  5.190979e+02  7.360309e+02  1.180320e+03 
 2.734474e-01  2.578849e+02  5.048903e+02  7.166683e+02  1.151146e+03 
 2.772591e-01  2.519022e+02  4.950377e+02  7.043867e+02  1.135478e+03 
 2.811239e-01  2.453967e+02  4.837760e+02  6.899418e+02  1.116874e+03 
 2.850426e-01  2.385791e+02  4.714041e+02  6.737254e+02  1.096219e+03 
 2.890160e-01  2.320945e+02  4.605228e+02  6.598363e+02  1.076929e+03 
 2.930447e-01  2.259581e+02  4.500653e+02  6.460280e+02  1.056065e+03 
 2.971296e-01  2.202707e+02  4.392517e+02  6.300942e+02  1.028497e+03 
 3.012714e-01  2.151936e+02  4.304921e+02  6.185702e+02  1.011753e+03 
 3.054710e-01  2.104441e+02  4.224544e+02  6.084988e+02  9.986666e+02 
 3.097291e-01  2.050893e+02  4.122766e+02  5.948094e+02  9.792841e+02 
 3.140465e-01  2.003853e+02  4.027297e+02  5.810553e+02  9.567652e+02 
 3.184242e-01  1.963084e+02  3.945093e+02  5.691794e+02  9.372835e+02 
 3.228628e-01  1.930121e+02  3.886671e+02  5.615667e+02  9.275462e+02 
 3.273634e-01  1.885721e+02  3.795453e+02  5.483126e+02  9.061387e+02 
 3.319266e-01  1.838905e+02  3.702604e+02  5.353388e+02  8.864953e+02 
 3.365535e-01  1.792233e+02  3.617021e+02  5.241709e+02  8.714230e+02 
 3.412449e-01  1.757894e+02  3.570603e+02  5.187558e+02  8.631077e+02 
 3.460016e-01  1.719945e+02  3.508339e+02  5.107470e+02  8.519449e+02 
 3.508247e-01  1.681706e+02  3.440124e+02  5.016126e+02  8.385074e+02 
 3.557150e-01  1.643922e+02  3.370327e+02  4.921284e+02  8.238440e+02 
 3.606735e-01  1.600777e+02  3.293441e+02  4.820207e+02  8.098092e+02 
 3.657011e-01  1.551241e+02  3.199017e+02  4.689603e+02  7.912047e+02 
 3.707988e-01  1.511042e+02  3.120957e+02  4.581949e+02  7.751491e+02 
 3.759675e-01  1.475318e+02  3.051553e+02  4.485802e+02  7.605802e+02 
 3.812083e-01  1.440314e+02  2.987161e+02  4.398206e+02  7.475197e+02 
 3.865221e-01  1.411524e+02  2.944054e+02  4.349468e+02  7.401738e+02 
 3.919100e-01  1.381442e+02  2.873673e+02  4.240666e+02  7.244361e+02 
 3.973730e-01  1.348207e+02  2.815688e+02  4.167277e+02  7.129893e+02 
 4.029122e-01  1.320203e+02  2.771051e+02  4.106149e+02  7.019908e+02 
 4.085286e-01  1.292366e+02  2.711777e+02  4.020157e+02  6.894238e+02 
 4.142232e-01  1.258942e+02  2.642821e+02  3.926792e+02  6.773874e+02 
 4.199973e-01  1.225304e+02  2.583419e+02  3.850569e+02  6.663303e+02 
 4.258518e-01  1.197424e+02  2.531886e+02  3.778137e+02  6.541205e+02 
 4.317880e-01  1.167860e+02  2.475060e+02  3.694199e+02  6.409009e+02 
 4.378069e-01  1.141997e+02  2.422728e+02  3.618738e+02  6.284251e+02 
 4.439097e-01  1.120619e+02  2.388848e+02  3.577212e+02  6.239833e+02 
 4.500975e-01  1.089240e+02  2.329627e+02  3.496349e+02  6.120657e+02 
 4.563716e-01  1.063008e+02  2.274626e+02  3.416459e+02  5.980756e+02 
 4.627332e-01  1.045734e+02  2.250353e+02  3.390050e+02  5.956250e+02 
 4.691835e-01  1.018186e+02  2.195431e+02  3.311936e+02  5.827808e+02 
 4.757236e-01  9.982795e+01  2.155527e+02  3.255878e+02  5.739860e+02 
 4.823549e-01  9.709270e+01  2.099946e+02  3.176131e+02  5.626623e+02 
 4.890787e-01  9.485678e+01  2.055497e+02  3.115835e+02  5.533928e+02 
 4.958962e-01  9.311832e+01  2.021864e+02  3.064280e+02  5.439656e+02 
 5.028087e-01  9.081924e+01  1.981810e+02  3.010050e+02  5.359530e+02 
 5.098176e-01  8.897592e+01  1.947429e+02  2.961381e+02  5.267887e+02 
 5.169242e-01  8.728262e+01  1.915140e+02  2.916989e+02  5.207434e+02 
 5.241298e-01  8.433054e+01  1.863144e+02  2.852001e+02  5.126419e+02 
 5.314359e-01  8.274905e+01  1.839492e+02  2.820907e+02  5.075047e+02 
 5.388438e-01  8.090798e+01  1.797264e+02  2.756881e+02  4.975664e+02 
 5.463550e-01  7.933031e+01  1.766631e+02  2.711746e+02  4.899453e+02 
 5.539709e-01  7.705552e+01  1.724792e+02  2.658046e+02  4.818538e+02 
 5.616930e-01  7.555691e+01  1.695460e+02  2.616431e+02  4.756409e+02 
 5.695227e-01  7.392802e+01  1.667422e+02  2.581798e+02  4.691226e+02 
 5.774615e-01  7.215489e+01  1.626615e+02  2.519780e+02  4.598421e+02 
 5.855110e-01  7.075386e+01  1.601148e+02  2.482103e+02  4.533178e+02 
 5.936727e-01  6.901692e+01  1.561535e+02  2.424841e+02  4.445596e+02 
 6.019482e-01  6.770900e+01  1.540328e+02  2.392299e+02  4.386015e+02 
 6.103390e-01  6.598695e+01  1.510055e+02  2.353695e+02  4.322348e+02 
 6.188468e-01  6.444948e+01  1.482565e+02  2.326012e+02  4.302077e+02 
 6.274732e-01  6.324837e+01  1.452808e+02  2.274565e+02  4.214593e+02 
 6.362198e-01  6.182909e+01  1.428779e+02  2.241270e+02  4.152301e+02 
 6.450884e-01  6.026707e+01  1.399633e+02  2.200723e+02  4.082736e+02 
 6.540806e-01  5.892919e+01  1.367670e+02  2.151765e+02  4.008238e+02 
 6.631981e-01  5.749141e+01  1.342967e+02  2.123858e+02  3.965094e+02 
 6.724427e-01  5.628984e+01  1.317464e+02  2.087384e+02  3.917747e+02 
 6.818162e-01  5.494846e+01  1.291853e+02  2.044202e+02  3.836339e+02 
 6.913204e-01  5.366941e+01  1.265489e+02  2.009556e+02  3.779636e+02 
 7.009570e-01  5.282687e+01  1.244981e+02  1.978658e+02  3.727681e+02 
 7.107280e-01  5.135151e+01  1.221366e+02  1.947123e+02  3.667491e+02 
 7.206351e-01  5.046991e+01  1.200432e+02  1.917949e+02  3.631478e+02 
 7.306804e-01  4.934569e+01  1.180802e+02  1.886534e+02  3.565309e+02 
 7.408657e-01  4.817721e+01  1.155643e+02  1.850406e+02  3.515546e+02 
 7.511929e-01  4.707785e+01  1.132492e+02  1.819990e+02  3.466656e+02 
 7.616642e-01  4.611409e+01  1.110301e+02  1.787828e+02  3.416939e+02 
 7.722814e-01  4.538690e+01  1.098077e+02  1.767708e+02  3.371073e+02 
 7.830465e-01  4.437901e+01  1.075227e+02  1.734763e+02  3.324192e+02 
 7.939618e-01  4.347156e+01  1.059716e+02  1.710804e+02  3.283775e+02 
 8.050292e-01  4.243156e+01  1.037706e+02  1.684352e+02  3.240950e+02 
 8.162509e-01  4.158550e+01  1.021265e+02  1.656013e+02  3.182715e+02 
 8.276289e-01  4.050940e+01  9.988902e+01  1.625785e+02  3.138766e+02 
 8.391656e-01  3.989145e+01  9.858098e+01  1.600960e+02  3.098139e+02 
 8.508632e-01  3.911039e+01  9.675626e+01  1.577484e+02  3.056488e+02 
 8.627237e-01  3.815601e+01  9.500779e+01  1.551562e+02  3.006019e+02 
 8.747496e-01  3.739232e+01  9.320782e+01  1.526002e+02  2.964524e+02 
 8.869432e-01  3.665814e+01  9.176140e+01  1.504039e+02  2.927209e+02 
 8.993067e-01  3.582911e+01  9.014052e+01  1.479644e+02  2.881900e+02 
 9.118425e-01  3.522479e+01  8.849481e+01  1.453209e+02  2.830415e+02 
 9.245531e-01  3.437441e+01  8.689981e+01  1.429050e+02  2.795296e+02 
 9.374409e-01  3.363157e+01  8.536585e+01  1.408207e+02  2.757967e+02 
 9.505083e-01  3.299190e+01  8.388241e+01  1.385944e+02  2.717290e+02 
 9.637579e-01  3.223532e+01  8.217863e+01  1.360071e+02  2.675001e+02 
 9.771921e-01  3.169864e+01  8.153057e+01  1.346864e+02  2.639737e+02 
 9.908137e-01  3.102093e+01  7.987621e+01  1.322502e+02  2.601985e+02 
 1.004625e+00  3.035934e+01  7.827774e+01  1.298578e+02  2.557926e+02 
 1.018629e+00  2.979772e+01  7.709197e+01  1.279421e+02  2.519510e+02 
 1.032828e+00  2.914136e+01  7.569221e+01  1.260444e+02  2.489933e+02 
 1.047225e+00  2.850209e+01  7.445453e+01  1.239447e+02  2.446025e+02 
 1.061823e+00  2.798464e+01  7.336644e+01  1.221677e+02  2.412090e+02 
 1.076624e+00  2.739890e+01  7.208706e+01  1.202480e+02  2.375668e+02 
 1.091632e+00  2.689441e+01  7.080459e+01  1.184200e+02  2.339011e+02 
 1.106848e+00  2.630881e+01  6.947541e+01  1.164213e+02  2.305480e+02 
 1.122277e+00  2.577712e+01  6.841678e+01  1.144688e+02  2.266163e+02 
 1.137921e+00  2.524672e+01  6.713657e+01  1.125672e+02  2.232021e+02 
 1.153783e+00  2.476965e+01  6.602979e+01  1.108327e+02  2.199970e+02 
 1.169866e+00  2.431137e+01  6.498370e+01  1.091112e+02  2.169400e+02 
 1.186174e+00  2.380489e+01  6.394811e+01  1.073919e+02  2.133808e+02 
 1.202708e+00  2.335599e+01  6.286816e+01  1.057622e+02  2.102769e+02 
 1.219473e+00  2.291984e+01  6.186445e+01  1.042024e+02  2.067796e+02 
 1.236472e+00  2.246169e+01  6.084198e+01  1.026349e+02  2.038674e+02 
 1.253708e+00  2.203623e+01  5.980692e+01  1.007885e+02  2.005645e+02 
 1.271184e+00  2.161726e+01  5.899772e+01  9.954269e+01  1.975633e+02 
 1.288904e+00  2.119413e+01  5.781132e+01  9.767114e+01  1.946091e+02 
 1.306870e+00  2.077290e+01  5.683025e+01  9.608941e+01  1.912695e+02 
 1.325087e+00  2.040654e+01  5.593780e+01  9.463890e+01  1.881073e+02 
 1.343558e+00  2.001185e+01  5.498374e+01  9.308732e+01  1.850988e+02 
 1.362287e+00  1.964434e+01  5.404960e+01  9.147127e+01  1.819567e+02 
 1.381276e+00  1.925673e+01  5.318375e+01  8.982496e+01  1.788439e+02 
 1.400531e+00  1.890356e+01  5.229504e+01  8.844105e+01  1.757890e+02 
 1.420053e+00  1.853615e+01  5.133687e+01  8.701723e+01  1.728281e+02 
 1.439848e+00  1.819291e+01  5.055361e+01  8.550098e+01  1.700104e+02 
 1.459919e+00  1.783173e+01  4.968185e+01  8.409601e+01  1.669585e+02 
 1.480269e+00  1.753954e+01  4.877836e+01  8.256641e+01  1.638365e+02 
 1.500903e+00  1.720929e+01  4.800292e+01  8.117599e+01  1.612784e+02 
 1.521825e+00  1.687716e+01  4.723557e+01  7.988808e+01  1.584280e+02 
 1.543038e+00  1.655220e+01  4.641376e+01  7.859344e+01  1.558768e+02 
 1.564548e+00  1.627115e+01  4.564764e+01  7.724422e+01  1.529873e+02 
 1.586357e+00  1.597220e+01  4.490312e+01  7.593585e+01  1.502246e+02 
 1.608469e+00  1.565782e+01  4.413132e+01  7.461981e+01  1.476656e+02 
 1.630891e+00  1.541367e+01  4.332172e+01  7.316894e+01  1.446627e+02 
 1.653624e+00  1.510781e+01  4.256416e+01  7.195982e+01  1.422775e+02 
 1.676675e+00  1.482460e+01  4.189103e+01  7.074936e+01  1.395651e+02 
 1.700047e+00  1.455039e+01  4.117792e+01  6.949465e+01  1.370236e+02 
 1.723745e+00  1.430685e+01  4.044030e+01  6.825423e+01  1.343148e+02 
 1.747773e+00  1.402390e+01  3.971045e+01  6.698958e+01  1.317454e+02 
 1.772136e+00  1.377148e+01  3.904155e+01  6.576581e+01  1.293515e+02 
 1.796838e+00  1.352615e+01  3.834127e+01  6.457674e+01  1.268400e+02 
 1.821885e+00  1.330919e+01  3.766493e+01  6.336900e+01  1.244424e+02 
 1.847281e+00  1.305401e+01  3.705214e+01  6.228868e+01  1.220619e+02 
 1.873032e+00  1.282460e+01  3.638957e+01  6.103647e+01  1.196946e+02 
 1.899141e+00  1.259492e+01  3.570408e+01  5.992868e+01  1.173721e+02 
 1.925614e+00  1.238031e+01  3.508837e+01  5.883951e+01  1.149732e+02 
 1.952456e+00  1.218882e+01  3.450964e+01  5.777963e+01  1.126900e+02 
 1.979672e+00  1.194625e+01  3.391035e+01  5.669927e+01  1.104556e+02 
 2.007267e+00  1.174760e+01  3.329508e+01  5.554755e+01  1.082604e+02 
 2.035248e+00  1.152965e+01  3.265749e+01  5.446362e+01  1.059697e+02 
 2.063618e+00  1.132258e+01  3.203932e+01  5.338281e+01  1.037319e+02 
 2.092383e+00  1.112832e+01  3.144188e+01  5.230653e+01  1.015479e+02 
 2.121550e+00  1.092230e+01  3.084731e+01  5.127794e+01  9.941717e+01 
 2.151123e+00  1.073341e+01  3.028377e+01  5.023656e+01  9.724994e+01 
 2.181109e+00  1.053894e+01  2.968530e+01  4.922233e+01  9.521929e+01 
 2.211512e+00  1.035727e+01  2.910745e+01  4.819056e+01  9.307227e+01 
 2.242340e+00  1.017250e+01  2.858351e+01  4.723602e+01  9.109188e+01 
 2.273597e+00  9.983676e+00  2.803593e+01  4.623208e+01  8.908900e+01 
 2.305289e+00  9.820077e+00  2.749036e+01  4.529162e+01  8.715940e+01 
 2.337424e+00  9.650128e+00  2.694895e+01  4.432982e+01  8.528483e+01 
 2.370006e+00  9.477368e+00  2.642550e+01  4.341713e+01  8.340753e+01 
 2.403043e+00  9.300541e+00  2.591718e+01  4.248501e+01  8.152087e+01 
 2.436540e+00  9.146220e+00  2.542169e+01  4.159662e+01  7.968515e+01 
 2.470504e+00  8.982606e+00  2.491397e+01  4.068581e+01  7.786379e+01 
 2.504942e+00  8.824694e+00  2.442597e+01  3.982593e+01  7.611281e+01 
 2.539859e+00  8.672462e+00  2.392379e+01  3.893855e+01  7.431056e+01 
 2.575263e+00  8.508622e+00  2.341939e+01  3.809850e+01  7.263235e+01 
 2.611161e+00  8.360715e+00  2.294859e+01  3.723155e+01  7.093628e+01 
 2.647559e+00  8.209913e+00  2.247228e+01  3.638481e+01  6.923119e+01 
 2.684465e+00  8.061786e+00  2.201632e+01  3.557116e+01  6.759476e+01 
 2.721885e+00  7.911557e+00  2.153493e+01  3.476366e+01  6.599860e+01 
 2.759826e+00  7.771974e+00  2.107688e+01  3.396115e+01  6.442348e+01 
 2.798297e+00  7.628717e+00  2.063593e+01  3.318562e+01  6.291655e+01 
 2.837304e+00  7.492283e+00  2.019692e+01  3.242486e+01  6.141079e+01 
 2.876854e+00  7.356006e+00  1.976270e+01  3.167320e+01  5.994718e+01 
 2.916956e+00  7.223974e+00  1.934472e+01  3.094573e+01  5.847393e+01 
 2.957617e+00  7.095271e+00  1.893354e+01  3.023799e+01  5.706843e+01 
 2.998844e+00  6.967166e+00  1.852781e+01  2.953328e+01  5.568449e+01 
 3.040646e+00  6.840075e+00  1.812162e+01  2.882879e+01  5.435971e+01 
 3.083031e+00  6.715720e+00  1.771768e+01  2.814917e+01  5.302841e+01 
 3.126007e+00  6.593734e+00  1.733690e+01  2.748416e+01  5.170833e+01 
 3.169582e+00  6.470365e+00  1.693939e+01  2.680561e+01  5.042478e+01 
 3.213764e+00  6.348884e+00  1.655819e+01  2.615896e+01  4.917094e+01 
 3.258562e+00  6.227627e+00  1.618714e+01  2.552460e+01  4.793613e+01 
 3.303985e+00  6.110031e+00  1.580992e+01  2.489345e+01  4.672924e+01 
 3.350041e+00  5.994263e+00  1.544054e+01  2.427796e+01  4.555025e+01 
 3.396739e+00  5.879161e+00  1.508332e+01  2.368438e+01  4.438395e+01 
 3.444087e+00  5.767671e+00  1.473225e+01  2.308164e+01  4.325663e+01 
 3.492096e+00  5.658346e+00  1.439199e+01  2.251688e+01  4.217238e+01 
 3.540774e+00  5.546395e+00  1.405571e+01  2.195935e+01  4.110166e+01 
 3.590130e+00  5.441721e+00  1.372501e+01  2.140781e+01  4.006448e+01 
 3.640175e+00  5.337768e+00  1.340471e+01  2.088278e+01  3.905336e+01 
 3.690917e+00  5.233830e+00  1.309521e+01  2.035026e+01  3.805191e+01 
 3.742366e+00  5.132765e+00  1.277893e+01  1.984493e+01  3.709371e+01 
 3.794533e+00  5.034200e+00  1.247818e+01  1.934787e+01  3.614663e+01 
 3.847427e+00  4.934662e+00  1.217895e+01  1.885499e+01  3.522758e+01 
 3.901058e+00  4.835641e+00  1.188472e+01  1.837868e+01  3.431410e+01 
 3.955436e+00  4.741738e+00  1.159705e+01  1.790035e+01  3.341881e+01 
 4.010573e+00  4.643682e+00  1.131193e+01  1.744474e+01  3.256184e+01 
 4.066478e+00  4.548754e+00  1.102921e+01  1.698974e+01  3.170585e+01 
 4.123163e+00  4.455162e+00  1.075872e+01  1.654861e+01  3.087415e+01 
 4.180637e+00  4.364334e+00  1.049386e+01  1.612143e+01  3.006348e+01 
 4.238913e+00  4.274137e+00  1.023057e+01  1.569889e+01  2.927944e+01 
 4.298001e+00  4.184180e+00  9.974837e+00  1.529156e+01  2.851079e+01 
 4.357913e+00  4.099292e+00  9.724597e+00  1.489525e+01  2.777028e+01 
 4.418660e+00  4.013737e+00  9.484895e+00  1.450661e+01  2.705202e+01 
 4.480254e+00  3.929313e+00  9.247051e+00  1.413044e+01  2.634676e+01 
 4.542706e+00  3.848388e+00  9.015510e+00  1.376307e+01  2.566235e+01 
 4.606029e+00  3.767343e+00  8.791874e+00  1.340716e+01  2.500112e+01 
 4.670234e+00  3.687758e+00  8.572336e+00  1.306397e+01  2.435679e+01 
 4.735335e+00  3.610137e+00  8.358325e+00  1.272507e+01  2.372364e+01 
 4.801343e+00  3.534607e+00  8.149080e+00  1.239505e+01  2.310265e+01 
 4.868271e+00  3.458032e+00  7.941735e+00  1.206931e+01  2.249667e+01 
 4.936132e+00  3.383077e+00  7.738438e+00  1.175095e+01  2.190387e+01 
 5.004939e+00  3.308626e+00  7.540094e+00  1.144087e+01  2.132439e+01 
 5.074705e+00  3.235149e+00  7.346097e+00  1.113664e+01  2.076064e+01 
 5.145444e+00  3.164146e+00  7.156338e+00  1.084146e+01  2.020972e+01 
 5.217169e+00  3.093005e+00  6.970485e+00  1.055263e+01  1.966905e+01 
 5.289893e+00  3.024792e+00  6.790638e+00  1.027546e+01  1.915262e+01 
 5.363631e+00  2.956385e+00  6.615202e+00  1.000176e+01  1.864369e+01 
 5.438397e+00  2.890580e+00  6.443815e+00  9.738180e+00  1.814967e+01 
 5.514206e+00  2.825829e+00  6.278081e+00  9.481450e+00  1.767236e+01 
 5.591071e+00  2.761842e+00  6.116756e+00  9.232230e+00  1.720674e+01 
 5.669007e+00  2.700565e+00  5.960192e+00  8.990864e+00  1.675880e+01 
 5.748030e+00  2.639883e+00  5.807350e+00  8.754592e+00  1.631794e+01 
 5.828155e+00  2.580314e+00  5.658698e+00  8.526549e+00  1.589098e+01 
 5.909396e+00  2.521907e+00  5.513388e+00  8.303497e+00  1.547545e+01 
 5.991770e+00  2.464232e+00  5.371075e+00  8.084321e+00  1.506892e+01 
 6.075292e+00  2.407494e+00  5.232254e+00  7.871629e+00  1.466799e+01 
 6.159978e+00  2.351668e+00  5.095425e+00  7.662609e+00  1.427878e+01 
 6.245845e+00  2.296852e+00  4.962336e+00  7.459112e+00  1.389845e+01 
 6.332908e+00  2.242856e+00  4.831774e+00  7.259882e+00  1.352526e+01 
 6.421186e+00  2.190043e+00  4.705094e+00  7.065669e+00  1.316250e+01 
 6.510694e+00  2.138154e+00  4.581472e+00  6.877089e+00  1.281007e+01 
 6.601449e+00  2.087873e+00  4.461413e+00  6.693749e+00  1.246635e+01 
 6.693470e+00  2.038146e+00  4.335305e+00  6.515126e+00  1.213249e+01 
 6.786773e+00  1.990061e+00  4.230513e+00  6.341691e+00  1.180910e+01 
 6.881377e+00  1.943229e+00  4.120452e+00  6.173649e+00  1.149366e+01 
 6.977300e+00  1.897291e+00  4.013651e+00  6.011547e+00  1.118784e+01 
 7.074559e+00  1.852965e+00  3.909654e+00  5.852941e+00  1.089028e+01 
 7.173175e+00  1.809290e+00  3.808800e+00  5.698860e+00  1.060195e+01 
 7.273165e+00  1.766911e+00  3.710514e+00  5.549713e+00  1.032134e+01 
 7.374549e+00  1.725106e+00  3.614433e+00  5.403689e+00  1.004824e+01 
 7.477346e+00  1.684130e+00  3.520824e+00  5.261626e+00  9.779696e+00 
 7.581576e+00  1.644051e+00  3.428815e+00  5.121275e+00  9.517448e+00 
 7.687260e+00  1.604516e+00  3.339287e+00  4.985631e+00  9.261731e+00 
 7.794416e+00  1.565891e+00  3.251841e+00  4.852212e+00  9.011052e+00 
 7.903066e+00  1.528086e+00  3.165835e+00  4.721782e+00  8.766009e+00 
 8.013230e+00  1.491068e+00  3.082731e+00  4.595613e+00  8.528124e+00 
 8.124930e+00  1.454857e+00  3.001566e+00  4.472493e+00  8.296063e+00 
 8.238187e+00  1.419759e+00  2.922605e+00  4.352540e+00  8.070261e+00 
 8.353023e+00  1.385392e+00  2.845924e+00  4.236131e+00  7.850758e+00 
 8.469460e+00  1.352047e+00  2.771646e+00  4.123434e+00  7.638128e+00 
 8.587519e+00  1.319684e+00  2.699374e+00  4.013639e+00  7.431391e+00 
 8.707225e+00  1.288157e+00  2.629248e+00  3.907489e+00  7.231012e+00 
 8.828599e+00  1.257517e+00  2.561377e+00  3.804584e+00  7.036263e+00 
 8.951665e+00  1.227573e+00  2.495562e+00  3.704328e+00  6.847675e+00 
 9.076446e+00  1.198578e+00  2.431337e+00  3.607119e+00  6.664098e+00 
 9.202967e+00  1.170158e+00  2.368833e+00  3.512580e+00  6.485042e+00 
 9.331251e+00  1.142311e+00  2.307709e+00  3.419815e+00  6.310200e+00 
 9.461324e+00  0.000000e+00  0.000000e+00  0.000000e+00  0.000000e+00 
 9.593209e+00  0.000000e+00  0.000000e+00  0.000000e+00  0.000000e+00 
 9.726934e+00  0.000000e+00  0.000000e+00  0.000000e+00  0.000000e+00 
 9.862522e+00  0.000000e+00  0.000000e+00  0.000000e+00  0.000000e+00 
 1.000000e+01  0.000000e+00  0.000000e+00  0.000000e+00  0.000000e+00 
