 1.000000e-02  5.913957e+03  1.063743e+04  1.424933e+04  2.094071e+04 
 1.013939e-02  5.943569e+03  1.069046e+04  1.432031e+04  2.104469e+04 
 1.028073e-02  5.972617e+03  1.074246e+04  1.438996e+04  2.114672e+04 
 1.042404e-02  6.001077e+03  1.079347e+04  1.445820e+04  2.124655e+04 
 1.056935e-02  6.028944e+03  1.084345e+04  1.452496e+04  2.134417e+04 
 1.071668e-02  6.056210e+03  1.089232e+04  1.459018e+04  2.143962e+04 
 1.086606e-02  6.082845e+03  1.094002e+04  1.465382e+04  2.153285e+04 
 1.101753e-02  6.108799e+03  1.098652e+04  1.471585e+04  2.162372e+04 
 1.117111e-02  6.134070e+03  1.103181e+04  1.477630e+04  2.171215e+04 
 1.132683e-02  6.158619e+03  1.107583e+04  1.483510e+04  2.179800e+04 
 1.148472e-02  6.182435e+03  1.111847e+04  1.489206e+04  2.188119e+04 
 1.164481e-02  6.205492e+03  1.115970e+04  1.494711e+04  2.196166e+04 
 1.180713e-02  6.227785e+03  1.119954e+04  1.500032e+04  2.203935e+04 
 1.197171e-02  6.249302e+03  1.123799e+04  1.505168e+04  2.211432e+04 
 1.213859e-02  6.270026e+03  1.127502e+04  1.510114e+04  2.218648e+04 
 1.230780e-02  6.289890e+03  1.131052e+04  1.514855e+04  2.225562e+04 
 1.247936e-02  6.308884e+03  1.134447e+04  1.519384e+04  2.232168e+04 
 1.265332e-02  6.327000e+03  1.137682e+04  1.523694e+04  2.238454e+04 
 1.282970e-02  6.344207e+03  1.140753e+04  1.527779e+04  2.244411e+04 
 1.300854e-02  6.360475e+03  1.143655e+04  1.531640e+04  2.250035e+04 
 1.318987e-02  6.375785e+03  1.146382e+04  1.535267e+04  2.255321e+04 
 1.337373e-02  6.390122e+03  1.148934e+04  1.538660e+04  2.260265e+04 
 1.356015e-02  6.403466e+03  1.151308e+04  1.541822e+04  2.264857e+04 
 1.374917e-02  6.415807e+03  1.153502e+04  1.544741e+04  2.269087e+04 
 1.394083e-02  6.427101e+03  1.155505e+04  1.547405e+04  2.272945e+04 
 1.413516e-02  6.437299e+03  1.157313e+04  1.549806e+04  2.276414e+04 
 1.433219e-02  6.446398e+03  1.158922e+04  1.551936e+04  2.279490e+04 
 1.453198e-02  6.454387e+03  1.160330e+04  1.553799e+04  2.282181e+04 
 1.473454e-02  6.461236e+03  1.161533e+04  1.555395e+04  2.284469e+04 
 1.493993e-02  6.466942e+03  1.162531e+04  1.556709e+04  2.286343e+04 
 1.514819e-02  6.471426e+03  1.163310e+04  1.557726e+04  2.287787e+04 
 1.535935e-02  6.474682e+03  1.163869e+04  1.558450e+04  2.288797e+04 
 1.557345e-02  6.476700e+03  1.164207e+04  1.558879e+04  2.289385e+04 
 1.579053e-02  6.477453e+03  1.164318e+04  1.559009e+04  2.289539e+04 
 1.601064e-02  6.476943e+03  1.164202e+04  1.558826e+04  2.289241e+04 
 1.623382e-02  6.475175e+03  1.163856e+04  1.558333e+04  2.288477e+04 
 1.646012e-02  6.472106e+03  1.163276e+04  1.557529e+04  2.287249e+04 
 1.668956e-02  6.467689e+03  1.162455e+04  1.556408e+04  2.285548e+04 
 1.692220e-02  6.461912e+03  1.161390e+04  1.554968e+04  2.283366e+04 
 1.715809e-02  6.454786e+03  1.160081e+04  1.553196e+04  2.280711e+04 
 1.739726e-02  6.446274e+03  1.158524e+04  1.551087e+04  2.277568e+04 
 1.763977e-02  6.436380e+03  1.156716e+04  1.548641e+04  2.273930e+04 
 1.788566e-02  6.425074e+03  1.154657e+04  1.545860e+04  2.269784e+04 
 1.813498e-02  6.412353e+03  1.152341e+04  1.542739e+04  2.265133e+04 
 1.838777e-02  6.398193e+03  1.149768e+04  1.539272e+04  2.259982e+04 
 1.864409e-02  6.382580e+03  1.146934e+04  1.535451e+04  2.254325e+04 
 1.890397e-02  6.365500e+03  1.143836e+04  1.531278e+04  2.248157e+04 
 1.916748e-02  6.346948e+03  1.140470e+04  1.526750e+04  2.241472e+04 
 1.943467e-02  6.326920e+03  1.136841e+04  1.521867e+04  2.234263e+04 
 1.970558e-02  6.305431e+03  1.132951e+04  1.516633e+04  2.226523e+04 
 1.998026e-02  6.282487e+03  1.128797e+04  1.511047e+04  2.218256e+04 
 2.025878e-02  6.258024e+03  1.124371e+04  1.505099e+04  2.209464e+04 
 2.054117e-02  6.232047e+03  1.119672e+04  1.498783e+04  2.200149e+04 
 2.082751e-02  6.204586e+03  1.114706e+04  1.492107e+04  2.190305e+04 
 2.111783e-02  6.175626e+03  1.109472e+04  1.485075e+04  2.179935e+04 
 2.141220e-02  6.145272e+03  1.103986e+04  1.477703e+04  2.169050e+04 
 2.171068e-02  6.114074e+03  1.098325e+04  1.470073e+04  2.157733e+04 
 2.201331e-02  6.081402e+03  1.092397e+04  1.462089e+04  2.145896e+04 
 2.232016e-02  6.047255e+03  1.086205e+04  1.453750e+04  2.133539e+04 
 2.263130e-02  6.011655e+03  1.079751e+04  1.445064e+04  2.120662e+04 
 2.294676e-02  5.974625e+03  1.073042e+04  1.436031e+04  2.107279e+04 
 2.326663e-02  5.936178e+03  1.066077e+04  1.426657e+04  2.093404e+04 
 2.359095e-02  5.896336e+03  1.058858e+04  1.416947e+04  2.079038e+04 
 2.391980e-02  5.855088e+03  1.051393e+04  1.406902e+04  2.064181e+04 
 2.425323e-02  5.812458e+03  1.043679e+04  1.396527e+04  2.048838e+04 
 2.459130e-02  5.768489e+03  1.035724e+04  1.385831e+04  2.033024e+04 
 2.493409e-02  5.723228e+03  1.027538e+04  1.374824e+04  2.016756e+04 
 2.528166e-02  5.676712e+03  1.019125e+04  1.363513e+04  2.000044e+04 
 2.563407e-02  5.628946e+03  1.010489e+04  1.351902e+04  1.982889e+04 
 2.599140e-02  5.579963e+03  1.001634e+04  1.340001e+04  1.965312e+04 
 2.635371e-02  5.529803e+03  9.925696e+03  1.327819e+04  1.947323e+04 
 2.672106e-02  5.478518e+03  9.833001e+03  1.315367e+04  1.928941e+04 
 2.709354e-02  5.426149e+03  9.738374e+03  1.302656e+04  1.910180e+04 
 2.747121e-02  5.372749e+03  9.641908e+03  1.289699e+04  1.891057e+04 
 2.785414e-02  5.318306e+03  9.543603e+03  1.276497e+04  1.871583e+04 
 2.824241e-02  5.262606e+03  9.443191e+03  1.263024e+04  1.851738e+04 
 2.863610e-02  5.206023e+03  9.341188e+03  1.249341e+04  1.831586e+04 
 2.903527e-02  5.148626e+03  9.237727e+03  1.235464e+04  1.811149e+04 
 2.944000e-02  5.090486e+03  9.132914e+03  1.221404e+04  1.790449e+04 
 2.985038e-02  5.031650e+03  9.026857e+03  1.207179e+04  1.769509e+04 
 3.026648e-02  4.972186e+03  8.919690e+03  1.192805e+04  1.748354e+04 
 3.068838e-02  4.912162e+03  8.811523e+03  1.178299e+04  1.727003e+04 
 3.111616e-02  4.851648e+03  8.702499e+03  1.163678e+04  1.705483e+04 
 3.154990e-02  4.790728e+03  8.592727e+03  1.148960e+04  1.683821e+04 
 3.198969e-02  4.729458e+03  8.482346e+03  1.134159e+04  1.662039e+04 
 3.243561e-02  4.667909e+03  8.371480e+03  1.119293e+04  1.640164e+04 
 3.288774e-02  4.606160e+03  8.260272e+03  1.104383e+04  1.618224e+04 
 3.334618e-02  4.544310e+03  8.148855e+03  1.089445e+04  1.596248e+04 
 3.381101e-02  4.482428e+03  8.037389e+03  1.074503e+04  1.574262e+04 
 3.428231e-02  4.420592e+03  7.926008e+03  1.059575e+04  1.552294e+04 
 3.476019e-02  4.358680e+03  7.814849e+03  1.044709e+04  1.530525e+04 
 3.524473e-02  4.296960e+03  7.704069e+03  1.029895e+04  1.508832e+04 
 3.573602e-02  4.235524e+03  7.593792e+03  1.015147e+04  1.487238e+04 
 3.623416e-02  4.174459e+03  7.484149e+03  1.000485e+04  1.465770e+04 
 3.673925e-02  4.113834e+03  7.375305e+03  9.859301e+03  1.444458e+04 
 3.725137e-02  4.053737e+03  7.267411e+03  9.715008e+03  1.423331e+04 
 3.777064e-02  3.994237e+03  7.160591e+03  9.572156e+03  1.402411e+04 
 3.829714e-02  3.935410e+03  7.054989e+03  9.430944e+03  1.381730e+04 
 3.883098e-02  3.877332e+03  6.950726e+03  9.291521e+03  1.361313e+04 
 3.937226e-02  3.820070e+03  6.847937e+03  9.154050e+03  1.341178e+04 
 3.992109e-02  3.763690e+03  6.746735e+03  9.018711e+03  1.321354e+04 
 4.047757e-02  3.708255e+03  6.647190e+03  8.885568e+03  1.301840e+04 
 4.104181e-02  3.653660e+03  6.548560e+03  8.753019e+03  1.282242e+04 
 4.161391e-02  3.600140e+03  6.451878e+03  8.623085e+03  1.263030e+04 
 4.219398e-02  3.547756e+03  6.357233e+03  8.495895e+03  1.244220e+04 
 4.278214e-02  3.496553e+03  6.264727e+03  8.371559e+03  1.225828e+04 
 4.337850e-02  3.446576e+03  6.174433e+03  8.250168e+03  1.207873e+04 
 4.398317e-02  3.397873e+03  6.086422e+03  8.131854e+03  1.190371e+04 
 4.459628e-02  3.350473e+03  6.000753e+03  8.016672e+03  1.173330e+04 
 4.521792e-02  3.304393e+03  5.917481e+03  7.904695e+03  1.156758e+04 
 4.584824e-02  3.259663e+03  5.836648e+03  7.795982e+03  1.140666e+04 
 4.648734e-02  3.216312e+03  5.758290e+03  7.690583e+03  1.125061e+04 
 4.713535e-02  3.174472e+03  5.683353e+03  7.590552e+03  1.110442e+04 
 4.779239e-02  3.134089e+03  5.611470e+03  7.495058e+03  1.096607e+04 
 4.845859e-02  3.095079e+03  5.542053e+03  7.402847e+03  1.083253e+04 
 4.913407e-02  3.057433e+03  5.475087e+03  7.313890e+03  1.070373e+04 
 4.981898e-02  3.021126e+03  5.410527e+03  7.228153e+03  1.057962e+04 
 5.051342e-02  2.986141e+03  5.348332e+03  7.145563e+03  1.046009e+04 
 5.121755e-02  2.952440e+03  5.288437e+03  7.066040e+03  1.034504e+04 
 5.193150e-02  2.919984e+03  5.230757e+03  6.989471e+03  1.023432e+04 
 5.265540e-02  2.888711e+03  5.175203e+03  6.915729e+03  1.012773e+04 
 5.338938e-02  2.858325e+03  5.120794e+03  6.843071e+03  1.002155e+04 
 5.413360e-02  2.828716e+03  5.067241e+03  6.771035e+03  9.914885e+03 
 5.488820e-02  2.800101e+03  5.015486e+03  6.701397e+03  9.811726e+03 
 5.565331e-02  2.772389e+03  4.965351e+03  6.633928e+03  9.711737e+03 
 5.642908e-02  2.745434e+03  4.916575e+03  6.568278e+03  9.614437e+03 
 5.721568e-02  2.719082e+03  4.868887e+03  6.504082e+03  9.519272e+03 
 5.801323e-02  2.693366e+03  4.822338e+03  6.441410e+03  9.426371e+03 
 5.882190e-02  2.668420e+03  4.777168e+03  6.380594e+03  9.336194e+03 
 5.964185e-02  2.644367e+03  4.733900e+03  6.322657e+03  9.251043e+03 
 6.047322e-02  2.621162e+03  4.693016e+03  6.268763e+03  9.174141e+03 
 6.131619e-02  2.597862e+03  4.651966e+03  6.214648e+03  9.096908e+03 
 6.217090e-02  2.574089e+03  4.610067e+03  6.159393e+03  9.018005e+03 
 6.303753e-02  2.549800e+03  4.567250e+03  6.102886e+03  8.937262e+03 
 6.391624e-02  2.525043e+03  4.523584e+03  6.045249e+03  8.854852e+03 
 6.480720e-02  2.499847e+03  4.479124e+03  5.986546e+03  8.770855e+03 
 6.571058e-02  2.474098e+03  4.433656e+03  5.926493e+03  8.684872e+03 
 6.662655e-02  2.446450e+03  4.382934e+03  5.857489e+03  8.580555e+03 
 6.755528e-02  2.417850e+03  4.330448e+03  5.786072e+03  8.472571e+03 
 6.849697e-02  2.388217e+03  4.276113e+03  5.712186e+03  8.361016e+03 
 6.945178e-02  2.357464e+03  4.219783e+03  5.635654e+03  8.245603e+03 
 7.041990e-02  2.325509e+03  4.161312e+03  5.556273e+03  8.126049e+03 
 7.140151e-02  2.292289e+03  4.100585e+03  5.473904e+03  8.002137e+03 
 7.239681e-02  2.258047e+03  4.038345e+03  5.389865e+03  7.876910e+03 
 7.340598e-02  2.222792e+03  3.974658e+03  5.304318e+03  7.750796e+03 
 7.442922e-02  2.186148e+03  3.908488e+03  5.215461e+03  7.619848e+03 
 7.546673e-02  2.148122e+03  3.839854e+03  5.123308e+03  7.484096e+03 
 7.651869e-02  2.108744e+03  3.768809e+03  5.027938e+03  7.343648e+03 
 7.758532e-02  2.068078e+03  3.695458e+03  4.929506e+03  7.198727e+03 
 7.866682e-02  2.027035e+03  3.622538e+03  4.832732e+03  7.058890e+03 
 7.976339e-02  1.986232e+03  3.551819e+03  4.740618e+03  6.930149e+03 
 8.087525e-02  1.944390e+03  3.479157e+03  4.645831e+03  6.797326e+03 
 8.200261e-02  1.901651e+03  3.404817e+03  4.548706e+03  6.660889e+03 
 8.314568e-02  1.858189e+03  3.329094e+03  4.449657e+03  6.521426e+03 
 8.430468e-02  1.814193e+03  3.252325e+03  4.349153e+03  6.379562e+03 
 8.547985e-02  1.769140e+03  3.172483e+03  4.243435e+03  6.227330e+03 
 8.667139e-02  1.723678e+03  3.091335e+03  4.135429e+03  6.070473e+03 
 8.787954e-02  1.678391e+03  3.010472e+03  4.027756e+03  5.914061e+03 
 8.910453e-02  1.633505e+03  2.930307e+03  3.920988e+03  5.758900e+03 
 9.034660e-02  1.589252e+03  2.851273e+03  3.815717e+03  5.605830e+03 
 9.160598e-02  1.546533e+03  2.775891e+03  3.716130e+03  5.462945e+03 
 9.288292e-02  1.505515e+03  2.704313e+03  3.622317e+03  5.330174e+03 
 9.417766e-02  1.465770e+03  2.634925e+03  3.531348e+03  5.201361e+03 
 9.549045e-02  1.427497e+03  2.568096e+03  3.443738e+03  5.077258e+03 
 9.682153e-02  1.390875e+03  2.504157e+03  3.359930e+03  4.958546e+03 
 9.817117e-02  1.356308e+03  2.444217e+03  3.281755e+03  4.848696e+03 
 9.953962e-02  1.323769e+03  2.387984e+03  3.208602e+03  4.746323e+03 
 1.009272e-01  1.293274e+03  2.335355e+03  3.140183e+03  4.650749e+03 
 1.023340e-01  1.264893e+03  2.286474e+03  3.076720e+03  4.562319e+03 
 1.037605e-01  1.238037e+03  2.239551e+03  3.015191e+03  4.475108e+03 
 1.052069e-01  1.210990e+03  2.189486e+03  2.946948e+03  4.372337e+03 
 1.066734e-01  1.186149e+03  2.143462e+03  2.884180e+03  4.277732e+03 
 1.081604e-01  1.163428e+03  2.101324e+03  2.826659e+03  4.190953e+03 
 1.096681e-01  1.142720e+03  2.062843e+03  2.774085e+03  4.111572e+03 
 1.111968e-01  1.124031e+03  2.028275e+03  2.726866e+03  4.039885e+03 
 1.127468e-01  1.107000e+03  1.996759e+03  2.683766e+03  3.974321e+03 
 1.143184e-01  1.091390e+03  1.967847e+03  2.644175e+03  3.913998e+03 
 1.159120e-01  1.076954e+03  1.941085e+03  2.607485e+03  3.858010e+03 
 1.175277e-01  1.064216e+03  1.918139e+03  2.576550e+03  3.811615e+03 
 1.191660e-01  1.052169e+03  1.896504e+03  2.547447e+03  3.768026e+03 
 1.208271e-01  1.040424e+03  1.875424e+03  2.519075e+03  3.725574e+03 
 1.225114e-01  1.028642e+03  1.854247e+03  2.490568e+03  3.682974e+03 
 1.242191e-01  1.016167e+03  1.831551e+03  2.459996e+03  3.637729e+03 
 1.259506e-01  1.003098e+03  1.807812e+03  2.427984e+03  3.590363e+03 
 1.277063e-01  9.891806e+02  1.782543e+03  2.393896e+03  3.539939e+03 
 1.294865e-01  9.745577e+02  1.756189e+03  2.358498e+03  3.487459e+03 
 1.312915e-01  9.591010e+02  1.728619e+03  2.321541e+03  3.432560e+03 
 1.331216e-01  9.422481e+02  1.698523e+03  2.281147e+03  3.372586e+03 
 1.349772e-01  9.239526e+02  1.665811e+03  2.237295e+03  3.307637e+03 
 1.368587e-01  9.053716e+02  1.634404e+03  2.197222e+03  3.253874e+03 
 1.387665e-01  8.853450e+02  1.600314e+03  2.153451e+03  3.194418e+03 
 1.407008e-01  8.640060e+02  1.563751e+03  2.106269e+03  3.129670e+03 
 1.426621e-01  8.425227e+02  1.527376e+03  2.059322e+03  3.064514e+03 
 1.446507e-01  8.204452e+02  1.489957e+03  2.010911e+03  2.996757e+03 
 1.466671e-01  7.977399e+02  1.451237e+03  1.960675e+03  2.925987e+03 
 1.487115e-01  7.729166e+02  1.406916e+03  1.901660e+03  2.840486e+03 
 1.507845e-01  7.469853e+02  1.359422e+03  1.837603e+03  2.746312e+03 
 1.528864e-01  7.216131e+02  1.312939e+03  1.774913e+03  2.654096e+03 
 1.550175e-01  6.988776e+02  1.273040e+03  1.722456e+03  2.579724e+03 
 1.571784e-01  6.784433e+02  1.238497e+03  1.678143e+03  2.519061e+03 
 1.593694e-01  6.593071e+02  1.206177e+03  1.636706e+03  2.462444e+03 
 1.615909e-01  6.421235e+02  1.177554e+03  1.600209e+03  2.412728e+03 
 1.638434e-01  6.267768e+02  1.152282e+03  1.568193e+03  2.369390e+03 
 1.661273e-01  6.131424e+02  1.130038e+03  1.540193e+03  2.331955e+03 
 1.684430e-01  5.981942e+02  1.102775e+03  1.503662e+03  2.279115e+03 
 1.707910e-01  5.846414e+02  1.077771e+03  1.470001e+03  2.230273e+03 
 1.731717e-01  5.731262e+02  1.056833e+03  1.442008e+03  2.189903e+03 
 1.755856e-01  5.647391e+02  1.042893e+03  1.424065e+03  2.164434e+03 
 1.780332e-01  5.574337e+02  1.030934e+03  1.408813e+03  2.143015e+03 
 1.805149e-01  5.492548e+02  1.015416e+03  1.387096e+03  2.108767e+03 
 1.830312e-01  5.405454e+02  9.977617e+02  1.361513e+03  2.066914e+03 
 1.855825e-01  5.320081e+02  9.806707e+02  1.336980e+03  2.027244e+03 
 1.881694e-01  5.236890e+02  9.653207e+02  1.316351e+03  1.997104e+03 
 1.907924e-01  5.148232e+02  9.489591e+02  1.294345e+03  1.964875e+03 
 1.934520e-01  5.048500e+02  9.305294e+02  1.269723e+03  1.929889e+03 
 1.961486e-01  4.938343e+02  9.101597e+02  1.242515e+03  1.891366e+03 
 1.988828e-01  4.829294e+02  8.906808e+02  1.216727e+03  1.854724e+03 
 2.016551e-01  4.726430e+02  8.733040e+02  1.194124e+03  1.822471e+03 
 2.044661e-01  4.612608e+02  8.536418e+02  1.168205e+03  1.784871e+03 
 2.073162e-01  4.484409e+02  8.301081e+02  1.136076e+03  1.736413e+03 
 2.102061e-01  4.351153e+02  8.056110e+02  1.102618e+03  1.685898e+03 
 2.131362e-01  4.250397e+02  7.910366e+02  1.085516e+03  1.664242e+03 
 2.161073e-01  4.151200e+02  7.767623e+02  1.068831e+03  1.643219e+03 
 2.191197e-01  4.028491e+02  7.559617e+02  1.042311e+03  1.607842e+03 
 2.221741e-01  3.906506e+02  7.347370e+02  1.014931e+03  1.571081e+03 
 2.252711e-01  3.797953e+02  7.164334e+02  9.917916e+02  1.540598e+03 
 2.284112e-01  3.701879e+02  7.005403e+02  9.719801e+02  1.515002e+03 
 2.315951e-01  3.618814e+02  6.861297e+02  9.528511e+02  1.486615e+03 
 2.348235e-01  3.547631e+02  6.736108e+02  9.358583e+02  1.460205e+03 
 2.380968e-01  3.467760e+02  6.582088e+02  9.144517e+02  1.427718e+03 
 2.414157e-01  3.391631e+02  6.432181e+02  8.935161e+02  1.396149e+03 
 2.447809e-01  3.317509e+02  6.290096e+02  8.740837e+02  1.366886e+03 
 2.481930e-01  3.247515e+02  6.156790e+02  8.559178e+02  1.339546e+03 
 2.516527e-01  3.206716e+02  6.089003e+02  8.468260e+02  1.325478e+03 
 2.551606e-01  3.155093e+02  5.997015e+02  8.343541e+02  1.306634e+03 
 2.587174e-01  3.073057e+02  5.835971e+02  8.122384e+02  1.274343e+03 
 2.623238e-01  3.002677e+02  5.707632e+02  7.950641e+02  1.249671e+03 
 2.659804e-01  2.944442e+02  5.613684e+02  7.830863e+02  1.232994e+03 
 2.696881e-01  2.866016e+02  5.473482e+02  7.644343e+02  1.205541e+03 
 2.734474e-01  2.780358e+02  5.317409e+02  7.435256e+02  1.174523e+03 
 2.772591e-01  2.713820e+02  5.209892e+02  7.302518e+02  1.157604e+03 
 2.811239e-01  2.643807e+02  5.090830e+02  7.152199e+02  1.138635e+03 
 2.850426e-01  2.571801e+02  4.961736e+02  6.986229e+02  1.118267e+03 
 2.890160e-01  2.506049e+02  4.852165e+02  6.846724e+02  1.098756e+03 
 2.930447e-01  2.445564e+02  4.749476e+02  6.710896e+02  1.078076e+03 
 2.971296e-01  2.389521e+02  4.641105e+02  6.550385e+02  1.050681e+03 
 3.012714e-01  2.340479e+02  4.557437e+02  6.440805e+02  1.034813e+03 
 3.054710e-01  2.293760e+02  4.480444e+02  6.345891e+02  1.022613e+03 
 3.097291e-01  2.238320e+02  4.378369e+02  6.211696e+02  1.004164e+03 
 3.140465e-01  2.188079e+02  4.278713e+02  6.069879e+02  9.812383e+02 
 3.184242e-01  2.143158e+02  4.190670e+02  5.944438e+02  9.609267e+02 
 3.228628e-01  2.106366e+02  4.128878e+02  5.866354e+02  9.512422e+02 
 3.273634e-01  2.054816e+02  4.027124e+02  5.721636e+02  9.284088e+02 
 3.319266e-01  2.000504e+02  3.923724e+02  5.580158e+02  9.074228e+02 
 3.365535e-01  1.947442e+02  3.830339e+02  5.460727e+02  8.915503e+02 
 3.412449e-01  1.909277e+02  3.779057e+02  5.399431e+02  8.818772e+02 
 3.460016e-01  1.867670e+02  3.711568e+02  5.312984e+02  8.698290e+02 
 3.508247e-01  1.827071e+02  3.640066e+02  5.218162e+02  8.560572e+02 
 3.557150e-01  1.787946e+02  3.568558e+02  5.121807e+02  8.413321e+02 
 3.606735e-01  1.743635e+02  3.490722e+02  5.020808e+02  8.274175e+02 
 3.657011e-01  1.692450e+02  3.395164e+02  4.891459e+02  8.096585e+02 
 3.707988e-01  1.651471e+02  3.317479e+02  4.786369e+02  7.943029e+02 
 3.759675e-01  1.614356e+02  3.247126e+02  4.690540e+02  7.801088e+02 
 3.812083e-01  1.576767e+02  3.179739e+02  4.600097e+02  7.669769e+02 
 3.865221e-01  1.545362e+02  3.134309e+02  4.547757e+02  7.585349e+02 
 3.919100e-01  1.511819e+02  3.057791e+02  4.433372e+02  7.429445e+02 
 3.973730e-01  1.474326e+02  2.995127e+02  4.354452e+02  7.305195e+02 
 4.029122e-01  1.443216e+02  2.945908e+02  4.286490e+02  7.183755e+02 
 4.085286e-01  1.411920e+02  2.880620e+02  4.194060e+02  7.052341e+02 
 4.142232e-01  1.374834e+02  2.806658e+02  4.096798e+02  6.930210e+02 
 4.199973e-01  1.338734e+02  2.744990e+02  4.018743e+02  6.816773e+02 
 4.258518e-01  1.309729e+02  2.692019e+02  3.944607e+02  6.692341e+02 
 4.317880e-01  1.279254e+02  2.633716e+02  3.859869e+02  6.563682e+02 
 4.378069e-01  1.252414e+02  2.580612e+02  3.784395e+02  6.440869e+02 
 4.439097e-01  1.230167e+02  2.546312e+02  3.743405e+02  6.400079e+02 
 4.500975e-01  1.196276e+02  2.484261e+02  3.659765e+02  6.279448e+02 
 4.563716e-01  1.167386e+02  2.425442e+02  3.575381e+02  6.133463e+02 
 4.627332e-01  1.148456e+02  2.399123e+02  3.546623e+02  6.104186e+02 
 4.691835e-01  1.117776e+02  2.339444e+02  3.462432e+02  5.967324e+02 
 4.757236e-01  1.095530e+02  2.295998e+02  3.402611e+02  5.875513e+02 
 4.823549e-01  1.065644e+02  2.236559e+02  3.319767e+02  5.762251e+02 
 4.890787e-01  1.041613e+02  2.190397e+02  3.257996e+02  5.667795e+02 
 4.958962e-01  1.023430e+02  2.155346e+02  3.204528e+02  5.572308e+02 
 5.028087e-01  9.994949e+01  2.114543e+02  3.150157e+02  5.493805e+02 
 5.098176e-01  9.800478e+01  2.079012e+02  3.099566e+02  5.399087e+02 
 5.169242e-01  9.618902e+01  2.045035e+02  3.054017e+02  5.337300e+02 
 5.241298e-01  9.296119e+01  1.990762e+02  2.987796e+02  5.255656e+02 
 5.314359e-01  9.124897e+01  1.964828e+02  2.952860e+02  5.199612e+02 
 5.388438e-01  8.921848e+01  1.919472e+02  2.886042e+02  5.099431e+02 
 5.463550e-01  8.750159e+01  1.886458e+02  2.837836e+02  5.020553e+02 
 5.539709e-01  8.504192e+01  1.843204e+02  2.782946e+02  4.938068e+02 
 5.616930e-01  8.343461e+01  1.812377e+02  2.740022e+02  4.874815e+02 
 5.695227e-01  8.170720e+01  1.784025e+02  2.704723e+02  4.805211e+02 
 5.774615e-01  7.977241e+01  1.740663e+02  2.641081e+02  4.714402e+02 
 5.855110e-01  7.825856e+01  1.713200e+02  2.600398e+02  4.646566e+02 
 5.936727e-01  7.635179e+01  1.670565e+02  2.541047e+02  4.558237e+02 
 6.019482e-01  7.495101e+01  1.648251e+02  2.506430e+02  4.496664e+02 
 6.103390e-01  7.307599e+01  1.616455e+02  2.465776e+02  4.427734e+02 
 6.188468e-01  7.138144e+01  1.588311e+02  2.438857e+02  4.406563e+02 
 6.274732e-01  7.008529e+01  1.556083e+02  2.384967e+02  4.320073e+02 
 6.362198e-01  6.858374e+01  1.530816e+02  2.349522e+02  4.254460e+02 
 6.450884e-01  6.689728e+01  1.500625e+02  2.308013e+02  4.183958e+02 
 6.540806e-01  6.543161e+01  1.466622e+02  2.257558e+02  4.111376e+02 
 6.631981e-01  6.389645e+01  1.441936e+02  2.230057e+02  4.066791e+02 
 6.724427e-01  6.259557e+01  1.414995e+02  2.193019e+02  4.020041e+02 
 6.818162e-01  6.115561e+01  1.387434e+02  2.146845e+02  3.937509e+02 
 6.913204e-01  5.977054e+01  1.360006e+02  2.111501e+02  3.879515e+02 
 7.009570e-01  5.884793e+01  1.337904e+02  2.079316e+02  3.826185e+02 
 7.107280e-01  5.725734e+01  1.313461e+02  2.046044e+02  3.763465e+02 
 7.206351e-01  5.629226e+01  1.291272e+02  2.016589e+02  3.727547e+02 
 7.306804e-01  5.507820e+01  1.270028e+02  1.982350e+02  3.658394e+02 
 7.408657e-01  5.378599e+01  1.243205e+02  1.944880e+02  3.608509e+02 
 7.511929e-01  5.257620e+01  1.218742e+02  1.913462e+02  3.556190e+02 
 7.616642e-01  5.149348e+01  1.195066e+02  1.880186e+02  3.507202e+02 
 7.722814e-01  5.072769e+01  1.181432e+02  1.857624e+02  3.456282e+02 
 7.830465e-01  4.959858e+01  1.156985e+02  1.823449e+02  3.407947e+02 
 7.939618e-01  4.860971e+01  1.140283e+02  1.797752e+02  3.368022e+02 
 8.050292e-01  4.745751e+01  1.117352e+02  1.770873e+02  3.322584e+02 
 8.162509e-01  4.654678e+01  1.099371e+02  1.739872e+02  3.262474e+02 
 8.276289e-01  4.535126e+01  1.075761e+02  1.708877e+02  3.217613e+02 
 8.391656e-01  4.469665e+01  1.061278e+02  1.682628e+02  3.177330e+02 
 8.508632e-01  4.381659e+01  1.041966e+02  1.657923e+02  3.133086e+02 
 8.627237e-01  4.278140e+01  1.023420e+02  1.630806e+02  3.081578e+02 
 8.747496e-01  4.193509e+01  1.004434e+02  1.604476e+02  3.038264e+02 
 8.869432e-01  4.114153e+01  9.888904e+01  1.581297e+02  2.999485e+02 
 8.993067e-01  4.023891e+01  9.717533e+01  1.555730e+02  2.953502e+02 
 9.118425e-01  3.956475e+01  9.539392e+01  1.527980e+02  2.900140e+02 
 9.245531e-01  3.864298e+01  9.370419e+01  1.502954e+02  2.866041e+02 
 9.374409e-01  3.783601e+01  9.211457e+01  1.481787e+02  2.826557e+02 
 9.505083e-01  3.714788e+01  9.054049e+01  1.458660e+02  2.786143e+02 
 9.637579e-01  3.630825e+01  8.872026e+01  1.431949e+02  2.743165e+02 
 9.771921e-01  3.575861e+01  8.804940e+01  1.417339e+02  2.706674e+02 
 9.908137e-01  3.501812e+01  8.629278e+01  1.392785e+02  2.668987e+02 
 1.004625e+00  3.428324e+01  8.460614e+01  1.367935e+02  2.624248e+02 
 1.018629e+00  3.366970e+01  8.334107e+01  1.347654e+02  2.585219e+02 
 1.032828e+00  3.295717e+01  8.189229e+01  1.328612e+02  2.555705e+02 
 1.047225e+00  3.225939e+01  8.058505e+01  1.306529e+02  2.510682e+02 
 1.061823e+00  3.170557e+01  7.941611e+01  1.287843e+02  2.475383e+02 
 1.076624e+00  3.105950e+01  7.806109e+01  1.267855e+02  2.437671e+02 
 1.091632e+00  3.049208e+01  7.670429e+01  1.248607e+02  2.400315e+02 
 1.106848e+00  2.985454e+01  7.529505e+01  1.228267e+02  2.366733e+02 
 1.122277e+00  2.927427e+01  7.415332e+01  1.207472e+02  2.326432e+02 
 1.137921e+00  2.869347e+01  7.280059e+01  1.188073e+02  2.291772e+02 
 1.153783e+00  2.817250e+01  7.160970e+01  1.169677e+02  2.258658e+02 
 1.169866e+00  2.765103e+01  7.047860e+01  1.151684e+02  2.227198e+02 
 1.186174e+00  2.709592e+01  6.937503e+01  1.133636e+02  2.190601e+02 
 1.202708e+00  2.660633e+01  6.822602e+01  1.116406e+02  2.158184e+02 
 1.219473e+00  2.612204e+01  6.715312e+01  1.099940e+02  2.122211e+02 
 1.236472e+00  2.561299e+01  6.607113e+01  1.083504e+02  2.091986e+02 
 1.253708e+00  2.514736e+01  6.494145e+01  1.064300e+02  2.059515e+02 
 1.271184e+00  2.468543e+01  6.409887e+01  1.051002e+02  2.027679e+02 
 1.288904e+00  2.421567e+01  6.281574e+01  1.031853e+02  1.997677e+02 
 1.306870e+00  2.374006e+01  6.177790e+01  1.015207e+02  1.963477e+02 
 1.325087e+00  2.333678e+01  6.081880e+01  9.998182e+01  1.930921e+02 
 1.343558e+00  2.290190e+01  5.979795e+01  9.837216e+01  1.899702e+02 
 1.362287e+00  2.249993e+01  5.878280e+01  9.666877e+01  1.868288e+02 
 1.381276e+00  2.207681e+01  5.784140e+01  9.493906e+01  1.836893e+02 
 1.400531e+00  2.168258e+01  5.690164e+01  9.348734e+01  1.805219e+02 
 1.420053e+00  2.127110e+01  5.589096e+01  9.200370e+01  1.774827e+02 
 1.439848e+00  2.089468e+01  5.503539e+01  9.042328e+01  1.745943e+02 
 1.459919e+00  2.049173e+01  5.410923e+01  8.893637e+01  1.714781e+02 
 1.480269e+00  2.016741e+01  5.313232e+01  8.734837e+01  1.682936e+02 
 1.500903e+00  1.979914e+01  5.229417e+01  8.588569e+01  1.656839e+02 
 1.521825e+00  1.943554e+01  5.148424e+01  8.453747e+01  1.627903e+02 
 1.543038e+00  1.907663e+01  5.061497e+01  8.319832e+01  1.601505e+02 
 1.564548e+00  1.876314e+01  4.978644e+01  8.177623e+01  1.571993e+02 
 1.586357e+00  1.843034e+01  4.899240e+01  8.040969e+01  1.543918e+02 
 1.608469e+00  1.808185e+01  4.817310e+01  7.904128e+01  1.517983e+02 
 1.630891e+00  1.780995e+01  4.728877e+01  7.751640e+01  1.487574e+02 
 1.653624e+00  1.747018e+01  4.648542e+01  7.626654e+01  1.463227e+02 
 1.676675e+00  1.715755e+01  4.576514e+01  7.499578e+01  1.435189e+02 
 1.700047e+00  1.685020e+01  4.499913e+01  7.367489e+01  1.409326e+02 
 1.723745e+00  1.657086e+01  4.420368e+01  7.236817e+01  1.381324e+02 
 1.747773e+00  1.625676e+01  4.342225e+01  7.104748e+01  1.354994e+02 
 1.772136e+00  1.597575e+01  4.269205e+01  6.976079e+01  1.330612e+02 
 1.796838e+00  1.570246e+01  4.194335e+01  6.850994e+01  1.304841e+02 
 1.821885e+00  1.545150e+01  4.120953e+01  6.724262e+01  1.280429e+02 
 1.847281e+00  1.516962e+01  4.055307e+01  6.610484e+01  1.255789e+02 
 1.873032e+00  1.491213e+01  3.982097e+01  6.479775e+01  1.231678e+02 
 1.899141e+00  1.464982e+01  3.908926e+01  6.363373e+01  1.207893e+02 
 1.925614e+00  1.440861e+01  3.842682e+01  6.247956e+01  1.183432e+02 
 1.952456e+00  1.419583e+01  3.779365e+01  6.135446e+01  1.159943e+02 
 1.979672e+00  1.392136e+01  3.714541e+01  6.022105e+01  1.137061e+02 
 2.007267e+00  1.369778e+01  3.647461e+01  5.902121e+01  1.114663e+02 
 2.035248e+00  1.344906e+01  3.579035e+01  5.787380e+01  1.091197e+02 
 2.063618e+00  1.321475e+01  3.512537e+01  5.674558e+01  1.068406e+02 
 2.092383e+00  1.299274e+01  3.447985e+01  5.562175e+01  1.046247e+02 
 2.121550e+00  1.276013e+01  3.383528e+01  5.453287e+01  1.024328e+02 
 2.151123e+00  1.254470e+01  3.322140e+01  5.343372e+01  1.002214e+02 
 2.181109e+00  1.232473e+01  3.257932e+01  5.237822e+01  9.814405e+01 
 2.211512e+00  1.211522e+01  3.195300e+01  5.129298e+01  9.595992e+01 
 2.242340e+00  1.190811e+01  3.138173e+01  5.028776e+01  9.392936e+01 
 2.273597e+00  1.169171e+01  3.078766e+01  4.922767e+01  9.187738e+01 
 2.305289e+00  1.150423e+01  3.019606e+01  4.824451e+01  8.990401e+01 
 2.337424e+00  1.130950e+01  2.960891e+01  4.723711e+01  8.797710e+01 
 2.370006e+00  1.111272e+01  2.904363e+01  4.628054e+01  8.608434e+01 
 2.403043e+00  1.091229e+01  2.849212e+01  4.529767e+01  8.415749e+01 
 2.436540e+00  1.073384e+01  2.795267e+01  4.436372e+01  8.228406e+01 
 2.470504e+00  1.054743e+01  2.740617e+01  4.341142e+01  8.042396e+01 
 2.504942e+00  1.036529e+01  2.687848e+01  4.250948e+01  7.863742e+01 
 2.539859e+00  1.019122e+01  2.633323e+01  4.157592e+01  7.680631e+01 
 2.575263e+00  1.000277e+01  2.579049e+01  4.070323e+01  7.508906e+01 
 2.611161e+00  9.832893e+00  2.527472e+01  3.978783e+01  7.336117e+01 
 2.647559e+00  9.659853e+00  2.475602e+01  3.889530e+01  7.161992e+01 
 2.684465e+00  9.488344e+00  2.426293e+01  3.803749e+01  6.994844e+01 
 2.721885e+00  9.314421e+00  2.373977e+01  3.719226e+01  6.831626e+01 
 2.759826e+00  9.151084e+00  2.324099e+01  3.634587e+01  6.670469e+01 
 2.798297e+00  8.986742e+00  2.276086e+01  3.553539e+01  6.516718e+01 
 2.837304e+00  8.828419e+00  2.228277e+01  3.473310e+01  6.362882e+01 
 2.876854e+00  8.669762e+00  2.180926e+01  3.394243e+01  6.212830e+01 
 2.916956e+00  8.516174e+00  2.135475e+01  3.317302e+01  6.062237e+01 
 2.957617e+00  8.366558e+00  2.090775e+01  3.242857e+01  5.919267e+01 
 2.998844e+00  8.216566e+00  2.046658e+01  3.168547e+01  5.777453e+01 
 3.040646e+00  8.068688e+00  2.002483e+01  3.094752e+01  5.642528e+01 
 3.083031e+00  7.923505e+00  1.958625e+01  3.023267e+01  5.506978e+01 
 3.126007e+00  7.781565e+00  1.917103e+01  2.953039e+01  5.372012e+01 
 3.169582e+00  7.637697e+00  1.873780e+01  2.881943e+01  5.241620e+01 
 3.213764e+00  7.496088e+00  1.832332e+01  2.813781e+01  5.113516e+01 
 3.258562e+00  7.353941e+00  1.791992e+01  2.746763e+01  4.987633e+01 
 3.303985e+00  7.215919e+00  1.750878e+01  2.680565e+01  4.864658e+01 
 3.350041e+00  7.080407e+00  1.710705e+01  2.615582e+01  4.743847e+01 
 3.396739e+00  6.944688e+00  1.671886e+01  2.552982e+01  4.625059e+01 
 3.444087e+00  6.814605e+00  1.633296e+01  2.489501e+01  4.509631e+01 
 3.492096e+00  6.685627e+00  1.596173e+01  2.430015e+01  4.399063e+01 
 3.540774e+00  6.554252e+00  1.559730e+01  2.371153e+01  4.289513e+01 
 3.590130e+00  6.431038e+00  1.523548e+01  2.312878e+01  4.183768e+01 
 3.640175e+00  6.309129e+00  1.488564e+01  2.257352e+01  4.080152e+01 
 3.690917e+00  6.186479e+00  1.454686e+01  2.201332e+01  3.978145e+01 
 3.742366e+00  6.067374e+00  1.420232e+01  2.147867e+01  3.880533e+01 
 3.794533e+00  5.950995e+00  1.387541e+01  2.095467e+01  3.783678e+01 
 3.847427e+00  5.834232e+00  1.354740e+01  2.043554e+01  3.690081e+01 
 3.901058e+00  5.716843e+00  1.322808e+01  1.993195e+01  3.596778e+01 
 3.955436e+00  5.606089e+00  1.291241e+01  1.942561e+01  3.505263e+01 
 4.010573e+00  5.490346e+00  1.260074e+01  1.894373e+01  3.417426e+01 
 4.066478e+00  5.378609e+00  1.229254e+01  1.846148e+01  3.329837e+01 
 4.123163e+00  5.267769e+00  1.199660e+01  1.799352e+01  3.244639e+01 
 4.180637e+00  5.160228e+00  1.170556e+01  1.753933e+01  3.161406e+01 
 4.238913e+00  5.053548e+00  1.141655e+01  1.709117e+01  3.081033e+01 
 4.298001e+00  4.946808e+00  1.113646e+01  1.665806e+01  3.001994e+01 
 4.357913e+00  4.846260e+00  1.086223e+01  1.623528e+01  2.925935e+01 
 4.418660e+00  4.744844e+00  1.059875e+01  1.582262e+01  2.851917e+01 
 4.480254e+00  4.644575e+00  1.033763e+01  1.542136e+01  2.779448e+01 
 4.542706e+00  4.548573e+00  1.008233e+01  1.502942e+01  2.708885e+01 
 4.606029e+00  4.452445e+00  9.836781e+00  1.465069e+01  2.640825e+01 
 4.670234e+00  4.358145e+00  9.595239e+00  1.428403e+01  2.574396e+01 
 4.735335e+00  4.265867e+00  9.359782e+00  1.392194e+01  2.509011e+01 
 4.801343e+00  4.176224e+00  9.129592e+00  1.356903e+01  2.444969e+01 
 4.868271e+00  4.085748e+00  8.901073e+00  1.322056e+01  2.382331e+01 
 4.936132e+00  3.996745e+00  8.676853e+00  1.288038e+01  2.321067e+01 
 5.004939e+00  3.908567e+00  8.458318e+00  1.254751e+01  2.261004e+01 
 5.074705e+00  3.821238e+00  8.243727e+00  1.222086e+01  2.202584e+01 
 5.145444e+00  3.736902e+00  8.034123e+00  1.190333e+01  2.145539e+01 
 5.217169e+00  3.652481e+00  7.828500e+00  1.159267e+01  2.089197e+01 
 5.289893e+00  3.571501e+00  7.629570e+00  1.129431e+01  2.035390e+01 
 5.363631e+00  3.490315e+00  7.435216e+00  1.099892e+01  1.982403e+01 
 5.438397e+00  3.412098e+00  7.245306e+00  1.071409e+01  1.930874e+01 
 5.514206e+00  3.335177e+00  7.061217e+00  1.043708e+01  1.881072e+01 
 5.591071e+00  3.259123e+00  6.882407e+00  1.016706e+01  1.832480e+01 
 5.669007e+00  3.186422e+00  6.707809e+00  9.906179e+00  1.785530e+01 
 5.748030e+00  3.114329e+00  6.538257e+00  9.650556e+00  1.739387e+01 
 5.828155e+00  3.043665e+00  6.373116e+00  9.403275e+00  1.694673e+01 
 5.909396e+00  2.974472e+00  6.211408e+00  9.161404e+00  1.651139e+01 
 5.991770e+00  2.906085e+00  6.052902e+00  8.923967e+00  1.608435e+01 
 6.075292e+00  2.838983e+00  5.898426e+00  8.692739e+00  1.566455e+01 
 6.159978e+00  2.772836e+00  5.746303e+00  8.465649e+00  1.525542e+01 
 6.245845e+00  2.707790e+00  5.597973e+00  8.244005e+00  1.485461e+01 
 6.332908e+00  2.643725e+00  5.452139e+00  8.026978e+00  1.446177e+01 
 6.421186e+00  2.581236e+00  5.310599e+00  7.815033e+00  1.407914e+01 
 6.510694e+00  2.519706e+00  5.172306e+00  7.609197e+00  1.370665e+01 
 6.601449e+00  2.460051e+00  5.038042e+00  7.408804e+00  1.334390e+01 
 6.693470e+00  2.401202e+00  4.906810e+00  7.213201e+00  1.299042e+01 
 6.786773e+00  2.344084e+00  4.779539e+00  7.023309e+00  1.264766e+01 
 6.881377e+00  2.288582e+00  4.656005e+00  6.839319e+00  1.231343e+01 
 6.977300e+00  2.234188e+00  4.536268e+00  6.661424e+00  1.198952e+01 
 7.074559e+00  2.181604e+00  4.419525e+00  6.487362e+00  1.167402e+01 
 7.173175e+00  2.129862e+00  4.306359e+00  6.318449e+00  1.136827e+01 
 7.273165e+00  2.079645e+00  4.196165e+00  6.154831e+00  1.107019e+01 
 7.374549e+00  2.030253e+00  4.088329e+00  5.994434e+00  1.078017e+01 
 7.477346e+00  1.981791e+00  3.983475e+00  5.838675e+00  1.049575e+01 
 7.581576e+00  1.934482e+00  3.880115e+00  5.685224e+00  1.021734e+01 
 7.687260e+00  1.887796e+00  3.779573e+00  5.535531e+00  9.945866e+00 
 7.794416e+00  1.842129e+00  3.681266e+00  5.388780e+00  9.679561e+00 
 7.903066e+00  1.797445e+00  3.584732e+00  5.245289e+00  9.418974e+00 
 8.013230e+00  1.753731e+00  3.491263e+00  5.106603e+00  9.165860e+00 
 8.124930e+00  1.710939e+00  3.400060e+00  4.970912e+00  8.919014e+00 
 8.238187e+00  1.669446e+00  3.311155e+00  4.838689e+00  8.678805e+00 
 8.353023e+00  1.628853e+00  3.224896e+00  4.710556e+00  8.445209e+00 
 8.469460e+00  1.589466e+00  3.141272e+00  4.586276e+00  8.218652e+00 
 8.587519e+00  1.551217e+00  3.059893e+00  4.465285e+00  7.998573e+00 
 8.707225e+00  1.513988e+00  2.980851e+00  4.348185e+00  7.784953e+00 
 8.828599e+00  1.477816e+00  2.904528e+00  4.234526e+00  7.577391e+00 
 8.951665e+00  1.442488e+00  2.830356e+00  4.124036e+00  7.376344e+00 
 9.076446e+00  1.408243e+00  2.758145e+00  4.016930e+00  7.180857e+00 
 9.202967e+00  1.374762e+00  2.687802e+00  3.912611e+00  6.990044e+00 
 9.331251e+00  1.341989e+00  2.619008e+00  3.810341e+00  6.803825e+00 
 9.461324e+00  0.000000e+00  0.000000e+00  0.000000e+00  0.000000e+00 
 9.593209e+00  0.000000e+00  0.000000e+00  0.000000e+00  0.000000e+00 
 9.726934e+00  0.000000e+00  0.000000e+00  0.000000e+00  0.000000e+00 
 9.862522e+00  0.000000e+00  0.000000e+00  0.000000e+00  0.000000e+00 
 1.000000e+01  0.000000e+00  0.000000e+00  0.000000e+00  0.000000e+00 
