 1.000000e-02  5.560865e+03  1.004737e+04  1.351637e+04  2.000089e+04 
 1.013939e-02  5.588659e+03  1.009735e+04  1.358345e+04  2.009990e+04 
 1.028073e-02  5.615919e+03  1.014634e+04  1.364922e+04  2.019694e+04 
 1.042404e-02  5.642622e+03  1.019439e+04  1.371370e+04  2.029198e+04 
 1.056935e-02  5.668752e+03  1.024142e+04  1.377682e+04  2.038498e+04 
 1.071668e-02  5.694302e+03  1.028741e+04  1.383854e+04  2.047591e+04 
 1.086606e-02  5.719254e+03  1.033233e+04  1.389882e+04  2.056474e+04 
 1.101753e-02  5.743579e+03  1.037608e+04  1.395754e+04  2.065120e+04 
 1.117111e-02  5.767231e+03  1.041861e+04  1.401457e+04  2.073513e+04 
 1.132683e-02  5.790200e+03  1.045990e+04  1.406996e+04  2.081663e+04 
 1.148472e-02  5.812433e+03  1.049986e+04  1.412354e+04  2.089561e+04 
 1.164481e-02  5.834008e+03  1.053861e+04  1.417551e+04  2.097225e+04 
 1.180713e-02  5.855120e+03  1.057653e+04  1.422634e+04  2.104714e+04 
 1.197171e-02  5.875626e+03  1.061336e+04  1.427566e+04  2.111965e+04 
 1.213859e-02  5.895254e+03  1.064859e+04  1.432284e+04  2.118892e+04 
 1.230780e-02  5.913945e+03  1.068211e+04  1.436774e+04  2.125493e+04 
 1.247936e-02  5.931659e+03  1.071387e+04  1.441027e+04  2.131747e+04 
 1.265332e-02  5.948431e+03  1.074394e+04  1.445049e+04  2.137671e+04 
 1.282970e-02  5.964396e+03  1.077253e+04  1.448878e+04  2.143304e+04 
 1.300854e-02  5.979535e+03  1.079964e+04  1.452502e+04  2.148632e+04 
 1.318987e-02  5.993766e+03  1.082511e+04  1.455903e+04  2.153616e+04 
 1.337373e-02  6.007052e+03  1.084884e+04  1.459076e+04  2.158260e+04 
 1.356015e-02  6.019381e+03  1.087086e+04  1.462018e+04  2.162567e+04 
 1.374917e-02  6.030728e+03  1.089109e+04  1.464721e+04  2.166528e+04 
 1.394083e-02  6.041075e+03  1.090952e+04  1.467179e+04  2.170128e+04 
 1.413516e-02  6.050419e+03  1.092613e+04  1.469389e+04  2.173356e+04 
 1.433219e-02  6.058782e+03  1.094096e+04  1.471363e+04  2.176225e+04 
 1.453198e-02  6.066069e+03  1.095387e+04  1.473072e+04  2.178707e+04 
 1.473454e-02  6.072194e+03  1.096466e+04  1.474497e+04  2.180777e+04 
 1.493993e-02  6.077154e+03  1.097335e+04  1.475646e+04  2.182435e+04 
 1.514819e-02  6.080914e+03  1.097990e+04  1.476511e+04  2.183677e+04 
 1.535935e-02  6.083520e+03  1.098436e+04  1.477094e+04  2.184508e+04 
 1.557345e-02  6.085113e+03  1.098698e+04  1.477430e+04  2.184962e+04 
 1.579053e-02  6.085641e+03  1.098767e+04  1.477505e+04  2.185023e+04 
 1.601064e-02  6.084952e+03  1.098618e+04  1.477286e+04  2.184647e+04 
 1.623382e-02  6.083027e+03  1.098244e+04  1.476766e+04  2.183828e+04 
 1.646012e-02  6.079852e+03  1.097647e+04  1.475944e+04  2.182566e+04 
 1.668956e-02  6.075446e+03  1.096825e+04  1.474819e+04  2.180864e+04 
 1.692220e-02  6.069790e+03  1.095777e+04  1.473389e+04  2.178713e+04 
 1.715809e-02  6.062841e+03  1.094495e+04  1.471646e+04  2.176102e+04 
 1.739726e-02  6.054585e+03  1.092977e+04  1.469584e+04  2.173018e+04 
 1.763977e-02  6.045019e+03  1.091221e+04  1.467204e+04  2.169464e+04 
 1.788566e-02  6.034140e+03  1.089230e+04  1.464505e+04  2.165434e+04 
 1.813498e-02  6.021956e+03  1.087002e+04  1.461490e+04  2.160932e+04 
 1.838777e-02  6.008477e+03  1.084543e+04  1.458163e+04  2.155970e+04 
 1.864409e-02  5.993656e+03  1.081840e+04  1.454510e+04  2.150528e+04 
 1.890397e-02  5.977407e+03  1.078881e+04  1.450511e+04  2.144582e+04 
 1.916748e-02  5.959742e+03  1.075664e+04  1.446165e+04  2.138130e+04 
 1.943467e-02  5.940681e+03  1.072196e+04  1.441482e+04  2.131179e+04 
 1.970558e-02  5.920254e+03  1.068480e+04  1.436466e+04  2.123736e+04 
 1.998026e-02  5.898444e+03  1.064513e+04  1.431112e+04  2.115798e+04 
 2.025878e-02  5.875242e+03  1.060296e+04  1.425423e+04  2.107349e+04 
 2.054117e-02  5.850632e+03  1.055828e+04  1.419394e+04  2.098395e+04 
 2.082751e-02  5.824630e+03  1.051105e+04  1.413026e+04  2.088949e+04 
 2.111783e-02  5.797222e+03  1.046130e+04  1.406319e+04  2.079005e+04 
 2.141220e-02  5.768494e+03  1.040914e+04  1.399283e+04  2.068563e+04 
 2.171068e-02  5.738936e+03  1.035527e+04  1.391999e+04  2.057697e+04 
 2.201331e-02  5.707986e+03  1.029891e+04  1.384377e+04  2.046330e+04 
 2.232016e-02  5.675686e+03  1.024011e+04  1.376428e+04  2.034480e+04 
 2.263130e-02  5.642063e+03  1.017890e+04  1.368155e+04  2.022155e+04 
 2.294676e-02  5.607104e+03  1.011527e+04  1.359560e+04  2.009352e+04 
 2.326663e-02  5.570794e+03  1.004922e+04  1.350636e+04  1.996068e+04 
 2.359095e-02  5.533142e+03  9.980754e+03  1.341388e+04  1.982308e+04 
 2.391980e-02  5.494195e+03  9.909968e+03  1.331831e+04  1.968087e+04 
 2.425323e-02  5.453984e+03  9.836891e+03  1.321965e+04  1.953413e+04 
 2.459130e-02  5.412518e+03  9.761543e+03  1.311794e+04  1.938290e+04 
 2.493409e-02  5.369839e+03  9.684003e+03  1.301328e+04  1.922733e+04 
 2.528166e-02  5.325976e+03  9.604329e+03  1.290578e+04  1.906756e+04 
 2.563407e-02  5.280949e+03  9.522571e+03  1.279546e+04  1.890365e+04 
 2.599140e-02  5.234784e+03  9.438778e+03  1.268242e+04  1.873574e+04 
 2.635371e-02  5.187516e+03  9.352997e+03  1.256672e+04  1.856391e+04 
 2.672106e-02  5.139187e+03  9.265300e+03  1.244843e+04  1.838830e+04 
 2.709354e-02  5.089839e+03  9.175772e+03  1.232769e+04  1.820903e+04 
 2.747121e-02  5.039519e+03  9.084498e+03  1.220462e+04  1.802634e+04 
 2.785414e-02  4.988226e+03  8.991500e+03  1.207926e+04  1.784029e+04 
 2.824241e-02  4.935756e+03  8.896497e+03  1.195132e+04  1.765073e+04 
 2.863610e-02  4.882467e+03  8.800028e+03  1.182141e+04  1.745829e+04 
 2.903527e-02  4.828404e+03  8.702168e+03  1.168963e+04  1.726310e+04 
 2.944000e-02  4.773627e+03  8.603023e+03  1.155613e+04  1.706537e+04 
 2.985038e-02  4.718196e+03  8.502690e+03  1.142106e+04  1.686533e+04 
 3.026648e-02  4.662185e+03  8.401321e+03  1.128458e+04  1.666319e+04 
 3.068838e-02  4.605649e+03  8.299013e+03  1.114687e+04  1.645924e+04 
 3.111616e-02  4.548662e+03  8.195896e+03  1.100805e+04  1.625366e+04 
 3.154990e-02  4.491279e+03  8.092069e+03  1.086829e+04  1.604672e+04 
 3.198969e-02  4.433570e+03  7.987655e+03  1.072775e+04  1.583864e+04 
 3.243561e-02  4.375598e+03  7.882782e+03  1.058658e+04  1.562966e+04 
 3.288774e-02  4.317446e+03  7.777578e+03  1.044500e+04  1.542004e+04 
 3.334618e-02  4.259180e+03  7.672195e+03  1.030317e+04  1.521004e+04 
 3.381101e-02  4.200877e+03  7.566752e+03  1.016126e+04  1.499992e+04 
 3.428231e-02  4.142611e+03  7.461372e+03  1.001945e+04  1.478994e+04 
 3.476019e-02  4.084281e+03  7.356190e+03  9.878218e+03  1.458181e+04 
 3.524473e-02  4.026126e+03  7.251334e+03  9.737444e+03  1.437437e+04 
 3.573602e-02  3.968237e+03  7.146959e+03  9.597307e+03  1.416787e+04 
 3.623416e-02  3.910681e+03  7.043191e+03  9.457988e+03  1.396253e+04 
 3.673925e-02  3.853535e+03  6.940157e+03  9.319644e+03  1.375862e+04 
 3.725137e-02  3.796870e+03  6.837997e+03  9.182475e+03  1.355640e+04 
 3.777064e-02  3.740760e+03  6.736836e+03  9.046660e+03  1.335614e+04 
 3.829714e-02  3.685278e+03  6.636811e+03  8.912361e+03  1.315813e+04 
 3.883098e-02  3.630487e+03  6.538027e+03  8.779727e+03  1.296259e+04 
 3.937226e-02  3.576455e+03  6.440611e+03  8.648930e+03  1.276974e+04 
 3.992109e-02  3.523248e+03  6.344675e+03  8.520111e+03  1.257982e+04 
 4.047757e-02  3.470926e+03  6.250297e+03  8.393359e+03  1.239281e+04 
 4.104181e-02  3.419389e+03  6.156820e+03  8.267218e+03  1.220509e+04 
 4.161391e-02  3.368860e+03  6.065160e+03  8.143541e+03  1.202099e+04 
 4.219398e-02  3.319389e+03  5.975416e+03  8.022439e+03  1.184071e+04 
 4.278214e-02  3.271019e+03  5.887663e+03  7.904018e+03  1.166441e+04 
 4.337850e-02  3.223792e+03  5.801981e+03  7.788389e+03  1.149223e+04 
 4.398317e-02  3.177751e+03  5.718443e+03  7.675635e+03  1.132430e+04 
 4.459628e-02  3.132926e+03  5.637103e+03  7.565842e+03  1.116074e+04 
 4.521792e-02  3.089349e+03  5.558024e+03  7.459094e+03  1.100168e+04 
 4.584824e-02  3.047039e+03  5.481242e+03  7.355431e+03  1.084717e+04 
 4.648734e-02  3.006021e+03  5.406798e+03  7.254898e+03  1.069730e+04 
 4.713535e-02  2.966392e+03  5.335540e+03  7.159345e+03  1.055666e+04 
 4.779239e-02  2.928129e+03  5.267133e+03  7.068031e+03  1.042337e+04 
 4.845859e-02  2.891170e+03  5.201039e+03  6.979843e+03  1.029465e+04 
 4.913407e-02  2.855507e+03  5.137265e+03  6.894751e+03  1.017049e+04 
 4.981898e-02  2.821113e+03  5.075787e+03  6.812725e+03  1.005083e+04 
 5.051342e-02  2.787960e+03  5.016558e+03  6.733713e+03  9.935605e+03 
 5.121755e-02  2.756025e+03  4.959517e+03  6.657636e+03  9.824681e+03 
 5.193150e-02  2.725266e+03  4.904594e+03  6.584407e+03  9.717926e+03 
 5.265540e-02  2.695644e+03  4.851705e+03  6.513896e+03  9.615194e+03 
 5.338938e-02  2.666893e+03  4.799967e+03  6.444482e+03  9.512969e+03 
 5.413360e-02  2.638913e+03  4.749123e+03  6.375773e+03  9.410464e+03 
 5.488820e-02  2.611895e+03  4.700027e+03  6.309410e+03  9.311436e+03 
 5.565331e-02  2.585731e+03  4.652469e+03  6.245135e+03  9.215494e+03 
 5.642908e-02  2.560278e+03  4.606204e+03  6.182594e+03  9.122117e+03 
 5.721568e-02  2.535460e+03  4.561089e+03  6.121604e+03  9.031025e+03 
 5.801323e-02  2.511369e+03  4.517286e+03  6.062380e+03  8.942541e+03 
 5.882190e-02  2.488101e+03  4.474965e+03  6.005142e+03  8.857027e+03 
 5.964185e-02  2.465606e+03  4.434316e+03  5.950445e+03  8.776055e+03 
 6.047322e-02  2.443796e+03  4.395668e+03  5.899234e+03  8.702364e+03 
 6.131619e-02  2.421837e+03  4.356754e+03  5.847666e+03  8.628142e+03 
 6.217090e-02  2.399513e+03  4.317184e+03  5.795213e+03  8.552589e+03 
 6.303753e-02  2.376840e+03  4.276979e+03  5.741909e+03  8.475779e+03 
 6.391624e-02  2.353854e+03  4.236211e+03  5.687835e+03  8.397831e+03 
 6.480720e-02  2.330526e+03  4.194815e+03  5.632912e+03  8.318640e+03 
 6.571058e-02  2.306702e+03  4.152525e+03  5.576771e+03  8.237649e+03 
 6.662655e-02  2.281154e+03  4.105429e+03  5.512407e+03  8.139630e+03 
 6.755528e-02  2.254749e+03  4.056741e+03  5.445854e+03  8.038254e+03 
 6.849697e-02  2.227421e+03  4.006407e+03  5.377107e+03  7.933657e+03 
 6.945178e-02  2.199085e+03  3.954269e+03  5.305948e+03  7.825529e+03 
 7.041990e-02  2.169658e+03  3.900182e+03  5.232188e+03  7.713598e+03 
 7.140151e-02  2.139074e+03  3.844018e+03  5.155658e+03  7.597611e+03 
 7.239681e-02  2.107539e+03  3.786414e+03  5.077511e+03  7.480265e+03 
 7.340598e-02  2.075064e+03  3.727436e+03  4.997894e+03  7.361962e+03 
 7.442922e-02  2.041304e+03  3.666143e+03  4.915179e+03  7.239104e+03 
 7.546673e-02  2.006247e+03  3.602534e+03  4.829356e+03  7.111675e+03 
 7.651869e-02  1.969922e+03  3.536649e+03  4.740502e+03  6.979789e+03 
 7.758532e-02  1.932378e+03  3.468577e+03  4.648720e+03  6.843602e+03 
 7.866682e-02  1.894443e+03  3.400810e+03  4.558347e+03  6.711980e+03 
 7.976339e-02  1.856677e+03  3.334961e+03  4.472151e+03  6.590522e+03 
 8.087525e-02  1.817894e+03  3.267223e+03  4.383364e+03  6.465062e+03 
 8.200261e-02  1.778232e+03  3.197838e+03  4.292287e+03  6.336040e+03 
 8.314568e-02  1.737852e+03  3.127080e+03  4.199295e+03  6.203987e+03 
 8.430468e-02  1.696928e+03  3.055263e+03  4.104785e+03  6.069493e+03 
 8.547985e-02  1.654996e+03  2.980568e+03  4.005394e+03  5.925300e+03 
 8.667139e-02  1.612628e+03  2.904577e+03  3.903781e+03  5.776637e+03 
 8.787954e-02  1.570350e+03  2.828718e+03  3.802334e+03  5.628132e+03 
 8.910453e-02  1.528382e+03  2.753417e+03  3.701601e+03  5.480597e+03 
 9.034660e-02  1.486949e+03  2.679059e+03  3.602116e+03  5.334819e+03 
 9.160598e-02  1.446895e+03  2.608008e+03  3.507843e+03  5.198540e+03 
 9.288292e-02  1.408346e+03  2.540398e+03  3.418870e+03  5.071622e+03 
 9.417766e-02  1.370922e+03  2.474736e+03  3.332435e+03  4.948233e+03 
 9.549045e-02  1.334820e+03  2.411385e+03  3.249025e+03  4.829119e+03 
 9.682153e-02  1.300210e+03  2.350663e+03  3.169074e+03  4.714923e+03 
 9.817117e-02  1.267491e+03  2.293647e+03  3.094366e+03  4.609084e+03 
 9.953962e-02  1.236638e+03  2.240060e+03  3.024319e+03  4.510246e+03 
 1.009272e-01  1.207677e+03  2.189816e+03  2.958710e+03  4.417795e+03 
 1.023340e-01  1.180672e+03  2.143049e+03  2.897727e+03  4.332047e+03 
 1.037605e-01  1.155087e+03  2.098132e+03  2.838582e+03  4.247483e+03 
 1.052069e-01  1.129388e+03  2.050453e+03  2.773378e+03  4.148585e+03 
 1.066734e-01  1.105764e+03  2.006606e+03  2.713355e+03  4.057470e+03 
 1.081604e-01  1.084157e+03  1.966457e+03  2.658360e+03  3.973898e+03 
 1.096681e-01  1.064468e+03  1.929811e+03  2.608143e+03  3.897492e+03 
 1.111968e-01  1.046675e+03  1.896841e+03  2.562953e+03  3.828297e+03 
 1.127468e-01  1.030482e+03  1.866841e+03  2.521783e+03  3.765126e+03 
 1.143184e-01  1.015696e+03  1.839439e+03  2.484134e+03  3.707252e+03 
 1.159120e-01  1.002097e+03  1.814207e+03  2.449440e+03  3.653801e+03 
 1.175277e-01  9.900969e+02  1.792510e+03  2.420059e+03  3.609238e+03 
 1.191660e-01  9.788161e+02  1.772195e+03  2.392582e+03  3.567632e+03 
 1.208271e-01  9.679098e+02  1.752600e+03  2.366056e+03  3.527492e+03 
 1.225114e-01  9.570569e+02  1.733088e+03  2.339642e+03  3.487556e+03 
 1.242191e-01  9.456319e+02  1.712250e+03  2.311383e+03  3.445177e+03 
 1.259506e-01  9.337354e+02  1.690546e+03  2.281971e+03  3.401124e+03 
 1.277063e-01  9.211167e+02  1.667554e+03  2.250795e+03  3.354471e+03 
 1.294865e-01  9.078728e+02  1.643639e+03  2.218426e+03  3.305929e+03 
 1.312915e-01  8.938573e+02  1.618538e+03  2.184557e+03  3.255033e+03 
 1.331216e-01  8.785660e+02  1.591116e+03  2.147558e+03  3.199477e+03 
 1.349772e-01  8.619390e+02  1.561304e+03  2.107357e+03  3.139273e+03 
 1.368587e-01  8.450034e+02  1.532601e+03  2.070529e+03  3.089380e+03 
 1.387665e-01  8.266975e+02  1.501321e+03  2.030171e+03  3.034060e+03 
 1.407008e-01  8.071222e+02  1.467647e+03  1.986510e+03  2.973627e+03 
 1.426621e-01  7.873249e+02  1.434001e+03  1.942915e+03  2.912625e+03 
 1.446507e-01  7.669016e+02  1.399247e+03  1.897754e+03  2.848943e+03 
 1.466671e-01  7.458082e+02  1.363139e+03  1.850637e+03  2.782117e+03 
 1.487115e-01  7.227088e+02  1.321793e+03  1.795351e+03  2.701453e+03 
 1.507845e-01  6.985506e+02  1.277448e+03  1.735320e+03  2.612641e+03 
 1.528864e-01  6.748146e+02  1.233862e+03  1.676305e+03  2.525235e+03 
 1.550175e-01  6.534206e+02  1.196234e+03  1.626663e+03  2.454413e+03 
 1.571784e-01  6.340980e+02  1.163482e+03  1.584462e+03  2.396402e+03 
 1.593694e-01  6.159210e+02  1.132676e+03  1.544794e+03  2.341859e+03 
 1.615909e-01  5.995226e+02  1.105266e+03  1.509721e+03  2.293835e+03 
 1.638434e-01  5.848080e+02  1.080931e+03  1.478766e+03  2.251717e+03 
 1.661273e-01  5.716915e+02  1.059421e+03  1.451562e+03  2.215059e+03 
 1.684430e-01  5.574176e+02  1.033321e+03  1.416437e+03  2.163865e+03 
 1.707910e-01  5.444719e+02  1.009378e+03  1.384061e+03  2.116488e+03 
 1.731717e-01  5.334763e+02  9.893260e+02  1.357113e+03  2.077290e+03 
 1.755856e-01  5.253934e+02  9.757733e+02  1.339542e+03  2.052100e+03 
 1.780332e-01  5.184094e+02  9.642516e+02  1.324740e+03  2.031148e+03 
 1.805149e-01  5.107150e+02  9.495636e+02  1.304055e+03  1.998183e+03 
 1.830312e-01  5.026258e+02  9.330642e+02  1.279980e+03  1.958278e+03 
 1.855825e-01  4.948035e+02  9.172911e+02  1.257162e+03  1.920916e+03 
 1.881694e-01  4.872224e+02  9.031654e+02  1.238022e+03  1.892566e+03 
 1.907924e-01  4.792191e+02  8.882744e+02  1.217848e+03  1.862654e+03 
 1.934520e-01  4.701982e+02  8.714426e+02  1.195170e+03  1.830014e+03 
 1.961486e-01  4.602244e+02  8.528289e+02  1.170102e+03  1.794099e+03 
 1.988828e-01  4.503567e+02  8.350882e+02  1.146484e+03  1.760215e+03 
 2.016551e-01  4.410415e+02  8.193299e+02  1.125933e+03  1.730778e+03 
 2.044661e-01  4.306644e+02  8.013702e+02  1.102201e+03  1.696194e+03 
 2.073162e-01  4.189116e+02  7.797780e+02  1.072642e+03  1.651374e+03 
 2.102061e-01  4.065938e+02  7.571017e+02  1.041588e+03  1.604222e+03 
 2.131362e-01  3.972217e+02  7.435901e+02  1.025796e+03  1.584434e+03 
 2.161073e-01  3.879082e+02  7.301903e+02  1.010164e+03  1.564887e+03 
 2.191197e-01  3.763692e+02  7.106291e+02  9.851974e+02  1.531542e+03 
 2.221741e-01  3.648346e+02  6.905384e+02  9.592235e+02  1.496528e+03 
 2.252711e-01  3.545179e+02  6.731020e+02  9.371115e+02  1.467261e+03 
 2.284112e-01  3.453141e+02  6.578091e+02  9.179578e+02  1.442332e+03 
 2.315951e-01  3.373312e+02  6.439402e+02  8.994981e+02  1.414790e+03 
 2.348235e-01  3.305089e+02  6.319451e+02  8.831902e+02  1.389313e+03 
 2.380968e-01  3.228908e+02  6.172093e+02  8.626076e+02  1.357738e+03 
 2.414157e-01  3.156876e+02  6.029724e+02  8.426118e+02  1.327218e+03 
 2.447809e-01  3.087084e+02  5.894734e+02  8.240119e+02  1.298899e+03 
 2.481930e-01  3.021972e+02  5.769605e+02  8.068358e+02  1.272785e+03 
 2.516527e-01  2.984070e+02  5.706235e+02  7.982929e+02  1.259414e+03 
 2.551606e-01  2.937010e+02  5.622037e+02  7.868186e+02  1.241900e+03 
 2.587174e-01  2.862641e+02  5.474854e+02  7.664579e+02  1.211859e+03 
 2.623238e-01  2.798708e+02  5.357803e+02  7.507234e+02  1.189101e+03 
 2.659804e-01  2.745687e+02  5.272514e+02  7.398688e+02  1.174006e+03 
 2.696881e-01  2.674227e+02  5.144772e+02  7.228623e+02  1.148912e+03 
 2.734474e-01  2.595470e+02  5.001158e+02  7.035924e+02  1.120226e+03 
 2.772591e-01  2.533948e+02  4.902412e+02  6.914453e+02  1.104864e+03 
 2.811239e-01  2.468622e+02  4.791588e+02  6.774461e+02  1.087215e+03 
 2.850426e-01  2.401010e+02  4.670280e+02  6.617890e+02  1.067906e+03 
 2.890160e-01  2.338705e+02  4.566523e+02  6.485662e+02  1.049378e+03 
 2.930447e-01  2.281114e+02  4.468857e+02  6.356400e+02  1.029624e+03 
 2.971296e-01  2.227894e+02  4.366477e+02  6.204629e+02  1.003496e+03 
 3.012714e-01  2.180770e+02  4.285749e+02  6.098394e+02  9.879301e+02 
 3.054710e-01  2.136020e+02  4.211387e+02  6.005966e+02  9.758576e+02 
 3.097291e-01  2.083812e+02  4.114715e+02  5.878178e+02  9.581684e+02 
 3.140465e-01  2.037119e+02  4.021510e+02  5.744609e+02  9.363398e+02 
 3.184242e-01  1.995715e+02  3.939983e+02  5.627623e+02  9.171593e+02 
 3.228628e-01  1.962140e+02  3.883951e+02  5.556853e+02  9.083849e+02 
 3.273634e-01  1.915139e+02  3.790962e+02  5.424066e+02  8.872633e+02 
 3.319266e-01  1.865467e+02  3.696247e+02  5.294098e+02  8.678843e+02 
 3.365535e-01  1.816787e+02  3.610665e+02  5.184619e+02  8.533602e+02 
 3.412449e-01  1.781612e+02  3.564221e+02  5.130092e+02  8.448472e+02 
 3.460016e-01  1.743006e+02  3.502195e+02  5.050875e+02  8.337847e+02 
 3.508247e-01  1.704876e+02  3.435385e+02  4.962243e+02  8.208663e+02 
 3.557150e-01  1.667925e+02  3.367998e+02  4.871377e+02  8.069677e+02 
 3.606735e-01  1.626176e+02  3.294569e+02  4.775580e+02  7.936324e+02 
 3.657011e-01  1.577745e+02  3.203861e+02  4.652022e+02  7.764260e+02 
 3.707988e-01  1.539017e+02  3.130206e+02  4.551836e+02  7.616416e+02 
 3.759675e-01  1.504279e+02  3.064247e+02  4.461610e+02  7.481612e+02 
 3.812083e-01  1.469298e+02  3.001440e+02  4.377052e+02  7.357785e+02 
 3.865221e-01  1.440015e+02  2.958761e+02  4.327974e+02  7.279020e+02 
 3.919100e-01  1.409408e+02  2.889185e+02  4.222805e+02  7.133048e+02 
 3.973730e-01  1.374983e+02  2.831884e+02  4.151252e+02  7.021221e+02 
 4.029122e-01  1.346431e+02  2.787463e+02  4.090436e+02  6.911819e+02 
 4.085286e-01  1.317640e+02  2.727474e+02  4.004951e+02  6.789069e+02 
 4.142232e-01  1.283192e+02  2.658465e+02  3.913556e+02  6.673673e+02 
 4.199973e-01  1.249409e+02  2.600622e+02  3.840295e+02  6.567355e+02 
 4.258518e-01  1.222090e+02  2.550852e+02  3.770449e+02  6.448997e+02 
 4.317880e-01  1.193308e+02  2.495898e+02  3.690011e+02  6.325124e+02 
 4.378069e-01  1.168231e+02  2.446494e+02  3.619744e+02  6.210208e+02 
 4.439097e-01  1.147458e+02  2.414641e+02  3.581618e+02  6.172381e+02 
 4.500975e-01  1.115930e+02  2.356680e+02  3.503140e+02  6.057694e+02 
 4.563716e-01  1.089279e+02  2.302484e+02  3.425146e+02  5.921310e+02 
 4.627332e-01  1.071790e+02  2.278641e+02  3.399606e+02  5.896883e+02 
 4.691835e-01  1.043602e+02  2.223667e+02  3.321611e+02  5.768391e+02 
 4.757236e-01  1.023031e+02  2.183833e+02  3.266962e+02  5.684717e+02 
 4.823549e-01  9.952256e+01  2.128305e+02  3.188883e+02  5.577510e+02 
 4.890787e-01  9.729024e+01  2.085378e+02  3.131163e+02  5.488268e+02 
 4.958962e-01  9.559056e+01  2.053100e+02  3.081804e+02  5.398749e+02 
 5.028087e-01  9.334308e+01  2.014845e+02  3.030558e+02  5.324118e+02 
 5.098176e-01  9.152686e+01  1.981904e+02  2.983709e+02  5.234857e+02 
 5.169242e-01  8.985282e+01  1.950904e+02  2.942026e+02  5.178736e+02 
 5.241298e-01  8.685708e+01  1.900012e+02  2.879530e+02  5.101901e+02 
 5.314359e-01  8.526514e+01  1.876196e+02  2.847720e+02  5.050427e+02 
 5.388438e-01  8.339694e+01  1.834681e+02  2.785983e+02  4.956593e+02 
 5.463550e-01  8.181376e+01  1.804379e+02  2.741462e+02  4.882666e+02 
 5.539709e-01  7.953176e+01  1.764100e+02  2.690373e+02  4.805243e+02 
 5.616930e-01  7.803709e+01  1.735620e+02  2.650362e+02  4.745567e+02 
 5.695227e-01  7.641752e+01  1.709051e+02  2.617684e+02  4.681064e+02 
 5.774615e-01  7.462947e+01  1.668701e+02  2.557831e+02  4.594774e+02 
 5.855110e-01  7.322798e+01  1.643518e+02  2.520123e+02  4.530655e+02 
 5.936727e-01  7.147514e+01  1.604066e+02  2.464833e+02  4.448446e+02 
 6.019482e-01  7.017658e+01  1.584066e+02  2.433683e+02  4.391618e+02 
 6.103390e-01  6.843660e+01  1.554471e+02  2.395836e+02  4.327131e+02 
 6.188468e-01  6.686228e+01  1.527967e+02  2.370737e+02  4.308900e+02 
 6.274732e-01  6.567346e+01  1.498674e+02  2.320992e+02  4.227326e+02 
 6.362198e-01  6.427329e+01  1.475177e+02  2.287601e+02  4.164066e+02 
 6.450884e-01  6.270583e+01  1.447123e+02  2.249113e+02  4.098924e+02 
 6.540806e-01  6.136327e+01  1.415728e+02  2.201943e+02  4.030040e+02 
 6.631981e-01  5.994667e+01  1.393124e+02  2.177369e+02  3.990047e+02 
 6.724427e-01  5.875903e+01  1.368366e+02  2.142886e+02  3.947161e+02 
 6.818162e-01  5.743236e+01  1.343312e+02  2.100191e+02  3.868800e+02 
 6.913204e-01  5.615413e+01  1.317790e+02  2.067410e+02  3.815001e+02 
 7.009570e-01  5.531125e+01  1.297670e+02  2.037843e+02  3.765397e+02 
 7.107280e-01  5.383032e+01  1.274744e+02  2.006650e+02  3.706165e+02 
 7.206351e-01  5.294497e+01  1.254369e+02  1.979263e+02  3.672787e+02 
 7.306804e-01  5.180996e+01  1.234621e+02  1.947472e+02  3.607545e+02 
 7.408657e-01  5.061206e+01  1.209511e+02  1.911898e+02  3.559205e+02 
 7.511929e-01  4.948485e+01  1.186508e+02  1.882197e+02  3.510179e+02 
 7.616642e-01  4.848516e+01  1.164371e+02  1.850881e+02  3.463345e+02 
 7.722814e-01  4.777026e+01  1.151945e+02  1.830052e+02  3.415202e+02 
 7.830465e-01  4.672558e+01  1.129040e+02  1.797847e+02  3.369454e+02 
 7.939618e-01  4.580262e+01  1.113605e+02  1.773965e+02  3.332245e+02 
 8.050292e-01  4.474319e+01  1.092037e+02  1.748676e+02  3.289444e+02 
 8.162509e-01  4.390555e+01  1.075701e+02  1.719922e+02  3.232166e+02 
 8.276289e-01  4.280444e+01  1.053680e+02  1.691047e+02  3.190681e+02 
 8.391656e-01  4.221308e+01  1.040986e+02  1.667254e+02  3.153978e+02 
 8.508632e-01  4.141671e+01  1.022872e+02  1.644110e+02  3.112650e+02 
 8.627237e-01  4.045610e+01  1.005813e+02  1.619060e+02  3.064061e+02 
 8.747496e-01  3.968032e+01  9.882151e+01  1.594496e+02  3.023723e+02 
 8.869432e-01  3.894762e+01  9.737639e+01  1.572781e+02  2.986799e+02 
 8.993067e-01  3.811528e+01  9.578108e+01  1.548795e+02  2.943517e+02 
 9.118425e-01  3.749299e+01  9.412176e+01  1.522666e+02  2.892645e+02 
 9.245531e-01  3.663447e+01  9.251922e+01  1.498719e+02  2.859834e+02 
 9.374409e-01  3.589028e+01  9.103206e+01  1.478835e+02  2.822826e+02 
 9.505083e-01  3.525098e+01  8.956037e+01  1.457148e+02  2.783818e+02 
 9.637579e-01  3.447298e+01  8.783059e+01  1.431452e+02  2.743229e+02 
 9.771921e-01  3.396427e+01  8.726437e+01  1.418366e+02  2.708612e+02 
 9.908137e-01  3.327820e+01  8.560783e+01  1.395161e+02  2.673426e+02 
 1.004625e+00  3.260883e+01  8.402451e+01  1.371451e+02  2.630263e+02 
 1.018629e+00  3.204487e+01  8.285550e+01  1.352790e+02  2.593708e+02 
 1.032828e+00  3.139710e+01  8.151685e+01  1.335095e+02  2.567077e+02 
 1.047225e+00  3.075780e+01  8.033026e+01  1.314638e+02  2.524632e+02 
 1.061823e+00  3.025062e+01  7.925568e+01  1.297331e+02  2.491327e+02 
 1.076624e+00  2.966063e+01  7.798748e+01  1.278453e+02  2.455879e+02 
 1.091632e+00  2.913981e+01  7.671107e+01  1.260587e+02  2.420469e+02 
 1.106848e+00  2.855070e+01  7.538585e+01  1.241147e+02  2.388568e+02 
 1.122277e+00  2.801193e+01  7.432679e+01  1.221535e+02  2.350417e+02 
 1.137921e+00  2.747323e+01  7.303888e+01  1.203006e+02  2.317107e+02 
 1.153783e+00  2.699396e+01  7.191174e+01  1.185349e+02  2.285411e+02 
 1.169866e+00  2.650517e+01  7.083926e+01  1.168028e+02  2.255012e+02 
 1.186174e+00  2.598855e+01  6.979112e+01  1.150910e+02  2.220343e+02 
 1.202708e+00  2.553309e+01  6.869532e+01  1.134390e+02  2.188691e+02 
 1.219473e+00  2.508268e+01  6.767595e+01  1.118698e+02  2.154202e+02 
 1.236472e+00  2.461146e+01  6.664731e+01  1.102987e+02  2.125179e+02 
 1.253708e+00  2.417989e+01  6.558795e+01  1.084815e+02  2.094570e+02 
 1.271184e+00  2.375482e+01  6.480581e+01  1.072561e+02  2.064347e+02 
 1.288904e+00  2.332554e+01  6.359388e+01  1.054162e+02  2.036172e+02 
 1.306870e+00  2.287538e+01  6.262113e+01  1.038606e+02  2.004090e+02 
 1.325087e+00  2.252306e+01  6.172437e+01  1.024060e+02  1.972881e+02 
 1.343558e+00  2.212267e+01  6.076344e+01  1.008717e+02  1.943382e+02 
 1.362287e+00  2.175263e+01  5.980338e+01  9.924691e+01  1.913264e+02 
 1.381276e+00  2.135694e+01  5.891240e+01  9.759137e+01  1.883313e+02 
 1.400531e+00  2.099314e+01  5.800938e+01  9.619596e+01  1.852667e+02 
 1.420053e+00  2.060775e+01  5.703750e+01  9.477384e+01  1.823254e+02 
 1.439848e+00  2.025611e+01  5.622479e+01  9.323428e+01  1.795168e+02 
 1.459919e+00  1.987809e+01  5.532618e+01  9.179108e+01  1.764892e+02 
 1.480269e+00  1.957735e+01  5.438181e+01  9.025406e+01  1.733973e+02 
 1.500903e+00  1.923085e+01  5.357146e+01  8.882427e+01  1.708796e+02 
 1.521825e+00  1.888875e+01  5.279524e+01  8.753019e+01  1.680536e+02 
 1.543038e+00  1.855248e+01  5.195557e+01  8.622373e+01  1.655007e+02 
 1.564548e+00  1.826321e+01  5.115684e+01  8.484831e+01  1.626573e+02 
 1.586357e+00  1.795645e+01  5.041166e+01  8.354327e+01  1.599560e+02 
 1.608469e+00  1.763465e+01  4.963472e+01  8.223801e+01  1.574800e+02 
 1.630891e+00  1.739029e+01  4.878900e+01  8.077485e+01  1.545854e+02 
 1.653624e+00  1.707308e+01  4.802087e+01  7.957588e+01  1.522518e+02 
 1.676675e+00  1.678206e+01  4.734134e+01  7.836132e+01  1.495389e+02 
 1.700047e+00  1.649587e+01  4.659950e+01  7.707071e+01  1.470326e+02 
 1.723745e+00  1.623475e+01  4.582620e+01  7.580277e+01  1.442976e+02 
 1.747773e+00  1.594004e+01  4.506346e+01  7.450611e+01  1.417406e+02 
 1.772136e+00  1.567340e+01  4.434969e+01  7.323805e+01  1.393400e+02 
 1.796838e+00  1.541623e+01  4.361618e+01  7.200889e+01  1.368061e+02 
 1.821885e+00  1.517986e+01  4.289563e+01  7.075093e+01  1.343918e+02 
 1.847281e+00  1.491277e+01  4.225427e+01  6.963021e+01  1.319576e+02 
 1.873032e+00  1.466798e+01  4.153321e+01  6.831627e+01  1.295785e+02 
 1.899141e+00  1.441884e+01  4.080631e+01  6.716862e+01  1.272183e+02 
 1.925614e+00  1.419056e+01  4.015499e+01  6.603093e+01  1.248019e+02 
 1.952456e+00  1.399187e+01  3.953601e+01  6.492347e+01  1.224818e+02 
 1.979672e+00  1.373265e+01  3.890787e+01  6.380900e+01  1.202381e+02 
 2.007267e+00  1.352694e+01  3.825875e+01  6.261880e+01  1.180505e+02 
 2.035248e+00  1.329254e+01  3.758833e+01  6.150023e+01  1.157582e+02 
 2.063618e+00  1.307451e+01  3.693703e+01  6.039675e+01  1.135221e+02 
 2.092383e+00  1.286710e+01  3.630850e+01  5.928495e+01  1.113377e+02 
 2.121550e+00  1.264704e+01  3.566926e+01  5.820006e+01  1.091512e+02 
 2.151123e+00  1.244320e+01  3.505886e+01  5.709990e+01  1.069424e+02 
 2.181109e+00  1.223408e+01  3.442123e+01  5.604128e+01  1.048722e+02 
 2.211512e+00  1.203392e+01  3.379241e+01  5.494181e+01  1.026689e+02 
 2.242340e+00  1.183480e+01  3.322128e+01  5.392470e+01  1.006223e+02 
 2.273597e+00  1.162661e+01  3.262028e+01  5.284391e+01  9.854986e+01 
 2.305289e+00  1.144725e+01  3.202287e+01  5.184361e+01  9.654922e+01 
 2.337424e+00  1.125828e+01  3.142881e+01  5.081697e+01  9.458211e+01 
 2.370006e+00  1.107045e+01  3.085985e+01  4.984455e+01  9.267331e+01 
 2.403043e+00  1.087825e+01  3.030383e+01  4.884257e+01  9.071919e+01 
 2.436540e+00  1.070731e+01  2.975937e+01  4.789270e+01  8.881456e+01 
 2.470504e+00  1.052982e+01  2.921336e+01  4.692507e+01  8.694021e+01 
 2.504942e+00  1.035701e+01  2.868429e+01  4.600987e+01  8.513236e+01 
 2.539859e+00  1.019195e+01  2.813728e+01  4.506622e+01  8.328785e+01 
 2.575263e+00  1.001230e+01  2.758974e+01  4.418033e+01  8.154977e+01 
 2.611161e+00  9.850290e+00  2.706810e+01  4.324147e+01  7.978516e+01 
 2.647559e+00  9.683753e+00  2.654106e+01  4.232331e+01  7.800351e+01 
 2.684465e+00  9.519498e+00  2.604035e+01  4.143625e+01  7.628029e+01 
 2.721885e+00  9.350243e+00  2.550188e+01  4.055891e+01  7.459284e+01 
 2.759826e+00  9.191978e+00  2.498555e+01  3.967723e+01  7.292371e+01 
 2.798297e+00  9.031775e+00  2.449405e+01  3.882926e+01  7.132011e+01 
 2.837304e+00  8.877310e+00  2.399705e+01  3.798561e+01  6.971064e+01 
 2.876854e+00  8.722009e+00  2.350312e+01  3.715546e+01  6.813810e+01 
 2.916956e+00  8.572033e+00  2.303137e+01  3.634424e+01  6.655735e+01 
 2.957617e+00  8.426149e+00  2.256452e+01  3.555974e+01  6.505256e+01 
 2.998844e+00  8.279235e+00  2.210541e+01  3.477431e+01  6.356197e+01 
 3.040646e+00  8.135215e+00  2.164578e+01  3.399818e+01  6.214498e+01 
 3.083031e+00  7.994271e+00  2.119140e+01  3.324542e+01  6.072052e+01 
 3.126007e+00  7.857052e+00  2.075991e+01  3.250803e+01  5.931188e+01 
 3.169582e+00  7.717758e+00  2.031247e+01  3.175996e+01  5.794458e+01 
 3.213764e+00  7.580433e+00  1.988161e+01  3.104053e+01  5.659706e+01 
 3.258562e+00  7.441849e+00  1.946027e+01  3.033107e+01  5.526526e+01 
 3.303985e+00  7.306974e+00  1.902829e+01  2.962426e+01  5.395855e+01 
 3.350041e+00  7.174628e+00  1.860467e+01  2.892777e+01  5.266765e+01 
 3.396739e+00  7.040422e+00  1.819341e+01  2.825447e+01  5.139323e+01 
 3.444087e+00  6.911366e+00  1.778303e+01  2.756950e+01  5.015122e+01 
 3.492096e+00  6.783830e+00  1.738711e+01  2.692345e+01  4.895368e+01 
 3.540774e+00  6.653142e+00  1.699735e+01  2.628487e+01  4.776761e+01 
 3.590130e+00  6.530266e+00  1.660872e+01  2.564903e+01  4.661496e+01 
 3.640175e+00  6.409052e+00  1.623300e+01  2.504222e+01  4.548403e+01 
 3.690917e+00  6.286498e+00  1.586990e+01  2.443092e+01  4.437330e+01 
 3.742366e+00  6.167462e+00  1.549854e+01  2.384511e+01  4.330801e+01 
 3.794533e+00  6.052139e+00  1.514770e+01  2.327232e+01  4.225207e+01 
 3.847427e+00  5.936192e+00  1.479629e+01  2.270669e+01  4.123304e+01 
 3.901058e+00  5.820616e+00  1.445537e+01  2.215937e+01  4.022197e+01 
 3.955436e+00  5.711253e+00  1.411817e+01  2.161006e+01  3.922996e+01 
 4.010573e+00  5.597325e+00  1.378461e+01  2.108350e+01  3.827027e+01 
 4.066478e+00  5.486217e+00  1.345296e+01  2.055617e+01  3.731265e+01 
 4.123163e+00  5.375497e+00  1.313356e+01  2.004063e+01  3.637530e+01 
 4.180637e+00  5.268243e+00  1.281771e+01  1.953900e+01  3.545645e+01 
 4.238913e+00  5.160896e+00  1.250317e+01  1.904188e+01  3.456600e+01 
 4.298001e+00  5.053247e+00  1.219753e+01  1.856072e+01  3.368688e+01 
 4.357913e+00  4.951811e+00  1.189699e+01  1.809002e+01  3.283869e+01 
 4.418660e+00  4.849093e+00  1.160809e+01  1.762742e+01  3.200979e+01 
 4.480254e+00  4.747642e+00  1.132076e+01  1.717808e+01  3.119707e+01 
 4.542706e+00  4.650069e+00  1.103978e+01  1.673831e+01  3.040451e+01 
 4.606029e+00  4.552705e+00  1.076956e+01  1.631321e+01  2.964019e+01 
 4.670234e+00  4.457071e+00  1.050326e+01  1.590205e+01  2.889368e+01 
 4.735335e+00  4.363925e+00  1.024458e+01  1.549677e+01  2.816162e+01 
 4.801343e+00  4.273498e+00  9.993120e+00  1.510337e+01  2.744699e+01 
 4.868271e+00  4.182767e+00  9.744250e+00  1.471692e+01  2.675016e+01 
 4.936132e+00  4.093685e+00  9.500152e+00  1.433928e+01  2.607026e+01 
 5.004939e+00  4.005139e+00  9.261691e+00  1.396951e+01  2.540102e+01 
 5.074705e+00  3.917121e+00  9.026731e+00  1.360506e+01  2.474806e+01 
 5.145444e+00  3.831795e+00  8.796607e+00  1.325061e+01  2.410816e+01 
 5.217169e+00  3.746239e+00  8.570278e+00  1.290208e+01  2.347591e+01 
 5.289893e+00  3.663869e+00  8.350650e+00  1.256636e+01  2.286823e+01 
 5.363631e+00  3.580971e+00  8.135573e+00  1.223354e+01  2.226968e+01 
 5.438397e+00  3.501039e+00  7.925109e+00  1.191215e+01  2.168563e+01 
 5.514206e+00  3.422246e+00  7.720757e+00  1.159909e+01  2.111997e+01 
 5.591071e+00  3.344270e+00  7.522182e+00  1.129393e+01  2.056810e+01 
 5.669007e+00  3.269659e+00  7.328188e+00  1.099863e+01  2.003481e+01 
 5.748030e+00  3.195678e+00  7.139997e+00  1.070993e+01  1.951095e+01 
 5.828155e+00  3.123371e+00  6.956903e+00  1.043102e+01  1.900436e+01 
 5.909396e+00  3.052669e+00  6.778400e+00  1.015920e+01  1.851255e+01 
 5.991770e+00  2.983185e+00  6.604099e+00  9.893579e+00  1.803313e+01 
 6.075292e+00  2.915312e+00  6.435079e+00  9.636302e+00  1.756333e+01 
 6.159978e+00  2.848475e+00  6.269150e+00  9.384662e+00  1.710713e+01 
 6.245845e+00  2.782693e+00  6.106916e+00  9.138532e+00  1.665905e+01 
 6.332908e+00  2.717658e+00  5.947364e+00  8.896646e+00  1.621885e+01 
 6.421186e+00  2.654101e+00  5.791998e+00  8.660307e+00  1.578941e+01 
 6.510694e+00  2.591324e+00  5.639946e+00  8.430324e+00  1.537052e+01 
 6.601449e+00  2.530272e+00  5.492083e+00  8.206077e+00  1.496153e+01 
 6.693470e+00  2.469926e+00  5.347364e+00  7.986735e+00  1.456219e+01 
 6.786773e+00  2.411278e+00  5.206793e+00  7.773608e+00  1.417468e+01 
 6.881377e+00  2.354172e+00  5.070377e+00  7.566915e+00  1.379645e+01 
 6.977300e+00  2.298220e+00  4.937981e+00  7.367242e+00  1.342977e+01 
 7.074559e+00  2.244041e+00  4.809049e+00  7.171663e+00  1.307280e+01 
 7.173175e+00  2.190823e+00  4.684182e+00  6.982428e+00  1.272717e+01 
 7.273165e+00  2.139268e+00  4.562886e+00  6.799374e+00  1.239102e+01 
 7.374549e+00  2.088727e+00  4.444736e+00  6.620703e+00  1.206503e+01 
 7.477346e+00  2.039337e+00  4.330280e+00  6.448081e+00  1.174715e+01 
 7.581576e+00  1.991392e+00  4.218243e+00  6.278267e+00  1.143776e+01 
 7.687260e+00  1.944216e+00  4.109516e+00  6.114475e+00  1.113665e+01 
 7.794416e+00  1.897965e+00  4.003114e+00  5.952963e+00  1.084095e+01 
 7.903066e+00  1.852632e+00  3.898363e+00  5.794894e+00  1.055102e+01 
 8.013230e+00  1.808114e+00  3.796834e+00  5.641716e+00  1.026877e+01 
 8.124930e+00  1.764463e+00  3.697457e+00  5.491563e+00  9.992714e+00 
 8.238187e+00  1.722015e+00  3.600514e+00  5.344898e+00  9.723526e+00 
 8.353023e+00  1.680408e+00  3.506250e+00  5.202470e+00  9.461320e+00 
 8.469460e+00  1.639975e+00  3.414708e+00  5.064208e+00  9.206480e+00 
 8.587519e+00  1.600622e+00  3.325611e+00  4.929523e+00  8.958665e+00 
 8.707225e+00  1.562300e+00  3.239013e+00  4.799025e+00  8.718062e+00 
 8.828599e+00  1.525084e+00  3.155407e+00  4.672430e+00  8.484109e+00 
 8.951665e+00  1.488761e+00  3.074239e+00  4.549431e+00  8.257827e+00 
 9.076446e+00  1.453609e+00  2.995386e+00  4.430446e+00  8.038031e+00 
 9.202967e+00  1.419350e+00  2.918821e+00  4.314992e+00  7.824292e+00 
 9.331251e+00  1.385952e+00  2.844343e+00  4.202359e+00  7.616685e+00 
 9.461324e+00  0.000000e+00  0.000000e+00  0.000000e+00  0.000000e+00 
 9.593209e+00  0.000000e+00  0.000000e+00  0.000000e+00  0.000000e+00 
 9.726934e+00  0.000000e+00  0.000000e+00  0.000000e+00  0.000000e+00 
 9.862522e+00  0.000000e+00  0.000000e+00  0.000000e+00  0.000000e+00 
 1.000000e+01  0.000000e+00  0.000000e+00  0.000000e+00  0.000000e+00 
