1.000000e-02 8.722121e+03 1.546513e+04 2.060027e+04 3.015355e+04  
1.013939e-02 8.765632e+03 1.554198e+04 2.070234e+04 3.030216e+04  
1.028073e-02 8.808254e+03 1.561724e+04 2.080229e+04 3.044766e+04  
1.042404e-02 8.849954e+03 1.569087e+04 2.090004e+04 3.058992e+04  
1.056935e-02 8.890698e+03 1.576279e+04 2.099552e+04 3.072883e+04  
1.071668e-02 8.930448e+03 1.583294e+04 2.108862e+04 3.086425e+04  
1.086606e-02 8.969167e+03 1.590125e+04 2.117928e+04 3.099606e+04  
1.101753e-02 9.006819e+03 1.596766e+04 2.126739e+04 3.112413e+04  
1.117111e-02 9.043367e+03 1.603211e+04 2.135287e+04 3.124832e+04  
1.132683e-02 9.078772e+03 1.609452e+04 2.143563e+04 3.136852e+04  
1.148472e-02 9.112997e+03 1.615483e+04 2.151559e+04 3.148459e+04  
1.164481e-02 9.146004e+03 1.621297e+04 2.159265e+04 3.159640e+04  
1.180713e-02 9.177755e+03 1.626887e+04 2.166672e+04 3.170380e+04  
1.197171e-02 9.208210e+03 1.632247e+04 2.173771e+04 3.180668e+04  
1.213859e-02 9.237332e+03 1.637370e+04 2.180553e+04 3.190490e+04  
1.230780e-02 9.265081e+03 1.642248e+04 2.187009e+04 3.199832e+04  
1.247936e-02 9.291421e+03 1.646875e+04 2.193129e+04 3.208682e+04  
1.265332e-02 9.316311e+03 1.651244e+04 2.198905e+04 3.217025e+04  
1.282970e-02 9.339712e+03 1.655349e+04 2.204328e+04 3.224849e+04  
1.300854e-02 9.361583e+03 1.659181e+04 2.209386e+04 3.232138e+04  
1.318987e-02 9.381880e+03 1.662733e+04 2.214071e+04 3.238878e+04  
1.337373e-02 9.400564e+03 1.665998e+04 2.218373e+04 3.245055e+04  
1.356015e-02 9.417592e+03 1.668969e+04 2.222282e+04 3.250655e+04  
1.374917e-02 9.432925e+03 1.671639e+04 2.225789e+04 3.255664e+04  
1.394083e-02 9.446521e+03 1.673999e+04 2.228883e+04 3.260068e+04  
1.413516e-02 9.458340e+03 1.676044e+04 2.231555e+04 3.263852e+04  
1.433219e-02 9.468340e+03 1.677765e+04 2.233796e+04 3.267003e+04  
1.453198e-02 9.476479e+03 1.679155e+04 2.235596e+04 3.269507e+04  
1.473454e-02 9.482717e+03 1.680208e+04 2.236945e+04 3.271348e+04  
1.493993e-02 9.487013e+03 1.680915e+04 2.237833e+04 3.272514e+04  
1.514819e-02 9.489329e+03 1.681271e+04 2.238252e+04 3.272992e+04  
1.535935e-02 9.489627e+03 1.681268e+04 2.238192e+04 3.272767e+04  
1.557345e-02 9.487867e+03 1.680899e+04 2.237645e+04 3.271828e+04  
1.579053e-02 9.484011e+03 1.680159e+04 2.236602e+04 3.270160e+04  
1.601064e-02 9.478020e+03 1.679038e+04 2.235053e+04 3.267751e+04  
1.623382e-02 9.469858e+03 1.677533e+04 2.232989e+04 3.264588e+04  
1.646012e-02 9.459487e+03 1.675635e+04 2.230403e+04 3.260659e+04  
1.668956e-02 9.446876e+03 1.673340e+04 2.227286e+04 3.255953e+04  
1.692220e-02 9.431990e+03 1.670640e+04 2.223631e+04 3.250458e+04  
1.715809e-02 9.414798e+03 1.667532e+04 2.219431e+04 3.244163e+04  
1.739726e-02 9.395267e+03 1.664008e+04 2.214678e+04 3.237059e+04  
1.763977e-02 9.373365e+03 1.660064e+04 2.209364e+04 3.229133e+04  
1.788566e-02 9.349061e+03 1.655694e+04 2.203482e+04 3.220377e+04  
1.813498e-02 9.322328e+03 1.650893e+04 2.197026e+04 3.210780e+04  
1.838777e-02 9.293140e+03 1.645657e+04 2.189991e+04 3.200334e+04  
1.864409e-02 9.261476e+03 1.639981e+04 2.182370e+04 3.189032e+04  
1.890397e-02 9.227314e+03 1.633863e+04 2.174160e+04 3.176868e+04  
1.916748e-02 9.190633e+03 1.627299e+04 2.165356e+04 3.163834e+04  
1.943467e-02 9.151416e+03 1.620285e+04 2.155953e+04 3.149925e+04  
1.970558e-02 9.109645e+03 1.612819e+04 2.145948e+04 3.135136e+04  
1.998026e-02 9.065309e+03 1.604898e+04 2.135339e+04 3.119462e+04  
2.025878e-02 9.018400e+03 1.596522e+04 2.124123e+04 3.102903e+04  
2.054117e-02 8.968913e+03 1.587690e+04 2.112300e+04 3.085456e+04  
2.082751e-02 8.916849e+03 1.578402e+04 2.099870e+04 3.067123e+04  
2.111783e-02 8.862206e+03 1.568657e+04 2.086834e+04 3.047904e+04  
2.141220e-02 8.804983e+03 1.558457e+04 2.073191e+04 3.027799e+04  
2.171068e-02 8.745186e+03 1.547801e+04 2.058942e+04 3.006811e+04  
2.201331e-02 8.682824e+03 1.536692e+04 2.044091e+04 2.984943e+04  
2.232016e-02 8.617912e+03 1.525132e+04 2.028641e+04 2.962201e+04  
2.263130e-02 8.550470e+03 1.513125e+04 2.012597e+04 2.938594e+04  
2.294676e-02 8.480527e+03 1.500677e+04 1.995967e+04 2.914131e+04  
2.326663e-02 8.408107e+03 1.487792e+04 1.978756e+04 2.888822e+04  
2.359095e-02 8.333239e+03 1.474474e+04 1.960972e+04 2.862677e+04  
2.391980e-02 8.255955e+03 1.460731e+04 1.942621e+04 2.835709e+04  
2.425323e-02 8.176294e+03 1.446569e+04 1.923715e+04 2.807931e+04  
2.459130e-02 8.094303e+03 1.431996e+04 1.904265e+04 2.779361e+04  
2.493409e-02 8.010038e+03 1.417023e+04 1.884283e+04 2.750019e+04  
2.528166e-02 7.923561e+03 1.401660e+04 1.863785e+04 2.719926e+04  
2.563407e-02 7.834936e+03 1.385920e+04 1.842787e+04 2.689105e+04  
2.599140e-02 7.744220e+03 1.369812e+04 1.821301e+04 2.657578e+04  
2.635371e-02 7.651476e+03 1.353348e+04 1.799344e+04 2.625366e+04  
2.672106e-02 7.556776e+03 1.336540e+04 1.776932e+04 2.592494e+04  
2.709354e-02 7.460200e+03 1.319404e+04 1.754085e+04 2.558992e+04  
2.747121e-02 7.361840e+03 1.301955e+04 1.730825e+04 2.524891e+04  
2.785414e-02 7.261795e+03 1.284211e+04 1.707175e+04 2.490227e+04  
2.824241e-02 7.160169e+03 1.266190e+04 1.683160e+04 2.455035e+04  
2.863610e-02 7.057054e+03 1.247910e+04 1.658803e+04 2.419348e+04  
2.903527e-02 6.952547e+03 1.229387e+04 1.634125e+04 2.383199e+04  
2.944000e-02 6.846754e+03 1.210640e+04 1.609152e+04 2.346627e+04  
2.985038e-02 6.739791e+03 1.191690e+04 1.583913e+04 2.309670e+04  
3.026648e-02 6.631786e+03 1.172559e+04 1.558436e+04 2.272374e+04  
3.068838e-02 6.522877e+03 1.153273e+04 1.532755e+04 2.234786e+04  
3.111616e-02 6.413209e+03 1.133856e+04 1.506905e+04 2.196957e+04  
3.154990e-02 6.302906e+03 1.114330e+04 1.480913e+04 2.158929e+04  
3.198969e-02 6.192085e+03 1.094717e+04 1.454809e+04 2.120742e+04  
3.243561e-02 6.080875e+03 1.075040e+04 1.428621e+04 2.082442e+04  
3.288774e-02 5.969415e+03 1.055322e+04 1.402383e+04 2.044075e+04  
3.334618e-02 5.857852e+03 1.035590e+04 1.376131e+04 2.005693e+04  
3.381101e-02 5.746347e+03 1.015872e+04 1.349900e+04 1.967351e+04  
3.428231e-02 5.635069e+03 9.961985e+03 1.323731e+04 1.929106e+04  
3.476019e-02 5.524168e+03 9.765953e+03 1.297660e+04 1.891009e+04  
3.524473e-02 5.413778e+03 9.570863e+03 1.271717e+04 1.853107e+04  
3.573602e-02 5.304043e+03 9.376967e+03 1.245935e+04 1.815448e+04  
3.623416e-02 5.195114e+03 9.184534e+03 1.220352e+04 1.778083e+04  
3.673925e-02 5.087155e+03 8.993848e+03 1.195003e+04 1.741069e+04  
3.725137e-02 4.980336e+03 8.805212e+03 1.169930e+04 1.704463e+04  
3.777064e-02 4.874841e+03 8.618945e+03 1.145175e+04 1.668326e+04  
3.829714e-02 4.770813e+03 8.435301e+03 1.120771e+04 1.632709e+04  
3.883098e-02 4.668347e+03 8.254444e+03 1.096739e+04 1.597641e+04  
3.937226e-02 4.567534e+03 8.076536e+03 1.073103e+04 1.563154e+04  
3.992109e-02 4.468472e+03 7.901744e+03 1.049882e+04 1.529280e+04  
4.047757e-02 4.371256e+03 7.730239e+03 1.027101e+04 1.496051e+04  
4.104181e-02 4.275989e+03 7.562197e+03 1.004782e+04 1.463502e+04  
4.161391e-02 4.182774e+03 7.397799e+03 9.829491e+03 1.431667e+04  
4.219398e-02 4.091725e+03 7.237242e+03 9.616282e+03 1.400583e+04  
4.278214e-02 4.002972e+03 7.080755e+03 9.408496e+03 1.370295e+04  
4.337850e-02 3.916654e+03 6.928579e+03 9.206451e+03 1.340847e+04  
4.398317e-02 3.832915e+03 6.780965e+03 9.010477e+03 1.312288e+04  
4.459628e-02 3.751905e+03 6.638171e+03 8.820913e+03 1.284667e+04  
4.521792e-02 3.673777e+03 6.500466e+03 8.638115e+03 1.258034e+04  
4.584824e-02 3.598691e+03 6.368126e+03 8.462444e+03 1.232443e+04  
4.648734e-02 3.526750e+03 6.241328e+03 8.294134e+03 1.207926e+04  
4.713535e-02 3.457952e+03 6.120066e+03 8.133172e+03 1.184481e+04  
4.779239e-02 3.392276e+03 6.004299e+03 7.979503e+03 1.162101e+04  
4.845859e-02 3.329692e+03 5.893972e+03 7.833053e+03 1.140773e+04  
4.913407e-02 3.270159e+03 5.789011e+03 7.693719e+03 1.120482e+04  
4.981898e-02 3.213627e+03 5.689322e+03 7.561374e+03 1.101211e+04  
5.051342e-02 3.160042e+03 5.594809e+03 7.435893e+03 1.082939e+04  
5.121755e-02 3.109385e+03 5.505436e+03 7.317220e+03 1.065659e+04  
5.193150e-02 3.061638e+03 5.421165e+03 7.205305e+03 1.049363e+04  
5.265540e-02 3.016775e+03 5.341945e+03 7.100078e+03 1.034041e+04  
5.338938e-02 2.974757e+03 5.267709e+03 7.001446e+03 1.019678e+04  
5.413360e-02 2.935540e+03 5.198371e+03 6.909293e+03 1.006257e+04  
5.488820e-02 2.899051e+03 5.133801e+03 6.823445e+03 9.937527e+03  
5.565331e-02 2.865179e+03 5.073800e+03 6.743634e+03 9.821260e+03  
5.642908e-02 2.833791e+03 5.018132e+03 6.669548e+03 9.713311e+03  
5.721568e-02 2.804740e+03 4.966535e+03 6.600836e+03 9.613170e+03  
5.801323e-02 2.777857e+03 4.918711e+03 6.537105e+03 9.520263e+03  
5.882190e-02 2.752964e+03 4.874343e+03 6.477931e+03 9.433976e+03  
5.964185e-02 2.729895e+03 4.833141e+03 6.422932e+03 9.353753e+03  
6.047322e-02 2.708484e+03 4.794809e+03 6.371713e+03 9.279020e+03  
6.131619e-02 2.688542e+03 4.759018e+03 6.323838e+03 9.209145e+03  
6.217090e-02 2.669864e+03 4.725404e+03 6.278828e+03 9.143433e+03  
6.303753e-02 2.652227e+03 4.693580e+03 6.236168e+03 9.081142e+03  
6.391624e-02 2.635418e+03 4.663169e+03 6.195362e+03 9.021553e+03  
6.480720e-02 2.619209e+03 4.633778e+03 6.155893e+03 8.963917e+03  
6.571058e-02 2.603356e+03 4.604978e+03 6.117195e+03 8.907419e+03  
6.662655e-02 2.587590e+03 4.576305e+03 6.078655e+03 8.851174e+03  
6.755528e-02 2.571639e+03 4.547287e+03 6.039656e+03 8.794292e+03  
6.849697e-02 2.555250e+03 4.517486e+03 5.999621e+03 8.735941e+03  
6.945178e-02 2.538154e+03 4.486436e+03 5.957939e+03 8.675243e+03  
7.041990e-02 2.520057e+03 4.453636e+03 5.913954e+03 8.611250e+03  
7.140151e-02 2.500657e+03 4.418566e+03 5.866984e+03 8.542982e+03  
7.239681e-02 2.479702e+03 4.380795e+03 5.816468e+03 8.469630e+03  
7.340598e-02 2.456948e+03 4.339910e+03 5.761865e+03 8.390419e+03  
7.442922e-02 2.432137e+03 4.295469e+03 5.702601e+03 8.304519e+03  
7.546673e-02 2.405001e+03 4.247020e+03 5.638087e+03 8.211086e+03  
7.651869e-02 2.375366e+03 4.194274e+03 5.567947e+03 8.109578e+03  
7.758532e-02 2.343110e+03 4.137027e+03 5.491919e+03 7.999619e+03  
7.866682e-02 2.308104e+03 4.075067e+03 5.409732e+03 7.880821e+03  
7.976339e-02 2.270231e+03 4.008205e+03 5.321142e+03 7.752832e+03  
8.087525e-02 2.229490e+03 3.936448e+03 5.226163e+03 7.615676e+03  
8.200261e-02 2.185935e+03 3.859900e+03 5.124937e+03 7.469557e+03  
8.314568e-02 2.139632e+03 3.778679e+03 5.017624e+03 7.314711e+03  
8.430468e-02 2.090684e+03 3.692976e+03 4.904478e+03 7.151502e+03  
8.547985e-02 2.039296e+03 3.603146e+03 4.785967e+03 6.980610e+03  
8.667139e-02 1.985706e+03 3.509605e+03 4.662642e+03 6.802831e+03  
8.787954e-02 1.930180e+03 3.412815e+03 4.535109e+03 6.619040e+03  
8.910453e-02 1.873032e+03 3.313318e+03 4.404081e+03 6.430267e+03  
9.034660e-02 1.814623e+03 3.211737e+03 4.270374e+03 6.237691e+03  
9.160598e-02 1.755349e+03 3.108750e+03 4.134877e+03 6.042594e+03  
9.288292e-02 1.695637e+03 3.005090e+03 3.998550e+03 5.846363e+03  
9.417766e-02 1.635917e+03 2.901490e+03 3.862352e+03 5.650379e+03  
9.549045e-02 1.576606e+03 2.798666e+03 3.727219e+03 5.455990e+03  
9.682153e-02 1.518154e+03 2.697383e+03 3.594150e+03 5.264636e+03  
9.817117e-02 1.461044e+03 2.598464e+03 3.464219e+03 5.077860e+03  
9.953962e-02 1.405698e+03 2.502628e+03 3.338364e+03 4.897009e+03  
1.009272e-01 1.352467e+03 2.410472e+03 3.217361e+03 4.723196e+03  
1.023340e-01 1.301721e+03 2.322622e+03 3.102029e+03 4.557594e+03  
1.037605e-01 1.253841e+03 2.239725e+03 2.993206e+03 4.401400e+03  
1.052069e-01 1.209083e+03 2.162213e+03 2.891453e+03 4.255415e+03  
1.066734e-01 1.167637e+03 2.090405e+03 2.797183e+03 4.120223e+03  
1.081604e-01 1.129700e+03 2.024630e+03 2.710822e+03 3.996427e+03  
1.096681e-01 1.095421e+03 1.965137e+03 2.632688e+03 3.884475e+03  
1.111968e-01 1.064816e+03 1.911944e+03 2.562800e+03 3.784387e+03  
1.127468e-01 1.037874e+03 1.865023e+03 2.501115e+03 3.696091e+03  
1.143184e-01 1.014562e+03 1.824311e+03 2.447546e+03 3.619455e+03  
1.159120e-01 9.947599e+02 1.789593e+03 2.401805e+03 3.554061e+03  
1.175277e-01 9.782923e+02 1.760558e+03 2.363483e+03 3.499315e+03  
1.191660e-01 9.649574e+02 1.736854e+03 2.332112e+03 3.454544e+03  
1.208271e-01 9.544825e+02 1.718005e+03 2.307068e+03 3.418852e+03  
1.225114e-01 9.465220e+02 1.703414e+03 2.287568e+03 3.391115e+03  
1.242191e-01 9.406936e+02 1.692422e+03 2.272749e+03 3.370099e+03  
1.259506e-01 9.365680e+02 1.684292e+03 2.261650e+03 3.354426e+03  
1.277063e-01 9.336640e+02 1.678204e+03 2.253199e+03 3.342565e+03  
1.294865e-01 9.314575e+02 1.673267e+03 2.246237e+03 3.332855e+03  
1.312915e-01 9.294208e+02 1.668588e+03 2.239604e+03 3.323634e+03  
1.331216e-01 9.270266e+02 1.663279e+03 2.232144e+03 3.313249e+03  
1.349772e-01 9.237145e+02 1.656401e+03 2.222642e+03 3.299951e+03  
1.368587e-01 9.190031e+02 1.647151e+03 2.210057e+03 3.282246e+03  
1.387665e-01 9.124656e+02 1.634822e+03 2.193475e+03 3.258817e+03  
1.407008e-01 9.036754e+02 1.618711e+03 2.171988e+03 3.228352e+03  
1.426621e-01 8.923582e+02 1.598372e+03 2.145021e+03 3.190020e+03  
1.446507e-01 8.782896e+02 1.573442e+03 2.112109e+03 3.143148e+03  
1.466671e-01 8.613213e+02 1.543689e+03 2.072954e+03 3.087302e+03  
1.487115e-01 8.414859e+02 1.509178e+03 2.027649e+03 3.022614e+03  
1.507845e-01 8.188637e+02 1.470057e+03 1.976388e+03 2.949364e+03  
1.528864e-01 7.937268e+02 1.426788e+03 1.919776e+03 2.868428e+03  
1.550175e-01 7.664911e+02 1.380071e+03 1.858725e+03 2.781123e+03  
1.571784e-01 7.376548e+02 1.330742e+03 1.794319e+03 2.689018e+03  
1.593694e-01 7.078527e+02 1.279860e+03 1.727935e+03 2.594097e+03  
1.615909e-01 6.777764e+02 1.228576e+03 1.661063e+03 2.498511e+03  
1.638434e-01 6.480999e+02 1.178012e+03 1.595155e+03 2.404344e+03  
1.661273e-01 6.195124e+02 1.129312e+03 1.531692e+03 2.313719e+03  
1.684430e-01 5.925825e+02 1.083420e+03 1.471889e+03 2.228373e+03  
1.707910e-01 5.677507e+02 1.041065e+03 1.416687e+03 2.149640e+03  
1.731717e-01 5.453827e+02 1.002851e+03 1.366861e+03 2.078617e+03  
1.755856e-01 5.256875e+02 9.691186e+02 1.322847e+03 2.015915e+03  
1.780332e-01 5.088194e+02 9.401191e+02 1.284963e+03 1.961972e+03  
1.805149e-01 4.948018e+02 9.158825e+02 1.253241e+03 1.916823e+03  
1.830312e-01 4.836004e+02 8.963421e+02 1.227589e+03 1.880327e+03  
1.855825e-01 4.750590e+02 8.812281e+02 1.207653e+03 1.851972e+03  
1.881694e-01 4.689478e+02 8.701476e+02 1.192921e+03 1.831027e+03  
1.907924e-01 4.648900e+02 8.624645e+02 1.182568e+03 1.816318e+03  
1.934520e-01 4.624196e+02 8.573977e+02 1.175584e+03 1.806408e+03  
1.961486e-01 4.609500e+02 8.539706e+02 1.170709e+03 1.799505e+03  
1.988828e-01 4.598393e+02 8.511204e+02 1.166573e+03 1.793658e+03  
2.016551e-01 4.584563e+02 8.478078e+02 1.161839e+03 1.786960e+03  
2.044661e-01 4.561949e+02 8.430412e+02 1.155232e+03 1.777588e+03  
2.073162e-01 4.525669e+02 8.360271e+02 1.145733e+03 1.764081e+03  
2.102061e-01 4.471792e+02 8.261319e+02 1.132529e+03 1.745273e+03  
2.131362e-01 4.397950e+02 8.129800e+02 1.115142e+03 1.720474e+03  
2.161073e-01 4.303170e+02 7.964237e+02 1.093386e+03 1.689418e+03  
2.191197e-01 4.187991e+02 7.765618e+02 1.067391e+03 1.652297e+03  
2.221741e-01 4.054885e+02 7.538061e+02 1.037694e+03 1.609882e+03  
2.252711e-01 3.907825e+02 7.288103e+02 1.005137e+03 1.563392e+03  
2.284112e-01 3.752393e+02 7.024873e+02 9.708963e+02 1.514518e+03  
2.315951e-01 3.594748e+02 6.758412e+02 9.362632e+02 1.465110e+03  
2.348235e-01 3.441196e+02 6.498979e+02 9.025532e+02 1.417044e+03  
2.380968e-01 3.297301e+02 6.255608e+02 8.709224e+02 1.371963e+03  
2.414157e-01 3.167698e+02 6.035801e+02 8.423282e+02 1.331215e+03  
2.447809e-01 3.055439e+02 5.844478e+02 8.173952e+02 1.295674e+03  
2.481930e-01 2.962294e+02 5.684453e+02 7.964778e+02 1.265826e+03  
2.516527e-01 2.888720e+02 5.556390e+02 7.796547e+02 1.241769e+03  
2.551606e-01 2.833524e+02 5.458266e+02 7.666618e+02 1.223119e+03  
2.587174e-01 2.794114e+02 5.385789e+02 7.569461e+02 1.209091e+03  
2.623238e-01 2.766612e+02 5.332596e+02 7.496918e+02 1.198529e+03  
2.659804e-01 2.746038e+02 5.290578e+02 7.438621e+02 1.189969e+03  
2.696881e-01 2.727158e+02 5.251261e+02 7.383748e+02 1.181882e+03  
2.734474e-01 2.704947e+02 5.206560e+02 7.321994e+02 1.172811e+03  
2.772591e-01 2.675071e+02 5.149551e+02 7.244544e+02 1.161508e+03  
2.811239e-01 2.634371e+02 5.075225e+02 7.145037e+02 1.147074e+03  
2.850426e-01 2.581084e+02 4.980836e+02 7.020008e+02 1.129021e+03  
2.890160e-01 2.515085e+02 4.866264e+02 6.869344e+02 1.107339e+03  
2.930447e-01 2.438102e+02 4.734337e+02 6.696690e+02 1.082552e+03  
2.971296e-01 2.353691e+02 4.590783e+02 6.509370e+02 1.055707e+03  
3.012714e-01 2.266439e+02 4.442948e+02 6.316750e+02 1.028130e+03  
3.054710e-01 2.181153e+02 4.298503e+02 6.128579e+02 1.001197e+03  
3.097291e-01 2.102084e+02 4.164206e+02 5.953421e+02 9.761091e+02  
3.140465e-01 2.032298e+02 4.044906e+02 5.797393e+02 9.537142e+02  
3.184242e-01 1.973628e+02 3.943481e+02 5.664094e+02 9.345050e+02  
3.228628e-01 1.926545e+02 3.860617e+02 5.554346e+02 9.185852e+02  
3.273634e-01 1.890112e+02 3.794764e+02 5.466144e+02 9.056655e+02  
3.319266e-01 1.862042e+02 3.742233e+02 5.394791e+02 8.950847e+02  
3.365535e-01 1.838926e+02 3.697584e+02 5.333390e+02 8.858787e+02  
3.412449e-01 1.816860e+02 3.654622e+02 5.274114e+02 8.769560e+02  
3.460016e-01 1.792298e+02 3.607764e+02 5.209916e+02 8.673359e+02  
3.508247e-01 1.762601e+02 3.552880e+02 5.135608e+02 8.562983e+02  
3.557150e-01 1.726311e+02 3.487724e+02 5.048381e+02 8.434569e+02  
3.606735e-01 1.683334e+02 3.412198e+02 4.948143e+02 8.288055e+02  
3.657011e-01 1.634955e+02 3.328360e+02 4.837516e+02 8.127162e+02  
3.707988e-01 1.583697e+02 3.240185e+02 4.721527e+02 7.958928e+02  
3.759675e-01 1.532713e+02 3.152617e+02 4.606398e+02 7.791995e+02  
3.812083e-01 1.484927e+02 3.070215e+02 4.497843e+02 7.634240e+02  
3.865221e-01 1.442437e+02 2.996231e+02 4.399916e+02 7.491191e+02  
3.919100e-01 1.406339e+02 2.932335e+02 4.314680e+02 7.365602e+02  
3.973730e-01 1.376511e+02 2.878299e+02 4.241815e+02 7.256956e+02  
4.029122e-01 1.351715e+02 2.832158e+02 4.178834e+02 7.161787e+02  
4.085286e-01 1.329796e+02 2.790538e+02 4.121511e+02 7.074274e+02  
4.142232e-01 1.308366e+02 2.749734e+02 4.065213e+02 6.988081e+02  
4.199973e-01 1.285367e+02 2.706570e+02 4.005988e+02 6.897828e+02  
4.258518e-01 1.259474e+02 2.659022e+02 3.941330e+02 6.800136e+02  
4.317880e-01 1.230206e+02 2.606380e+02 3.870375e+02 6.693880e+02  
4.378069e-01 1.198290e+02 2.549784e+02 3.794565e+02 6.581074e+02  
4.439097e-01 1.165313e+02 2.491690e+02 3.716962e+02 6.465909e+02  
4.500975e-01 1.133152e+02 2.434975e+02 3.641137e+02 6.353223e+02  
4.563716e-01 1.103264e+02 2.381857e+02 3.569830e+02 6.246691e+02  
4.627332e-01 1.076646e+02 2.333843e+02 3.504885e+02 6.148748e+02  
4.691835e-01 1.053500e+02 2.291211e+02 3.446624e+02 6.059773e+02  
4.757236e-01 1.033070e+02 2.252788e+02 3.393582e+02 5.977760e+02  
4.823549e-01 1.014018e+02 2.216525e+02 3.343224e+02 5.899300e+02  
4.890787e-01 9.950273e+01 2.180424e+02 3.293088e+02 5.821111e+02  
4.958962e-01 9.751197e+01 2.143011e+02 3.241369e+02 5.740813e+02  
5.028087e-01 9.537602e+01 2.103491e+02 3.187105e+02 5.657160e+02  
5.098176e-01 9.312084e+01 2.062272e+02 3.130807e+02 5.570862e+02  
5.169242e-01 9.083327e+01 2.020667e+02 3.074092e+02 5.484076e+02  
5.241298e-01 8.861088e+01 1.980141e+02 3.018750e+02 5.399160e+02  
5.314359e-01 8.653258e+01 1.941867e+02 2.966205e+02 5.317964e+02  
5.388438e-01 8.463948e+01 1.906444e+02 2.917176e+02 5.241399e+02  
5.463550e-01 8.290866e+01 1.873517e+02 2.871218e+02 5.168852e+02  
5.539709e-01 8.127784e+01 1.842148e+02 2.827183e+02 5.098817e+02  
5.616930e-01 7.967705e+01 1.811295e+02 2.783807e+02 5.029651e+02  
5.695227e-01 7.804715e+01 1.780085e+02 2.740036e+02 4.960007e+02  
5.774615e-01 7.636649e+01 1.748205e+02 2.695499e+02 4.889425e+02  
5.855110e-01 7.466065e+01 1.716039e+02 2.650665e+02 4.818523e+02  
5.936727e-01 7.297385e+01 1.684238e+02 2.606321e+02 4.748314e+02  
6.019482e-01 7.135448e+01 1.653508e+02 2.563313e+02 4.679869e+02  
6.103390e-01 6.983339e+01 1.624294e+02 2.522166e+02 4.613837e+02  
6.188468e-01 6.840379e+01 1.596488e+02 2.482744e+02 4.550030e+02  
6.274732e-01 6.703185e+01 1.569591e+02 2.444448e+02 4.487685e+02  
6.362198e-01 6.568830e+01 1.543175e+02 2.406766e+02 4.426159e+02  
6.450884e-01 6.434978e+01 1.516905e+02 2.369300e+02 4.364960e+02  
6.540806e-01 6.300023e+01 1.490551e+02 2.331780e+02 4.303764e+02  
6.631981e-01 6.167011e+01 1.464552e+02 2.294729e+02 4.243220e+02  
6.724427e-01 6.037308e+01 1.439102e+02 2.258376e+02 4.183610e+02  
6.818162e-01 5.911749e+01 1.414320e+02 2.222856e+02 4.125094e+02  
6.913204e-01 5.791135e+01 1.390314e+02 2.188296e+02 4.067820e+02  
7.009570e-01 5.675112e+01 1.367030e+02 2.154627e+02 4.011700e+02  
7.107280e-01 5.562453e+01 1.344291e+02 2.121642e+02 3.956476e+02  
7.206351e-01 5.451812e+01 1.321907e+02 2.089116e+02 3.901879e+02  
7.306804e-01 5.342156e+01 1.299731e+02 2.056881e+02 3.847715e+02  
7.408657e-01 5.233941e+01 1.277828e+02 2.025014e+02 3.794074e+02  
7.511929e-01 5.128012e+01 1.256316e+02 1.993648e+02 3.741117e+02  
7.616642e-01 5.025257e+01 1.235315e+02 1.962924e+02 3.689003e+02  
7.722814e-01 4.925949e+01 1.214862e+02 1.932879e+02 3.637771e+02  
7.830465e-01 4.829535e+01 1.194876e+02 1.903419e+02 3.587310e+02  
7.939618e-01 4.735357e+01 1.175266e+02 1.874439e+02 3.537496e+02  
8.050292e-01 4.642793e+01 1.155945e+02 1.845840e+02 3.488217e+02  
8.162509e-01 4.551829e+01 1.136911e+02 1.817620e+02 3.439470e+02  
8.276289e-01 4.462734e+01 1.118199e+02 1.789818e+02 3.391301e+02  
8.391656e-01 4.375796e+01 1.099848e+02 1.762475e+02 3.343754e+02  
8.508632e-01 4.291177e+01 1.081877e+02 1.735614e+02 3.296851e+02  
8.627237e-01 4.208722e+01 1.064263e+02 1.709208e+02 3.250559e+02  
8.747496e-01 4.128213e+01 1.046977e+02 1.683221e+02 3.204840e+02  
8.869432e-01 4.049422e+01 1.029986e+02 1.657618e+02 3.159655e+02  
8.993067e-01 3.972254e+01 1.013276e+02 1.632383e+02 3.114983e+02  
9.118425e-01 3.896728e+01 9.968502e+01 1.607516e+02 3.070827e+02  
9.245531e-01 3.822864e+01 9.807087e+01 1.583020e+02 3.027187e+02  
9.374409e-01 3.750670e+01 9.648517e+01 1.558892e+02 2.984059e+02  
9.505083e-01 3.680112e+01 9.492735e+01 1.535127e+02 2.941437e+02  
9.637579e-01 3.611135e+01 9.339658e+01 1.511714e+02 2.899307e+02  
9.771921e-01 3.543679e+01 9.189198e+01 1.488642e+02 2.857660e+02  
9.908137e-01 3.477690e+01 9.041273e+01 1.465903e+02 2.816484e+02  
1.004625e+00 3.413128e+01 8.895822e+01 1.443490e+02 2.775771e+02  
1.018629e+00 3.349948e+01 8.752777e+01 1.421393e+02 2.735512e+02  
1.032828e+00 3.288103e+01 8.612068e+01 1.399606e+02 2.695699e+02  
1.047225e+00 3.226525e+01 8.473647e+01 1.378122e+02 2.656326e+02  
1.061823e+00 3.168300e+01 8.337474e+01 1.356937e+02 2.617386e+02  
1.076624e+00 3.111337e+01 8.203505e+01 1.336046e+02 2.578874e+02  
1.091632e+00 3.053507e+01 8.071694e+01 1.315443e+02 2.540783e+02  
1.106848e+00 2.997915e+01 7.941995e+01 1.295122e+02 2.503109e+02  
1.122277e+00 2.943483e+01 7.814356e+01 1.275078e+02 2.465845e+02  
1.137921e+00 2.890174e+01 7.688723e+01 1.255305e+02 2.428984e+02  
1.153783e+00 2.837955e+01 7.565050e+01 1.237416e+02 2.392520e+02  
1.169866e+00 2.786805e+01 7.443300e+01 1.216550e+02 2.356450e+02  
1.186174e+00 2.736696e+01 7.323432e+01 1.197559e+02 2.320768e+02  
1.202708e+00 2.687598e+01 7.205403e+01 1.178820e+02 2.285470e+02  
1.219473e+00 2.639489e+01 7.089176e+01 1.160328e+02 2.250551e+02  
1.236472e+00 2.592343e+01 6.974715e+01 1.142079e+02 2.216006e+02  
1.253708e+00 2.546133e+01 6.861980e+01 1.124068e+02 2.181832e+02  
1.271184e+00 2.500834e+01 6.750932e+01 1.106292e+02 2.148023e+02  
1.288904e+00 2.456425e+01 6.641541e+01 1.088747e+02 2.114578e+02  
1.306870e+00 2.412882e+01 6.533773e+01 1.071429e+02 2.081491e+02  
1.325087e+00 2.370182e+01 6.427592e+01 1.054333e+02 2.048760e+02  
1.343558e+00 2.328304e+01 6.322968e+01 1.037458e+02 2.016381e+02  
1.362287e+00 2.287230e+01 6.219875e+01 1.020798e+02 1.984351e+02  
1.381276e+00 2.246940e+01 6.118282e+01 1.004353e+02 1.952666e+02  
1.400531e+00 2.207414e+01 6.018160e+01 9.881168e+01 1.921324e+02  
1.420053e+00 2.168634e+01 5.919484e+01 9.720883e+01 1.890323e+02  
1.439848e+00 2.130585e+01 5.822229e+01 9.562641e+01 1.859659e+02  
1.459919e+00 2.093246e+01 5.726367e+01 9.406412e+01 1.829330e+02  
1.480269e+00 2.056601e+01 5.631872e+01 9.252169e+01 1.799333e+02  
1.500903e+00 2.020632e+01 5.538722e+01 9.099885e+01 1.769667e+02  
1.521825e+00 1.985323e+01 5.446892e+01 8.949533e+01 1.740328e+02  
1.543038e+00 1.950654e+01 5.356354e+01 8.801085e+01 1.711314e+02  
1.564548e+00 1.916612e+01 5.267090e+01 8.654520e+01 1.682623e+02  
1.586357e+00 1.883183e+01 5.179079e+01 8.509813e+01 1.654253e+02  
1.608469e+00 1.850353e+01 5.092300e+01 8.366944e+01 1.626203e+02  
1.630891e+00 1.818108e+01 5.006734e+01 8.225888e+01 1.598471e+02  
1.653624e+00 1.786435e+01 4.922362e+01 8.086627e+01 1.571054e+02  
1.676675e+00 1.755322e+01 4.839166e+01 7.949139e+01 1.543950e+02  
1.700047e+00 1.724755e+01 4.757126e+01 7.813404e+01 1.517160e+02  
1.723745e+00 1.694721e+01 4.676224e+01 7.679402e+01 1.490679e+02  
1.747773e+00 1.665209e+01 4.596444e+01 7.547114e+01 1.464508e+02  
1.772136e+00 1.636206e+01 4.517769e+01 7.416521e+01 1.438644e+02  
1.796838e+00 1.607699e+01 4.440180e+01 7.287604e+01 1.413086e+02  
1.821885e+00 1.579679e+01 4.363664e+01 7.160347e+01 1.387833e+02  
1.847281e+00 1.552137e+01 4.288206e+01 7.034734e+01 1.362883e+02  
1.873032e+00 1.525060e+01 4.213791e+01 6.910747e+01 1.338235e+02  
1.899141e+00 1.498440e+01 4.140404e+01 6.788370e+01 1.313888e+02  
1.925614e+00 1.472267e+01 4.068032e+01 6.667589e+01 1.289840e+02  
1.952456e+00 1.446532e+01 3.996662e+01 6.548386e+01 1.266090e+02  
1.979672e+00 1.421222e+01 3.926277e+01 6.430747e+01 1.242636e+02  
2.007267e+00 1.396330e+01 3.856867e+01 6.314658e+01 1.219479e+02  
2.035248e+00 1.371848e+01 3.788418e+01 6.200103e+01 1.196616e+02  
2.063618e+00 1.347767e+01 3.720919e+01 6.087070e+01 1.174046e+02  
2.092383e+00 1.324079e+01 3.654358e+01 5.975543e+01 1.151768e+02  
2.121550e+00 1.300776e+01 3.588724e+01 5.865511e+01 1.129782e+02  
2.151123e+00 1.277852e+01 3.524005e+01 5.756961e+01 1.108085e+02  
2.181109e+00 1.255299e+01 3.460191e+01 5.649878e+01 1.086677e+02  
2.211512e+00 1.233109e+01 3.397270e+01 5.544251e+01 1.065557e+02  
2.242340e+00 1.211276e+01 3.335233e+01 5.440067e+01 1.044723e+02  
2.273597e+00 1.189791e+01 3.274069e+01 5.337314e+01 1.024174e+02  
2.305289e+00 1.168649e+01 3.213767e+01 5.235980e+01 1.003910e+02  
2.337424e+00 1.147841e+01 3.154318e+01 5.136052e+01 9.839284e+01  
2.370006e+00 1.127364e+01 3.095712e+01 5.037519e+01 9.642289e+01  
2.403043e+00 1.107210e+01 3.037941e+01 4.940370e+01 9.448103e+01  
2.436540e+00 1.087373e+01 2.980994e+01 4.844594e+01 9.256707e+01  
2.470504e+00 1.067849e+01 2.924864e+01 4.750179e+01 9.068096e+01  
2.504942e+00 1.048631e+01 2.869541e+01 4.657115e+01 8.882254e+01  
2.539859e+00 1.029714e+01 2.815017e+01 4.565390e+01 8.699169e+01  
2.575263e+00 1.011093e+01 2.761283e+01 4.474994e+01 8.518828e+01  
2.611161e+00 9.927625e+00 2.708331e+01 4.385917e+01 8.341217e+01  
2.647559e+00 9.747179e+00 2.656153e+01 4.298147e+01 8.166322e+01  
2.684465e+00 9.569536e+00 2.604740e+01 4.211674e+01 7.994129e+01  
2.721885e+00 9.394655e+00 2.554086e+01 4.126488e+01 7.824623e+01  
2.759826e+00 9.222489e+00 2.504182e+01 4.042578e+01 7.657790e+01  
2.798297e+00 9.052991e+00 2.455020e+01 3.959936e+01 7.493615e+01  
2.837304e+00 8.886119e+00 2.406593e+01 3.878549e+01 7.332080e+01  
2.876854e+00 8.721834e+00 2.358894e+01 3.798409e+01 7.173170e+01  
2.916956e+00 8.560096e+00 2.311915e+01 3.719505e+01 7.016869e+01  
2.957617e+00 8.400863e+00 2.265649e+01 3.641829e+01 6.863158e+01  
2.998844e+00 8.244098e+00 2.220090e+01 3.565367e+01 6.712021e+01  
3.040646e+00 8.089766e+00 2.175229e+01 3.490112e+01 6.563439e+01  
3.083031e+00 7.937816e+00 2.131060e+01 3.416055e+01 6.417393e+01  
3.126007e+00 7.788221e+00 2.087576e+01 3.343184e+01 6.273865e+01  
3.169582e+00 7.640947e+00 2.044771e+01 3.271491e+01 6.132834e+01  
3.213764e+00 7.495959e+00 2.002637e+01 3.200965e+01 5.994281e+01  
3.258562e+00 7.353223e+00 1.961168e+01 3.131596e+01 5.858184e+01  
3.303985e+00 7.212708e+00 1.920358e+01 3.063375e+01 5.724512e+01  
3.350041e+00 7.074383e+00 1.880199e+01 2.996293e+01 5.593276e+01  
3.396739e+00 6.938218e+00 1.840686e+01 2.930338e+01 5.464422e+01  
3.444087e+00 6.804181e+00 1.801811e+01 2.865501e+01 5.337956e+01  
3.492096e+00 6.672243e+00 1.763569e+01 2.801772e+01 5.213803e+01  
3.540774e+00 6.542376e+00 1.725954e+01 2.739142e+01 5.091990e+01  
3.590130e+00 6.414550e+00 1.688958e+01 2.677601e+01 4.972477e+01  
3.640175e+00 6.288738e+00 1.652576e+01 2.617137e+01 4.855239e+01  
3.690917e+00 6.164914e+00 1.616801e+01 2.557742e+01 4.740254e+01  
3.742366e+00 6.043052e+00 1.581628e+01 2.499404e+01 4.627494e+01  
3.794533e+00 5.923126e+00 1.547049e+01 2.442115e+01 4.516936e+01  
3.847427e+00 5.805110e+00 1.513060e+01 2.385862e+01 4.408555e+01  
3.901058e+00 5.688981e+00 1.479654e+01 2.330638e+01 4.302323e+01  
3.955436e+00 5.574714e+00 1.446825e+01 2.276430e+01 4.198215e+01  
4.010573e+00 5.462284e+00 1.414566e+01 2.223229e+01 4.096205e+01  
4.066478e+00 5.351668e+00 1.382873e+01 2.171026e+01 3.996266e+01  
4.123163e+00 5.242845e+00 1.351738e+01 2.119803e+01 3.898371e+01  
4.180637e+00 5.135791e+00 1.321157e+01 2.069557e+01 3.802493e+01  
4.238913e+00 5.030484e+00 1.291122e+01 2.020275e+01 3.708606e+01  
4.298001e+00 4.926903e+00 1.261629e+01 1.971945e+01 3.616681e+01  
4.357913e+00 4.825026e+00 1.232670e+01 1.924558e+01 3.526691e+01  
4.418660e+00 4.724831e+00 1.204241e+01 1.878101e+01 3.438609e+01  
4.480254e+00 4.626299e+00 1.176335e+01 1.832563e+01 3.352407e+01  
4.542706e+00 4.529410e+00 1.148948e+01 1.787935e+01 3.268058e+01  
4.606029e+00 4.434141e+00 1.122071e+01 1.744204e+01 3.185533e+01  
4.670234e+00 4.340474e+00 1.095700e+01 1.701358e+01 3.104803e+01  
4.735335e+00 4.248389e+00 1.069829e+01 1.659388e+01 3.025846e+01  
4.801343e+00 4.157868e+00 1.044452e+01 1.618280e+01 2.948617e+01  
4.868271e+00 4.068890e+00 1.019563e+01 1.578024e+01 2.873117e+01  
4.936132e+00 3.981438e+00 9.951561e+00 1.538608e+01 2.799295e+01  
5.004939e+00 3.895491e+00 9.712257e+00 1.500022e+01 2.727131e+01  
5.074705e+00 3.811033e+00 9.477657e+00 1.462252e+01 2.656597e+01  
5.145444e+00 3.728042e+00 9.247704e+00 1.425287e+01 2.587665e+01  
5.217169e+00 3.646506e+00 9.022336e+00 1.389114e+01 2.520307e+01  
5.289893e+00 3.566403e+00 8.801496e+00 1.353728e+01 2.454497e+01  
5.363631e+00 3.483086e+00 8.585126e+00 1.319109e+01 2.390207e+01  
5.438397e+00 3.414970e+00 8.373164e+00 1.285248e+01 2.327410e+01  
5.514206e+00 3.334516e+00 8.165554e+00 1.252134e+01 2.266079e+01  
5.591071e+00 3.259971e+00 7.962236e+00 1.219756e+01 2.206187e+01  
5.669007e+00 3.186773e+00 7.763151e+00 1.188100e+01 2.147709e+01  
5.748030e+00 3.114904e+00 7.568240e+00 1.157157e+01 2.090616e+01  
5.828155e+00 3.044348e+00 7.377445e+00 1.126913e+01 2.034884e+01  
5.909396e+00 2.975088e+00 7.190705e+00 1.097358e+01 1.980487e+01  
5.991770e+00 2.907108e+00 7.007963e+00 1.068480e+01 1.927398e+01  
6.075292e+00 2.840391e+00 6.829160e+00 1.040266e+01 1.875582e+01  
6.159978e+00 2.774921e+00 6.654235e+00 1.012706e+01 1.825045e+01  
6.245845e+00 2.710681e+00 6.483131e+00 9.857887e+00 1.775731e+01  
6.332908e+00 2.647655e+00 6.315787e+00 9.595018e+00 1.727626e+01  
6.421186e+00 2.585828e+00 6.152143e+00 9.338343e+00 1.680704e+01  
6.510694e+00 2.525183e+00 5.992149e+00 9.087692e+00 1.634943e+01  
6.601449e+00 2.465705e+00 5.835738e+00 8.843073e+00 1.590318e+01  
6.693470e+00 2.407378e+00 5.682849e+00 8.604370e+00 1.546805e+01  
6.786773e+00 2.350187e+00 5.533432e+00 8.371355e+00 1.504382e+01  
6.881377e+00 2.294115e+00 5.387425e+00 8.143980e+00 1.463025e+01  
6.977300e+00 2.239148e+00 5.244772e+00 7.922114e+00 1.422711e+01  
7.074559e+00 2.185270e+00 5.105415e+00 7.705674e+00 1.383420e+01  
7.173175e+00 2.132465e+00 4.969298e+00 7.494563e+00 1.345127e+01  
7.273165e+00 2.080720e+00 4.836363e+00 7.288681e+00 1.307813e+01  
7.374549e+00 2.030018e+00 4.706555e+00 7.087858e+00 1.271454e+01  
7.477346e+00 1.980345e+00 4.579816e+00 6.892045e+00 1.236030e+01  
7.581576e+00 1.931685e+00 4.456090e+00 6.701166e+00 1.201521e+01  
7.687260e+00 1.884026e+00 4.335321e+00 6.515070e+00 1.167905e+01  
7.794416e+00 1.837351e+00 4.217455e+00 6.333685e+00 1.135164e+01  
7.903066e+00 1.791645e+00 4.102441e+00 6.156893e+00 1.103276e+01  
8.013230e+00 1.746895e+00 3.990214e+00 5.984587e+00 1.072224e+01  
8.124930e+00 1.703087e+00 3.880728e+00 5.816697e+00 1.041986e+01  
8.238187e+00 1.660204e+00 3.773930e+00 5.653115e+00 1.012545e+01  
8.353023e+00 1.618235e+00 3.669765e+00 5.493711e+00 9.838816e+00  
8.469460e+00 1.577164e+00 3.568184e+00 5.338521e+00 9.559769e+00  
8.587519e+00 1.536977e+00 3.469134e+00 5.187322e+00 9.288177e+00  
8.707225e+00 1.497661e+00 3.372563e+00 5.040049e+00 9.023802e+00  
8.828599e+00 1.459201e+00 3.278414e+00 4.896650e+00 8.766505e+00  
8.951665e+00 1.421585e+00 3.186665e+00 4.757033e+00 8.516112e+00  
9.076446e+00 1.384798e+00 3.097222e+00 4.621106e+00 8.272455e+00  
9.202967e+00 1.348826e+00 3.010066e+00 4.488869e+00 8.035373e+00  
9.331251e+00 1.313657e+00 2.925140e+00 4.359962e+00 7.804706e+00  
9.461324e+00 1.279277e+00 2.842396e+00 4.234540e+00 7.580296e+00  
9.593209e+00 1.245673e+00 2.761789e+00 4.112600e+00 7.361992e+00  
9.726934e+00 1.212820e+00 2.683272e+00 3.993803e+00 7.149642e+00  
9.862522e+00 1.180735e+00 2.606800e+00 3.878320e+00 6.943099e+00  
1.000000e+01 1.149383e+00 2.532328e+00 3.765849e+00 6.742212e+00  
