1.000000e-02 6.269117e+03 1.118192e+04 1.496473e+04 2.208684e+04  
1.013939e-02 6.303359e+03 1.124278e+04 1.504596e+04 2.220619e+04  
1.028073e-02 6.337042e+03 1.130264e+04 1.512585e+04 2.232353e+04  
1.042404e-02 6.370143e+03 1.136145e+04 1.520433e+04 2.243879e+04  
1.056935e-02 6.402639e+03 1.141918e+04 1.528136e+04 2.255189e+04  
1.071668e-02 6.434506e+03 1.147578e+04 1.535687e+04 2.266274e+04  
1.086606e-02 6.465719e+03 1.153121e+04 1.543080e+04 2.277125e+04  
1.101753e-02 6.496252e+03 1.158542e+04 1.550310e+04 2.287733e+04  
1.117111e-02 6.526080e+03 1.163836e+04 1.557370e+04 2.298089e+04  
1.132683e-02 6.555176e+03 1.169000e+04 1.564255e+04 2.308184e+04  
1.148472e-02 6.583515e+03 1.174028e+04 1.570957e+04 2.318009e+04  
1.164481e-02 6.611071e+03 1.178915e+04 1.577470e+04 2.327555e+04  
1.180713e-02 6.637817e+03 1.183658e+04 1.583789e+04 2.336812e+04  
1.197171e-02 6.663728e+03 1.188251e+04 1.589908e+04 2.345771e+04  
1.213859e-02 6.688776e+03 1.192689e+04 1.595819e+04 2.354424e+04  
1.230780e-02 6.712937e+03 1.196969e+04 1.601516e+04 2.362760e+04  
1.247936e-02 6.736185e+03 1.201085e+04 1.606995e+04 2.370771e+04  
1.265332e-02 6.758493e+03 1.205033e+04 1.612247e+04 2.378448e+04  
1.282970e-02 6.779835e+03 1.208808e+04 1.617268e+04 2.385781e+04  
1.300854e-02 6.800185e+03 1.212406e+04 1.622050e+04 2.392761e+04  
1.318987e-02 6.819514e+03 1.215820e+04 1.626588e+04 2.399379e+04  
1.337373e-02 6.837792e+03 1.219047e+04 1.630873e+04 2.405623e+04  
1.356015e-02 6.854990e+03 1.222080e+04 1.634899e+04 2.411483e+04  
1.374917e-02 6.871079e+03 1.224915e+04 1.638659e+04 2.416949e+04  
1.394083e-02 6.886030e+03 1.227547e+04 1.642146e+04 2.422012e+04  
1.413516e-02 6.899815e+03 1.229970e+04 1.645353e+04 2.426660e+04  
1.433219e-02 6.912405e+03 1.232179e+04 1.648274e+04 2.430885e+04  
1.453198e-02 6.923771e+03 1.234169e+04 1.650902e+04 2.434676e+04  
1.473454e-02 6.933885e+03 1.235936e+04 1.653229e+04 2.438023e+04  
1.493993e-02 6.942718e+03 1.237473e+04 1.655249e+04 2.440916e+04  
1.514819e-02 6.950243e+03 1.238777e+04 1.656956e+04 2.443345e+04  
1.535935e-02 6.956433e+03 1.239842e+04 1.658344e+04 2.445302e+04  
1.557345e-02 6.961262e+03 1.240664e+04 1.659405e+04 2.446777e+04  
1.579053e-02 6.964703e+03 1.241238e+04 1.660134e+04 2.447761e+04  
1.601064e-02 6.966730e+03 1.241559e+04 1.660525e+04 2.448244e+04  
1.623382e-02 6.967315e+03 1.241622e+04 1.660570e+04 2.448217e+04  
1.646012e-02 6.966432e+03 1.241424e+04 1.660264e+04 2.447671e+04  
1.668956e-02 6.964054e+03 1.240958e+04 1.659600e+04 2.446597e+04  
1.692220e-02 6.960158e+03 1.240221e+04 1.658574e+04 2.444987e+04  
1.715809e-02 6.954720e+03 1.239209e+04 1.657178e+04 2.442832e+04  
1.739726e-02 6.947718e+03 1.237918e+04 1.655409e+04 2.440125e+04  
1.763977e-02 6.939129e+03 1.236343e+04 1.653261e+04 2.436858e+04  
1.788566e-02 6.928931e+03 1.234481e+04 1.650727e+04 2.433023e+04  
1.813498e-02 6.917101e+03 1.232329e+04 1.647804e+04 2.428613e+04  
1.838777e-02 6.903620e+03 1.229881e+04 1.644487e+04 2.423620e+04  
1.864409e-02 6.888471e+03 1.227136e+04 1.640771e+04 2.418040e+04  
1.890397e-02 6.871637e+03 1.224090e+04 1.636653e+04 2.411867e+04  
1.916748e-02 6.853103e+03 1.220741e+04 1.632130e+04 2.405095e+04  
1.943467e-02 6.832856e+03 1.217087e+04 1.627198e+04 2.397720e+04  
1.970558e-02 6.810882e+03 1.213125e+04 1.621853e+04 2.389737e+04  
1.998026e-02 6.787170e+03 1.208852e+04 1.616095e+04 2.381144e+04  
2.025878e-02 6.761710e+03 1.204269e+04 1.609919e+04 2.371936e+04  
2.054117e-02 6.734495e+03 1.199373e+04 1.603326e+04 2.362111e+04  
2.082751e-02 6.705523e+03 1.194163e+04 1.596313e+04 2.351670e+04  
2.111783e-02 6.674793e+03 1.188641e+04 1.588882e+04 2.340612e+04  
2.141220e-02 6.642304e+03 1.182805e+04 1.581033e+04 2.328936e+04  
2.171068e-02 6.608053e+03 1.176656e+04 1.572764e+04 2.316644e+04  
2.201331e-02 6.572042e+03 1.170193e+04 1.564076e+04 2.303734e+04  
2.232016e-02 6.534273e+03 1.163418e+04 1.554970e+04 2.290209e+04  
2.263130e-02 6.494753e+03 1.156331e+04 1.545448e+04 2.276071e+04  
2.294676e-02 6.453494e+03 1.148935e+04 1.535513e+04 2.261325e+04  
2.326663e-02 6.410510e+03 1.141232e+04 1.525168e+04 2.245975e+04  
2.359095e-02 6.365819e+03 1.133225e+04 1.514418e+04 2.230030e+04  
2.391980e-02 6.319436e+03 1.124918e+04 1.503267e+04 2.213494e+04  
2.425323e-02 6.271382e+03 1.116314e+04 1.491719e+04 2.196375e+04  
2.459130e-02 6.221680e+03 1.107418e+04 1.479780e+04 2.178682e+04  
2.493409e-02 6.170358e+03 1.098234e+04 1.467458e+04 2.160425e+04  
2.528166e-02 6.117452e+03 1.088769e+04 1.454760e+04 2.141617e+04  
2.563407e-02 6.063000e+03 1.079029e+04 1.441697e+04 2.122271e+04  
2.599140e-02 6.007046e+03 1.069023e+04 1.428279e+04 2.102403e+04  
2.635371e-02 5.949627e+03 1.058758e+04 1.414515e+04 2.082028e+04  
2.672106e-02 5.890785e+03 1.048241e+04 1.400414e+04 2.061160e+04  
2.709354e-02 5.830563e+03 1.037479e+04 1.385988e+04 2.039813e+04  
2.747121e-02 5.769012e+03 1.026482e+04 1.371249e+04 2.018008e+04  
2.785414e-02 5.706191e+03 1.015261e+04 1.356211e+04 1.995764e+04  
2.824241e-02 5.642162e+03 1.003826e+04 1.340889e+04 1.973105e+04  
2.863610e-02 5.576997e+03 9.921906e+03 1.325300e+04 1.950054e+04  
2.903527e-02 5.510757e+03 9.803656e+03 1.309460e+04 1.926635e+04  
2.944000e-02 5.443503e+03 9.683620e+03 1.293381e+04 1.902869e+04  
2.985038e-02 5.375301e+03 9.561913e+03 1.277081e+04 1.878779e+04  
3.026648e-02 5.306222e+03 9.438667e+03 1.260577e+04 1.854390e+04  
3.068838e-02 5.236348e+03 9.314024e+03 1.243887e+04 1.829732e+04  
3.111616e-02 5.165764e+03 9.188139e+03 1.227033e+04 1.804834e+04  
3.154990e-02 5.094565e+03 9.061181e+03 1.210038e+04 1.779731e+04  
3.198969e-02 5.022839e+03 8.933305e+03 1.192921e+04 1.754452e+04  
3.243561e-02 4.950661e+03 8.804647e+03 1.175701e+04 1.729025e+04  
3.288774e-02 4.878114e+03 8.675353e+03 1.158398e+04 1.703479e+04  
3.334618e-02 4.805286e+03 8.545581e+03 1.141033e+04 1.677844e+04  
3.381101e-02 4.732272e+03 8.415500e+03 1.123629e+04 1.652154e+04  
3.428231e-02 4.659175e+03 8.285294e+03 1.106209e+04 1.626445e+04  
3.476019e-02 4.586105e+03 8.155158e+03 1.088801e+04 1.600756e+04  
3.524473e-02 4.513170e+03 8.025282e+03 1.071429e+04 1.575124e+04  
3.573602e-02 4.440458e+03 7.895825e+03 1.054114e+04 1.549580e+04  
3.623416e-02 4.368061e+03 7.766949e+03 1.036879e+04 1.524156e+04  
3.673925e-02 4.296077e+03 7.638827e+03 1.019747e+04 1.498887e+04  
3.725137e-02 4.224609e+03 7.511644e+03 1.002741e+04 1.473808e+04  
3.777064e-02 4.153769e+03 7.385596e+03 9.858889e+03 1.448958e+04  
3.829714e-02 4.083673e+03 7.260890e+03 9.692176e+03 1.424378e+04  
3.883098e-02 4.014435e+03 7.137726e+03 9.527537e+03 1.400106e+04  
3.937226e-02 3.946120e+03 7.016221e+03 9.365130e+03 1.376166e+04  
3.992109e-02 3.878784e+03 6.896474e+03 9.205084e+03 1.352577e+04  
4.047757e-02 3.812486e+03 6.778586e+03 9.047536e+03 1.329359e+04  
4.104181e-02 3.747284e+03 6.662661e+03 8.892624e+03 1.306532e+04  
4.161391e-02 3.683238e+03 6.548805e+03 8.740489e+03 1.284117e+04  
4.219398e-02 3.620412e+03 6.437129e+03 8.591278e+03 1.262135e+04  
4.278214e-02 3.558870e+03 6.327749e+03 8.445144e+03 1.240610e+04  
4.337850e-02 3.498699e+03 6.220813e+03 8.302286e+03 1.219570e+04  
4.398317e-02 3.439993e+03 6.116491e+03 8.162929e+03 1.199047e+04  
4.459628e-02 3.382855e+03 6.014959e+03 8.027307e+03 1.179078e+04  
4.521792e-02 3.327387e+03 5.916401e+03 7.895663e+03 1.159697e+04  
4.584824e-02 3.273701e+03 5.821009e+03 7.768253e+03 1.140941e+04  
4.648734e-02 3.221909e+03 5.728982e+03 7.645340e+03 1.122849e+04  
4.713535e-02 3.172112e+03 5.640496e+03 7.527160e+03 1.105457e+04  
4.779239e-02 3.124319e+03 5.555564e+03 7.413726e+03 1.088765e+04  
4.845859e-02 3.078498e+03 5.474128e+03 7.304961e+03 1.072763e+04  
4.913407e-02 3.034609e+03 5.396116e+03 7.200769e+03 1.057435e+04  
4.981898e-02 2.992606e+03 5.321443e+03 7.101034e+03 1.042766e+04  
5.051342e-02 2.952431e+03 5.250006e+03 7.005620e+03 1.028735e+04  
5.121755e-02 2.914021e+03 5.181693e+03 6.914373e+03 1.015320e+04  
5.193150e-02 2.877329e+03 5.116418e+03 6.827182e+03 1.002503e+04  
5.265540e-02 2.842323e+03 5.054123e+03 6.743966e+03 9.902740e+03  
5.338938e-02 2.808964e+03 4.994736e+03 6.664631e+03 9.786180e+03  
5.413360e-02 2.777206e+03 4.938174e+03 6.589062e+03 9.675185e+03  
5.488820e-02 2.746993e+03 4.884338e+03 6.517128e+03 9.569564e+03  
5.565331e-02 2.718264e+03 4.833116e+03 6.448677e+03 9.469093e+03  
5.642908e-02 2.690945e+03 4.784377e+03 6.383538e+03 9.373521e+03  
5.721568e-02 2.664955e+03 4.737977e+03 6.321515e+03 9.282560e+03  
5.801323e-02 2.640202e+03 4.693750e+03 6.262389e+03 9.195890e+03  
5.882190e-02 2.616583e+03 4.651515e+03 6.205917e+03 9.113155e+03  
5.964185e-02 2.593983e+03 4.611067e+03 6.151826e+03 9.033955e+03  
6.047322e-02 2.572271e+03 4.572175e+03 6.099808e+03 8.957840e+03  
6.131619e-02 2.551298e+03 4.534576e+03 6.049515e+03 8.884299e+03  
6.217090e-02 2.530901e+03 4.497982e+03 6.000563e+03 8.812769e+03  
6.303753e-02 2.510902e+03 4.462078e+03 5.952534e+03 8.742638e+03  
6.391624e-02 2.491105e+03 4.426524e+03 5.904976e+03 8.673242e+03  
6.480720e-02 2.471333e+03 4.391008e+03 5.857474e+03 8.603976e+03  
6.571058e-02 2.451428e+03 4.355254e+03 5.809664e+03 8.534302e+03  
6.662655e-02 2.431222e+03 4.318965e+03 5.761152e+03 8.463643e+03  
6.755528e-02 2.410529e+03 4.281822e+03 5.711513e+03 8.391376e+03  
6.849697e-02 2.389158e+03 4.243488e+03 5.660304e+03 8.316849e+03  
6.945178e-02 2.366944e+03 4.203680e+03 5.607148e+03 8.239510e+03  
7.041990e-02 2.343731e+03 4.162124e+03 5.551686e+03 8.158827e+03  
7.140151e-02 2.319349e+03 4.118530e+03 5.493530e+03 8.074231e+03  
7.239681e-02 2.293619e+03 4.072585e+03 5.432271e+03 7.985118e+03  
7.340598e-02 2.266401e+03 4.024051e+03 5.367591e+03 7.891018e+03  
7.442922e-02 2.237607e+03 3.972780e+03 5.299297e+03 7.791644e+03  
7.546673e-02 2.207150e+03 3.918622e+03 5.227193e+03 7.686706e+03  
7.651869e-02 2.174939e+03 3.861424e+03 5.151076e+03 7.575900e+03  
7.758532e-02 2.140918e+03 3.801095e+03 5.070828e+03 7.459049e+03  
7.866682e-02 2.105103e+03 3.737664e+03 4.986490e+03 7.336211e+03  
7.976339e-02 2.067517e+03 3.671180e+03 4.898127e+03 7.207476e+03  
8.087525e-02 2.028192e+03 3.601702e+03 4.805819e+03 7.072959e+03  
8.200261e-02 1.987199e+03 3.529359e+03 4.709738e+03 6.932910e+03  
8.314568e-02 1.944665e+03 3.454374e+03 4.610182e+03 6.787762e+03  
8.430468e-02 1.900731e+03 3.376998e+03 4.507483e+03 6.638002e+03  
8.547985e-02 1.855555e+03 3.297507e+03 4.402009e+03 6.484172e+03  
8.667139e-02 1.809326e+03 3.216233e+03 4.294200e+03 6.326914e+03  
8.787954e-02 1.762258e+03 3.133551e+03 4.184553e+03 6.166961e+03  
8.910453e-02 1.714587e+03 3.049870e+03 4.073611e+03 6.005110e+03  
9.034660e-02 1.666562e+03 2.965625e+03 3.961950e+03 5.842210e+03  
9.160598e-02 1.618443e+03 2.881268e+03 3.850167e+03 5.679138e+03  
9.288292e-02 1.570509e+03 2.797282e+03 3.738902e+03 5.516837e+03  
9.417766e-02 1.523062e+03 2.714190e+03 3.628846e+03 5.356324e+03  
9.549045e-02 1.476412e+03 2.632527e+03 3.520706e+03 5.198640e+03  
9.682153e-02 1.430830e+03 2.552764e+03 3.415105e+03 5.044699e+03  
9.817117e-02 1.386596e+03 2.475380e+03 3.312675e+03 4.895433e+03  
9.953962e-02 1.344008e+03 2.400890e+03 3.214094e+03 4.751837e+03  
1.009272e-01 1.303349e+03 2.329780e+03 3.120004e+03 4.614855e+03  
1.023340e-01 1.264809e+03 2.262375e+03 3.030832e+03 4.485111e+03  
1.037605e-01 1.228566e+03 2.198979e+03 2.946977e+03 4.363191e+03  
1.052069e-01 1.194806e+03 2.139908e+03 2.868855e+03 4.249706e+03  
1.066734e-01 1.163655e+03 2.085378e+03 2.796746e+03 4.145064e+03  
1.081604e-01 1.135142e+03 2.035429e+03 2.730702e+03 4.049340e+03  
1.096681e-01 1.109281e+03 1.990081e+03 2.670747e+03 3.962570e+03  
1.111968e-01 1.086070e+03 1.949326e+03 2.616867e+03 3.884732e+03  
1.127468e-01 1.065417e+03 1.913000e+03 2.568843e+03 3.815506e+03  
1.143184e-01 1.047182e+03 1.880852e+03 2.526340e+03 3.754401e+03  
1.159120e-01 1.031202e+03 1.852597e+03 2.488981e+03 3.700869e+03  
1.175277e-01 1.017279e+03 1.827890e+03 2.456309e+03 3.654238e+03  
1.191660e-01 1.005173e+03 1.806309e+03 2.427765e+03 3.613693e+03  
1.208271e-01 9.946155e+02 1.787388e+03 2.402736e+03 3.578335e+03  
1.225114e-01 9.853152e+02 1.770625e+03 2.380553e+03 3.547188e+03  
1.242191e-01 9.769591e+02 1.755476e+03 2.360505e+03 3.519205e+03  
1.259506e-01 9.692064e+02 1.741357e+03 2.341816e+03 3.493250e+03  
1.277063e-01 9.616969e+02 1.727647e+03 2.323672e+03 3.468121e+03  
1.294865e-01 9.540718e+02 1.713734e+03 2.305263e+03 3.442624e+03  
1.312915e-01 9.459486e+02 1.698965e+03 2.285729e+03 3.415483e+03  
1.331216e-01 9.369551e+02 1.682706e+03 2.264235e+03 3.385462e+03  
1.349772e-01 9.268032e+02 1.664469e+03 2.240138e+03 3.351599e+03  
1.368587e-01 9.152025e+02 1.643765e+03 2.212793e+03 3.312930e+03  
1.387665e-01 9.019217e+02 1.620205e+03 2.181689e+03 3.268684e+03  
1.407008e-01 8.868565e+02 1.593618e+03 2.146599e+03 3.218518e+03  
1.426621e-01 8.699175e+02 1.563859e+03 2.107333e+03 3.162135e+03  
1.446507e-01 8.511222e+02 1.530964e+03 2.063939e+03 3.099601e+03  
1.466671e-01 8.305923e+02 1.495146e+03 2.016700e+03 3.031328e+03  
1.487115e-01 8.084824e+02 1.456673e+03 1.965971e+03 2.957839e+03  
1.507845e-01 7.850480e+02 1.415984e+03 1.912330e+03 2.879995e+03  
1.528864e-01 7.605971e+02 1.373606e+03 1.856475e+03 2.798830e+03  
1.550175e-01 7.354807e+02 1.330136e+03 1.799193e+03 2.715519e+03  
1.571784e-01 7.101021e+02 1.286260e+03 1.741389e+03 2.631410e+03  
1.593694e-01 6.848933e+02 1.242712e+03 1.684029e+03 2.547938e+03  
1.615909e-01 6.602827e+02 1.200216e+03 1.628068e+03 2.466521e+03  
1.638434e-01 6.367153e+02 1.159525e+03 1.574494e+03 2.388626e+03  
1.661273e-01 6.145673e+02 1.121273e+03 1.524140e+03 2.315483e+03  
1.684430e-01 5.941441e+02 1.085974e+03 1.477680e+03 2.248085e+03  
1.707910e-01 5.756932e+02 1.054041e+03 1.435654e+03 2.187228e+03  
1.731717e-01 5.593162e+02 1.025642e+03 1.398278e+03 2.133225e+03  
1.755856e-01 5.450683e+02 1.000863e+03 1.365664e+03 2.086240e+03  
1.780332e-01 5.328821e+02 9.795846e+02 1.337651e+03 2.046033e+03  
1.805149e-01 5.226376e+02 9.615978e+02 1.313962e+03 2.012197e+03  
1.830312e-01 5.141307e+02 9.465516e+02 1.294136e+03 1.984052e+03  
1.855825e-01 5.071036e+02 9.340057e+02 1.277592e+03 1.960747e+03  
1.881694e-01 5.012475e+02 9.234351e+02 1.263641e+03 1.941268e+03  
1.907924e-01 4.962096e+02 9.142418e+02 1.251499e+03 1.924458e+03  
1.934520e-01 4.915935e+02 9.057573e+02 1.240287e+03 1.909019e+03  
1.961486e-01 4.869664e+02 8.972540e+02 1.229050e+03 1.893537e+03  
1.988828e-01 4.819159e+02 8.880412e+02 1.216882e+03 1.876662e+03  
2.016551e-01 4.760473e+02 8.774598e+02 1.202917e+03 1.857099e+03  
2.044661e-01 4.690751e+02 8.650359e+02 1.186532e+03 1.833916e+03  
2.073162e-01 4.607918e+02 8.504279e+02 1.167279e+03 1.806435e+03  
2.102061e-01 4.511422e+02 8.335487e+02 1.145044e+03 1.774480e+03  
2.131362e-01 4.401671e+02 8.144721e+02 1.119924e+03 1.738196e+03  
2.161073e-01 4.280476e+02 7.935054e+02 1.092326e+03 1.698186e+03  
2.191197e-01 4.150404e+02 7.710809e+02 1.062818e+03 1.655304e+03  
2.221741e-01 4.014812e+02 7.477612e+02 1.032141e+03 1.610658e+03  
2.252711e-01 3.877426e+02 7.241689e+02 1.001113e+03 1.565472e+03  
2.284112e-01 3.742230e+02 7.009678e+02 9.706060e+02 1.521044e+03  
2.315951e-01 3.612975e+02 6.787811e+02 9.414349e+02 1.478587e+03  
2.348235e-01 3.493032e+02 6.581670e+02 9.143298e+02 1.439182e+03  
2.380968e-01 3.384830e+02 6.395264e+02 8.898127e+02 1.403597e+03  
2.414157e-01 3.289940e+02 6.231153e+02 8.682156e+02 1.372319e+03  
2.447809e-01 3.208961e+02 6.090286e+02 8.496594e+02 1.345521e+03  
2.481930e-01 3.141294e+02 5.971615e+02 8.340047e+02 1.322992e+03  
2.516527e-01 3.085385e+02 5.872512e+02 8.209060e+02 1.304222e+03  
2.551606e-01 3.038731e+02 5.788791e+02 8.098153e+02 1.288400e+03  
2.587174e-01 2.998086e+02 5.715048e+02 8.000260e+02 1.274483e+03  
2.623238e-01 2.959851e+02 5.645318e+02 7.907587e+02 1.261318e+03  
2.659804e-01 2.920459e+02 5.573713e+02 7.812440e+02 1.247765e+03  
2.696881e-01 2.876951e+02 5.495370e+02 7.708469e+02 1.232879e+03  
2.734474e-01 2.827141e+02 5.406711e+02 7.591000e+02 1.215966e+03  
2.772591e-01 2.769790e+02 5.305731e+02 7.457426e+02 1.196638e+03  
2.811239e-01 2.704787e+02 5.192290e+02 7.307575e+02 1.174871e+03  
2.850426e-01 2.633038e+02 5.067908e+02 7.143450e+02 1.150965e+03  
2.890160e-01 2.556395e+02 4.935654e+02 6.969079e+02 1.125523e+03  
2.930447e-01 2.477533e+02 4.799937e+02 6.790227e+02 1.099405e+03  
2.971296e-01 2.399557e+02 4.665849e+02 6.613544e+02 1.073598e+03  
3.012714e-01 2.325357e+02 4.538113e+02 6.445176e+02 1.049010e+03  
3.054710e-01 2.257231e+02 4.420466e+02 6.289973e+02 1.026354e+03  
3.097291e-01 2.196630e+02 4.315250e+02 6.150960e+02 1.006071e+03  
3.140465e-01 2.143977e+02 4.223120e+02 6.028965e+02 9.882771e+02  
3.184242e-01 2.098837e+02 4.143329e+02 5.922992e+02 9.728213e+02  
3.228628e-01 2.059917e+02 4.073736e+02 5.830245e+02 9.592898e+02  
3.273634e-01 2.025193e+02 4.011025e+02 5.746411e+02 9.470473e+02  
3.319266e-01 1.992234e+02 3.951228e+02 5.666334e+02 9.353359e+02  
3.365535e-01 1.958647e+02 3.890464e+02 5.584977e+02 9.234158e+02  
3.412449e-01 1.922544e+02 3.825679e+02 5.498387e+02 9.107072e+02  
3.460016e-01 1.882812e+02 3.755092e+02 5.404264e+02 8.968740e+02  
3.508247e-01 1.839276e+02 3.678444e+02 5.302282e+02 8.818721e+02  
3.557150e-01 1.792573e+02 3.596786e+02 5.193824e+02 8.659081e+02  
3.606735e-01 1.744107e+02 3.512400e+02 5.081856e+02 8.494210e+02  
3.657011e-01 1.695720e+02 3.428263e+02 4.970237e+02 8.329780e+02  
3.707988e-01 1.649227e+02 3.347296e+02 4.862740e+02 8.171302e+02  
3.759675e-01 1.606065e+02 3.271792e+02 4.762320e+02 8.023066e+02  
3.812083e-01 1.567045e+02 3.203038e+02 4.670617e+02 7.887417e+02  
3.865221e-01 1.532279e+02 3.141188e+02 4.587816e+02 7.764584e+02  
3.919100e-01 1.501214e+02 3.085332e+02 4.512726e+02 7.652805e+02  
3.973730e-01 1.472672e+02 3.033569e+02 4.442893e+02 7.548498e+02  
4.029122e-01 1.445153e+02 2.983494e+02 4.375217e+02 7.447164e+02  
4.085286e-01 1.417256e+02 2.932871e+02 4.306827e+02 7.344661e+02  
4.142232e-01 1.388104e+02 2.880314e+02 4.235948e+02 7.238440e+02  
4.199973e-01 1.357393e+02 2.825351e+02 4.161984e+02 7.127668e+02  
4.258518e-01 1.325353e+02 2.768359e+02 4.085429e+02 7.013089e+02  
4.317880e-01 1.292724e+02 2.710523e+02 4.007811e+02 6.896929e+02  
4.378069e-01 1.260513e+02 2.653438e+02 3.931175e+02 6.782137e+02  
4.439097e-01 1.229818e+02 2.598837e+02 3.857735e+02 6.671881e+02  
4.500975e-01 1.201232e+02 2.547643e+02 3.788660e+02 6.567810e+02  
4.563716e-01 1.174876e+02 2.500034e+02 3.724167e+02 6.470205e+02  
4.627332e-01 1.150482e+02 2.455575e+02 3.663691e+02 6.378237e+02  
4.691835e-01 1.127488e+02 2.413372e+02 3.606085e+02 6.290261e+02  
4.757236e-01 1.105028e+02 2.372061e+02 3.549615e+02 6.203811e+02  
4.823549e-01 1.082395e+02 2.330536e+02 3.492877e+02 6.116912e+02  
4.890787e-01 1.059289e+02 2.288339e+02 3.435295e+02 6.028764e+02  
4.958962e-01 1.035790e+02 2.245594e+02 3.377033e+02 5.939621e+02  
5.028087e-01 1.012211e+02 2.202800e+02 3.318727e+02 5.850390e+02  
5.098176e-01 9.890875e+01 2.160784e+02 3.261425e+02 5.762548e+02  
5.169242e-01 9.669271e+01 2.120332e+02 3.206115e+02 5.677471e+02  
5.241298e-01 9.459945e+01 2.081845e+02 3.153298e+02 5.595840e+02  
5.314359e-01 9.261995e+01 2.045175e+02 3.102781e+02 5.517372e+02  
5.388438e-01 9.073222e+01 2.009977e+02 3.054124e+02 5.441445e+02  
5.463550e-01 8.889558e+01 1.975621e+02 3.006534e+02 5.366957e+02  
5.539709e-01 8.707196e+01 1.941521e+02 2.959279e+02 5.292904e+02  
5.616930e-01 8.524914e+01 1.907494e+02 2.912132e+02 5.218983e+02  
5.695227e-01 8.343112e+01 1.873602e+02 2.865173e+02 5.145314e+02  
5.774615e-01 8.163741e+01 1.840143e+02 2.818777e+02 5.072415e+02  
5.855110e-01 7.989483e+01 1.807525e+02 2.773449e+02 5.000971e+02  
5.936727e-01 7.822119e+01 1.776013e+02 2.729516e+02 4.931419e+02  
6.019482e-01 7.661462e+01 1.745574e+02 2.686934e+02 4.863689e+02  
6.103390e-01 7.506583e+01 1.716064e+02 2.645520e+02 4.797527e+02  
6.188468e-01 7.355638e+01 1.687201e+02 2.604926e+02 4.732467e+02  
6.274732e-01 7.206750e+01 1.658703e+02 2.564804e+02 4.668045e+02  
6.362198e-01 7.059597e+01 1.630523e+02 2.525096e+02 4.604187e+02  
6.450884e-01 6.914698e+01 1.602738e+02 2.485898e+02 4.541024e+02  
6.540806e-01 6.773113e+01 1.575505e+02 2.447402e+02 4.478810e+02  
6.631981e-01 6.635919e+01 1.548981e+02 2.409800e+02 4.417792e+02  
6.724427e-01 6.503064e+01 1.523156e+02 2.373076e+02 4.357944e+02  
6.818162e-01 6.373917e+01 1.497934e+02 2.337111e+02 4.299109e+02  
6.913204e-01 6.247883e+01 1.473226e+02 2.301797e+02 4.241144e+02  
7.009570e-01 6.124327e+01 1.448936e+02 2.267017e+02 4.183900e+02  
7.107280e-01 6.003010e+01 1.425030e+02 2.232730e+02 4.127324e+02  
7.206351e-01 5.884200e+01 1.401546e+02 2.198981e+02 4.071474e+02  
7.306804e-01 5.768207e+01 1.378527e+02 2.165821e+02 4.016415e+02  
7.408657e-01 5.655299e+01 1.356011e+02 2.133295e+02 3.962199e+02  
7.511929e-01 5.545367e+01 1.333979e+02 2.101380e+02 3.908794e+02  
7.616642e-01 5.438125e+01 1.312389e+02 2.070023e+02 3.856133e+02  
7.722814e-01 5.333259e+01 1.291194e+02 2.039169e+02 3.804148e+02  
7.830465e-01 5.230552e+01 1.270363e+02 2.008778e+02 3.752789e+02  
7.939618e-01 5.130038e+01 1.249899e+02 1.978856e+02 3.702061e+02  
8.050292e-01 5.031778e+01 1.229809e+02 1.949411e+02 3.651974e+02  
8.162509e-01 4.935829e+01 1.210101e+02 1.920449e+02 3.602534e+02  
8.276289e-01 4.842158e+01 1.190768e+02 1.891963e+02 3.553731e+02  
8.391656e-01 4.750656e+01 1.171794e+02 1.863933e+02 3.505537e+02  
8.508632e-01 4.661200e+01 1.153160e+02 1.836335e+02 3.457927e+02  
8.627237e-01 4.573675e+01 1.134850e+02 1.809151e+02 3.410876e+02  
8.747496e-01 4.488047e+01 1.116856e+02 1.782373e+02 3.364374e+02  
8.869432e-01 4.404301e+01 1.099177e+02 1.755995e+02 3.318415e+02  
8.993067e-01 4.322412e+01 1.081808e+02 1.730014e+02 3.272991e+02  
9.118425e-01 4.242346e+01 1.064743e+02 1.704421e+02 3.228094e+02  
9.245531e-01 4.164052e+01 1.047973e+02 1.679207e+02 3.183710e+02  
9.374409e-01 4.087470e+01 1.031490e+02 1.654360e+02 3.139827e+02  
9.505083e-01 4.012537e+01 1.015284e+02 1.629870e+02 3.096430e+02  
9.637579e-01 3.939207e+01 9.993482e+01 1.605727e+02 3.053510e+02  
9.771921e-01 3.867446e+01 9.836767e+01 1.581925e+02 3.011058e+02  
9.908137e-01 3.797210e+01 9.682629e+01 1.558456e+02 2.969065e+02  
1.004625e+00 3.728457e+01 9.531002e+01 1.535312e+02 2.927521e+02  
1.018629e+00 3.661153e+01 9.381833e+01 1.512487e+02 2.886419e+02  
1.032828e+00 3.595263e+01 9.235066e+01 1.489974e+02 2.845751e+02  
1.047225e+00 3.530744e+01 9.090637e+01 1.467765e+02 2.805508e+02  
1.061823e+00 3.467562e+01 8.948492e+01 1.445854e+02 2.765684e+02  
1.076624e+00 3.405686e+01 8.808584e+01 1.424236e+02 2.726271e+02  
1.091632e+00 3.345082e+01 8.670859e+01 1.402904e+02 2.687264e+02  
1.106848e+00 3.284188e+01 8.535263e+01 1.381852e+02 2.648654e+02  
1.122277e+00 3.227545e+01 8.401748e+01 1.361075e+02 2.610436e+02  
1.137921e+00 3.170550e+01 8.270266e+01 1.340566e+02 2.572603e+02  
1.153783e+00 3.114691e+01 8.140766e+01 1.320321e+02 2.535150e+02  
1.169866e+00 3.059936e+01 8.013201e+01 1.300333e+02 2.498072e+02  
1.186174e+00 3.006266e+01 7.887537e+01 1.280599e+02 2.461363e+02  
1.202708e+00 2.953656e+01 7.763739e+01 1.261115e+02 2.425020e+02  
1.219473e+00 2.902080e+01 7.641768e+01 1.241876e+02 2.389038e+02  
1.236472e+00 2.851513e+01 7.521586e+01 1.222878e+02 2.353413e+02  
1.253708e+00 2.801928e+01 7.403153e+01 1.204117e+02 2.318141e+02  
1.271184e+00 2.753294e+01 7.286426e+01 1.185587e+02 2.283216e+02  
1.288904e+00 2.705581e+01 7.171363e+01 1.167285e+02 2.248635e+02  
1.306870e+00 2.658769e+01 7.057936e+01 1.149207e+02 2.214395e+02  
1.325087e+00 2.612841e+01 6.946115e+01 1.131349e+02 2.180492e+02  
1.343558e+00 2.567774e+01 6.835870e+01 1.113709e+02 2.146924e+02  
1.362287e+00 2.523546e+01 6.727170e+01 1.096283e+02 2.113688e+02  
1.381276e+00 2.480140e+01 6.619987e+01 1.079068e+02 2.080780e+02  
1.400531e+00 2.437533e+01 6.514291e+01 1.062060e+02 2.048200e+02  
1.420053e+00 2.395703e+01 6.410051e+01 1.045257e+02 2.015942e+02  
1.439848e+00 2.354632e+01 6.307242e+01 1.028656e+02 1.984006e+02  
1.459919e+00 2.314304e+01 6.205840e+01 1.012253e+02 1.952390e+02  
1.480269e+00 2.274700e+01 6.105819e+01 9.960475e+01 1.921091e+02  
1.500903e+00 2.235802e+01 6.007154e+01 9.800353e+01 1.890107e+02  
1.521825e+00 2.197595e+01 5.909825e+01 9.642145e+01 1.859437e+02  
1.543038e+00 2.160063e+01 5.813807e+01 9.485829e+01 1.829079e+02  
1.564548e+00 2.123189e+01 5.719079e+01 9.331378e+01 1.799031e+02  
1.586357e+00 2.086957e+01 5.625619e+01 9.178771e+01 1.769293e+02  
1.608469e+00 2.051353e+01 5.533407e+01 9.027988e+01 1.739862e+02  
1.630891e+00 2.016362e+01 5.442423e+01 8.879007e+01 1.710738e+02  
1.653624e+00 1.981968e+01 5.352646e+01 8.731807e+01 1.681919e+02  
1.676675e+00 1.948159e+01 5.264060e+01 8.586371e+01 1.653404e+02  
1.700047e+00 1.914923e+01 5.176647e+01 8.442680e+01 1.625193e+02  
1.723745e+00 1.882248e+01 5.090390e+01 8.300717e+01 1.597283e+02  
1.747773e+00 1.850121e+01 5.005273e+01 8.160465e+01 1.569676e+02  
1.772136e+00 1.818530e+01 4.921279e+01 8.021907e+01 1.542369e+02  
1.796838e+00 1.787463e+01 4.838393e+01 7.885026e+01 1.515362e+02  
1.821885e+00 1.756906e+01 4.756597e+01 7.749806e+01 1.488655e+02  
1.847281e+00 1.726849e+01 4.675877e+01 7.616232e+01 1.462246e+02  
1.873032e+00 1.697284e+01 4.596221e+01 7.484290e+01 1.436135e+02  
1.899141e+00 1.668198e+01 4.517614e+01 7.353967e+01 1.410323e+02  
1.925614e+00 1.639582e+01 4.440043e+01 7.225247e+01 1.384807e+02  
1.952456e+00 1.611428e+01 4.363495e+01 7.098118e+01 1.359588e+02  
1.979672e+00 1.583724e+01 4.287957e+01 6.972568e+01 1.334666e+02  
2.007267e+00 1.556462e+01 4.213417e+01 6.848583e+01 1.310039e+02  
2.035248e+00 1.529632e+01 4.139864e+01 6.726150e+01 1.285708e+02  
2.063618e+00 1.503228e+01 4.067285e+01 6.605259e+01 1.261672e+02  
2.092383e+00 1.477239e+01 3.995670e+01 6.485898e+01 1.237930e+02  
2.121550e+00 1.451658e+01 3.925007e+01 6.368055e+01 1.214483e+02  
2.151123e+00 1.426477e+01 3.855287e+01 6.251719e+01 1.191330e+02  
2.181109e+00 1.401689e+01 3.786498e+01 6.136879e+01 1.168471e+02  
2.211512e+00 1.377285e+01 3.718631e+01 6.023525e+01 1.145905e+02  
2.242340e+00 1.353258e+01 3.651675e+01 5.911647e+01 1.123632e+02  
2.273597e+00 1.329602e+01 3.585622e+01 5.801233e+01 1.101651e+02  
2.305289e+00 1.306309e+01 3.520461e+01 5.692275e+01 1.079962e+02  
2.337424e+00 1.283374e+01 3.456185e+01 5.584763e+01 1.058565e+02  
2.370006e+00 1.260791e+01 3.392783e+01 5.478686e+01 1.037458e+02  
2.403043e+00 1.238552e+01 3.330249e+01 5.374036e+01 1.016642e+02  
2.436540e+00 1.216653e+01 3.268572e+01 5.270804e+01 9.961161e+01  
2.470504e+00 1.195086e+01 3.207745e+01 5.168980e+01 9.758792e+01  
2.504942e+00 1.173847e+01 3.147759e+01 5.068554e+01 9.559308e+01  
2.539859e+00 1.152929e+01 3.088606e+01 4.969519e+01 9.362703e+01  
2.575263e+00 1.132328e+01 3.030279e+01 4.871865e+01 9.168968e+01  
2.611161e+00 1.112038e+01 2.972770e+01 4.775583e+01 8.978094e+01  
2.647559e+00 1.092053e+01 2.916071e+01 4.680666e+01 8.790074e+01  
2.684465e+00 1.072370e+01 2.860175e+01 4.587103e+01 8.604897e+01  
2.721885e+00 1.052983e+01 2.805074e+01 4.494887e+01 8.422553e+01  
2.759826e+00 1.033888e+01 2.750761e+01 4.404009e+01 8.243031e+01  
2.798297e+00 1.015081e+01 2.697230e+01 4.314461e+01 8.066319e+01  
2.837304e+00 9.965562e+00 2.644474e+01 4.226234e+01 7.892406e+01  
2.876854e+00 9.783103e+00 2.592484e+01 4.139320e+01 7.721277e+01  
2.916956e+00 9.603391e+00 2.541256e+01 4.053710e+01 7.552919e+01  
2.957617e+00 9.426385e+00 2.490781e+01 3.969396e+01 7.387318e+01  
2.998844e+00 9.252042e+00 2.441053e+01 3.886369e+01 7.224459e+01  
3.040646e+00 9.080324e+00 2.392066e+01 3.804621e+01 7.064325e+01  
3.083031e+00 8.911196e+00 2.343813e+01 3.724143e+01 6.906900e+01  
3.126007e+00 8.744626e+00 2.296288e+01 3.644927e+01 6.752166e+01  
3.169582e+00 8.580564e+00 2.249485e+01 3.566965e+01 6.600105e+01  
3.213764e+00 8.418990e+00 2.203396e+01 3.490246e+01 6.450689e+01  
3.258562e+00 8.259867e+00 2.158017e+01 3.414764e+01 6.303924e+01  
3.303985e+00 8.103160e+00 2.113340e+01 3.340509e+01 6.159766e+01  
3.350041e+00 7.948836e+00 2.069359e+01 3.267471e+01 6.018202e+01  
3.396739e+00 7.796866e+00 2.026069e+01 3.195643e+01 5.879210e+01  
3.444087e+00 7.647217e+00 1.983463e+01 3.125015e+01 5.742766e+01  
3.492096e+00 7.499859e+00 1.937838e+01 3.055577e+01 5.608849e+01  
3.540774e+00 7.354762e+00 1.900279e+01 2.987321e+01 5.477434e+01  
3.590130e+00 7.211899e+00 1.859690e+01 2.920237e+01 5.348499e+01  
3.640175e+00 7.071242e+00 1.819760e+01 2.854316e+01 5.222018e+01  
3.690917e+00 6.932763e+00 1.780485e+01 2.789547e+01 5.097965e+01  
3.742366e+00 6.796436e+00 1.741858e+01 2.725921e+01 4.976316e+01  
3.794533e+00 6.662233e+00 1.703874e+01 2.663429e+01 4.857044e+01  
3.847427e+00 6.530129e+00 1.666526e+01 2.602060e+01 4.740123e+01  
3.901058e+00 6.400097e+00 1.629808e+01 2.541803e+01 4.625525e+01  
3.955436e+00 6.272113e+00 1.593716e+01 2.482650e+01 4.513223e+01  
4.010573e+00 6.146153e+00 1.558242e+01 2.424588e+01 4.403189e+01  
4.066478e+00 6.022192e+00 1.523381e+01 2.367610e+01 4.295395e+01  
4.123163e+00 5.900206e+00 1.489126e+01 2.311698e+01 4.189813e+01  
4.180637e+00 5.780172e+00 1.455474e+01 2.256848e+01 4.086413e+01  
4.238913e+00 5.662067e+00 1.422416e+01 2.197664e+01 3.985167e+01  
4.298001e+00 5.545869e+00 1.389947e+01 2.155586e+01 3.886046e+01  
4.357913e+00 5.431554e+00 1.358062e+01 2.098543e+01 3.789020e+01  
4.418660e+00 5.319102e+00 1.326755e+01 2.047819e+01 3.694059e+01  
4.480254e+00 5.208490e+00 1.296018e+01 1.998098e+01 3.601134e+01  
4.542706e+00 5.099696e+00 1.265848e+01 1.949368e+01 3.510214e+01  
4.606029e+00 4.992699e+00 1.236237e+01 1.901617e+01 3.421271e+01  
4.670234e+00 4.887479e+00 1.207180e+01 1.854833e+01 3.334273e+01  
4.735335e+00 4.784015e+00 1.178669e+01 1.809005e+01 3.249191e+01  
4.801343e+00 4.682286e+00 1.150701e+01 1.764120e+01 3.165992e+01  
4.868271e+00 4.582272e+00 1.123268e+01 1.720165e+01 3.084650e+01  
4.936132e+00 4.483953e+00 1.096364e+01 1.677129e+01 3.005133e+01  
5.004939e+00 4.387310e+00 1.069983e+01 1.634998e+01 2.927410e+01  
5.074705e+00 4.292321e+00 1.044119e+01 1.593761e+01 2.851453e+01  
5.145444e+00 4.198969e+00 1.018766e+01 1.553405e+01 2.777230e+01  
5.217169e+00 4.107234e+00 9.939177e+00 1.513915e+01 2.704712e+01  
5.289893e+00 4.017094e+00 9.695676e+00 1.475284e+01 2.633869e+01  
5.363631e+00 3.928537e+00 9.457095e+00 1.437495e+01 2.564672e+01  
5.438397e+00 3.841537e+00 9.223372e+00 1.400534e+01 2.497091e+01  
5.514206e+00 3.756078e+00 8.994443e+00 1.364391e+01 2.431096e+01  
5.591071e+00 3.672143e+00 8.770246e+00 1.329053e+01 2.366659e+01  
5.669007e+00 3.589711e+00 8.550717e+00 1.294506e+01 2.303751e+01  
5.748030e+00 3.508765e+00 8.335792e+00 1.260738e+01 2.242343e+01  
5.828155e+00 3.429287e+00 8.125407e+00 1.227736e+01 2.182406e+01  
5.909396e+00 3.351259e+00 7.919499e+00 1.195488e+01 2.123912e+01  
5.991770e+00 3.274662e+00 7.718003e+00 1.163980e+01 2.066834e+01  
6.075292e+00 3.199479e+00 7.520855e+00 1.133200e+01 2.011135e+01  
6.159978e+00 3.125693e+00 7.327991e+00 1.103136e+01 1.956812e+01  
6.245845e+00 3.053285e+00 7.139346e+00 1.073774e+01 1.903814e+01  
6.332908e+00 2.982239e+00 6.954855e+00 1.045103e+01 1.852122e+01  
6.421186e+00 2.912536e+00 6.774454e+00 1.017109e+01 1.801709e+01  
6.510694e+00 2.844160e+00 6.598078e+00 9.897808e+00 1.752549e+01  
6.601449e+00 2.777094e+00 6.425660e+00 9.631056e+00 1.704615e+01  
6.693470e+00 2.711319e+00 6.257145e+00 9.370669e+00 1.657884e+01  
6.786773e+00 2.646820e+00 6.092461e+00 9.116672e+00 1.612328e+01  
6.881377e+00 2.583579e+00 5.931542e+00 8.868787e+00 1.567923e+01  
6.977300e+00 2.521580e+00 5.774330e+00 8.626940e+00 1.524644e+01  
7.074559e+00 2.460806e+00 5.620761e+00 8.391021e+00 1.482468e+01  
7.173175e+00 2.401239e+00 5.470770e+00 8.160925e+00 1.441368e+01  
7.273165e+00 2.342864e+00 5.324295e+00 7.936522e+00 1.401324e+01  
7.374549e+00 2.285665e+00 5.181274e+00 7.717703e+00 1.362311e+01  
7.477346e+00 2.229624e+00 5.041644e+00 7.504352e+00 1.324305e+01  
7.581576e+00 2.174725e+00 4.905343e+00 7.296355e+00 1.267625e+01  
7.687260e+00 2.120952e+00 4.772309e+00 7.093604e+00 1.251228e+01  
7.794416e+00 2.068290e+00 4.642480e+00 6.895988e+00 1.216113e+01  
7.903066e+00 2.016722e+00 4.515801e+00 6.703399e+00 1.181917e+01  
8.013230e+00 1.966231e+00 4.392201e+00 6.515747e+00 1.148620e+01  
8.124930e+00 1.916803e+00 4.271629e+00 6.332876e+00 1.116200e+01  
8.238187e+00 1.868421e+00 4.154023e+00 6.154726e+00 1.084638e+01  
8.353023e+00 1.821069e+00 4.039325e+00 5.981151e+00 1.053913e+01  
8.469460e+00 1.774732e+00 3.927477e+00 5.812144e+00 1.024006e+01  
8.587519e+00 1.729395e+00 3.818423e+00 5.647513e+00 9.948973e+00  
8.707225e+00 1.685041e+00 3.712105e+00 5.487191e+00 9.665670e+00  
8.828599e+00 1.641656e+00 3.608468e+00 5.331040e+00 9.389974e+00  
8.951665e+00 1.599225e+00 3.507448e+00 5.179059e+00 9.121700e+00  
9.076446e+00 1.557731e+00 3.409019e+00 5.031089e+00 8.861367e+00  
9.202967e+00 1.517159e+00 3.313083e+00 4.887050e+00 8.606699e+00  
9.331251e+00 1.477496e+00 3.219614e+00 4.746918e+00 8.359623e+00  
9.461324e+00 1.438725e+00 3.128554e+00 4.610332e+00 8.119271e+00  
9.593209e+00 1.400832e+00 3.039849e+00 4.477602e+00 7.885475e+00  
9.726934e+00 1.363794e+00 2.953448e+00 4.348375e+00 7.658072e+00  
9.862522e+00 1.327617e+00 2.869302e+00 4.222575e+00 7.436899e+00  
1.000000e+01 1.292288e+00 2.787361e+00 4.100342e+00 7.221814e+00  
