1.000000e-02 7.406749e+03 1.339841e+04 1.801921e+04 2.665461e+04  
1.013939e-02 7.447197e+03 1.347130e+04 1.811695e+04 2.679848e+04  
1.028073e-02 7.486963e+03 1.354294e+04 1.821302e+04 2.693986e+04  
1.042404e-02 7.526019e+03 1.361330e+04 1.830734e+04 2.707864e+04  
1.056935e-02 7.564334e+03 1.368230e+04 1.839984e+04 2.721470e+04  
1.071668e-02 7.601881e+03 1.374991e+04 1.849045e+04 2.734796e+04  
1.086606e-02 7.638627e+03 1.381606e+04 1.857909e+04 2.747829e+04  
1.101753e-02 7.674544e+03 1.388070e+04 1.866570e+04 2.760558e+04  
1.117111e-02 7.709600e+03 1.394378e+04 1.875020e+04 2.772974e+04  
1.132683e-02 7.743766e+03 1.400524e+04 1.883251e+04 2.785064e+04  
1.148472e-02 7.777011e+03 1.406502e+04 1.891256e+04 2.796819e+04  
1.164481e-02 7.809303e+03 1.412307e+04 1.899027e+04 2.808226e+04  
1.180713e-02 7.840611e+03 1.417934e+04 1.906557e+04 2.819274e+04  
1.197171e-02 7.870903e+03 1.423376e+04 1.913838e+04 2.829952e+04  
1.213859e-02 7.900148e+03 1.428627e+04 1.920862e+04 2.840248e+04  
1.230780e-02 7.928312e+03 1.433682e+04 1.927621e+04 2.850151e+04  
1.247936e-02 7.955365e+03 1.438535e+04 1.934108e+04 2.859649e+04  
1.265332e-02 7.981273e+03 1.443180e+04 1.940315e+04 2.868731e+04  
1.282970e-02 8.006006e+03 1.447612e+04 1.946234e+04 2.877385e+04  
1.300854e-02 8.029529e+03 1.451824e+04 1.951856e+04 2.885599e+04  
1.318987e-02 8.051805e+03 1.455810e+04 1.957173e+04 2.893360e+04  
1.337373e-02 8.072796e+03 1.459562e+04 1.962176e+04 2.900654e+04  
1.356015e-02 8.092466e+03 1.463075e+04 1.966855e+04 2.907468e+04  
1.374917e-02 8.110777e+03 1.466341e+04 1.971202e+04 2.913789e+04  
1.394083e-02 8.127692e+03 1.469353e+04 1.975207e+04 2.919604e+04  
1.413516e-02 8.143175e+03 1.472106e+04 1.978862e+04 2.924898e+04  
1.433219e-02 8.157189e+03 1.474592e+04 1.982158e+04 2.929660e+04  
1.453198e-02 8.169699e+03 1.476806e+04 1.985086e+04 2.933877e+04  
1.473454e-02 8.180673e+03 1.478740e+04 1.987639e+04 2.937537e+04  
1.493993e-02 8.190077e+03 1.480390e+04 1.989809e+04 2.940628e+04  
1.514819e-02 8.197879e+03 1.481749e+04 1.991586e+04 2.943139e+04  
1.535935e-02 8.204047e+03 1.482813e+04 1.992965e+04 2.945058e+04  
1.557345e-02 8.208551e+03 1.483574e+04 1.993937e+04 2.946375e+04  
1.579053e-02 8.211359e+03 1.484028e+04 1.994496e+04 2.947079e+04  
1.601064e-02 8.212437e+03 1.484168e+04 1.994632e+04 2.947157e+04  
1.623382e-02 8.211749e+03 1.483988e+04 1.994337e+04 2.946596e+04  
1.646012e-02 8.209261e+03 1.483482e+04 1.993603e+04 2.945385e+04  
1.668956e-02 8.204940e+03 1.482644e+04 1.992421e+04 2.943512e+04  
1.692220e-02 8.198754e+03 1.481469e+04 1.990785e+04 2.940966e+04  
1.715809e-02 8.190672e+03 1.479949e+04 1.988687e+04 2.937736e+04  
1.739726e-02 8.180664e+03 1.478081e+04 1.986119e+04 2.933810e+04  
1.763977e-02 8.168701e+03 1.475859e+04 1.983075e+04 2.929180e+04  
1.788566e-02 8.154756e+03 1.473278e+04 1.979548e+04 2.923835e+04  
1.813498e-02 8.138801e+03 1.470333e+04 1.975532e+04 2.917766e+04  
1.838777e-02 8.120813e+03 1.467021e+04 1.971021e+04 2.910965e+04  
1.864409e-02 8.100769e+03 1.463336e+04 1.966009e+04 2.903424e+04  
1.890397e-02 8.078650e+03 1.459276e+04 1.960493e+04 2.895136e+04  
1.916748e-02 8.054438e+03 1.454837e+04 1.954467e+04 2.886096e+04  
1.943467e-02 8.028114e+03 1.450017e+04 1.947928e+04 2.876296e+04  
1.970558e-02 7.999660e+03 1.444811e+04 1.940871e+04 2.865731e+04  
1.998026e-02 7.969059e+03 1.439217e+04 1.933292e+04 2.854396e+04  
2.025878e-02 7.936300e+03 1.433233e+04 1.925189e+04 2.842286e+04  
2.054117e-02 7.901372e+03 1.426858e+04 1.916560e+04 2.829398e+04  
2.082751e-02 7.864269e+03 1.420089e+04 1.907402e+04 2.815730e+04  
2.111783e-02 7.824987e+03 1.412927e+04 1.897716e+04 2.801282e+04  
2.141220e-02 7.783525e+03 1.405371e+04 1.887501e+04 2.786053e+04  
2.171068e-02 7.739880e+03 1.397421e+04 1.876757e+04 2.770043e+04  
2.201331e-02 7.694052e+03 1.389078e+04 1.865484e+04 2.753253e+04  
2.232016e-02 7.646046e+03 1.380341e+04 1.853684e+04 2.735685e+04  
2.263130e-02 7.595874e+03 1.371214e+04 1.841358e+04 2.717343e+04  
2.294676e-02 7.543548e+03 1.361698e+04 1.828512e+04 2.698232e+04  
2.326663e-02 7.489088e+03 1.351798e+04 1.815150e+04 2.678361e+04  
2.359095e-02 7.432515e+03 1.341517e+04 1.801278e+04 2.657738e+04  
2.391980e-02 7.373849e+03 1.330859e+04 1.786899e+04 2.636369e+04  
2.425323e-02 7.313113e+03 1.319829e+04 1.772021e+04 2.614264e+04  
2.459130e-02 7.250335e+03 1.308431e+04 1.756650e+04 2.591434e+04  
2.493409e-02 7.185552e+03 1.296673e+04 1.740796e+04 2.567892e+04  
2.528166e-02 7.118804e+03 1.284561e+04 1.724468e+04 2.543653e+04  
2.563407e-02 7.050140e+03 1.272105e+04 1.707680e+04 2.518736e+04  
2.599140e-02 6.979611e+03 1.259313e+04 1.690442e+04 2.493159e+04  
2.635371e-02 6.907264e+03 1.246196e+04 1.672768e+04 2.466940e+04  
2.672106e-02 6.833146e+03 1.232761e+04 1.654668e+04 2.440096e+04  
2.709354e-02 6.757314e+03 1.219018e+04 1.636158e+04 2.412649e+04  
2.747121e-02 6.679831e+03 1.204980e+04 1.617252e+04 2.384621e+04  
2.785414e-02 6.600769e+03 1.190659e+04 1.597968e+04 2.356039e+04  
2.824241e-02 6.520207e+03 1.176070e+04 1.578326e+04 2.326931e+04  
2.863610e-02 6.438230e+03 1.161228e+04 1.558346e+04 2.297329e+04  
2.903527e-02 6.354916e+03 1.146147e+04 1.538048e+04 2.267260e+04  
2.944000e-02 6.270340e+03 1.130841e+04 1.517450e+04 2.236753e+04  
2.985038e-02 6.184588e+03 1.115326e+04 1.496573e+04 2.205838e+04  
3.026648e-02 6.097753e+03 1.099619e+04 1.475440e+04 2.174550e+04  
3.068838e-02 6.009937e+03 1.083737e+04 1.454075e+04 2.142924e+04  
3.111616e-02 5.921251e+03 1.067702e+04 1.432507e+04 2.111002e+04  
3.154990e-02 5.831817e+03 1.051534e+04 1.410763e+04 2.078826e+04  
3.198969e-02 5.741738e+03 1.035254e+04 1.388871e+04 2.046435e+04  
3.243561e-02 5.651112e+03 1.018878e+04 1.366853e+04 2.013863e+04  
3.288774e-02 5.560041e+03 1.002425e+04 1.344734e+04 1.981147e+04  
3.334618e-02 5.468635e+03 9.859155e+03 1.322541e+04 1.948327e+04  
3.381101e-02 5.377015e+03 9.693702e+03 1.300303e+04 1.915445e+04  
3.428231e-02 5.285310e+03 9.528130e+03 1.278052e+04 1.882549e+04  
3.476019e-02 5.193658e+03 9.362686e+03 1.255820e+04 1.849687e+04  
3.524473e-02 5.102189e+03 9.197605e+03 1.233640e+04 1.816906e+04  
3.573602e-02 5.011016e+03 9.033089e+03 1.211539e+04 1.784245e+04  
3.623416e-02 4.920256e+03 8.869351e+03 1.189544e+04 1.751747e+04  
3.673925e-02 4.830036e+03 8.706616e+03 1.167687e+04 1.719457e+04  
3.725137e-02 4.740489e+03 8.545125e+03 1.145999e+04 1.687421e+04  
3.777064e-02 4.651757e+03 8.385133e+03 1.124514e+04 1.655691e+04  
3.829714e-02 4.563992e+03 8.226912e+03 1.103270e+04 1.624319e+04  
3.883098e-02 4.477331e+03 8.070707e+03 1.082299e+04 1.593355e+04  
3.937226e-02 4.391855e+03 7.916664e+03 1.061619e+04 1.562827e+04  
3.992109e-02 4.307641e+03 7.764919e+03 1.041251e+04 1.532761e+04  
4.047757e-02 4.224766e+03 7.615610e+03 1.021211e+04 1.503185e+04  
4.104181e-02 4.143309e+03 7.468880e+03 1.001520e+04 1.474126e+04  
4.161391e-02 4.063354e+03 7.324877e+03 9.821959e+03 1.445615e+04  
4.219398e-02 3.984986e+03 7.183751e+03 9.632600e+03 1.417679e+04  
4.278214e-02 3.908295e+03 7.045665e+03 9.447337e+03 1.390352e+04  
4.337850e-02 3.833391e+03 6.910812e+03 9.266428e+03 1.363671e+04  
4.398317e-02 3.760393e+03 6.779406e+03 9.090155e+03 1.337678e+04  
4.459628e-02 3.689424e+03 6.651664e+03 8.918812e+03 1.312415e+04  
4.521792e-02 3.620614e+03 6.527816e+03 8.752703e+03 1.287927e+04  
4.584824e-02 3.554095e+03 6.408100e+03 8.592143e+03 1.264260e+04  
4.648734e-02 3.490008e+03 6.292762e+03 8.437462e+03 1.241463e+04  
4.713535e-02 3.428467e+03 6.182004e+03 8.288928e+03 1.219575e+04  
4.779239e-02 3.369482e+03 6.075841e+03 8.146561e+03 1.198599e+04  
4.845859e-02 3.313034e+03 5.974237e+03 8.010306e+03 1.178526e+04  
4.913407e-02 3.259094e+03 5.877138e+03 7.880095e+03 1.159347e+04  
4.981898e-02 3.207626e+03 5.784476e+03 7.755833e+03 1.141047e+04  
5.051342e-02 3.158585e+03 5.696168e+03 7.637406e+03 1.123609e+04  
5.121755e-02 3.111919e+03 5.612117e+03 7.524683e+03 1.107014e+04  
5.193150e-02 3.067592e+03 5.532257e+03 7.417576e+03 1.091249e+04  
5.265540e-02 3.025575e+03 5.456533e+03 7.316009e+03 1.076302e+04  
5.338938e-02 2.985831e+03 5.384876e+03 7.219887e+03 1.062160e+04  
5.413360e-02 2.948315e+03 5.317200e+03 7.129094e+03 1.048806e+04  
5.488820e-02 2.912970e+03 5.253403e+03 7.043492e+03 1.036218e+04  
5.565331e-02 2.879731e+03 5.193363e+03 6.962916e+03 1.024373e+04  
5.642908e-02 2.848515e+03 5.136930e+03 6.887164e+03 1.013241e+04  
5.721568e-02 2.819227e+03 5.083933e+03 6.816006e+03 1.002789e+04  
5.801323e-02 2.791761e+03 5.034175e+03 6.749179e+03 9.929765e+03  
5.882190e-02 2.765994e+03 4.987439e+03 6.686388e+03 9.837617e+03  
5.964185e-02 2.741790e+03 4.943478e+03 6.627307e+03 9.750963e+03  
6.047322e-02 2.718999e+03 4.902020e+03 6.571570e+03 9.669266e+03  
6.131619e-02 2.697451e+03 4.862764e+03 6.518773e+03 9.591936e+03  
6.217090e-02 2.676962e+03 4.825377e+03 6.468473e+03 9.518322e+03  
6.303753e-02 2.657327e+03 4.789496e+03 6.420184e+03 9.447711e+03  
6.391624e-02 2.638325e+03 4.754726e+03 6.373381e+03 9.379336e+03  
6.480720e-02 2.619755e+03 4.720709e+03 6.327586e+03 9.312493e+03  
6.571058e-02 2.601424e+03 4.687103e+03 6.282343e+03 9.246515e+03  
6.662655e-02 2.583123e+03 4.653535e+03 6.237157e+03 9.180677e+03  
6.755528e-02 2.564624e+03 4.619605e+03 6.191494e+03 9.114195e+03  
6.849697e-02 2.545690e+03 4.584893e+03 6.144798e+03 9.046252e+03  
6.945178e-02 2.526108e+03 4.549025e+03 6.096569e+03 8.976115e+03  
7.041990e-02 2.505659e+03 4.511615e+03 6.046298e+03 8.903035e+03  
7.140151e-02 2.484106e+03 4.472250e+03 5.993435e+03 8.826204e+03  
7.239681e-02 2.461201e+03 4.430493e+03 5.937401e+03 8.744769e+03  
7.340598e-02 2.436742e+03 4.385993e+03 5.877732e+03 8.658044e+03  
7.442922e-02 2.410563e+03 4.338465e+03 5.814050e+03 8.565473e+03  
7.546673e-02 2.382492e+03 4.287609e+03 5.745960e+03 8.466469e+03  
7.651869e-02 2.352347e+03 4.233112e+03 5.673046e+03 8.360417e+03  
7.758532e-02 2.320005e+03 4.174764e+03 5.595033e+03 8.246906e+03  
7.866682e-02 2.285413e+03 4.112480e+03 5.511811e+03 8.125771e+03  
7.976339e-02 2.248525e+03 4.046185e+03 5.423281e+03 7.996859e+03  
8.087525e-02 2.209296e+03 3.975809e+03 5.329352e+03 7.860032e+03  
8.200261e-02 2.167750e+03 3.901400e+03 5.230093e+03 7.715385e+03  
8.314568e-02 2.123977e+03 3.823122e+03 5.125723e+03 7.563235e+03  
8.430468e-02 2.078077e+03 3.741161e+03 5.016489e+03 7.403943e+03  
8.547985e-02 2.030175e+03 3.655737e+03 4.902689e+03 7.237942e+03  
8.667139e-02 1.980461e+03 3.567193e+03 4.784777e+03 7.065899e+03  
8.787954e-02 1.929168e+03 3.475941e+03 4.663302e+03 6.888619e+03  
8.910453e-02 1.876550e+03 3.382428e+03 4.538861e+03 6.706982e+03  
9.034660e-02 1.822888e+03 3.287152e+03 4.412114e+03 6.521958e+03  
9.160598e-02 1.768496e+03 3.190662e+03 4.283792e+03 6.334625e+03  
9.288292e-02 1.713713e+03 3.093557e+03 4.154689e+03 6.146152e+03  
9.417766e-02 1.658911e+03 2.996483e+03 4.025663e+03 5.957806e+03  
9.549045e-02 1.604466e+03 2.900102e+03 3.897592e+03 5.770877e+03  
9.682153e-02 1.550731e+03 2.805028e+03 3.771290e+03 5.586569e+03  
9.817117e-02 1.498079e+03 2.711911e+03 3.647617e+03 5.406145e+03  
9.953962e-02 1.446909e+03 2.621447e+03 3.527495e+03 5.230962e+03  
1.009272e-01 1.397595e+03 2.534285e+03 3.411783e+03 5.062282e+03  
1.023340e-01 1.350417e+03 2.450911e+03 3.301120e+03 4.901045e+03  
1.037605e-01 1.305656e+03 2.371811e+03 3.196151e+03 4.748195e+03  
1.052069e-01 1.263610e+03 2.297500e+03 3.097553e+03 4.604722e+03  
1.066734e-01 1.224491e+03 2.228343e+03 3.005805e+03 4.471328e+03  
1.081604e-01 1.188411e+03 2.164528e+03 2.921155e+03 4.348373e+03  
1.096681e-01 1.155480e+03 2.106242e+03 2.843845e+03 4.236207e+03  
1.111968e-01 1.125787e+03 2.053632e+03 2.774065e+03 4.135108e+03  
1.127468e-01 1.099305e+03 2.006642e+03 2.711738e+03 4.044959e+03  
1.143184e-01 1.075957e+03 1.965133e+03 2.656676e+03 3.965483e+03  
1.159120e-01 1.055654e+03 1.928940e+03 2.608655e+03 3.896352e+03  
1.175277e-01 1.038246e+03 1.897793e+03 2.567317e+03 3.837045e+03  
1.191660e-01 1.023525e+03 1.871322e+03 2.532170e+03 3.786840e+03  
1.208271e-01 1.011257e+03 1.849113e+03 2.502661e+03 3.744935e+03  
1.225114e-01 1.001164e+03 1.830675e+03 2.478142e+03 3.710380e+03  
1.242191e-01 9.929079e+02 1.815413e+03 2.457824e+03 3.682027e+03  
1.259506e-01 9.861131e+02 1.802673e+03 2.440842e+03 3.658609e+03  
1.277063e-01 9.803742e+02 1.791748e+03 2.426260e+03 3.638757e+03  
1.294865e-01 9.752555e+02 1.781880e+03 2.413079e+03 3.621004e+03  
1.312915e-01 9.702850e+02 1.772254e+03 2.400220e+03 3.603763e+03  
1.331216e-01 9.649875e+02 1.762051e+03 2.386602e+03 3.585437e+03  
1.349772e-01 9.589266e+02 1.750520e+03 2.371236e+03 3.564559e+03  
1.368587e-01 9.516426e+02 1.736877e+03 2.353083e+03 3.539586e+03  
1.387665e-01 9.427398e+02 1.720446e+03 2.331253e+03 3.509185e+03  
1.407008e-01 9.319334e+02 1.700746e+03 2.305109e+03 3.472402e+03  
1.426621e-01 9.189404e+02 1.677300e+03 2.274023e+03 3.428284e+03  
1.446507e-01 9.036159e+02 1.649870e+03 2.237679e+03 3.376349e+03  
1.466671e-01 8.859213e+02 1.618398e+03 2.196002e+03 3.316471e+03  
1.487115e-01 8.658566e+02 1.582894e+03 2.149006e+03 3.248660e+03  
1.507845e-01 8.435764e+02 1.543630e+03 2.097053e+03 3.173447e+03  
1.528864e-01 8.192941e+02 1.500979e+03 2.040637e+03 3.091565e+03  
1.550175e-01 7.933187e+02 1.455476e+03 1.980467e+03 3.004069e+03  
1.571784e-01 7.660769e+02 1.407854e+03 1.917515e+03 2.912411e+03  
1.593694e-01 7.380453e+02 1.358930e+03 1.852862e+03 2.818204e+03  
1.615909e-01 7.097703e+02 1.309640e+03 1.787744e+03 2.723290e+03  
1.638434e-01 6.818469e+02 1.260999e+03 1.723500e+03 2.629664e+03  
1.661273e-01 6.548272e+02 1.213948e+03 1.661373e+03 2.539168e+03  
1.684430e-01 6.292327e+02 1.169374e+03 1.602528e+03 2.453526e+03  
1.707910e-01 6.055186e+02 1.128049e+03 1.547981e+03 2.374235e+03  
1.731717e-01 5.839839e+02 1.090478e+03 1.498392e+03 2.302261e+03  
1.755856e-01 5.648765e+02 1.057077e+03 1.454304e+03 2.238397e+03  
1.780332e-01 5.482759e+02 1.027975e+03 1.415881e+03 2.182877e+03  
1.805149e-01 5.342044e+02 1.003201e+03 1.383159e+03 2.135745e+03  
1.830312e-01 5.225736e+02 9.825985e+02 1.355924e+03 2.096684e+03  
1.855825e-01 5.132350e+02 9.659046e+02 1.333831e+03 2.065186e+03  
1.881694e-01 5.059508e+02 9.527075e+02 1.316336e+03 2.040451e+03  
1.907924e-01 5.004172e+02 9.424830e+02 1.302747e+03 2.021472e+03  
1.934520e-01 4.962350e+02 9.345481e+02 1.292168e+03 2.006930e+03  
1.961486e-01 4.929314e+02 9.280968e+02 1.283539e+03 1.995270e+03  
1.988828e-01 4.899790e+02 9.222342e+02 1.275685e+03 1.984756e+03  
2.016551e-01 4.868120e+02 9.160045e+02 1.267348e+03 1.973527e+03  
2.044661e-01 4.829182e+02 9.085455e+02 1.257396e+03 1.959896e+03  
2.073162e-01 4.778267e+02 8.990681e+02 1.244790e+03 1.942309e+03  
2.102061e-01 4.712254e+02 8.870534e+02 1.228847e+03 1.919739e+03  
2.131362e-01 4.629041e+02 8.721551e+02 1.209111e+03 1.891496e+03  
2.161073e-01 4.528365e+02 8.543370e+02 1.185536e+03 1.857503e+03  
2.191197e-01 4.411105e+02 8.337542e+02 1.158327e+03 1.818065e+03  
2.221741e-01 4.279594e+02 8.108046e+02 1.128011e+03 1.773971e+03  
2.252711e-01 4.137223e+02 7.860623e+02 1.095345e+03 1.726357e+03  
2.284112e-01 3.988364e+02 7.602638e+02 1.061302e+03 1.676680e+03  
2.315951e-01 3.837971e+02 7.342409e+02 1.026975e+03 1.626575e+03  
2.348235e-01 3.691202e+02 7.088572e+02 9.934995e+02 1.577730e+03  
2.380968e-01 3.552862e+02 6.849148e+02 9.619255e+02 1.531700e+03  
2.414157e-01 3.426931e+02 6.630756e+02 9.331173e+02 1.489758e+03  
2.447809e-01 3.316343e+02 6.438250e+02 9.077065e+02 1.452824e+03  
2.481930e-01 3.222580e+02 6.274045e+02 8.860039e+02 1.421345e+03  
2.516527e-01 3.145864e+02 6.138439e+02 8.680439e+02 1.395363e+03  
2.551606e-01 3.085039e+02 6.029435e+02 8.535617e+02 1.374483e+03  
2.587174e-01 3.037713e+02 5.942979e+02 8.420253e+02 1.357919e+03  
2.623238e-01 3.000528e+02 5.873431e+02 8.326960e+02 1.344585e+03  
2.659804e-01 2.969342e+02 5.813865e+02 8.246686e+02 1.333149e+03  
2.696881e-01 2.939709e+02 5.756887e+02 8.169766e+02 1.322187e+03  
2.734474e-01 2.907347e+02 5.695400e+02 8.086927e+02 1.310328e+03  
2.772591e-01 2.868548e+02 5.623288e+02 7.990176e+02 1.296390e+03  
2.811239e-01 2.820666e+02 5.536220e+02 7.873855e+02 1.279531e+03  
2.850426e-01 2.762403e+02 5.432100e+02 7.735239e+02 1.259349e+03  
2.890160e-01 2.693909e+02 5.311231e+02 7.574747e+02 1.235909e+03  
2.930447e-01 2.616793e+02 5.176316e+02 7.395941e+02 1.209745e+03  
2.971296e-01 2.533960e+02 5.032183e+02 7.205155e+02 1.181802e+03  
3.012714e-01 2.449082e+02 4.884900e+02 7.010329e+02 1.153259e+03  
3.054710e-01 2.366050e+02 4.740868e+02 6.819816e+02 1.125350e+03  
3.097291e-01 2.288421e+02 4.605918e+02 6.641200e+02 1.099188e+03  
3.140465e-01 2.218949e+02 4.484539e+02 6.480289e+02 1.075618e+03  
3.184242e-01 2.159210e+02 4.379267e+02 6.340346e+02 1.055107e+03  
3.228628e-01 2.109471e+02 4.290492e+02 6.221834e+02 1.037715e+03  
3.273634e-01 2.068754e+02 4.216560e+02 6.122577e+02 1.023117e+03  
3.319266e-01 2.035025e+02 4.154103e+02 6.038184e+02 1.010667e+03  
3.365535e-01 2.005501e+02 4.098553e+02 5.962717e+02 9.994966e+02  
3.412449e-01 1.977099e+02 4.044867e+02 5.889637e+02 9.886521e+02  
3.460016e-01 1.946850e+02 3.988217e+02 5.812686e+02 9.772206e+02  
3.508247e-01 1.912395e+02 3.924789e+02 5.726931e+02 9.644840e+02  
3.557150e-01 1.872541e+02 3.852681e+02 5.629925e+02 9.500889e+02  
3.606735e-01 1.827403e+02 3.772111e+02 5.521974e+02 9.340856e+02  
3.657011e-01 1.778263e+02 3.685192e+02 5.405836e+02 9.168828e+02  
3.707988e-01 1.727178e+02 3.595270e+02 5.285858e+02 8.991187e+02  
3.759675e-01 1.676509e+02 3.506167e+02 5.166986e+02 8.815141e+02  
3.812083e-01 1.628571e+02 3.421614e+02 5.054028e+02 8.647641e+02  
3.865221e-01 1.585234e+02 3.344597e+02 4.950815e+02 8.494172e+02  
3.919100e-01 1.547450e+02 3.276617e+02 4.859250e+02 8.357406e+02  
3.973730e-01 1.514988e+02 3.217269e+02 4.778786e+02 8.236484e+02  
4.029122e-01 1.486681e+02 3.164650e+02 4.706955e+02 8.127814e+02  
4.085286e-01 1.460833e+02 3.116022e+02 4.640233e+02 8.026310e+02  
4.142232e-01 1.435563e+02 3.068369e+02 4.574743e+02 7.926414e+02  
4.199973e-01 1.409178e+02 3.018994e+02 4.507035e+02 7.823202e+02  
4.258518e-01 1.380531e+02 2.966081e+02 4.434793e+02 7.713397e+02  
4.317880e-01 1.349357e+02 2.909232e+02 4.357526e+02 7.596348e+02  
4.378069e-01 1.316329e+02 2.849535e+02 4.276642e+02 7.474112e+02  
4.439097e-01 1.282672e+02 2.788947e+02 4.194654e+02 7.350298e+02  
4.500975e-01 1.249801e+02 2.729712e+02 4.114427e+02 7.228978e+02  
4.563716e-01 1.218963e+02 2.673791e+02 4.038453e+02 7.113661e+02  
4.627332e-01 1.190946e+02 2.622410e+02 3.968275e+02 7.006479e+02  
4.691835e-01 1.165817e+02 2.575654e+02 3.903983e+02 6.907511e+02  
4.757236e-01 1.142960e+02 2.532532e+02 3.844305e+02 6.814936e+02  
4.823549e-01 1.121350e+02 2.491427e+02 3.787184e+02 6.725850e+02  
4.890787e-01 1.099945e+02 2.450700e+02 3.730543e+02 6.637358e+02  
4.958962e-01 1.077905e+02 2.409045e+02 3.672736e+02 6.547182e+02  
5.028087e-01 1.054861e+02 2.365896e+02 3.613060e+02 6.454375e+02  
5.098176e-01 1.031084e+02 2.321686e+02 3.552071e+02 6.359742e+02  
5.169242e-01 1.007213e+02 2.277415e+02 3.491036e+02 6.265053e+02  
5.241298e-01 9.839757e+01 2.234211e+02 3.431374e+02 6.172270e+02  
5.314359e-01 9.620187e+01 2.193068e+02 3.374326e+02 6.083078e+02  
5.388438e-01 9.416542e+01 2.154456e+02 3.320471e+02 5.998241e+02  
5.463550e-01 9.226556e+01 2.118013e+02 3.269345e+02 5.917104e+02  
5.539709e-01 9.045398e+01 2.082989e+02 3.220005e+02 5.838365e+02  
5.616930e-01 8.867883e+01 2.048583e+02 3.171453e+02 5.760671e+02  
5.695227e-01 8.689228e+01 2.014068e+02 3.122783e+02 5.682812e+02  
5.774615e-01 8.507908e+01 1.979215e+02 3.073720e+02 5.604433e+02  
5.855110e-01 8.326060e+01 1.944353e+02 3.024676e+02 5.526106e+02  
5.936727e-01 8.146959e+01 1.909982e+02 2.976273e+02 5.448662e+02  
6.019482e-01 7.974110e+01 1.876630e+02 2.929159e+02 5.372961e+02  
6.103390e-01 7.809933e+01 1.844657e+02 2.883773e+02 5.299567e+02  
6.188468e-01 7.653665e+01 1.813939e+02 2.839957e+02 5.228259e+02  
6.274732e-01 7.503111e+01 1.784141e+02 2.797296e+02 5.158483e+02  
6.362198e-01 7.355396e+01 1.754831e+02 2.755260e+02 5.089544e+02  
6.450884e-01 7.208613e+01 1.725725e+02 2.713502e+02 5.021000e+02  
6.540806e-01 7.062985e+01 1.696856e+02 2.672068e+02 4.952915e+02  
6.631981e-01 6.919047e+01 1.668307e+02 2.631056e+02 4.885422e+02  
6.724427e-01 6.779335e+01 1.640449e+02 2.590919e+02 4.819099e+02  
6.818162e-01 6.644301e+01 1.613347e+02 2.551732e+02 4.754033e+02  
6.913204e-01 6.513326e+01 1.586907e+02 2.513377e+02 4.690071e+02  
7.009570e-01 6.385742e+01 1.561027e+02 2.475732e+02 4.627056e+02  
7.107280e-01 6.261090e+01 1.535639e+02 2.438714e+02 4.564882e+02  
7.206351e-01 6.139199e+01 1.510717e+02 2.402291e+02 4.503508e+02  
7.306804e-01 6.019895e+01 1.486234e+02 2.366430e+02 4.442893e+02  
7.408657e-01 5.903015e+01 1.462166e+02 2.331102e+02 4.383001e+02  
7.511929e-01 5.788589e+01 1.438515e+02 2.296311e+02 4.323836e+02  
7.616642e-01 5.676732e+01 1.415298e+02 2.262073e+02 4.265417e+02  
7.722814e-01 5.567562e+01 1.392528e+02 2.228405e+02 4.207764e+02  
7.830465e-01 5.461120e+01 1.370211e+02 2.195312e+02 4.150877e+02  
7.939618e-01 5.357257e+01 1.348324e+02 2.162765e+02 4.094722e+02  
8.050292e-01 5.255783e+01 1.326837e+02 2.130730e+02 4.039257e+02  
8.162509e-01 5.156498e+01 1.305722e+02 2.099173e+02 3.984441e+02  
8.276289e-01 5.059309e+01 1.284964e+02 2.068076e+02 3.930251e+02  
8.391656e-01 4.964212e+01 1.264562e+02 2.037437e+02 3.876685e+02  
8.508632e-01 4.871202e+01 1.244514e+02 2.007254e+02 3.823739e+02  
8.627237e-01 4.780266e+01 1.224817e+02 1.977521e+02 3.771405e+02  
8.747496e-01 4.691361e+01 1.205463e+02 1.948230e+02 3.719673e+02  
8.869432e-01 4.604434e+01 1.186444e+02 1.919370e+02 3.668530e+02  
8.993067e-01 4.519422e+01 1.167751e+02 1.890930e+02 3.617960e+02  
9.118425e-01 4.436265e+01 1.149373e+02 1.862899e+02 3.567950e+02  
9.245531e-01 4.354910e+01 1.131302e+02 1.835265e+02 3.518489e+02  
9.374409e-01 4.275294e+01 1.113530e+02 1.808019e+02 3.469563e+02  
9.505083e-01 4.197354e+01 1.096046e+02 1.781148e+02 3.421159e+02  
9.637579e-01 4.121051e+01 1.078844e+02 1.754645e+02 3.373268e+02  
9.771921e-01 4.046356e+01 1.061920e+02 1.728506e+02 3.325884e+02  
9.908137e-01 3.973236e+01 1.045267e+02 1.702722e+02 3.278997e+02  
1.004625e+00 3.901656e+01 1.028881e+02 1.677286e+02 3.232601e+02  
1.018629e+00 3.831575e+01 1.012755e+02 1.652193e+02 3.186687e+02  
1.032828e+00 3.762951e+01 9.968816e+01 1.627434e+02 3.141244e+02  
1.047225e+00 3.695733e+01 9.812549e+01 1.603000e+02 3.096269e+02  
1.061823e+00 3.629883e+01 9.658683e+01 1.578885e+02 3.051748e+02  
1.076624e+00 3.565370e+01 9.507169e+01 1.555083e+02 3.007678e+02  
1.091632e+00 3.502158e+01 9.357955e+01 1.531587e+02 2.964051e+02  
1.106848e+00 3.440209e+01 9.210986e+01 1.508392e+02 2.920861e+02  
1.122277e+00 3.379497e+01 9.066216e+01 1.485493e+02 2.878102e+02  
1.137921e+00 3.319995e+01 8.923606e+01 1.462884e+02 2.835769e+02  
1.153783e+00 3.261670e+01 8.783107e+01 1.440560e+02 2.793858e+02  
1.169866e+00 3.204492e+01 8.644674e+01 1.418517e+02 2.752362e+02  
1.186174e+00 3.148433e+01 8.508264e+01 1.396748e+02 2.711276e+02  
1.202708e+00 3.093463e+01 8.373834e+01 1.375250e+02 2.670597e+02  
1.219473e+00 3.039549e+01 8.241336e+01 1.354017e+02 2.630318e+02  
1.236472e+00 2.986666e+01 8.110732e+01 1.333045e+02 2.590436e+02  
1.253708e+00 2.934791e+01 7.981990e+01 1.312329e+02 2.550948e+02  
1.271184e+00 2.883900e+01 7.855073e+01 1.291868e+02 2.511849e+02  
1.288904e+00 2.833968e+01 7.729945e+01 1.271655e+02 2.473136e+02  
1.306870e+00 2.784973e+01 7.606572e+01 1.251687e+02 2.434806e+02  
1.325087e+00 2.736889e+01 7.484919e+01 1.231961e+02 2.396856e+02  
1.343558e+00 2.689689e+01 7.364950e+01 1.212473e+02 2.359281e+02  
1.362287e+00 2.643352e+01 7.246632e+01 1.193219e+02 2.322081e+02  
1.381276e+00 2.597859e+01 7.129939e+01 1.174197e+02 2.285251e+02  
1.400531e+00 2.553191e+01 7.014844e+01 1.155403e+02 2.248790e+02  
1.420053e+00 2.509327e+01 6.901316e+01 1.136834e+02 2.212695e+02  
1.439848e+00 2.466251e+01 6.789333e+01 1.118488e+02 2.176964e+02  
1.459919e+00 2.423944e+01 6.678867e+01 1.100361e+02 2.141596e+02  
1.480269e+00 2.382386e+01 6.569892e+01 1.082452e+02 2.106589e+02  
1.500903e+00 2.341559e+01 6.462383e+01 1.064757e+02 2.071939e+02  
1.521825e+00 2.301449e+01 6.356317e+01 1.047274e+02 2.037647e+02  
1.543038e+00 2.262038e+01 6.251672e+01 1.030000e+02 2.003710e+02  
1.564548e+00 2.223307e+01 6.148422e+01 1.012934e+02 1.970127e+02  
1.586357e+00 2.185241e+01 6.046548e+01 9.960725e+01 1.936897e+02  
1.608469e+00 2.147828e+01 5.946030e+01 9.794137e+01 1.904018e+02  
1.630891e+00 2.111052e+01 5.846847e+01 9.629557e+01 1.871490e+02  
1.653624e+00 2.074898e+01 5.748979e+01 9.466963e+01 1.839311e+02  
1.676675e+00 2.039352e+01 5.652409e+01 9.306336e+01 1.807480e+02  
1.700047e+00 2.004402e+01 5.557117e+01 9.147658e+01 1.775997e+02  
1.723745e+00 1.970033e+01 5.463085e+01 8.990908e+01 1.744861e+02  
1.747773e+00 1.936231e+01 5.370294e+01 8.836069e+01 1.714070e+02  
1.772136e+00 1.902986e+01 5.278731e+01 8.683125e+01 1.683624e+02  
1.796838e+00 1.870285e+01 5.188379e+01 8.532060e+01 1.653523e+02  
1.821885e+00 1.838117e+01 5.099222e+01 8.382856e+01 1.623766e+02  
1.847281e+00 1.806472e+01 5.011245e+01 8.235499e+01 1.594353e+02  
1.873032e+00 1.775339e+01 4.924435e+01 8.089974e+01 1.565282e+02  
1.899141e+00 1.744709e+01 4.838778e+01 7.946267e+01 1.536553e+02  
1.925614e+00 1.714569e+01 4.754258e+01 7.804361e+01 1.508167e+02  
1.952456e+00 1.684912e+01 4.670864e+01 7.664245e+01 1.480122e+02  
1.979672e+00 1.655726e+01 4.588582e+01 7.525904e+01 1.452417e+02  
2.007267e+00 1.627002e+01 4.507398e+01 7.389324e+01 1.425054e+02  
2.035248e+00 1.598731e+01 4.427301e+01 7.254493e+01 1.398030e+02  
2.063618e+00 1.570904e+01 4.348278e+01 7.121397e+01 1.371346e+02  
2.092383e+00 1.543512e+01 4.270318e+01 6.990025e+01 1.345002e+02  
2.121550e+00 1.516548e+01 4.193409e+01 6.860364e+01 1.318996e+02  
2.151123e+00 1.490003e+01 4.117541e+01 6.732403e+01 1.293329e+02  
2.181109e+00 1.463871e+01 4.042703e+01 6.606130e+01 1.267999e+02  
2.211512e+00 1.438142e+01 3.968884e+01 6.481533e+01 1.243007e+02  
2.242340e+00 1.412810e+01 3.896073e+01 6.358601e+01 1.218351e+02  
2.273597e+00 1.387868e+01 3.824261e+01 6.237324e+01 1.194032e+02  
2.305289e+00 1.363310e+01 3.753438e+01 6.117690e+01 1.170048e+02  
2.337424e+00 1.339127e+01 3.683594e+01 5.999688e+01 1.146398e+02  
2.370006e+00 1.315314e+01 3.614720e+01 5.883309e+01 1.123083e+02  
2.403043e+00 1.291865e+01 3.546806e+01 5.768541e+01 1.100101e+02  
2.436540e+00 1.268773e+01 3.479844e+01 5.655373e+01 1.077452e+02  
2.470504e+00 1.246031e+01 3.413823e+01 5.543797e+01 1.055133e+02  
2.504942e+00 1.223635e+01 3.348736e+01 5.433801e+01 1.033146e+02  
2.539859e+00 1.201580e+01 3.284574e+01 5.325376e+01 1.011487e+02  
2.575263e+00 1.179858e+01 3.221328e+01 5.218511e+01 9.901574e+01  
2.611161e+00 1.158466e+01 3.158990e+01 5.113196e+01 9.691545e+01  
2.647559e+00 1.137398e+01 3.097552e+01 5.009423e+01 9.484773e+01  
2.684465e+00 1.116649e+01 3.037006e+01 4.907179e+01 9.281245e+01  
2.721885e+00 1.096214e+01 2.977343e+01 4.806457e+01 9.080946e+01  
2.759826e+00 1.076088e+01 2.918556e+01 4.707245e+01 8.883862e+01  
2.798297e+00 1.056266e+01 2.860636e+01 4.609534e+01 8.689975e+01  
2.837304e+00 1.036745e+01 2.803577e+01 4.513314e+01 8.499270e+01  
2.876854e+00 1.017519e+01 2.747369e+01 4.418575e+01 8.311727e+01  
2.916956e+00 9.985852e+00 2.692007e+01 4.325307e+01 8.127329e+01  
2.957617e+00 9.799382e+00 2.637482e+01 4.233500e+01 7.946056e+01  
2.998844e+00 9.615744e+00 2.583788e+01 4.143144e+01 7.767887e+01  
3.040646e+00 9.434899e+00 2.530914e+01 4.054229e+01 7.592802e+01  
3.083031e+00 9.256810e+00 2.478857e+01 3.966744e+01 7.420777e+01  
3.126007e+00 9.081439e+00 2.427608e+01 3.880680e+01 7.251791e+01  
3.169582e+00 8.908747e+00 2.377159e+01 3.796025e+01 7.085819e+01  
3.213764e+00 8.738699e+00 2.327504e+01 3.712769e+01 6.922837e+01  
3.258562e+00 8.571261e+00 2.278635e+01 3.630902e+01 6.762821e+01  
3.303985e+00 8.406395e+00 2.230546e+01 3.550413e+01 6.605743e+01  
3.350041e+00 8.244067e+00 2.183229e+01 3.471291e+01 6.451578e+01  
3.396739e+00 8.084248e+00 2.136677e+01 3.393526e+01 6.300278e+01  
3.444087e+00 7.926904e+00 2.090883e+01 3.317105e+01 6.151873e+01  
3.492096e+00 7.772005e+00 2.045841e+01 3.242018e+01 6.006304e+01  
3.540774e+00 7.619519e+00 2.001543e+01 3.168253e+01 5.863484e+01  
3.590130e+00 7.469417e+00 1.957983e+01 3.095798e+01 5.723458e+01  
3.640175e+00 7.321669e+00 1.915153e+01 3.024643e+01 5.586171e+01  
3.690917e+00 7.176245e+00 1.873047e+01 2.954774e+01 5.451592e+01  
3.742366e+00 7.033118e+00 1.831658e+01 2.886181e+01 5.319690e+01  
3.794533e+00 6.892258e+00 1.790979e+01 2.818850e+01 5.190434e+01  
3.847427e+00 6.753639e+00 1.751002e+01 2.752770e+01 5.063790e+01  
3.901058e+00 6.617232e+00 1.711722e+01 2.687928e+01 4.939727e+01  
3.955436e+00 6.483012e+00 1.673131e+01 2.624311e+01 4.818211e+01  
4.010573e+00 6.350953e+00 1.635222e+01 2.561906e+01 4.699209e+01  
4.066478e+00 6.221028e+00 1.597989e+01 2.500701e+01 4.582688e+01  
4.123163e+00 6.093213e+00 1.561424e+01 2.440685e+01 4.468614e+01  
4.180637e+00 5.967482e+00 1.525521e+01 2.381836e+01 4.356952e+01  
4.238913e+00 5.843810e+00 1.490273e+01 2.324149e+01 4.247670e+01  
4.298001e+00 5.722173e+00 1.455672e+01 2.267608e+01 4.140731e+01  
4.357913e+00 5.602546e+00 1.421712e+01 2.212200e+01 4.036103e+01  
4.418660e+00 5.484907e+00 1.388386e+01 2.157910e+01 3.933749e+01  
4.480254e+00 5.369231e+00 1.355687e+01 2.104724e+01 3.833636e+01  
4.542706e+00 5.255495e+00 1.323608e+01 2.052628e+01 3.735728e+01  
4.606029e+00 5.143677e+00 1.292141e+01 2.001609e+01 3.639991e+01  
4.670234e+00 5.033753e+00 1.261280e+01 1.951651e+01 3.546391e+01  
4.735335e+00 4.925701e+00 1.231019e+01 1.902741e+01 3.454891e+01  
4.801343e+00 4.819500e+00 1.201348e+01 1.854864e+01 3.365461e+01  
4.868271e+00 4.715126e+00 1.172261e+01 1.808006e+01 3.278057e+01  
4.936132e+00 4.612557e+00 1.143752e+01 1.762152e+01 3.192654e+01  
5.004939e+00 4.511773e+00 1.115813e+01 1.717287e+01 3.109213e+01  
5.074705e+00 4.412752e+00 1.088437e+01 1.673397e+01 3.027701e+01  
5.145444e+00 4.315472e+00 1.061616e+01 1.630468e+01 2.948083e+01  
5.217169e+00 4.219912e+00 1.035344e+01 1.588483e+01 2.870326e+01  
5.289893e+00 4.126051e+00 1.009613e+01 1.547430e+01 2.794396e+01  
5.363631e+00 4.033870e+00 9.844157e+00 1.507293e+01 2.720259e+01  
5.438397e+00 3.943346e+00 9.597448e+00 1.468057e+01 2.647882e+01  
5.514206e+00 3.854459e+00 9.355932e+00 1.429707e+01 2.577231e+01  
5.591071e+00 3.767189e+00 9.119534e+00 1.392229e+01 2.508275e+01  
5.669007e+00 3.681516e+00 8.888181e+00 1.355609e+01 2.440980e+01  
5.748030e+00 3.597420e+00 8.661800e+00 1.319832e+01 2.375314e+01  
5.828155e+00 3.514881e+00 8.440317e+00 1.284883e+01 2.311246e+01  
5.909396e+00 3.433878e+00 8.223660e+00 1.250748e+01 2.248743e+01  
5.991770e+00 3.354393e+00 8.011754e+00 1.217413e+01 2.187774e+01  
6.075292e+00 3.276406e+00 7.804526e+00 1.184862e+01 2.128309e+01  
6.159978e+00 3.199896e+00 7.601903e+00 1.153082e+01 2.070325e+01  
6.245845e+00 3.124846e+00 7.403811e+00 1.122060e+01 2.013766e+01  
6.332908e+00 3.051235e+00 7.210177e+00 1.091779e+01 1.958628e+01  
6.421186e+00 2.979045e+00 7.020928e+00 1.062228e+01 1.904873e+01  
6.510694e+00 2.908257e+00 6.835992e+00 1.033391e+01 1.852472e+01  
6.601449e+00 2.838851e+00 6.655295e+00 1.005256e+01 1.801396e+01  
6.693470e+00 2.770810e+00 6.478765e+00 9.778077e+00 1.751616e+01  
6.786773e+00 2.704114e+00 6.306330e+00 9.510275e+00 1.703105e+01  
6.881377e+00 2.638744e+00 6.137920e+00 9.249255e+00 1.655835e+01  
6.977300e+00 2.574683e+00 5.973462e+00 8.994545e+00 1.609778e+01  
7.074559e+00 2.511912e+00 5.812887e+00 8.746230e+00 1.564908e+01  
7.173175e+00 2.450413e+00 5.656123e+00 8.504128e+00 1.521198e+01  
7.273165e+00 2.390167e+00 5.503101e+00 8.268112e+00 1.478622e+01  
7.374549e+00 2.331158e+00 5.353751e+00 8.038055e+00 1.437156e+01  
7.477346e+00 2.273366e+00 5.208004e+00 7.813833e+00 1.396772e+01  
7.581576e+00 2.216774e+00 5.065793e+00 7.595321e+00 1.357448e+01  
7.687260e+00 2.161364e+00 4.927048e+00 7.382399e+00 1.319199e+01  
7.794416e+00 2.107119e+00 4.791703e+00 7.174948e+00 1.281878e+01  
7.903066e+00 2.054022e+00 4.659691e+00 6.972842e+00 1.245585e+01  
8.013230e+00 2.002054e+00 4.530945e+00 6.775971e+00 1.210255e+01  
8.124930e+00 1.951198e+00 4.405401e+00 6.584217e+00 1.175867e+01  
8.238187e+00 1.901439e+00 4.282994e+00 6.397542e+00 1.142397e+01  
8.353023e+00 1.852757e+00 4.163660e+00 6.215537e+00 1.109824e+01  
8.469460e+00 1.805137e+00 4.047336e+00 6.038536e+00 1.078127e+01  
8.587519e+00 1.758561e+00 3.933960e+00 5.866133e+00 1.047284e+01  
8.707225e+00 1.713013e+00 3.823469e+00 5.698292e+00 1.017274e+01  
8.828599e+00 1.668476e+00 3.715804e+00 5.534922e+00 9.880761e+00  
8.951665e+00 1.624934e+00 3.610903e+00 5.375906e+00 9.596723e+00  
9.076446e+00 1.582370e+00 3.508715e+00 5.221146e+00 9.320422e+00  
9.202967e+00 1.540767e+00 3.409157e+00 5.070541e+00 9.051667e+00  
9.331251e+00 1.500110e+00 3.312195e+00 4.923988e+00 8.790270e+00  
9.461324e+00 1.460383e+00 3.217764e+00 4.781408e+00 8.536048e+00  
9.593209e+00 1.421568e+00 3.125808e+00 4.642688e+00 8.288821e+00  
9.726934e+00 1.383653e+00 3.036271e+00 4.507770e+00 8.048412e+00  
9.862522e+00 1.346618e+00 2.949099e+00 4.376449e+00 7.814650e+00  
1.000000e+01 1.310450e+00 2.864239e+00 4.248922e+00 7.587376e+00  
