1.000000e-02 8.295832e+03 1.514964e+04 2.044799e+04 3.027186e+04  
1.013939e-02 8.340141e+03 1.523022e+04 2.055642e+04 3.043155e+04  
1.028073e-02 8.383655e+03 1.530935e+04 2.066288e+04 3.058829e+04  
1.042404e-02 8.426343e+03 1.538695e+04 2.076728e+04 3.074197e+04  
1.056935e-02 8.468172e+03 1.546298e+04 2.086954e+04 3.089245e+04  
1.071668e-02 8.509109e+03 1.553737e+04 2.096957e+04 3.103962e+04  
1.086606e-02 8.549117e+03 1.561006e+04 2.106730e+04 3.118335e+04  
1.101753e-02 8.588163e+03 1.568097e+04 2.116263e+04 3.132351e+04  
1.117111e-02 8.626210e+03 1.575006e+04 2.125547e+04 3.145998e+04  
1.132683e-02 8.663225e+03 1.581725e+04 2.134575e+04 3.159262e+04  
1.148472e-02 8.699171e+03 1.588247e+04 2.143337e+04 3.172130e+04  
1.164481e-02 8.734012e+03 1.594567e+04 2.151824e+04 3.184589e+04  
1.180713e-02 8.767709e+03 1.600677e+04 2.160028e+04 3.196625e+04  
1.197171e-02 8.800226e+03 1.606570e+04 2.167937e+04 3.208225e+04  
1.213859e-02 8.831523e+03 1.612240e+04 2.175544e+04 3.219374e+04  
1.230780e-02 8.861562e+03 1.617679e+04 2.182838e+04 3.230058e+04  
1.247936e-02 8.890306e+03 1.622880e+04 2.189811e+04 3.240264e+04  
1.265332e-02 8.917715e+03 1.627836e+04 2.196452e+04 3.249977e+04  
1.282970e-02 8.943752e+03 1.632541e+04 2.202752e+04 3.259184e+04  
1.300854e-02 8.968376e+03 1.636987e+04 2.208702e+04 3.267869e+04  
1.318987e-02 8.991549e+03 1.641166e+04 2.214292e+04 3.276020e+04  
1.337373e-02 9.013232e+03 1.645073e+04 2.219512e+04 3.283620e+04  
1.356015e-02 9.033384e+03 1.648699e+04 2.224353e+04 3.290658e+04  
1.374917e-02 9.051968e+03 1.652037e+04 2.228805e+04 3.297117e+04  
1.394083e-02 9.068946e+03 1.655082e+04 2.232858e+04 3.302985e+04  
1.413516e-02 9.084278e+03 1.657824e+04 2.236504e+04 3.308247e+04  
1.433219e-02 9.097925e+03 1.660258e+04 2.239732e+04 3.312889e+04  
1.453198e-02 9.109843e+03 1.662376e+04 2.242532e+04 3.316895e+04  
1.473454e-02 9.119993e+03 1.664169e+04 2.244894e+04 3.320251e+04  
1.493993e-02 9.128333e+03 1.665631e+04 2.246807e+04 3.322942e+04  
1.514819e-02 9.134824e+03 1.666755e+04 2.248263e+04 3.324954e+04  
1.535935e-02 9.139427e+03 1.667532e+04 2.249251e+04 3.326272e+04  
1.557345e-02 9.142102e+03 1.667957e+04 2.249763e+04 3.326882e+04  
1.579053e-02 9.142811e+03 1.668022e+04 2.249787e+04 3.326771e+04  
1.601064e-02 9.141514e+03 1.667720e+04 2.249316e+04 3.325924e+04  
1.623382e-02 9.138174e+03 1.667044e+04 2.248340e+04 3.324328e+04  
1.646012e-02 9.132754e+03 1.665988e+04 2.246849e+04 3.321969e+04  
1.668956e-02 9.125217e+03 1.664544e+04 2.244835e+04 3.318836e+04  
1.692220e-02 9.115529e+03 1.662707e+04 2.242290e+04 3.314914e+04  
1.715809e-02 9.103659e+03 1.660471e+04 2.239205e+04 3.310194e+04  
1.739726e-02 9.089573e+03 1.657829e+04 2.235573e+04 3.304663e+04  
1.763977e-02 9.073236e+03 1.654777e+04 2.231386e+04 3.298309e+04  
1.788566e-02 9.054618e+03 1.651307e+04 2.226636e+04 3.291121e+04  
1.813498e-02 9.033688e+03 1.647415e+04 2.221315e+04 3.283088e+04  
1.838777e-02 9.010420e+03 1.643096e+04 2.215417e+04 3.274202e+04  
1.864409e-02 8.984788e+03 1.638345e+04 2.208937e+04 3.264453e+04  
1.890397e-02 8.956769e+03 1.633158e+04 2.201868e+04 3.253834e+04  
1.916748e-02 8.926342e+03 1.627532e+04 2.194206e+04 3.242336e+04  
1.943467e-02 8.893486e+03 1.621462e+04 2.185946e+04 3.229954e+04  
1.970558e-02 8.858183e+03 1.614945e+04 2.177083e+04 3.216680e+04  
1.998026e-02 8.820419e+03 1.607980e+04 2.167615e+04 3.202511e+04  
2.025878e-02 8.780181e+03 1.600563e+04 2.157538e+04 3.187442e+04  
2.054117e-02 8.737463e+03 1.592694e+04 2.146851e+04 3.171472e+04  
2.082751e-02 8.692261e+03 1.584372e+04 2.135553e+04 3.154599e+04  
2.111783e-02 8.644573e+03 1.575597e+04 2.123645e+04 3.136824e+04  
2.141220e-02 8.594394e+03 1.566368e+04 2.111125e+04 3.118146e+04  
2.171068e-02 8.541722e+03 1.556686e+04 2.097993e+04 3.098564e+04  
2.201331e-02 8.486560e+03 1.546549e+04 2.084250e+04 3.078080e+04  
2.232016e-02 8.428916e+03 1.535961e+04 2.069899e+04 3.056698e+04  
2.263130e-02 8.368802e+03 1.524924e+04 2.054942e+04 3.034423e+04  
2.294676e-02 8.306237e+03 1.513440e+04 2.039385e+04 3.011263e+04  
2.326663e-02 8.241242e+03 1.501515e+04 2.023233e+04 2.987225e+04  
2.359095e-02 8.173838e+03 1.489152e+04 2.006492e+04 2.962319e+04  
2.391980e-02 8.104052e+03 1.476356e+04 1.989169e+04 2.936555e+04  
2.425323e-02 8.031913e+03 1.463133e+04 1.971271e+04 2.909944e+04  
2.459130e-02 7.957460e+03 1.449490e+04 1.952808e+04 2.882502e+04  
2.493409e-02 7.880737e+03 1.435435e+04 1.933792e+04 2.854245e+04  
2.528166e-02 7.801798e+03 1.420978e+04 1.914236e+04 2.825193e+04  
2.563407e-02 7.720702e+03 1.406130e+04 1.894154e+04 2.795368e+04  
2.599140e-02 7.637501e+03 1.390901e+04 1.873561e+04 2.764791e+04  
2.635371e-02 7.552250e+03 1.375302e+04 1.852469e+04 2.733483e+04  
2.672106e-02 7.465011e+03 1.359342e+04 1.830895e+04 2.701466e+04  
2.709354e-02 7.375855e+03 1.343036e+04 1.808857e+04 2.668766e+04  
2.747121e-02 7.284859e+03 1.326398e+04 1.786373e+04 2.635414e+04  
2.785414e-02 7.192113e+03 1.309444e+04 1.763466e+04 2.601441e+04  
2.824241e-02 7.097714e+03 1.292192e+04 1.740160e+04 2.566885e+04  
2.863610e-02 7.001753e+03 1.274660e+04 1.716478e+04 2.531778e+04  
2.903527e-02 6.904316e+03 1.256861e+04 1.692442e+04 2.496153e+04  
2.944000e-02 6.805496e+03 1.238815e+04 1.668074e+04 2.460043e+04  
2.985038e-02 6.705399e+03 1.220540e+04 1.643401e+04 2.423489e+04  
3.026648e-02 6.604138e+03 1.202057e+04 1.618450e+04 2.386531e+04  
3.068838e-02 6.501837e+03 1.183388e+04 1.593252e+04 2.349214e+04  
3.111616e-02 6.398631e+03 1.164558e+04 1.567842e+04 2.311589e+04  
3.154990e-02 6.294651e+03 1.145592e+04 1.542250e+04 2.273702e+04  
3.198969e-02 6.190006e+03 1.126509e+04 1.516504e+04 2.235595e+04  
3.243561e-02 6.084814e+03 1.107330e+04 1.490633e+04 2.197309e+04  
3.288774e-02 5.979200e+03 1.088079e+04 1.464668e+04 2.158890e+04  
3.334618e-02 5.873302e+03 1.068780e+04 1.438642e+04 2.120389e+04  
3.381101e-02 5.767266e+03 1.049461e+04 1.412592e+04 2.081858e+04  
3.428231e-02 5.661250e+03 1.030149e+04 1.386556e+04 2.043355e+04  
3.476019e-02 5.555413e+03 1.010874e+04 1.360572e+04 2.004936e+04  
3.524473e-02 5.449885e+03 9.916597e+03 1.334674e+04 1.966649e+04  
3.573602e-02 5.344800e+03 9.725298e+03 1.308893e+04 1.928542e+04  
3.623416e-02 5.240298e+03 9.535103e+03 1.283264e+04 1.890666e+04  
3.673925e-02 5.136532e+03 9.346285e+03 1.257823e+04 1.853075e+04  
3.725137e-02 5.033661e+03 9.159133e+03 1.232610e+04 1.815826e+04  
3.777064e-02 4.931857e+03 8.973958e+03 1.207667e+04 1.778982e+04  
3.829714e-02 4.831288e+03 8.791065e+03 1.183033e+04 1.742601e+04  
3.883098e-02 4.732065e+03 8.610654e+03 1.158737e+04 1.706723e+04  
3.937226e-02 4.634280e+03 8.432890e+03 1.134800e+04 1.671382e+04  
3.992109e-02 4.538026e+03 8.257940e+03 1.111245e+04 1.636609e+04  
4.047757e-02 4.443400e+03 8.085979e+03 1.088094e+04 1.602440e+04  
4.104181e-02 4.350501e+03 7.917187e+03 1.065373e+04 1.568910e+04  
4.161391e-02 4.259434e+03 7.751751e+03 1.043106e+04 1.536055e+04  
4.219398e-02 4.170306e+03 7.589862e+03 1.021319e+04 1.503913e+04  
4.278214e-02 4.083238e+03 7.431739e+03 1.000040e+04 1.472526e+04  
4.337850e-02 3.998361e+03 7.277616e+03 9.793020e+03 1.441941e+04  
4.398317e-02 3.915812e+03 7.127738e+03 9.591367e+03 1.412206e+04  
4.459628e-02 3.835733e+03 6.982360e+03 9.395785e+03 1.383370e+04  
4.521792e-02 3.758272e+03 6.841746e+03 9.206625e+03 1.355485e+04  
4.584824e-02 3.683582e+03 6.706169e+03 9.024251e+03 1.328605e+04  
4.648734e-02 3.611809e+03 6.575891e+03 8.849012e+03 1.302779e+04  
4.713535e-02 3.543001e+03 6.450993e+03 8.681016e+03 1.278024e+04  
4.779239e-02 3.477151e+03 6.331461e+03 8.520241e+03 1.254337e+04  
4.845859e-02 3.414245e+03 6.217265e+03 8.366644e+03 1.231710e+04  
4.913407e-02 3.354260e+03 6.108359e+03 8.220163e+03 1.210134e+04  
4.981898e-02 3.297162e+03 6.004682e+03 8.080711e+03 1.189597e+04  
5.051342e-02 3.242911e+03 5.906154e+03 7.948180e+03 1.170081e+04  
5.121755e-02 3.191472e+03 5.812710e+03 7.822481e+03 1.151574e+04  
5.193150e-02 3.142822e+03 5.724305e+03 7.703550e+03 1.134066e+04  
5.265540e-02 3.096929e+03 5.640878e+03 7.591302e+03 1.117545e+04  
5.338938e-02 3.053753e+03 5.562351e+03 7.485632e+03 1.101994e+04  
5.413360e-02 3.013243e+03 5.488627e+03 7.386406e+03 1.087394e+04  
5.488820e-02 2.975336e+03 5.419590e+03 7.293467e+03 1.073721e+04  
5.565331e-02 2.939951e+03 5.355091e+03 7.206612e+03 1.060946e+04  
5.642908e-02 2.906992e+03 5.294950e+03 7.125598e+03 1.049032e+04  
5.721568e-02 2.876347e+03 5.238964e+03 7.050149e+03 1.037939e+04  
5.801323e-02 2.847890e+03 5.186900e+03 6.979954e+03 1.027622e+04  
5.882190e-02 2.821479e+03 5.138499e+03 6.914662e+03 1.018028e+04  
5.964185e-02 2.796956e+03 5.093475e+03 6.853890e+03 1.009101e+04  
6.047322e-02 2.774151e+03 5.051519e+03 6.797221e+03 1.000781e+04  
6.131619e-02 2.752876e+03 5.012288e+03 6.744196e+03 9.929999e+03  
6.217090e-02 2.732921e+03 4.975405e+03 6.694309e+03 9.856835e+03  
6.303753e-02 2.714057e+03 4.940457e+03 6.647008e+03 9.787508e+03  
6.391624e-02 2.696059e+03 4.907038e+03 6.601750e+03 9.721227e+03  
6.480720e-02 2.678719e+03 4.874774e+03 6.558034e+03 9.657257e+03  
6.571058e-02 2.661811e+03 4.843261e+03 6.515321e+03 9.594810e+03  
6.662655e-02 2.645090e+03 4.812060e+03 6.473024e+03 9.533027e+03  
6.755528e-02 2.628292e+03 4.780700e+03 6.430518e+03 9.470991e+03  
6.849697e-02 2.611165e+03 4.748734e+03 6.387205e+03 9.407829e+03  
6.945178e-02 2.593458e+03 4.715715e+03 6.342491e+03 9.342671e+03  
7.041990e-02 2.574900e+03 4.681162e+03 6.295736e+03 9.274579e+03  
7.140151e-02 2.555196e+03 4.644557e+03 6.246252e+03 9.202543e+03  
7.239681e-02 2.534075e+03 4.605421e+03 6.193404e+03 9.125633e+03  
7.340598e-02 2.511315e+03 4.563365e+03 6.136675e+03 9.043089e+03  
7.442922e-02 2.486683e+03 4.517982e+03 6.075527e+03 8.954121e+03  
7.546673e-02 2.459931e+03 4.468840e+03 6.009387e+03 8.857884e+03  
7.651869e-02 2.430842e+03 4.415561e+03 5.937756e+03 8.753643e+03  
7.758532e-02 2.399292e+03 4.357935e+03 5.860358e+03 8.640991e+03  
7.866682e-02 2.365167e+03 4.295769e+03 5.776941e+03 8.519551e+03  
7.976339e-02 2.328348e+03 4.228864e+03 5.687242e+03 8.388933e+03  
8.087525e-02 2.288773e+03 4.157116e+03 5.591127e+03 8.248937e+03  
8.200261e-02 2.246480e+03 4.080605e+03 5.488706e+03 8.099719e+03  
8.314568e-02 2.201527e+03 3.999443e+03 5.380133e+03 7.941499e+03  
8.430468e-02 2.153988e+03 3.913766e+03 5.265591e+03 7.774543e+03  
8.547985e-02 2.104007e+03 3.823839e+03 5.145435e+03 7.599368e+03  
8.667139e-02 2.051795e+03 3.730041e+03 5.020173e+03 7.416719e+03  
8.787954e-02 1.997586e+03 3.632792e+03 4.890365e+03 7.227416e+03  
8.910453e-02 1.941649e+03 3.532569e+03 4.756646e+03 7.032393e+03  
9.034660e-02 1.884307e+03 3.429947e+03 4.619783e+03 6.832776e+03  
9.160598e-02 1.825921e+03 3.325564e+03 4.480627e+03 6.629816e+03  
9.288292e-02 1.766884e+03 3.220115e+03 4.340098e+03 6.424866e+03  
9.417766e-02 1.707614e+03 3.114335e+03 4.199177e+03 6.219366e+03  
9.549045e-02 1.648518e+03 3.008941e+03 4.058812e+03 6.014715e+03  
9.682153e-02 1.590022e+03 2.904680e+03 3.919998e+03 5.812369e+03  
9.817117e-02 1.532585e+03 2.802359e+03 3.783804e+03 5.613898e+03  
9.953962e-02 1.476671e+03 2.702791e+03 3.651305e+03 5.420883e+03  
1.009272e-01 1.422647e+03 2.606614e+03 3.523349e+03 5.234561e+03  
1.023340e-01 1.370869e+03 2.514454e+03 3.400760e+03 5.056139e+03  
1.037605e-01 1.321720e+03 2.426974e+03 3.284419e+03 4.886902e+03  
1.052069e-01 1.275524e+03 2.344744e+03 3.175072e+03 4.727939e+03  
1.066734e-01 1.232478e+03 2.268097e+03 3.073161e+03 4.579892e+03  
1.081604e-01 1.192767e+03 2.197357e+03 2.979109e+03 4.443370e+03  
1.096681e-01 1.156575e+03 2.132836e+03 2.893324e+03 4.318966e+03  
1.111968e-01 1.123969e+03 2.074644e+03 2.815949e+03 4.206880e+03  
1.127468e-01 1.094947e+03 2.022769e+03 2.746960e+03 4.107073e+03  
1.143184e-01 1.069496e+03 1.977180e+03 2.686313e+03 4.019475e+03  
1.159120e-01 1.047545e+03 1.937740e+03 2.633820e+03 3.943811e+03  
1.175277e-01 1.028932e+03 1.904158e+03 2.589091e+03 3.879507e+03  
1.191660e-01 1.013470e+03 1.876095e+03 2.551673e+03 3.825904e+03  
1.208271e-01 1.000929e+03 1.853139e+03 2.521016e+03 3.782201e+03  
1.225114e-01 9.910049e+02 1.834747e+03 2.496398e+03 3.747350e+03  
1.242191e-01 9.833522e+02 1.820306e+03 2.477007e+03 3.720167e+03  
1.259506e-01 9.775838e+02 1.809132e+03 2.461937e+03 3.699337e+03  
1.277063e-01 9.732489e+02 1.800434e+03 2.450139e+03 3.683333e+03  
1.294865e-01 9.698495e+02 1.793341e+03 2.440461e+03 3.670472e+03  
1.312915e-01 9.668621e+02 1.786939e+03 2.431698e+03 3.658994e+03  
1.331216e-01 9.637739e+02 1.780340e+03 2.422675e+03 3.647175e+03  
1.349772e-01 9.600411e+02 1.772602e+03 2.412151e+03 3.633191e+03  
1.368587e-01 9.551425e+02 1.762830e+03 2.398942e+03 3.615295e+03  
1.387665e-01 9.486496e+02 1.750291e+03 2.382083e+03 3.592053e+03  
1.407008e-01 9.401233e+02 1.734237e+03 2.360585e+03 3.561996e+03  
1.426621e-01 9.292332e+02 1.714108e+03 2.333713e+03 3.524022e+03  
1.446507e-01 9.157653e+02 1.689549e+03 2.300997e+03 3.477420e+03  
1.466671e-01 8.995305e+02 1.660246e+03 2.262026e+03 3.421568e+03  
1.487115e-01 8.805177e+02 1.626193e+03 2.216792e+03 3.356441e+03  
1.507845e-01 8.587918e+02 1.587513e+03 2.165460e+03 3.282276e+03  
1.528864e-01 8.345248e+02 1.544511e+03 2.108438e+03 3.199672e+03  
1.550175e-01 8.080616e+02 1.497787e+03 2.046521e+03 3.109809e+03  
1.571784e-01 7.798117e+02 1.448050e+03 1.980648e+03 3.014082e+03  
1.593694e-01 7.503277e+02 1.396253e+03 1.912080e+03 2.914364e+03  
1.615909e-01 7.202482e+02 1.343491e+03 1.842267e+03 2.812806e+03  
1.638434e-01 6.902282e+02 1.290889e+03 1.772689e+03 2.711603e+03  
1.661273e-01 6.609380e+02 1.239592e+03 1.704860e+03 2.612989e+03  
1.684430e-01 6.330136e+02 1.190688e+03 1.640209e+03 2.519065e+03  
1.707910e-01 6.069431e+02 1.145009e+03 1.579828e+03 2.431433e+03  
1.731717e-01 5.831745e+02 1.103315e+03 1.524714e+03 2.351545e+03  
1.755856e-01 5.619658e+02 1.066043e+03 1.475436e+03 2.280220e+03  
1.780332e-01 5.435097e+02 1.033515e+03 1.432409e+03 2.218056e+03  
1.805149e-01 5.278614e+02 1.005817e+03 1.395743e+03 2.165196e+03  
1.830312e-01 5.150010e+02 9.829057e+02 1.365372e+03 2.121540e+03  
1.855825e-01 5.048153e+02 9.645768e+02 1.341025e+03 2.086684e+03  
1.881694e-01 4.971177e+02 9.505013e+02 1.322266e+03 2.059992e+03  
1.907924e-01 4.916043e+02 9.401503e+02 1.308396e+03 2.040448e+03  
1.934520e-01 4.878723e+02 9.328280e+02 1.298503e+03 2.026723e+03  
1.961486e-01 4.854082e+02 9.276533e+02 1.291427e+03 2.017130e+03  
1.988828e-01 4.836112e+02 9.236009e+02 1.285824e+03 2.009705e+03  
2.016551e-01 4.818559e+02 9.196084e+02 1.280301e+03 2.002402e+03  
2.044661e-01 4.795057e+02 9.146001e+02 1.273444e+03 1.993142e+03  
2.073162e-01 4.760314e+02 9.076861e+02 1.264087e+03 1.980195e+03  
2.102061e-01 4.709778e+02 8.981057e+02 1.251230e+03 1.962075e+03  
2.131362e-01 4.640616e+02 8.853906e+02 1.234258e+03 1.937861e+03  
2.161073e-01 4.551201e+02 8.692767e+02 1.212827e+03 1.907035e+03  
2.191197e-01 4.441705e+02 8.498032e+02 1.186989e+03 1.869670e+03  
2.221741e-01 4.313784e+02 8.272575e+02 1.157125e+03 1.826334e+03  
2.252711e-01 4.170624e+02 8.021824e+02 1.123953e+03 1.778096e+03  
2.284112e-01 4.016838e+02 7.753583e+02 1.088501e+03 1.726487e+03  
2.315951e-01 3.857995e+02 7.477229e+02 1.052002e+03 1.673340e+03  
2.348235e-01 3.700268e+02 7.203126e+02 1.015816e+03 1.620665e+03  
2.380968e-01 3.549507e+02 6.941072e+02 9.812243e+02 1.570348e+03  
2.414157e-01 3.410860e+02 6.699663e+02 9.493489e+02 1.524026e+03  
2.447809e-01 3.288115e+02 6.485190e+02 9.210069e+02 1.482882e+03  
2.481930e-01 3.183729e+02 6.301705e+02 8.967211e+02 1.447666e+03  
2.516527e-01 3.098589e+02 6.150611e+02 8.766682e+02 1.418619e+03  
2.551606e-01 3.032135e+02 6.030889e+02 8.607096e+02 1.395528e+03  
2.587174e-01 2.982484e+02 5.939304e+02 8.484194e+02 1.377767e+03  
2.623238e-01 2.946380e+02 5.870350e+02 8.390774e+02 1.364285e+03  
2.659804e-01 2.919454e+02 5.816682e+02 8.317252e+02 1.353686e+03  
2.696881e-01 2.896706e+02 5.769949e+02 8.252741e+02 1.344386e+03  
2.734474e-01 2.872972e+02 5.721565e+02 8.186055e+02 1.334749e+03  
2.772591e-01 2.843605e+02 5.663850e+02 8.107186e+02 1.323310e+03  
2.811239e-01 2.804897e+02 5.590705e+02 8.008195e+02 1.308905e+03  
2.850426e-01 2.754454e+02 5.498238e+02 7.884022e+02 1.290790e+03  
2.890160e-01 2.691539e+02 5.385302e+02 7.733200e+02 1.268754e+03  
2.930447e-01 2.617162e+02 5.253634e+02 7.558027e+02 1.243140e+03  
2.971296e-01 2.533990e+02 5.107687e+02 7.364344e+02 1.214814e+03  
3.012714e-01 2.445947e+02 4.953963e+02 7.160646e+02 1.185029e+03  
3.054710e-01 2.357617e+02 4.800024e+02 6.956784e+02 1.155229e+03  
3.097291e-01 2.273560e+02 4.653357e+02 6.762474e+02 1.126827e+03  
3.140465e-01 2.197481e+02 4.520019e+02 6.585545e+02 1.100954e+03  
3.184242e-01 2.131777e+02 4.403897e+02 6.430987e+02 1.078319e+03  
3.228628e-01 2.077452e+02 4.306578e+02 6.300806e+02 1.059201e+03  
3.273634e-01 2.034133e+02 4.227390e+02 6.194083e+02 1.043454e+03  
3.319266e-01 2.000118e+02 4.163486e+02 6.107104e+02 1.030537e+03  
3.365535e-01 1.972612e+02 4.110255e+02 6.033891e+02 1.019583e+03  
3.412449e-01 1.948048e+02 4.061850e+02 5.966881e+02 1.009502e+03  
3.460016e-01 1.922670e+02 4.012154e+02 5.898178e+02 9.991557e+02  
3.508247e-01 1.893308e+02 3.956029e+02 5.821156e+02 9.875906e+02  
3.557150e-01 1.857927e+02 3.890212e+02 5.731625e+02 9.742062e+02  
3.606735e-01 1.815973e+02 3.813848e+02 5.628508e+02 9.588534e+02  
3.657011e-01 1.768212e+02 3.728224e+02 5.513494e+02 9.417838e+02  
3.707988e-01 1.716527e+02 3.636418e+02 5.390580e+02 9.235802e+02  
3.759675e-01 1.663642e+02 3.542849e+02 5.265471e+02 9.050669e+02  
3.812083e-01 1.612624e+02 3.452459e+02 5.144521e+02 8.871540e+02  
3.865221e-01 1.566070e+02 3.369417e+02 5.033060e+02 8.705973e+02  
3.919100e-01 1.525522e+02 3.296163e+02 4.934187e+02 8.558293e+02  
3.973730e-01 1.491315e+02 3.233193e+02 4.848500e+02 8.429254e+02  
4.029122e-01 1.462665e+02 3.179211e+02 4.774309e+02 8.316383e+02  
4.085286e-01 1.437902e+02 3.131509e+02 4.708134e+02 8.214706e+02  
4.142232e-01 1.414799e+02 3.086511e+02 4.645397e+02 8.117733e+02  
4.199973e-01 1.391049e+02 3.040535e+02 4.581401e+02 8.018845e+02  
4.258518e-01 1.364904e+02 2.990815e+02 4.512635e+02 7.913119e+02  
4.317880e-01 1.335647e+02 2.936235e+02 4.437692e+02 7.798632e+02  
4.378069e-01 1.303492e+02 2.877163e+02 4.357067e+02 7.676141e+02  
4.439097e-01 1.269538e+02 2.815363e+02 4.273020e+02 7.548876e+02  
4.500975e-01 1.235539e+02 2.753618e+02 4.189097e+02 7.421827e+02  
4.563716e-01 1.203249e+02 2.694691e+02 4.108797e+02 7.299865e+02  
4.627332e-01 1.173874e+02 2.640467e+02 4.034489e+02 7.186240e+02  
4.691835e-01 1.147890e+02 2.591668e+02 3.967065e+02 7.082126e+02  
4.757236e-01 1.124979e+02 2.547768e+02 3.905836e+02 6.986517e+02  
4.823549e-01 1.104132e+02 2.507167e+02 3.848772e+02 6.896573e+02  
4.890787e-01 1.083961e+02 2.467684e+02 3.793122e+02 6.808500e+02  
4.958962e-01 1.063249e+02 2.427424e+02 3.736505e+02 6.719046e+02  
5.028087e-01 1.041330e+02 2.385361e+02 3.677646e+02 6.626496e+02  
5.098176e-01 1.018156e+02 2.341435e+02 3.616482e+02 6.530809e+02  
5.169242e-01 9.942252e+01 2.296432e+02 3.554011e+02 6.433378e+02  
5.241298e-01 9.705149e+01 2.251869e+02 3.492136e+02 6.336799e+02  
5.314359e-01 9.479802e+01 2.209215e+02 3.432686e+02 6.243533e+02  
5.388438e-01 9.271477e+01 2.169270e+02 3.376643e+02 6.154874e+02  
5.463550e-01 9.080523e+01 2.132070e+02 3.324041e+02 6.070831e+02  
5.539709e-01 8.903098e+01 2.097013e+02 3.274120e+02 5.990358e+02  
5.616930e-01 8.731850e+01 2.062967e+02 3.225473e+02 5.911570e+02  
5.695227e-01 8.559987e+01 2.028897e+02 3.176820e+02 5.832777e+02  
5.774615e-01 8.384416e+01 1.994336e+02 3.127594e+02 5.753247e+02  
5.855110e-01 8.204976e+01 1.959269e+02 3.077782e+02 5.672986e+02  
5.936727e-01 8.025406e+01 1.924266e+02 3.028092e+02 5.592939e+02  
6.019482e-01 7.850969e+01 1.890120e+02 2.979497e+02 5.514378e+02  
6.103390e-01 7.685146e+01 1.857351e+02 2.932626e+02 5.438107e+02  
6.188468e-01 7.529030e+01 1.826113e+02 2.887663e+02 5.364341e+02  
6.274732e-01 7.380950e+01 1.796148e+02 2.844283e+02 5.292648e+02  
6.362198e-01 7.236708e+01 1.766825e+02 2.801718e+02 5.222035e+02  
6.450884e-01 7.093880e+01 1.737782e+02 2.759529e+02 5.151947e+02  
6.540806e-01 6.950933e+01 1.708795e+02 2.717447e+02 5.082052e+02  
6.631981e-01 6.808132e+01 1.679904e+02 2.675526e+02 5.012429e+02  
6.724427e-01 6.668825e+01 1.651604e+02 2.634361e+02 4.943826e+02  
6.818162e-01 6.533565e+01 1.623974e+02 2.594045e+02 4.876355e+02  
6.913204e-01 6.402738e+01 1.597066e+02 2.554639e+02 4.810085e+02  
7.009570e-01 6.276581e+01 1.570912e+02 2.516175e+02 4.745050e+02  
7.107280e-01 6.154435e+01 1.545410e+02 2.478533e+02 4.681095e+02  
7.206351e-01 6.035274e+01 1.520412e+02 2.441531e+02 4.617995e+02  
7.306804e-01 5.917990e+01 1.495754e+02 2.404980e+02 4.555522e+02  
7.408657e-01 5.802040e+01 1.471361e+02 2.368788e+02 4.493570e+02  
7.511929e-01 5.687985e+01 1.447311e+02 2.333050e+02 4.432255e+02  
7.616642e-01 5.576541e+01 1.423706e+02 2.297885e+02 4.371716e+02  
7.722814e-01 5.468406e+01 1.400644e+02 2.263405e+02 4.312083e+02  
7.830465e-01 5.363556e+01 1.378118e+02 2.229599e+02 4.253337e+02  
7.939618e-01 5.261466e+01 1.356051e+02 2.196378e+02 4.195370e+02  
8.050292e-01 5.161560e+01 1.334361e+02 2.163645e+02 4.138070e+02  
8.162509e-01 5.063386e+01 1.312984e+02 2.131325e+02 4.081353e+02  
8.276289e-01 4.967031e+01 1.291931e+02 2.099433e+02 4.025235e+02  
8.391656e-01 4.872707e+01 1.271231e+02 2.068001e+02 3.969750e+02  
8.508632e-01 4.780629e+01 1.250912e+02 2.037059e+02 3.914933e+02  
8.627237e-01 4.690848e+01 1.230979e+02 2.006613e+02 3.860786e+02  
8.747496e-01 4.603208e+01 1.211410e+02 1.976635e+02 3.807276e+02  
8.869432e-01 4.517529e+01 1.192178e+02 1.947096e+02 3.754370e+02  
8.993067e-01 4.433633e+01 1.173258e+02 1.917966e+02 3.702036e+02  
9.118425e-01 4.351467e+01 1.154642e+02 1.889235e+02 3.650262e+02  
9.245531e-01 4.271028e+01 1.136328e+02 1.860902e+02 3.599046e+02  
9.374409e-01 4.192309e+01 1.118315e+02 1.832963e+02 3.548383e+02  
9.505083e-01 4.115292e+01 1.100598e+02 1.805415e+02 3.498267e+02  
9.637579e-01 4.039939e+01 1.083172e+02 1.778249e+02 3.448689e+02  
9.771921e-01 3.966206e+01 1.066030e+02 1.751457e+02 3.399640e+02  
9.908137e-01 3.894043e+01 1.049163e+02 1.725030e+02 3.351109e+02  
1.004625e+00 3.823401e+01 1.032565e+02 1.698959e+02 3.303087e+02  
1.018629e+00 3.754236e+01 1.016229e+02 1.673238e+02 3.255565e+02  
1.032828e+00 3.686496e+01 1.000146e+02 1.647855e+02 3.208534e+02  
1.047225e+00 3.620129e+01 9.843103e+01 1.622805e+02 3.161984e+02  
1.061823e+00 3.555112e+01 9.687170e+01 1.598080e+02 3.115911e+02  
1.076624e+00 3.491421e+01 9.533624e+01 1.573678e+02 3.070308e+02  
1.091632e+00 3.429032e+01 9.382422e+01 1.549593e+02 3.025172e+02  
1.106848e+00 3.367913e+01 9.233519e+01 1.525819e+02 2.980495e+02  
1.122277e+00 3.308033e+01 9.086863e+01 1.502350e+02 2.936272e+02  
1.137921e+00 3.249352e+01 8.942398e+01 1.479181e+02 2.892496e+02  
1.153783e+00 3.191829e+01 8.800065e+01 1.456305e+02 2.849161e+02  
1.169866e+00 3.135436e+01 8.659822e+01 1.433717e+02 2.806262e+02  
1.186174e+00 3.080148e+01 8.521630e+01 1.411412e+02 2.763795e+02  
1.202708e+00 3.025939e+01 8.385448e+01 1.389387e+02 2.721755e+02  
1.219473e+00 2.972778e+01 8.251234e+01 1.367635e+02 2.680138e+02  
1.236472e+00 2.920643e+01 8.118952e+01 1.346154e+02 2.638940e+02  
1.253708e+00 2.869508e+01 7.988563e+01 1.324939e+02 2.598157e+02  
1.271184e+00 2.819343e+01 7.860028e+01 1.303986e+02 2.557785e+02  
1.288904e+00 2.770125e+01 7.733310e+01 1.283290e+02 2.517821e+02  
1.306870e+00 2.721833e+01 7.608378e+01 1.262848e+02 2.478261e+02  
1.325087e+00 2.674444e+01 7.485199e+01 1.242657e+02 2.439102e+02  
1.343558e+00 2.627933e+01 7.363739e+01 1.222713e+02 2.400342e+02  
1.362287e+00 2.582281e+01 7.243968e+01 1.203012e+02 2.361977e+02  
1.381276e+00 2.537470e+01 7.125859e+01 1.183552e+02 2.324005e+02  
1.400531e+00 2.493475e+01 7.009380e+01 1.164329e+02 2.286423e+02  
1.420053e+00 2.450278e+01 6.894503e+01 1.145341e+02 2.249229e+02  
1.439848e+00 2.407862e+01 6.781203e+01 1.128444e+02 2.212422e+02  
1.459919e+00 2.366209e+01 6.669454e+01 1.108056e+02 2.175998e+02  
1.480269e+00 2.325300e+01 6.559230e+01 1.089753e+02 2.139956e+02  
1.500903e+00 2.283673e+01 6.450506e+01 1.071674e+02 2.104294e+02  
1.521825e+00 2.245642e+01 6.343259e+01 1.053816e+02 2.069010e+02  
1.543038e+00 2.206860e+01 6.237464e+01 1.036176e+02 2.034103e+02  
1.564548e+00 2.168751e+01 6.133097e+01 1.018751e+02 1.999570e+02  
1.586357e+00 2.131303e+01 6.030138e+01 1.001541e+02 1.965412e+02  
1.608469e+00 2.094499e+01 5.928566e+01 9.845411e+01 1.931625e+02  
1.630891e+00 2.058325e+01 5.828361e+01 9.677509e+01 1.898210e+02  
1.653624e+00 2.022766e+01 5.729502e+01 9.511677e+01 1.865164e+02  
1.676675e+00 1.987811e+01 5.631973e+01 9.347898e+01 1.832487e+02  
1.700047e+00 1.953447e+01 5.535756e+01 9.186152e+01 1.800178e+02  
1.723745e+00 1.919661e+01 5.440832e+01 9.026420e+01 1.768235e+02  
1.747773e+00 1.886439e+01 5.347185e+01 8.868684e+01 1.736658e+02  
1.772136e+00 1.853771e+01 5.254797e+01 8.712926e+01 1.705446e+02  
1.796838e+00 1.821642e+01 5.163651e+01 8.559128e+01 1.674598e+02  
1.821885e+00 1.790041e+01 5.073731e+01 8.407272e+01 1.644113e+02  
1.847281e+00 1.758958e+01 4.985023e+01 8.257344e+01 1.613990e+02  
1.873032e+00 1.728383e+01 4.897512e+01 8.109327e+01 1.584229e+02  
1.899141e+00 1.698306e+01 4.811184e+01 7.963206e+01 1.554829e+02  
1.925614e+00 1.668716e+01 4.726025e+01 7.818966e+01 1.525790e+02  
1.952456e+00 1.639603e+01 4.642021e+01 7.676593e+01 1.497109e+02  
1.979672e+00 1.610958e+01 4.559158e+01 7.536070e+01 1.468788e+02  
2.007267e+00 1.582768e+01 4.477422e+01 7.397383e+01 1.440824e+02  
2.035248e+00 1.555028e+01 4.396801e+01 7.260519e+01 1.413218e+02  
2.063618e+00 1.527728e+01 4.317284e+01 7.125465e+01 1.385969e+02  
2.092383e+00 1.500860e+01 4.238859e+01 6.992208e+01 1.359076e+02  
2.121550e+00 1.474416e+01 4.161514e+01 6.860733e+01 1.332538e+02  
2.151123e+00 1.448389e+01 4.085238e+01 6.731030e+01 1.306354e+02  
2.181109e+00 1.422771e+01 4.010019e+01 6.603083e+01 1.280525e+02  
2.211512e+00 1.397552e+01 3.935847e+01 6.476882e+01 1.255048e+02  
2.242340e+00 1.372727e+01 3.862709e+01 6.352413e+01 1.229923e+02  
2.273597e+00 1.348289e+01 3.790597e+01 6.229665e+01 1.205150e+02  
2.305289e+00 1.324230e+01 3.719500e+01 6.108626e+01 1.180726e+02  
2.337424e+00 1.300544e+01 3.649407e+01 5.989283e+01 1.156652e+02  
2.370006e+00 1.277224e+01 3.580309e+01 5.871625e+01 1.132927e+02  
2.403043e+00 1.254264e+01 3.512196e+01 5.755640e+01 1.109548e+02  
2.436540e+00 1.231657e+01 3.445059e+01 5.641317e+01 1.086515e+02  
2.470504e+00 1.209399e+01 3.378887e+01 5.528644e+01 1.063827e+02  
2.504942e+00 1.187482e+01 3.313673e+01 5.417610e+01 1.041482e+02  
2.539859e+00 1.165902e+01 3.249406e+01 5.308204e+01 1.019479e+02  
2.575263e+00 1.144654e+01 3.186078e+01 5.200414e+01 9.978165e+01  
2.611161e+00 1.123732e+01 3.123681e+01 5.094228e+01 9.764931e+01  
2.647559e+00 1.103131e+01 3.062205e+01 4.989637e+01 9.555072e+01  
2.684465e+00 1.082846e+01 3.001641e+01 4.886628e+01 9.348569e+01  
2.721885e+00 1.062870e+01 2.941981e+01 4.785191e+01 9.145407e+01  
2.759826e+00 1.043201e+01 2.883217e+01 4.685314e+01 8.945565e+01  
2.798297e+00 1.023834e+01 2.825340e+01 4.586986e+01 8.749025e+01  
2.837304e+00 1.004763e+01 2.768343e+01 4.490195e+01 8.555767e+01  
2.876854e+00 9.859853e+00 2.712216e+01 4.394931e+01 8.365770e+01  
2.916956e+00 9.674957e+00 2.656952e+01 4.301183e+01 8.179012e+01  
2.957617e+00 9.492904e+00 2.602543e+01 4.208938e+01 7.995471e+01  
2.998844e+00 9.313652e+00 2.548981e+01 4.118186e+01 7.815123e+01  
3.040646e+00 9.137162e+00 2.496258e+01 4.028915e+01 7.637945e+01  
3.083031e+00 8.963397e+00 2.444366e+01 3.941113e+01 7.463911e+01  
3.126007e+00 8.792314e+00 2.393297e+01 3.854769e+01 7.292996e+01  
3.169582e+00 8.623878e+00 2.343044e+01 3.769871e+01 7.125173e+01  
3.213764e+00 8.458055e+00 2.293599e+01 3.686408e+01 6.960415e+01  
3.258562e+00 8.294809e+00 2.244954e+01 3.604367e+01 6.798695e+01  
3.303985e+00 8.134105e+00 2.197101e+01 3.523736e+01 6.639983e+01  
3.350041e+00 7.975910e+00 2.150034e+01 3.444503e+01 6.484251e+01  
3.396739e+00 7.820192e+00 2.103744e+01 3.366657e+01 6.331469e+01  
3.444087e+00 7.666918e+00 2.058223e+01 3.290183e+01 6.181583e+01  
3.492096e+00 7.516056e+00 2.013466e+01 3.215071e+01 6.034632e+01  
3.540774e+00 7.367575e+00 1.969463e+01 3.141308e+01 5.890516e+01  
3.590130e+00 7.221445e+00 1.926207e+01 3.068880e+01 5.749225e+01  
3.640175e+00 7.077637e+00 1.883692e+01 2.997774e+01 5.610726e+01  
3.690917e+00 6.936120e+00 1.841909e+01 2.927978e+01 5.474986e+01  
3.742366e+00 6.796867e+00 1.800851e+01 2.859479e+01 5.341973e+01  
3.794533e+00 6.659850e+00 1.760512e+01 2.792262e+01 5.211653e+01  
3.847427e+00 6.525040e+00 1.720882e+01 2.726316e+01 5.083991e+01  
3.901058e+00 6.392411e+00 1.681956e+01 2.661625e+01 4.958953e+01  
3.955436e+00 6.261935e+00 1.643725e+01 2.598178e+01 4.836505e+01  
4.010573e+00 6.133586e+00 1.606182e+01 2.535956e+01 4.716611e+01  
4.066478e+00 6.007338e+00 1.569320e+01 2.474950e+01 4.599237e+01  
4.123163e+00 5.883166e+00 1.533132e+01 2.415144e+01 4.484346e+01  
4.180637e+00 5.761044e+00 1.497609e+01 2.356524e+01 4.371904e+01  
4.238913e+00 5.640947e+00 1.462745e+01 2.299076e+01 4.261875e+01  
4.298001e+00 5.522850e+00 1.428533e+01 2.242785e+01 4.154222e+01  
4.357913e+00 5.406731e+00 1.394964e+01 2.187636e+01 4.048911e+01  
4.418660e+00 5.292564e+00 1.362032e+01 2.133615e+01 3.945904e+01  
4.480254e+00 5.180326e+00 1.329729e+01 2.080707e+01 3.845167e+01  
4.542706e+00 5.069994e+00 1.298047e+01 2.028898e+01 3.746663e+01  
4.606029e+00 4.961545e+00 1.266980e+01 1.978171e+01 3.650356e+01  
4.670234e+00 4.854954e+00 1.236519e+01 1.928514e+01 3.556210e+01  
4.735335e+00 4.750200e+00 1.206658e+01 1.879909e+01 3.464190e+01  
4.801343e+00 4.647261e+00 1.177388e+01 1.832343e+01 3.374262e+01  
4.868271e+00 4.546114e+00 1.148703e+01 1.785799e+01 3.286384e+01  
4.936132e+00 4.446737e+00 1.120594e+01 1.740264e+01 3.200526e+01  
5.004939e+00 4.349108e+00 1.093054e+01 1.695722e+01 3.116652e+01  
5.074705e+00 4.253207e+00 1.066077e+01 1.652157e+01 3.034726e+01  
5.145444e+00 4.159010e+00 1.039653e+01 1.609555e+01 2.954713e+01  
5.217169e+00 4.066498e+00 1.013776e+01 1.567899e+01 2.876578e+01  
5.289893e+00 3.975648e+00 9.884389e+00 1.527177e+01 2.800288e+01  
5.363631e+00 3.886441e+00 9.636329e+00 1.487370e+01 2.725807e+01  
5.438397e+00 3.798855e+00 9.393510e+00 1.448466e+01 2.653102e+01  
5.514206e+00 3.712869e+00 9.155857e+00 1.410449e+01 2.582138e+01  
5.591071e+00 3.623805e+00 8.923293e+00 1.373304e+01 2.512883e+01  
5.669007e+00 3.545619e+00 8.695744e+00 1.337015e+01 2.445304e+01  
5.748030e+00 3.464313e+00 8.473134e+00 1.301568e+01 2.379366e+01  
5.828155e+00 3.384527e+00 8.255387e+00 1.266948e+01 2.315039e+01  
5.909396e+00 3.306242e+00 8.042429e+00 1.233141e+01 2.252290e+01  
5.991770e+00 3.229436e+00 7.834184e+00 1.200132e+01 2.191086e+01  
6.075292e+00 3.154090e+00 7.630577e+00 1.167905e+01 2.131397e+01  
6.159978e+00 3.080186e+00 7.431535e+00 1.136447e+01 2.073194e+01  
6.245845e+00 3.007703e+00 7.236981e+00 1.105744e+01 2.016437e+01  
6.332908e+00 2.936623e+00 7.046843e+00 1.075781e+01 1.961106e+01  
6.421186e+00 2.866925e+00 6.861047e+00 1.046543e+01 1.907168e+01  
6.510694e+00 2.798593e+00 6.679517e+00 1.018018e+01 1.854591e+01  
6.601449e+00 2.731605e+00 6.502183e+00 9.901901e+00 1.803349e+01  
6.693470e+00 2.665945e+00 6.328969e+00 9.630469e+00 1.753411e+01  
6.786773e+00 2.601592e+00 6.159805e+00 9.365742e+00 1.704749e+01  
6.881377e+00 2.538529e+00 5.994617e+00 9.107590e+00 1.657336e+01  
6.977300e+00 2.476737e+00 5.833333e+00 8.855875e+00 1.611143e+01  
7.074559e+00 2.416198e+00 5.675883e+00 8.610466e+00 1.566145e+01  
7.173175e+00 2.356895e+00 5.522196e+00 8.371234e+00 1.522312e+01  
7.273165e+00 2.298807e+00 5.372201e+00 8.138048e+00 1.479620e+01  
7.374549e+00 2.241919e+00 5.225829e+00 7.910784e+00 1.438044e+01  
7.477346e+00 2.186212e+00 5.083010e+00 7.689315e+00 1.397556e+01  
7.581576e+00 2.131669e+00 4.943677e+00 7.473516e+00 1.358133e+01  
7.687260e+00 2.078272e+00 4.807761e+00 7.263265e+00 1.319749e+01  
7.794416e+00 2.026003e+00 4.675196e+00 7.058443e+00 1.282381e+01  
7.903066e+00 1.974845e+00 4.545915e+00 6.858929e+00 1.246005e+01  
8.013230e+00 1.924782e+00 4.419851e+00 6.664607e+00 1.210596e+01  
8.124930e+00 1.875795e+00 4.296941e+00 6.475361e+00 1.176133e+01  
8.238187e+00 1.827869e+00 4.177119e+00 6.291078e+00 1.142593e+01  
8.353023e+00 1.780986e+00 4.060321e+00 6.111645e+00 1.109954e+01  
8.469460e+00 1.735129e+00 3.946485e+00 5.936952e+00 1.078194e+01  
8.587519e+00 1.690283e+00 3.835548e+00 5.766891e+00 1.047292e+01  
8.707225e+00 1.646430e+00 3.727449e+00 5.601354e+00 1.017226e+01  
8.828599e+00 1.603554e+00 3.622127e+00 5.440238e+00 9.879770e+00  
8.951665e+00 1.561639e+00 3.519531e+00 5.283438e+00 9.595243e+00  
9.076446e+00 1.520669e+00 3.419576e+00 5.130853e+00 9.319807e+00  
9.202967e+00 1.480628e+00 3.322232e+00 4.982384e+00 9.049301e+00  
9.331251e+00 1.441500e+00 3.227430e+00 4.837932e+00 8.787503e+00  
9.461324e+00 1.403269e+00 3.135116e+00 4.697402e+00 8.532906e+00  
9.593209e+00 1.365921e+00 3.045233e+00 4.560642e+00 8.285329e+00  
9.726934e+00 1.329437e+00 2.957725e+00 4.427725e+00 8.044595e+00  
9.862522e+00 1.293805e+00 2.872540e+00 4.298403e+00 7.810530e+00  
1.000000e+01 1.259009e+00 2.789624e+00 4.172629e+00 7.582968e+00  
