1.000000e-02 4.637119e+03 8.521889e+03 1.156841e+04 1.730416e+04  
1.013939e-02 4.664795e+03 8.572568e+03 1.163703e+04 1.740636e+04  
1.028073e-02 4.692118e+03 8.622592e+03 1.170475e+04 1.750721e+04  
1.042404e-02 4.719072e+03 8.671933e+03 1.177154e+04 1.760667e+04  
1.056935e-02 4.745640e+03 8.720560e+03 1.183736e+04 1.770465e+04  
1.071668e-02 4.771807e+03 8.768445e+03 1.190217e+04 1.780111e+04  
1.086606e-02 4.797556e+03 8.815558e+03 1.196592e+04 1.789599e+04  
1.101753e-02 4.822872e+03 8.861869e+03 1.202858e+04 1.798922e+04  
1.117111e-02 4.847737e+03 8.907346e+03 1.209010e+04 1.808074e+04  
1.132683e-02 4.872134e+03 8.951958e+03 1.215044e+04 1.817049e+04  
1.148472e-02 4.896045e+03 8.995673e+03 1.220957e+04 1.825840e+04  
1.164481e-02 4.919454e+03 9.038459e+03 1.226742e+04 1.834441e+04  
1.180713e-02 4.942342e+03 9.080282e+03 1.232397e+04 1.842844e+04  
1.197171e-02 4.964692e+03 9.121113e+03 1.237916e+04 1.851045e+04  
1.213859e-02 4.986487e+03 9.160917e+03 1.243295e+04 1.859035e+04  
1.230780e-02 5.007708e+03 9.199661e+03 1.248530e+04 1.866809e+04  
1.247936e-02 5.028335e+03 9.237310e+03 1.253616e+04 1.874358e+04  
1.265332e-02 5.048349e+03 9.273826e+03 1.258548e+04 1.881676e+04  
1.282970e-02 5.067729e+03 9.309173e+03 1.263320e+04 1.888755e+04  
1.300854e-02 5.086456e+03 9.343314e+03 1.267929e+04 1.895588e+04  
1.318987e-02 5.104511e+03 9.376213e+03 1.272368e+04 1.902167e+04  
1.337373e-02 5.121872e+03 9.407835e+03 1.276634e+04 1.908485e+04  
1.356015e-02 5.138521e+03 9.438141e+03 1.280720e+04 1.914534e+04  
1.374917e-02 5.154437e+03 9.467097e+03 1.284623e+04 1.920308e+04  
1.394083e-02 5.169602e+03 9.494667e+03 1.288337e+04 1.925800e+04  
1.413516e-02 5.183996e+03 9.520815e+03 1.291858e+04 1.931001e+04  
1.433219e-02 5.197599e+03 9.545506e+03 1.295181e+04 1.935905e+04  
1.453198e-02 5.210394e+03 9.568705e+03 1.298300e+04 1.940505e+04  
1.473454e-02 5.222362e+03 9.590380e+03 1.301213e+04 1.944794e+04  
1.493993e-02 5.233483e+03 9.610496e+03 1.303913e+04 1.948766e+04  
1.514819e-02 5.243740e+03 9.629017e+03 1.306397e+04 1.952413e+04  
1.535935e-02 5.253110e+03 9.645906e+03 1.308658e+04 1.955727e+04  
1.557345e-02 5.261575e+03 9.661126e+03 1.310693e+04 1.958702e+04  
1.579053e-02 5.269115e+03 9.674644e+03 1.312496e+04 1.961330e+04  
1.601064e-02 5.275713e+03 9.686424e+03 1.314063e+04 1.963605e+04  
1.623382e-02 5.281349e+03 9.696434e+03 1.315390e+04 1.965519e+04  
1.646012e-02 5.286006e+03 9.704642e+03 1.316472e+04 1.967067e+04  
1.668956e-02 5.289666e+03 9.711013e+03 1.317304e+04 1.968241e+04  
1.692220e-02 5.292311e+03 9.715517e+03 1.317882e+04 1.969035e+04  
1.715809e-02 5.293925e+03 9.718121e+03 1.318202e+04 1.969444e+04  
1.739726e-02 5.294490e+03 9.718797e+03 1.318261e+04 1.969461e+04  
1.763977e-02 5.293993e+03 9.717516e+03 1.318053e+04 1.969080e+04  
1.788566e-02 5.292417e+03 9.714252e+03 1.317576e+04 1.968296e+04  
1.813498e-02 5.289751e+03 9.708981e+03 1.316827e+04 1.967105e+04  
1.838777e-02 5.285979e+03 9.701676e+03 1.315801e+04 1.965500e+04  
1.864409e-02 5.281086e+03 9.692309e+03 1.314496e+04 1.963477e+04  
1.890397e-02 5.275058e+03 9.680855e+03 1.312906e+04 1.961031e+04  
1.916748e-02 5.267881e+03 9.667289e+03 1.311031e+04 1.958156e+04  
1.943467e-02 5.259545e+03 9.651592e+03 1.308866e+04 1.954849e+04  
1.970558e-02 5.250039e+03 9.633744e+03 1.306409e+04 1.951105e+04  
1.998026e-02 5.239354e+03 9.613730e+03 1.303658e+04 1.946923e+04  
2.025878e-02 5.227482e+03 9.591535e+03 1.300611e+04 1.942298e+04  
2.054117e-02 5.214415e+03 9.567144e+03 1.297266e+04 1.937228e+04  
2.082751e-02 5.200147e+03 9.540546e+03 1.293621e+04 1.931712e+04  
2.111783e-02 5.184673e+03 9.511734e+03 1.289677e+04 1.925746e+04  
2.141220e-02 5.167991e+03 9.480703e+03 1.285431e+04 1.919332e+04  
2.171068e-02 5.150100e+03 9.447454e+03 1.280884e+04 1.912468e+04  
2.201331e-02 5.131003e+03 9.411991e+03 1.276037e+04 1.905156e+04  
2.232016e-02 5.110702e+03 9.374318e+03 1.270890e+04 1.897397e+04  
2.263130e-02 5.089198e+03 9.334437e+03 1.265444e+04 1.889191e+04  
2.294676e-02 5.066495e+03 9.292356e+03 1.259700e+04 1.880540e+04  
2.326663e-02 5.042598e+03 9.248087e+03 1.253659e+04 1.871447e+04  
2.359095e-02 5.017518e+03 9.201648e+03 1.247324e+04 1.861915e+04  
2.391980e-02 4.991266e+03 9.153061e+03 1.240698e+04 1.851949e+04  
2.425323e-02 4.963858e+03 9.102353e+03 1.233784e+04 1.841554e+04  
2.459130e-02 4.935308e+03 9.049554e+03 1.226587e+04 1.830737e+04  
2.493409e-02 4.905628e+03 8.994685e+03 1.219110e+04 1.819503e+04  
2.528166e-02 4.874833e+03 8.937775e+03 1.211356e+04 1.807856e+04  
2.563407e-02 4.842942e+03 8.878856e+03 1.203330e+04 1.795803e+04  
2.599140e-02 4.809974e+03 8.817968e+03 1.195037e+04 1.783354e+04  
2.635371e-02 4.775956e+03 8.755159e+03 1.186485e+04 1.770517e+04  
2.672106e-02 4.740917e+03 8.690480e+03 1.177679e+04 1.757303e+04  
2.709354e-02 4.704885e+03 8.623989e+03 1.168628e+04 1.743724e+04  
2.747121e-02 4.667889e+03 8.555734e+03 1.159338e+04 1.729790e+04  
2.785414e-02 4.629958e+03 8.485770e+03 1.149817e+04 1.715512e+04  
2.824241e-02 4.591125e+03 8.414161e+03 1.140074e+04 1.700903e+04  
2.863610e-02 4.551429e+03 8.340975e+03 1.130117e+04 1.685976e+04  
2.903527e-02 4.510911e+03 8.266292e+03 1.119958e+04 1.670749e+04  
2.944000e-02 4.469620e+03 8.190198e+03 1.109609e+04 1.655239e+04  
2.985038e-02 4.427603e+03 8.112782e+03 1.099080e+04 1.639463e+04  
3.026648e-02 4.384902e+03 8.034121e+03 1.088384e+04 1.623438e+04  
3.068838e-02 4.341559e+03 7.954293e+03 1.077530e+04 1.607179e+04  
3.111616e-02 4.297620e+03 7.873383e+03 1.066531e+04 1.590704e+04  
3.154990e-02 4.253137e+03 7.791485e+03 1.055398e+04 1.574031e+04  
3.198969e-02 4.208166e+03 7.708702e+03 1.044146e+04 1.557182e+04  
3.243561e-02 4.162767e+03 7.625148e+03 1.032790e+04 1.540180e+04  
3.288774e-02 4.117005e+03 7.540938e+03 1.021347e+04 1.523048e+04  
3.334618e-02 4.070932e+03 7.456169e+03 1.009828e+04 1.505806e+04  
3.381101e-02 4.024598e+03 7.370932e+03 9.982469e+03 1.488473e+04  
3.428231e-02 3.978056e+03 7.285328e+03 9.866168e+03 1.471068e+04  
3.476019e-02 3.931366e+03 7.199463e+03 9.749524e+03 1.453613e+04  
3.524473e-02 3.884591e+03 7.113454e+03 9.632693e+03 1.436133e+04  
3.573602e-02 3.837798e+03 7.027424e+03 9.515845e+03 1.418652e+04  
3.623416e-02 3.791059e+03 6.941506e+03 9.399156e+03 1.401196e+04  
3.673925e-02 3.744435e+03 6.855810e+03 9.282778e+03 1.383789e+04  
3.725137e-02 3.697981e+03 6.770436e+03 9.166848e+03 1.366451e+04  
3.777064e-02 3.651756e+03 6.685495e+03 9.051513e+03 1.349204e+04  
3.829714e-02 3.605823e+03 6.601100e+03 8.936928e+03 1.332071e+04  
3.883098e-02 3.560249e+03 6.517373e+03 8.823258e+03 1.315076e+04  
3.937226e-02 3.515106e+03 6.434445e+03 8.710681e+03 1.298248e+04  
3.992109e-02 3.470465e+03 6.352450e+03 8.599379e+03 1.281611e+04  
4.047757e-02 3.426379e+03 6.271479e+03 8.489474e+03 1.265186e+04  
4.104181e-02 3.382874e+03 6.191583e+03 8.381035e+03 1.248982e+04  
4.161391e-02 3.339977e+03 6.112812e+03 8.274129e+03 1.233010e+04  
4.219398e-02 3.297717e+03 6.035215e+03 8.168826e+03 1.217280e+04  
4.278214e-02 3.256122e+03 5.958844e+03 8.065193e+03 1.201801e+04  
4.337850e-02 3.215219e+03 5.883750e+03 7.963300e+03 1.186585e+04  
4.398317e-02 3.175037e+03 5.809984e+03 7.863218e+03 1.171643e+04  
4.459628e-02 3.135617e+03 5.737622e+03 7.765046e+03 1.156988e+04  
4.521792e-02 3.097015e+03 5.666763e+03 7.668922e+03 1.142642e+04  
4.584824e-02 3.059290e+03 5.597516e+03 7.574991e+03 1.128627e+04  
4.648734e-02 3.022504e+03 5.529992e+03 7.483405e+03 1.114966e+04  
4.713535e-02 2.986721e+03 5.464309e+03 7.394321e+03 1.101682e+04  
4.779239e-02 2.952009e+03 5.400589e+03 7.307906e+03 1.088799e+04  
4.845859e-02 2.918435e+03 5.338952e+03 7.224323e+03 1.076344e+04  
4.913407e-02 2.886007e+03 5.279413e+03 7.143590e+03 1.064319e+04  
4.981898e-02 2.854671e+03 5.221875e+03 7.065576e+03 1.052703e+04  
5.051342e-02 2.824366e+03 5.166222e+03 6.990126e+03 1.041475e+04  
5.121755e-02 2.795021e+03 5.112325e+03 6.917065e+03 1.030609e+04  
5.193150e-02 2.766556e+03 5.060039e+03 6.846197e+03 1.020074e+04  
5.265540e-02 2.738883e+03 5.009204e+03 6.777303e+03 1.009839e+04  
5.338938e-02 2.711928e+03 4.959682e+03 6.710199e+03 9.998763e+03  
5.413360e-02 2.685654e+03 4.911406e+03 6.644795e+03 9.901725e+03  
5.488820e-02 2.660025e+03 4.864312e+03 6.581002e+03 9.807145e+03  
5.565331e-02 2.635001e+03 4.818325e+03 6.518721e+03 9.714876e+03  
5.642908e-02 2.610536e+03 4.773360e+03 6.457838e+03 9.624751e+03  
5.721568e-02 2.586579e+03 4.729326e+03 6.398226e+03 9.536581e+03  
5.801323e-02 2.563071e+03 4.686114e+03 6.339743e+03 9.450153e+03  
5.882190e-02 2.539946e+03 4.643605e+03 6.282224e+03 9.365224e+03  
5.964185e-02 2.517132e+03 4.601665e+03 6.225490e+03 9.281527e+03  
6.047322e-02 2.494546e+03 4.560148e+03 6.169344e+03 9.198767e+03  
6.131619e-02 2.472102e+03 4.518895e+03 6.113570e+03 9.116619e+03  
6.217090e-02 2.449703e+03 4.477730e+03 6.057931e+03 9.034732e+03  
6.303753e-02 2.427244e+03 4.436464e+03 6.002173e+03 8.952721e+03  
6.391624e-02 2.404612e+03 4.394891e+03 5.946016e+03 8.870167e+03  
6.480720e-02 2.381683e+03 4.352789e+03 5.889160e+03 8.786618e+03  
6.571058e-02 2.358325e+03 4.309917e+03 5.831278e+03 8.701580e+03  
6.662655e-02 2.334409e+03 4.266045e+03 5.772061e+03 8.614586e+03  
6.755528e-02 2.309846e+03 4.221013e+03 5.711292e+03 8.525304e+03  
6.849697e-02 2.284549e+03 4.174662e+03 5.648757e+03 8.433411e+03  
6.945178e-02 2.258425e+03 4.126826e+03 5.584229e+03 8.338559e+03  
7.041990e-02 2.231373e+03 4.077327e+03 5.517467e+03 8.240380e+03  
7.140151e-02 2.203322e+03 4.026034e+03 5.448297e+03 8.138603e+03  
7.239681e-02 2.174231e+03 3.972880e+03 5.376623e+03 8.033079e+03  
7.340598e-02 2.144062e+03 3.917794e+03 5.302353e+03 7.923661e+03  
7.442922e-02 2.112775e+03 3.860705e+03 5.225389e+03 7.810194e+03  
7.546673e-02 2.080345e+03 3.801574e+03 5.145676e+03 7.692587e+03  
7.651869e-02 2.046808e+03 3.740467e+03 5.063304e+03 7.570967e+03  
7.758532e-02 2.012217e+03 3.677480e+03 4.978403e+03 7.445523e+03  
7.866682e-02 1.976630e+03 3.612720e+03 4.891117e+03 7.316466e+03  
7.976339e-02 1.940117e+03 3.546317e+03 4.801620e+03 7.184051e+03  
8.087525e-02 1.902782e+03 3.478458e+03 4.710165e+03 7.048658e+03  
8.200261e-02 1.864745e+03 3.409363e+03 4.617049e+03 6.910726e+03  
8.314568e-02 1.826138e+03 3.339269e+03 4.522594e+03 6.770742e+03  
8.430468e-02 1.787101e+03 3.268432e+03 4.427144e+03 6.629219e+03  
8.547985e-02 1.747776e+03 3.197107e+03 4.331045e+03 6.486681e+03  
8.667139e-02 1.708314e+03 3.125568e+03 4.234666e+03 6.343684e+03  
8.787954e-02 1.668879e+03 3.054110e+03 4.138406e+03 6.200832e+03  
8.910453e-02 1.629634e+03 2.983026e+03 4.042663e+03 6.058727e+03  
9.034660e-02 1.590735e+03 2.912597e+03 3.947816e+03 5.917942e+03  
9.160598e-02 1.552348e+03 2.843121e+03 3.854266e+03 5.779090e+03  
9.288292e-02 1.514646e+03 2.774909e+03 3.762436e+03 5.642810e+03  
9.417766e-02 1.477784e+03 2.708240e+03 3.672702e+03 5.509676e+03  
9.549045e-02 1.441916e+03 2.643387e+03 3.585433e+03 5.380250e+03  
9.682153e-02 1.407203e+03 2.580641e+03 3.501023e+03 5.255135e+03  
9.817117e-02 1.373817e+03 2.520304e+03 3.419881e+03 5.134954e+03  
9.953962e-02 1.341886e+03 2.462610e+03 3.342321e+03 5.020189e+03  
1.009272e-01 1.311517e+03 2.407744e+03 3.268595e+03 4.911227e+03  
1.023340e-01 1.282819e+03 2.355903e+03 3.198968e+03 4.808475e+03  
1.037605e-01 1.255898e+03 2.307272e+03 3.133691e+03 4.712324e+03  
1.052069e-01 1.230783e+03 2.261900e+03 3.072829e+03 4.622878e+03  
1.066734e-01 1.207456e+03 2.219752e+03 3.016337e+03 4.540073e+03  
1.081604e-01 1.185894e+03 2.180783e+03 2.964153e+03 4.463828e+03  
1.096681e-01 1.166047e+03 2.144904e+03 2.916156e+03 4.393965e+03  
1.111968e-01 1.147789e+03 2.111880e+03 2.872030e+03 4.330011e+03  
1.127468e-01 1.130957e+03 2.081423e+03 2.831387e+03 4.271380e+03  
1.143184e-01 1.115377e+03 2.053216e+03 2.793794e+03 4.217424e+03  
1.159120e-01 1.100851e+03 2.026902e+03 2.758775e+03 4.167416e+03  
1.175277e-01 1.087161e+03 2.002090e+03 2.725796e+03 4.120551e+03  
1.191660e-01 1.074067e+03 1.978351e+03 2.694280e+03 4.075942e+03  
1.208271e-01 1.061327e+03 1.955250e+03 2.663636e+03 4.032689e+03  
1.225114e-01 1.048726e+03 1.932405e+03 2.633345e+03 3.989992e+03  
1.242191e-01 1.036040e+03 1.909415e+03 2.602864e+03 3.947011e+03  
1.259506e-01 1.023039e+03 1.885870e+03 2.571637e+03 3.902881e+03  
1.277063e-01 1.009547e+03 1.861456e+03 2.539234e+03 3.856933e+03  
1.294865e-01 9.953961e+02 1.835874e+03 2.505250e+03 3.808527e+03  
1.312915e-01 9.804180e+02 1.808827e+03 2.469278e+03 3.757020e+03  
1.331216e-01 9.645131e+02 1.780139e+03 2.431076e+03 3.702023e+03  
1.349772e-01 9.476095e+02 1.749683e+03 2.390470e+03 3.643249e+03  
1.368587e-01 9.296461e+02 1.717352e+03 2.347311e+03 3.580455e+03  
1.387665e-01 9.106486e+02 1.683194e+03 2.301662e+03 3.513723e+03  
1.407008e-01 8.906805e+02 1.647325e+03 2.253678e+03 3.443281e+03  
1.426621e-01 8.698320e+02 1.609905e+03 2.203577e+03 3.369460e+03  
1.446507e-01 8.482754e+02 1.571244e+03 2.151778e+03 3.292905e+03  
1.466671e-01 8.262156e+02 1.531707e+03 2.098777e+03 3.214385e+03  
1.487115e-01 8.038739e+02 1.491690e+03 2.045111e+03 3.134735e+03  
1.507845e-01 7.814880e+02 1.451614e+03 1.991354e+03 3.054851e+03  
1.528864e-01 7.593128e+02 1.411932e+03 1.938123e+03 2.975695e+03  
1.550175e-01 7.375994e+02 1.373092e+03 1.886024e+03 2.898215e+03  
1.571784e-01 7.166021e+02 1.335542e+03 1.835669e+03 2.823370e+03  
1.593694e-01 6.965660e+02 1.299716e+03 1.787648e+03 2.752081e+03  
1.615909e-01 6.776734e+02 1.265936e+03 1.742397e+03 2.685033e+03  
1.638434e-01 6.600971e+02 1.234506e+03 1.700330e+03 2.622875e+03  
1.661273e-01 6.439285e+02 1.205585e+03 1.661662e+03 2.565949e+03  
1.684430e-01 6.292017e+02 1.179230e+03 1.626473e+03 2.514384e+03  
1.707910e-01 6.159027e+02 1.155414e+03 1.594725e+03 2.468129e+03  
1.731717e-01 6.039313e+02 1.133957e+03 1.566174e+03 2.426813e+03  
1.755856e-01 5.931559e+02 1.114623e+03 1.540503e+03 2.389946e+03  
1.780332e-01 5.833823e+02 1.097067e+03 1.517241e+03 2.356804e+03  
1.805149e-01 5.743869e+02 1.080891e+03 1.495851e+03 2.326551e+03  
1.830312e-01 5.659373e+02 1.065685e+03 1.475774e+03 2.298315e+03  
1.855825e-01 5.577883e+02 1.051014e+03 1.456418e+03 2.271171e+03  
1.881694e-01 5.496973e+02 1.036448e+03 1.437200e+03 2.244200e+03  
1.907924e-01 5.414217e+02 1.021561e+03 1.417535e+03 2.216477e+03  
1.934520e-01 5.327467e+02 1.005973e+03 1.396905e+03 2.187176e+03  
1.961486e-01 5.234890e+02 9.893614e+02 1.374868e+03 2.155591e+03  
1.988828e-01 5.135268e+02 9.715123e+02 1.351130e+03 2.121246e+03  
2.016551e-01 5.028121e+02 9.523428e+02 1.325576e+03 2.083949e+03  
2.044661e-01 4.913782e+02 9.319129e+02 1.298286e+03 2.043820e+03  
2.073162e-01 4.793473e+02 9.104396e+02 1.269556e+03 2.001324e+03  
2.102061e-01 4.668881e+02 8.882216e+02 1.239793e+03 1.957107e+03  
2.131362e-01 4.542107e+02 8.656298e+02 1.209505e+03 1.911975e+03  
2.161073e-01 4.415329e+02 8.430481e+02 1.179217e+03 1.866763e+03  
2.191197e-01 4.290778e+02 8.208694e+02 1.149465e+03 1.822325e+03  
2.221741e-01 4.170516e+02 7.994555e+02 1.120743e+03 1.779447e+03  
2.252711e-01 4.056460e+02 7.791422e+02 1.093510e+03 1.738860e+03  
2.284112e-01 3.950105e+02 7.601901e+02 1.068121e+03 1.701127e+03  
2.315951e-01 3.852489e+02 7.427798e+02 1.044823e+03 1.666641e+03  
2.348235e-01 3.763940e+02 7.269663e+02 1.023690e+03 1.635522e+03  
2.380968e-01 3.684002e+02 7.126677e+02 1.004611e+03 1.607597e+03  
2.414157e-01 3.611557e+02 6.996862e+02 9.873168e+02 1.582442e+03  
2.447809e-01 3.545058e+02 6.877492e+02 9.714354e+02 1.559472e+03  
2.481930e-01 3.482732e+02 6.765452e+02 9.565427e+02 1.538016e+03  
2.516527e-01 3.422676e+02 6.657408e+02 9.421836e+02 1.517352e+03  
2.551606e-01 3.363006e+02 6.550057e+02 9.279072e+02 1.496764e+03  
2.587174e-01 3.301942e+02 6.440291e+02 9.132886e+02 1.475572e+03  
2.623238e-01 3.238029e+02 6.325568e+02 8.979797e+02 1.453220e+03  
2.659804e-01 3.170405e+02 6.204393e+02 8.817757e+02 1.429380e+03  
2.696881e-01 3.098933e+02 6.076536e+02 8.646452e+02 1.403999e+03  
2.734474e-01 3.024389e+02 5.943364e+02 8.467749e+02 1.377378e+03  
2.772591e-01 2.948098e+02 5.807200e+02 8.284834e+02 1.350025e+03  
2.811239e-01 2.871624e+02 5.670777e+02 8.101445e+02 1.322542e+03  
2.850426e-01 2.796460e+02 5.536698e+02 7.921145e+02 1.295497e+03  
2.890160e-01 2.723905e+02 5.407223e+02 7.747023e+02 1.269385e+03  
2.930447e-01 2.655064e+02 5.284266e+02 7.581691e+02 1.244622e+03  
2.971296e-01 2.590788e+02 5.169293e+02 7.427149e+02 1.221528e+03  
3.012714e-01 2.531526e+02 5.063071e+02 7.284436e+02 1.200267e+03  
3.054710e-01 2.477123e+02 4.965313e+02 7.153160e+02 1.180776e+03  
3.097291e-01 2.426786e+02 4.874633e+02 7.031428e+02 1.162755e+03  
3.140465e-01 2.379251e+02 4.788829e+02 6.916236e+02 1.145727e+03  
3.184242e-01 2.333146e+02 4.705516e+02 6.804331e+02 1.129174e+03  
3.228628e-01 2.287354e+02 4.622761e+02 6.693079e+02 1.112679e+03  
3.273634e-01 2.241014e+02 4.539074e+02 6.580449e+02 1.095920e+03  
3.319266e-01 2.193580e+02 4.453517e+02 6.465164e+02 1.078693e+03  
3.365535e-01 2.144867e+02 4.365775e+02 6.346799e+02 1.060935e+03  
3.412449e-01 2.095072e+02 4.276199e+02 6.225840e+02 1.042723e+03  
3.460016e-01 2.044891e+02 4.185993e+02 6.103933e+02 1.024323e+03  
3.508247e-01 1.995334e+02 4.096902e+02 5.983462e+02 1.006114e+03  
3.557150e-01 1.947364e+02 4.010584e+02 5.866685e+02 9.884559e+02  
3.606735e-01 1.901636e+02 3.928159e+02 5.755123e+02 9.715897e+02  
3.657011e-01 1.858440e+02 3.850119e+02 5.649445e+02 9.556203e+02  
3.707988e-01 1.817754e+02 3.776414e+02 5.549577e+02 9.405351e+02  
3.759675e-01 1.779331e+02 3.706614e+02 5.454931e+02 9.262407e+02  
3.812083e-01 1.742698e+02 3.639897e+02 5.364391e+02 9.125604e+02  
3.865221e-01 1.707154e+02 3.575063e+02 5.276324e+02 8.992371e+02  
3.919100e-01 1.671993e+02 3.510901e+02 5.189090e+02 8.860131e+02  
3.973730e-01 1.636753e+02 3.446623e+02 5.101625e+02 8.727224e+02  
4.029122e-01 1.601321e+02 3.382040e+02 5.013673e+02 8.593270e+02  
4.085286e-01 1.565826e+02 3.317376e+02 4.925548e+02 8.458778e+02  
4.142232e-01 1.530578e+02 3.253161e+02 4.837969e+02 8.324893e+02  
4.199973e-01 1.495977e+02 3.190077e+02 4.751863e+02 8.193081e+02  
4.258518e-01 1.462481e+02 3.128901e+02 4.668280e+02 8.064985e+02  
4.317880e-01 1.430373e+02 3.070107e+02 4.587859e+02 7.941598e+02  
4.378069e-01 1.399699e+02 3.013770e+02 4.510697e+02 7.823066e+02  
4.439097e-01 1.370274e+02 2.959567e+02 4.436359e+02 7.708702e+02  
4.500975e-01 1.341859e+02 2.907092e+02 4.364292e+02 7.597650e+02  
4.563716e-01 1.314154e+02 2.855836e+02 4.293815e+02 7.488851e+02  
4.627332e-01 1.286869e+02 2.805310e+02 4.224267e+02 7.381293e+02  
4.691835e-01 1.259813e+02 2.755190e+02 4.155220e+02 7.274326e+02  
4.757236e-01 1.233004e+02 2.705513e+02 4.086723e+02 7.168039e+02  
4.823549e-01 1.206613e+02 2.656563e+02 4.019162e+02 7.063034e+02  
4.890787e-01 1.180805e+02 2.608617e+02 3.952909e+02 6.959887e+02  
4.958962e-01 1.155725e+02 2.561915e+02 3.888286e+02 6.859094e+02  
5.028087e-01 1.131499e+02 2.516667e+02 3.825570e+02 6.761073e+02  
5.098176e-01 1.108111e+02 2.472842e+02 3.764719e+02 6.665749e+02  
5.169242e-01 1.085414e+02 2.430190e+02 3.705399e+02 6.572629e+02  
5.241298e-01 1.063273e+02 2.388485e+02 3.647309e+02 6.481243e+02  
5.314359e-01 1.041592e+02 2.347568e+02 3.590237e+02 6.391278e+02  
5.388438e-01 1.020275e+02 2.307280e+02 3.533973e+02 6.302425e+02  
5.463550e-01 9.993084e+01 2.267597e+02 3.478488e+02 6.214646e+02  
5.539709e-01 9.787811e+01 2.228667e+02 3.423977e+02 6.128238e+02  
5.616930e-01 9.587831e+01 2.190635e+02 3.370635e+02 6.043490e+02  
5.695227e-01 9.393126e+01 2.153498e+02 3.318454e+02 5.960391e+02  
5.774615e-01 9.204009e+01 2.117303e+02 3.267498e+02 5.879032e+02  
5.855110e-01 9.020097e+01 2.081987e+02 3.217681e+02 5.799284e+02  
5.936727e-01 8.840464e+01 2.047396e+02 3.168802e+02 5.720852e+02  
6.019482e-01 8.664670e+01 2.013459e+02 3.120766e+02 5.643598e+02  
6.103390e-01 8.492567e+01 1.980150e+02 3.073541e+02 5.567478e+02  
6.188468e-01 8.324071e+01 1.947454e+02 3.027109e+02 5.492466e+02  
6.274732e-01 8.159376e+01 1.915403e+02 2.981509e+02 5.418621e+02  
6.362198e-01 7.998946e+01 1.884069e+02 2.936837e+02 5.346078e+02  
6.450884e-01 7.842401e+01 1.853390e+02 2.893009e+02 5.274717e+02  
6.540806e-01 7.689771e+01 1.823369e+02 2.850031e+02 5.204542e+02  
6.631981e-01 7.540752e+01 1.793956e+02 2.807836e+02 5.135460e+02  
6.724427e-01 7.395021e+01 1.765099e+02 2.766358e+02 5.067380e+02  
6.818162e-01 7.252492e+01 1.736782e+02 2.725576e+02 5.000260e+02  
6.913204e-01 7.113174e+01 1.709007e+02 2.685491e+02 4.934115e+02  
7.009570e-01 6.977063e+01 1.681772e+02 2.646102e+02 4.868936e+02  
7.107280e-01 6.844147e+01 1.655072e+02 2.607403e+02 4.804714e+02  
7.206351e-01 6.714356e+01 1.628898e+02 2.569378e+02 4.741426e+02  
7.306804e-01 6.587573e+01 1.603227e+02 2.532001e+02 4.679035e+02  
7.408657e-01 6.463662e+01 1.578039e+02 2.495245e+02 4.617501e+02  
7.511929e-01 6.342488e+01 1.553311e+02 2.459081e+02 4.556786e+02  
7.616642e-01 6.223994e+01 1.529034e+02 2.423496e+02 4.496871e+02  
7.722814e-01 6.108140e+01 1.505199e+02 2.388480e+02 4.437741e+02  
7.830465e-01 5.994877e+01 1.481800e+02 2.354024e+02 4.379381e+02  
7.939618e-01 5.884147e+01 1.458825e+02 2.320113e+02 4.321772e+02  
8.050292e-01 5.775889e+01 1.436264e+02 2.286734e+02 4.264894e+02  
8.162509e-01 5.670030e+01 1.414106e+02 2.253872e+02 4.208726e+02  
8.276289e-01 5.566489e+01 1.392336e+02 2.221510e+02 4.153245e+02  
8.391656e-01 5.465207e+01 1.370946e+02 2.189636e+02 4.098433e+02  
8.508632e-01 5.366129e+01 1.349925e+02 2.158237e+02 4.044273e+02  
8.627237e-01 5.269195e+01 1.329264e+02 2.127301e+02 3.990747e+02  
8.747496e-01 5.174341e+01 1.308953e+02 2.096815e+02 3.937839e+02  
8.869432e-01 5.081520e+01 1.288983e+02 2.066768e+02 3.885533e+02  
8.993067e-01 4.990682e+01 1.269347e+02 2.037151e+02 3.833815e+02  
9.118425e-01 4.901769e+01 1.250035e+02 2.007952e+02 3.782669e+02  
9.245531e-01 4.814730e+01 1.231038e+02 1.979160e+02 3.732081e+02  
9.374409e-01 4.729522e+01 1.212350e+02 1.950766e+02 3.682039e+02  
9.505083e-01 4.646098e+01 1.193962e+02 1.922760e+02 3.632530e+02  
9.637579e-01 4.564403e+01 1.175867e+02 1.895133e+02 3.583539e+02  
9.771921e-01 4.484397e+01 1.158057e+02 1.867875e+02 3.535056e+02  
9.908137e-01 4.406034e+01 1.140526e+02 1.840978e+02 3.487068e+02  
1.004625e+00 4.329265e+01 1.123265e+02 1.814433e+02 3.439564e+02  
1.018629e+00 4.254045e+01 1.106267e+02 1.788230e+02 3.392533e+02  
1.032828e+00 4.180340e+01 1.089528e+02 1.762363e+02 3.345966e+02  
1.047225e+00 4.108115e+01 1.073041e+02 1.736825e+02 3.299854e+02  
1.061823e+00 4.037327e+01 1.056800e+02 1.711609e+02 3.254186e+02  
1.076624e+00 3.967942e+01 1.040798e+02 1.686707e+02 3.208956e+02  
1.091632e+00 3.899923e+01 1.025032e+02 1.662113e+02 3.164153e+02  
1.106848e+00 3.833230e+01 1.009494e+02 1.637820e+02 3.119771e+02  
1.122277e+00 3.767822e+01 9.941789e+01 1.613820e+02 3.075800e+02  
1.137921e+00 3.703673e+01 9.790818e+01 1.590109e+02 3.032234e+02  
1.153783e+00 3.640755e+01 9.641985e+01 1.566681e+02 2.989067e+02  
1.169866e+00 3.579035e+01 9.495243e+01 1.543531e+02 2.946293e+02  
1.186174e+00 3.518483e+01 9.350546e+01 1.520653e+02 2.903906e+02  
1.202708e+00 3.459072e+01 9.207852e+01 1.498043e+02 2.861900e+02  
1.219473e+00 3.400772e+01 9.067117e+01 1.475696e+02 2.820271e+02  
1.236472e+00 3.343549e+01 8.928293e+01 1.453606e+02 2.779011e+02  
1.253708e+00 3.287378e+01 8.791342e+01 1.431768e+02 2.738118e+02  
1.271184e+00 3.232234e+01 8.656227e+01 1.410180e+02 2.697587e+02  
1.288904e+00 3.178089e+01 8.522909e+01 1.388835e+02 2.657413e+02  
1.306870e+00 3.124917e+01 8.391349e+01 1.367731e+02 2.617593e+02  
1.325087e+00 3.072695e+01 8.261516e+01 1.346864e+02 2.578123e+02  
1.343558e+00 3.021401e+01 8.133379e+01 1.326230e+02 2.539001e+02  
1.362287e+00 2.971011e+01 8.006903e+01 1.305825e+02 2.500224e+02  
1.381276e+00 2.921503e+01 7.882057e+01 1.285647e+02 2.461789e+02  
1.400531e+00 2.872858e+01 7.758815e+01 1.265692e+02 2.423693e+02  
1.420053e+00 2.825055e+01 7.637148e+01 1.245958e+02 2.385935e+02  
1.439848e+00 2.778072e+01 7.517026e+01 1.226441e+02 2.348513e+02  
1.459919e+00 2.731891e+01 7.398425e+01 1.207139e+02 2.311426e+02  
1.480269e+00 2.686494e+01 7.281319e+01 1.188049e+02 2.274671e+02  
1.500903e+00 2.641861e+01 7.165683e+01 1.169168e+02 2.238247e+02  
1.521825e+00 2.597973e+01 7.051492e+01 1.150495e+02 2.202154e+02  
1.543038e+00 2.554815e+01 6.938725e+01 1.132027e+02 2.166391e+02  
1.564548e+00 2.512371e+01 6.827362e+01 1.113761e+02 2.130956e+02  
1.586357e+00 2.470622e+01 6.717378e+01 1.095696e+02 2.095850e+02  
1.608469e+00 2.429555e+01 6.608755e+01 1.077830e+02 2.061073e+02  
1.630891e+00 2.389154e+01 6.501474e+01 1.060161e+02 2.026623e+02  
1.653624e+00 2.349405e+01 6.395516e+01 1.042687e+02 1.992502e+02  
1.676675e+00 2.310291e+01 6.290861e+01 1.025407e+02 1.958708e+02  
1.700047e+00 2.271800e+01 6.187494e+01 1.008318e+02 1.925243e+02  
1.723745e+00 2.233919e+01 6.085398e+01 9.914202e+01 1.892107e+02  
1.747773e+00 2.196634e+01 5.984556e+01 9.747107e+01 1.859301e+02  
1.772136e+00 2.159931e+01 5.884951e+01 9.581887e+01 1.826824e+02  
1.796838e+00 2.123800e+01 5.786571e+01 9.418528e+01 1.794677e+02  
1.821885e+00 2.088229e+01 5.689401e+01 9.257019e+01 1.762862e+02  
1.847281e+00 2.053206e+01 5.593426e+01 9.097345e+01 1.731379e+02  
1.873032e+00 2.018720e+01 5.498634e+01 8.939498e+01 1.700228e+02  
1.899141e+00 1.984761e+01 5.405012e+01 8.783465e+01 1.669412e+02  
1.925614e+00 1.951318e+01 5.312548e+01 8.629236e+01 1.638931e+02  
1.952456e+00 1.918381e+01 5.221229e+01 8.476801e+01 1.608785e+02  
1.979672e+00 1.885942e+01 5.131045e+01 8.326151e+01 1.578977e+02  
2.007267e+00 1.853990e+01 5.041984e+01 8.177277e+01 1.549506e+02  
2.035248e+00 1.822515e+01 4.954036e+01 8.030169e+01 1.520374e+02  
2.063618e+00 1.791510e+01 4.867189e+01 7.884819e+01 1.491582e+02  
2.092383e+00 1.760966e+01 4.781434e+01 7.741220e+01 1.463132e+02  
2.121550e+00 1.730873e+01 4.696761e+01 7.599362e+01 1.435023e+02  
2.151123e+00 1.701223e+01 4.613158e+01 7.459238e+01 1.407257e+02  
2.181109e+00 1.672008e+01 4.530619e+01 7.320842e+01 1.379835e+02  
2.211512e+00 1.643223e+01 4.449135e+01 7.184166e+01 1.352757e+02  
2.242340e+00 1.614859e+01 4.368696e+01 7.049204e+01 1.326025e+02  
2.273597e+00 1.586910e+01 4.289294e+01 6.915949e+01 1.299639e+02  
2.305289e+00 1.559369e+01 4.210922e+01 6.784394e+01 1.273600e+02  
2.337424e+00 1.532229e+01 4.133570e+01 6.654533e+01 1.247909e+02  
2.370006e+00 1.505482e+01 4.057230e+01 6.526359e+01 1.222565e+02  
2.403043e+00 1.479123e+01 3.981896e+01 6.399866e+01 1.197569e+02  
2.436540e+00 1.453146e+01 3.907560e+01 6.275048e+01 1.172922e+02  
2.470504e+00 1.427544e+01 3.834213e+01 6.151899e+01 1.148623e+02  
2.504942e+00 1.402313e+01 3.761850e+01 6.030413e+01 1.124673e+02  
2.539859e+00 1.377447e+01 3.690463e+01 5.910585e+01 1.101071e+02  
2.575263e+00 1.352940e+01 3.620044e+01 5.792406e+01 1.077818e+02  
2.611161e+00 1.328787e+01 3.550588e+01 5.675872e+01 1.054912e+02  
2.647559e+00 1.304982e+01 3.482087e+01 5.560976e+01 1.032354e+02  
2.684465e+00 1.281522e+01 3.414535e+01 5.447713e+01 1.010143e+02  
2.721885e+00 1.258400e+01 3.347925e+01 5.336075e+01 9.882774e+01  
2.759826e+00 1.235613e+01 3.282250e+01 5.226057e+01 9.667574e+01  
2.798297e+00 1.213156e+01 3.217505e+01 5.117651e+01 9.455815e+01  
2.837304e+00 1.191025e+01 3.153682e+01 5.010852e+01 9.247485e+01  
2.876854e+00 1.169215e+01 3.090775e+01 4.905651e+01 9.042573e+01  
2.916956e+00 1.147721e+01 3.028779e+01 4.802043e+01 8.841064e+01  
2.957617e+00 1.126540e+01 2.967686e+01 4.700020e+01 8.642942e+01  
2.998844e+00 1.105669e+01 2.907491e+01 4.599573e+01 8.448189e+01  
3.040646e+00 1.085102e+01 2.848187e+01 4.500697e+01 8.256789e+01  
3.083031e+00 1.064837e+01 2.789769e+01 4.403382e+01 8.068720e+01  
3.126007e+00 1.044869e+01 2.732230e+01 4.307620e+01 7.883963e+01  
3.169582e+00 1.025195e+01 2.675564e+01 4.213404e+01 7.702495e+01  
3.213764e+00 1.005812e+01 2.619764e+01 4.120724e+01 7.524293e+01  
3.258562e+00 9.867150e+00 2.564825e+01 4.029571e+01 7.349333e+01  
3.303985e+00 9.679020e+00 2.510740e+01 3.939937e+01 7.177588e+01  
3.350041e+00 9.493690e+00 2.457504e+01 3.851811e+01 7.009034e+01  
3.396739e+00 9.311130e+00 2.405109e+01 3.765183e+01 6.843641e+01  
3.444087e+00 9.131309e+00 2.353551e+01 3.680044e+01 6.681382e+01  
3.492096e+00 8.954194e+00 2.302822e+01 3.596382e+01 6.522227e+01  
3.540774e+00 8.779755e+00 2.252916e+01 3.514188e+01 6.366145e+01  
3.590130e+00 8.607963e+00 2.203827e+01 3.433450e+01 6.213106e+01  
3.640175e+00 8.438787e+00 2.155549e+01 3.354156e+01 6.063078e+01  
3.690917e+00 8.272199e+00 2.108075e+01 3.276294e+01 5.916027e+01  
3.742366e+00 8.108169e+00 2.061398e+01 3.199854e+01 5.771920e+01  
3.794533e+00 7.946670e+00 2.015513e+01 3.124822e+01 5.630723e+01  
3.847427e+00 7.787674e+00 1.970413e+01 3.051185e+01 5.492402e+01  
3.901058e+00 7.631153e+00 1.926090e+01 2.978930e+01 5.356921e+01  
3.955436e+00 7.477081e+00 1.882539e+01 2.908045e+01 5.224244e+01  
4.010573e+00 7.325431e+00 1.839752e+01 2.838515e+01 5.094336e+01  
4.066478e+00 7.176177e+00 1.797723e+01 2.770328e+01 4.967159e+01  
4.123163e+00 7.029293e+00 1.756444e+01 2.703468e+01 4.842677e+01  
4.180637e+00 6.884753e+00 1.715910e+01 2.637921e+01 4.720852e+01  
4.238913e+00 6.742531e+00 1.676113e+01 2.573674e+01 4.601647e+01  
4.298001e+00 6.602604e+00 1.637045e+01 2.510710e+01 4.485023e+01  
4.357913e+00 6.464945e+00 1.598699e+01 2.449015e+01 4.370943e+01  
4.418660e+00 6.329530e+00 1.561069e+01 2.388574e+01 4.259368e+01  
4.480254e+00 6.196336e+00 1.524147e+01 2.329371e+01 4.150259e+01  
4.542706e+00 6.065337e+00 1.487925e+01 2.271391e+01 4.043580e+01  
4.606029e+00 5.936509e+00 1.452397e+01 2.214617e+01 3.939289e+01  
4.670234e+00 5.809830e+00 1.417553e+01 2.159035e+01 3.837350e+01  
4.735335e+00 5.685275e+00 1.383387e+01 2.104627e+01 3.737723e+01  
4.801343e+00 5.562821e+00 1.349892e+01 2.051378e+01 3.640370e+01  
4.868271e+00 5.442444e+00 1.317059e+01 1.999272e+01 3.545252e+01  
4.936132e+00 5.324122e+00 1.284880e+01 1.948291e+01 3.452331e+01  
5.004939e+00 5.207831e+00 1.253348e+01 1.898421e+01 3.361568e+01  
5.074705e+00 5.093549e+00 1.222454e+01 1.849643e+01 3.272925e+01  
5.145444e+00 4.981254e+00 1.192191e+01 1.801941e+01 3.186364e+01  
5.217169e+00 4.870921e+00 1.162550e+01 1.755300e+01 3.101848e+01  
5.289893e+00 4.762530e+00 1.133524e+01 1.709701e+01 3.019338e+01  
5.363631e+00 4.656058e+00 1.105103e+01 1.665129e+01 2.938797e+01  
5.438397e+00 4.551482e+00 1.077281e+01 1.621568e+01 2.860189e+01  
5.514206e+00 4.448781e+00 1.050048e+01 1.578998e+01 2.783475e+01  
5.591071e+00 4.347932e+00 1.023396e+01 1.537407e+01 2.708620e+01  
5.669007e+00 4.248914e+00 9.973179e+00 1.496775e+01 2.635587e+01  
5.748030e+00 4.151705e+00 9.718040e+00 1.457087e+01 2.564340e+01  
5.828155e+00 4.050526e+00 9.468463e+00 1.418326e+01 2.494844e+01  
5.909396e+00 3.962627e+00 9.224364e+00 1.380475e+01 2.427064e+01  
5.991770e+00 3.870715e+00 8.985660e+00 1.343519e+01 2.360964e+01  
6.075292e+00 3.780526e+00 8.752266e+00 1.307441e+01 2.296509e+01  
6.159978e+00 3.692038e+00 8.524099e+00 1.272224e+01 2.233667e+01  
6.245845e+00 3.605231e+00 8.301075e+00 1.237854e+01 2.172403e+01  
6.332908e+00 3.520084e+00 8.083109e+00 1.204314e+01 2.112683e+01  
6.421186e+00 3.436574e+00 7.870118e+00 1.171587e+01 2.054476e+01  
6.510694e+00 3.354682e+00 7.662019e+00 1.139659e+01 1.997748e+01  
6.601449e+00 3.274386e+00 7.458729e+00 1.108514e+01 1.942467e+01  
6.693470e+00 3.195665e+00 7.260164e+00 1.078137e+01 1.888603e+01  
6.786773e+00 3.118500e+00 7.066242e+00 1.048511e+01 1.836123e+01  
6.881377e+00 3.042868e+00 6.876880e+00 1.019619e+01 1.784997e+01  
6.977300e+00 2.968751e+00 6.691998e+00 9.914561e+00 1.735195e+01  
7.074559e+00 2.896126e+00 6.511512e+00 9.639967e+00 1.686687e+01  
7.173175e+00 2.824974e+00 6.335343e+00 9.372299e+00 1.639444e+01  
7.273165e+00 2.755275e+00 6.163410e+00 9.111412e+00 1.593437e+01  
7.374549e+00 2.687008e+00 5.995633e+00 8.857163e+00 1.548637e+01  
7.477346e+00 2.620152e+00 5.831933e+00 8.609409e+00 1.505017e+01  
7.581576e+00 2.554689e+00 5.672232e+00 8.368012e+00 1.462550e+01  
7.687260e+00 2.490597e+00 5.516451e+00 8.132834e+00 1.421208e+01  
7.794416e+00 2.427857e+00 5.364514e+00 7.903740e+00 1.380965e+01  
7.903066e+00 2.366448e+00 5.216345e+00 7.680595e+00 1.341794e+01  
8.013230e+00 2.306352e+00 5.071869e+00 7.463268e+00 1.303671e+01  
8.124930e+00 2.247548e+00 4.931009e+00 7.251628e+00 1.266571e+01  
8.238187e+00 2.190019e+00 4.793693e+00 7.045501e+00 1.230468e+01  
8.353023e+00 2.133738e+00 4.659846e+00 6.844947e+00 1.195338e+01  
8.469460e+00 2.078693e+00 4.529396e+00 6.649563e+00 1.161159e+01  
8.587519e+00 2.024862e+00 4.402272e+00 6.459412e+00 1.127906e+01  
8.707225e+00 1.972226e+00 4.278403e+00 6.274327e+00 1.095556e+01  
8.828599e+00 1.920765e+00 4.157719e+00 6.094192e+00 1.064089e+01  
8.951665e+00 1.870460e+00 4.040152e+00 5.918888e+00 1.033481e+01  
9.076446e+00 1.821293e+00 3.925624e+00 5.748303e+00 1.003711e+01  
9.202967e+00 1.773244e+00 3.814098e+00 5.582324e+00 9.747588e+00  
9.331251e+00 1.726286e+00 3.705479e+00 5.420842e+00 9.466030e+00  
9.461324e+00 1.680425e+00 3.599710e+00 5.263747e+00 9.192238e+00  
9.593209e+00 1.635616e+00 3.496729e+00 5.110934e+00 8.926015e+00  
9.726934e+00 1.591852e+00 3.396472e+00 4.962285e+00 8.667167e+00  
9.862522e+00 1.549113e+00 3.298877e+00 4.817788e+00 8.415506e+00  
1.000000e+01 1.507380e+00 3.203882e+00 4.677152e+00 8.170848e+00  
