1.000000e-02 4.165230e+03 7.852852e+03 1.083171e+04 1.640711e+04  
1.013939e-02 4.188500e+03 7.896538e+03 1.089179e+04 1.649768e+04  
1.028073e-02 4.211459e+03 7.939635e+03 1.095104e+04 1.658700e+04  
1.042404e-02 4.234096e+03 7.982120e+03 1.100945e+04 1.667502e+04  
1.056935e-02 4.256399e+03 8.023971e+03 1.106698e+04 1.676171e+04  
1.071668e-02 4.278357e+03 8.065165e+03 1.112360e+04 1.684701e+04  
1.086606e-02 4.299958e+03 8.105682e+03 1.117928e+04 1.693087e+04  
1.101753e-02 4.321189e+03 8.145498e+03 1.123399e+04 1.701326e+04  
1.117111e-02 4.342038e+03 8.184588e+03 1.128770e+04 1.709412e+04  
1.132683e-02 4.362491e+03 8.222927e+03 1.134036e+04 1.717339e+04  
1.148472e-02 4.382535e+03 8.260491e+03 1.139195e+04 1.725103e+04  
1.164481e-02 4.402157e+03 8.297254e+03 1.144243e+04 1.732697e+04  
1.180713e-02 4.421344e+03 8.333191e+03 1.149177e+04 1.740118e+04  
1.197171e-02 4.440083e+03 8.368279e+03 1.153993e+04 1.747361e+04  
1.213859e-02 4.458360e+03 8.402493e+03 1.158688e+04 1.754419e+04  
1.230780e-02 4.476163e+03 8.435808e+03 1.163259e+04 1.761287e+04  
1.247936e-02 4.493478e+03 8.468197e+03 1.167702e+04 1.767961e+04  
1.265332e-02 4.510291e+03 8.499636e+03 1.172013e+04 1.774436e+04  
1.282970e-02 4.526589e+03 8.530100e+03 1.176189e+04 1.780705e+04  
1.300854e-02 4.542360e+03 8.559565e+03 1.180227e+04 1.786764e+04  
1.318987e-02 4.557591e+03 8.588007e+03 1.184124e+04 1.792609e+04  
1.337373e-02 4.572269e+03 8.615403e+03 1.187876e+04 1.798233e+04  
1.356015e-02 4.586381e+03 8.641727e+03 1.191480e+04 1.803632e+04  
1.374917e-02 4.599913e+03 8.666952e+03 1.194931e+04 1.808801e+04  
1.394083e-02 4.612850e+03 8.691053e+03 1.198228e+04 1.813734e+04  
1.413516e-02 4.625181e+03 8.714004e+03 1.201365e+04 1.818426e+04  
1.433219e-02 4.636891e+03 8.735782e+03 1.204341e+04 1.822872e+04  
1.453198e-02 4.647968e+03 8.756363e+03 1.207150e+04 1.827066e+04  
1.473454e-02 4.658401e+03 8.775724e+03 1.209792e+04 1.831005e+04  
1.493993e-02 4.668176e+03 8.793841e+03 1.212261e+04 1.834683e+04  
1.514819e-02 4.677280e+03 8.810689e+03 1.214555e+04 1.838096e+04  
1.535935e-02 4.685700e+03 8.826245e+03 1.216670e+04 1.841238e+04  
1.557345e-02 4.693425e+03 8.840486e+03 1.218604e+04 1.844104e+04  
1.579053e-02 4.700443e+03 8.853391e+03 1.220353e+04 1.846691e+04  
1.601064e-02 4.706744e+03 8.864939e+03 1.221915e+04 1.848994e+04  
1.623382e-02 4.712316e+03 8.875112e+03 1.223287e+04 1.851009e+04  
1.646012e-02 4.717150e+03 8.883888e+03 1.224466e+04 1.852733e+04  
1.668956e-02 4.721233e+03 8.891246e+03 1.225450e+04 1.854159e+04  
1.692220e-02 4.724554e+03 8.897163e+03 1.226234e+04 1.855285e+04  
1.715809e-02 4.727101e+03 8.901620e+03 1.226817e+04 1.856105e+04  
1.739726e-02 4.728865e+03 8.904597e+03 1.227195e+04 1.856617e+04  
1.763977e-02 4.729837e+03 8.906079e+03 1.227367e+04 1.856816e+04  
1.788566e-02 4.730008e+03 8.906049e+03 1.227331e+04 1.856700e+04  
1.813498e-02 4.729372e+03 8.904493e+03 1.227084e+04 1.856265e+04  
1.838777e-02 4.727917e+03 8.901395e+03 1.226624e+04 1.855508e+04  
1.864409e-02 4.725638e+03 8.896739e+03 1.225949e+04 1.854426e+04  
1.890397e-02 4.722527e+03 8.890514e+03 1.225058e+04 1.853017e+04  
1.916748e-02 4.718579e+03 8.882709e+03 1.223949e+04 1.851279e+04  
1.943467e-02 4.713790e+03 8.873317e+03 1.222621e+04 1.849210e+04  
1.970558e-02 4.708156e+03 8.862332e+03 1.221074e+04 1.846809e+04  
1.998026e-02 4.701675e+03 8.849750e+03 1.219306e+04 1.844075e+04  
2.025878e-02 4.694343e+03 8.835561e+03 1.217316e+04 1.841007e+04  
2.054117e-02 4.686155e+03 8.819760e+03 1.215105e+04 1.837603e+04  
2.082751e-02 4.677109e+03 8.802343e+03 1.212670e+04 1.833862e+04  
2.111783e-02 4.667206e+03 8.783308e+03 1.210013e+04 1.829786e+04  
2.141220e-02 4.656445e+03 8.762658e+03 1.207133e+04 1.825373e+04  
2.171068e-02 4.644831e+03 8.740398e+03 1.204031e+04 1.820625e+04  
2.201331e-02 4.632365e+03 8.716536e+03 1.200708e+04 1.815545e+04  
2.232016e-02 4.619049e+03 8.691072e+03 1.197165e+04 1.810131e+04  
2.263130e-02 4.604884e+03 8.664009e+03 1.193402e+04 1.804385e+04  
2.294676e-02 4.589873e+03 8.635354e+03 1.189419e+04 1.798309e+04  
2.326663e-02 4.574022e+03 8.605116e+03 1.185218e+04 1.791904e+04  
2.359095e-02 4.557337e+03 8.573310e+03 1.180802e+04 1.785174e+04  
2.391980e-02 4.539828e+03 8.539952e+03 1.176171e+04 1.778121e+04  
2.425323e-02 4.521505e+03 8.505063e+03 1.171330e+04 1.770752e+04  
2.459130e-02 4.502377e+03 8.468661e+03 1.166281e+04 1.763068e+04  
2.493409e-02 4.482455e+03 8.430766e+03 1.161026e+04 1.755075e+04  
2.528166e-02 4.461751e+03 8.391400e+03 1.155569e+04 1.746777e+04  
2.563407e-02 4.440280e+03 8.350593e+03 1.149913e+04 1.738181e+04  
2.599140e-02 4.418060e+03 8.308378e+03 1.144064e+04 1.729294e+04  
2.635371e-02 4.395110e+03 8.264793e+03 1.138027e+04 1.720123e+04  
2.672106e-02 4.371454e+03 8.219880e+03 1.131807e+04 1.710677e+04  
2.709354e-02 4.347108e+03 8.173673e+03 1.125409e+04 1.700965e+04  
2.747121e-02 4.322087e+03 8.126201e+03 1.118837e+04 1.690991e+04  
2.785414e-02 4.296411e+03 8.077498e+03 1.112096e+04 1.680762e+04  
2.824241e-02 4.270099e+03 8.027603e+03 1.105191e+04 1.670289e+04  
2.863610e-02 4.243176e+03 7.976562e+03 1.098129e+04 1.659578e+04  
2.903527e-02 4.215666e+03 7.924422e+03 1.090916e+04 1.648642e+04  
2.944000e-02 4.187599e+03 7.871239e+03 1.083560e+04 1.637491e+04  
2.985038e-02 4.159001e+03 7.817062e+03 1.076068e+04 1.626136e+04  
3.026648e-02 4.129894e+03 7.761933e+03 1.068445e+04 1.614585e+04  
3.068838e-02 4.100305e+03 7.705902e+03 1.060698e+04 1.602850e+04  
3.111616e-02 4.070260e+03 7.649022e+03 1.052835e+04 1.590940e+04  
3.154990e-02 4.039793e+03 7.591351e+03 1.044864e+04 1.578869e+04  
3.198969e-02 4.008936e+03 7.532955e+03 1.036794e+04 1.566650e+04  
3.243561e-02 3.977728e+03 7.473904e+03 1.028634e+04 1.554299e+04  
3.288774e-02 3.946200e+03 7.414260e+03 1.020393e+04 1.541827e+04  
3.334618e-02 3.914380e+03 7.354072e+03 1.012078e+04 1.529245e+04  
3.381101e-02 3.882293e+03 7.293391e+03 1.003696e+04 1.516564e+04  
3.428231e-02 3.849971e+03 7.232273e+03 9.952550e+03 1.503796e+04  
3.476019e-02 3.817444e+03 7.170779e+03 9.867627e+03 1.490954e+04  
3.524473e-02 3.784748e+03 7.108976e+03 9.782286e+03 1.478051e+04  
3.573602e-02 3.751921e+03 7.046933e+03 9.696625e+03 1.465102e+04  
3.623416e-02 3.718998e+03 6.984717e+03 9.610735e+03 1.452121e+04  
3.673925e-02 3.686005e+03 6.922379e+03 9.524684e+03 1.439119e+04  
3.725137e-02 3.652969e+03 6.859969e+03 9.438545e+03 1.426106e+04  
3.777064e-02 3.619919e+03 6.797541e+03 9.352391e+03 1.413095e+04  
3.829714e-02 3.586887e+03 6.735154e+03 9.266304e+03 1.400096e+04  
3.883098e-02 3.553904e+03 6.672869e+03 9.180369e+03 1.387124e+04  
3.937226e-02 3.521007e+03 6.610754e+03 9.094678e+03 1.374192e+04  
3.992109e-02 3.488226e+03 6.548866e+03 9.009310e+03 1.361312e+04  
4.047757e-02 3.455572e+03 6.487225e+03 8.924295e+03 1.348489e+04  
4.104181e-02 3.423052e+03 6.425845e+03 8.839651e+03 1.335725e+04  
4.161391e-02 3.390673e+03 6.364739e+03 8.755396e+03 1.323025e+04  
4.219398e-02 3.358441e+03 6.303920e+03 8.671548e+03 1.310389e+04  
4.278214e-02 3.326363e+03 6.243398e+03 8.588123e+03 1.297822e+04  
4.337850e-02 3.294444e+03 6.183187e+03 8.505137e+03 1.285324e+04  
4.398317e-02 3.262693e+03 6.123299e+03 8.422611e+03 1.272901e+04  
4.459628e-02 3.231128e+03 6.063772e+03 8.340593e+03 1.260558e+04  
4.521792e-02 3.199773e+03 6.004647e+03 8.259145e+03 1.248306e+04  
4.584824e-02 3.168651e+03 5.945971e+03 8.178329e+03 1.236154e+04  
4.648734e-02 3.137788e+03 5.887791e+03 8.098210e+03 1.224112e+04  
4.713535e-02 3.107210e+03 5.830156e+03 8.018857e+03 1.212191e+04  
4.779239e-02 3.076945e+03 5.773119e+03 7.940342e+03 1.200401e+04  
4.845859e-02 3.047016e+03 5.716722e+03 7.862725e+03 1.188753e+04  
4.913407e-02 3.017401e+03 5.660924e+03 7.785948e+03 1.177237e+04  
4.981898e-02 2.988048e+03 5.605628e+03 7.709880e+03 1.165834e+04  
5.051342e-02 2.958902e+03 5.550731e+03 7.634377e+03 1.154521e+04  
5.121755e-02 2.929900e+03 5.496117e+03 7.559281e+03 1.143275e+04  
5.193150e-02 2.900975e+03 5.441660e+03 7.484416e+03 1.132069e+04  
5.265540e-02 2.872053e+03 5.387219e+03 7.409593e+03 1.120874e+04  
5.338938e-02 2.843062e+03 5.332662e+03 7.334626e+03 1.109662e+04  
5.413360e-02 2.813982e+03 5.277953e+03 7.259466e+03 1.098425e+04  
5.488820e-02 2.784814e+03 5.223094e+03 7.184116e+03 1.087162e+04  
5.565331e-02 2.755558e+03 5.168084e+03 7.108577e+03 1.075876e+04  
5.642908e-02 2.726215e+03 5.112926e+03 7.032850e+03 1.064565e+04  
5.721568e-02 2.696784e+03 5.057618e+03 6.956936e+03 1.053229e+04  
5.801323e-02 2.667264e+03 5.002159e+03 6.880830e+03 1.041869e+04  
5.882190e-02 2.637635e+03 4.946511e+03 6.804481e+03 1.030475e+04  
5.964185e-02 2.607859e+03 4.890604e+03 6.727792e+03 1.019033e+04  
6.047322e-02 2.577895e+03 4.834362e+03 6.650659e+03 1.007526e+04  
6.131619e-02 2.547698e+03 4.777700e+03 6.572965e+03 9.959374e+03  
6.217090e-02 2.517219e+03 4.720530e+03 6.494585e+03 9.842463e+03  
6.303753e-02 2.486410e+03 4.662761e+03 6.415396e+03 9.724336e+03  
6.391624e-02 2.455249e+03 4.604352e+03 6.335341e+03 9.604904e+03  
6.480720e-02 2.423727e+03 4.545287e+03 6.254396e+03 9.484125e+03  
6.571058e-02 2.391833e+03 4.485548e+03 6.172537e+03 9.361957e+03  
6.662655e-02 2.359559e+03 4.425117e+03 6.089736e+03 9.238355e+03  
6.755528e-02 2.326892e+03 4.363975e+03 6.005969e+03 9.113271e+03  
6.849697e-02 2.293839e+03 4.302130e+03 5.921245e+03 8.986717e+03  
6.945178e-02 2.260421e+03 4.239627e+03 5.835624e+03 8.858781e+03  
7.041990e-02 2.226665e+03 4.176514e+03 5.749174e+03 8.729560e+03  
7.140151e-02 2.192600e+03 4.112846e+03 5.661968e+03 8.599163e+03  
7.239681e-02 2.158258e+03 4.048681e+03 5.574087e+03 8.467709e+03  
7.340598e-02 2.123685e+03 3.984109e+03 5.485654e+03 8.335384e+03  
7.442922e-02 2.088949e+03 3.919255e+03 5.396839e+03 8.202445e+03  
7.546673e-02 2.054121e+03 3.854252e+03 5.307828e+03 8.069177e+03  
7.651869e-02 2.019281e+03 3.789247e+03 5.218823e+03 7.935889e+03  
7.758532e-02 1.984511e+03 3.724394e+03 5.130035e+03 7.802907e+03  
7.866682e-02 1.949887e+03 3.659835e+03 5.041660e+03 7.670530e+03  
7.976339e-02 1.915483e+03 3.595709e+03 4.953891e+03 7.539056e+03  
8.087525e-02 1.881382e+03 3.532166e+03 4.866934e+03 7.408806e+03  
8.200261e-02 1.847668e+03 3.469365e+03 4.781009e+03 7.280120e+03  
8.314568e-02 1.814411e+03 3.407437e+03 4.696296e+03 7.153280e+03  
8.430468e-02 1.781660e+03 3.346469e+03 4.612919e+03 7.028474e+03  
8.547985e-02 1.749464e+03 3.286553e+03 4.531000e+03 6.905899e+03  
8.667139e-02 1.717872e+03 3.227781e+03 4.450670e+03 6.785758e+03  
8.787954e-02 1.686929e+03 3.170236e+03 4.372040e+03 6.668227e+03  
8.910453e-02 1.656664e+03 3.113968e+03 4.295185e+03 6.553424e+03  
9.034660e-02 1.627103e+03 3.059029e+03 4.220173e+03 6.441457e+03  
9.160598e-02 1.598276e+03 3.005468e+03 4.147074e+03 6.332442e+03  
9.288292e-02 1.570206e+03 2.953333e+03 4.075953e+03 6.226482e+03  
9.417766e-02 1.542916e+03 2.902664e+03 4.006867e+03 6.123669e+03  
9.549045e-02 1.516428e+03 2.853500e+03 3.939870e+03 6.024093e+03  
9.682153e-02 1.490762e+03 2.805877e+03 3.875011e+03 5.927837e+03  
9.817117e-02 1.465911e+03 2.759782e+03 3.812276e+03 5.834882e+03  
9.953962e-02 1.441852e+03 2.715171e+03 3.751603e+03 5.745135e+03  
1.009272e-01 1.418558e+03 2.671993e+03 3.692920e+03 5.658489e+03  
1.023340e-01 1.395983e+03 2.630163e+03 3.636110e+03 5.574765e+03  
1.037605e-01 1.374044e+03 2.589524e+03 3.580958e+03 5.493625e+03  
1.052069e-01 1.352642e+03 2.549895e+03 3.527211e+03 5.414673e+03  
1.066734e-01 1.331671e+03 2.511076e+03 3.474590e+03 5.337470e+03  
1.081604e-01 1.311016e+03 2.472855e+03 3.422803e+03 5.261552e+03  
1.096681e-01 1.290572e+03 2.435036e+03 3.371572e+03 5.186479e+03  
1.111968e-01 1.270225e+03 2.397408e+03 3.320608e+03 5.111786e+03  
1.127468e-01 1.249854e+03 2.359748e+03 3.269595e+03 5.036967e+03  
1.143184e-01 1.229350e+03 2.321851e+03 3.218249e+03 4.961562e+03  
1.159120e-01 1.208672e+03 2.283644e+03 3.166464e+03 4.885395e+03  
1.175277e-01 1.187795e+03 2.245077e+03 3.114170e+03 4.808347e+03  
1.191660e-01 1.166689e+03 2.206098e+03 3.061293e+03 4.730290e+03  
1.208271e-01 1.145347e+03 2.166693e+03 3.007809e+03 4.651177e+03  
1.225114e-01 1.123796e+03 2.126910e+03 2.953786e+03 4.571108e+03  
1.242191e-01 1.102067e+03 2.086811e+03 2.899306e+03 4.490206e+03  
1.259506e-01 1.080199e+03 2.046462e+03 2.844461e+03 4.408615e+03  
1.277063e-01 1.058247e+03 2.005968e+03 2.789395e+03 4.326558e+03  
1.294865e-01 1.036277e+03 1.965452e+03 2.734280e+03 4.244308e+03  
1.312915e-01 1.014364e+03 1.925051e+03 2.679304e+03 4.162163e+03  
1.331216e-01 9.925886e+02 1.884912e+03 2.624676e+03 4.080457e+03  
1.349772e-01 9.710406e+02 1.845204e+03 2.570626e+03 3.999563e+03  
1.368587e-01 9.498173e+02 1.806105e+03 2.517407e+03 3.919885e+03  
1.387665e-01 9.290117e+02 1.767787e+03 2.465256e+03 3.841810e+03  
1.407008e-01 9.086934e+02 1.730376e+03 2.414354e+03 3.765632e+03  
1.426621e-01 8.889316e+02 1.694002e+03 2.364879e+03 3.691643e+03  
1.446507e-01 8.697880e+02 1.658776e+03 2.316989e+03 3.620103e+03  
1.466671e-01 8.512855e+02 1.624740e+03 2.270743e+03 3.551112e+03  
1.487115e-01 8.334385e+02 1.591920e+03 2.226179e+03 3.484736e+03  
1.507845e-01 8.162548e+02 1.560331e+03 2.183316e+03 3.421011e+03  
1.528864e-01 7.997216e+02 1.529946e+03 2.142120e+03 3.359888e+03  
1.550175e-01 7.838196e+02 1.500731e+03 2.102542e+03 3.301291e+03  
1.571784e-01 7.685163e+02 1.472623e+03 2.064496e+03 3.245087e+03  
1.593694e-01 7.537537e+02 1.445517e+03 2.027834e+03 3.191035e+03  
1.615909e-01 7.394651e+02 1.419287e+03 1.992382e+03 3.138856e+03  
1.638434e-01 7.255629e+02 1.393772e+03 1.957912e+03 3.088182e+03  
1.661273e-01 7.119378e+02 1.368771e+03 1.924140e+03 3.038546e+03  
1.684430e-01 6.984766e+02 1.344073e+03 1.890773e+03 2.989467e+03  
1.707910e-01 6.850991e+02 1.319531e+03 1.857601e+03 2.940598e+03  
1.731717e-01 6.717351e+02 1.295015e+03 1.824441e+03 2.891635e+03  
1.755856e-01 6.583377e+02 1.270438e+03 1.791170e+03 2.842372e+03  
1.780332e-01 6.449053e+02 1.245799e+03 1.757782e+03 2.792798e+03  
1.805149e-01 6.314436e+02 1.221106e+03 1.724292e+03 2.742932e+03  
1.830312e-01 6.179772e+02 1.196405e+03 1.690762e+03 2.692875e+03  
1.855825e-01 6.045398e+02 1.171758e+03 1.657280e+03 2.642770e+03  
1.881694e-01 5.911705e+02 1.147237e+03 1.623946e+03 2.592785e+03  
1.907924e-01 5.779138e+02 1.122925e+03 1.590876e+03 2.543109e+03  
1.934520e-01 5.648237e+02 1.098919e+03 1.558210e+03 2.493977e+03  
1.961486e-01 5.519736e+02 1.075356e+03 1.526139e+03 2.445706e+03  
1.988828e-01 5.394393e+02 1.052373e+03 1.494859e+03 2.398625e+03  
2.016551e-01 5.272745e+02 1.030071e+03 1.464511e+03 2.352971e+03  
2.044661e-01 5.155235e+02 1.008529e+03 1.435210e+03 2.308938e+03  
2.073162e-01 5.041938e+02 9.877609e+02 1.406974e+03 2.266561e+03  
2.102061e-01 4.932715e+02 9.677408e+02 1.379768e+03 2.225785e+03  
2.131362e-01 4.827285e+02 9.484165e+02 1.353519e+03 2.186490e+03  
2.161073e-01 4.725258e+02 9.297160e+02 1.328125e+03 2.148510e+03  
2.191197e-01 4.626233e+02 9.115649e+02 1.303481e+03 2.111674e+03  
2.221741e-01 4.529786e+02 8.938855e+02 1.279479e+03 2.075799e+03  
2.252711e-01 4.435422e+02 8.765863e+02 1.255988e+03 2.040672e+03  
2.284112e-01 4.342593e+02 8.595669e+02 1.232867e+03 2.006056e+03  
2.315951e-01 4.250906e+02 8.427546e+02 1.210012e+03 1.971779e+03  
2.348235e-01 4.160086e+02 8.260991e+02 1.187353e+03 1.937722e+03  
2.380968e-01 4.070084e+02 8.095914e+02 1.164876e+03 1.903866e+03  
2.414157e-01 3.980976e+02 7.932452e+02 1.142601e+03 1.870244e+03  
2.447809e-01 3.892931e+02 7.770917e+02 1.120574e+03 1.836932e+03  
2.481930e-01 3.806126e+02 7.611633e+02 1.098839e+03 1.804010e+03  
2.516527e-01 3.720686e+02 7.454827e+02 1.077429e+03 1.771533e+03  
2.551606e-01 3.636814e+02 7.300870e+02 1.056399e+03 1.739594e+03  
2.587174e-01 3.554828e+02 7.150344e+02 1.035830e+03 1.708335e+03  
2.623238e-01 3.475106e+02 7.003940e+02 1.015821e+03 1.677922e+03  
2.659804e-01 3.397949e+02 6.862205e+02 9.964509e+02 1.648491e+03  
2.696881e-01 3.323272e+02 6.724977e+02 9.776967e+02 1.620005e+03  
2.734474e-01 3.250814e+02 6.591780e+02 9.594910e+02 1.592352e+03  
2.772591e-01 3.180221e+02 6.461964e+02 9.417422e+02 1.565381e+03  
2.811239e-01 3.111258e+02 6.335096e+02 9.243891e+02 1.538990e+03  
2.850426e-01 3.043793e+02 6.210936e+02 9.073978e+02 1.513123e+03  
2.890160e-01 2.977785e+02 6.089407e+02 8.907579e+02 1.487766e+03  
2.930447e-01 2.913092e+02 5.970249e+02 8.744326e+02 1.462857e+03  
2.971296e-01 2.849513e+02 5.853096e+02 8.583705e+02 1.438312e+03  
3.012714e-01 2.786888e+02 5.737653e+02 8.425301e+02 1.414063e+03  
3.054710e-01 2.725291e+02 5.624059e+02 8.269312e+02 1.390144e+03  
3.097291e-01 2.664919e+02 5.512672e+02 8.116253e+02 1.366645e+03  
3.140465e-01 2.605959e+02 5.403827e+02 7.966607e+02 1.343649e+03  
3.184242e-01 2.548455e+02 5.297608e+02 7.820493e+02 1.321177e+03  
3.228628e-01 2.492355e+02 5.193918e+02 7.677777e+02 1.299208e+03  
3.273634e-01 2.437613e+02 5.092670e+02 7.538341e+02 1.277724e+03  
3.319266e-01 2.384293e+02 4.993978e+02 7.402350e+02 1.256755e+03  
3.365535e-01 2.332405e+02 4.897863e+02 7.269837e+02 1.236307e+03  
3.412449e-01 2.281848e+02 4.804135e+02 7.140535e+02 1.216337e+03  
3.460016e-01 2.232437e+02 4.712462e+02 7.013976e+02 1.196768e+03  
3.508247e-01 2.184022e+02 4.622570e+02 6.889774e+02 1.177536e+03  
3.557150e-01 2.136597e+02 4.534448e+02 6.767919e+02 1.158641e+03  
3.606735e-01 2.090228e+02 4.448216e+02 6.648583e+02 1.140114e+03  
3.657011e-01 2.044897e+02 4.363837e+02 6.531719e+02 1.121949e+03  
3.707988e-01 2.000546e+02 4.281209e+02 6.417184e+02 1.104121e+03  
3.759675e-01 1.957197e+02 4.200370e+02 6.305034e+02 1.086644e+03  
3.812083e-01 1.914900e+02 4.121410e+02 6.195402e+02 1.069539e+03  
3.865221e-01 1.873687e+02 4.044384e+02 6.088366e+02 1.052821e+03  
3.919100e-01 1.833472e+02 3.969136e+02 5.983710e+02 1.036454e+03  
3.973730e-01 1.794197e+02 3.895563e+02 5.881289e+02 1.020417e+03  
4.029122e-01 1.755855e+02 3.823649e+02 5.781085e+02 1.004707e+03  
4.085286e-01 1.718451e+02 3.753405e+02 5.683114e+02 9.893274e+02  
4.142232e-01 1.681917e+02 3.684704e+02 5.587202e+02 9.742506e+02  
4.199973e-01 1.646164e+02 3.617390e+02 5.493128e+02 9.594412e+02  
4.258518e-01 1.611232e+02 3.551531e+02 5.400993e+02 9.449168e+02  
4.317880e-01 1.577161e+02 3.487200e+02 5.310900e+02 9.306955e+02  
4.378069e-01 1.543897e+02 3.424297e+02 5.222713e+02 9.167553e+02  
4.439097e-01 1.511401e+02 3.362752e+02 5.136335e+02 9.030812e+02  
4.500975e-01 1.479698e+02 3.302613e+02 5.051833e+02 8.896851e+02  
4.563716e-01 1.448779e+02 3.243858e+02 4.969179e+02 8.765630e+02  
4.627332e-01 1.418580e+02 3.186373e+02 4.888216e+02 8.636899e+02  
4.691835e-01 1.389073e+02 3.130109e+02 4.808875e+02 8.510554e+02  
4.757236e-01 1.360280e+02 3.075104e+02 4.731213e+02 8.386692e+02  
4.823549e-01 1.332178e+02 3.021316e+02 4.655173e+02 8.265225e+02  
4.890787e-01 1.304716e+02 2.968653e+02 4.580626e+02 8.145953e+02  
4.958962e-01 1.277894e+02 2.917116e+02 4.507575e+02 8.028886e+02  
5.028087e-01 1.251738e+02 2.866749e+02 4.436083e+02 7.914129e+02  
5.098176e-01 1.226196e+02 2.817459e+02 4.366023e+02 7.801481e+02  
5.169242e-01 1.201232e+02 2.769185e+02 4.297310e+02 7.690812e+02  
5.241298e-01 1.176887e+02 2.721992e+02 4.230037e+02 7.582273e+02  
5.314359e-01 1.153115e+02 2.675804e+02 4.164096e+02 7.475696e+02  
5.388438e-01 1.129884e+02 2.630561e+02 4.099408e+02 7.370960e+02  
5.463550e-01 1.107197e+02 2.586270e+02 4.035982e+02 7.268081e+02  
5.539709e-01 1.085061e+02 2.542940e+02 3.973834e+02 7.167085e+02  
5.616930e-01 1.063431e+02 2.500493e+02 3.912853e+02 7.067802e+02  
5.695227e-01 1.042305e+02 2.458924e+02 3.853035e+02 6.970229e+02  
5.774615e-01 1.021688e+02 2.418241e+02 3.794393e+02 6.874384e+02  
5.855110e-01 1.001543e+02 2.378380e+02 3.736838e+02 6.780133e+02  
5.936727e-01 9.818611e+01 2.339323e+02 3.680346e+02 6.687439e+02  
6.019482e-01 9.626495e+01 2.301083e+02 3.624934e+02 6.596331e+02  
6.103390e-01 9.438740e+01 2.263599e+02 3.570523e+02 6.506685e+02  
6.188468e-01 9.255366e+01 2.226876e+02 3.517115e+02 6.418507e+02  
6.274732e-01 9.076304e+01 2.190898e+02 3.464693e+02 6.331771e+02  
6.362198e-01 8.901296e+01 2.155622e+02 3.413196e+02 6.246385e+02  
6.450884e-01 8.730310e+01 2.121042e+02 3.362618e+02 6.162336e+02  
6.540806e-01 8.563328e+01 2.087153e+02 3.312951e+02 6.079616e+02  
6.631981e-01 8.400211e+01 2.053931e+02 3.264162e+02 5.998174e+02  
6.724427e-01 8.240752e+01 2.021340e+02 3.216205e+02 5.917939e+02  
6.818162e-01 8.084893e+01 1.989370e+02 3.169065e+02 5.838882e+02  
6.913204e-01 7.932570e+01 1.958008e+02 3.122727e+02 5.760994e+02  
7.009570e-01 7.783708e+01 1.927242e+02 3.077171e+02 5.684240e+02  
7.107280e-01 7.638228e+01 1.897058e+02 3.032380e+02 5.608590e+02  
7.206351e-01 7.496038e+01 1.867438e+02 2.988332e+02 5.534019e+02  
7.306804e-01 7.357032e+01 1.838365e+02 2.945001e+02 5.460475e+02  
7.408657e-01 7.221118e+01 1.809823e+02 2.902368e+02 5.387933e+02  
7.511929e-01 7.088219e+01 1.781798e+02 2.860414e+02 5.316367e+02  
7.616642e-01 6.958253e+01 1.754276e+02 2.819119e+02 5.245747e+02  
7.722814e-01 6.831127e+01 1.727240e+02 2.778464e+02 5.176043e+02  
7.830465e-01 6.706772e+01 1.700680e+02 2.738431e+02 5.107231e+02  
7.939618e-01 6.585126e+01 1.674583e+02 2.699008e+02 5.039287e+02  
8.050292e-01 6.466116e+01 1.648938e+02 2.660176e+02 4.972195e+02  
8.162509e-01 6.349669e+01 1.623732e+02 2.621921e+02 4.905916e+02  
8.276289e-01 6.235730e+01 1.598955e+02 2.584228e+02 4.840437e+02  
8.391656e-01 6.124234e+01 1.574596e+02 2.547083e+02 4.775731e+02  
8.508632e-01 6.015112e+01 1.550644e+02 2.510472e+02 4.711787e+02  
8.627237e-01 5.908302e+01 1.527087e+02 2.474380e+02 4.648578e+02  
8.747496e-01 5.803750e+01 1.503917e+02 2.438796e+02 4.586087e+02  
8.869432e-01 5.701395e+01 1.481123e+02 2.403706e+02 4.524293e+02  
8.993067e-01 5.601170e+01 1.458695e+02 2.369095e+02 4.463177e+02  
9.118425e-01 5.503024e+01 1.436623e+02 2.334953e+02 4.402721e+02  
9.245531e-01 5.406907e+01 1.414898e+02 2.301269e+02 4.342910e+02  
9.374409e-01 5.312758e+01 1.393512e+02 2.268030e+02 4.283725e+02  
9.505083e-01 5.220522e+01 1.372455e+02 2.235225e+02 4.225150e+02  
9.637579e-01 5.130156e+01 1.351720e+02 2.202844e+02 4.167172e+02  
9.771921e-01 5.041610e+01 1.331298e+02 2.170878e+02 4.109776e+02  
9.908137e-01 4.954830e+01 1.311182e+02 2.139314e+02 4.052947e+02  
1.004625e+00 4.869769e+01 1.291362e+02 2.108146e+02 3.996673e+02  
1.018629e+00 4.786387e+01 1.271834e+02 2.077362e+02 3.940941e+02  
1.032828e+00 4.704633e+01 1.252588e+02 2.046955e+02 3.885738e+02  
1.047225e+00 4.624461e+01 1.233618e+02 2.016915e+02 3.831053e+02  
1.061823e+00 4.545836e+01 1.214918e+02 1.987235e+02 3.776877e+02  
1.076624e+00 4.468726e+01 1.196482e+02 1.957909e+02 3.723200e+02  
1.091632e+00 4.393090e+01 1.178305e+02 1.928930e+02 3.670012e+02  
1.106848e+00 4.318892e+01 1.160380e+02 1.900289e+02 3.617306e+02  
1.122277e+00 4.246097e+01 1.142703e+02 1.871982e+02 3.565071e+02  
1.137921e+00 4.174665e+01 1.125267e+02 1.844001e+02 3.513301e+02  
1.153783e+00 4.104555e+01 1.108065e+02 1.816337e+02 3.461986e+02  
1.169866e+00 4.035735e+01 1.091094e+02 1.788988e+02 3.411121e+02  
1.186174e+00 3.968176e+01 1.074349e+02 1.761946e+02 3.360698e+02  
1.202708e+00 3.901843e+01 1.057825e+02 1.735207e+02 3.310712e+02  
1.219473e+00 3.836705e+01 1.041516e+02 1.708764e+02 3.261156e+02  
1.236472e+00 3.772733e+01 1.025419e+02 1.682614e+02 3.212027e+02  
1.253708e+00 3.709898e+01 1.009530e+02 1.656752e+02 3.163320e+02  
1.271184e+00 3.648169e+01 9.938445e+01 1.631172e+02 3.115030e+02  
1.288904e+00 3.587519e+01 9.783582e+01 1.605871e+02 3.067153e+02  
1.306870e+00 3.527926e+01 9.630679e+01 1.580844e+02 3.019687e+02  
1.325087e+00 3.469363e+01 9.479703e+01 1.556090e+02 2.972628e+02  
1.343558e+00 3.411804e+01 9.330615e+01 1.531603e+02 2.925974e+02  
1.362287e+00 3.355228e+01 9.183387e+01 1.507380e+02 2.879722e+02  
1.381276e+00 3.299611e+01 9.037987e+01 1.483418e+02 2.833871e+02  
1.400531e+00 3.244929e+01 8.894383e+01 1.459714e+02 2.788420e+02  
1.420053e+00 3.191159e+01 8.752543e+01 1.436265e+02 2.743366e+02  
1.439848e+00 3.138282e+01 8.612442e+01 1.413069e+02 2.698710e+02  
1.459919e+00 3.086277e+01 8.474054e+01 1.390122e+02 2.654449e+02  
1.480269e+00 3.035119e+01 8.337348e+01 1.367422e+02 2.610585e+02  
1.500903e+00 2.984792e+01 8.202301e+01 1.344967e+02 2.567117e+02  
1.521825e+00 2.935278e+01 8.068893e+01 1.322755e+02 2.524045e+02  
1.543038e+00 2.886557e+01 7.937097e+01 1.300783e+02 2.481369e+02  
1.564548e+00 2.838611e+01 7.806893e+01 1.279050e+02 2.439091e+02  
1.586357e+00 2.794634e+01 7.678260e+01 1.257554e+02 2.397211e+02  
1.608469e+00 2.744982e+01 7.551182e+01 1.236293e+02 2.355731e+02  
1.630891e+00 2.699268e+01 7.425637e+01 1.215266e+02 2.314651e+02  
1.653624e+00 2.654265e+01 7.301607e+01 1.194471e+02 2.273972e+02  
1.676675e+00 2.609960e+01 7.179076e+01 1.173907e+02 2.233698e+02  
1.700047e+00 2.566338e+01 7.058026e+01 1.153573e+02 2.193829e+02  
1.723745e+00 2.523382e+01 6.938439e+01 1.133466e+02 2.154366e+02  
1.747773e+00 2.481080e+01 6.820300e+01 1.113586e+02 2.115313e+02  
1.772136e+00 2.439420e+01 6.703597e+01 1.093933e+02 2.076671e+02  
1.796838e+00 2.398387e+01 6.588313e+01 1.074504e+02 2.038441e+02  
1.821885e+00 2.357970e+01 6.474435e+01 1.055299e+02 2.000627e+02  
1.847281e+00 2.318157e+01 6.361951e+01 1.036318e+02 1.963230e+02  
1.873032e+00 2.278937e+01 6.250848e+01 1.017558e+02 1.926252e+02  
1.899141e+00 2.240297e+01 6.141113e+01 9.990199e+01 1.889695e+02  
1.925614e+00 2.202227e+01 6.032735e+01 9.807023e+01 1.853563e+02  
1.952456e+00 2.164719e+01 5.925703e+01 9.626047e+01 1.817856e+02  
1.979672e+00 2.127761e+01 5.820008e+01 9.447263e+01 1.782576e+02  
2.007267e+00 2.091343e+01 5.715637e+01 9.270665e+01 1.747727e+02  
2.035248e+00 2.055457e+01 5.612582e+01 9.096248e+01 1.713309e+02  
2.063618e+00 2.020093e+01 5.510832e+01 8.924004e+01 1.679325e+02  
2.092383e+00 1.985242e+01 5.410377e+01 8.753927e+01 1.645776e+02  
2.121550e+00 1.950894e+01 5.311208e+01 8.586013e+01 1.612663e+02  
2.151123e+00 1.917043e+01 5.213317e+01 8.420254e+01 1.579989e+02  
2.181109e+00 1.883679e+01 5.116694e+01 8.256647e+01 1.547754e+02  
2.211512e+00 1.850795e+01 5.021331e+01 8.095186e+01 1.515960e+02  
2.242340e+00 1.818384e+01 4.927220e+01 7.935864e+01 1.484608e+02  
2.273597e+00 1.786438e+01 4.834352e+01 7.778678e+01 1.453698e+02  
2.305289e+00 1.754951e+01 4.742721e+01 7.623622e+01 1.423231e+02  
2.337424e+00 1.723915e+01 4.652317e+01 7.470689e+01 1.393207e+02  
2.370006e+00 1.693323e+01 4.563134e+01 7.319874e+01 1.363628e+02  
2.403043e+00 1.663171e+01 4.475164e+01 7.171172e+01 1.334492e+02  
2.436540e+00 1.633449e+01 4.388398e+01 7.024576e+01 1.305799e+02  
2.470504e+00 1.604153e+01 4.302830e+01 6.880081e+01 1.277551e+02  
2.504942e+00 1.575278e+01 4.218452e+01 6.737680e+01 1.249745e+02  
2.539859e+00 1.546817e+01 4.135258e+01 6.597367e+01 1.222380e+02  
2.575263e+00 1.518764e+01 4.053240e+01 6.459133e+01 1.195457e+02  
2.611161e+00 1.491115e+01 3.972390e+01 6.322971e+01 1.168973e+02  
2.647559e+00 1.463864e+01 3.892703e+01 6.188876e+01 1.142927e+02  
2.684465e+00 1.437007e+01 3.814170e+01 6.056839e+01 1.117319e+02  
2.721885e+00 1.410537e+01 3.736785e+01 5.926851e+01 1.092144e+02  
2.759826e+00 1.384451e+01 3.660540e+01 5.798903e+01 1.067403e+02  
2.798297e+00 1.358743e+01 3.585428e+01 5.672986e+01 1.043092e+02  
2.837304e+00 1.333408e+01 3.511442e+01 5.549092e+01 1.019209e+02  
2.876854e+00 1.308443e+01 3.438575e+01 5.427212e+01 9.957507e+01  
2.916956e+00 1.283843e+01 3.366820e+01 5.307331e+01 9.727153e+01  
2.957617e+00 1.259604e+01 3.296168e+01 5.189441e+01 9.500995e+01  
2.998844e+00 1.235721e+01 3.226614e+01 5.073530e+01 9.279000e+01  
3.040646e+00 1.212190e+01 3.158151e+01 4.959586e+01 9.061134e+01  
3.083031e+00 1.189009e+01 3.090769e+01 4.847596e+01 8.847364e+01  
3.126007e+00 1.166171e+01 3.024462e+01 4.737549e+01 8.637652e+01  
3.169582e+00 1.143675e+01 2.959223e+01 4.629429e+01 8.431960e+01  
3.213764e+00 1.121515e+01 2.895043e+01 4.523224e+01 8.230277e+01  
3.258562e+00 1.099689e+01 2.831915e+01 4.418918e+01 8.032513e+01  
3.303985e+00 1.078192e+01 2.769832e+01 4.316498e+01 7.838585e+01  
3.350041e+00 1.057021e+01 2.708784e+01 4.215946e+01 7.648567e+01  
3.396739e+00 1.036173e+01 2.648764e+01 4.117248e+01 7.462401e+01  
3.444087e+00 1.015644e+01 2.589765e+01 4.020387e+01 7.279970e+01  
3.492096e+00 9.954300e+00 2.531777e+01 3.925345e+01 7.101262e+01  
3.540774e+00 9.755286e+00 2.474792e+01 3.832107e+01 6.926232e+01  
3.590130e+00 9.559362e+00 2.418803e+01 3.740653e+01 6.754832e+01  
3.640175e+00 9.366493e+00 2.363800e+01 3.650966e+01 6.587014e+01  
3.690917e+00 9.176649e+00 2.309774e+01 3.563027e+01 6.422731e+01  
3.742366e+00 8.989798e+00 2.256717e+01 3.476819e+01 6.261933e+01  
3.794533e+00 8.805908e+00 2.204621e+01 3.392319e+01 6.104573e+01  
3.847427e+00 8.624947e+00 2.153475e+01 3.309508e+01 5.950600e+01  
3.901058e+00 8.446885e+00 2.103270e+01 3.228362e+01 5.799965e+01  
3.955436e+00 8.271691e+00 2.053998e+01 3.148871e+01 5.652619e+01  
4.010573e+00 8.099334e+00 2.005649e+01 3.071009e+01 5.508510e+01  
4.066478e+00 7.929785e+00 1.958213e+01 2.994761e+01 5.367589e+01  
4.123163e+00 7.763013e+00 1.911681e+01 2.920095e+01 5.229806e+01  
4.180637e+00 7.598989e+00 1.866043e+01 2.846996e+01 5.095109e+01  
4.238913e+00 7.437684e+00 1.821289e+01 2.775441e+01 4.963450e+01  
4.298001e+00 7.279068e+00 1.777409e+01 2.705410e+01 4.834777e+01  
4.357913e+00 7.123113e+00 1.734393e+01 2.636880e+01 4.709041e+01  
4.418660e+00 6.969788e+00 1.692231e+01 2.569830e+01 4.586191e+01  
4.480254e+00 6.819065e+00 1.650912e+01 2.504237e+01 4.466177e+01  
4.542706e+00 6.670915e+00 1.610426e+01 2.440081e+01 4.348950e+01  
4.606029e+00 6.525311e+00 1.570763e+01 2.377338e+01 4.234460e+01  
4.670234e+00 6.382224e+00 1.531911e+01 2.315987e+01 4.122638e+01  
4.735335e+00 6.241625e+00 1.493861e+01 2.256006e+01 4.013494e+01  
4.801343e+00 6.103487e+00 1.456601e+01 2.197373e+01 3.906941e+01  
4.868271e+00 5.967782e+00 1.420122e+01 2.140065e+01 3.802888e+01  
4.936132e+00 5.834481e+00 1.384412e+01 2.084062e+01 3.701351e+01  
5.004939e+00 5.703558e+00 1.349461e+01 2.029340e+01 3.602259e+01  
5.074705e+00 5.574984e+00 1.315257e+01 1.975879e+01 3.505566e+01  
5.145444e+00 5.448733e+00 1.281790e+01 1.923656e+01 3.411225e+01  
5.217169e+00 5.324776e+00 1.249048e+01 1.872647e+01 3.319190e+01  
5.289893e+00 5.203086e+00 1.217022e+01 1.822834e+01 3.229414e+01  
5.363631e+00 5.083637e+00 1.185699e+01 1.774197e+01 3.141852e+01  
5.438397e+00 4.966400e+00 1.155070e+01 1.726709e+01 3.056460e+01  
5.514206e+00 4.851353e+00 1.125122e+01 1.680354e+01 2.973192e+01  
5.591071e+00 4.738456e+00 1.095846e+01 1.635109e+01 2.892004e+01  
5.669007e+00 4.627701e+00 1.067229e+01 1.590952e+01 2.812854e+01  
5.748030e+00 4.519048e+00 1.039262e+01 1.547864e+01 2.735698e+01  
5.828155e+00 4.412474e+00 1.011933e+01 1.505823e+01 2.660493e+01  
5.909396e+00 4.307953e+00 9.852316e+00 1.464810e+01 2.587199e+01  
5.991770e+00 4.205458e+00 9.591469e+00 1.424804e+01 2.515773e+01  
6.075292e+00 4.104963e+00 9.336683e+00 1.385785e+01 2.446153e+01  
6.159978e+00 4.006441e+00 9.087850e+00 1.347733e+01 2.378361e+01  
6.245845e+00 3.909867e+00 8.844866e+00 1.310629e+01 2.312298e+01  
6.332908e+00 3.815215e+00 8.607626e+00 1.274454e+01 2.247944e+01  
6.421186e+00 3.722458e+00 8.376024e+00 1.239187e+01 2.185260e+01  
6.510694e+00 3.631570e+00 8.149958e+00 1.204821e+01 2.124210e+01  
6.601449e+00 3.542526e+00 7.929327e+00 1.171314e+01 2.064754e+01  
6.693470e+00 3.455301e+00 7.714019e+00 1.138657e+01 2.006857e+01  
6.786773e+00 3.369868e+00 7.503934e+00 1.106833e+01 1.950484e+01  
6.881377e+00 3.286202e+00 7.298978e+00 1.075840e+01 1.895598e+01  
6.977300e+00 3.204277e+00 7.099045e+00 1.055943e+01 1.842166e+01  
7.074559e+00 3.124069e+00 6.904037e+00 1.016221e+01 1.790152e+01  
7.173175e+00 3.045553e+00 6.713857e+00 9.875670e+00 1.739521e+01  
7.273165e+00 2.968702e+00 6.528404e+00 9.596607e+00 1.690242e+01  
7.374549e+00 2.893492e+00 6.347583e+00 9.324842e+00 1.642285e+01  
7.477346e+00 2.819899e+00 6.171302e+00 9.060216e+00 1.595615e+01  
7.581576e+00 2.747897e+00 5.999467e+00 8.802572e+00 1.550140e+01  
7.687260e+00 2.677462e+00 5.831987e+00 8.551749e+00 1.506015e+01  
7.794416e+00 2.608570e+00 5.668770e+00 8.307585e+00 1.463024e+01  
7.903066e+00 2.541195e+00 5.509726e+00 8.069928e+00 1.421200e+01  
8.013230e+00 2.475312e+00 5.354765e+00 7.838551e+00 1.380514e+01  
8.124930e+00 2.410900e+00 5.203797e+00 7.613527e+00 1.340937e+01  
8.238187e+00 2.347938e+00 5.056735e+00 7.394560e+00 1.302442e+01  
8.353023e+00 2.286389e+00 4.913492e+00 7.181361e+00 1.265005e+01  
8.469460e+00 2.226241e+00 4.773983e+00 6.974013e+00 1.228590e+01  
8.587519e+00 2.167467e+00 4.638125e+00 6.772290e+00 1.193183e+01  
8.707225e+00 2.110043e+00 4.505836e+00 6.576057e+00 1.158752e+01  
8.828599e+00 2.053933e+00 4.377038e+00 6.385194e+00 1.125273e+01  
8.951665e+00 1.999153e+00 4.251653e+00 6.199564e+00 1.092721e+01  
9.076446e+00 1.945653e+00 4.129603e+00 6.019035e+00 1.061213e+01  
9.202967e+00 1.893386e+00 4.010813e+00 5.843481e+00 1.030306e+01  
9.331251e+00 1.842366e+00 3.895206e+00 5.672778e+00 1.000397e+01  
9.461324e+00 1.792558e+00 3.782706e+00 5.506741e+00 9.713228e+00  
9.593209e+00 1.743940e+00 3.673240e+00 5.345443e+00 9.430628e+00  
9.726934e+00 1.696491e+00 3.566733e+00 5.188633e+00 9.155942e+00  
9.862522e+00 1.650186e+00 3.463112e+00 5.036092e+00 8.888995e+00  
1.000000e+01 1.605006e+00 3.362309e+00 4.887867e+00 8.629550e+00  
