1.000000e-02 4.517580e+03 8.353591e+03 1.136037e+04 1.694458e+04  
1.013939e-02 4.542909e+03 8.400244e+03 1.142363e+04 1.703852e+04  
1.028073e-02 4.567882e+03 8.446231e+03 1.148599e+04 1.713109e+04  
1.042404e-02 4.592483e+03 8.491526e+03 1.154739e+04 1.722224e+04  
1.056935e-02 4.616697e+03 8.536103e+03 1.160782e+04 1.731192e+04  
1.071668e-02 4.640512e+03 8.579934e+03 1.166723e+04 1.740007e+04  
1.086606e-02 4.663911e+03 8.622993e+03 1.172559e+04 1.748664e+04  
1.101753e-02 4.686880e+03 8.665253e+03 1.178285e+04 1.757157e+04  
1.117111e-02 4.709406e+03 8.706687e+03 1.183899e+04 1.765482e+04  
1.132683e-02 4.731474e+03 8.747270e+03 1.189396e+04 1.773632e+04  
1.148472e-02 4.753067e+03 8.786972e+03 1.194773e+04 1.781601e+04  
1.164481e-02 4.774171e+03 8.825763e+03 1.200026e+04 1.789385e+04  
1.180713e-02 4.794769e+03 8.863613e+03 1.205151e+04 1.796976e+04  
1.197171e-02 4.814844e+03 8.900492e+03 1.210143e+04 1.804369e+04  
1.213859e-02 4.834381e+03 8.936370e+03 1.214998e+04 1.811557e+04  
1.230780e-02 4.853363e+03 8.971219e+03 1.219713e+04 1.818535e+04  
1.247936e-02 4.871775e+03 9.005007e+03 1.224284e+04 1.825296e+04  
1.265332e-02 4.889600e+03 9.037706e+03 1.228706e+04 1.831835e+04  
1.282970e-02 4.906821e+03 9.069284e+03 1.232975e+04 1.838146e+04  
1.300854e-02 4.923423e+03 9.099712e+03 1.237087e+04 1.844221e+04  
1.318987e-02 4.939389e+03 9.128958e+03 1.241038e+04 1.850056e+04  
1.337373e-02 4.954702e+03 9.156994e+03 1.244824e+04 1.855644e+04  
1.356015e-02 4.969348e+03 9.183790e+03 1.248441e+04 1.860979e+04  
1.374917e-02 4.983310e+03 9.209319e+03 1.251886e+04 1.866056e+04  
1.394083e-02 4.996573e+03 9.233550e+03 1.255153e+04 1.870869e+04  
1.413516e-02 5.009120e+03 9.256453e+03 1.258240e+04 1.875411e+04  
1.433219e-02 5.020934e+03 9.277995e+03 1.261141e+04 1.879676e+04  
1.453198e-02 5.031998e+03 9.298147e+03 1.263852e+04 1.883658e+04  
1.473454e-02 5.042296e+03 9.316878e+03 1.266370e+04 1.887351e+04  
1.493993e-02 5.051812e+03 9.334159e+03 1.268691e+04 1.890749e+04  
1.514819e-02 5.060531e+03 9.349962e+03 1.270810e+04 1.893846e+04  
1.535935e-02 5.068438e+03 9.364259e+03 1.272725e+04 1.896637e+04  
1.557345e-02 5.075517e+03 9.377023e+03 1.274430e+04 1.899116e+04  
1.579053e-02 5.081753e+03 9.388224e+03 1.275923e+04 1.901278e+04  
1.601064e-02 5.087132e+03 9.397836e+03 1.277199e+04 1.903117e+04  
1.623382e-02 5.091640e+03 9.405834e+03 1.278255e+04 1.904628e+04  
1.646012e-02 5.095263e+03 9.412195e+03 1.279089e+04 1.905806e+04  
1.668956e-02 5.097991e+03 9.416895e+03 1.279697e+04 1.906647e+04  
1.692220e-02 5.099811e+03 9.419915e+03 1.280075e+04 1.907147e+04  
1.715809e-02 5.100711e+03 9.421228e+03 1.280222e+04 1.907301e+04  
1.739726e-02 5.100675e+03 9.420811e+03 1.280133e+04 1.907103e+04  
1.763977e-02 5.099692e+03 9.418640e+03 1.279806e+04 1.906550e+04  
1.788566e-02 5.097750e+03 9.414693e+03 1.279237e+04 1.905636e+04  
1.813498e-02 5.094838e+03 9.408951e+03 1.278423e+04 1.904359e+04  
1.838777e-02 5.090947e+03 9.401396e+03 1.277363e+04 1.902714e+04  
1.864409e-02 5.086068e+03 9.392014e+03 1.276055e+04 1.900699e+04  
1.890397e-02 5.080192e+03 9.380787e+03 1.274495e+04 1.898310e+04  
1.916748e-02 5.073311e+03 9.367701e+03 1.272683e+04 1.895544e+04  
1.943467e-02 5.065417e+03 9.352740e+03 1.270616e+04 1.892398e+04  
1.970558e-02 5.056504e+03 9.335896e+03 1.268293e+04 1.888872e+04  
1.998026e-02 5.046568e+03 9.317160e+03 1.265712e+04 1.884962e+04  
2.025878e-02 5.035606e+03 9.296527e+03 1.262874e+04 1.880668e+04  
2.054117e-02 5.023618e+03 9.273995e+03 1.259778e+04 1.875990e+04  
2.082751e-02 5.010600e+03 9.249563e+03 1.256423e+04 1.870928e+04  
2.111783e-02 4.996551e+03 9.223223e+03 1.252809e+04 1.865480e+04  
2.141220e-02 4.981469e+03 9.194975e+03 1.248935e+04 1.859646e+04  
2.171068e-02 4.965353e+03 9.164818e+03 1.244803e+04 1.853426e+04  
2.201331e-02 4.948208e+03 9.132759e+03 1.240412e+04 1.846822e+04  
2.232016e-02 4.930036e+03 9.098805e+03 1.235763e+04 1.839835e+04  
2.263130e-02 4.910847e+03 9.062971e+03 1.230859e+04 1.832468e+04  
2.294676e-02 4.890645e+03 9.025270e+03 1.225702e+04 1.824725e+04  
2.326663e-02 4.869438e+03 8.985713e+03 1.220292e+04 1.816606e+04  
2.359095e-02 4.847234e+03 8.944315e+03 1.214633e+04 1.808116e+04  
2.391980e-02 4.824042e+03 8.901096e+03 1.208726e+04 1.799259e+04  
2.425323e-02 4.799877e+03 8.856081e+03 1.202576e+04 1.790039e+04  
2.459130e-02 4.774752e+03 8.809298e+03 1.196185e+04 1.780463e+04  
2.493409e-02 4.748689e+03 8.760783e+03 1.189560e+04 1.770538e+04  
2.528166e-02 4.721706e+03 8.710575e+03 1.182704e+04 1.760272e+04  
2.563407e-02 4.693820e+03 8.658702e+03 1.175623e+04 1.749670e+04  
2.599140e-02 4.665049e+03 8.605200e+03 1.168321e+04 1.738741e+04  
2.635371e-02 4.635415e+03 8.550108e+03 1.160803e+04 1.727491e+04  
2.672106e-02 4.604941e+03 8.493470e+03 1.153076e+04 1.715930e+04  
2.709354e-02 4.573655e+03 8.435338e+03 1.145146e+04 1.704069e+04  
2.747121e-02 4.541589e+03 8.375771e+03 1.137022e+04 1.691920e+04  
2.785414e-02 4.508775e+03 8.314830e+03 1.128711e+04 1.679495e+04  
2.824241e-02 4.475243e+03 8.252569e+03 1.120222e+04 1.666804e+04  
2.863610e-02 4.441020e+03 8.189038e+03 1.111561e+04 1.653859e+04  
2.903527e-02 4.406137e+03 8.124296e+03 1.102735e+04 1.640671e+04  
2.944000e-02 4.370629e+03 8.058408e+03 1.093755e+04 1.627254e+04  
2.985038e-02 4.334535e+03 7.991445e+03 1.084629e+04 1.613621e+04  
3.026648e-02 4.297897e+03 7.923486e+03 1.075369e+04 1.599790e+04  
3.068838e-02 4.260762e+03 7.854616e+03 1.065985e+04 1.585777e+04  
3.111616e-02 4.223168e+03 7.784907e+03 1.056488e+04 1.571596e+04  
3.154990e-02 4.185149e+03 7.714423e+03 1.046887e+04 1.557262e+04  
3.198969e-02 4.146744e+03 7.643234e+03 1.037190e+04 1.542788e+04  
3.243561e-02 4.107994e+03 7.571418e+03 1.027409e+04 1.528189e+04  
3.288774e-02 4.068945e+03 7.499059e+03 1.017555e+04 1.513484e+04  
3.334618e-02 4.029646e+03 7.426247e+03 1.007641e+04 1.498690e+04  
3.381101e-02 3.990149e+03 7.353080e+03 9.976784e+03 1.483827e+04  
3.428231e-02 3.950504e+03 7.279649e+03 9.876811e+03 1.468914e+04  
3.476019e-02 3.910754e+03 7.206031e+03 9.776594e+03 1.453967e+04  
3.524473e-02 3.870944e+03 7.132314e+03 9.676249e+03 1.439002e+04  
3.573602e-02 3.831124e+03 7.058587e+03 9.575901e+03 1.424039e+04  
3.623416e-02 3.791347e+03 6.984949e+03 9.475682e+03 1.409098e+04  
3.673925e-02 3.751671e+03 6.911506e+03 9.375735e+03 1.394199e+04  
3.725137e-02 3.712155e+03 6.838367e+03 9.276212e+03 1.379365e+04  
3.777064e-02 3.672847e+03 6.765621e+03 9.177229e+03 1.364615e+04  
3.829714e-02 3.633763e+03 6.693296e+03 9.078829e+03 1.349954e+04  
3.883098e-02 3.594917e+03 6.621419e+03 8.981046e+03 1.335387e+04  
3.937226e-02 3.556322e+03 6.550014e+03 8.883915e+03 1.320919e+04  
3.992109e-02 3.517992e+03 6.479108e+03 8.787469e+03 1.306556e+04  
4.047757e-02 3.479941e+03 6.408724e+03 8.691742e+03 1.292304e+04  
4.104181e-02 3.442182e+03 6.338887e+03 8.596770e+03 1.278166e+04  
4.161391e-02 3.404738e+03 6.269641e+03 8.502609e+03 1.264152e+04  
4.219398e-02 3.367664e+03 6.201086e+03 8.409398e+03 1.250282e+04  
4.278214e-02 3.331025e+03 6.133340e+03 8.317294e+03 1.236580e+04  
4.337850e-02 3.294887e+03 6.066527e+03 8.226469e+03 1.223072e+04  
4.398317e-02 3.259324e+03 6.000780e+03 8.137101e+03 1.209785e+04  
4.459628e-02 3.224412e+03 5.936238e+03 8.049381e+03 1.196746e+04  
4.521792e-02 3.190232e+03 5.873051e+03 7.963510e+03 1.183987e+04  
4.584824e-02 3.156854e+03 5.811346e+03 7.879664e+03 1.171534e+04  
4.648734e-02 3.124264e+03 5.751098e+03 7.797805e+03 1.159381e+04  
4.713535e-02 3.092412e+03 5.692213e+03 7.717811e+03 1.147510e+04  
4.779239e-02 3.061242e+03 5.634591e+03 7.639540e+03 1.135900e+04  
4.845859e-02 3.030691e+03 5.578114e+03 7.562839e+03 1.124529e+04  
4.913407e-02 3.000691e+03 5.522655e+03 7.487531e+03 1.113370e+04  
4.981898e-02 2.971162e+03 5.468072e+03 7.413425e+03 1.102394e+04  
5.051342e-02 2.942032e+03 5.414230e+03 7.340338e+03 1.091576e+04  
5.121755e-02 2.913271e+03 5.361074e+03 7.268197e+03 1.080902e+04  
5.193150e-02 2.884858e+03 5.308566e+03 7.196949e+03 1.070367e+04  
5.265540e-02 2.856769e+03 5.256661e+03 7.126535e+03 1.059961e+04  
5.338938e-02 2.828977e+03 5.205311e+03 7.056888e+03 1.049674e+04  
5.413360e-02 2.801452e+03 5.154458e+03 6.987932e+03 1.039496e+04  
5.488820e-02 2.774158e+03 5.104040e+03 6.919580e+03 1.029412e+04  
5.565331e-02 2.747052e+03 5.053976e+03 6.851725e+03 1.019408e+04  
5.642908e-02 2.720081e+03 5.004171e+03 6.784238e+03 1.009463e+04  
5.721568e-02 2.693190e+03 4.954521e+03 6.716977e+03 9.995574e+03  
5.801323e-02 2.666316e+03 4.904913e+03 6.649790e+03 9.896675e+03  
5.882190e-02 2.639390e+03 4.855222e+03 6.582507e+03 9.797681e+03  
5.964185e-02 2.612342e+03 4.805320e+03 6.514954e+03 9.698327e+03  
6.047322e-02 2.585111e+03 4.755094e+03 6.446979e+03 9.598388e+03  
6.131619e-02 2.557635e+03 4.704434e+03 6.378432e+03 9.497634e+03  
6.217090e-02 2.529849e+03 4.653219e+03 6.309149e+03 9.395819e+03  
6.303753e-02 2.501681e+03 4.601320e+03 6.238954e+03 9.292673e+03  
6.391624e-02 2.473054e+03 4.548597e+03 6.167659e+03 9.187914e+03  
6.480720e-02 2.443913e+03 4.494949e+03 6.095124e+03 9.081326e+03  
6.571058e-02 2.414216e+03 4.440302e+03 6.021250e+03 8.972756e+03  
6.662655e-02 2.383921e+03 4.384580e+03 5.945933e+03 8.862042e+03  
6.755528e-02 2.352982e+03 4.327700e+03 5.869060e+03 8.749011e+03  
6.849697e-02 2.321353e+03 4.269580e+03 5.790518e+03 8.633486e+03  
6.945178e-02 2.289016e+03 4.210185e+03 5.710261e+03 8.515394e+03  
7.041990e-02 2.255975e+03 4.149527e+03 5.628304e+03 8.394748e+03  
7.140151e-02 2.222238e+03 4.087620e+03 5.544665e+03 8.271572e+03  
7.239681e-02 2.187814e+03 4.024482e+03 5.459366e+03 8.145893e+03  
7.340598e-02 2.152719e+03 3.960143e+03 5.372451e+03 8.017771e+03  
7.442922e-02 2.117007e+03 3.894704e+03 5.284053e+03 7.887400e+03  
7.546673e-02 2.080747e+03 3.828290e+03 5.194343e+03 7.755034e+03  
7.651869e-02 2.044014e+03 3.761040e+03 5.103509e+03 7.620952e+03  
7.758532e-02 2.006892e+03 3.693105e+03 5.011754e+03 7.485457e+03  
7.866682e-02 1.969474e+03 3.624658e+03 4.919314e+03 7.348901e+03  
7.976339e-02 1.931868e+03 3.555894e+03 4.826452e+03 7.211680e+03  
8.087525e-02 1.894189e+03 3.487023e+03 4.733454e+03 7.074223e+03  
8.200261e-02 1.856561e+03 3.418272e+03 4.640628e+03 6.936997e+03  
8.314568e-02 1.819104e+03 3.349858e+03 4.548267e+03 6.800441e+03  
8.430468e-02 1.781925e+03 3.281976e+03 4.456637e+03 6.664961e+03  
8.547985e-02 1.745139e+03 3.214834e+03 4.366020e+03 6.530985e+03  
8.667139e-02 1.708868e+03 3.148655e+03 4.276718e+03 6.398969e+03  
8.787954e-02 1.673221e+03 3.083635e+03 4.188997e+03 6.269320e+03  
8.910453e-02 1.638291e+03 3.019943e+03 4.103088e+03 6.142389e+03  
9.034660e-02 1.604179e+03 2.957758e+03 4.019235e+03 6.018549e+03  
9.160598e-02 1.570985e+03 2.897266e+03 3.937686e+03 5.898182e+03  
9.288292e-02 1.538796e+03 2.838620e+03 3.858654e+03 5.781612e+03  
9.417766e-02 1.507693e+03 2.781966e+03 3.782336e+03 5.669145e+03  
9.549045e-02 1.477761e+03 2.727458e+03 3.708938e+03 5.561099e+03  
9.682153e-02 1.449066e+03 2.675213e+03 3.638624e+03 5.457728e+03  
9.817117e-02 1.421639e+03 2.625285e+03 3.571466e+03 5.359147e+03  
9.953962e-02 1.395505e+03 2.577718e+03 3.507525e+03 5.265455e+03  
1.009272e-01 1.370689e+03 2.532556e+03 3.446859e+03 5.176748e+03  
1.023340e-01 1.347187e+03 2.489791e+03 3.389460e+03 5.093020e+03  
1.037605e-01 1.324926e+03 2.449285e+03 3.335140e+03 5.013991e+03  
1.052069e-01 1.303808e+03 2.410864e+03 3.283662e+03 4.939304e+03  
1.066734e-01 1.283729e+03 2.374334e+03 3.234764e+03 4.868564e+03  
1.081604e-01 1.264561e+03 2.339464e+03 3.188132e+03 4.801296e+03  
1.096681e-01 1.246147e+03 2.305969e+03 3.143378e+03 4.736906e+03  
1.111968e-01 1.228312e+03 2.273532e+03 3.100070e+03 4.674735e+03  
1.127468e-01 1.210868e+03 2.241811e+03 3.057742e+03 4.614067e+03  
1.143184e-01 1.193644e+03 2.210499e+03 3.015977e+03 4.554255e+03  
1.159120e-01 1.176493e+03 2.179327e+03 2.974406e+03 4.494731e+03  
1.175277e-01 1.159253e+03 2.148006e+03 2.932635e+03 4.434881e+03  
1.191660e-01 1.141770e+03 2.116255e+03 2.890277e+03 4.374099e+03  
1.208271e-01 1.123945e+03 2.083899e+03 2.847095e+03 4.312010e+03  
1.225114e-01 1.105696e+03 2.050788e+03 2.802880e+03 4.248281e+03  
1.242191e-01 1.086935e+03 2.016764e+03 2.757414e+03 4.182565e+03  
1.259506e-01 1.067615e+03 1.981745e+03 2.710585e+03 4.114674e+03  
1.277063e-01 1.047723e+03 1.945706e+03 2.662355e+03 4.044542e+03  
1.294865e-01 1.027247e+03 1.908627e+03 2.612696e+03 3.972111e+03  
1.312915e-01 1.006215e+03 1.870559e+03 2.561673e+03 3.897476e+03  
1.331216e-01 9.847080e+02 1.831651e+03 2.509490e+03 3.820946e+03  
1.349772e-01 9.628220e+02 1.792074e+03 2.456380e+03 3.742875e+03  
1.368587e-01 9.406756e+02 1.752043e+03 2.402634e+03 3.663718e+03  
1.387665e-01 9.184251e+02 1.711839e+03 2.348638e+03 3.584070e+03  
1.407008e-01 8.962417e+02 1.671771e+03 2.294813e+03 3.504589e+03  
1.426621e-01 8.742900e+02 1.632136e+03 2.241564e+03 3.425908e+03  
1.446507e-01 8.527176e+02 1.593197e+03 2.189252e+03 3.348596e+03  
1.466671e-01 8.316792e+02 1.555233e+03 2.138259e+03 3.273249e+03  
1.487115e-01 8.113060e+02 1.518478e+03 2.088906e+03 3.200376e+03  
1.507845e-01 7.917054e+02 1.483125e+03 2.041455e+03 3.130389e+03  
1.528864e-01 7.729845e+02 1.449364e+03 1.996169e+03 3.063706e+03  
1.550175e-01 7.552145e+02 1.417322e+03 1.953221e+03 3.000603e+03  
1.571784e-01 7.384500e+02 1.387095e+03 1.912744e+03 2.941295e+03  
1.593694e-01 7.227232e+02 1.358739e+03 1.874815e+03 2.885910e+03  
1.615909e-01 7.080045e+02 1.332200e+03 1.839361e+03 2.834338e+03  
1.638434e-01 6.942458e+02 1.307390e+03 1.806262e+03 2.786399e+03  
1.661273e-01 6.813408e+02 1.284117e+03 1.775257e+03 2.741688e+03  
1.684430e-01 6.691335e+02 1.262100e+03 1.745961e+03 2.699604e+03  
1.707910e-01 6.574530e+02 1.241032e+03 1.717954e+03 2.659489e+03  
1.731717e-01 6.461130e+02 1.220578e+03 1.690777e+03 2.620619e+03  
1.755856e-01 6.349203e+02 1.200393e+03 1.663956e+03 2.582243e+03  
1.780332e-01 6.237342e+02 1.180223e+03 1.637143e+03 2.543809e+03  
1.805149e-01 6.124355e+02 1.159857e+03 1.610044e+03 2.504846e+03  
1.830312e-01 6.009334e+02 1.139130e+03 1.582435e+03 2.464994e+03  
1.855825e-01 5.891684e+02 1.117938e+03 1.554168e+03 2.424012e+03  
1.881694e-01 5.770993e+02 1.096207e+03 1.525142e+03 2.381735e+03  
1.907924e-01 5.647210e+02 1.073928e+03 1.495344e+03 2.338135e+03  
1.934520e-01 5.520525e+02 1.051135e+03 1.464820e+03 2.293284e+03  
1.961486e-01 5.391721e+02 1.027970e+03 1.433763e+03 2.247486e+03  
1.988828e-01 5.261816e+02 1.004615e+03 1.402424e+03 2.201141e+03  
2.016551e-01 5.132177e+02 9.813131e+02 1.371139e+03 2.154787e+03  
2.044661e-01 5.004298e+02 9.583323e+02 1.340275e+03 2.109012e+03  
2.073162e-01 4.879605e+02 9.359265e+02 1.310183e+03 2.064377e+03  
2.102061e-01 4.759425e+02 9.143318e+02 1.281189e+03 2.021407e+03  
2.131362e-01 4.644540e+02 8.936866e+02 1.253483e+03 1.980408e+03  
2.161073e-01 4.535488e+02 8.740861e+02 1.227196e+03 1.941594e+03  
2.191197e-01 4.432420e+02 8.555560e+02 1.202365e+03 1.905026e+03  
2.221741e-01 4.335246e+02 8.380790e+02 1.178967e+03 1.870668e+03  
2.252711e-01 4.243485e+02 8.215686e+02 1.156882e+03 1.838336e+03  
2.284112e-01 4.156424e+02 8.058971e+02 1.135935e+03 1.807751e+03  
2.315951e-01 4.073090e+02 7.908905e+02 1.115887e+03 1.778531e+03  
2.348235e-01 3.992426e+02 7.763602e+02 1.096478e+03 1.750262e+03  
2.380968e-01 3.913340e+02 7.621121e+02 1.077442e+03 1.722515e+03  
2.414157e-01 3.834925e+02 7.479847e+02 1.058554e+03 1.694934e+03  
2.447809e-01 3.756410e+02 7.338409e+02 1.039626e+03 1.667213e+03  
2.481930e-01 3.677229e+02 7.195806e+02 1.020520e+03 1.639130e+03  
2.516527e-01 3.597082e+02 7.051508e+02 1.001162e+03 1.610566e+03  
2.551606e-01 3.515996e+02 6.905565e+02 9.815594e+02 1.581533e+03  
2.587174e-01 3.434396e+02 6.758735e+02 9.618171e+02 1.552201e+03  
2.623238e-01 3.353028e+02 6.612346e+02 9.421181e+02 1.522867e+03  
2.659804e-01 3.272931e+02 6.468235e+02 9.227168e+02 1.493942e+03  
2.696881e-01 3.194940e+02 6.327883e+02 9.038177e+02 1.465757e+03  
2.734474e-01 3.119637e+02 6.192315e+02 8.855624e+02 1.438541e+03  
2.772591e-01 3.047315e+02 6.062043e+02 8.680221e+02 1.412412e+03  
2.811239e-01 2.978104e+02 5.937290e+02 8.512273e+02 1.387419e+03  
2.850426e-01 2.911991e+02 5.818026e+02 8.351743e+02 1.363558e+03  
2.890160e-01 2.848804e+02 5.703942e+02 8.198205e+02 1.340761e+03  
2.930447e-01 2.788164e+02 5.594363e+02 8.050730e+02 1.318880e+03  
2.971296e-01 2.729466e+02 5.488216e+02 7.907839e+02 1.297678e+03  
3.012714e-01 2.671961e+02 5.384178e+02 7.767711e+02 1.276862e+03  
3.054710e-01 2.615096e+02 5.281277e+02 7.629004e+02 1.256218e+03  
3.097291e-01 2.558612e+02 5.179054e+02 7.491091e+02 1.235645e+03  
3.140465e-01 2.502447e+02 5.077404e+02 7.353828e+02 1.215122e+03  
3.184242e-01 2.446627e+02 4.976371e+02 7.217280e+02 1.194661e+03  
3.228628e-01 2.391319e+02 4.876253e+02 7.081862e+02 1.174330e+03  
3.273634e-01 2.336780e+02 4.777501e+02 6.948196e+02 1.154232e+03  
3.319266e-01 2.283397e+02 4.680792e+02 6.817221e+02 1.134517e+03  
3.365535e-01 2.231596e+02 4.586873e+02 6.689967e+02 1.115354e+03  
3.412449e-01 2.181606e+02 4.496142e+02 6.566983e+02 1.096830e+03  
3.460016e-01 2.133422e+02 4.408582e+02 6.448247e+02 1.078943e+03  
3.508247e-01 2.086903e+02 4.323947e+02 6.333419e+02 1.061639e+03  
3.557150e-01 2.041857e+02 4.241893e+02 6.222028e+02 1.044843e+03  
3.606735e-01 1.998047e+02 4.162007e+02 6.113507e+02 1.028464e+03  
3.657011e-01 1.955214e+02 4.083833e+02 6.007230e+02 1.012404e+03  
3.707988e-01 1.913119e+02 4.006954e+02 5.902628e+02 9.965732e+02  
3.759675e-01 1.871638e+02 3.931155e+02 5.799407e+02 9.809248e+02  
3.812083e-01 1.830816e+02 3.856512e+02 5.697674e+02 9.654777e+02  
3.865221e-01 1.790702e+02 3.783114e+02 5.597555e+02 9.502529e+02  
3.919100e-01 1.751404e+02 3.711146e+02 5.499304e+02 9.352922e+02  
3.973730e-01 1.713010e+02 3.640758e+02 5.403132e+02 9.206300e+02  
4.029122e-01 1.675675e+02 3.572219e+02 5.309407e+02 9.063252e+02  
4.085286e-01 1.639493e+02 3.505688e+02 5.218346e+02 8.924129e+02  
4.142232e-01 1.604377e+02 3.441012e+02 5.129740e+02 8.788600e+02  
4.199973e-01 1.570178e+02 3.377931e+02 5.043236e+02 8.656113e+02  
4.258518e-01 1.536809e+02 3.316295e+02 4.958627e+02 8.526348e+02  
4.317880e-01 1.504234e+02 3.256037e+02 4.875826e+02 8.399169e+02  
4.378069e-01 1.472354e+02 3.196987e+02 4.794603e+02 8.274222e+02  
4.439097e-01 1.441063e+02 3.138965e+02 4.714710e+02 8.151128e+02  
4.500975e-01 1.410445e+02 3.082111e+02 4.636344e+02 8.030202e+02  
4.563716e-01 1.380552e+02 3.026514e+02 4.559625e+02 7.911632e+02  
4.627332e-01 1.351384e+02 2.972173e+02 4.484554e+02 7.795435e+02  
4.691835e-01 1.322925e+02 2.919059e+02 4.411091e+02 7.681546e+02  
4.757236e-01 1.295223e+02 2.867253e+02 4.339346e+02 7.570149e+02  
4.823549e-01 1.268269e+02 2.816737e+02 4.269295e+02 7.461192e+02  
4.890787e-01 1.241943e+02 2.767304e+02 4.200660e+02 7.354254e+02  
4.958962e-01 1.216222e+02 2.718914e+02 4.133387e+02 7.249257e+02  
5.028087e-01 1.191111e+02 2.671577e+02 4.067489e+02 7.146223e+02  
5.098176e-01 1.166561e+02 2.625206e+02 4.002850e+02 7.044977e+02  
5.169242e-01 1.142560e+02 2.579780e+02 3.939444e+02 6.945486e+02  
5.241298e-01 1.119135e+02 2.535345e+02 3.877331e+02 6.847840e+02  
5.314359e-01 1.096291e+02 2.491907e+02 3.816520e+02 6.752058e+02  
5.388438e-01 1.073977e+02 2.449379e+02 3.756896e+02 6.657964e+02  
5.463550e-01 1.052223e+02 2.407810e+02 3.698523e+02 6.565657e+02  
5.539709e-01 1.030999e+02 2.367147e+02 3.641332e+02 6.475034e+02  
5.616930e-01 1.010259e+02 2.327315e+02 3.585221e+02 6.385943e+02  
5.695227e-01 9.899925e+01 2.288293e+02 3.530163e+02 6.298345e+02  
5.774615e-01 9.702251e+01 2.250121e+02 3.476214e+02 6.212324e+02  
5.855110e-01 9.508857e+01 2.212683e+02 3.423217e+02 6.127647e+02  
5.936727e-01 9.320251e+01 2.176061e+02 3.371280e+02 6.044477e+02  
6.019482e-01 9.136073e+01 2.140193e+02 3.320324e+02 5.962693e+02  
6.103390e-01 8.956139e+01 2.105048e+02 3.270307e+02 5.882237e+02  
6.188468e-01 8.780551e+01 2.070642e+02 3.221249e+02 5.803136e+02  
6.274732e-01 8.608976e+01 2.036919e+02 3.173076e+02 5.725290e+02  
6.362198e-01 8.441351e+01 2.003867e+02 3.125774e+02 5.648664e+02  
6.450884e-01 8.277642e+01 1.971480e+02 3.079333e+02 5.573246e+02  
6.540806e-01 8.117744e+01 1.939739e+02 3.033730e+02 5.499011e+02  
6.631981e-01 7.961542e+01 1.908625e+02 2.988938e+02 5.425915e+02  
6.724427e-01 7.808946e+01 1.878122e+02 2.944936e+02 5.353928e+02  
6.818162e-01 7.659866e+01 1.848213e+02 2.901704e+02 5.283019e+02  
6.913204e-01 7.514195e+01 1.818882e+02 2.859218e+02 5.213154e+02  
7.009570e-01 7.371823e+01 1.790109e+02 2.817453e+02 5.144296e+02  
7.107280e-01 7.232675e+01 1.761880e+02 2.776393e+02 5.076421e+02  
7.206351e-01 7.096688e+01 1.734186e+02 2.736022e+02 5.009508e+02  
7.306804e-01 6.963787e+01 1.707012e+02 2.696323e+02 4.943530e+02  
7.408657e-01 6.833889e+01 1.680345e+02 2.657278e+02 4.878461e+02  
7.511929e-01 6.706916e+01 1.654171e+02 2.618869e+02 4.814275e+02  
7.616642e-01 6.582778e+01 1.628475e+02 2.581077e+02 4.750944e+02  
7.722814e-01 6.461375e+01 1.603241e+02 2.543880e+02 4.688438e+02  
7.830465e-01 6.342635e+01 1.578455e+02 2.507263e+02 4.626733e+02  
7.939618e-01 6.226505e+01 1.554110e+02 2.471213e+02 4.565813e+02  
8.050292e-01 6.112922e+01 1.530194e+02 2.435716e+02 4.505656e+02  
8.162509e-01 6.001820e+01 1.506696e+02 2.400758e+02 4.446243e+02  
8.276289e-01 5.893138e+01 1.483605e+02 2.366326e+02 4.387554e+02  
8.391656e-01 5.786813e+01 1.460912e+02 2.332406e+02 4.329569e+02  
8.508632e-01 5.682772e+01 1.438603e+02 2.298983e+02 4.272268e+02  
8.627237e-01 5.580951e+01 1.416669e+02 2.266043e+02 4.215630e+02  
8.747496e-01 5.481299e+01 1.395101e+02 2.233575e+02 4.159641e+02  
8.869432e-01 5.383762e+01 1.373890e+02 2.201569e+02 4.104284e+02  
8.993067e-01 5.288278e+01 1.353026e+02 2.170010e+02 4.049542e+02  
9.118425e-01 5.194798e+01 1.332500e+02 2.138889e+02 3.995399e+02  
9.245531e-01 5.103271e+01 1.312304e+02 2.108195e+02 3.941842e+02  
9.374409e-01 5.013643e+01 1.292430e+02 2.077917e+02 3.888855e+02  
9.505083e-01 4.925858e+01 1.272868e+02 2.048044e+02 3.836423e+02  
9.637579e-01 4.839874e+01 1.253612e+02 2.018567e+02 3.784533e+02  
9.771921e-01 4.755644e+01 1.234654e+02 1.989478e+02 3.733175e+02  
9.908137e-01 4.673117e+01 1.215986e+02 1.960765e+02 3.682333e+02  
1.004625e+00 4.592248e+01 1.197600e+02 1.932421e+02 3.631997e+02  
1.018629e+00 4.513000e+01 1.179491e+02 1.904437e+02 3.582157e+02  
1.032828e+00 4.435328e+01 1.161652e+02 1.876805e+02 3.532800e+02  
1.047225e+00 4.359187e+01 1.144075e+02 1.849517e+02 3.483917e+02  
1.061823e+00 4.284540e+01 1.126755e+02 1.822565e+02 3.435499e+02  
1.076624e+00 4.211351e+01 1.109686e+02 1.795943e+02 3.387536e+02  
1.091632e+00 4.139579e+01 1.092861e+02 1.769644e+02 3.340020e+02  
1.106848e+00 4.069185e+01 1.076276e+02 1.743660e+02 3.292941e+02  
1.122277e+00 4.000138e+01 1.059925e+02 1.717985e+02 3.246293e+02  
1.137921e+00 3.932404e+01 1.043802e+02 1.692613e+02 3.200068e+02  
1.153783e+00 3.865945e+01 1.027903e+02 1.667538e+02 3.154259e+02  
1.169866e+00 3.800730e+01 1.012222e+02 1.642755e+02 3.108860e+02  
1.186174e+00 3.736729e+01 9.967551e+01 1.618258e+02 3.063864e+02  
1.202708e+00 3.673910e+01 9.814973e+01 1.594041e+02 3.019266e+02  
1.219473e+00 3.612239e+01 9.664438e+01 1.570100e+02 2.975060e+02  
1.236472e+00 3.551691e+01 9.515910e+01 1.546429e+02 2.931241e+02  
1.253708e+00 3.492238e+01 9.369347e+01 1.523025e+02 2.887804e+02  
1.271184e+00 3.433852e+01 9.224708e+01 1.499883e+02 2.844746e+02  
1.288904e+00 3.376506e+01 9.081955e+01 1.476999e+02 2.802063e+02  
1.306870e+00 3.320176e+01 8.941055e+01 1.454368e+02 2.759750e+02  
1.325087e+00 3.264838e+01 8.801972e+01 1.431988e+02 2.717805e+02  
1.343558e+00 3.210465e+01 8.664670e+01 1.409854e+02 2.676224e+02  
1.362287e+00 3.157035e+01 8.529118e+01 1.387963e+02 2.635005e+02  
1.381276e+00 3.104527e+01 8.395288e+01 1.366311e+02 2.594146e+02  
1.400531e+00 3.052918e+01 8.263146e+01 1.344897e+02 2.553644e+02  
1.420053e+00 3.002186e+01 8.132664e+01 1.323716e+02 2.513497e+02  
1.439848e+00 2.952311e+01 8.003815e+01 1.302766e+02 2.473705e+02  
1.459919e+00 2.903275e+01 7.876574e+01 1.282044e+02 2.434265e+02  
1.480269e+00 2.857862e+01 7.750912e+01 1.261548e+02 2.395176e+02  
1.500903e+00 2.804835e+01 7.626804e+01 1.241275e+02 2.356438e+02  
1.521825e+00 2.760990e+01 7.504229e+01 1.221222e+02 2.318050e+02  
1.543038e+00 2.715108e+01 7.383161e+01 1.201388e+02 2.280011e+02  
1.564548e+00 2.669969e+01 7.263577e+01 1.181770e+02 2.242321e+02  
1.586357e+00 2.625558e+01 7.145459e+01 1.162366e+02 2.204980e+02  
1.608469e+00 2.581861e+01 7.028787e+01 1.143176e+02 2.167989e+02  
1.630891e+00 2.538860e+01 6.913543e+01 1.124196e+02 2.131347e+02  
1.653624e+00 2.496542e+01 6.799707e+01 1.105425e+02 2.095054e+02  
1.676675e+00 2.454893e+01 6.687263e+01 1.086862e+02 2.059112e+02  
1.700047e+00 2.413897e+01 6.576191e+01 1.068505e+02 2.023521e+02  
1.723745e+00 2.373538e+01 6.466474e+01 1.050352e+02 1.988282e+02  
1.747773e+00 2.333803e+01 6.358096e+01 1.032403e+02 1.953395e+02  
1.772136e+00 2.294682e+01 6.251043e+01 1.014655e+02 1.918862e+02  
1.796838e+00 2.256160e+01 6.145299e+01 9.971080e+01 1.884684e+02  
1.821885e+00 2.218224e+01 6.040850e+01 9.797603e+01 1.850862e+02  
1.847281e+00 2.180866e+01 5.937684e+01 9.626111e+01 1.817398e+02  
1.873032e+00 2.144074e+01 5.835788e+01 9.456593e+01 1.784291e+02  
1.899141e+00 2.107836e+01 5.735148e+01 9.289038e+01 1.751545e+02  
1.925614e+00 2.072142e+01 5.635754e+01 9.123437e+01 1.719160e+02  
1.952456e+00 2.036983e+01 5.537593e+01 8.959780e+01 1.687137e+02  
1.979672e+00 2.002347e+01 5.440653e+01 8.798060e+01 1.655479e+02  
2.007267e+00 1.968222e+01 5.344922e+01 8.638266e+01 1.624185e+02  
2.035248e+00 1.934602e+01 5.250390e+01 8.480392e+01 1.593258e+02  
2.063618e+00 1.901478e+01 5.157049e+01 8.324430e+01 1.562699e+02  
2.092383e+00 1.868841e+01 5.064886e+01 8.170372e+01 1.532510e+02  
2.121550e+00 1.836682e+01 4.973894e+01 8.018212e+01 1.502691e+02  
2.151123e+00 1.804993e+01 4.884063e+01 7.867942e+01 1.473243e+02  
2.181109e+00 1.773767e+01 4.795383e+01 7.719557e+01 1.444168e+02  
2.211512e+00 1.742995e+01 4.707845e+01 7.573049e+01 1.415467e+02  
2.242340e+00 1.712669e+01 4.621441e+01 7.428411e+01 1.387140e+02  
2.273597e+00 1.682783e+01 4.536162e+01 7.285638e+01 1.359189e+02  
2.305289e+00 1.653330e+01 4.452001e+01 7.144724e+01 1.331614e+02  
2.337424e+00 1.624303e+01 4.368948e+01 7.005662e+01 1.304416e+02  
2.370006e+00 1.595695e+01 4.286997e+01 6.868447e+01 1.277595e+02  
2.403043e+00 1.567500e+01 4.206139e+01 6.733072e+01 1.251151e+02  
2.436540e+00 1.539712e+01 4.126368e+01 6.599531e+01 1.225085e+02  
2.470504e+00 1.512324e+01 4.047674e+01 6.467819e+01 1.199397e+02  
2.504942e+00 1.485332e+01 3.970052e+01 6.337929e+01 1.174087e+02  
2.539859e+00 1.458729e+01 3.893494e+01 6.209855e+01 1.149154e+02  
2.575263e+00 1.432508e+01 3.817992e+01 6.083591e+01 1.124599e+02  
2.611161e+00 1.406666e+01 3.743539e+01 5.959130e+01 1.100420e+02  
2.647559e+00 1.381198e+01 3.670130e+01 5.836466e+01 1.076617e+02  
2.684465e+00 1.356097e+01 3.597756e+01 5.715591e+01 1.053189e+02  
2.721885e+00 1.331360e+01 3.526411e+01 5.596500e+01 1.030135e+02  
2.759826e+00 1.306981e+01 3.456088e+01 5.479186e+01 1.007454e+02  
2.798297e+00 1.282956e+01 3.386781e+01 5.363639e+01 9.851450e+01  
2.837304e+00 1.259281e+01 3.318482e+01 5.249854e+01 9.632058e+01  
2.876854e+00 1.235950e+01 3.251185e+01 5.137823e+01 9.416351e+01  
2.916956e+00 1.212959e+01 3.184884e+01 5.027537e+01 9.204311e+01  
2.957617e+00 1.190305e+01 3.119570e+01 4.918988e+01 8.995920e+01  
2.998844e+00 1.167983e+01 3.055239e+01 4.812167e+01 8.791155e+01  
3.040646e+00 1.145989e+01 2.991883e+01 4.707065e+01 8.589995e+01  
3.083031e+00 1.124320e+01 2.929495e+01 4.603673e+01 8.392416e+01  
3.126007e+00 1.102970e+01 2.868068e+01 4.501982e+01 8.198393e+01  
3.169582e+00 1.081938e+01 2.807597e+01 4.401981e+01 8.007901e+01  
3.213764e+00 1.061218e+01 2.748074e+01 4.303659e+01 7.820912e+01  
3.258562e+00 1.040808e+01 2.689493e+01 4.207007e+01 7.637395e+01  
3.303985e+00 1.020704e+01 2.631846e+01 4.112013e+01 7.457322e+01  
3.350041e+00 1.000903e+01 2.575126e+01 4.018666e+01 7.280660e+01  
3.396739e+00 9.814004e+00 2.519328e+01 3.926953e+01 7.107380e+01  
3.444087e+00 9.621938e+00 2.464443e+01 3.836863e+01 6.937447e+01  
3.492096e+00 9.432796e+00 2.410466e+01 3.748382e+01 6.770828e+01  
3.540774e+00 9.246547e+00 2.357387e+01 3.661499e+01 6.607488e+01  
3.590130e+00 9.063159e+00 2.305202e+01 3.576199e+01 6.447391e+01  
3.640175e+00 8.882601e+00 2.253901e+01 3.492469e+01 6.290499e+01  
3.690917e+00 8.704841e+00 2.203479e+01 3.410295e+01 6.136777e+01  
3.742366e+00 8.529850e+00 2.153927e+01 3.329663e+01 5.986187e+01  
3.794533e+00 8.357598e+00 2.105239e+01 3.250556e+01 5.838688e+01  
3.847427e+00 8.188055e+00 2.057406e+01 3.172962e+01 5.694244e+01  
3.901058e+00 8.021192e+00 2.010421e+01 3.096863e+01 5.552814e+01  
3.955436e+00 7.856980e+00 1.964276e+01 3.022241e+01 5.414357e+01  
4.010573e+00 7.695391e+00 1.918964e+01 2.949091e+01 5.278834e+01  
4.066478e+00 7.536396e+00 1.874476e+01 2.877386e+01 5.146204e+01  
4.123163e+00 7.379967e+00 1.830805e+01 2.807112e+01 5.016426e+01  
4.180637e+00 7.226078e+00 1.787943e+01 2.738254e+01 4.889458e+01  
4.238913e+00 7.074700e+00 1.745881e+01 2.670793e+01 4.765259e+01  
4.298001e+00 6.925806e+00 1.704611e+01 2.604712e+01 4.643786e+01  
4.357913e+00 6.779369e+00 1.664124e+01 2.539995e+01 4.524999e+01  
4.418660e+00 6.635363e+00 1.624413e+01 2.476624e+01 4.408854e+01  
4.480254e+00 6.493761e+00 1.585469e+01 2.414580e+01 4.295310e+01  
4.542706e+00 6.354537e+00 1.547285e+01 2.353846e+01 4.184324e+01  
4.606029e+00 6.217664e+00 1.509847e+01 2.294404e+01 4.075855e+01  
4.670234e+00 6.083116e+00 1.473152e+01 2.236235e+01 3.969860e+01  
4.735335e+00 5.950867e+00 1.437189e+01 2.179322e+01 3.866297e+01  
4.801343e+00 5.820893e+00 1.401947e+01 2.123645e+01 3.765126e+01  
4.868271e+00 5.693167e+00 1.367422e+01 2.069187e+01 3.666302e+01  
4.936132e+00 5.567664e+00 1.333601e+01 2.015929e+01 3.569786e+01  
5.004939e+00 5.444358e+00 1.300475e+01 1.963853e+01 3.475534e+01  
5.074705e+00 5.323225e+00 1.268037e+01 1.912939e+01 3.383507e+01  
5.145444e+00 5.204239e+00 1.236276e+01 1.863171e+01 3.293664e+01  
5.217169e+00 5.087376e+00 1.205183e+01 1.814527e+01 3.205962e+01  
5.289893e+00 4.972610e+00 1.174750e+01 1.766989e+01 3.120363e+01  
5.363631e+00 4.859918e+00 1.144966e+01 1.720543e+01 3.036825e+01  
5.438397e+00 4.749277e+00 1.115823e+01 1.675164e+01 2.955310e+01  
5.514206e+00 4.640654e+00 1.087311e+01 1.630840e+01 2.875777e+01  
5.591071e+00 4.534032e+00 1.059420e+01 1.587547e+01 2.798188e+01  
5.669007e+00 4.429390e+00 1.032141e+01 1.545271e+01 2.722503e+01  
5.748030e+00 4.326697e+00 1.005465e+01 1.503991e+01 2.648684e+01  
5.828155e+00 4.225931e+00 9.793825e+00 1.463690e+01 2.576693e+01  
5.909396e+00 4.127068e+00 9.538837e+00 1.424350e+01 2.506493e+01  
5.991770e+00 4.030085e+00 9.289593e+00 1.385953e+01 2.438047e+01  
6.075292e+00 3.934958e+00 9.045999e+00 1.348481e+01 2.371309e+01  
6.159978e+00 3.841662e+00 8.807962e+00 1.311917e+01 2.306269e+01  
6.245845e+00 3.750176e+00 8.575389e+00 1.276243e+01 2.242865e+01  
6.332908e+00 3.660474e+00 8.348187e+00 1.241442e+01 2.181070e+01  
6.421186e+00 3.572534e+00 8.126262e+00 1.207497e+01 2.120851e+01  
6.510694e+00 3.486332e+00 7.909523e+00 1.174390e+01 2.062171e+01  
6.601449e+00 3.401845e+00 7.697877e+00 1.142105e+01 2.004999e+01  
6.693470e+00 3.319050e+00 7.491232e+00 1.110624e+01 1.949299e+01  
6.786773e+00 3.237924e+00 7.289499e+00 1.079931e+01 1.895039e+01  
6.881377e+00 3.158444e+00 7.092586e+00 1.050017e+01 1.842187e+01  
6.977300e+00 3.080587e+00 6.900403e+00 1.020855e+01 1.790712e+01  
7.074559e+00 3.004331e+00 6.712861e+00 9.924332e+00 1.740581e+01  
7.173175e+00 2.929652e+00 6.529871e+00 9.647358e+00 1.691764e+01  
7.273165e+00 2.856527e+00 6.351346e+00 9.377484e+00 1.644230e+01  
7.374549e+00 2.784936e+00 6.177199e+00 9.114543e+00 1.597951e+01  
7.477346e+00 2.714854e+00 6.007342e+00 8.858388e+00 1.552895e+01  
7.581576e+00 2.646261e+00 5.841692e+00 8.608871e+00 1.508985e+01  
7.687260e+00 2.579132e+00 5.680165e+00 8.365847e+00 1.466343e+01  
7.794416e+00 2.513447e+00 5.522678e+00 8.129167e+00 1.424790e+01  
7.903066e+00 2.449183e+00 5.369147e+00 7.898692e+00 1.384349e+01  
8.013230e+00 2.386317e+00 5.219491e+00 7.674279e+00 1.344994e+01  
8.124930e+00 2.324833e+00 5.073629e+00 7.455740e+00 1.306697e+01  
8.238187e+00 2.264699e+00 4.931481e+00 7.243144e+00 1.269435e+01  
8.353023e+00 2.205901e+00 4.792967e+00 7.036050e+00 1.233181e+01  
8.469460e+00 2.148416e+00 4.658010e+00 6.834530e+00 1.197910e+01  
8.587519e+00 2.092221e+00 4.526532e+00 6.638409e+00 1.163598e+01  
8.707225e+00 2.037296e+00 4.398458e+00 6.447546e+00 1.130223e+01  
8.828599e+00 1.983619e+00 4.273728e+00 6.261829e+00 1.097759e+01  
8.951665e+00 1.931169e+00 4.152214e+00 6.081131e+00 1.066184e+01  
9.076446e+00 1.879916e+00 4.033923e+00 5.905333e+00 1.035583e+01  
9.202967e+00 1.829869e+00 3.918734e+00 5.734321e+00 1.005615e+01  
9.331251e+00 1.780980e+00 3.806588e+00 5.567965e+00 9.765759e+00  
9.461324e+00 1.733224e+00 3.697415e+00 5.406161e+00 9.483400e+00  
9.593209e+00 1.686598e+00 3.591148e+00 5.248765e+00 9.208864e+00  
9.726934e+00 1.641075e+00 3.487717e+00 5.095809e+00 8.941948e+00  
9.862522e+00 1.596635e+00 3.387057e+00 4.946958e+00 8.682455e+00  
1.000000e+01 1.553258e+00 3.289103e+00 4.802243e+00 8.430203e+00  
