1.000000e-02 4.039922e+03 7.380077e+03 9.975618e+03 1.481645e+04  
1.013939e-02 4.062921e+03 7.421933e+03 1.003204e+04 1.489990e+04  
1.028073e-02 4.085620e+03 7.463238e+03 1.008772e+04 1.498222e+04  
1.042404e-02 4.108009e+03 7.503971e+03 1.014262e+04 1.506339e+04  
1.056935e-02 4.130075e+03 7.544112e+03 1.019671e+04 1.514335e+04  
1.071668e-02 4.151806e+03 7.583636e+03 1.024997e+04 1.522206e+04  
1.086606e-02 4.173189e+03 7.622519e+03 1.030236e+04 1.529947e+04  
1.101753e-02 4.194209e+03 7.660736e+03 1.035384e+04 1.537553e+04  
1.117111e-02 4.214853e+03 7.698263e+03 1.040439e+04 1.545019e+04  
1.132683e-02 4.235108e+03 7.735074e+03 1.045396e+04 1.552340e+04  
1.148472e-02 4.254960e+03 7.771146e+03 1.050253e+04 1.559511e+04  
1.164481e-02 4.274396e+03 7.806452e+03 1.055007e+04 1.566527e+04  
1.180713e-02 4.293403e+03 7.840971e+03 1.059653e+04 1.573384e+04  
1.197171e-02 4.311967e+03 7.874677e+03 1.064190e+04 1.580077e+04  
1.213859e-02 4.330075e+03 7.907547e+03 1.068613e+04 1.586600e+04  
1.230780e-02 4.347716e+03 7.939557e+03 1.072919e+04 1.592950e+04  
1.247936e-02 4.364875e+03 7.970686e+03 1.077106e+04 1.599121e+04  
1.265332e-02 4.381542e+03 8.000910e+03 1.081170e+04 1.605110e+04  
1.282970e-02 4.397704e+03 8.030207e+03 1.085109e+04 1.610911e+04  
1.300854e-02 4.413347e+03 8.058553e+03 1.088919e+04 1.616520e+04  
1.318987e-02 4.428457e+03 8.085919e+03 1.092596e+04 1.621931e+04  
1.337373e-02 4.443017e+03 8.112279e+03 1.096136e+04 1.627139e+04  
1.356015e-02 4.457014e+03 8.137605e+03 1.099537e+04 1.632139e+04  
1.374917e-02 4.470433e+03 8.161872e+03 1.102794e+04 1.636925e+04  
1.394083e-02 4.483259e+03 8.185052e+03 1.105903e+04 1.641492e+04  
1.413516e-02 4.495479e+03 8.207121e+03 1.108863e+04 1.645834e+04  
1.433219e-02 4.507078e+03 8.228053e+03 1.111668e+04 1.649948e+04  
1.453198e-02 4.518044e+03 8.247823e+03 1.114316e+04 1.653827e+04  
1.473454e-02 4.528363e+03 8.266408e+03 1.116803e+04 1.657468e+04  
1.493993e-02 4.538022e+03 8.283785e+03 1.119127e+04 1.660865e+04  
1.514819e-02 4.547010e+03 8.299931e+03 1.121284e+04 1.664014e+04  
1.535935e-02 4.555314e+03 8.314825e+03 1.123272e+04 1.666912e+04  
1.557345e-02 4.562924e+03 8.328448e+03 1.125088e+04 1.669553e+04  
1.579053e-02 4.569829e+03 8.340779e+03 1.126728e+04 1.671934e+04  
1.601064e-02 4.576014e+03 8.351793e+03 1.128191e+04 1.674051e+04  
1.623382e-02 4.581467e+03 8.361466e+03 1.129472e+04 1.675898e+04  
1.646012e-02 4.586175e+03 8.369775e+03 1.130568e+04 1.677470e+04  
1.668956e-02 4.590126e+03 8.376698e+03 1.131477e+04 1.678764e+04  
1.692220e-02 4.593308e+03 8.382215e+03 1.132196e+04 1.679775e+04  
1.715809e-02 4.595711e+03 8.386307e+03 1.132722e+04 1.680500e+04  
1.739726e-02 4.597326e+03 8.388955e+03 1.133052e+04 1.680935e+04  
1.763977e-02 4.598140e+03 8.390139e+03 1.133185e+04 1.681076e+04  
1.788566e-02 4.598145e+03 8.389842e+03 1.133117e+04 1.680919e+04  
1.813498e-02 4.597330e+03 8.388046e+03 1.132847e+04 1.680462e+04  
1.838777e-02 4.595688e+03 8.384738e+03 1.132372e+04 1.679701e+04  
1.864409e-02 4.593211e+03 8.379904e+03 1.131690e+04 1.678633e+04  
1.890397e-02 4.589894e+03 8.373532e+03 1.130801e+04 1.677258e+04  
1.916748e-02 4.585732e+03 8.365616e+03 1.129703e+04 1.675572e+04  
1.943467e-02 4.580717e+03 8.356141e+03 1.128394e+04 1.673574e+04  
1.970558e-02 4.574843e+03 8.345097e+03 1.126874e+04 1.671262e+04  
1.998026e-02 4.568105e+03 8.332472e+03 1.125139e+04 1.668633e+04  
2.025878e-02 4.560497e+03 8.318260e+03 1.123190e+04 1.665685e+04  
2.054117e-02 4.552018e+03 8.302455e+03 1.121026e+04 1.662419e+04  
2.082751e-02 4.542666e+03 8.285055e+03 1.118646e+04 1.658833e+04  
2.111783e-02 4.532440e+03 8.266061e+03 1.116051e+04 1.654928e+04  
2.141220e-02 4.521341e+03 8.245472e+03 1.113241e+04 1.650704e+04  
2.171068e-02 4.509368e+03 8.223287e+03 1.110215e+04 1.646160e+04  
2.201331e-02 4.496522e+03 8.199508e+03 1.106973e+04 1.641297e+04  
2.232016e-02 4.482806e+03 8.174141e+03 1.103518e+04 1.636117e+04  
2.263130e-02 4.468224e+03 8.147195e+03 1.099848e+04 1.630621e+04  
2.294676e-02 4.452783e+03 8.118683e+03 1.095968e+04 1.624812e+04  
2.326663e-02 4.436493e+03 8.088620e+03 1.091878e+04 1.618693e+04  
2.359095e-02 4.419362e+03 8.057022e+03 1.087581e+04 1.612268e+04  
2.391980e-02 4.401394e+03 8.023900e+03 1.083078e+04 1.605538e+04  
2.425323e-02 4.382597e+03 7.989266e+03 1.078371e+04 1.598506e+04  
2.459130e-02 4.362979e+03 7.953137e+03 1.073463e+04 1.591175e+04  
2.493409e-02 4.342553e+03 7.915534e+03 1.068355e+04 1.583551e+04  
2.528166e-02 4.321331e+03 7.876482e+03 1.063052e+04 1.575637e+04  
2.563407e-02 4.299331e+03 7.836011e+03 1.057558e+04 1.567441e+04  
2.599140e-02 4.276568e+03 7.794152e+03 1.051876e+04 1.558967e+04  
2.635371e-02 4.253058e+03 7.750934e+03 1.046012e+04 1.550223e+04  
2.672106e-02 4.228819e+03 7.706386e+03 1.039968e+04 1.541215e+04  
2.709354e-02 4.203867e+03 7.660545e+03 1.033749e+04 1.531948e+04  
2.747121e-02 4.178227e+03 7.613450e+03 1.027362e+04 1.522432e+04  
2.785414e-02 4.151922e+03 7.565146e+03 1.020812e+04 1.512676e+04  
2.824241e-02 4.124981e+03 7.515687e+03 1.014106e+04 1.502690e+04  
2.863610e-02 4.097434e+03 7.465125e+03 1.007251e+04 1.492486e+04  
2.903527e-02 4.069304e+03 7.413505e+03 1.000255e+04 1.482071e+04  
2.944000e-02 4.040613e+03 7.360869e+03 9.931208e+03 1.471454e+04  
2.985038e-02 4.011388e+03 7.307262e+03 9.858566e+03 1.460645e+04  
3.026648e-02 3.981657e+03 7.252737e+03 9.784690e+03 1.449655e+04  
3.068838e-02 3.951450e+03 7.197352e+03 9.709657e+03 1.438494e+04  
3.111616e-02 3.920804e+03 7.141171e+03 9.633554e+03 1.427177e+04  
3.154990e-02 3.889756e+03 7.084261e+03 9.556472e+03 1.415715e+04  
3.198969e-02 3.858336e+03 7.026681e+03 9.478490e+03 1.404122e+04  
3.243561e-02 3.826572e+03 6.968480e+03 9.399677e+03 1.392407e+04  
3.288774e-02 3.794496e+03 6.909714e+03 9.320108e+03 1.380581e+04  
3.334618e-02 3.762139e+03 6.850445e+03 9.239864e+03 1.368657e+04  
3.381101e-02 3.729538e+03 6.790737e+03 9.159035e+03 1.356648e+04  
3.428231e-02 3.696732e+03 6.730663e+03 9.077716e+03 1.344568e+04  
3.476019e-02 3.663764e+03 6.670298e+03 8.996013e+03 1.332433e+04  
3.524473e-02 3.630670e+03 6.609713e+03 8.914019e+03 1.320256e+04  
3.573602e-02 3.597484e+03 6.548966e+03 8.831813e+03 1.308050e+04  
3.623416e-02 3.564239e+03 6.488119e+03 8.749479e+03 1.295827e+04  
3.673925e-02 3.530971e+03 6.427237e+03 8.667106e+03 1.283600e+04  
3.725137e-02 3.497720e+03 6.366393e+03 8.584790e+03 1.271384e+04  
3.777064e-02 3.464527e+03 6.305661e+03 8.502635e+03 1.259194e+04  
3.829714e-02 3.431436e+03 6.245124e+03 8.420749e+03 1.247046e+04  
3.883098e-02 3.398484e+03 6.184845e+03 8.339219e+03 1.234953e+04  
3.937226e-02 3.365680e+03 6.124843e+03 8.258073e+03 1.222919e+04  
3.992109e-02 3.333032e+03 6.065133e+03 8.177328e+03 1.210947e+04  
4.047757e-02 3.300546e+03 6.005726e+03 8.097001e+03 1.199040e+04  
4.104181e-02 3.268230e+03 5.946635e+03 8.017109e+03 1.187199e+04  
4.161391e-02 3.236089e+03 5.887871e+03 7.937667e+03 1.175428e+04  
4.219398e-02 3.204129e+03 5.829445e+03 7.858689e+03 1.163729e+04  
4.278214e-02 3.172361e+03 5.771376e+03 7.780205e+03 1.152105e+04  
4.337850e-02 3.140822e+03 5.713731e+03 7.702300e+03 1.140570e+04  
4.398317e-02 3.109555e+03 5.656587e+03 7.625082e+03 1.129140e+04  
4.459628e-02 3.078605e+03 5.600030e+03 7.548666e+03 1.117832e+04  
4.521792e-02 3.048023e+03 5.544149e+03 7.473172e+03 1.106664e+04  
4.584824e-02 3.017860e+03 5.489037e+03 7.398727e+03 1.095655e+04  
4.648734e-02 2.988173e+03 5.434796e+03 7.325467e+03 1.084825e+04  
4.713535e-02 2.959009e+03 5.381515e+03 7.253513e+03 1.074193e+04  
4.779239e-02 2.930352e+03 5.329161e+03 7.182821e+03 1.063752e+04  
4.845859e-02 2.902144e+03 5.277630e+03 7.113251e+03 1.053482e+04  
4.913407e-02 2.874322e+03 5.226807e+03 7.044648e+03 1.043359e+04  
4.981898e-02 2.846814e+03 5.176565e+03 6.976840e+03 1.033358e+04  
5.051342e-02 2.819545e+03 5.126762e+03 6.909638e+03 1.023450e+04  
5.121755e-02 2.792429e+03 5.077246e+03 6.842835e+03 1.013606e+04  
5.193150e-02 2.765384e+03 5.027869e+03 6.776232e+03 1.003795e+04  
5.265540e-02 2.738387e+03 4.978589e+03 6.709772e+03 9.940098e+03  
5.338938e-02 2.711436e+03 4.929402e+03 6.643452e+03 9.842486e+03  
5.413360e-02 2.684529e+03 4.880305e+03 6.577266e+03 9.745112e+03  
5.488820e-02 2.657662e+03 4.831291e+03 6.511206e+03 9.647964e+03  
5.565331e-02 2.630832e+03 4.782353e+03 6.445262e+03 9.551028e+03  
5.642908e-02 2.604032e+03 4.733480e+03 6.379421e+03 9.454282e+03  
5.721568e-02 2.577234e+03 4.684623e+03 6.313614e+03 9.357628e+03  
5.801323e-02 2.550393e+03 4.635698e+03 6.247732e+03 9.260897e+03  
5.882190e-02 2.523459e+03 4.586616e+03 6.181650e+03 9.163907e+03  
5.964185e-02 2.496375e+03 4.537275e+03 6.115234e+03 9.066455e+03  
6.047322e-02 2.469082e+03 4.487568e+03 6.048339e+03 8.968322e+03  
6.131619e-02 2.441519e+03 4.437385e+03 5.980817e+03 8.869284e+03  
6.217090e-02 2.413646e+03 4.386656e+03 5.912570e+03 8.769197e+03  
6.303753e-02 2.385433e+03 4.335324e+03 5.843526e+03 8.667947e+03  
6.391624e-02 2.356847e+03 4.283333e+03 5.773605e+03 8.565413e+03  
6.480720e-02 2.327852e+03 4.230617e+03 5.702722e+03 8.461464e+03  
6.571058e-02 2.298412e+03 4.177112e+03 5.630786e+03 8.355961e+03  
6.662655e-02 2.268501e+03 4.122772e+03 5.557737e+03 8.248813e+03  
6.755528e-02 2.238111e+03 4.067585e+03 5.483558e+03 8.139986e+03  
6.849697e-02 2.207236e+03 4.011536e+03 5.408229e+03 8.029450e+03  
6.945178e-02 2.175867e+03 3.954614e+03 5.331734e+03 7.917175e+03  
7.041990e-02 2.143997e+03 3.896807e+03 5.254055e+03 7.803130e+03  
7.140151e-02 2.111643e+03 3.838144e+03 5.175233e+03 7.687374e+03  
7.239681e-02 2.078848e+03 3.778705e+03 5.095374e+03 7.570059e+03  
7.340598e-02 2.045660e+03 3.718576e+03 5.014595e+03 7.451359e+03  
7.442922e-02 2.012132e+03 3.657854e+03 4.933025e+03 7.331464e+03  
7.546673e-02 1.978323e+03 3.596645e+03 4.850808e+03 7.210586e+03  
7.651869e-02 1.944308e+03 3.535085e+03 4.768126e+03 7.088999e+03  
7.758532e-02 1.910173e+03 3.473331e+03 4.685191e+03 6.967016e+03  
7.866682e-02 1.876011e+03 3.411551e+03 4.602230e+03 6.844979e+03  
7.976339e-02 1.841924e+03 3.349925e+03 4.519487e+03 6.723252e+03  
8.087525e-02 1.808003e+03 3.288620e+03 4.437184e+03 6.602171e+03  
8.200261e-02 1.774327e+03 3.227777e+03 4.355514e+03 6.482025e+03  
8.314568e-02 1.740980e+03 3.167546e+03 4.274679e+03 6.363119e+03  
8.430468e-02 1.708050e+03 3.108088e+03 4.194895e+03 6.245779e+03  
8.547985e-02 1.675618e+03 3.049546e+03 4.116356e+03 6.130299e+03  
8.667139e-02 1.643741e+03 2.992024e+03 4.039203e+03 6.016890e+03  
8.787954e-02 1.612479e+03 2.935627e+03 3.963577e+03 5.905771e+03  
8.910453e-02 1.581894e+03 2.880466e+03 3.889629e+03 5.797168e+03  
9.034660e-02 1.552041e+03 2.826641e+03 3.817492e+03 5.691286e+03  
9.160598e-02 1.522965e+03 2.774230e+03 3.747274e+03 5.588290e+03  
9.288292e-02 1.494711e+03 2.723315e+03 3.679083e+03 5.488347e+03  
9.417766e-02 1.467325e+03 2.673976e+03 3.613031e+03 5.391628e+03  
9.549045e-02 1.440843e+03 2.626279e+03 3.549204e+03 5.298269e+03  
9.682153e-02 1.415296e+03 2.580275e+03 3.487673e+03 5.208380e+03  
9.817117e-02 1.390713e+03 2.536017e+03 3.428509e+03 5.122075e+03  
9.953962e-02 1.367106e+03 2.493524e+03 3.371739e+03 5.039397e+03  
1.009272e-01 1.344438e+03 2.452730e+03 3.317274e+03 4.960216e+03  
1.023340e-01 1.322661e+03 2.413548e+03 3.264996e+03 4.884357e+03  
1.037605e-01 1.301721e+03 2.375880e+03 3.214772e+03 4.811620e+03  
1.052069e-01 1.281548e+03 2.339598e+03 3.166431e+03 4.741748e+03  
1.066734e-01 1.262031e+03 2.304504e+03 3.119704e+03 4.674335e+03  
1.081604e-01 1.243042e+03 2.270366e+03 3.074278e+03 4.608901e+03  
1.096681e-01 1.224440e+03 2.236932e+03 3.029808e+03 4.544921e+03  
1.111968e-01 1.206082e+03 2.203945e+03 2.985950e+03 4.481866e+03  
1.127468e-01 1.187850e+03 2.171194e+03 2.942414e+03 4.419290e+03  
1.143184e-01 1.169620e+03 2.138460e+03 2.898901e+03 4.356731e+03  
1.159120e-01 1.151262e+03 2.105504e+03 2.855090e+03 4.293689e+03  
1.175277e-01 1.132679e+03 2.072155e+03 2.810746e+03 4.229796e+03  
1.191660e-01 1.113828e+03 2.038340e+03 2.765767e+03 4.164889e+03  
1.208271e-01 1.094671e+03 2.003987e+03 2.720055e+03 4.098809e+03  
1.225114e-01 1.075171e+03 1.969030e+03 2.673519e+03 4.031410e+03  
1.242191e-01 1.055329e+03 1.933476e+03 2.626166e+03 3.962692e+03  
1.259506e-01 1.035167e+03 1.897360e+03 2.578042e+03 3.892722e+03  
1.277063e-01 1.014706e+03 1.860721e+03 2.529200e+03 3.821575e+03  
1.294865e-01 9.939943e+02 1.823646e+03 2.479755e+03 3.749423e+03  
1.312915e-01 9.731061e+02 1.786267e+03 2.429888e+03 3.676540e+03  
1.331216e-01 9.521239e+02 1.748733e+03 2.379798e+03 3.603232e+03  
1.349772e-01 9.311399e+02 1.711208e+03 2.329708e+03 3.529843e+03  
1.368587e-01 9.102592e+02 1.673879e+03 2.279872e+03 3.456766e+03  
1.387665e-01 8.895954e+02 1.636949e+03 2.230567e+03 3.384429e+03  
1.407008e-01 8.692616e+02 1.600619e+03 2.182065e+03 3.313257e+03  
1.426621e-01 8.493566e+02 1.565065e+03 2.134606e+03 3.243625e+03  
1.446507e-01 8.299826e+02 1.530469e+03 2.088438e+03 3.175920e+03  
1.466671e-01 8.112291e+02 1.496989e+03 2.043776e+03 3.110482e+03  
1.487115e-01 7.931490e+02 1.464718e+03 2.000747e+03 3.047511e+03  
1.507845e-01 7.757923e+02 1.433746e+03 1.959474e+03 2.987201e+03  
1.528864e-01 7.591921e+02 1.404129e+03 1.920034e+03 2.929680e+03  
1.550175e-01 7.433558e+02 1.375881e+03 1.882445e+03 2.874978e+03  
1.571784e-01 7.282850e+02 1.349002e+03 1.846709e+03 2.823105e+03  
1.593694e-01 7.139425e+02 1.323425e+03 1.812737e+03 2.773923e+03  
1.615909e-01 7.002615e+02 1.299032e+03 1.780365e+03 2.727182e+03  
1.638434e-01 6.871610e+02 1.275676e+03 1.749397e+03 2.682577e+03  
1.661273e-01 6.745263e+02 1.253153e+03 1.719553e+03 2.639672e+03  
1.684430e-01 6.622270e+02 1.231231e+03 1.690516e+03 2.597971e+03  
1.707910e-01 6.501385e+02 1.209688e+03 1.661983e+03 2.556995e+03  
1.731717e-01 6.381438e+02 1.188316e+03 1.633670e+03 2.516296e+03  
1.755856e-01 6.261344e+02 1.166921e+03 1.605312e+03 2.475454e+03  
1.780332e-01 6.140565e+02 1.145408e+03 1.576778e+03 2.434257e+03  
1.805149e-01 6.018694e+02 1.123705e+03 1.547968e+03 2.392545e+03  
1.830312e-01 5.895568e+02 1.101784e+03 1.518841e+03 2.350250e+03  
1.855825e-01 5.771201e+02 1.079646e+03 1.489401e+03 2.307374e+03  
1.881694e-01 5.645764e+02 1.057322e+03 1.459688e+03 2.263979e+03  
1.907924e-01 5.519659e+02 1.034884e+03 1.429801e+03 2.220218e+03  
1.934520e-01 5.393437e+02 1.012429e+03 1.399872e+03 2.176302e+03  
1.961486e-01 5.267946e+02 9.901087e+02 1.370107e+03 2.132559e+03  
1.988828e-01 5.144138e+02 9.680910e+02 1.340738e+03 2.089357e+03  
2.016551e-01 5.022999e+02 9.465505e+02 1.312004e+03 2.047078e+03  
2.044661e-01 4.905495e+02 9.256578e+02 1.284140e+03 2.006096e+03  
2.073162e-01 4.792180e+02 9.055110e+02 1.257278e+03 1.966628e+03  
2.102061e-01 4.683418e+02 8.861733e+02 1.231508e+03 1.928817e+03  
2.131362e-01 4.579224e+02 8.676473e+02 1.206833e+03 1.892669e+03  
2.161073e-01 4.479445e+02 8.499047e+02 1.183213e+03 1.858128e+03  
2.191197e-01 4.383810e+02 8.328972e+02 1.160585e+03 1.825091e+03  
2.221741e-01 4.291947e+02 8.165586e+02 1.138856e+03 1.793415e+03  
2.252711e-01 4.203273e+02 8.007849e+02 1.117886e+03 1.762876e+03  
2.284112e-01 4.117092e+02 7.854532e+02 1.097504e+03 1.733205e+03  
2.315951e-01 4.032666e+02 7.704323e+02 1.077533e+03 1.704115e+03  
2.348235e-01 3.949303e+02 7.556003e+02 1.057803e+03 1.675340e+03  
2.380968e-01 3.866513e+02 7.408702e+02 1.038196e+03 1.646688e+03  
2.414157e-01 3.784021e+02 7.261936e+02 1.018645e+03 1.618052e+03  
2.447809e-01 3.701811e+02 7.115678e+02 9.991465e+02 1.589426e+03  
2.481930e-01 3.619936e+02 6.970022e+02 9.797133e+02 1.560831e+03  
2.516527e-01 3.538511e+02 6.825171e+02 9.603733e+02 1.532315e+03  
2.551606e-01 3.457752e+02 6.681506e+02 9.411791e+02 1.503960e+03  
2.587174e-01 3.378046e+02 6.539709e+02 9.222247e+02 1.475921e+03  
2.623238e-01 3.300008e+02 6.400865e+02 9.036594e+02 1.448438e+03  
2.659804e-01 3.224211e+02 6.265975e+02 8.856213e+02 1.421735e+03  
2.696881e-01 3.151066e+02 6.135763e+02 8.682100e+02 1.395974e+03  
2.734474e-01 3.080611e+02 6.010290e+02 8.514343e+02 1.371170e+03  
2.772591e-01 3.012629e+02 5.889168e+02 8.352410e+02 1.347240e+03  
2.811239e-01 2.946766e+02 5.771775e+02 8.195448e+02 1.324046e+03  
2.850426e-01 2.882829e+02 5.657766e+02 8.042985e+02 1.301516e+03  
2.890160e-01 2.820635e+02 5.546818e+02 7.894580e+02 1.279578e+03  
2.930447e-01 2.759947e+02 5.438514e+02 7.749659e+02 1.258142e+03  
2.971296e-01 2.700436e+02 5.332275e+02 7.607431e+02 1.237082e+03  
3.012714e-01 2.641758e+02 5.227497e+02 7.467067e+02 1.216264e+03  
3.054710e-01 2.583701e+02 5.123807e+02 7.328057e+02 1.195609e+03  
3.097291e-01 2.526347e+02 5.021351e+02 7.190602e+02 1.175149e+03  
3.140465e-01 2.469917e+02 4.920516e+02 7.055240e+02 1.154974e+03  
3.184242e-01 2.414608e+02 4.821645e+02 6.922443e+02 1.135159e+03  
3.228628e-01 2.360529e+02 4.724928e+02 6.792474e+02 1.115749e+03  
3.273634e-01 2.307752e+02 4.630488e+02 6.665506e+02 1.096772e+03  
3.319266e-01 2.256368e+02 4.538484e+02 6.541758e+02 1.078265e+03  
3.365535e-01 2.206496e+02 4.449121e+02 6.421515e+02 1.060274e+03  
3.412449e-01 2.158164e+02 4.362442e+02 6.304837e+02 1.042810e+03  
3.460016e-01 2.111214e+02 4.278173e+02 6.191348e+02 1.025814e+03  
3.508247e-01 2.065427e+02 4.195930e+02 6.080523e+02 1.009201e+03  
3.557150e-01 2.020591e+02 4.115342e+02 5.971856e+02 9.928931e+02  
3.606735e-01 1.976661e+02 4.036329e+02 5.865241e+02 9.768725e+02  
3.657011e-01 1.933638e+02 3.958894e+02 5.760681e+02 9.611414e+02  
3.707988e-01 1.891475e+02 3.882953e+02 5.658063e+02 9.456828e+02  
3.759675e-01 1.850139e+02 3.808450e+02 5.557316e+02 9.304862e+02  
3.812083e-01 1.809666e+02 3.735446e+02 5.458523e+02 9.155660e+02  
3.865221e-01 1.770179e+02 3.664153e+02 5.361977e+02 9.009697e+02  
3.919100e-01 1.731704e+02 3.594612e+02 5.267736e+02 8.867074e+02  
3.973730e-01 1.694219e+02 3.526787e+02 5.175751e+02 8.727719e+02  
4.029122e-01 1.657675e+02 3.460590e+02 5.085903e+02 8.591449e+02  
4.085286e-01 1.622068e+02 3.396013e+02 4.998183e+02 8.458258e+02  
4.142232e-01 1.587355e+02 3.332980e+02 4.912489e+02 8.327988e+02  
4.199973e-01 1.553437e+02 3.271320e+02 4.828588e+02 8.200277e+02  
4.258518e-01 1.520236e+02 3.210897e+02 4.746297e+02 8.074844e+02  
4.317880e-01 1.487784e+02 3.151766e+02 4.665691e+02 7.951812e+02  
4.378069e-01 1.456097e+02 3.093953e+02 4.586809e+02 7.831250e+02  
4.439097e-01 1.425134e+02 3.037387e+02 4.509554e+02 7.713013e+02  
4.500975e-01 1.394893e+02 2.982064e+02 4.433923e+02 7.597098e+02  
4.563716e-01 1.365410e+02 2.928044e+02 4.359997e+02 7.483641e+02  
4.627332e-01 1.336669e+02 2.875297e+02 4.287736e+02 7.372582e+02  
4.691835e-01 1.308618e+02 2.823734e+02 4.217023e+02 7.263741e+02  
4.757236e-01 1.281218e+02 2.773288e+02 4.147765e+02 7.156978e+02  
4.823549e-01 1.254490e+02 2.723994e+02 4.080012e+02 7.052376e+02  
4.890787e-01 1.228401e+02 2.675792e+02 4.013683e+02 6.949810e+02  
4.958962e-01 1.202893e+02 2.628587e+02 3.948650e+02 6.849087e+02  
5.028087e-01 1.177977e+02 2.582393e+02 3.884934e+02 6.750245e+02  
5.098176e-01 1.153684e+02 2.537262e+02 3.822605e+02 6.653392e+02  
5.169242e-01 1.129958e+02 2.493100e+02 3.761537e+02 6.558338e+02  
5.241298e-01 1.106788e+02 2.449886e+02 3.701703e+02 6.465045e+02  
5.314359e-01 1.084194e+02 2.407651e+02 3.643144e+02 6.373577e+02  
5.388438e-01 1.062134e+02 2.366328e+02 3.585771e+02 6.283799e+02  
5.463550e-01 1.040574e+02 2.325854e+02 3.529499e+02 6.195587e+02  
5.539709e-01 1.019531e+02 2.286260e+02 3.474372e+02 6.109006e+02  
5.616930e-01 9.990032e+01 2.247539e+02 3.420380e+02 6.024044e+02  
5.695227e-01 9.789247e+01 2.209582e+02 3.367378e+02 5.940483e+02  
5.774615e-01 9.593338e+01 2.172451e+02 3.315449e+02 5.858450e+02  
5.855110e-01 9.402169e+01 2.136123e+02 3.264561e+02 5.777898e+02  
5.936727e-01 9.215314e+01 2.100525e+02 3.214619e+02 5.698687e+02  
6.019482e-01 9.032939e+01 2.065685e+02 3.165660e+02 5.620868e+02  
6.103390e-01 8.854912e+01 2.031579e+02 3.117651e+02 5.544397e+02  
6.188468e-01 8.680801e+01 1.998136e+02 3.070500e+02 5.469136e+02  
6.274732e-01 8.510918e+01 1.965405e+02 3.024271e+02 5.395181e+02  
6.362198e-01 8.345004e+01 1.933343e+02 2.978907e+02 5.322447e+02  
6.450884e-01 8.182903e+01 1.901923e+02 2.934373e+02 5.250884e+02  
6.540806e-01 8.024587e+01 1.871140e+02 2.890662e+02 5.180481e+02  
6.631981e-01 7.869987e+01 1.840982e+02 2.847758e+02 5.111213e+02  
6.724427e-01 7.718899e+01 1.811415e+02 2.805616e+02 5.043016e+02  
6.818162e-01 7.571252e+01 1.782425e+02 2.764220e+02 4.975865e+02  
6.913204e-01 7.426987e+01 1.754003e+02 2.723556e+02 4.909741e+02  
7.009570e-01 7.286038e+01 1.726137e+02 2.683608e+02 4.844621e+02  
7.107280e-01 7.148325e+01 1.698814e+02 2.644358e+02 4.780477e+02  
7.206351e-01 7.013762e+01 1.672017e+02 2.605788e+02 4.717281e+02  
7.306804e-01 6.882246e+01 1.645731e+02 2.567874e+02 4.655001e+02  
7.408657e-01 6.753675e+01 1.619937e+02 2.530594e+02 4.593604e+02  
7.511929e-01 6.627982e+01 1.594625e+02 2.493933e+02 4.533069e+02  
7.616642e-01 6.505102e+01 1.569783e+02 2.457877e+02 4.473373e+02  
7.722814e-01 6.384957e+01 1.545397e+02 2.422408e+02 4.414492e+02  
7.830465e-01 6.267475e+01 1.521457e+02 2.387511e+02 4.356403e+02  
7.939618e-01 6.152597e+01 1.497951e+02 2.353171e+02 4.299086e+02  
8.050292e-01 6.040251e+01 1.474868e+02 2.319375e+02 4.242520e+02  
8.162509e-01 5.930361e+01 1.452194e+02 2.286105e+02 4.186680e+02  
8.276289e-01 5.822866e+01 1.429920e+02 2.253348e+02 4.131547e+02  
8.391656e-01 5.717708e+01 1.408036e+02 2.221091e+02 4.077103e+02  
8.508632e-01 5.614818e+01 1.386531e+02 2.189320e+02 4.023328e+02  
8.627237e-01 5.514132e+01 1.365393e+02 2.158022e+02 3.970202e+02  
8.747496e-01 5.415601e+01 1.344614e+02 2.127185e+02 3.917710e+02  
8.869432e-01 5.319172e+01 1.324187e+02 2.096798e+02 3.865835e+02  
8.993067e-01 5.224785e+01 1.304100e+02 2.066850e+02 3.814559e+02  
9.118425e-01 5.132387e+01 1.284345e+02 2.037328e+02 3.763869e+02  
9.245531e-01 5.041933e+01 1.264915e+02 2.008223e+02 3.713749e+02  
9.374409e-01 4.953368e+01 1.245801e+02 1.979524e+02 3.664183e+02  
9.505083e-01 4.866635e+01 1.226993e+02 1.951220e+02 3.615157e+02  
9.637579e-01 4.781690e+01 1.208484e+02 1.923302e+02 3.566658e+02  
9.771921e-01 4.698489e+01 1.190268e+02 1.895759e+02 3.518673e+02  
9.908137e-01 4.616979e+01 1.172336e+02 1.868583e+02 3.471187e+02  
1.004625e+00 4.537114e+01 1.154680e+02 1.841764e+02 3.424190e+02  
1.018629e+00 4.458855e+01 1.137294e+02 1.815294e+02 3.377670e+02  
1.032828e+00 4.382159e+01 1.120171e+02 1.789165e+02 3.331616e+02  
1.047225e+00 4.306981e+01 1.103305e+02 1.763368e+02 3.286017e+02  
1.061823e+00 4.233284e+01 1.086689e+02 1.737896e+02 3.240863e+02  
1.076624e+00 4.161032e+01 1.070318e+02 1.712743e+02 3.196146e+02  
1.091632e+00 4.090186e+01 1.054186e+02 1.687900e+02 3.151856e+02  
1.106848e+00 4.020708e+01 1.038287e+02 1.663361e+02 3.107984e+02  
1.122277e+00 3.952566e+01 1.022615e+02 1.639120e+02 3.064522e+02  
1.137921e+00 3.885728e+01 1.007167e+02 1.615171e+02 3.021463e+02  
1.153783e+00 3.820158e+01 9.919361e+01 1.591507e+02 2.978799e+02  
1.169866e+00 3.755823e+01 9.769177e+01 1.568123e+02 2.936524e+02  
1.186174e+00 3.692695e+01 9.621076e+01 1.545013e+02 2.894630e+02  
1.202708e+00 3.630744e+01 9.475012e+01 1.522173e+02 2.853112e+02  
1.219473e+00 3.569935e+01 9.330933e+01 1.499596e+02 2.811963e+02  
1.236472e+00 3.510241e+01 9.188800e+01 1.477278e+02 2.771179e+02  
1.253708e+00 3.451632e+01 9.048570e+01 1.455214e+02 2.730753e+02  
1.271184e+00 3.394076e+01 8.910198e+01 1.433398e+02 2.690681e+02  
1.288904e+00 3.337546e+01 8.773643e+01 1.411827e+02 2.650957e+02  
1.306870e+00 3.282021e+01 8.638875e+01 1.390497e+02 2.611580e+02  
1.325087e+00 3.227480e+01 8.505863e+01 1.369405e+02 2.572544e+02  
1.343558e+00 3.173899e+01 8.374574e+01 1.348546e+02 2.533847e+02  
1.362287e+00 3.118373e+01 8.244976e+01 1.327917e+02 2.495485e+02  
1.381276e+00 3.069528e+01 8.117037e+01 1.307515e+02 2.457456e+02  
1.400531e+00 3.018692e+01 7.990725e+01 1.287337e+02 2.419756e+02  
1.420053e+00 2.968722e+01 7.866006e+01 1.267378e+02 2.382384e+02  
1.439848e+00 2.919600e+01 7.742853e+01 1.247637e+02 2.345337e+02  
1.459919e+00 2.871305e+01 7.621241e+01 1.228109e+02 2.308613e+02  
1.480269e+00 2.823816e+01 7.501140e+01 1.208794e+02 2.272211e+02  
1.500903e+00 2.777113e+01 7.382525e+01 1.189687e+02 2.236129e+02  
1.521825e+00 2.731181e+01 7.265376e+01 1.170786e+02 2.200367e+02  
1.543038e+00 2.686003e+01 7.149669e+01 1.152090e+02 2.164923e+02  
1.564548e+00 2.641560e+01 7.035381e+01 1.133596e+02 2.129797e+02  
1.586357e+00 2.597837e+01 6.922492e+01 1.115303e+02 2.094988e+02  
1.608469e+00 2.554819e+01 6.810982e+01 1.097207e+02 2.060496e+02  
1.630891e+00 2.512488e+01 6.700831e+01 1.079308e+02 2.026321e+02  
1.653624e+00 2.470830e+01 6.592019e+01 1.061603e+02 1.992463e+02  
1.676675e+00 2.429830e+01 6.484528e+01 1.044091e+02 1.958922e+02  
1.700047e+00 2.389476e+01 6.378343e+01 1.026770e+02 1.925698e+02  
1.723745e+00 2.349750e+01 6.273445e+01 1.009639e+02 1.892791e+02  
1.747773e+00 2.310642e+01 6.169817e+01 9.926966e+01 1.860203e+02  
1.772136e+00 2.272138e+01 6.067446e+01 9.759408e+01 1.827935e+02  
1.796838e+00 2.234226e+01 5.966316e+01 9.593706e+01 1.795986e+02  
1.821885e+00 2.196892e+01 5.866411e+01 9.429847e+01 1.764357e+02  
1.847281e+00 2.160126e+01 5.767719e+01 9.267821e+01 1.733051e+02  
1.873032e+00 2.123917e+01 5.670228e+01 9.107616e+01 1.702068e+02  
1.899141e+00 2.088255e+01 5.573923e+01 8.949223e+01 1.671408e+02  
1.925614e+00 2.053126e+01 5.478794e+01 8.792631e+01 1.641074e+02  
1.952456e+00 2.018523e+01 5.384827e+01 8.637832e+01 1.611066e+02  
1.979672e+00 1.984435e+01 5.292012e+01 8.484815e+01 1.581385e+02  
2.007267e+00 1.950850e+01 5.200336e+01 8.333572e+01 1.552034e+02  
2.035248e+00 1.917761e+01 5.109790e+01 8.184096e+01 1.523013e+02  
2.063618e+00 1.885159e+01 5.020364e+01 8.036379e+01 1.494323e+02  
2.092383e+00 1.853036e+01 4.932049e+01 7.890414e+01 1.465966e+02  
2.121550e+00 1.821382e+01 4.844834e+01 7.746194e+01 1.437943e+02  
2.151123e+00 1.790190e+01 4.758710e+01 7.603712e+01 1.410255e+02  
2.181109e+00 1.759452e+01 4.673668e+01 7.462961e+01 1.382904e+02  
2.211512e+00 1.729158e+01 4.589699e+01 7.323936e+01 1.355890e+02  
2.242340e+00 1.699302e+01 4.506795e+01 7.186629e+01 1.329215e+02  
2.273597e+00 1.669877e+01 4.424948e+01 7.051037e+01 1.302880e+02  
2.305289e+00 1.640876e+01 4.344149e+01 6.917152e+01 1.276885e+02  
2.337424e+00 1.612293e+01 4.264392e+01 6.784970e+01 1.251231e+02  
2.370006e+00 1.584121e+01 4.185669e+01 6.654486e+01 1.225919e+02  
2.403043e+00 1.556354e+01 4.107972e+01 6.525693e+01 1.200950e+02  
2.436540e+00 1.528986e+01 4.031293e+01 6.398587e+01 1.176325e+02  
2.470504e+00 1.502009e+01 3.955626e+01 6.273163e+01 1.152043e+02  
2.504942e+00 1.475418e+01 3.880965e+01 6.149414e+01 1.128105e+02  
2.539859e+00 1.449208e+01 3.807301e+01 6.027337e+01 1.104511e+02  
2.575263e+00 1.423374e+01 3.734628e+01 5.906926e+01 1.081261e+02  
2.611161e+00 1.397909e+01 3.662940e+01 5.788176e+01 1.058355e+02  
2.647559e+00 1.372810e+01 3.592231e+01 5.671081e+01 1.035793e+02  
2.684465e+00 1.348070e+01 3.522493e+01 5.555637e+01 1.013574e+02  
2.721885e+00 1.323685e+01 3.453721e+01 5.441836e+01 9.916986e+01  
2.759826e+00 1.299651e+01 3.385909e+01 5.329675e+01 9.701651e+01  
2.798297e+00 1.275962e+01 3.319049e+01 5.219147e+01 9.489729e+01  
2.837304e+00 1.252615e+01 3.253137e+01 5.110246e+01 9.281212e+01  
2.876854e+00 1.229604e+01 3.188165e+01 5.002967e+01 9.076089e+01  
2.916956e+00 1.206926e+01 3.124129e+01 4.897302e+01 8.874346e+01  
2.957617e+00 1.184576e+01 3.061021e+01 4.793245e+01 8.675971e+01  
2.998844e+00 1.162551e+01 2.998837e+01 4.690789e+01 8.480947e+01  
3.040646e+00 1.140846e+01 2.937569e+01 4.589927e+01 8.289259e+01  
3.083031e+00 1.119457e+01 2.877212e+01 4.490653e+01 8.100888e+01  
3.126007e+00 1.098382e+01 2.817760e+01 4.392957e+01 7.915815e+01  
3.169582e+00 1.077616e+01 2.759208e+01 4.296833e+01 7.734019e+01  
3.213764e+00 1.057155e+01 2.701548e+01 4.202272e+01 7.555478e+01  
3.258562e+00 1.036997e+01 2.644776e+01 4.109266e+01 7.380169e+01  
3.303985e+00 1.017137e+01 2.588884e+01 4.017805e+01 7.208069e+01  
3.350041e+00 9.975722e+00 2.533868e+01 3.927881e+01 7.039150e+01  
3.396739e+00 9.782995e+00 2.479720e+01 3.839483e+01 6.873388e+01  
3.444087e+00 9.593156e+00 2.426436e+01 3.752602e+01 6.710754e+01  
3.492096e+00 9.406172e+00 2.374008e+01 3.667228e+01 6.551220e+01  
3.540774e+00 9.222012e+00 2.322430e+01 3.583350e+01 6.394756e+01  
3.590130e+00 9.040646e+00 2.271697e+01 3.500957e+01 6.241332e+01  
3.640175e+00 8.862043e+00 2.221802e+01 3.420037e+01 6.090916e+01  
3.690917e+00 8.686171e+00 2.172738e+01 3.340580e+01 5.943477e+01  
3.742366e+00 8.513004e+00 2.124499e+01 3.262573e+01 5.798982e+01  
3.794533e+00 8.342512e+00 2.077079e+01 3.186003e+01 5.657397e+01  
3.847427e+00 8.174666e+00 2.030471e+01 3.110859e+01 5.518688e+01  
3.901058e+00 8.009438e+00 1.984669e+01 3.037126e+01 5.382820e+01  
3.955436e+00 7.846800e+00 1.939665e+01 2.964792e+01 5.249759e+01  
4.010573e+00 7.686726e+00 1.895453e+01 2.893843e+01 5.119467e+01  
4.066478e+00 7.529186e+00 1.852025e+01 2.824265e+01 4.991910e+01  
4.123163e+00 7.374155e+00 1.809376e+01 2.756043e+01 4.867050e+01  
4.180637e+00 7.221607e+00 1.767498e+01 2.689163e+01 4.744850e+01  
4.238913e+00 7.071515e+00 1.726383e+01 2.623611e+01 4.625273e+01  
4.298001e+00 6.923852e+00 1.686024e+01 2.559371e+01 4.508281e+01  
4.357913e+00 6.778594e+00 1.646415e+01 2.496428e+01 4.393837e+01  
4.418660e+00 6.635714e+00 1.607547e+01 2.434767e+01 4.281901e+01  
4.480254e+00 6.495186e+00 1.569413e+01 2.374371e+01 4.172437e+01  
4.542706e+00 6.356986e+00 1.532005e+01 2.315225e+01 4.065405e+01  
4.606029e+00 6.221088e+00 1.495317e+01 2.257313e+01 3.960766e+01  
4.670234e+00 6.087469e+00 1.459339e+01 2.200618e+01 3.858484e+01  
4.735335e+00 5.956102e+00 1.424064e+01 2.145124e+01 3.758518e+01  
4.801343e+00 5.826964e+00 1.389484e+01 2.090815e+01 3.660830e+01  
4.868271e+00 5.700029e+00 1.355591e+01 2.037673e+01 3.565382e+01  
4.936132e+00 5.575275e+00 1.322376e+01 1.985682e+01 3.472136e+01  
5.004939e+00 5.452676e+00 1.289833e+01 1.934825e+01 3.381052e+01  
5.074705e+00 5.332209e+00 1.257951e+01 1.885086e+01 3.292094e+01  
5.145444e+00 5.213849e+00 1.226724e+01 1.836447e+01 3.205222e+01  
5.217169e+00 5.097573e+00 1.196142e+01 1.788890e+01 3.120398e+01  
5.289893e+00 4.983358e+00 1.166197e+01 1.742400e+01 3.037586e+01  
5.363631e+00 4.871179e+00 1.136880e+01 1.696959e+01 2.956748e+01  
5.438397e+00 4.761014e+00 1.108183e+01 1.652550e+01 2.877846e+01  
5.514206e+00 4.652839e+00 1.080098e+01 1.609156e+01 2.800844e+01  
5.591071e+00 4.546627e+00 1.052615e+01 1.566760e+01 2.725705e+01  
5.669007e+00 4.442365e+00 1.025726e+01 1.525344e+01 2.652392e+01  
5.748030e+00 4.340021e+00 9.994222e+00 1.484893e+01 2.580870e+01  
5.828155e+00 4.239574e+00 9.736948e+00 1.445388e+01 2.511103e+01  
5.909396e+00 4.141001e+00 9.485350e+00 1.406813e+01 2.443055e+01  
5.991770e+00 4.044281e+00 9.239340e+00 1.369152e+01 2.376693e+01  
6.075292e+00 3.949390e+00 8.998831e+00 1.332387e+01 2.311980e+01  
6.159978e+00 3.856305e+00 8.763735e+00 1.296503e+01 2.248883e+01  
6.245845e+00 3.765004e+00 8.533964e+00 1.261482e+01 2.187367e+01  
6.332908e+00 3.675464e+00 8.309430e+00 1.227308e+01 2.127401e+01  
6.421186e+00 3.587664e+00 8.090046e+00 1.193965e+01 2.068951e+01  
6.510694e+00 3.501580e+00 7.875725e+00 1.161437e+01 2.011983e+01  
6.601449e+00 3.417190e+00 7.666380e+00 1.129708e+01 1.956467e+01  
6.693470e+00 3.334473e+00 7.461928e+00 1.098762e+01 1.902370e+01  
6.786773e+00 3.253406e+00 7.262270e+00 1.068581e+01 1.849662e+01  
6.881377e+00 3.173966e+00 7.067333e+00 1.039157e+01 1.798311e+01  
6.977300e+00 3.096133e+00 6.877028e+00 1.010467e+01 1.748287e+01  
7.074559e+00 3.019884e+00 6.691268e+00 9.824987e+00 1.699561e+01  
7.173175e+00 2.945196e+00 6.509970e+00 9.552364e+00 1.652102e+01  
7.273165e+00 2.872049e+00 6.333051e+00 9.286656e+00 1.605883e+01  
7.374549e+00 2.800421e+00 6.160426e+00 9.027717e+00 1.560875e+01  
7.477346e+00 2.730289e+00 5.992014e+00 8.775401e+00 1.517050e+01  
7.581576e+00 2.661633e+00 5.827731e+00 8.529567e+00 1.474379e+01  
7.687260e+00 2.594431e+00 5.667498e+00 8.290071e+00 1.432838e+01  
7.794416e+00 2.528660e+00 5.511234e+00 8.056778e+00 1.392398e+01  
7.903066e+00 2.464301e+00 5.358860e+00 7.829548e+00 1.353034e+01  
8.013230e+00 2.401330e+00 5.210297e+00 7.608247e+00 1.314720e+01  
8.124930e+00 2.339730e+00 5.065466e+00 7.392742e+00 1.277431e+01  
8.238187e+00 2.279476e+00 4.924291e+00 7.182902e+00 1.241142e+01  
8.353023e+00 2.220548e+00 4.786695e+00 6.978597e+00 1.205830e+01  
8.469460e+00 2.162924e+00 4.652604e+00 6.779701e+00 1.171470e+01  
8.587519e+00 2.106585e+00 4.521942e+00 6.586089e+00 1.138040e+01  
8.707225e+00 2.051510e+00 4.394636e+00 6.397638e+00 1.105516e+01  
8.828599e+00 1.997677e+00 4.270615e+00 6.214228e+00 1.073876e+01  
8.951665e+00 1.945066e+00 4.149794e+00 6.035741e+00 1.043098e+01  
9.076446e+00 1.893656e+00 4.032138e+00 5.862055e+00 1.013160e+01  
9.202967e+00 1.843428e+00 3.917544e+00 5.693061e+00 9.840426e+00  
9.331251e+00 1.794360e+00 3.805953e+00 5.528645e+00 9.557240e+00  
9.461324e+00 1.746432e+00 3.697300e+00 5.368697e+00 9.281844e+00  
9.593209e+00 1.699624e+00 3.591517e+00 5.213107e+00 9.014038e+00  
9.726934e+00 1.653918e+00 3.488538e+00 5.061765e+00 8.753632e+00  
9.862522e+00 1.609292e+00 3.388299e+00 4.914582e+00 8.500435e+00  
1.000000e+01 1.565727e+00 3.290737e+00 4.771437e+00 8.254262e+00  
