1.000000e-02 7.458393e+03 1.348654e+04 1.807544e+04 2.651448e+04  
1.013939e-02 7.496770e+03 1.355565e+04 1.816779e+04 2.664925e+04  
1.028073e-02 7.534421e+03 1.362344e+04 1.825836e+04 2.678140e+04  
1.042404e-02 7.571319e+03 1.368987e+04 1.834709e+04 2.691084e+04  
1.056935e-02 7.607436e+03 1.375487e+04 1.843390e+04 2.703745e+04  
1.071668e-02 7.642743e+03 1.381840e+04 1.851874e+04 2.716115e+04  
1.086606e-02 7.677210e+03 1.388040e+04 1.860152e+04 2.728181e+04  
1.101753e-02 7.710807e+03 1.394082e+04 1.868218e+04 2.739934e+04  
1.117111e-02 7.743505e+03 1.399961e+04 1.876064e+04 2.751363e+04  
1.132683e-02 7.775272e+03 1.405671e+04 1.883682e+04 2.762457e+04  
1.148472e-02 7.806079e+03 1.411206e+04 1.891067e+04 2.773206e+04  
1.164481e-02 7.835894e+03 1.416561e+04 1.898209e+04 2.783598e+04  
1.180713e-02 7.864689e+03 1.421731e+04 1.905102e+04 2.793622e+04  
1.197171e-02 7.892432e+03 1.426710e+04 1.911738e+04 2.803268e+04  
1.213859e-02 7.919091e+03 1.431492e+04 1.918109e+04 2.812526e+04  
1.230780e-02 7.944636e+03 1.436072e+04 1.924209e+04 2.821382e+04  
1.247936e-02 7.969036e+03 1.440444e+04 1.930030e+04 2.829828e+04  
1.265332e-02 7.992259e+03 1.444602e+04 1.935564e+04 2.837851e+04  
1.282970e-02 8.014277e+03 1.448542e+04 1.940803e+04 2.845441e+04  
1.300854e-02 8.035058e+03 1.452257e+04 1.945741e+04 2.852587e+04  
1.318987e-02 8.054570e+03 1.455742e+04 1.950370e+04 2.859279e+04  
1.337373e-02 8.072777e+03 1.458990e+04 1.954681e+04 2.865503e+04  
1.356015e-02 8.089644e+03 1.461995e+04 1.958665e+04 2.871246e+04  
1.374917e-02 8.105134e+03 1.464751e+04 1.962315e+04 2.876496e+04  
1.394083e-02 8.119214e+03 1.467251e+04 1.965620e+04 2.881241e+04  
1.413516e-02 8.131848e+03 1.469488e+04 1.968574e+04 2.885469e+04  
1.433219e-02 8.143001e+03 1.471457e+04 1.971167e+04 2.889166e+04  
1.453198e-02 8.152640e+03 1.473152e+04 1.973392e+04 2.892322e+04  
1.473454e-02 8.160733e+03 1.474566e+04 1.975240e+04 2.894924e+04  
1.493993e-02 8.167247e+03 1.475694e+04 1.976704e+04 2.896963e+04  
1.514819e-02 8.172152e+03 1.476531e+04 1.977777e+04 2.898426e+04  
1.535935e-02 8.175418e+03 1.477070e+04 1.978452e+04 2.899304e+04  
1.557345e-02 8.177017e+03 1.477308e+04 1.978721e+04 2.899586e+04  
1.579053e-02 8.176921e+03 1.477238e+04 1.978578e+04 2.899263e+04  
1.601064e-02 8.175102e+03 1.476857e+04 1.978016e+04 2.898325e+04  
1.623382e-02 8.171529e+03 1.476158e+04 1.977029e+04 2.896762e+04  
1.646012e-02 8.166172e+03 1.475135e+04 1.975608e+04 2.894562e+04  
1.668956e-02 8.159003e+03 1.473785e+04 1.973746e+04 2.891716e+04  
1.692220e-02 8.149993e+03 1.472101e+04 1.971438e+04 2.888215e+04  
1.715809e-02 8.139117e+03 1.470080e+04 1.968677e+04 2.884048e+04  
1.739726e-02 8.126349e+03 1.467716e+04 1.965457e+04 2.879208e+04  
1.763977e-02 8.111667e+03 1.465006e+04 1.961773e+04 2.873687e+04  
1.788566e-02 8.095046e+03 1.461945e+04 1.957618e+04 2.867476e+04  
1.813498e-02 8.076461e+03 1.458529e+04 1.952987e+04 2.860566e+04  
1.838777e-02 8.055892e+03 1.454754e+04 1.947875e+04 2.852951e+04  
1.864409e-02 8.033317e+03 1.450617e+04 1.942277e+04 2.844624e+04  
1.890397e-02 8.008719e+03 1.446113e+04 1.936189e+04 2.835578e+04  
1.916748e-02 7.982085e+03 1.441242e+04 1.929607e+04 2.825809e+04  
1.943467e-02 7.953400e+03 1.436000e+04 1.922530e+04 2.815312e+04  
1.970558e-02 7.922653e+03 1.430385e+04 1.914953e+04 2.804084e+04  
1.998026e-02 7.889832e+03 1.424396e+04 1.906874e+04 2.792122e+04  
2.025878e-02 7.854932e+03 1.418032e+04 1.898292e+04 2.779422e+04  
2.054117e-02 7.817947e+03 1.411290e+04 1.889207e+04 2.765984e+04  
2.082751e-02 7.778878e+03 1.404173e+04 1.879618e+04 2.751809e+04  
2.111783e-02 7.737729e+03 1.396680e+04 1.869526e+04 2.736898e+04  
2.141220e-02 7.694505e+03 1.388813e+04 1.858933e+04 2.721254e+04  
2.171068e-02 7.649211e+03 1.380573e+04 1.847840e+04 2.704878e+04  
2.201331e-02 7.601852e+03 1.371960e+04 1.836249e+04 2.687773e+04  
2.232016e-02 7.552434e+03 1.362976e+04 1.824162e+04 2.669942e+04  
2.263130e-02 7.500972e+03 1.353623e+04 1.811581e+04 2.651391e+04  
2.294676e-02 7.447482e+03 1.343906e+04 1.798513e+04 2.632124e+04  
2.326663e-02 7.391987e+03 1.333827e+04 1.784961e+04 2.612152e+04  
2.359095e-02 7.334514e+03 1.323392e+04 1.770933e+04 2.591485e+04  
2.391980e-02 7.275090e+03 1.312606e+04 1.756436e+04 2.570131e+04  
2.425323e-02 7.213743e+03 1.301473e+04 1.741477e+04 2.548103e+04  
2.459130e-02 7.150506e+03 1.290002e+04 1.726064e+04 2.525411e+04  
2.493409e-02 7.085419e+03 1.278197e+04 1.710206e+04 2.502071e+04  
2.528166e-02 7.018527e+03 1.266068e+04 1.693916e+04 2.478099e+04  
2.563407e-02 6.949882e+03 1.253624e+04 1.677205e+04 2.453513e+04  
2.599140e-02 6.879544e+03 1.240877e+04 1.660089e+04 2.428337e+04  
2.635371e-02 6.807568e+03 1.227836e+04 1.642581e+04 2.402589e+04  
2.672106e-02 6.734007e+03 1.214510e+04 1.624694e+04 2.376289e+04  
2.709354e-02 6.658916e+03 1.200911e+04 1.606441e+04 2.349457e+04  
2.747121e-02 6.582360e+03 1.187049e+04 1.587840e+04 2.322117e+04  
2.785414e-02 6.504412e+03 1.172939e+04 1.568906e+04 2.294294e+04  
2.824241e-02 6.425149e+03 1.158593e+04 1.549661e+04 2.266016e+04  
2.863610e-02 6.344660e+03 1.144029e+04 1.530124e+04 2.237316e+04  
2.903527e-02 6.263032e+03 1.129261e+04 1.510317e+04 2.208223e+04  
2.944000e-02 6.180341e+03 1.114305e+04 1.490259e+04 2.178767e+04  
2.985038e-02 6.096670e+03 1.099174e+04 1.469970e+04 2.148975e+04  
3.026648e-02 6.012109e+03 1.083885e+04 1.449471e+04 2.118882e+04  
3.068838e-02 5.926759e+03 1.068457e+04 1.428788e+04 2.088521e+04  
3.111616e-02 5.840726e+03 1.052909e+04 1.407946e+04 2.057932e+04  
3.154990e-02 5.754127e+03 1.037261e+04 1.386974e+04 2.027156e+04  
3.198969e-02 5.667080e+03 1.021535e+04 1.365899e+04 1.996234e+04  
3.243561e-02 5.579677e+03 1.005748e+04 1.344745e+04 1.965199e+04  
3.288774e-02 5.492017e+03 9.899179e+03 1.323535e+04 1.934087e+04  
3.334618e-02 5.404205e+03 9.740631e+03 1.302294e+04 1.902934e+04  
3.381101e-02 5.316353e+03 9.582041e+03 1.281050e+04 1.871781e+04  
3.428231e-02 5.228584e+03 9.423629e+03 1.259833e+04 1.840670e+04  
3.476019e-02 5.141028e+03 9.265629e+03 1.238672e+04 1.809648e+04  
3.524473e-02 5.053815e+03 9.108278e+03 1.217601e+04 1.778760e+04  
3.573602e-02 4.967056e+03 8.951772e+03 1.196645e+04 1.748045e+04  
3.623416e-02 4.880858e+03 8.796306e+03 1.175831e+04 1.717541e+04  
3.673925e-02 4.795337e+03 8.642086e+03 1.155185e+04 1.687289e+04  
3.725137e-02 4.710615e+03 8.489332e+03 1.134737e+04 1.657330e+04  
3.777064e-02 4.626821e+03 8.338276e+03 1.114519e+04 1.627712e+04  
3.829714e-02 4.544093e+03 8.189163e+03 1.094563e+04 1.598480e+04  
3.883098e-02 4.462566e+03 8.042236e+03 1.074901e+04 1.569684e+04  
3.937226e-02 4.382321e+03 7.897641e+03 1.055553e+04 1.541350e+04  
3.992109e-02 4.303419e+03 7.755486e+03 1.036532e+04 1.513500e+04  
4.047757e-02 4.225922e+03 7.615881e+03 1.017855e+04 1.486156e+04  
4.104181e-02 4.149894e+03 7.478938e+03 9.995356e+03 1.459339e+04  
4.161391e-02 4.075397e+03 7.344772e+03 9.815889e+03 1.433072e+04  
4.219398e-02 4.002498e+03 7.213497e+03 9.640305e+03 1.407376e+04  
4.278214e-02 3.931264e+03 7.085235e+03 9.468763e+03 1.382275e+04  
4.337850e-02 3.861789e+03 6.960152e+03 9.301486e+03 1.357801e+04  
4.398317e-02 3.794185e+03 6.838449e+03 9.138739e+03 1.333994e+04  
4.459628e-02 3.728569e+03 6.720330e+03 8.980796e+03 1.310893e+04  
4.521792e-02 3.665062e+03 6.606011e+03 8.827941e+03 1.288539e+04  
4.584824e-02 3.603789e+03 6.495714e+03 8.680471e+03 1.266975e+04  
4.648734e-02 3.544880e+03 6.389670e+03 8.538692e+03 1.246247e+04  
4.713535e-02 3.488455e+03 6.288089e+03 8.402880e+03 1.226394e+04  
4.779239e-02 3.434515e+03 6.190971e+03 8.273036e+03 1.207417e+04  
4.845859e-02 3.383005e+03 6.098216e+03 8.149025e+03 1.189295e+04  
4.913407e-02 3.333861e+03 6.009705e+03 8.030686e+03 1.172006e+04  
4.981898e-02 3.287006e+03 5.925298e+03 7.917832e+03 1.155521e+04  
5.051342e-02 3.242350e+03 5.844834e+03 7.810245e+03 1.139809e+04  
5.121755e-02 3.199794e+03 5.768131e+03 7.707685e+03 1.124835e+04  
5.193150e-02 3.159277e+03 5.695077e+03 7.609997e+03 1.110576e+04  
5.265540e-02 3.120771e+03 5.625623e+03 7.517117e+03 1.097022e+04  
5.338938e-02 3.084247e+03 5.559709e+03 7.428964e+03 1.084163e+04  
5.413360e-02 3.049665e+03 5.497264e+03 7.345441e+03 1.071983e+04  
5.488820e-02 3.016979e+03 5.438201e+03 7.266431e+03 1.060466e+04  
5.565331e-02 2.986126e+03 5.382408e+03 7.191783e+03 1.049590e+04  
5.642908e-02 2.956994e+03 5.329679e+03 7.121222e+03 1.039315e+04  
5.721568e-02 2.929432e+03 5.279743e+03 7.054386e+03 1.029587e+04  
5.801323e-02 2.903273e+03 5.232300e+03 6.990876e+03 1.020349e+04  
5.882190e-02 2.878331e+03 5.187020e+03 6.930249e+03 1.011537e+04  
5.964185e-02 2.854404e+03 5.143538e+03 6.872023e+03 1.003080e+04  
6.047322e-02 2.831311e+03 5.101531e+03 6.815766e+03 9.949153e+03  
6.131619e-02 2.808905e+03 5.060737e+03 6.761128e+03 9.869918e+03  
6.217090e-02 2.787028e+03 5.020874e+03 6.707736e+03 9.792554e+03  
6.303753e-02 2.765508e+03 4.981636e+03 6.655181e+03 9.716465e+03  
6.391624e-02 2.744156e+03 4.942689e+03 6.603021e+03 9.641006e+03  
6.480720e-02 2.722784e+03 4.903694e+03 6.550807e+03 9.565524e+03  
6.571058e-02 2.701201e+03 4.864319e+03 6.498096e+03 9.489373e+03  
6.662655e-02 2.679203e+03 4.824203e+03 6.444410e+03 9.411855e+03  
6.755528e-02 2.656571e+03 4.782957e+03 6.389232e+03 9.332218e+03  
6.849697e-02 2.633072e+03 4.740173e+03 6.332024e+03 9.249672e+03  
6.945178e-02 2.608512e+03 4.695511e+03 6.272335e+03 9.163558e+03  
7.041990e-02 2.582713e+03 4.648656e+03 6.209748e+03 9.073266e+03  
7.140151e-02 2.555480e+03 4.599273e+03 6.143819e+03 8.978145e+03  
7.239681e-02 2.526608e+03 4.547003e+03 6.074074e+03 8.877499e+03  
7.340598e-02 2.495930e+03 4.491554e+03 6.000128e+03 8.770761e+03  
7.442922e-02 2.463336e+03 4.432743e+03 5.921738e+03 8.657572e+03  
7.546673e-02 2.428720e+03 4.370382e+03 5.838660e+03 8.537569e+03  
7.651869e-02 2.391966e+03 4.304279e+03 5.750638e+03 8.410374e+03  
7.758532e-02 2.353006e+03 4.234318e+03 5.657521e+03 8.275759e+03  
7.866682e-02 2.311864e+03 4.160547e+03 5.559375e+03 8.133816e+03  
7.976339e-02 2.268581e+03 4.083046e+03 5.456308e+03 7.984698e+03  
8.087525e-02 2.223207e+03 4.001909e+03 5.348446e+03 7.828582e+03  
8.200261e-02 2.175839e+03 3.917313e+03 5.236027e+03 7.665813e+03  
8.314568e-02 2.126649e+03 3.829565e+03 5.119456e+03 7.496981e+03  
8.430468e-02 2.075831e+03 3.739009e+03 4.999193e+03 7.322752e+03  
8.547985e-02 2.023597e+03 3.646024e+03 4.875742e+03 7.143865e+03  
8.667139e-02 1.970200e+03 3.551056e+03 4.749694e+03 6.961182e+03  
8.787954e-02 1.915928e+03 3.454614e+03 4.621722e+03 6.775688e+03  
8.910453e-02 1.861093e+03 3.357247e+03 4.492558e+03 6.588453e+03  
9.034660e-02 1.806024e+03 3.259531e+03 4.362964e+03 6.400593e+03  
9.160598e-02 1.751037e+03 3.162024e+03 4.233678e+03 6.213188e+03  
9.288292e-02 1.696471e+03 3.065317e+03 4.105482e+03 6.027385e+03  
9.417766e-02 1.642689e+03 2.970046e+03 3.979220e+03 5.844416e+03  
9.549045e-02 1.590065e+03 2.876863e+03 3.855752e+03 5.665544e+03  
9.682153e-02 1.538905e+03 2.786303e+03 3.735785e+03 5.491801e+03  
9.817117e-02 1.489511e+03 2.698890e+03 3.620011e+03 5.324196e+03  
9.953962e-02 1.442204e+03 2.615182e+03 3.509167e+03 5.163808e+03  
1.009272e-01 1.397294e+03 2.535718e+03 3.403962e+03 5.011672e+03  
1.023340e-01 1.354974e+03 2.460830e+03 3.304833e+03 4.868423e+03  
1.037605e-01 1.315411e+03 2.390804e+03 3.212156e+03 4.734608e+03  
1.052069e-01 1.278779e+03 2.325940e+03 3.126325e+03 4.610800e+03  
1.066734e-01 1.245204e+03 2.266450e+03 3.047613e+03 4.497396e+03  
1.081604e-01 1.214698e+03 2.212350e+03 2.976041e+03 4.394428e+03  
1.096681e-01 1.187260e+03 2.163628e+03 2.911589e+03 4.301861e+03  
1.111968e-01 1.162868e+03 2.120241e+03 2.854199e+03 4.219613e+03  
1.127468e-01 1.141414e+03 2.081992e+03 2.803603e+03 4.147296e+03  
1.143184e-01 1.122723e+03 2.048567e+03 2.759387e+03 4.084308e+03  
1.159120e-01 1.106598e+03 2.019618e+03 2.721087e+03 4.029975e+03  
1.175277e-01 1.092800e+03 1.994719e+03 2.688141e+03 3.983481e+03  
1.191660e-01 1.081030e+03 1.973344e+03 2.659852e+03 3.943814e+03  
1.208271e-01 1.070956e+03 1.954911e+03 2.635451e+03 3.909857e+03  
1.225114e-01 1.062213e+03 1.938782e+03 2.614094e+03 3.880382e+03  
1.242191e-01 1.054401e+03 1.924258e+03 2.594859e+03 3.854042e+03  
1.259506e-01 1.047081e+03 1.910577e+03 2.576741e+03 3.829369e+03  
1.277063e-01 1.039797e+03 1.896949e+03 2.558697e+03 3.804834e+03  
1.294865e-01 1.032136e+03 1.882660e+03 2.539786e+03 3.779051e+03  
1.312915e-01 1.023672e+03 1.866980e+03 2.519043e+03 3.750599e+03  
1.331216e-01 1.013985e+03 1.849187e+03 2.495517e+03 3.718069e+03  
1.349772e-01 1.002776e+03 1.828770e+03 2.468535e+03 3.680457e+03  
1.368587e-01 9.897615e+02 1.805250e+03 2.437461e+03 3.636814e+03  
1.387665e-01 9.747069e+02 1.778229e+03 2.401773e+03 3.586354e+03  
1.407008e-01 9.575410e+02 1.747594e+03 2.361320e+03 3.528840e+03  
1.426621e-01 9.382215e+02 1.713280e+03 2.316018e+03 3.464137e+03  
1.446507e-01 9.167870e+02 1.675361e+03 2.265965e+03 3.392380e+03  
1.466671e-01 8.933878e+02 1.634102e+03 2.211512e+03 3.314081e+03  
1.487115e-01 8.682091e+02 1.589827e+03 2.153090e+03 3.229875e+03  
1.507845e-01 8.415579e+02 1.543069e+03 2.091400e+03 3.140801e+03  
1.528864e-01 8.138218e+02 1.494495e+03 2.027329e+03 3.048172e+03  
1.550175e-01 7.854402e+02 1.444862e+03 1.961874e+03 2.953469e+03  
1.571784e-01 7.569279e+02 1.395052e+03 1.896200e+03 2.858417e+03  
1.593694e-01 7.288381e+02 1.346012e+03 1.831558e+03 2.764866e+03  
1.615909e-01 7.016832e+02 1.298618e+03 1.769099e+03 2.674517e+03  
1.638434e-01 6.759674e+02 1.253730e+03 1.709955e+03 2.589035e+03  
1.661273e-01 6.521106e+02 1.212062e+03 1.655063e+03 2.509796e+03  
1.684430e-01 6.303828e+02 1.174070e+03 1.605019e+03 2.437672e+03  
1.707910e-01 6.110038e+02 1.140123e+03 1.560306e+03 2.373366e+03  
1.731717e-01 5.940205e+02 1.110296e+03 1.521017e+03 2.317007e+03  
1.755856e-01 5.794253e+02 1.084567e+03 1.487121e+03 2.268546e+03  
1.780332e-01 5.671121e+02 1.062749e+03 1.458367e+03 2.227615e+03  
1.805149e-01 5.569170e+02 1.044554e+03 1.434375e+03 2.193657e+03  
1.830312e-01 5.486083e+02 1.029579e+03 1.414615e+03 2.165899e+03  
1.855825e-01 5.418942e+02 1.017322e+03 1.398426e+03 2.143376e+03  
1.881694e-01 5.364081e+02 1.007154e+03 1.384980e+03 2.124878e+03  
1.907924e-01 5.317077e+02 9.983188e+02 1.373286e+03 2.108952e+03  
1.934520e-01 5.273032e+02 9.899842e+02 1.362250e+03 2.093988e+03  
1.961486e-01 5.226602e+02 9.812440e+02 1.350681e+03 2.078228e+03  
1.988828e-01 5.172948e+02 9.712815e+02 1.337505e+03 2.060082e+03  
2.016551e-01 5.107888e+02 9.593938e+02 1.321797e+03 2.038171e+03  
2.044661e-01 5.028670e+02 9.451215e+02 1.302954e+03 2.011591e+03  
2.073162e-01 4.933914e+02 9.282382e+02 1.280677e+03 1.979892e+03  
2.102061e-01 4.823657e+02 9.087570e+02 1.254985e+03 1.943093e+03  
2.131362e-01 4.699035e+02 8.868755e+02 1.226139e+03 1.901583e+03  
2.161073e-01 4.562364e+02 8.629895e+02 1.194661e+03 1.856139e+03  
2.191197e-01 4.416735e+02 8.376236e+02 1.161244e+03 1.807793e+03  
2.221741e-01 4.266016e+02 8.114319e+02 1.126749e+03 1.757829e+03  
2.252711e-01 4.114589e+02 7.851520e+02 1.092146e+03 1.707691e+03  
2.284112e-01 3.967260e+02 7.595918e+02 1.058497e+03 1.658948e+03  
2.315951e-01 3.828352e+02 7.354748e+02 1.026749e+03 1.612998e+03  
2.348235e-01 3.701517e+02 7.134108e+02 9.976975e+02 1.571010e+03  
2.380968e-01 3.589105e+02 6.937886e+02 9.718487e+02 1.533720e+03  
2.414157e-01 3.492339e+02 6.768079e+02 9.494599e+02 1.501499e+03  
2.447809e-01 3.411061e+02 6.624356e+02 9.304843e+02 1.474272e+03  
2.481930e-01 3.344082e+02 6.504668e+02 9.146508e+02 1.451636e+03  
2.516527e-01 3.289302e+02 6.405446e+02 9.014911e+02 1.432903e+03  
2.551606e-01 3.243652e+02 6.321518e+02 8.903278e+02 1.417078e+03  
2.587174e-01 3.203383e+02 6.246598e+02 8.803390e+02 1.402956e+03  
2.623238e-01 3.164348e+02 6.173764e+02 8.706196e+02 1.389206e+03  
2.659804e-01 3.122512e+02 6.096304e+02 8.602925e+02 1.374535e+03  
2.696881e-01 3.074697e+02 6.008961e+02 8.486701e+02 1.357929e+03  
2.734474e-01 3.018818e+02 5.908308e+02 8.353052e+02 1.338725e+03  
2.772591e-01 2.954077e+02 5.793064e+02 8.200316e+02 1.316680e+03  
2.811239e-01 2.880964e+02 5.664088e+02 8.029632e+02 1.291965e+03  
2.850426e-01 2.800966e+02 5.523883e+02 7.844299e+02 1.265070e+03  
2.890160e-01 2.716430e+02 5.376362e+02 7.649448e+02 1.236760e+03  
2.930447e-01 2.630536e+02 5.226801e+02 7.451983e+02 1.208055e+03  
2.971296e-01 2.546748e+02 5.080923e+02 7.259372e+02 1.180054e+03  
3.012714e-01 2.468271e+02 4.943998e+02 7.078472e+02 1.153762e+03  
3.054710e-01 2.397499e+02 4.819944e+02 6.914359e+02 1.129915e+03  
3.097291e-01 2.335571e+02 4.710595e+02 6.769388e+02 1.108852e+03  
3.140465e-01 2.282446e+02 4.615839e+02 6.643383e+02 1.090539e+03  
3.184242e-01 2.237124e+02 4.533990e+02 6.534130e+02 1.074648e+03  
3.228628e-01 2.197871e+02 4.462168e+02 6.437870e+02 1.060628e+03  
3.273634e-01 2.162360e+02 4.396530e+02 6.349606e+02 1.047751e+03  
3.319266e-01 2.127841e+02 4.332568e+02 6.263485e+02 1.035161e+03  
3.365535e-01 2.091705e+02 4.266017e+02 6.173975e+02 1.022055e+03  
3.412449e-01 2.051993e+02 4.193699e+02 6.076962e+02 1.007835e+03  
3.460016e-01 2.007898e+02 4.114323e+02 5.970789e+02 9.922628e+02  
3.508247e-01 1.959717e+02 4.028399e+02 5.856137e+02 9.754418e+02  
3.557150e-01 1.908611e+02 3.937845e+02 5.735504e+02 9.577410e+02  
3.606735e-01 1.856250e+02 3.845390e+02 5.612440e+02 9.396799e+02  
3.657011e-01 1.804584e+02 3.754199e+02 5.491044e+02 9.218546e+02  
3.707988e-01 1.755611e+02 3.667510e+02 5.375490e+02 9.048682e+02  
3.759675e-01 1.710819e+02 3.587705e+02 5.268838e+02 8.891583e+02  
3.812083e-01 1.670830e+02 3.515765e+02 5.172332e+02 8.748992e+02  
3.865221e-01 1.635342e+02 3.451175e+02 5.085286e+02 8.619869e+02  
3.919100e-01 1.603411e+02 3.392387e+02 5.005693e+02 8.501294e+02  
3.973730e-01 1.573660e+02 3.337168e+02 4.930671e+02 8.389113e+02  
4.029122e-01 1.544471e+02 3.282911e+02 4.856870e+02 8.278523e+02  
4.085286e-01 1.514395e+02 3.227297e+02 4.781314e+02 8.165278e+02  
4.142232e-01 1.482652e+02 3.169087e+02 4.702425e+02 8.047152e+02  
4.199973e-01 1.449191e+02 3.108215e+02 4.620132e+02 7.924080e+02  
4.258518e-01 1.414541e+02 3.045541e+02 4.535548e+02 7.797685e+02  
4.317880e-01 1.379597e+02 2.982501e+02 4.450518e+02 7.670620e+02  
4.378069e-01 1.345544e+02 2.920981e+02 4.367457e+02 7.546314e+02  
4.439097e-01 1.313432e+02 2.862640e+02 4.288475e+02 7.427739e+02  
4.500975e-01 1.283756e+02 2.808252e+02 4.214544e+02 7.316238e+02  
4.563716e-01 1.256435e+02 2.757669e+02 4.145464e+02 7.211495e+02  
4.627332e-01 1.231045e+02 2.710207e+02 4.080354e+02 7.112244e+02  
4.691835e-01 1.206834e+02 2.664667e+02 4.017686e+02 7.016328e+02  
4.757236e-01 1.182874e+02 2.619587e+02 3.955603e+02 6.921148e+02  
4.823549e-01 1.158524e+02 2.573962e+02 3.892835e+02 6.824951e+02  
4.890787e-01 1.133652e+02 2.527592e+02 3.829139e+02 6.727418e+02  
4.958962e-01 1.108443e+02 2.480774e+02 3.764895e+02 6.629100e+02  
5.028087e-01 1.083328e+02 2.434185e+02 3.700966e+02 6.531207e+02  
5.098176e-01 1.058914e+02 2.388772e+02 3.638542e+02 6.435384e+02  
5.169242e-01 1.035687e+02 2.345285e+02 3.578563e+02 6.342912e+02  
5.241298e-01 1.013766e+02 2.303898e+02 3.521241e+02 6.254062e+02  
5.314359e-01 9.930072e+01 2.264379e+02 3.466275e+02 6.168407e+02  
5.388438e-01 9.730844e+01 2.226217e+02 3.413023e+02 6.085057e+02  
5.463550e-01 9.535264e+01 2.188683e+02 3.360570e+02 6.002767e+02  
5.539709e-01 9.340316e+01 2.151312e+02 3.308339e+02 5.920766e+02  
5.616930e-01 9.145461e+01 2.114025e+02 3.256236e+02 5.838935e+02  
5.695227e-01 8.951602e+01 2.076963e+02 3.204438e+02 5.757525e+02  
5.774615e-01 8.761417e+01 2.040534e+02 3.153455e+02 5.677222e+02  
5.855110e-01 8.577593e+01 2.005147e+02 3.103789e+02 5.598691e+02  
5.936727e-01 8.401054e+01 1.970935e+02 3.055602e+02 5.522140e+02  
6.019482e-01 8.231543e+01 1.937855e+02 3.008836e+02 5.447480e+02  
6.103390e-01 8.067594e+01 1.905680e+02 2.963208e+02 5.374333e+02  
6.188468e-01 7.906771e+01 1.874040e+02 2.918265e+02 5.302100e+02  
6.274732e-01 7.747960e+01 1.842770e+02 2.873802e+02 5.230518e+02  
6.362198e-01 7.591094e+01 1.811857e+02 2.829807e+02 5.159579e+02  
6.450884e-01 7.437153e+01 1.781450e+02 2.786462e+02 5.089517e+02  
6.540806e-01 7.287237e+01 1.751710e+02 2.743961e+02 5.020582e+02  
6.631981e-01 7.142027e+01 1.722735e+02 2.702422e+02 4.952920e+02  
6.724427e-01 7.001106e+01 1.694460e+02 2.661764e+02 4.886423e+02  
6.818162e-01 6.863795e+01 1.666783e+02 2.621861e+02 4.820927e+02  
6.913204e-01 6.729363e+01 1.639595e+02 2.582581e+02 4.756265e+02  
7.009570e-01 6.597462e+01 1.612842e+02 2.543862e+02 4.692359e+02  
7.107280e-01 6.468280e+01 1.586553e+02 2.505734e+02 4.629248e+02  
7.206351e-01 6.342051e+01 1.560759e+02 2.468237e+02 4.566980e+02  
7.306804e-01 6.218982e+01 1.535489e+02 2.431403e+02 4.505591e+02  
7.408657e-01 6.099001e+01 1.510731e+02 2.395215e+02 4.445058e+02  
7.511929e-01 5.981888e+01 1.486450e+02 2.359634e+02 4.385332e+02  
7.616642e-01 5.867401e+01 1.462611e+02 2.324615e+02 4.326357e+02  
7.722814e-01 5.755357e+01 1.439186e+02 2.290125e+02 4.268092e+02  
7.830465e-01 5.645749e+01 1.416173e+02 2.256162e+02 4.210534e+02  
7.939618e-01 5.538592e+01 1.393573e+02 2.222725e+02 4.153680e+02  
8.050292e-01 5.433893e+01 1.371384e+02 2.189813e+02 4.097528e+02  
8.162509e-01 5.331607e+01 1.349601e+02 2.157416e+02 4.042063e+02  
8.276289e-01 5.231634e+01 1.328206e+02 2.125516e+02 3.987264e+02  
8.391656e-01 5.133865e+01 1.307183e+02 2.094092e+02 3.933105e+02  
8.508632e-01 5.038192e+01 1.286517e+02 2.063126e+02 3.879564e+02  
8.627237e-01 4.944577e+01 1.266200e+02 2.032609e+02 3.826630e+02  
8.747496e-01 4.852996e+01 1.246229e+02 2.002535e+02 3.774296e+02  
8.869432e-01 4.763421e+01 1.226598e+02 1.972899e+02 3.722553e+02  
8.993067e-01 4.675811e+01 1.207300e+02 1.943691e+02 3.671390e+02  
9.118425e-01 4.590110e+01 1.188327e+02 1.914901e+02 3.620794e+02  
9.245531e-01 4.506253e+01 1.169668e+02 1.886517e+02 3.570751e+02  
9.374409e-01 4.424171e+01 1.151314e+02 1.858527e+02 3.521248e+02  
9.505083e-01 4.343817e+01 1.133256e+02 1.830922e+02 3.472273e+02  
9.637579e-01 4.265157e+01 1.115489e+02 1.803696e+02 3.423816e+02  
9.771921e-01 4.188150e+01 1.098007e+02 1.776840e+02 3.375874e+02  
9.908137e-01 4.112751e+01 1.080803e+02 1.750347e+02 3.328432e+02  
1.004625e+00 4.038922e+01 1.063871e+02 1.724208e+02 3.281483e+02  
1.018629e+00 3.966617e+01 1.047203e+02 1.698417e+02 3.235018e+02  
1.032828e+00 3.895787e+01 1.030793e+02 1.672964e+02 3.189027e+02  
1.047225e+00 3.826392e+01 1.014634e+02 1.647843e+02 3.143504e+02  
1.061823e+00 3.758404e+01 9.987223e+01 1.623048e+02 3.098441e+02  
1.076624e+00 3.691793e+01 9.830525e+01 1.598574e+02 3.053833e+02  
1.091632e+00 3.626521e+01 9.676192e+01 1.574414e+02 3.009673e+02  
1.106848e+00 3.562557e+01 9.524174e+01 1.550562e+02 2.965953e+02  
1.122277e+00 3.499864e+01 9.374419e+01 1.527013e+02 2.922669e+02  
1.137921e+00 3.438402e+01 9.226866e+01 1.503760e+02 2.879812e+02  
1.153783e+00 3.378135e+01 9.081465e+01 1.480796e+02 2.837378e+02  
1.169866e+00 3.319038e+01 8.938177e+01 1.458118e+02 2.795362e+02  
1.186174e+00 3.261085e+01 8.796962e+01 1.435721e+02 2.753759e+02  
1.202708e+00 3.204247e+01 8.657777e+01 1.413600e+02 2.712564e+02  
1.219473e+00 3.148496e+01 8.520582e+01 1.391751e+02 2.671774e+02  
1.236472e+00 3.093807e+01 8.385339e+01 1.370170e+02 2.631383e+02  
1.253708e+00 3.040153e+01 8.252008e+01 1.348851e+02 2.591388e+02  
1.271184e+00 2.987502e+01 8.120545e+01 1.327791e+02 2.551785e+02  
1.288904e+00 2.935833e+01 7.990920e+01 1.306986e+02 2.512570e+02  
1.306870e+00 2.885122e+01 7.863097e+01 1.286432e+02 2.473740e+02  
1.325087e+00 2.835345e+01 7.737042e+01 1.266125e+02 2.435293e+02  
1.343558e+00 2.786478e+01 7.612720e+01 1.246062e+02 2.397224e+02  
1.362287e+00 2.738501e+01 7.490105e+01 1.226240e+02 2.359531e+02  
1.381276e+00 2.691394e+01 7.369165e+01 1.206655e+02 2.322211e+02  
1.400531e+00 2.645132e+01 7.249869e+01 1.187304e+02 2.285263e+02  
1.420053e+00 2.599698e+01 7.132189e+01 1.168183e+02 2.248683e+02  
1.439848e+00 2.555073e+01 7.016100e+01 1.149292e+02 2.212471e+02  
1.459919e+00 2.511235e+01 6.901572e+01 1.130625e+02 2.176622e+02  
1.480269e+00 2.468164e+01 6.788580e+01 1.112181e+02 2.141136e+02  
1.500903e+00 2.425845e+01 6.677099e+01 1.093957e+02 2.106012e+02  
1.521825e+00 2.384261e+01 6.567106e+01 1.075951e+02 2.071246e+02  
1.543038e+00 2.343391e+01 6.458576e+01 1.058159e+02 2.036838e+02  
1.564548e+00 2.303222e+01 6.351487e+01 1.040580e+02 2.002787e+02  
1.586357e+00 2.263738e+01 6.245820e+01 1.023212e+02 1.969091e+02  
1.608469e+00 2.224924e+01 6.141554e+01 1.006052e+02 1.935749e+02  
1.630891e+00 2.186765e+01 6.038668e+01 9.890990e+01 1.902760e+02  
1.653624e+00 2.149248e+01 5.937142e+01 9.723498e+01 1.870122e+02  
1.676675e+00 2.112359e+01 5.836960e+01 9.558030e+01 1.837836e+02  
1.700047e+00 2.076082e+01 5.738100e+01 9.394567e+01 1.805900e+02  
1.723745e+00 2.040404e+01 5.640546e+01 9.233089e+01 1.774313e+02  
1.747773e+00 2.005314e+01 5.544279e+01 9.073579e+01 1.743075e+02  
1.772136e+00 1.970797e+01 5.449284e+01 8.916020e+01 1.712185e+02  
1.796838e+00 1.936841e+01 5.355543e+01 8.760395e+01 1.681642e+02  
1.821885e+00 1.903435e+01 5.263040e+01 8.606687e+01 1.651446e+02  
1.847281e+00 1.870567e+01 5.171762e+01 8.454882e+01 1.621596e+02  
1.873032e+00 1.838228e+01 5.081693e+01 8.304964e+01 1.592092e+02  
1.899141e+00 1.806405e+01 4.992819e+01 8.156919e+01 1.562934e+02  
1.925614e+00 1.775089e+01 4.905126e+01 8.010731e+01 1.534120e+02  
1.952456e+00 1.744271e+01 4.818602e+01 7.866389e+01 1.505651e+02  
1.979672e+00 1.713940e+01 4.733232e+01 7.723876e+01 1.477527e+02  
2.007267e+00 1.684086e+01 4.649003e+01 7.583181e+01 1.449746e+02  
2.035248e+00 1.654701e+01 4.565904e+01 7.444289e+01 1.422308e+02  
2.063618e+00 1.625776e+01 4.483923e+01 7.307190e+01 1.395214e+02  
2.092383e+00 1.597301e+01 4.403047e+01 7.171869e+01 1.368462e+02  
2.121550e+00 1.569269e+01 4.323265e+01 7.038315e+01 1.342052e+02  
2.151123e+00 1.541672e+01 4.244565e+01 6.906516e+01 1.315984e+02  
2.181109e+00 1.514501e+01 4.166937e+01 6.776460e+01 1.290258e+02  
2.211512e+00 1.487748e+01 4.090370e+01 6.648135e+01 1.264873e+02  
2.242340e+00 1.461406e+01 4.014853e+01 6.521531e+01 1.239827e+02  
2.273597e+00 1.435470e+01 3.940377e+01 6.396636e+01 1.215122e+02  
2.305289e+00 1.409929e+01 3.866930e+01 6.273438e+01 1.190757e+02  
2.337424e+00 1.384780e+01 3.794504e+01 6.151928e+01 1.166729e+02  
2.370006e+00 1.360014e+01 3.723088e+01 6.032095e+01 1.143040e+02  
2.403043e+00 1.335626e+01 3.652673e+01 5.913927e+01 1.119688e+02  
2.436540e+00 1.311608e+01 3.583251e+01 5.797415e+01 1.096672e+02  
2.470504e+00 1.287956e+01 3.514810e+01 5.682547e+01 1.073991e+02  
2.504942e+00 1.264663e+01 3.447344e+01 5.569314e+01 1.051646e+02  
2.539859e+00 1.241723e+01 3.380842e+01 5.457706e+01 1.029633e+02  
2.575263e+00 1.219131e+01 3.315296e+01 5.347711e+01 1.007953e+02  
2.611161e+00 1.196882e+01 3.250698e+01 5.239321e+01 9.866045e+01  
2.647559e+00 1.174969e+01 3.187038e+01 5.132524e+01 9.655857e+01  
2.684465e+00 1.153389e+01 3.124309e+01 5.027311e+01 9.448956e+01  
2.721885e+00 1.132136e+01 3.062502e+01 4.923671e+01 9.245327e+01  
2.759826e+00 1.111205e+01 3.001610e+01 4.821594e+01 9.044954e+01  
2.798297e+00 1.090591e+01 2.941623e+01 4.721071e+01 8.847823e+01  
2.837304e+00 1.070290e+01 2.882534e+01 4.622091e+01 8.653916e+01  
2.876854e+00 1.050298e+01 2.824335e+01 4.524643e+01 8.463216e+01  
2.916956e+00 1.030610e+01 2.767019e+01 4.428720e+01 8.275704e+01  
2.957617e+00 1.011222e+01 2.710576e+01 4.334305e+01 8.091361e+01  
2.998844e+00 9.921290e+00 2.655001e+01 4.241393e+01 7.910167e+01  
3.040646e+00 9.733281e+00 2.600284e+01 4.149973e+01 7.732099e+01  
3.083031e+00 9.548150e+00 2.546419e+01 4.060033e+01 7.557138e+01  
3.126007e+00 9.365856e+00 2.493398e+01 3.971562e+01 7.385259e+01  
3.169582e+00 9.186362e+00 2.441213e+01 3.884551e+01 7.216439e+01  
3.213764e+00 9.009631e+00 2.389856e+01 3.798988e+01 7.050654e+01  
3.258562e+00 8.835625e+00 2.339321e+01 3.714862e+01 6.887878e+01  
3.303985e+00 8.664308e+00 2.289600e+01 3.632162e+01 6.728086e+01  
3.350041e+00 8.495650e+00 2.240685e+01 3.550876e+01 6.571231e+01  
3.396739e+00 8.329615e+00 2.192570e+01 3.470994e+01 6.417342e+01  
3.444087e+00 8.166172e+00 2.145246e+01 3.392502e+01 6.266363e+01  
3.492096e+00 8.005287e+00 2.098707e+01 3.315390e+01 6.118208e+01  
3.540774e+00 7.846929e+00 2.052945e+01 3.239646e+01 5.972920e+01  
3.590130e+00 7.691066e+00 2.004122e+01 3.165258e+01 5.830444e+01  
3.640175e+00 7.537665e+00 1.963723e+01 3.092212e+01 5.690752e+01  
3.690917e+00 7.386698e+00 1.920249e+01 3.020498e+01 5.553811e+01  
3.742366e+00 7.238135e+00 1.877523e+01 2.950101e+01 5.419591e+01  
3.794533e+00 7.091947e+00 1.835537e+01 2.881010e+01 5.288059e+01  
3.847427e+00 6.948106e+00 1.794285e+01 2.813211e+01 5.159182e+01  
3.901058e+00 6.806583e+00 1.753760e+01 2.746691e+01 5.032928e+01  
3.955436e+00 6.667352e+00 1.713953e+01 2.681437e+01 4.909264e+01  
4.010573e+00 6.530382e+00 1.674858e+01 2.617436e+01 4.788156e+01  
4.066478e+00 6.395649e+00 1.636467e+01 2.554677e+01 4.669570e+01  
4.123163e+00 6.263126e+00 1.598773e+01 2.493136e+01 4.553471e+01  
4.180637e+00 6.132785e+00 1.561769e+01 2.432809e+01 4.439826e+01  
4.238913e+00 6.004602e+00 1.525447e+01 2.373679e+01 4.328600e+01  
4.298001e+00 5.878551e+00 1.489800e+01 2.315732e+01 4.219757e+01  
4.357913e+00 5.754606e+00 1.454821e+01 2.258953e+01 4.113264e+01  
4.418660e+00 5.632743e+00 1.420501e+01 2.203328e+01 4.009084e+01  
4.480254e+00 5.512936e+00 1.386834e+01 2.148842e+01 3.907183e+01  
4.542706e+00 5.395161e+00 1.353813e+01 2.095480e+01 3.807525e+01  
4.606029e+00 5.279394e+00 1.321430e+01 2.043227e+01 3.710075e+01  
4.670234e+00 5.165612e+00 1.289676e+01 1.992069e+01 3.614798e+01  
4.735335e+00 5.053789e+00 1.258545e+01 1.941991e+01 3.521668e+01  
4.801343e+00 4.943903e+00 1.228030e+01 1.892977e+01 3.430608e+01  
4.868271e+00 4.835931e+00 1.198121e+01 1.845013e+01 3.341649e+01  
4.936132e+00 4.729848e+00 1.168813e+01 1.798082e+01 3.254710e+01  
5.004939e+00 4.625633e+00 1.140097e+01 1.752170e+01 3.169768e+01  
5.074705e+00 4.523263e+00 1.111966e+01 1.707262e+01 3.086787e+01  
5.145444e+00 4.422714e+00 1.084411e+01 1.663342e+01 3.005734e+01  
5.217169e+00 4.323965e+00 1.057426e+01 1.620395e+01 2.926573e+01  
5.289893e+00 4.226993e+00 1.031002e+01 1.578405e+01 2.849271e+01  
5.363631e+00 4.131776e+00 1.005131e+01 1.537359e+01 2.773793e+01  
5.438397e+00 4.038293e+00 9.798073e+00 1.497236e+01 2.700105e+01  
5.514206e+00 3.946521e+00 9.550213e+00 1.458027e+01 2.628174e+01  
5.591071e+00 3.856440e+00 9.307657e+00 1.419714e+01 2.557966e+01  
5.669007e+00 3.768026e+00 9.070329e+00 1.382282e+01 2.489448e+01  
5.748030e+00 3.681260e+00 8.838149e+00 1.345717e+01 2.422587e+01  
5.828155e+00 3.596119e+00 8.611041e+00 1.310001e+01 2.357352e+01  
5.909396e+00 3.512584e+00 8.388926e+00 1.275122e+01 2.293709e+01  
5.991770e+00 3.430632e+00 8.171728e+00 1.241064e+01 2.231626e+01  
6.075292e+00 3.350243e+00 7.959367e+00 1.207811e+01 2.171052e+01  
6.159978e+00 3.271397e+00 7.751767e+00 1.175350e+01 2.112034e+01  
6.245845e+00 3.194072e+00 7.548850e+00 1.143665e+01 2.054431e+01  
6.332908e+00 3.118249e+00 7.350539e+00 1.112742e+01 1.998280e+01  
6.421186e+00 3.043907e+00 7.156757e+00 1.082566e+01 1.943536e+01  
6.510694e+00 2.971026e+00 6.967424e+00 1.053123e+01 1.890169e+01  
6.601449e+00 2.899586e+00 6.782474e+00 1.024400e+01 1.838150e+01  
6.693470e+00 2.829567e+00 6.601821e+00 9.963809e+00 1.787450e+01  
6.786773e+00 2.760948e+00 6.425392e+00 9.690537e+00 1.738040e+01  
6.881377e+00 2.693712e+00 6.253112e+00 9.424017e+00 1.689892e+01  
6.977300e+00 2.627837e+00 6.084907e+00 9.164139e+00 1.642979e+01  
7.074559e+00 2.563304e+00 5.920703e+00 8.846405e+00 1.597274e+01  
7.173175e+00 2.500094e+00 5.760425e+00 8.663742e+00 1.552746e+01  
7.273165e+00 2.438188e+00 5.604001e+00 8.422956e+00 1.509375e+01  
7.374549e+00 2.377567e+00 5.451357e+00 8.188272e+00 1.467132e+01  
7.477346e+00 2.318211e+00 5.302424e+00 7.959559e+00 1.425990e+01  
7.581576e+00 2.260102e+00 5.157125e+00 7.736692e+00 1.385884e+01  
7.687260e+00 2.203222e+00 5.015393e+00 7.519544e+00 1.346913e+01  
7.794416e+00 2.147550e+00 4.877157e+00 7.307989e+00 1.308928e+01  
7.903066e+00 2.093069e+00 4.742347e+00 7.101908e+00 1.271948e+01  
8.013230e+00 2.039761e+00 4.610894e+00 6.901178e+00 1.235947e+01  
8.124930e+00 1.987607e+00 4.482731e+00 6.705682e+00 1.200905e+01  
8.238187e+00 1.936588e+00 4.357790e+00 6.515304e+00 1.166797e+01  
8.353023e+00 1.886688e+00 4.236005e+00 6.329923e+00 1.133600e+01  
8.469460e+00 1.837887e+00 4.117309e+00 6.149431e+00 1.101293e+01  
8.587519e+00 1.790168e+00 4.001639e+00 5.973715e+00 1.069859e+01  
8.707225e+00 1.743514e+00 3.888930e+00 5.802665e+00 1.039270e+01  
8.828599e+00 1.697906e+00 3.779119e+00 5.636174e+00 1.009509e+01  
8.951665e+00 1.653328e+00 3.672143e+00 5.474134e+00 9.805547e+00  
9.076446e+00 1.609761e+00 3.567938e+00 5.316440e+00 9.524996e+00  
9.202967e+00 1.567189e+00 3.466447e+00 5.162991e+00 9.249888e+00  
9.331251e+00 1.525595e+00 3.367607e+00 5.013684e+00 8.983385e+00  
9.461324e+00 1.484961e+00 3.271360e+00 4.868427e+00 8.724183e+00  
9.593209e+00 1.445271e+00 3.177649e+00 4.727105e+00 8.472099e+00  
9.726934e+00 1.406508e+00 3.086415e+00 4.589675e+00 8.226954e+00  
9.862522e+00 1.368655e+00 2.997603e+00 4.455939e+00 7.988571e+00  
1.000000e+01 1.331697e+00 2.911157e+00 4.325924e+00 7.756779e+00  
