1.000000e-02 3.243870e+03 5.918515e+03 8.001383e+03 1.191796e+04  
1.013939e-02 3.263856e+03 5.954853e+03 8.050389e+03 1.199067e+04  
1.028073e-02 3.283641e+03 5.990821e+03 8.098892e+03 1.206262e+04  
1.042404e-02 3.303215e+03 6.026402e+03 8.146869e+03 1.213379e+04  
1.056935e-02 3.322570e+03 6.061578e+03 8.194294e+03 1.220412e+04  
1.071668e-02 3.341694e+03 6.096330e+03 8.241144e+03 1.227360e+04  
1.086606e-02 3.360578e+03 6.130641e+03 8.287395e+03 1.234217e+04  
1.101753e-02 3.379211e+03 6.164492e+03 8.333020e+03 1.240981e+04  
1.117111e-02 3.397585e+03 6.197865e+03 8.377997e+03 1.247647e+04  
1.132683e-02 3.415688e+03 6.230742e+03 8.422299e+03 1.254212e+04  
1.148472e-02 3.433512e+03 6.263105e+03 8.465904e+03 1.260673e+04  
1.164481e-02 3.451047e+03 6.294937e+03 8.508788e+03 1.267025e+04  
1.180713e-02 3.468283e+03 6.326221e+03 8.550928e+03 1.273267e+04  
1.197171e-02 3.485211e+03 6.356940e+03 8.592302e+03 1.279393e+04  
1.213859e-02 3.501823e+03 6.387078e+03 8.632886e+03 1.285402e+04  
1.230780e-02 3.518109e+03 6.416618e+03 8.672660e+03 1.291289e+04  
1.247936e-02 3.534061e+03 6.445545e+03 8.711601e+03 1.297051e+04  
1.265332e-02 3.549667e+03 6.473838e+03 8.749683e+03 1.302685e+04  
1.282970e-02 3.564917e+03 6.501478e+03 8.786878e+03 1.308186e+04  
1.300854e-02 3.579799e+03 6.528443e+03 8.823157e+03 1.313551e+04  
1.318987e-02 3.594302e+03 6.554712e+03 8.858494e+03 1.318774e+04  
1.337373e-02 3.608415e+03 6.580265e+03 8.892860e+03 1.323852e+04  
1.356015e-02 3.622125e+03 6.605083e+03 8.926228e+03 1.328781e+04  
1.374917e-02 3.635424e+03 6.629144e+03 8.958571e+03 1.333557e+04  
1.394083e-02 3.648298e+03 6.652429e+03 8.989862e+03 1.338176e+04  
1.413516e-02 3.660739e+03 6.674919e+03 9.020076e+03 1.342634e+04  
1.433219e-02 3.672735e+03 6.696595e+03 9.049185e+03 1.346927e+04  
1.453198e-02 3.684277e+03 6.717437e+03 9.077165e+03 1.351052e+04  
1.473454e-02 3.695353e+03 6.737428e+03 9.103993e+03 1.355004e+04  
1.493993e-02 3.705955e+03 6.756551e+03 9.129643e+03 1.358781e+04  
1.514819e-02 3.716074e+03 6.774789e+03 9.154095e+03 1.362379e+04  
1.535935e-02 3.725700e+03 6.792123e+03 9.177323e+03 1.365794e+04  
1.557345e-02 3.734822e+03 6.808535e+03 9.199302e+03 1.369023e+04  
1.579053e-02 3.743429e+03 6.824006e+03 9.220006e+03 1.372062e+04  
1.601064e-02 3.751511e+03 6.838516e+03 9.239409e+03 1.374906e+04  
1.623382e-02 3.759060e+03 6.852049e+03 9.257489e+03 1.377554e+04  
1.646012e-02 3.766065e+03 6.864587e+03 9.274222e+03 1.380001e+04  
1.668956e-02 3.772517e+03 6.876114e+03 9.289587e+03 1.382244e+04  
1.692220e-02 3.778408e+03 6.886616e+03 9.303564e+03 1.384280e+04  
1.715809e-02 3.783729e+03 6.896074e+03 9.316128e+03 1.386105e+04  
1.739726e-02 3.788471e+03 6.904473e+03 9.327259e+03 1.387717e+04  
1.763977e-02 3.792625e+03 6.911798e+03 9.336935e+03 1.389113e+04  
1.788566e-02 3.796184e+03 6.918034e+03 9.345139e+03 1.390289e+04  
1.813498e-02 3.799141e+03 6.923169e+03 9.351854e+03 1.391244e+04  
1.838777e-02 3.801489e+03 6.927193e+03 9.357064e+03 1.391974e+04  
1.864409e-02 3.803223e+03 6.930093e+03 9.360755e+03 1.392478e+04  
1.890397e-02 3.804335e+03 6.931856e+03 9.362908e+03 1.392754e+04  
1.916748e-02 3.804817e+03 6.932469e+03 9.363505e+03 1.392798e+04  
1.943467e-02 3.804663e+03 6.931920e+03 9.362530e+03 1.392608e+04  
1.970558e-02 3.803867e+03 6.930198e+03 9.359970e+03 1.392183e+04  
1.998026e-02 3.802424e+03 6.927295e+03 9.355812e+03 1.391519e+04  
2.025878e-02 3.800330e+03 6.923202e+03 9.350046e+03 1.390617e+04  
2.054117e-02 3.797582e+03 6.917916e+03 9.342666e+03 1.389475e+04  
2.082751e-02 3.794176e+03 6.911428e+03 9.333662e+03 1.388091e+04  
2.111783e-02 3.790108e+03 6.903733e+03 9.323027e+03 1.386465e+04  
2.141220e-02 3.785378e+03 6.894828e+03 9.310756e+03 1.384596e+04  
2.171068e-02 3.779983e+03 6.884710e+03 9.296847e+03 1.382484e+04  
2.201331e-02 3.773925e+03 6.873381e+03 9.281301e+03 1.380128e+04  
2.232016e-02 3.767204e+03 6.860844e+03 9.264122e+03 1.377531e+04  
2.263130e-02 3.759823e+03 6.847104e+03 9.245319e+03 1.374691e+04  
2.294676e-02 3.751784e+03 6.832163e+03 9.224893e+03 1.371611e+04  
2.326663e-02 3.743087e+03 6.816020e+03 9.202844e+03 1.368291e+04  
2.359095e-02 3.733731e+03 6.798678e+03 9.179176e+03 1.364729e+04  
2.391980e-02 3.723720e+03 6.780141e+03 9.153894e+03 1.360929e+04  
2.425323e-02 3.713058e+03 6.760417e+03 9.127009e+03 1.356890e+04  
2.459130e-02 3.701750e+03 6.739516e+03 9.098535e+03 1.352616e+04  
2.493409e-02 3.689803e+03 6.717450e+03 9.068490e+03 1.348109e+04  
2.528166e-02 3.677223e+03 6.694233e+03 9.036890e+03 1.343372e+04  
2.563407e-02 3.664018e+03 6.669875e+03 9.003750e+03 1.338406e+04  
2.599140e-02 3.650193e+03 6.644391e+03 8.969090e+03 1.333216e+04  
2.635371e-02 3.635759e+03 6.617797e+03 8.932934e+03 1.327803e+04  
2.672106e-02 3.620728e+03 6.590114e+03 8.895309e+03 1.322173e+04  
2.709354e-02 3.605111e+03 6.561367e+03 8.856248e+03 1.316330e+04  
2.747121e-02 3.588925e+03 6.531584e+03 8.815790e+03 1.310281e+04  
2.785414e-02 3.572183e+03 6.500791e+03 8.773971e+03 1.304030e+04  
2.824241e-02 3.554898e+03 6.469008e+03 8.730818e+03 1.297582e+04  
2.863610e-02 3.537080e+03 6.436259e+03 8.686361e+03 1.290942e+04  
2.903527e-02 3.518745e+03 6.402568e+03 8.640637e+03 1.284114e+04  
2.944000e-02 3.499909e+03 6.367967e+03 8.593686e+03 1.277104e+04  
2.985038e-02 3.480590e+03 6.332489e+03 8.545553e+03 1.269921e+04  
3.026648e-02 3.460809e+03 6.296172e+03 8.496291e+03 1.262570e+04  
3.068838e-02 3.440586e+03 6.259054e+03 8.445951e+03 1.255061e+04  
3.111616e-02 3.419936e+03 6.221161e+03 8.394568e+03 1.247398e+04  
3.154990e-02 3.398875e+03 6.182523e+03 8.342183e+03 1.239587e+04  
3.198969e-02 3.377421e+03 6.143171e+03 8.288838e+03 1.231635e+04  
3.243561e-02 3.355592e+03 6.103142e+03 8.234581e+03 1.223549e+04  
3.288774e-02 3.333411e+03 6.062473e+03 8.179467e+03 1.215337e+04  
3.334618e-02 3.310901e+03 6.021210e+03 8.123554e+03 1.207008e+04  
3.381101e-02 3.288086e+03 5.979397e+03 8.066904e+03 1.198570e+04  
3.428231e-02 3.264990e+03 5.937075e+03 8.009570e+03 1.190033e+04  
3.476019e-02 3.241633e+03 5.894283e+03 7.951607e+03 1.181404e+04  
3.524473e-02 3.218040e+03 5.851066e+03 7.893076e+03 1.172692e+04  
3.573602e-02 3.194238e+03 5.807471e+03 7.834040e+03 1.163907e+04  
3.623416e-02 3.170254e+03 5.763552e+03 7.774572e+03 1.155059e+04  
3.673925e-02 3.146121e+03 5.719365e+03 7.714748e+03 1.146161e+04  
3.725137e-02 3.121868e+03 5.674965e+03 7.654643e+03 1.137222e+04  
3.777064e-02 3.097506e+03 5.630372e+03 7.594282e+03 1.128248e+04  
3.829714e-02 3.073033e+03 5.585581e+03 7.533662e+03 1.119237e+04  
3.883098e-02 3.048448e+03 5.540591e+03 7.472778e+03 1.110189e+04  
3.937226e-02 3.023747e+03 5.495398e+03 7.411628e+03 1.101104e+04  
3.992109e-02 2.998930e+03 5.449999e+03 7.350205e+03 1.091980e+04  
4.047757e-02 2.973994e+03 5.404388e+03 7.288504e+03 1.082817e+04  
4.104181e-02 2.948936e+03 5.358564e+03 7.226523e+03 1.073614e+04  
4.161391e-02 2.923780e+03 5.312567e+03 7.164315e+03 1.064380e+04  
4.219398e-02 2.898569e+03 5.266475e+03 7.101987e+03 1.055131e+04  
4.278214e-02 2.873348e+03 5.220373e+03 7.039654e+03 1.045883e+04  
4.337850e-02 2.848168e+03 5.174352e+03 6.977438e+03 1.036655e+04  
4.398317e-02 2.823083e+03 5.128510e+03 6.915472e+03 1.027467e+04  
4.459628e-02 2.798152e+03 5.082953e+03 6.853900e+03 1.018341e+04  
4.521792e-02 2.773435e+03 5.037792e+03 6.792870e+03 1.009298e+04  
4.584824e-02 2.748955e+03 4.993069e+03 6.732441e+03 1.000348e+04  
4.648734e-02 2.724685e+03 4.948733e+03 6.672544e+03 9.914803e+03  
4.713535e-02 2.700590e+03 4.904722e+03 6.613096e+03 9.826825e+03  
4.779239e-02 2.676632e+03 4.860967e+03 6.554003e+03 9.739408e+03  
4.845859e-02 2.652769e+03 4.817391e+03 6.495162e+03 9.652399e+03  
4.913407e-02 2.628954e+03 4.773912e+03 6.436461e+03 9.565630e+03  
4.981898e-02 2.605137e+03 4.730436e+03 6.377776e+03 9.478916e+03  
5.051342e-02 2.581277e+03 4.686890e+03 6.319007e+03 9.392107e+03  
5.121755e-02 2.557358e+03 4.643246e+03 6.260116e+03 9.305148e+03  
5.193150e-02 2.533366e+03 4.599479e+03 6.201069e+03 9.217987e+03  
5.265540e-02 2.509286e+03 4.555561e+03 6.141830e+03 9.130569e+03  
5.338938e-02 2.485100e+03 4.511461e+03 6.082357e+03 9.042833e+03  
5.413360e-02 2.460791e+03 4.467147e+03 6.022605e+03 8.954712e+03  
5.488820e-02 2.436338e+03 4.422582e+03 5.962528e+03 8.866132e+03  
5.565331e-02 2.411731e+03 4.377751e+03 5.902101e+03 8.777059e+03  
5.642908e-02 2.386979e+03 4.332665e+03 5.841343e+03 8.687521e+03  
5.721568e-02 2.362090e+03 4.287343e+03 5.780277e+03 8.597551e+03  
5.801323e-02 2.337075e+03 4.241804e+03 5.718930e+03 8.507187e+03  
5.882190e-02 2.311945e+03 4.196066e+03 5.657328e+03 8.416469e+03  
5.964185e-02 2.286711e+03 4.150152e+03 5.595499e+03 8.325439e+03  
6.047322e-02 2.261377e+03 4.104071e+03 5.533456e+03 8.234115e+03  
6.131619e-02 2.235924e+03 4.057785e+03 5.471148e+03 8.142420e+03  
6.217090e-02 2.210323e+03 4.011244e+03 5.408509e+03 8.050252e+03  
6.303753e-02 2.184545e+03 3.964394e+03 5.345464e+03 7.957498e+03  
6.391624e-02 2.158556e+03 3.917177e+03 5.281935e+03 7.864038e+03  
6.480720e-02 2.132321e+03 3.869529e+03 5.217835e+03 7.769739e+03  
6.571058e-02 2.105816e+03 3.821405e+03 5.153103e+03 7.674507e+03  
6.662655e-02 2.079038e+03 3.772801e+03 5.087732e+03 7.578328e+03  
6.755528e-02 2.051984e+03 3.723714e+03 5.021721e+03 7.481199e+03  
6.849697e-02 2.024656e+03 3.674144e+03 4.955067e+03 7.383112e+03  
6.945178e-02 1.997051e+03 3.624090e+03 4.887769e+03 7.284062e+03  
7.041990e-02 1.969174e+03 3.573559e+03 4.819837e+03 7.184061e+03  
7.140151e-02 1.941051e+03 3.522598e+03 4.751331e+03 7.083199e+03  
7.239681e-02 1.912714e+03 3.471267e+03 4.682335e+03 6.981596e+03  
7.340598e-02 1.884201e+03 3.419633e+03 4.612939e+03 6.879387e+03  
7.442922e-02 1.855551e+03 3.367768e+03 4.543238e+03 6.776715e+03  
7.546673e-02 1.826809e+03 3.315755e+03 4.473345e+03 6.673746e+03  
7.651869e-02 1.798037e+03 3.263702e+03 4.403407e+03 6.570700e+03  
7.758532e-02 1.769302e+03 3.211733e+03 4.333590e+03 6.467829e+03  
7.866682e-02 1.740678e+03 3.159981e+03 4.264073e+03 6.365404e+03  
7.976339e-02 1.712245e+03 3.108588e+03 4.195051e+03 6.263716e+03  
8.087525e-02 1.684071e+03 3.057680e+03 4.126693e+03 6.163024e+03  
8.200261e-02 1.656204e+03 3.007343e+03 4.059115e+03 6.063503e+03  
8.314568e-02 1.628693e+03 2.957664e+03 3.992435e+03 5.965333e+03  
8.430468e-02 1.601589e+03 2.908734e+03 3.926776e+03 5.868703e+03  
8.547985e-02 1.574939e+03 2.860639e+03 3.862256e+03 5.773790e+03  
8.667139e-02 1.548763e+03 2.813413e+03 3.798920e+03 5.680666e+03  
8.787954e-02 1.523068e+03 2.767071e+03 3.736788e+03 5.589361e+03  
8.910453e-02 1.497863e+03 2.721627e+03 3.675878e+03 5.499906e+03  
9.034660e-02 1.473154e+03 2.677091e+03 3.616206e+03 5.412325e+03  
9.160598e-02 1.448944e+03 2.633468e+03 3.557779e+03 5.326630e+03  
9.288292e-02 1.425232e+03 2.590759e+03 3.500596e+03 5.242822e+03  
9.417766e-02 1.402019e+03 2.548961e+03 3.444655e+03 5.160897e+03  
9.549045e-02 1.379302e+03 2.508070e+03 3.389949e+03 5.080849e+03  
9.682153e-02 1.357081e+03 2.468087e+03 3.336481e+03 5.002682e+03  
9.817117e-02 1.335359e+03 2.429014e+03 3.284254e+03 4.926401e+03  
9.953962e-02 1.314134e+03 2.390849e+03 3.233265e+03 4.852008e+03  
1.009272e-01 1.293399e+03 2.353579e+03 3.183496e+03 4.779473e+03  
1.023340e-01 1.273129e+03 2.317157e+03 3.134883e+03 4.708702e+03  
1.037605e-01 1.253291e+03 2.281526e+03 3.087350e+03 4.639576e+03  
1.052069e-01 1.233850e+03 2.246619e+03 3.040805e+03 4.571958e+03  
1.066734e-01 1.214748e+03 2.212334e+03 2.995108e+03 4.505632e+03  
1.081604e-01 1.195911e+03 2.178535e+03 2.950077e+03 4.440315e+03  
1.096681e-01 1.177256e+03 2.145076e+03 2.905510e+03 4.375693e+03  
1.111968e-01 1.158695e+03 2.111797e+03 2.861189e+03 4.311429e+03  
1.127468e-01 1.140156e+03 2.078566e+03 2.816936e+03 4.247242e+03  
1.143184e-01 1.121584e+03 2.045286e+03 2.772613e+03 4.182915e+03  
1.159120e-01 1.102918e+03 2.011848e+03 2.728075e+03 4.118217e+03  
1.175277e-01 1.084099e+03 1.978143e+03 2.683170e+03 4.052906e+03  
1.191660e-01 1.065109e+03 1.944139e+03 2.637853e+03 3.986908e+03  
1.208271e-01 1.045968e+03 1.909876e+03 2.592177e+03 3.920296e+03  
1.225114e-01 1.026702e+03 1.875396e+03 2.546198e+03 3.853156e+03  
1.242191e-01 1.007340e+03 1.840752e+03 2.499988e+03 3.785594e+03  
1.259506e-01 9.879335e+02 1.806037e+03 2.453672e+03 3.717801e+03  
1.277063e-01 9.685460e+02 1.771365e+03 2.407404e+03 3.650015e+03  
1.294865e-01 9.492459e+02 1.736857e+03 2.361352e+03 3.582494e+03  
1.312915e-01 9.300981e+02 1.702632e+03 2.315673e+03 3.515485e+03  
1.331216e-01 9.111592e+02 1.668789e+03 2.270505e+03 3.449203e+03  
1.349772e-01 8.924884e+02 1.635435e+03 2.225993e+03 3.383876e+03  
1.368587e-01 8.741443e+02 1.602675e+03 2.182281e+03 3.319728e+03  
1.387665e-01 8.561663e+02 1.570578e+03 2.139464e+03 3.256911e+03  
1.407008e-01 8.385897e+02 1.539209e+03 2.097628e+03 3.195563e+03  
1.426621e-01 8.214494e+02 1.508628e+03 2.056859e+03 3.135819e+03  
1.446507e-01 8.047620e+02 1.478866e+03 2.017197e+03 3.077745e+03  
1.466671e-01 7.885339e+02 1.449933e+03 1.978657e+03 3.021368e+03  
1.487115e-01 7.727703e+02 1.421839e+03 1.941252e+03 2.966709e+03  
1.507845e-01 7.574710e+02 1.394581e+03 1.904980e+03 2.913771e+03  
1.528864e-01 7.426317e+02 1.368153e+03 1.869832e+03 2.862537e+03  
1.550175e-01 7.282452e+02 1.342540e+03 1.835788e+03 2.812983e+03  
1.571784e-01 7.142894e+02 1.317704e+03 1.802795e+03 2.765024e+03  
1.593694e-01 7.007311e+02 1.293583e+03 1.770770e+03 2.718531e+03  
1.615909e-01 6.875296e+02 1.270104e+03 1.739613e+03 2.673348e+03  
1.638434e-01 6.746178e+02 1.247147e+03 1.709157e+03 2.629209e+03  
1.661273e-01 6.619131e+02 1.224563e+03 1.679199e+03 2.585790e+03  
1.684430e-01 6.493370e+02 1.202211e+03 1.649543e+03 2.542777e+03  
1.707910e-01 6.368349e+02 1.179992e+03 1.620055e+03 2.499953e+03  
1.731717e-01 6.243542e+02 1.157813e+03 1.590603e+03 2.457104e+03  
1.755856e-01 6.118782e+02 1.135643e+03 1.561144e+03 2.414161e+03  
1.780332e-01 5.994299e+02 1.113523e+03 1.531735e+03 2.371210e+03  
1.805149e-01 5.870366e+02 1.091502e+03 1.502442e+03 2.328357e+03  
1.830312e-01 5.747285e+02 1.069634e+03 1.473339e+03 2.285720e+03  
1.855825e-01 5.625384e+02 1.047976e+03 1.444507e+03 2.243427e+03  
1.881694e-01 5.504895e+02 1.026572e+03 1.416002e+03 2.201570e+03  
1.907924e-01 5.385952e+02 1.005444e+03 1.387857e+03 2.160202e+03  
1.934520e-01 5.268745e+02 9.846260e+02 1.360119e+03 2.119399e+03  
1.961486e-01 5.153646e+02 9.641848e+02 1.332880e+03 2.079310e+03  
1.988828e-01 5.041072e+02 9.441950e+02 1.306242e+03 2.040103e+03  
2.016551e-01 4.931436e+02 9.247299e+02 1.280308e+03 2.001946e+03  
2.044661e-01 4.825139e+02 9.058615e+02 1.255178e+03 1.965002e+03  
2.073162e-01 4.722292e+02 8.876090e+02 1.230879e+03 1.929318e+03  
2.102061e-01 4.622746e+02 8.699458e+02 1.207374e+03 1.894837e+03  
2.131362e-01 4.526169e+02 8.528120e+02 1.184581e+03 1.861427e+03  
2.161073e-01 4.432007e+02 8.361080e+02 1.162362e+03 1.828866e+03  
2.191197e-01 4.339820e+02 8.197551e+02 1.140608e+03 1.796978e+03  
2.221741e-01 4.249407e+02 8.037169e+02 1.119269e+03 1.765682e+03  
2.252711e-01 4.160601e+02 7.879635e+02 1.098304e+03 1.734911e+03  
2.284112e-01 4.073272e+02 7.724713e+02 1.077679e+03 1.704613e+03  
2.315951e-01 3.987281e+02 7.572154e+02 1.057362e+03 1.674731e+03  
2.348235e-01 3.902480e+02 7.421691e+02 1.037313e+03 1.645207e+03  
2.380968e-01 3.818750e+02 7.273111e+02 1.017505e+03 1.615992e+03  
2.414157e-01 3.736036e+02 7.126314e+02 9.979222e+02 1.587064e+03  
2.447809e-01 3.654436e+02 6.981475e+02 9.785905e+02 1.558464e+03  
2.481930e-01 3.574208e+02 6.839054e+02 9.595732e+02 1.530298e+03  
2.516527e-01 3.495551e+02 6.699407e+02 9.409204e+02 1.502650e+03  
2.551606e-01 3.418618e+02 6.562805e+02 9.226700e+02 1.475583e+03  
2.587174e-01 3.343505e+02 6.429420e+02 9.048461e+02 1.449139e+03  
2.623238e-01 3.270272e+02 6.299358e+02 8.874640e+02 1.423344e+03  
2.659804e-01 3.198934e+02 6.172643e+02 8.705272e+02 1.398205e+03  
2.696881e-01 3.129459e+02 6.049217e+02 8.540281e+02 1.373713e+03  
2.734474e-01 3.061766e+02 5.928933e+02 8.379466e+02 1.349834e+03  
2.772591e-01 2.995721e+02 5.811554e+02 8.222499e+02 1.326517e+03  
2.811239e-01 2.931160e+02 5.696782e+02 8.068969e+02 1.303694e+03  
2.850426e-01 2.867898e+02 5.584290e+02 7.918421e+02 1.281293e+03  
2.890160e-01 2.805827e+02 5.473882e+02 7.770586e+02 1.259271e+03  
2.930447e-01 2.744909e+02 5.365489e+02 7.625372e+02 1.237613e+03  
2.971296e-01 2.685102e+02 5.259039e+02 7.482680e+02 1.216304e+03  
3.012714e-01 2.626420e+02 5.154555e+02 7.342545e+02 1.195352e+03  
3.054710e-01 2.568935e+02 5.052164e+02 7.205147e+02 1.174787e+03  
3.097291e-01 2.512700e+02 4.951961e+02 7.070621e+02 1.154634e+03  
3.140465e-01 2.457718e+02 4.853951e+02 6.938979e+02 1.134895e+03  
3.184242e-01 2.403971e+02 4.758101e+02 6.810178e+02 1.115565e+03  
3.228628e-01 2.351493e+02 4.664471e+02 6.684303e+02 1.096659e+03  
3.273634e-01 2.300288e+02 4.573069e+02 6.561369e+02 1.078181e+03  
3.319266e-01 2.250332e+02 4.483848e+02 6.441315e+02 1.060122e+03  
3.365535e-01 2.201576e+02 4.396724e+02 6.324024e+02 1.042465e+03  
3.412449e-01 2.153911e+02 4.311502e+02 6.209229e+02 1.025166e+03  
3.460016e-01 2.107264e+02 4.228050e+02 6.096750e+02 1.008196e+03  
3.508247e-01 2.061622e+02 4.146349e+02 5.986560e+02 9.915536e+02  
3.557150e-01 2.016997e+02 4.066414e+02 5.878687e+02 9.752431e+02  
3.606735e-01 1.973353e+02 3.988186e+02 5.773049e+02 9.592528e+02  
3.657011e-01 1.930665e+02 3.911617e+02 5.669581e+02 9.435731e+02  
3.707988e-01 1.888917e+02 3.836682e+02 5.568254e+02 9.282001e+02  
3.759675e-01 1.848134e+02 3.763422e+02 5.469126e+02 9.131450e+02  
3.812083e-01 1.808353e+02 3.691903e+02 5.372294e+02 8.984242e+02  
3.865221e-01 1.769526e+02 3.622041e+02 5.277640e+02 8.840198e+02  
3.919100e-01 1.731590e+02 3.553722e+02 5.185008e+02 8.699071e+02  
3.973730e-01 1.694503e+02 3.486874e+02 5.094304e+02 8.560715e+02  
4.029122e-01 1.658294e+02 3.421544e+02 5.005594e+02 8.425249e+02  
4.085286e-01 1.622955e+02 3.357722e+02 4.918865e+02 8.292661e+02  
4.142232e-01 1.588419e+02 3.295288e+02 4.833956e+02 8.162695e+02  
4.199973e-01 1.554645e+02 3.234168e+02 4.750763e+02 8.035193e+02  
4.258518e-01 1.521646e+02 3.174387e+02 4.669324e+02 7.910225e+02  
4.317880e-01 1.489451e+02 3.115994e+02 4.589710e+02 7.787916e+02  
4.378069e-01 1.458028e+02 3.058934e+02 4.511848e+02 7.668151e+02  
4.439097e-01 1.427317e+02 3.003100e+02 4.435588e+02 7.550697e+02  
4.500975e-01 1.397326e+02 2.948505e+02 4.360953e+02 7.435600e+02  
4.563716e-01 1.368069e+02 2.895174e+02 4.287979e+02 7.322923e+02  
4.627332e-01 1.339504e+02 2.843035e+02 4.216568e+02 7.212513e+02  
4.691835e-01 1.311584e+02 2.792003e+02 4.146603e+02 7.104191e+02  
4.757236e-01 1.284310e+02 2.742081e+02 4.078091e+02 6.997973e+02  
4.823549e-01 1.257705e+02 2.693309e+02 4.011089e+02 6.893955e+02  
4.890787e-01 1.231727e+02 2.645612e+02 3.945495e+02 6.791982e+02  
4.958962e-01 1.206335e+02 2.598918e+02 3.881211e+02 6.691899e+02  
5.028087e-01 1.181548e+02 2.553260e+02 3.818286e+02 6.593791e+02  
5.098176e-01 1.157368e+02 2.508644e+02 3.756725e+02 6.497673e+02  
5.169242e-01 1.133746e+02 2.464980e+02 3.696410e+02 6.403358e+02  
5.241298e-01 1.110660e+02 2.422232e+02 3.637290e+02 6.310772e+02  
5.314359e-01 1.088138e+02 2.380448e+02 3.579434e+02 6.220027e+02  
5.388438e-01 1.066151e+02 2.339576e+02 3.522771e+02 6.131013e+02  
5.463550e-01 1.044654e+02 2.299540e+02 3.467198e+02 6.043573e+02  
5.539709e-01 1.023672e+02 2.260382e+02 3.412774e+02 5.957804e+02  
5.616930e-01 1.003196e+02 2.222086e+02 3.359476e+02 5.873671e+02  
5.695227e-01 9.831823e+01 2.184576e+02 3.307204e+02 5.791022e+02  
5.774615e-01 9.636338e+01 2.147857e+02 3.255964e+02 5.709868e+02  
5.855110e-01 9.445648e+01 2.111953e+02 3.205790e+02 5.630263e+02  
5.936727e-01 9.259204e+01 2.076769e+02 3.156554e+02 5.552013e+02  
6.019482e-01 9.077147e+01 2.042329e+02 3.108289e+02 5.475168e+02  
6.103390e-01 8.899428e+01 2.008625e+02 3.060983e+02 5.399715e+02  
6.188468e-01 8.725751e+01 1.975604e+02 3.014569e+02 5.325548e+02  
6.274732e-01 8.556073e+01 1.943261e+02 2.969036e+02 5.252656e+02  
6.362198e-01 8.390480e+01 1.911608e+02 2.924404e+02 5.181066e+02  
6.450884e-01 8.228600e+01 1.880582e+02 2.880587e+02 5.110652e+02  
6.540806e-01 8.070485e+01 1.850192e+02 2.837598e+02 5.041432e+02  
6.631981e-01 7.916100e+01 1.820431e+02 2.795427e+02 4.973392e+02  
6.724427e-01 7.765116e+01 1.791243e+02 2.754001e+02 4.906423e+02  
6.818162e-01 7.617645e+01 1.762647e+02 2.713344e+02 4.840561e+02  
6.913204e-01 7.473612e+01 1.734629e+02 2.673438e+02 4.775780e+02  
7.009570e-01 7.332898e+01 1.707168e+02 2.634257e+02 4.712038e+02  
7.107280e-01 7.195371e+01 1.680243e+02 2.595770e+02 4.649293e+02  
7.206351e-01 7.060943e+01 1.653839e+02 2.557958e+02 4.587514e+02  
7.306804e-01 6.929544e+01 1.627942e+02 2.520805e+02 4.526677e+02  
7.408657e-01 6.801092e+01 1.602539e+02 2.484293e+02 4.466756e+02  
7.511929e-01 6.675504e+01 1.577617e+02 2.448402e+02 4.407721e+02  
7.616642e-01 6.552717e+01 1.553163e+02 2.413118e+02 4.349553e+02  
7.722814e-01 6.432666e+01 1.529167e+02 2.378427e+02 4.292228e+02  
7.830465e-01 6.315272e+01 1.505615e+02 2.344310e+02 4.235719e+02  
7.939618e-01 6.200466e+01 1.482495e+02 2.310753e+02 4.180006e+02  
8.050292e-01 6.088190e+01 1.459798e+02 2.277742e+02 4.125066e+02  
8.162509e-01 5.978375e+01 1.437512e+02 2.245262e+02 4.070879e+02  
8.276289e-01 5.870947e+01 1.415624e+02 2.213297e+02 4.017419e+02  
8.391656e-01 5.765851e+01 1.394125e+02 2.181834e+02 3.964667e+02  
8.508632e-01 5.663029e+01 1.373004e+02 2.150860e+02 3.912606e+02  
8.627237e-01 5.562418e+01 1.352253e+02 2.120362e+02 3.861214e+02  
8.747496e-01 5.463953e+01 1.331859e+02 2.090326e+02 3.810471e+02  
8.869432e-01 5.367588e+01 1.311814e+02 2.060742e+02 3.760361e+02  
8.993067e-01 5.273266e+01 1.292110e+02 2.031596e+02 3.710866e+02  
9.118425e-01 5.180926e+01 1.272736e+02 2.002876e+02 3.661967e+02  
9.245531e-01 5.090520e+01 1.253684e+02 1.974573e+02 3.613649e+02  
9.374409e-01 5.002006e+01 1.234947e+02 1.946675e+02 3.565898e+02  
9.505083e-01 4.915334e+01 1.216517e+02 1.919173e+02 3.518697e+02  
9.637579e-01 4.830451e+01 1.198384e+02 1.892056e+02 3.472031e+02  
9.771921e-01 4.747314e+01 1.180543e+02 1.865315e+02 3.425887e+02  
9.908137e-01 4.665872e+01 1.162984e+02 1.838938e+02 3.380249e+02  
1.004625e+00 4.586072e+01 1.145699e+02 1.812916e+02 3.335102e+02  
1.018629e+00 4.507866e+01 1.128681e+02 1.787238e+02 3.290433e+02  
1.032828e+00 4.431218e+01 1.111923e+02 1.765620e+02 3.246231e+02  
1.047225e+00 4.356088e+01 1.095419e+02 1.736886e+02 3.202483e+02  
1.061823e+00 4.282432e+01 1.079162e+02 1.712194e+02 3.159178e+02  
1.076624e+00 4.210218e+01 1.063147e+02 1.687816e+02 3.116307e+02  
1.091632e+00 4.139414e+01 1.047368e+02 1.663746e+02 3.073859e+02  
1.106848e+00 4.069983e+01 1.031821e+02 1.639975e+02 3.031826e+02  
1.122277e+00 4.001890e+01 1.016498e+02 1.616497e+02 2.990197e+02  
1.137921e+00 3.935099e+01 1.001396e+02 1.593306e+02 2.948963e+02  
1.153783e+00 3.869575e+01 9.865069e+01 1.570394e+02 2.908115e+02  
1.169866e+00 3.805275e+01 9.718259e+01 1.547753e+02 2.867643e+02  
1.186174e+00 3.742169e+01 9.573480e+01 1.525379e+02 2.827541e+02  
1.202708e+00 3.680232e+01 9.430693e+01 1.503266e+02 2.787801e+02  
1.219473e+00 3.619436e+01 9.289856e+01 1.481410e+02 2.748416e+02  
1.236472e+00 3.559753e+01 9.150923e+01 1.459804e+02 2.709382e+02  
1.253708e+00 3.501154e+01 9.013854e+01 1.438445e+02 2.670690e+02  
1.271184e+00 3.443611e+01 8.878605e+01 1.417326e+02 2.632335e+02  
1.288904e+00 3.387092e+01 8.745130e+01 1.396443e+02 2.594312e+02  
1.306870e+00 3.331569e+01 8.613389e+01 1.375791e+02 2.556614e+02  
1.325087e+00 3.277021e+01 8.483352e+01 1.355367e+02 2.519238e+02  
1.343558e+00 3.223427e+01 8.354986e+01 1.335167e+02 2.482179e+02  
1.362287e+00 3.170762e+01 8.228257e+01 1.315186e+02 2.445434e+02  
1.381276e+00 3.119006e+01 8.103134e+01 1.295422e+02 2.408999e+02  
1.400531e+00 3.068137e+01 7.979586e+01 1.275871e+02 2.372870e+02  
1.420053e+00 3.018129e+01 7.857579e+01 1.256529e+02 2.337044e+02  
1.439848e+00 2.968961e+01 7.737083e+01 1.237393e+02 2.301519e+02  
1.459919e+00 2.920614e+01 7.618071e+01 1.218460e+02 2.266291e+02  
1.480269e+00 2.873070e+01 7.500519e+01 1.199727e+02 2.231359e+02  
1.500903e+00 2.826308e+01 7.384398e+01 1.181192e+02 2.196721e+02  
1.521825e+00 2.780310e+01 7.269686e+01 1.162852e+02 2.162375e+02  
1.543038e+00 2.735061e+01 7.156360e+01 1.144705e+02 2.128319e+02  
1.564548e+00 2.690542e+01 7.044397e+01 1.126748e+02 2.094554e+02  
1.586357e+00 2.646737e+01 6.933774e+01 1.108978e+02 2.061077e+02  
1.608469e+00 2.603628e+01 6.824471e+01 1.091395e+02 2.027888e+02  
1.630891e+00 2.561202e+01 6.716468e+01 1.073996e+02 1.994987e+02  
1.653624e+00 2.519441e+01 6.609745e+01 1.056779e+02 1.962372e+02  
1.676675e+00 2.478330e+01 6.504281e+01 1.039742e+02 1.930046e+02  
1.700047e+00 2.437855e+01 6.400062e+01 1.022884e+02 1.898006e+02  
1.723745e+00 2.398003e+01 6.297069e+01 1.006203e+02 1.866254e+02  
1.747773e+00 2.358759e+01 6.195286e+01 9.896971e+01 1.834791e+02  
1.772136e+00 2.320112e+01 6.094697e+01 9.733657e+01 1.803616e+02  
1.796838e+00 2.282049e+01 5.995289e+01 9.572073e+01 1.772731e+02  
1.821885e+00 2.244560e+01 5.897049e+01 9.412208e+01 1.742137e+02  
1.847281e+00 2.207632e+01 5.799962e+01 9.254049e+01 1.711834e+02  
1.873032e+00 2.171254e+01 5.704014e+01 9.097586e+01 1.681825e+02  
1.899141e+00 2.135415e+01 5.609195e+01 8.942809e+01 1.652109e+02  
1.925614e+00 2.100103e+01 5.515490e+01 8.789708e+01 1.622689e+02  
1.952456e+00 2.065307e+01 5.422887e+01 8.638274e+01 1.593567e+02  
1.979672e+00 2.031020e+01 5.331377e+01 8.488498e+01 1.564742e+02  
2.007267e+00 1.997230e+01 5.240950e+01 8.340375e+01 1.536218e+02  
2.035248e+00 1.963929e+01 5.151593e+01 8.193896e+01 1.507996e+02  
2.063618e+00 1.931108e+01 5.063299e+01 8.049056e+01 1.480077e+02  
2.092383e+00 1.898759e+01 4.976058e+01 7.905847e+01 1.452463e+02  
2.121550e+00 1.866872e+01 4.889860e+01 7.764264e+01 1.425156e+02  
2.151123e+00 1.835438e+01 4.804696e+01 7.624302e+01 1.398157e+02  
2.181109e+00 1.804452e+01 4.720559e+01 7.485955e+01 1.371469e+02  
2.211512e+00 1.773905e+01 4.637440e+01 7.349220e+01 1.345092e+02  
2.242340e+00 1.743789e+01 4.555332e+01 7.214091e+01 1.319028e+02  
2.273597e+00 1.714098e+01 4.474227e+01 7.080564e+01 1.293279e+02  
2.305289e+00 1.684825e+01 4.394119e+01 6.948637e+01 1.267846e+02  
2.337424e+00 1.655963e+01 4.314999e+01 6.818305e+01 1.242731e+02  
2.370006e+00 1.627505e+01 4.236862e+01 6.689564e+01 1.217935e+02  
2.403043e+00 1.599446e+01 4.159700e+01 6.562411e+01 1.193459e+02  
2.436540e+00 1.571779e+01 4.083508e+01 6.436844e+01 1.169304e+02  
2.470504e+00 1.544499e+01 4.008279e+01 6.312859e+01 1.145472e+02  
2.504942e+00 1.517600e+01 3.934007e+01 6.190453e+01 1.121963e+02  
2.539859e+00 1.491076e+01 3.860687e+01 6.069624e+01 1.098777e+02  
2.575263e+00 1.464923e+01 3.788312e+01 5.950367e+01 1.075917e+02  
2.611161e+00 1.439134e+01 3.716877e+01 5.832681e+01 1.053381e+02  
2.647559e+00 1.413704e+01 3.646376e+01 5.716562e+01 1.031171e+02  
2.684465e+00 1.388630e+01 3.576805e+01 5.602008e+01 1.009287e+02  
2.721885e+00 1.363905e+01 3.508157e+01 5.489015e+01 9.877283e+01  
2.759826e+00 1.339527e+01 3.440428e+01 5.377581e+01 9.664955e+01  
2.798297e+00 1.315489e+01 3.373613e+01 5.267701e+01 9.455883e+01  
2.837304e+00 1.291789e+01 3.307706e+01 5.159372e+01 9.250063e+01  
2.876854e+00 1.268420e+01 3.242703e+01 5.052591e+01 9.047489e+01  
2.916956e+00 1.245381e+01 3.178599e+01 4.947355e+01 8.848155e+01  
2.957617e+00 1.222666e+01 3.115388e+01 4.843658e+01 8.652054e+01  
2.998844e+00 1.200272e+01 3.053067e+01 4.741496e+01 8.459173e+01  
3.040646e+00 1.178194e+01 2.991629e+01 4.640866e+01 8.269505e+01  
3.083031e+00 1.156430e+01 2.931071e+01 4.541762e+01 8.083034e+01  
3.126007e+00 1.134975e+01 2.871387e+01 4.444178e+01 7.899747e+01  
3.169582e+00 1.113827e+01 2.812573e+01 4.348111e+01 7.719629e+01  
3.213764e+00 1.092981e+01 2.754623e+01 4.253552e+01 7.542680e+01  
3.258562e+00 1.072435e+01 2.697534e+01 4.160498e+01 7.368830e+01  
3.303985e+00 1.052184e+01 2.641299e+01 4.068941e+01 7.198111e+01  
3.350041e+00 1.032227e+01 2.585915e+01 3.978874e+01 7.030484e+01  
3.396739e+00 1.012559e+01 2.531377e+01 3.890290e+01 6.865928e+01  
3.444087e+00 9.931778e+00 2.477678e+01 3.803182e+01 6.704419e+01  
3.492096e+00 9.740803e+00 2.424815e+01 3.717541e+01 6.545933e+01  
3.540774e+00 9.552634e+00 2.372782e+01 3.633359e+01 6.390444e+01  
3.590130e+00 9.367244e+00 2.321575e+01 3.550627e+01 6.237926e+01  
3.640175e+00 9.184602e+00 2.271187e+01 3.469337e+01 6.088351e+01  
3.690917e+00 9.004681e+00 2.221614e+01 3.389477e+01 5.941691e+01  
3.742366e+00 8.827453e+00 2.172849e+01 3.311040e+01 5.797917e+01  
3.794533e+00 8.652890e+00 2.124889e+01 3.234013e+01 5.656997e+01  
3.847427e+00 8.480965e+00 2.077727e+01 3.158387e+01 5.518902e+01  
3.901058e+00 8.311652e+00 2.031358e+01 3.084150e+01 5.383599e+01  
3.955436e+00 8.144925e+00 1.985775e+01 3.011291e+01 5.251056e+01  
4.010573e+00 7.980758e+00 1.940974e+01 2.939797e+01 5.121239e+01  
4.066478e+00 7.819125e+00 1.896947e+01 2.869656e+01 4.994116e+01  
4.123163e+00 7.660001e+00 1.853690e+01 2.800856e+01 4.869652e+01  
4.180637e+00 7.503362e+00 1.811195e+01 2.733384e+01 4.747813e+01  
4.238913e+00 7.349183e+00 1.769457e+01 2.667226e+01 4.628563e+01  
4.298001e+00 7.197437e+00 1.728469e+01 2.602369e+01 4.511866e+01  
4.357913e+00 7.048103e+00 1.688225e+01 2.538799e+01 4.397688e+01  
4.418660e+00 6.901154e+00 1.648718e+01 2.476502e+01 4.285991e+01  
4.480254e+00 6.756568e+00 1.609942e+01 2.415463e+01 4.176739e+01  
4.542706e+00 6.614320e+00 1.571888e+01 2.355667e+01 4.069897e+01  
4.606029e+00 6.474387e+00 1.534551e+01 2.297100e+01 3.965426e+01  
4.670234e+00 6.336745e+00 1.497924e+01 2.239746e+01 3.863289e+01  
4.735335e+00 6.201372e+00 1.461999e+01 2.183590e+01 3.763451e+01  
4.801343e+00 6.068243e+00 1.426768e+01 2.128616e+01 3.665873e+01  
4.868271e+00 5.937336e+00 1.392225e+01 2.074809e+01 3.570518e+01  
4.936132e+00 5.808628e+00 1.358362e+01 2.022152e+01 3.477350e+01  
5.004939e+00 5.682096e+00 1.325170e+01 1.970630e+01 3.386330e+01  
5.074705e+00 5.557718e+00 1.292644e+01 1.920227e+01 3.297422e+01  
5.145444e+00 5.435470e+00 1.260774e+01 1.870926e+01 3.210589e+01  
5.217169e+00 5.315330e+00 1.229552e+01 1.822711e+01 3.125793e+01  
5.289893e+00 5.197276e+00 1.198971e+01 1.775565e+01 3.042999e+01  
5.363631e+00 5.081285e+00 1.169023e+01 1.729472e+01 2.962169e+01  
5.438397e+00 4.967335e+00 1.139699e+01 1.684415e+01 2.883267e+01  
5.514206e+00 4.855405e+00 1.110991e+01 1.640378e+01 2.806256e+01  
5.591071e+00 4.745470e+00 1.082891e+01 1.597345e+01 2.731102e+01  
5.669007e+00 4.637508e+00 1.055391e+01 1.555298e+01 2.657767e+01  
5.748030e+00 4.531504e+00 1.028481e+01 1.514221e+01 2.586218e+01  
5.828155e+00 4.427427e+00 1.002154e+01 1.474098e+01 2.516417e+01  
5.909396e+00 4.325259e+00 9.764012e+00 1.434912e+01 2.448332e+01  
5.991770e+00 4.224978e+00 9.512138e+00 1.396646e+01 2.381926e+01  
6.075292e+00 4.126561e+00 9.265835e+00 1.359284e+01 2.317170e+01  
6.159978e+00 4.029988e+00 9.025015e+00 1.322810e+01 2.254020e+01  
6.245845e+00 3.935236e+00 8.789594e+00 1.287208e+01 2.192452e+01  
6.332908e+00 3.842284e+00 8.559485e+00 1.252461e+01 2.132430e+01  
6.421186e+00 3.751109e+00 8.334602e+00 1.218554e+01 2.073921e+01  
6.510694e+00 3.661691e+00 8.114859e+00 1.185469e+01 2.016893e+01  
6.601449e+00 3.574007e+00 7.900171e+00 1.153193e+01 1.961315e+01  
6.693470e+00 3.488036e+00 7.690452e+00 1.121708e+01 1.907154e+01  
6.786773e+00 3.403757e+00 7.485615e+00 1.090999e+01 1.854380e+01  
6.881377e+00 3.321147e+00 7.285577e+00 1.061051e+01 1.802962e+01  
6.977300e+00 3.240185e+00 7.090253e+00 1.031848e+01 1.752871e+01  
7.074559e+00 3.160851e+00 6.899557e+00 1.003376e+01 1.704077e+01  
7.173175e+00 3.083122e+00 6.713406e+00 9.756185e+00 1.656550e+01  
7.273165e+00 3.006976e+00 6.531716e+00 9.485619e+00 1.610261e+01  
7.374549e+00 2.932393e+00 6.354404e+00 9.221910e+00 1.565184e+01  
7.477346e+00 2.859351e+00 6.181388e+00 8.964915e+00 1.497027e+01  
7.581576e+00 2.787829e+00 6.012585e+00 8.714490e+00 1.478549e+01  
7.687260e+00 2.717804e+00 5.847915e+00 8.470493e+00 1.436937e+01  
7.794416e+00 2.649257e+00 5.687297e+00 8.232786e+00 1.396428e+01  
7.903066e+00 2.582165e+00 5.530650e+00 8.001230e+00 1.356995e+01  
8.013230e+00 2.516508e+00 5.377896e+00 7.775691e+00 1.318611e+01  
8.124930e+00 2.452263e+00 5.228957e+00 7.556033e+00 1.281255e+01  
8.238187e+00 2.389411e+00 5.083754e+00 7.342126e+00 1.244898e+01  
8.353023e+00 2.327929e+00 4.942211e+00 7.133840e+00 1.209517e+01  
8.469460e+00 2.267797e+00 4.804252e+00 6.931047e+00 1.175092e+01  
8.587519e+00 2.208993e+00 4.669802e+00 6.733621e+00 1.141595e+01  
8.707225e+00 2.151497e+00 4.538787e+00 6.541438e+00 1.109005e+01  
8.828599e+00 2.095288e+00 4.411134e+00 6.354376e+00 1.077301e+01  
8.951665e+00 2.040344e+00 4.286769e+00 6.172257e+00 1.046459e+01  
9.076446e+00 1.986646e+00 4.165623e+00 5.995140e+00 1.016458e+01  
9.202967e+00 1.934172e+00 4.047623e+00 5.822734e+00 9.872781e+00  
9.331251e+00 1.882902e+00 3.932702e+00 5.654982e+00 9.588979e+00  
9.461324e+00 1.832815e+00 3.820791e+00 5.491772e+00 9.312975e+00  
9.593209e+00 1.783890e+00 3.711821e+00 5.332989e+00 9.044572e+00  
9.726934e+00 1.736108e+00 3.605728e+00 5.178550e+00 8.783575e+00  
9.862522e+00 1.689448e+00 3.502444e+00 5.028320e+00 8.529792e+00  
1.000000e+01 1.643891e+00 3.401907e+00 4.882201e+00 8.283050e+00  
