1.000000e-02 6.248119e+03 1.107573e+04 1.474389e+04 2.160237e+04  
1.013939e-02 6.281140e+03 1.113406e+04 1.482132e+04 2.171529e+04  
1.028073e-02 6.313593e+03 1.119137e+04 1.489740e+04 2.182623e+04  
1.042404e-02 6.345455e+03 1.124763e+04 1.497207e+04 2.193509e+04  
1.056935e-02 6.376704e+03 1.130279e+04 1.504528e+04 2.204179e+04  
1.071668e-02 6.407315e+03 1.135683e+04 1.511698e+04 2.214627e+04  
1.086606e-02 6.437267e+03 1.140968e+04 1.518710e+04 2.224843e+04  
1.101753e-02 6.466535e+03 1.146132e+04 1.525560e+04 2.234819e+04  
1.117111e-02 6.495098e+03 1.151170e+04 1.532243e+04 2.244549e+04  
1.132683e-02 6.522933e+03 1.156079e+04 1.538752e+04 2.254024e+04  
1.148472e-02 6.550016e+03 1.160854e+04 1.545082e+04 2.263236e+04  
1.164481e-02 6.576326e+03 1.165491e+04 1.551229e+04 2.272178e+04  
1.180713e-02 6.601839e+03 1.169987e+04 1.557187e+04 2.280841e+04  
1.197171e-02 6.626529e+03 1.174335e+04 1.562949e+04 2.289216e+04  
1.213859e-02 6.650368e+03 1.178533e+04 1.568509e+04 2.297295e+04  
1.230780e-02 6.673330e+03 1.182574e+04 1.573860e+04 2.305066e+04  
1.247936e-02 6.695388e+03 1.186455e+04 1.578997e+04 2.312523e+04  
1.265332e-02 6.716514e+03 1.190170e+04 1.583913e+04 2.319654e+04  
1.282970e-02 6.736682e+03 1.193715e+04 1.588601e+04 2.326451e+04  
1.300854e-02 6.755864e+03 1.197084e+04 1.593056e+04 2.332904e+04  
1.318987e-02 6.774035e+03 1.200273e+04 1.597271e+04 2.339004e+04  
1.337373e-02 6.791167e+03 1.203278e+04 1.601239e+04 2.344743e+04  
1.356015e-02 6.807235e+03 1.206094e+04 1.604955e+04 2.350111e+04  
1.374917e-02 6.822212e+03 1.208715e+04 1.608413e+04 2.355099e+04  
1.394083e-02 6.836073e+03 1.211138e+04 1.611606e+04 2.359698e+04  
1.413516e-02 6.848792e+03 1.213359e+04 1.614528e+04 2.363901e+04  
1.433219e-02 6.860346e+03 1.215372e+04 1.617174e+04 2.367697e+04  
1.453198e-02 6.870707e+03 1.217174e+04 1.619538e+04 2.371079e+04  
1.473454e-02 6.879846e+03 1.218758e+04 1.621612e+04 2.374036e+04  
1.493993e-02 6.887737e+03 1.220120e+04 1.623391e+04 2.376559e+04  
1.514819e-02 6.894351e+03 1.221256e+04 1.624868e+04 2.378638e+04  
1.535935e-02 6.899663e+03 1.222161e+04 1.626036e+04 2.380265e+04  
1.557345e-02 6.903644e+03 1.222829e+04 1.626889e+04 2.381430e+04  
1.579053e-02 6.906271e+03 1.223257e+04 1.627422e+04 2.382125e+04  
1.601064e-02 6.907518e+03 1.223440e+04 1.627628e+04 2.382341e+04  
1.623382e-02 6.907361e+03 1.223373e+04 1.627502e+04 2.382070e+04  
1.646012e-02 6.905776e+03 1.223053e+04 1.627039e+04 2.381304e+04  
1.668956e-02 6.902741e+03 1.222476e+04 1.626233e+04 2.380036e+04  
1.692220e-02 6.898236e+03 1.221638e+04 1.625079e+04 2.378257e+04  
1.715809e-02 6.892239e+03 1.220535e+04 1.623573e+04 2.375962e+04  
1.739726e-02 6.884733e+03 1.219165e+04 1.621710e+04 2.373144e+04  
1.763977e-02 6.875700e+03 1.217523e+04 1.619486e+04 2.369798e+04  
1.788566e-02 6.865117e+03 1.215607e+04 1.616897e+04 2.365915e+04  
1.813498e-02 6.852964e+03 1.213412e+04 1.613937e+04 2.361490e+04  
1.838777e-02 6.839223e+03 1.210936e+04 1.610601e+04 2.356515e+04  
1.864409e-02 6.823876e+03 1.208175e+04 1.606887e+04 2.350985e+04  
1.890397e-02 6.806908e+03 1.205127e+04 1.602790e+04 2.344895e+04  
1.916748e-02 6.788304e+03 1.201789e+04 1.598308e+04 2.338240e+04  
1.943467e-02 6.768054e+03 1.198159e+04 1.593437e+04 2.331016e+04  
1.970558e-02 6.746145e+03 1.194235e+04 1.588175e+04 2.323220e+04  
1.998026e-02 6.722566e+03 1.190016e+04 1.582520e+04 2.314848e+04  
2.025878e-02 6.697310e+03 1.185499e+04 1.576470e+04 2.305898e+04  
2.054117e-02 6.670373e+03 1.180685e+04 1.570023e+04 2.296368e+04  
2.082751e-02 6.641750e+03 1.175573e+04 1.563180e+04 2.286257e+04  
2.111783e-02 6.611443e+03 1.170162e+04 1.555940e+04 2.275567e+04  
2.141220e-02 6.579456e+03 1.164454e+04 1.548305e+04 2.264298e+04  
2.171068e-02 6.545788e+03 1.158449e+04 1.540274e+04 2.252452e+04  
2.201331e-02 6.510441e+03 1.152146e+04 1.531848e+04 2.240028e+04  
2.232016e-02 6.473420e+03 1.145548e+04 1.523029e+04 2.227028e+04  
2.263130e-02 6.434732e+03 1.138655e+04 1.513819e+04 2.213456e+04  
2.294676e-02 6.394388e+03 1.131469e+04 1.504219e+04 2.199316e+04  
2.326663e-02 6.352405e+03 1.123994e+04 1.494235e+04 2.184614e+04  
2.359095e-02 6.308802e+03 1.116232e+04 1.483870e+04 2.169356e+04  
2.391980e-02 6.263597e+03 1.108187e+04 1.473129e+04 2.153550e+04  
2.425323e-02 6.216810e+03 1.099864e+04 1.462018e+04 2.137202e+04  
2.459130e-02 6.168466e+03 1.091265e+04 1.450542e+04 2.120321e+04  
2.493409e-02 6.118591e+03 1.082396e+04 1.438707e+04 2.102917e+04  
2.528166e-02 6.067219e+03 1.073264e+04 1.426521e+04 2.085002e+04  
2.563407e-02 6.014388e+03 1.063874e+04 1.413995e+04 2.066589e+04  
2.599140e-02 5.960142e+03 1.054234e+04 1.401138e+04 2.047693e+04  
2.635371e-02 5.904525e+03 1.044354e+04 1.387960e+04 2.028331e+04  
2.672106e-02 5.847574e+03 1.034238e+04 1.374471e+04 2.008515e+04  
2.709354e-02 5.789331e+03 1.023895e+04 1.360680e+04 1.988260e+04  
2.747121e-02 5.729843e+03 1.013333e+04 1.346600e+04 1.967582e+04  
2.785414e-02 5.669162e+03 1.002562e+04 1.332242e+04 1.946500e+04  
2.824241e-02 5.607350e+03 9.915913e+03 1.317620e+04 1.925035e+04  
2.863610e-02 5.544470e+03 9.804337e+03 1.302751e+04 1.903210e+04  
2.903527e-02 5.480592e+03 9.691010e+03 1.287650e+04 1.881049e+04  
2.944000e-02 5.415774e+03 9.576038e+03 1.272332e+04 1.858571e+04  
2.985038e-02 5.350079e+03 9.459531e+03 1.256811e+04 1.835799e+04  
3.026648e-02 5.283575e+03 9.341610e+03 1.241103e+04 1.812757e+04  
3.068838e-02 5.216338e+03 9.222410e+03 1.225226e+04 1.789470e+04  
3.111616e-02 5.148448e+03 9.102076e+03 1.209201e+04 1.765968e+04  
3.154990e-02 5.079997e+03 8.980765e+03 1.193046e+04 1.742280e+04  
3.198969e-02 5.011076e+03 8.858644e+03 1.176786e+04 1.718440e+04  
3.243561e-02 4.941764e+03 8.735850e+03 1.160437e+04 1.694473e+04  
3.288774e-02 4.872133e+03 8.612511e+03 1.144018e+04 1.670406e+04  
3.334618e-02 4.802264e+03 8.488770e+03 1.127546e+04 1.646265e+04  
3.381101e-02 4.732241e+03 8.364778e+03 1.111043e+04 1.622081e+04  
3.428231e-02 4.662157e+03 8.240696e+03 1.094529e+04 1.597884e+04  
3.476019e-02 4.592111e+03 8.116702e+03 1.078028e+04 1.573710e+04  
3.524473e-02 4.522207e+03 7.992979e+03 1.061566e+04 1.549593e+04  
3.573602e-02 4.452540e+03 7.869692e+03 1.045162e+04 1.525567e+04  
3.623416e-02 4.383192e+03 7.746989e+03 1.028838e+04 1.501658e+04  
3.673925e-02 4.314252e+03 7.625026e+03 1.012613e+04 1.477899e+04  
3.725137e-02 4.245815e+03 7.503970e+03 9.965106e+03 1.454322e+04  
3.777064e-02 4.177983e+03 7.383999e+03 9.805537e+03 1.430959e+04  
3.829714e-02 4.110860e+03 7.265299e+03 9.647672e+03 1.407850e+04  
3.883098e-02 4.044560e+03 7.148069e+03 9.491774e+03 1.385030e+04  
3.937226e-02 3.979172e+03 7.032465e+03 9.338049e+03 1.362531e+04  
3.992109e-02 3.914745e+03 6.918574e+03 9.186613e+03 1.340370e+04  
4.047757e-02 3.851327e+03 6.806479e+03 9.037578e+03 1.318563e+04  
4.104181e-02 3.788968e+03 6.696268e+03 8.891056e+03 1.297125e+04  
4.161391e-02 3.727717e+03 6.588025e+03 8.747163e+03 1.276075e+04  
4.219398e-02 3.667624e+03 6.481841e+03 8.606016e+03 1.255430e+04  
4.278214e-02 3.608741e+03 6.377804e+03 8.467733e+03 1.235205e+04  
4.337850e-02 3.551128e+03 6.276021e+03 8.332454e+03 1.215423e+04  
4.398317e-02 3.494871e+03 6.176639e+03 8.200375e+03 1.196111e+04  
4.459628e-02 3.440060e+03 6.079817e+03 8.071707e+03 1.177301e+04  
4.521792e-02 3.386792e+03 5.985724e+03 7.946670e+03 1.159023e+04  
4.584824e-02 3.335165e+03 5.894530e+03 7.825492e+03 1.141313e+04  
4.648734e-02 3.285282e+03 5.806417e+03 7.708411e+03 1.124203e+04  
4.713535e-02 3.237252e+03 5.721571e+03 7.595674e+03 1.107731e+04  
4.779239e-02 3.191134e+03 5.640098e+03 7.487418e+03 1.091917e+04  
4.845859e-02 3.146895e+03 5.561933e+03 7.383561e+03 1.076747e+04  
4.913407e-02 3.104479e+03 5.486982e+03 7.283972e+03 1.062204e+04  
4.981898e-02 3.063825e+03 5.415131e+03 7.188503e+03 1.048266e+04  
5.051342e-02 3.024860e+03 5.346252e+03 7.096982e+03 1.034906e+04  
5.121755e-02 2.987500e+03 5.280196e+03 7.009212e+03 1.022098e+04  
5.193150e-02 2.951662e+03 5.216817e+03 6.924998e+03 1.009812e+04  
5.265540e-02 2.917309e+03 5.156048e+03 6.844249e+03 9.980348e+03  
5.338938e-02 2.884410e+03 5.097830e+03 6.766890e+03 9.867558e+03  
5.413360e-02 2.852927e+03 5.042099e+03 6.692830e+03 9.759619e+03  
5.488820e-02 2.822816e+03 4.988774e+03 6.621966e+03 9.656378e+03  
5.565331e-02 2.794027e+03 4.937764e+03 6.554176e+03 9.557658e+03  
5.642908e-02 2.766492e+03 4.888951e+03 6.489300e+03 9.463228e+03  
5.721568e-02 2.740115e+03 4.842164e+03 6.427114e+03 9.372761e+03  
5.801323e-02 2.714788e+03 4.797211e+03 6.367362e+03 9.285885e+03  
5.882190e-02 2.690387e+03 4.753878e+03 6.309761e+03 9.202186e+03  
5.964185e-02 2.666780e+03 4.711928e+03 6.253997e+03 9.121210e+03  
6.047322e-02 2.643821e+03 4.671109e+03 6.199736e+03 9.042468e+03  
6.131619e-02 2.621373e+03 4.631179e+03 6.146659e+03 8.965496e+03  
6.217090e-02 2.599295e+03 4.591891e+03 6.094439e+03 8.889816e+03  
6.303753e-02 2.577432e+03 4.552974e+03 6.042717e+03 8.814909e+03  
6.391624e-02 2.555615e+03 4.514134e+03 5.991104e+03 8.740205e+03  
6.480720e-02 2.533666e+03 4.475062e+03 5.939193e+03 8.665109e+03  
6.571058e-02 2.511431e+03 4.435488e+03 5.886628e+03 8.589105e+03  
6.662655e-02 2.488758e+03 4.395150e+03 5.833062e+03 8.511684e+03  
6.755528e-02 2.465483e+03 4.353762e+03 5.778119e+03 8.432295e+03  
6.849697e-02 2.441427e+03 4.311016e+03 5.721392e+03 8.350345e+03  
6.945178e-02 2.416423e+03 4.266623e+03 5.662502e+03 8.265277e+03  
7.041990e-02 2.390345e+03 4.220368e+03 5.601163e+03 8.176675e+03  
7.140151e-02 2.363068e+03 4.172034e+03 5.537090e+03 8.084117e+03  
7.239681e-02 2.334455e+03 4.121388e+03 5.469979e+03 7.987157e+03  
7.340598e-02 2.304372e+03 4.068200e+03 5.399527e+03 7.885348e+03  
7.442922e-02 2.272747e+03 4.012350e+03 5.325573e+03 7.778455e+03  
7.546673e-02 2.239534e+03 3.953761e+03 5.248021e+03 7.666330e+03  
7.651869e-02 2.204687e+03 3.892359e+03 5.166773e+03 7.548826e+03  
7.758532e-02 2.168165e+03 3.828076e+03 5.081740e+03 7.425811e+03  
7.866682e-02 2.129990e+03 3.760953e+03 4.992978e+03 7.297363e+03  
7.976339e-02 2.090226e+03 3.691109e+03 4.900646e+03 7.163707e+03  
8.087525e-02 2.048950e+03 3.618678e+03 4.804919e+03 7.025100e+03  
8.200261e-02 2.006249e+03 3.543815e+03 4.706005e+03 6.881841e+03  
8.314568e-02 1.962255e+03 3.466754e+03 4.604214e+03 6.734380e+03  
8.430468e-02 1.917134e+03 3.387782e+03 4.499923e+03 6.583268e+03  
8.547985e-02 1.871064e+03 3.307210e+03 4.393545e+03 6.429108e+03  
8.667139e-02 1.824241e+03 3.225381e+03 4.285533e+03 6.272559e+03  
8.787954e-02 1.776880e+03 3.142668e+03 4.176376e+03 6.114339e+03  
8.910453e-02 1.729215e+03 3.059475e+03 4.066611e+03 5.955231e+03  
9.034660e-02 1.681499e+03 2.976239e+03 3.956813e+03 5.796076e+03  
9.160598e-02 1.633984e+03 2.893396e+03 3.847555e+03 5.637717e+03  
9.288292e-02 1.586924e+03 2.811384e+03 3.739417e+03 5.480998e+03  
9.417766e-02 1.540593e+03 2.730677e+03 3.633019e+03 5.326828e+03  
9.549045e-02 1.495285e+03 2.651777e+03 3.529025e+03 5.176181e+03  
9.682153e-02 1.451270e+03 2.575148e+03 3.428044e+03 5.029946e+03  
9.817117e-02 1.408775e+03 2.501182e+03 3.330591e+03 4.888875e+03  
9.953962e-02 1.368041e+03 2.430288e+03 3.237202e+03 4.753755e+03  
1.009272e-01 1.329319e+03 2.362898e+03 3.148446e+03 4.625414e+03  
1.023340e-01 1.292800e+03 2.299335e+03 3.064745e+03 4.504470e+03  
1.037605e-01 1.258597e+03 2.239790e+03 2.986348e+03 4.391287e+03  
1.052069e-01 1.226824e+03 2.184453e+03 2.913503e+03 4.286226e+03  
1.066734e-01 1.197585e+03 2.133500e+03 2.846441e+03 4.189623e+03  
1.081604e-01 1.170887e+03 2.086938e+03 2.785167e+03 4.101487e+03  
1.096681e-01 1.146678e+03 2.044671e+03 2.729552e+03 4.021631e+03  
1.111968e-01 1.124894e+03 2.006584e+03 2.679444e+03 3.949831e+03  
1.127468e-01 1.105435e+03 1.972499e+03 2.634605e+03 3.885745e+03  
1.143184e-01 1.088128e+03 1.942116e+03 2.594640e+03 3.828795e+03  
1.159120e-01 1.072773e+03 1.915086e+03 2.559089e+03 3.778314e+03  
1.175277e-01 1.059150e+03 1.891024e+03 2.527445e+03 3.733564e+03  
1.191660e-01 1.047007e+03 1.869499e+03 2.499140e+03 3.693715e+03  
1.208271e-01 1.036068e+03 1.850034e+03 2.473545e+03 3.657853e+03  
1.225114e-01 1.026032e+03 1.832108e+03 2.449977e+03 3.624979e+03  
1.242191e-01 1.016582e+03 1.815182e+03 2.427726e+03 3.594055e+03  
1.259506e-01 1.007388e+03 1.798689e+03 2.406047e+03 3.563987e+03  
1.277063e-01 9.980916e+02 1.782017e+03 2.384138e+03 3.533596e+03  
1.294865e-01 9.883578e+02 1.764599e+03 2.361251e+03 3.501782e+03  
1.312915e-01 9.778785e+02 1.745911e+03 2.336700e+03 3.467529e+03  
1.331216e-01 9.663284e+02 1.725405e+03 2.309763e+03 3.429766e+03  
1.349772e-01 9.534602e+02 1.702662e+03 2.279892e+03 3.387678e+03  
1.368587e-01 9.391021e+02 1.677398e+03 2.246711e+03 3.340702e+03  
1.387665e-01 9.230868e+02 1.649333e+03 2.209855e+03 3.288287e+03  
1.407008e-01 9.053722e+02 1.618402e+03 2.169238e+03 3.230297e+03  
1.426621e-01 8.859979e+02 1.584677e+03 2.124956e+03 3.166867e+03  
1.446507e-01 8.650338e+02 1.548284e+03 2.077172e+03 3.098232e+03  
1.466671e-01 8.426629e+02 1.509535e+03 2.026302e+03 3.025003e+03  
1.487115e-01 8.191161e+02 1.468828e+03 1.972865e+03 2.947946e+03  
1.507845e-01 7.946635e+02 1.426621e+03 1.917467e+03 2.867958e+03  
1.528864e-01 7.696276e+02 1.383462e+03 1.860830e+03 2.786105e+03  
1.550175e-01 7.443613e+02 1.339951e+03 1.803739e+03 2.703553e+03  
1.571784e-01 7.192438e+02 1.296728e+03 1.747036e+03 2.621547e+03  
1.593694e-01 6.946834e+02 1.254482e+03 1.691626e+03 2.541425e+03  
1.615909e-01 6.710739e+02 1.213877e+03 1.638380e+03 2.464471e+03  
1.638434e-01 6.487626e+02 1.175497e+03 1.588060e+03 2.391810e+03  
1.661273e-01 6.280826e+02 1.139901e+03 1.541397e+03 2.324517e+03  
1.684430e-01 6.092322e+02 1.107418e+03 1.498823e+03 2.263223e+03  
1.707910e-01 5.923643e+02 1.078302e+03 1.460664e+03 2.208407e+03  
1.731717e-01 5.775122e+02 1.052602e+03 1.426986e+03 2.160163e+03  
1.755856e-01 5.646170e+02 1.030215e+03 1.397647e+03 2.118283e+03  
1.780332e-01 5.535565e+02 1.010929e+03 1.372370e+03 2.082360e+03  
1.805149e-01 5.441284e+02 9.943972e+02 1.350700e+03 2.051727e+03  
1.830312e-01 5.360924e+02 9.802117e+02 1.332101e+03 2.025599e+03  
1.855825e-01 5.291594e+02 9.678824e+02 1.315931e+03 2.003036e+03  
1.881694e-01 5.230080e+02 9.568666e+02 1.301480e+03 1.982994e+03  
1.907924e-01 5.172803e+02 9.465627e+02 1.287961e+03 1.964315e+03  
1.934520e-01 5.115978e+02 9.363360e+02 1.274542e+03 1.945771e+03  
1.961486e-01 5.055829e+02 9.255554e+02 1.260397e+03 1.926139e+03  
1.988828e-01 4.988730e+02 9.136171e+02 1.244736e+03 1.904243e+03  
2.016551e-01 4.911899e+02 9.000603e+02 1.226954e+03 1.879183e+03  
2.044661e-01 4.823273e+02 8.845450e+02 1.206608e+03 1.850294e+03  
2.073162e-01 4.722358e+02 8.669938e+02 1.183595e+03 1.817419e+03  
2.102061e-01 4.609566e+02 8.474799e+02 1.158013e+03 1.780700e+03  
2.131362e-01 4.486530e+02 8.262799e+02 1.130225e+03 1.740677e+03  
2.161073e-01 4.355609e+02 8.037898e+02 1.100752e+03 1.698123e+03  
2.191197e-01 4.219868e+02 7.805219e+02 1.070264e+03 1.654040e+03  
2.221741e-01 4.082651e+02 7.570335e+02 1.039494e+03 1.609515e+03  
2.252711e-01 3.947479e+02 7.339096e+02 1.009205e+03 1.565683e+03  
2.284112e-01 3.817676e+02 7.117011e+02 9.801178e+02 1.523610e+03  
2.315951e-01 3.696275e+02 6.909093e+02 9.528857e+02 1.484260e+03  
2.348235e-01 3.585652e+02 6.719246e+02 9.280163e+02 1.448381e+03  
2.380968e-01 3.487289e+02 6.549889e+02 9.058228e+02 1.416428e+03  
2.414157e-01 3.401738e+02 6.401889e+02 8.864160e+02 1.388563e+03  
2.447809e-01 3.328500e+02 6.274376e+02 8.696798e+02 1.364610e+03  
2.481930e-01 3.266231e+02 6.165082e+02 8.553170e+02 1.344132e+03  
2.516527e-01 3.212701e+02 6.070285e+02 8.428416e+02 1.326411e+03  
2.551606e-01 3.165048e+02 5.985232e+02 8.316335e+02 1.310536e+03  
2.587174e-01 3.120059e+02 5.904614e+02 8.210005e+02 1.295486e+03  
2.623238e-01 3.074483e+02 5.823072e+02 8.102445e+02 1.280231e+03  
2.659804e-01 3.025572e+02 5.736099e+02 7.987781e+02 1.263901e+03  
2.696881e-01 2.971281e+02 5.640356e+02 7.861669e+02 1.245855e+03  
2.734474e-01 2.910510e+02 5.534066e+02 7.721800e+02 1.225749e+03  
2.772591e-01 2.843162e+02 5.417104e+02 7.568022e+02 1.203564e+03  
2.811239e-01 2.770012e+02 5.290769e+02 7.402046e+02 1.179554e+03  
2.850426e-01 2.692658e+02 5.157703e+02 7.227322e+02 1.154233e+03  
2.890160e-01 2.613439e+02 5.021752e+02 7.048871e+02 1.128348e+03  
2.930447e-01 2.534964e+02 4.887186e+02 6.872253e+02 1.102718e+03  
2.971296e-01 2.459791e+02 4.758174e+02 6.702881e+02 1.078144e+03  
3.012714e-01 2.390068e+02 4.638203e+02 6.545273e+02 1.055286e+03  
3.054710e-01 2.327108e+02 4.529389e+02 6.402159e+02 1.034542e+03  
3.097291e-01 2.271367e+02 4.432443e+02 6.274437e+02 1.016039e+03  
3.140465e-01 2.222482e+02 4.346739e+02 6.161278e+02 9.996521e+02  
3.184242e-01 2.179342e+02 4.270445e+02 6.060294e+02 9.850291e+02  
3.228628e-01 2.140220e+02 4.200734e+02 5.967814e+02 9.716304e+02  
3.273634e-01 2.102990e+02 4.134144e+02 5.879350e+02 9.587987e+02  
3.319266e-01 2.065569e+02 4.067300e+02 5.790532e+02 9.458945e+02  
3.365535e-01 2.026287e+02 3.997510e+02 5.697883e+02 9.324093e+02  
3.412449e-01 1.984113e+02 3.923124e+02 5.599276e+02 9.180338e+02  
3.460016e-01 1.938802e+02 3.843763e+02 5.494234e+02 9.027010e+02  
3.508247e-01 1.890897e+02 3.760325e+02 5.383929e+02 8.865858e+02  
3.557150e-01 1.841563e+02 3.674697e+02 5.270810e+02 8.700491e+02  
3.606735e-01 1.792350e+02 3.589382e+02 5.158115e+02 8.535650e+02  
3.657011e-01 1.744848e+02 3.506931e+02 5.049131e+02 8.376128e+02  
3.707988e-01 1.700278e+02 3.429289e+02 4.946360e+02 8.225544e+02  
3.759675e-01 1.659368e+02 3.357608e+02 4.851271e+02 8.085999e+02  
3.812083e-01 1.622228e+02 3.292042e+02 4.764046e+02 7.957730e+02  
3.865221e-01 1.588462e+02 3.231940e+02 4.683838e+02 7.839477e+02  
3.919100e-01 1.557114e+02 3.175758e+02 4.608653e+02 7.728340e+02  
3.973730e-01 1.526920e+02 3.121475e+02 4.535893e+02 7.620559e+02  
4.029122e-01 1.496670e+02 3.067162e+02 4.463084e+02 7.512572e+02  
4.085286e-01 1.465551e+02 3.011533e+02 4.388584e+02 7.402024e+02  
4.142232e-01 1.433296e+02 2.954174e+02 4.311869e+02 7.288188e+02  
4.199973e-01 1.400109e+02 2.895420e+02 4.233377e+02 7.171715e+02  
4.258518e-01 1.366525e+02 2.836125e+02 4.154207e+02 7.054207e+02  
4.317880e-01 1.333378e+02 2.777607e+02 4.076046e+02 6.938088e+02  
4.378069e-01 1.301530e+02 2.721224e+02 4.000625e+02 6.825832e+02  
4.439097e-01 1.271563e+02 2.667881e+02 3.929093e+02 6.719060e+02  
4.500975e-01 1.243594e+02 2.617752e+02 3.861659e+02 6.618050e+02  
4.563716e-01 1.217384e+02 2.570452e+02 3.797827e+02 6.522075e+02  
4.627332e-01 1.192511e+02 2.525305e+02 3.736730e+02 6.429895e+02  
4.691835e-01 1.168306e+02 2.481264e+02 3.677039e+02 6.339621e+02  
4.757236e-01 1.144146e+02 2.437353e+02 3.617515e+02 6.249513e+02  
4.823549e-01 1.119744e+02 2.393128e+02 3.557603e+02 6.158799e+02  
4.890787e-01 1.095170e+02 2.348706e+02 3.497454e+02 6.067707e+02  
4.958962e-01 1.070659e+02 2.304452e+02 3.437532e+02 5.976902e+02  
5.028087e-01 1.046587e+02 2.260950e+02 3.378577e+02 5.887423e+02  
5.098176e-01 1.023391e+02 2.218873e+02 3.321435e+02 5.800448e+02  
5.169242e-01 1.001297e+02 2.178565e+02 3.266533e+02 5.716558e+02  
5.241298e-01 9.802359e+01 2.139910e+02 3.213721e+02 5.635535e+02  
5.314359e-01 9.600435e+01 2.102652e+02 3.162672e+02 5.556914e+02  
5.388438e-01 9.404171e+01 2.066320e+02 3.112795e+02 5.479876e+02  
5.463550e-01 9.210504e+01 2.030444e+02 3.063502e+02 5.403615e+02  
5.539709e-01 9.018023e+01 1.994811e+02 3.014528e+02 5.327771e+02  
5.616930e-01 8.827194e+01 1.959493e+02 2.965965e+02 5.252479e+02  
5.695227e-01 8.639403e+01 1.924699e+02 2.918076e+02 5.178102e+02  
5.774615e-01 8.456318e+01 1.890683e+02 2.871174e+02 5.105065e+02  
5.855110e-01 8.279829e+01 1.857727e+02 2.825607e+02 5.033833e+02  
5.936727e-01 8.109490e+01 1.825759e+02 2.781284e+02 4.964276e+02  
6.019482e-01 7.944740e+01 1.794692e+02 2.738092e+02 4.896238e+02  
6.103390e-01 7.784352e+01 1.764337e+02 2.695800e+02 4.829404e+02  
6.188468e-01 7.626701e+01 1.734450e+02 2.654104e+02 4.763371e+02  
6.274732e-01 7.471434e+01 1.704977e+02 2.612941e+02 4.698058e+02  
6.362198e-01 7.318998e+01 1.675986e+02 2.572393e+02 4.633573e+02  
6.450884e-01 7.169899e+01 1.647550e+02 2.532549e+02 4.570037e+02  
6.540806e-01 7.024770e+01 1.619762e+02 2.493521e+02 4.507592e+02  
6.631981e-01 6.884138e+01 1.592696e+02 2.455398e+02 4.446351e+02  
6.724427e-01 6.747211e+01 1.566232e+02 2.418035e+02 4.386121e+02  
6.818162e-01 6.613518e+01 1.540301e+02 2.381342e+02 4.326786e+02  
6.913204e-01 6.482822e+01 1.514865e+02 2.345277e+02 4.268289e+02  
7.009570e-01 6.354869e+01 1.489887e+02 2.309792e+02 4.210569e+02  
7.107280e-01 6.229587e+01 1.465355e+02 2.274873e+02 4.153608e+02  
7.206351e-01 6.107094e+01 1.441285e+02 2.240539e+02 4.097429e+02  
7.306804e-01 5.987519e+01 1.417693e+02 2.206809e+02 4.042054e+02  
7.408657e-01 5.870955e+01 1.394592e+02 2.173696e+02 3.987498e+02  
7.511929e-01 5.757286e+01 1.371963e+02 2.141177e+02 3.933729e+02  
7.616642e-01 5.646314e+01 1.349776e+02 2.109215e+02 3.880701e+02  
7.722814e-01 5.537815e+01 1.327998e+02 2.077771e+02 3.828363e+02  
7.830465e-01 5.431641e+01 1.306607e+02 2.046817e+02 3.776681e+02  
7.939618e-01 5.327791e+01 1.285600e+02 2.016352e+02 3.725651e+02  
8.050292e-01 5.226276e+01 1.264980e+02 1.986374e+02 3.675273e+02  
8.162509e-01 5.127096e+01 1.244744e+02 1.956882e+02 3.625541e+02  
8.276289e-01 5.030206e+01 1.224884e+02 1.927866e+02 3.576442e+02  
8.391656e-01 4.935520e+01 1.205387e+02 1.899310e+02 3.527957e+02  
8.508632e-01 4.842944e+01 1.186239e+02 1.871195e+02 3.480062e+02  
8.627237e-01 4.752387e+01 1.167427e+02 1.843507e+02 3.432739e+02  
8.747496e-01 4.663808e+01 1.148943e+02 1.816236e+02 3.385975e+02  
8.869432e-01 4.577168e+01 1.130781e+02 1.789374e+02 3.339761e+02  
8.993067e-01 4.492422e+01 1.112933e+02 1.762913e+02 3.294085e+02  
9.118425e-01 4.409525e+01 1.095393e+02 1.736843e+02 3.248936e+02  
9.245531e-01 4.328436e+01 1.078154e+02 1.711157e+02 3.204303e+02  
9.374409e-01 4.249103e+01 1.061207e+02 1.685844e+02 3.160175e+02  
9.505083e-01 4.171475e+01 1.044545e+02 1.660895e+02 3.116540e+02  
9.637579e-01 4.095507e+01 1.028161e+02 1.636302e+02 3.073387e+02  
9.771921e-01 4.021159e+01 1.012048e+02 1.612057e+02 3.030708e+02  
9.908137e-01 3.948382e+01 9.961992e+01 1.588151e+02 2.988492e+02  
1.004625e+00 3.877131e+01 9.806074e+01 1.564576e+02 2.946730e+02  
1.018629e+00 3.807371e+01 9.652671e+01 1.541325e+02 2.905412e+02  
1.032828e+00 3.739063e+01 9.501724e+01 1.518391e+02 2.864532e+02  
1.047225e+00 3.672165e+01 9.353169e+01 1.495767e+02 2.824081e+02  
1.061823e+00 3.606640e+01 9.206951e+01 1.473447e+02 2.784051e+02  
1.076624e+00 3.542458e+01 9.063019e+01 1.451424e+02 2.744435e+02  
1.091632e+00 3.479579e+01 8.921318e+01 1.429692e+02 2.705226e+02  
1.106848e+00 3.417967e+01 8.781792e+01 1.408244e+02 2.666418e+02  
1.122277e+00 3.357593e+01 8.644397e+01 1.387075e+02 2.628004e+02  
1.137921e+00 3.298429e+01 8.509090e+01 1.366181e+02 2.589979e+02  
1.153783e+00 3.240444e+01 8.375823e+01 1.345556e+02 2.552337e+02  
1.169866e+00 3.183606e+01 8.244551e+01 1.325194e+02 2.515073e+02  
1.186174e+00 3.127888e+01 8.115231e+01 1.305091e+02 2.478181e+02  
1.202708e+00 3.073258e+01 7.987819e+01 1.285242e+02 2.441656e+02  
1.219473e+00 3.019684e+01 7.862268e+01 1.265642e+02 2.405493e+02  
1.236472e+00 2.967141e+01 7.738540e+01 1.246285e+02 2.369688e+02  
1.253708e+00 2.915606e+01 7.616602e+01 1.227169e+02 2.334237e+02  
1.271184e+00 2.865053e+01 7.496417e+01 1.208289e+02 2.299136e+02  
1.288904e+00 2.815457e+01 7.377946e+01 1.189642e+02 2.264381e+02  
1.306870e+00 2.766797e+01 7.261160e+01 1.171223e+02 2.229969e+02  
1.325087e+00 2.719047e+01 7.146022e+01 1.153029e+02 2.195895e+02  
1.343558e+00 2.672182e+01 7.032498e+01 1.135056e+02 2.162158e+02  
1.362287e+00 2.626180e+01 6.920555e+01 1.117300e+02 2.128753e+02  
1.381276e+00 2.581024e+01 6.810168e+01 1.099759e+02 2.095678e+02  
1.400531e+00 2.536694e+01 6.701309e+01 1.082430e+02 2.062931e+02  
1.420053e+00 2.493167e+01 6.593947e+01 1.065309e+02 2.030509e+02  
1.439848e+00 2.450426e+01 6.488057e+01 1.048393e+02 1.998409e+02  
1.459919e+00 2.408454e+01 6.383613e+01 1.031680e+02 1.966629e+02  
1.480269e+00 2.367227e+01 6.280586e+01 1.015167e+02 1.935168e+02  
1.500903e+00 2.326729e+01 6.178952e+01 9.988515e+01 1.904023e+02  
1.521825e+00 2.286943e+01 6.078687e+01 9.827303e+01 1.873192e+02  
1.543038e+00 2.247853e+01 5.979770e+01 9.668014e+01 1.843018e+02  
1.564548e+00 2.209442e+01 5.882177e+01 9.510624e+01 1.812467e+02  
1.586357e+00 2.171693e+01 5.785887e+01 9.355111e+01 1.782570e+02  
1.608469e+00 2.134595e+01 5.690881e+01 9.201453e+01 1.752981e+02  
1.630891e+00 2.098130e+01 5.597137e+01 9.049631e+01 1.723699e+02  
1.653624e+00 2.062284e+01 5.504636e+01 8.899622e+01 1.694723e+02  
1.676675e+00 2.027044e+01 5.413361e+01 8.751409e+01 1.666051e+02  
1.700047e+00 1.992398e+01 5.323293e+01 8.604973e+01 1.637683e+02  
1.723745e+00 1.958331e+01 5.234414e+01 8.460295e+01 1.609618e+02  
1.747773e+00 1.924831e+01 5.146707e+01 8.317358e+01 1.581855e+02  
1.772136e+00 1.891886e+01 5.060156e+01 8.176144e+01 1.554393e+02  
1.796838e+00 1.859483e+01 4.974745e+01 8.036637e+01 1.527232e+02  
1.821885e+00 1.827609e+01 4.890457e+01 7.898820e+01 1.500370e+02  
1.847281e+00 1.796254e+01 4.807278e+01 7.762679e+01 1.473807e+02  
1.873032e+00 1.765408e+01 4.725419e+01 7.628199e+01 1.447542e+02  
1.899141e+00 1.735060e+01 4.644190e+01 7.495366e+01 1.421576e+02  
1.925614e+00 1.705200e+01 4.564253e+01 7.364165e+01 1.395907e+02  
1.952456e+00 1.675818e+01 4.485371e+01 7.234583e+01 1.370535e+02  
1.979672e+00 1.646904e+01 4.407529e+01 7.106607e+01 1.345459e+02  
2.007267e+00 1.618449e+01 4.330716e+01 6.980224e+01 1.320680e+02  
2.035248e+00 1.590442e+01 4.254918e+01 6.855420e+01 1.296196e+02  
2.063618e+00 1.562876e+01 4.180125e+01 6.732185e+01 1.272008e+02  
2.092383e+00 1.535742e+01 4.106325e+01 6.610505e+01 1.248114e+02  
2.121550e+00 1.509031e+01 4.033507e+01 6.490371e+01 1.224516e+02  
2.151123e+00 1.482736e+01 3.961660e+01 6.371770e+01 1.201211e+02  
2.181109e+00 1.456850e+01 3.890774e+01 6.254692e+01 1.178201e+02  
2.211512e+00 1.431364e+01 3.820839e+01 6.139126e+01 1.155484e+02  
2.242340e+00 1.406272e+01 3.751844e+01 6.025062e+01 1.133060e+02  
2.273597e+00 1.381566e+01 3.683781e+01 5.912488e+01 1.110929e+02  
2.305289e+00 1.357240e+01 3.616638e+01 5.801395e+01 1.089091e+02  
2.337424e+00 1.333285e+01 3.550406e+01 5.691774e+01 1.067544e+02  
2.370006e+00 1.309695e+01 3.485078e+01 5.583613e+01 1.046289e+02  
2.403043e+00 1.286465e+01 3.420643e+01 5.476904e+01 1.025324e+02  
2.436540e+00 1.263588e+01 3.357093e+01 5.371638e+01 1.004650e+02  
2.470504e+00 1.241058e+01 3.294420e+01 5.267805e+01 9.842662e+01  
2.504942e+00 1.218869e+01 3.232614e+01 5.165396e+01 9.641711e+01  
2.539859e+00 1.197017e+01 3.171669e+01 5.064401e+01 9.443644e+01  
2.575263e+00 1.175497e+01 3.111576e+01 4.964813e+01 9.248453e+01  
2.611161e+00 1.154295e+01 3.052327e+01 4.866622e+01 9.056131e+01  
2.647559e+00 1.133421e+01 2.993915e+01 4.769355e+01 8.866670e+01  
2.684465e+00 1.112859e+01 2.936331e+01 4.674396e+01 8.680059e+01  
2.721885e+00 1.092606e+01 2.879568e+01 4.580345e+01 8.496290e+01  
2.759826e+00 1.072659e+01 2.823619e+01 4.487655e+01 8.315352e+01  
2.798297e+00 1.053012e+01 2.768477e+01 4.396320e+01 8.137233e+01  
2.837304e+00 1.033661e+01 2.714134e+01 4.306331e+01 7.961921e+01  
2.876854e+00 1.014602e+01 2.660584e+01 4.217678e+01 7.789405e+01  
2.916956e+00 9.958304e+00 2.607819e+01 4.130355e+01 7.619671e+01  
2.957617e+00 9.773420e+00 2.555832e+01 4.044352e+01 7.452705e+01  
2.998844e+00 9.591326e+00 2.504618e+01 3.959659e+01 7.288491e+01  
3.040646e+00 9.411983e+00 2.454168e+01 3.876270e+01 7.127015e+01  
3.083031e+00 9.235356e+00 2.404476e+01 3.794176e+01 6.968261e+01  
3.126007e+00 9.061405e+00 2.355536e+01 3.713367e+01 6.812211e+01  
3.169582e+00 8.890093e+00 2.307341e+01 3.633836e+01 6.658848e+01  
3.213764e+00 8.721386e+00 2.259885e+01 3.555574e+01 6.508153e+01  
3.258562e+00 8.555250e+00 2.213161e+01 3.478572e+01 6.360107e+01  
3.303985e+00 8.391647e+00 2.167162e+01 3.402821e+01 6.214691e+01  
3.350041e+00 8.230546e+00 2.121883e+01 3.328312e+01 6.071884e+01  
3.396739e+00 8.071915e+00 2.077318e+01 3.255036e+01 5.931664e+01  
3.444087e+00 7.915722e+00 2.033459e+01 3.182985e+01 5.794010e+01  
3.492096e+00 7.761935e+00 1.990301e+01 3.112148e+01 5.658899e+01  
3.540774e+00 7.610524e+00 1.947838e+01 3.042517e+01 5.526308e+01  
3.590130e+00 7.461461e+00 1.906063e+01 2.974082e+01 5.396214e+01  
3.640175e+00 7.314714e+00 1.864970e+01 2.906833e+01 5.268592e+01  
3.690917e+00 7.170256e+00 1.824553e+01 2.840761e+01 5.143417e+01  
3.742366e+00 7.028059e+00 1.784807e+01 2.775857e+01 5.020664e+01  
3.794533e+00 6.888095e+00 1.745724e+01 2.712109e+01 4.900307e+01  
3.847427e+00 6.750336e+00 1.707299e+01 2.649507e+01 4.782319e+01  
3.901058e+00 6.614757e+00 1.669525e+01 2.588043e+01 4.666674e+01  
3.955436e+00 6.481331e+00 1.632398e+01 2.527704e+01 4.553344e+01  
4.010573e+00 6.350033e+00 1.595910e+01 2.468480e+01 4.442302e+01  
4.066478e+00 6.220838e+00 1.560055e+01 2.410361e+01 4.333520e+01  
4.123163e+00 6.093720e+00 1.524828e+01 2.353336e+01 4.226969e+01  
4.180637e+00 5.968655e+00 1.490222e+01 2.297394e+01 4.122620e+01  
4.238913e+00 5.845619e+00 1.456180e+01 2.242522e+01 4.020445e+01  
4.298001e+00 5.724588e+00 1.422850e+01 2.188711e+01 3.920414e+01  
4.357913e+00 5.605539e+00 1.390072e+01 2.135948e+01 3.822498e+01  
4.418660e+00 5.488448e+00 1.357891e+01 2.084222e+01 3.726666e+01  
4.480254e+00 5.373292e+00 1.326300e+01 2.033521e+01 3.632890e+01  
4.542706e+00 5.260049e+00 1.295294e+01 1.983833e+01 3.541140e+01  
4.606029e+00 5.148697e+00 1.264867e+01 1.935146e+01 3.451384e+01  
4.670234e+00 5.039213e+00 1.235011e+01 1.887448e+01 3.363592e+01  
4.735335e+00 4.931577e+00 1.205722e+01 1.840726e+01 3.277736e+01  
4.801343e+00 4.825765e+00 1.176992e+01 1.794968e+01 3.193783e+01  
4.868271e+00 4.721757e+00 1.148815e+01 1.750161e+01 3.111704e+01  
4.936132e+00 4.619531e+00 1.121185e+01 1.706293e+01 3.031467e+01  
5.004939e+00 4.519067e+00 1.094096e+01 1.663351e+01 2.953044e+01  
5.074705e+00 4.420344e+00 1.067541e+01 1.621323e+01 2.876403e+01  
5.145444e+00 4.323340e+00 1.041514e+01 1.580194e+01 2.801514e+01  
5.217169e+00 4.228036e+00 1.016008e+01 1.539953e+01 2.728348e+01  
5.289893e+00 4.134411e+00 9.910173e+00 1.500587e+01 2.656873e+01  
5.363631e+00 4.042446e+00 9.665346e+00 1.462082e+01 2.585594e+01  
5.438397e+00 3.952119e+00 9.425536e+00 1.424425e+01 2.518879e+01  
5.514206e+00 3.863412e+00 9.190677e+00 1.387603e+01 2.452301e+01  
5.591071e+00 3.776304e+00 8.960704e+00 1.351604e+01 2.387296e+01  
5.669007e+00 3.690777e+00 8.735550e+00 1.316413e+01 2.323835e+01  
5.748030e+00 3.606809e+00 8.515149e+00 1.282019e+01 2.261888e+01  
5.828155e+00 3.524383e+00 8.299435e+00 1.248407e+01 2.201428e+01  
5.909396e+00 3.443480e+00 8.088339e+00 1.215565e+01 2.142424e+01  
5.991770e+00 3.364079e+00 7.881796e+00 1.183479e+01 2.084850e+01  
6.075292e+00 3.286162e+00 7.679738e+00 1.152137e+01 2.028677e+01  
6.159978e+00 3.209710e+00 7.482092e+00 1.121526e+01 1.973877e+01  
6.245845e+00 3.134705e+00 7.288803e+00 1.091633e+01 1.920422e+01  
6.332908e+00 3.061127e+00 7.099810e+00 1.062444e+01 1.868286e+01  
6.421186e+00 2.988959e+00 6.915021e+00 1.033948e+01 1.817441e+01  
6.510694e+00 2.918182e+00 6.734375e+00 1.006131e+01 1.767860e+01  
6.601449e+00 2.848777e+00 6.557818e+00 9.789805e+00 1.719519e+01  
6.693470e+00 2.780727e+00 6.385276e+00 9.524825e+00 1.672390e+01  
6.786773e+00 2.714013e+00 6.216682e+00 9.266302e+00 1.626448e+01  
6.881377e+00 2.648617e+00 6.051970e+00 9.014073e+00 1.581667e+01  
6.977300e+00 2.584521e+00 5.891073e+00 8.767978e+00 1.538023e+01  
7.074559e+00 2.521704e+00 5.733926e+00 8.527952e+00 1.495491e+01  
7.173175e+00 2.460158e+00 5.580462e+00 8.293856e+00 1.454047e+01  
7.273165e+00 2.399856e+00 5.430615e+00 8.065572e+00 1.413666e+01  
7.374549e+00 2.340784e+00 5.284321e+00 7.842980e+00 1.374326e+01  
7.477346e+00 2.282924e+00 5.141515e+00 7.625966e+00 1.336002e+01  
7.581576e+00 2.226256e+00 5.002132e+00 7.414413e+00 1.298673e+01  
7.687260e+00 2.170767e+00 4.866108e+00 7.208207e+00 1.262316e+01  
7.794416e+00 2.116438e+00 4.733380e+00 7.007236e+00 1.226908e+01  
7.903066e+00 2.063252e+00 4.603885e+00 6.811390e+00 1.192432e+01  
8.013230e+00 2.011191e+00 4.477510e+00 6.620557e+00 1.158854e+01  
8.124930e+00 1.960239e+00 4.354344e+00 6.434631e+00 1.126165e+01  
8.238187e+00 1.910380e+00 4.234174e+00 6.253503e+00 1.094341e+01  
8.353023e+00 1.861595e+00 4.116991e+00 6.077070e+00 1.063362e+01  
8.469460e+00 1.813870e+00 4.002734e+00 5.905227e+00 1.033207e+01  
8.587519e+00 1.767186e+00 3.891343e+00 5.737871e+00 1.003857e+01  
8.707225e+00 1.721528e+00 3.782760e+00 5.574902e+00 9.752923e+00  
8.828599e+00 1.676879e+00 3.676926e+00 5.416222e+00 9.474947e+00  
8.951665e+00 1.633222e+00 3.573784e+00 5.261731e+00 9.204454e+00  
9.076446e+00 1.590543e+00 3.473277e+00 5.111334e+00 8.941263e+00  
9.202967e+00 1.548810e+00 3.375349e+00 4.964937e+00 8.685194e+00  
9.331251e+00 1.508062e+00 3.279945e+00 4.822447e+00 8.436074e+00  
9.461324e+00 1.468203e+00 3.187009e+00 4.683772e+00 8.193732e+00  
9.593209e+00 1.429270e+00 3.096488e+00 4.548822e+00 7.958000e+00  
9.726934e+00 1.391234e+00 3.003686e+00 4.417509e+00 7.728714e+00  
9.862522e+00 1.354079e+00 2.922479e+00 4.289747e+00 7.505712e+00  
1.000000e+01 1.317791e+00 2.838887e+00 4.165450e+00 7.288837e+00  
