1.000000e-02 6.018007e+03 1.086059e+04 1.462572e+04 2.173090e+04  
1.013939e-02 6.051769e+03 1.092130e+04 1.470726e+04 2.185149e+04  
1.028073e-02 6.085011e+03 1.098107e+04 1.478752e+04 2.197018e+04  
1.042404e-02 6.117712e+03 1.103985e+04 1.486645e+04 2.208687e+04  
1.056935e-02 6.149849e+03 1.109761e+04 1.494400e+04 2.220150e+04  
1.071668e-02 6.181401e+03 1.115431e+04 1.502011e+04 2.231398e+04  
1.086606e-02 6.212343e+03 1.120990e+04 1.509472e+04 2.242423e+04  
1.101753e-02 6.242650e+03 1.126434e+04 1.516778e+04 2.253214e+04  
1.117111e-02 6.272297e+03 1.131758e+04 1.523922e+04 2.263765e+04  
1.132683e-02 6.301260e+03 1.136958e+04 1.530898e+04 2.274064e+04  
1.148472e-02 6.329514e+03 1.142030e+04 1.537701e+04 2.284104e+04  
1.164481e-02 6.357033e+03 1.146968e+04 1.544323e+04 2.293875e+04  
1.180713e-02 6.383792e+03 1.151769e+04 1.550760e+04 2.303369e+04  
1.197171e-02 6.409766e+03 1.156427e+04 1.557004e+04 2.312575e+04  
1.213859e-02 6.434929e+03 1.160938e+04 1.563050e+04 2.321486e+04  
1.230780e-02 6.459258e+03 1.165298e+04 1.568891e+04 2.330091e+04  
1.247936e-02 6.482726e+03 1.169502e+04 1.574522e+04 2.338382e+04  
1.265332e-02 6.505309e+03 1.173546e+04 1.579936e+04 2.346351e+04  
1.282970e-02 6.526982e+03 1.177425e+04 1.585128e+04 2.353987e+04  
1.300854e-02 6.547720e+03 1.181134e+04 1.590091e+04 2.361283e+04  
1.318987e-02 6.567495e+03 1.184669e+04 1.594818e+04 2.368227e+04  
1.337373e-02 6.586279e+03 1.188025e+04 1.599304e+04 2.374811e+04  
1.356015e-02 6.604044e+03 1.191196e+04 1.603540e+04 2.381023e+04  
1.374917e-02 6.620763e+03 1.194178e+04 1.607521e+04 2.386854e+04  
1.394083e-02 6.636406e+03 1.196965e+04 1.611239e+04 2.392294e+04  
1.413516e-02 6.650948e+03 1.199553e+04 1.614688e+04 2.397334e+04  
1.433219e-02 6.664360e+03 1.201936e+04 1.617861e+04 2.401962e+04  
1.453198e-02 6.676615e+03 1.204110e+04 1.620751e+04 2.406169e+04  
1.473454e-02 6.687684e+03 1.206069e+04 1.623352e+04 2.409946e+04  
1.493993e-02 6.697540e+03 1.207809e+04 1.625657e+04 2.413281e+04  
1.514819e-02 6.706154e+03 1.209324e+04 1.627660e+04 2.416166e+04  
1.535935e-02 6.713502e+03 1.210610e+04 1.629353e+04 2.418591e+04  
1.557345e-02 6.719555e+03 1.211662e+04 1.630730e+04 2.420546e+04  
1.579053e-02 6.724289e+03 1.212475e+04 1.631786e+04 2.422023e+04  
1.601064e-02 6.727677e+03 1.213045e+04 1.632513e+04 2.423011e+04  
1.623382e-02 6.729694e+03 1.213367e+04 1.632907e+04 2.423502e+04  
1.646012e-02 6.730316e+03 1.213437e+04 1.632960e+04 2.423488e+04  
1.668956e-02 6.729518e+03 1.213251e+04 1.632668e+04 2.422959e+04  
1.692220e-02 6.727277e+03 1.212803e+04 1.632024e+04 2.421908e+04  
1.715809e-02 6.723572e+03 1.212091e+04 1.631024e+04 2.420326e+04  
1.739726e-02 6.718382e+03 1.211111e+04 1.629662e+04 2.418207e+04  
1.763977e-02 6.711686e+03 1.209859e+04 1.627933e+04 2.415543e+04  
1.788566e-02 6.703460e+03 1.208330e+04 1.625832e+04 2.412327e+04  
1.813498e-02 6.693683e+03 1.206521e+04 1.623354e+04 2.408549e+04  
1.838777e-02 6.682332e+03 1.204429e+04 1.620493e+04 2.404202e+04  
1.864409e-02 6.669390e+03 1.202048e+04 1.617245e+04 2.399281e+04  
1.890397e-02 6.654839e+03 1.199378e+04 1.613606e+04 2.393779e+04  
1.916748e-02 6.638661e+03 1.196414e+04 1.609572e+04 2.387690e+04  
1.943467e-02 6.620843e+03 1.193153e+04 1.605139e+04 2.381009e+04  
1.970558e-02 6.601371e+03 1.189595e+04 1.600304e+04 2.373732e+04  
1.998026e-02 6.580233e+03 1.185736e+04 1.595065e+04 2.365854e+04  
2.025878e-02 6.557418e+03 1.181574e+04 1.589418e+04 2.357372e+04  
2.054117e-02 6.532921e+03 1.177109e+04 1.583364e+04 2.348284e+04  
2.082751e-02 6.506735e+03 1.172340e+04 1.576899e+04 2.338589e+04  
2.111783e-02 6.478860e+03 1.167267e+04 1.570025e+04 2.328286e+04  
2.141220e-02 6.449295e+03 1.161888e+04 1.562742e+04 2.317375e+04  
2.171068e-02 6.418040e+03 1.156206e+04 1.555048e+04 2.305856e+04  
2.201331e-02 6.385093e+03 1.150218e+04 1.546945e+04 2.293730e+04  
2.232016e-02 6.350458e+03 1.143927e+04 1.538433e+04 2.280998e+04  
2.263130e-02 6.314141e+03 1.137332e+04 1.529514e+04 2.267663e+04  
2.294676e-02 6.276152e+03 1.130437e+04 1.520190e+04 2.253728e+04  
2.326663e-02 6.236505e+03 1.123244e+04 1.510466e+04 2.239199e+04  
2.359095e-02 6.195218e+03 1.115755e+04 1.500344e+04 2.224082e+04  
2.391980e-02 6.152305e+03 1.107974e+04 1.489830e+04 2.208384e+04  
2.425323e-02 6.107783e+03 1.099904e+04 1.478927e+04 2.192110e+04  
2.459130e-02 6.061670e+03 1.091548e+04 1.467640e+04 2.175268e+04  
2.493409e-02 6.013990e+03 1.082911e+04 1.455975e+04 2.157866e+04  
2.528166e-02 5.964773e+03 1.073997e+04 1.443940e+04 2.139915e+04  
2.563407e-02 5.914053e+03 1.064813e+04 1.431542e+04 2.121429e+04  
2.599140e-02 5.861867e+03 1.055367e+04 1.418791e+04 2.102421e+04  
2.635371e-02 5.808254e+03 1.045665e+04 1.405697e+04 2.082905e+04  
2.672106e-02 5.753251e+03 1.035713e+04 1.392268e+04 2.062895e+04  
2.709354e-02 5.696898e+03 1.025519e+04 1.378515e+04 2.042405e+04  
2.747121e-02 5.639243e+03 1.015093e+04 1.364449e+04 2.021454e+04  
2.785414e-02 5.580338e+03 1.004442e+04 1.350084e+04 2.000060e+04  
2.824241e-02 5.520243e+03 9.935791e+03 1.335433e+04 1.978246e+04  
2.863610e-02 5.459025e+03 9.825151e+03 1.320514e+04 1.956035e+04  
2.903527e-02 5.396747e+03 9.712619e+03 1.305341e+04 1.933451e+04  
2.944000e-02 5.333465e+03 9.598297e+03 1.289929e+04 1.910514e+04  
2.985038e-02 5.269242e+03 9.482295e+03 1.274292e+04 1.887247e+04  
3.026648e-02 5.204142e+03 9.364735e+03 1.258448e+04 1.863673e+04  
3.068838e-02 5.138240e+03 9.245749e+03 1.242412e+04 1.839820e+04  
3.111616e-02 5.071617e+03 9.125483e+03 1.226207e+04 1.815716e+04  
3.154990e-02 5.004360e+03 9.004096e+03 1.209852e+04 1.791394e+04  
3.198969e-02 4.936558e+03 8.881748e+03 1.193369e+04 1.766885e+04  
3.243561e-02 4.868285e+03 8.758572e+03 1.176776e+04 1.742217e+04  
3.288774e-02 4.799616e+03 8.634705e+03 1.160092e+04 1.717415e+04  
3.334618e-02 4.730634e+03 8.510293e+03 1.143337e+04 1.692511e+04  
3.381101e-02 4.661425e+03 8.385496e+03 1.126531e+04 1.667535e+04  
3.428231e-02 4.592086e+03 8.260484e+03 1.109698e+04 1.642522e+04  
3.476019e-02 4.522718e+03 8.135442e+03 1.092863e+04 1.617508e+04  
3.524473e-02 4.453428e+03 8.010560e+03 1.076051e+04 1.592532e+04  
3.573602e-02 4.384305e+03 7.886000e+03 1.059284e+04 1.567625e+04  
3.623416e-02 4.315434e+03 7.761915e+03 1.042582e+04 1.542819e+04  
3.673925e-02 4.246907e+03 7.638469e+03 1.025968e+04 1.518145e+04  
3.725137e-02 4.178821e+03 7.515834e+03 1.009465e+04 1.493639e+04  
3.777064e-02 4.111278e+03 7.394197e+03 9.930968e+03 1.469337e+04  
3.829714e-02 4.044390e+03 7.273755e+03 9.768912e+03 1.445278e+04  
3.883098e-02 3.978269e+03 7.154711e+03 9.608751e+03 1.421504e+04  
3.937226e-02 3.912994e+03 7.037207e+03 9.450674e+03 1.398041e+04  
3.992109e-02 3.848620e+03 6.921338e+03 9.294810e+03 1.374910e+04  
4.047757e-02 3.785199e+03 6.807200e+03 9.141284e+03 1.352128e+04  
4.104181e-02 3.722786e+03 6.694889e+03 8.990230e+03 1.329716e+04  
4.161391e-02 3.661438e+03 6.584506e+03 8.841780e+03 1.307693e+04  
4.219398e-02 3.601212e+03 6.476155e+03 8.696074e+03 1.286080e+04  
4.278214e-02 3.542168e+03 6.369942e+03 8.553253e+03 1.264897e+04  
4.337850e-02 3.484379e+03 6.265996e+03 8.413490e+03 1.244171e+04  
4.398317e-02 3.427935e+03 6.164476e+03 8.276999e+03 1.223932e+04  
4.459628e-02 3.372930e+03 6.065552e+03 8.144005e+03 1.204215e+04  
4.521792e-02 3.319463e+03 5.969398e+03 8.014743e+03 1.185054e+04  
4.584824e-02 3.267638e+03 5.876198e+03 7.889457e+03 1.166484e+04  
4.648734e-02 3.217561e+03 5.786142e+03 7.768402e+03 1.148545e+04  
4.713535e-02 3.169342e+03 5.699423e+03 7.651836e+03 1.131274e+04  
4.779239e-02 3.123024e+03 5.616116e+03 7.539858e+03 1.114685e+04  
4.845859e-02 3.078578e+03 5.536169e+03 7.432397e+03 1.098768e+04  
4.913407e-02 3.035966e+03 5.459510e+03 7.329357e+03 1.083509e+04  
4.981898e-02 2.995140e+03 5.386055e+03 7.230622e+03 1.068891e+04  
5.051342e-02 2.956047e+03 5.315703e+03 7.136058e+03 1.054894e+04  
5.121755e-02 2.918621e+03 5.248337e+03 7.045508e+03 1.041494e+04  
5.193150e-02 2.882805e+03 5.183852e+03 6.958829e+03 1.028671e+04  
5.265540e-02 2.848561e+03 5.122182e+03 6.875931e+03 1.016411e+04  
5.338938e-02 2.815854e+03 5.063257e+03 6.796721e+03 1.004701e+04  
5.413360e-02 2.784636e+03 5.006994e+03 6.721087e+03 9.935244e+03  
5.488820e-02 2.754855e+03 4.953296e+03 6.648898e+03 9.828613e+03  
5.565331e-02 2.726450e+03 4.902054e+03 6.580006e+03 9.726903e+03  
5.642908e-02 2.699353e+03 4.853143e+03 6.514246e+03 9.629868e+03  
5.721568e-02 2.673489e+03 4.806429e+03 6.451434e+03 9.537241e+03  
5.801323e-02 2.648773e+03 4.761759e+03 6.391368e+03 9.448720e+03  
5.882190e-02 2.625111e+03 4.718963e+03 6.333818e+03 9.363971e+03  
5.964185e-02 2.602397e+03 4.677853e+03 6.278532e+03 9.282620e+03  
6.047322e-02 2.580513e+03 4.638214e+03 6.225224e+03 9.204244e+03  
6.131619e-02 2.559317e+03 4.599795e+03 6.173558e+03 9.128349e+03  
6.217090e-02 2.538654e+03 4.562320e+03 6.123162e+03 9.054385e+03  
6.303753e-02 2.518353e+03 4.525484e+03 6.073630e+03 8.981752e+03  
6.391624e-02 2.498228e+03 4.488956e+03 6.024519e+03 8.909797e+03  
6.480720e-02 2.478092e+03 4.452406e+03 5.975388e+03 8.837866e+03  
6.571058e-02 2.457792e+03 4.415561e+03 5.925874e+03 8.765422e+03  
6.662655e-02 2.437171e+03 4.378144e+03 5.875606e+03 8.691915e+03  
6.755528e-02 2.416057e+03 4.339853e+03 5.824181e+03 8.616749e+03  
6.849697e-02 2.394267e+03 4.300365e+03 5.771169e+03 8.539285e+03  
6.945178e-02 2.371635e+03 4.259387e+03 5.716178e+03 8.458942e+03  
7.041990e-02 2.348018e+03 4.216669e+03 5.658876e+03 8.375222e+03  
7.140151e-02 2.323264e+03 4.171946e+03 5.598909e+03 8.287601e+03  
7.239681e-02 2.297210e+03 4.124933e+03 5.535900e+03 8.195514e+03  
7.340598e-02 2.269708e+03 4.075370e+03 5.469500e+03 8.098441e+03  
7.442922e-02 2.240673e+03 4.023115e+03 5.399522e+03 7.996097e+03  
7.546673e-02 2.210037e+03 3.968049e+03 5.325807e+03 7.888244e+03  
7.651869e-02 2.177726e+03 3.910047e+03 5.248190e+03 7.774630e+03  
7.758532e-02 2.143679e+03 3.849006e+03 5.166535e+03 7.655047e+03  
7.866682e-02 2.107909e+03 3.784953e+03 5.080878e+03 7.529543e+03  
7.976339e-02 2.070455e+03 3.717960e+03 4.991319e+03 7.398260e+03  
8.087525e-02 2.031363e+03 3.648115e+03 4.897972e+03 7.261364e+03  
8.200261e-02 1.990697e+03 3.575536e+03 4.800999e+03 7.119086e+03  
8.314568e-02 1.948579e+03 3.500437e+03 4.700685e+03 6.971849e+03  
8.430468e-02 1.905151e+03 3.423075e+03 4.597373e+03 6.820159e+03  
8.547985e-02 1.860571e+03 3.343729e+03 4.491439e+03 6.664569e+03  
8.667139e-02 1.815019e+03 3.262719e+03 4.383306e+03 6.505708e+03  
8.787954e-02 1.768701e+03 3.180411e+03 4.273466e+03 6.344302e+03  
8.910453e-02 1.721845e+03 3.097204e+03 4.162450e+03 6.181144e+03  
9.034660e-02 1.674693e+03 3.013527e+03 4.050832e+03 6.017084e+03  
9.160598e-02 1.627493e+03 2.929815e+03 3.939191e+03 5.852984e+03  
9.288292e-02 1.580505e+03 2.846522e+03 3.828132e+03 5.689744e+03  
9.417766e-02 1.534006e+03 2.764139e+03 3.718309e+03 5.528338e+03  
9.549045e-02 1.488296e+03 2.683186e+03 3.610417e+03 5.369797e+03  
9.682153e-02 1.443645e+03 2.604136e+03 3.505082e+03 5.215058e+03  
9.817117e-02 1.400306e+03 2.527433e+03 3.402896e+03 5.064997e+03  
9.953962e-02 1.358552e+03 2.453550e+03 3.304490e+03 4.920552e+03  
1.009272e-01 1.318664e+03 2.382978e+03 3.210513e+03 4.782691e+03  
1.023340e-01 1.280845e+03 2.316068e+03 3.121432e+03 4.652107e+03  
1.037605e-01 1.245256e+03 2.253096e+03 3.037614e+03 4.529343e+03  
1.052069e-01 1.212063e+03 2.194352e+03 2.959440e+03 4.414967e+03  
1.066734e-01 1.181413e+03 2.140084e+03 2.887241e+03 4.309469e+03  
1.081604e-01 1.153332e+03 2.090334e+03 2.821068e+03 4.212928e+03  
1.096681e-01 1.127810e+03 2.045081e+03 2.760890e+03 4.125297e+03  
1.111968e-01 1.104830e+03 2.004286e+03 2.706655e+03 4.046503e+03  
1.127468e-01 1.084314e+03 1.967809e+03 2.658175e+03 3.976268e+03  
1.143184e-01 1.066114e+03 1.935386e+03 2.615097e+03 3.914071e+03  
1.159120e-01 1.050062e+03 1.906718e+03 2.577018e+03 3.859321e+03  
1.175277e-01 1.035963e+03 1.881458e+03 2.543481e+03 3.811341e+03  
1.191660e-01 1.023582e+03 1.859193e+03 2.513931e+03 3.769316e+03  
1.208271e-01 1.012654e+03 1.839460e+03 2.487754e+03 3.732334e+03  
1.225114e-01 1.002894e+03 1.821754e+03 2.464280e+03 3.699404e+03  
1.242191e-01 9.939955e+02 1.805544e+03 2.442798e+03 3.669473e+03  
1.259506e-01 9.856287e+02 1.790253e+03 2.422545e+03 3.641404e+03  
1.277063e-01 9.774404e+02 1.775268e+03 2.402705e+03 3.613978e+03  
1.294865e-01 9.690915e+02 1.760001e+03 2.382496e+03 3.586025e+03  
1.312915e-01 9.602372e+02 1.743857e+03 2.361125e+03 3.556353e+03  
1.331216e-01 9.505192e+02 1.726218e+03 2.337771e+03 3.523724e+03  
1.349772e-01 9.396585e+02 1.706605e+03 2.311796e+03 3.487169e+03  
1.368587e-01 9.274035e+02 1.684588e+03 2.282628e+03 3.445815e+03  
1.387665e-01 9.135185e+02 1.659765e+03 2.249730e+03 3.398842e+03  
1.407008e-01 8.979089e+02 1.631978e+03 2.212892e+03 3.345920e+03  
1.426621e-01 8.805210e+02 1.601141e+03 2.171999e+03 3.286860e+03  
1.446507e-01 8.613607e+02 1.567270e+03 2.127072e+03 3.221683e+03  
1.466671e-01 8.405680e+02 1.530611e+03 2.078439e+03 3.150875e+03  
1.487115e-01 8.183168e+02 1.491469e+03 2.026506e+03 3.075043e+03  
1.507845e-01 7.948483e+02 1.450264e+03 1.971831e+03 2.995029e+03  
1.528864e-01 7.704658e+02 1.407520e+03 1.915116e+03 2.911888e+03  
1.550175e-01 7.455075e+02 1.363821e+03 1.857138e+03 2.826798e+03  
1.571784e-01 7.203630e+02 1.319839e+03 1.798792e+03 2.741110e+03  
1.593694e-01 6.954568e+02 1.276304e+03 1.741047e+03 2.656289e+03  
1.615909e-01 6.711963e+02 1.233915e+03 1.684834e+03 2.573740e+03  
1.638434e-01 6.479795e+02 1.193354e+03 1.631057e+03 2.494822e+03  
1.661273e-01 6.261757e+02 1.155251e+03 1.580553e+03 2.420796e+03  
1.684430e-01 6.060535e+02 1.120063e+03 1.533927e+03 2.352566e+03  
1.707910e-01 5.878535e+02 1.088200e+03 1.491717e+03 2.290940e+03  
1.731717e-01 5.716749e+02 1.059826e+03 1.454141e+03 2.236238e+03  
1.755856e-01 5.575583e+02 1.035004e+03 1.421279e+03 2.188584e+03  
1.780332e-01 5.454375e+02 1.013615e+03 1.392971e+03 2.147738e+03  
1.805149e-01 5.351672e+02 9.954043e+02 1.368879e+03 2.113194e+03  
1.830312e-01 5.265470e+02 9.800242e+02 1.348540e+03 2.084264e+03  
1.855825e-01 5.193184e+02 9.670276e+02 1.331360e+03 2.060064e+03  
1.881694e-01 5.131785e+02 9.558930e+02 1.316650e+03 2.039562e+03  
1.907924e-01 5.077730e+02 9.460129e+02 1.303603e+03 2.021553e+03  
1.934520e-01 5.027186e+02 9.367320e+02 1.291350e+03 2.004731e+03  
1.961486e-01 4.976049e+02 9.273513e+02 1.278965e+03 1.987696e+03  
1.988828e-01 4.920386e+02 9.172023e+02 1.265560e+03 1.969103e+03  
2.016551e-01 4.856662e+02 9.056867e+02 1.250340e+03 1.947740e+03  
2.044661e-01 4.782141e+02 8.923432e+02 1.232690e+03 1.922668e+03  
2.073162e-01 4.695116e+02 8.768862e+02 1.212232e+03 1.893300e+03  
2.102061e-01 4.595076e+02 8.592341e+02 1.188856e+03 1.859463e+03  
2.131362e-01 4.482650e+02 8.394982e+02 1.162711e+03 1.821379e+03  
2.161073e-01 4.359633e+02 8.179867e+02 1.134208e+03 1.779670e+03  
2.191197e-01 4.228634e+02 7.951454e+02 1.103939e+03 1.735241e+03  
2.221741e-01 4.092900e+02 7.715263e+02 1.072639e+03 1.689213e+03  
2.252711e-01 3.956051e+02 7.477432e+02 1.041125e+03 1.642828e+03  
2.284112e-01 3.821938e+02 7.244468e+02 1.010259e+03 1.597398e+03  
2.315951e-01 3.694113e+02 7.022362e+02 9.808358e+02 1.554125e+03  
2.348235e-01 3.575641e+02 6.816262e+02 9.535353e+02 1.514035e+03  
2.380968e-01 3.468700e+02 6.629811e+02 9.288373e+02 1.477847e+03  
2.414157e-01 3.374696e+02 6.465331e+02 9.070465e+02 1.446018e+03  
2.447809e-01 3.293990e+02 6.323387e+02 8.882351e+02 1.418651e+03  
2.481930e-01 3.225936e+02 6.202839e+02 8.722502e+02 1.395514e+03  
2.516527e-01 3.168949e+02 6.100980e+02 8.587329e+02 1.376068e+03  
2.551606e-01 3.120558e+02 6.013617e+02 8.471283e+02 1.359477e+03  
2.587174e-01 3.077643e+02 5.935487e+02 8.367405e+02 1.344694e+03  
2.623238e-01 3.036674e+02 5.860653e+02 8.267846e+02 1.330536e+03  
2.659804e-01 2.994236e+02 5.783394e+02 8.165042e+02 1.315858e+03  
2.696881e-01 2.947555e+02 5.699076e+02 8.052864e+02 1.299731e+03  
2.734474e-01 2.894700e+02 5.604494e+02 7.927070e+02 1.281511e+03  
2.772591e-01 2.834720e+02 5.498087e+02 7.785603e+02 1.260885e+03  
2.811239e-01 2.767685e+02 5.380004e+02 7.628669e+02 1.237884e+03  
2.850426e-01 2.694576e+02 5.251915e+02 7.458492e+02 1.212849e+03  
2.890160e-01 2.617204e+02 5.116866e+02 7.279115e+02 1.186397e+03  
2.930447e-01 2.538134e+02 4.979148e+02 7.096222e+02 1.159393e+03  
2.971296e-01 2.460300e+02 4.843649e+02 6.916274e+02 1.132815e+03  
3.012714e-01 2.386477e+02 4.714975e+02 6.745341e+02 1.107579e+03  
3.054710e-01 2.318781e+02 4.596622e+02 6.588020e+02 1.084375e+03  
3.097291e-01 2.258428e+02 4.490575e+02 6.446901e+02 1.063586e+03  
3.140465e-01 2.205681e+02 4.397240e+02 6.322497e+02 1.045286e+03  
3.184242e-01 2.159963e+02 4.315625e+02 6.213487e+02 1.029271e+03  
3.228628e-01 2.119976e+02 4.243553e+02 6.116992e+02 1.015109e+03  
3.273634e-01 2.083805e+02 4.177836e+02 6.028812e+02 1.002167e+03  
3.319266e-01 2.049105e+02 4.114593e+02 5.943844e+02 9.896801e+02  
3.365535e-01 2.013632e+02 4.050119e+02 5.857218e+02 9.769186e+02  
3.412449e-01 1.975637e+02 3.981543e+02 5.765166e+02 9.633177e+02  
3.460016e-01 1.934204e+02 3.907377e+02 5.665741e+02 9.485875e+02  
3.508247e-01 1.889313e+02 3.827607e+02 5.558939e+02 9.327308e+02  
3.557150e-01 1.841693e+02 3.743452e+02 5.446373e+02 9.159934e+02  
3.606735e-01 1.792695e+02 3.657143e+02 5.330984e+02 8.988194e+02  
3.657011e-01 1.744047e+02 3.571516e+02 5.216497e+02 8.817680e+02  
3.707988e-01 1.697430e+02 3.489322e+02 5.106510e+02 8.653759e+02  
3.759675e-01 1.654172e+02 3.412718e+02 5.003840e+02 8.500601e+02  
3.812083e-01 1.614963e+02 3.342808e+02 4.909914e+02 8.360291e+02  
3.865221e-01 1.579757e+02 3.279496e+02 4.824591e+02 8.232579e+02  
3.919100e-01 1.547940e+02 3.221761e+02 4.746523e+02 8.115438e+02  
3.973730e-01 1.518405e+02 3.167788e+02 4.673336e+02 8.005333e+02  
4.029122e-01 1.489745e+02 3.115283e+02 4.602037e+02 7.897831e+02  
4.085286e-01 1.460674e+02 3.062164e+02 4.529912e+02 7.788934e+02  
4.142232e-01 1.430373e+02 3.007109e+02 4.455249e+02 7.676133e+02  
4.199973e-01 1.398693e+02 2.949889e+02 4.377761e+02 7.559035e+02  
4.258518e-01 1.365942e+02 2.891014e+02 4.298118e+02 7.438660e+02  
4.317880e-01 1.332822e+02 2.831623e+02 4.217810e+02 7.317223e+02  
4.378069e-01 1.300260e+02 2.773214e+02 4.138783e+02 7.197589e+02  
4.439097e-01 1.269248e+02 2.717375e+02 4.063092e+02 7.082757e+02  
4.500975e-01 1.240338e+02 2.664980e+02 3.991861e+02 6.974347e+02  
4.563716e-01 1.213552e+02 2.616053e+02 3.925109e+02 6.872360e+02  
4.627332e-01 1.188560e+02 2.570051e+02 3.862127e+02 6.775741e+02  
4.691835e-01 1.164826e+02 2.526110e+02 3.801794e+02 6.682849e+02  
4.757236e-01 1.141591e+02 2.483015e+02 3.742540e+02 6.591411e+02  
4.823549e-01 1.118186e+02 2.439704e+02 3.683002e+02 6.499466e+02  
4.890787e-01 1.094363e+02 2.395784e+02 3.622681e+02 6.406316e+02  
4.958962e-01 1.070264e+02 2.351489e+02 3.561881e+02 6.312418e+02  
5.028087e-01 1.046248e+02 2.307391e+02 3.501343e+02 6.218848e+02  
5.098176e-01 1.022735e+02 2.264155e+02 3.441919e+02 6.126832e+02  
5.169242e-01 1.000204e+02 2.222529e+02 3.384564e+02 6.037724e+02  
5.241298e-01 9.788688e+01 2.182846e+02 3.329698e+02 5.952108e+02  
5.314359e-01 9.586135e+01 2.144914e+02 3.277070e+02 5.869611e+02  
5.388438e-01 9.391905e+01 2.108339e+02 3.226173e+02 5.789504e+02  
5.463550e-01 9.202615e+01 2.072588e+02 3.176326e+02 5.710828e+02  
5.539709e-01 9.014812e+01 2.037121e+02 3.126847e+02 5.632625e+02  
5.616930e-01 8.827142e+01 2.001731e+02 3.077474e+02 5.554541e+02  
5.695227e-01 8.640853e+01 1.966611e+02 3.028457e+02 5.476935e+02  
5.774615e-01 8.457611e+01 1.932023e+02 2.980125e+02 5.400269e+02  
5.855110e-01 8.279656e+01 1.898310e+02 2.932913e+02 5.325145e+02  
5.936727e-01 8.108435e+01 1.865692e+02 2.887093e+02 5.251931e+02  
6.019482e-01 7.943854e+01 1.834150e+02 2.842639e+02 5.180581e+02  
6.103390e-01 7.784600e+01 1.803478e+02 2.799288e+02 5.110731e+02  
6.188468e-01 7.629242e+01 1.773453e+02 2.756763e+02 5.041998e+02  
6.274732e-01 7.476076e+01 1.743817e+02 2.714738e+02 4.973943e+02  
6.362198e-01 7.324863e+01 1.714531e+02 2.673169e+02 4.906510e+02  
6.450884e-01 7.176223e+01 1.685691e+02 2.632173e+02 4.839862e+02  
6.540806e-01 7.031058e+01 1.657432e+02 2.591920e+02 4.774224e+02  
6.631981e-01 6.890353e+01 1.629900e+02 2.552589e+02 4.709832e+02  
6.724427e-01 6.754008e+01 1.603078e+02 2.514155e+02 4.646648e+02  
6.818162e-01 6.621197e+01 1.576839e+02 2.476461e+02 4.584462e+02  
6.913204e-01 6.491503e+01 1.551118e+02 2.439427e+02 4.523166e+02  
7.009570e-01 6.364472e+01 1.525848e+02 2.402968e+02 4.462649e+02  
7.107280e-01 6.239821e+01 1.500984e+02 2.367033e+02 4.402844e+02  
7.206351e-01 6.117732e+01 1.476553e+02 2.331651e+02 4.343793e+02  
7.306804e-01 5.998460e+01 1.452592e+02 2.296869e+02 4.285551e+02  
7.408657e-01 5.882256e+01 1.429136e+02 2.262726e+02 4.228169e+02  
7.511929e-01 5.769099e+01 1.406180e+02 2.229217e+02 4.171634e+02  
7.616642e-01 5.658723e+01 1.383683e+02 2.196290e+02 4.115881e+02  
7.722814e-01 5.550831e+01 1.361600e+02 2.163891e+02 4.060840e+02  
7.830465e-01 5.445157e+01 1.339892e+02 2.131973e+02 4.006451e+02  
7.939618e-01 5.341692e+01 1.318557e+02 2.100532e+02 3.952710e+02  
8.050292e-01 5.240497e+01 1.297601e+02 2.069576e+02 3.899627e+02  
8.162509e-01 5.141632e+01 1.277034e+02 2.039115e+02 3.847210e+02  
8.276289e-01 5.045094e+01 1.256852e+02 2.009145e+02 3.795453e+02  
8.391656e-01 4.950785e+01 1.237041e+02 1.979648e+02 3.744332e+02  
8.508632e-01 4.858588e+01 1.217582e+02 1.950600e+02 3.693820e+02  
8.627237e-01 4.768381e+01 1.198458e+02 1.921981e+02 3.643889e+02  
8.747496e-01 4.680107e+01 1.179659e+02 1.893780e+02 3.594526e+02  
8.869432e-01 4.593746e+01 1.161182e+02 1.865991e+02 3.545724e+02  
8.993067e-01 4.509271e+01 1.143021e+02 1.838608e+02 3.497475e+02  
9.118425e-01 4.426647e+01 1.125170e+02 1.811624e+02 3.449767e+02  
9.245531e-01 4.345827e+01 1.107623e+02 1.785030e+02 3.402591e+02  
9.374409e-01 4.266758e+01 1.090370e+02 1.758814e+02 3.355933e+02  
9.505083e-01 4.189376e+01 1.073403e+02 1.732967e+02 3.309778e+02  
9.637579e-01 4.113635e+01 1.056713e+02 1.707478e+02 3.264117e+02  
9.771921e-01 4.039496e+01 1.040295e+02 1.682341e+02 3.218940e+02  
9.908137e-01 3.966918e+01 1.024141e+02 1.657547e+02 3.174238e+02  
1.004625e+00 3.895856e+01 1.008246e+02 1.633089e+02 3.130000e+02  
1.018629e+00 3.826273e+01 9.926033e+01 1.608959e+02 3.086219e+02  
1.032828e+00 3.758133e+01 9.772070e+01 1.585150e+02 3.042886e+02  
1.047225e+00 3.691394e+01 9.620507e+01 1.561656e+02 2.999993e+02  
1.061823e+00 3.626015e+01 9.471285e+01 1.538468e+02 2.957532e+02  
1.076624e+00 3.561967e+01 9.324357e+01 1.515582e+02 2.915496e+02  
1.091632e+00 3.499217e+01 9.179672e+01 1.492991e+02 2.873878e+02  
1.106848e+00 3.437729e+01 9.037175e+01 1.470689e+02 2.832672e+02  
1.122277e+00 3.377470e+01 8.896816e+01 1.448670e+02 2.791870e+02  
1.137921e+00 3.318410e+01 8.758551e+01 1.426929e+02 2.751469e+02  
1.153783e+00 3.260514e+01 8.622327e+01 1.405461e+02 2.711460e+02  
1.169866e+00 3.203749e+01 8.488095e+01 1.384259e+02 2.671839e+02  
1.186174e+00 3.148090e+01 8.355817e+01 1.363319e+02 2.632601e+02  
1.202708e+00 3.093514e+01 8.225458e+01 1.342637e+02 2.593741e+02  
1.219473e+00 3.039992e+01 8.096975e+01 1.322208e+02 2.555255e+02  
1.236472e+00 2.987497e+01 7.970329e+01 1.302028e+02 2.517139e+02  
1.253708e+00 2.936006e+01 7.845484e+01 1.282093e+02 2.479389e+02  
1.271184e+00 2.885490e+01 7.722400e+01 1.262399e+02 2.442000e+02  
1.288904e+00 2.835920e+01 7.601035e+01 1.242940e+02 2.404968e+02  
1.306870e+00 2.787273e+01 7.481357e+01 1.223714e+02 2.368291e+02  
1.325087e+00 2.739531e+01 7.363338e+01 1.204717e+02 2.331965e+02  
1.343558e+00 2.692670e+01 7.246944e+01 1.185945e+02 2.295988e+02  
1.362287e+00 2.646668e+01 7.132144e+01 1.167396e+02 2.260356e+02  
1.381276e+00 2.601505e+01 7.018909e+01 1.149066e+02 2.225067e+02  
1.400531e+00 2.557162e+01 6.907212e+01 1.130952e+02 2.190119e+02  
1.420053e+00 2.513616e+01 6.797022e+01 1.113051e+02 2.155509e+02  
1.439848e+00 2.470847e+01 6.688310e+01 1.095360e+02 2.121235e+02  
1.459919e+00 2.428839e+01 6.581054e+01 1.077876e+02 2.087296e+02  
1.480269e+00 2.387572e+01 6.475227e+01 1.060597e+02 2.053689e+02  
1.500903e+00 2.347026e+01 6.370802e+01 1.043520e+02 2.020413e+02  
1.521825e+00 2.307187e+01 6.267759e+01 1.026643e+02 1.987466e+02  
1.543038e+00 2.268041e+01 6.166076e+01 1.009963e+02 1.954848e+02  
1.564548e+00 2.229569e+01 6.065731e+01 9.934784e+01 1.922557e+02  
1.586357e+00 2.191756e+01 5.966703e+01 9.771869e+01 1.890591e+02  
1.608469e+00 2.154589e+01 5.868972e+01 9.610865e+01 1.858950e+02  
1.630891e+00 2.118051e+01 5.772518e+01 9.451751e+01 1.827633e+02  
1.653624e+00 2.082127e+01 5.677320e+01 9.294506e+01 1.796639e+02  
1.676675e+00 2.046804e+01 5.583361e+01 9.139113e+01 1.765967e+02  
1.700047e+00 2.012070e+01 5.490624e+01 8.985555e+01 1.735617e+02  
1.723745e+00 1.977911e+01 5.399091e+01 8.833814e+01 1.705589e+02  
1.747773e+00 1.944314e+01 5.308745e+01 8.683872e+01 1.675881e+02  
1.772136e+00 1.911268e+01 5.219572e+01 8.535716e+01 1.646493e+02  
1.796838e+00 1.878760e+01 5.131554e+01 8.389328e+01 1.617425e+02  
1.821885e+00 1.846778e+01 5.044675e+01 8.244694e+01 1.588677e+02  
1.847281e+00 1.815310e+01 4.958922e+01 8.101798e+01 1.560248e+02  
1.873032e+00 1.784347e+01 4.874043e+01 7.960629e+01 1.532138e+02  
1.899141e+00 1.753879e+01 4.790990e+01 7.821171e+01 1.504348e+02  
1.925614e+00 1.723896e+01 4.708285e+01 7.683414e+01 1.476876e+02  
1.952456e+00 1.694388e+01 4.626902e+01 7.547343e+01 1.449723e+02  
1.979672e+00 1.665346e+01 4.546581e+01 7.412947e+01 1.422889e+02  
2.007267e+00 1.636759e+01 4.467307e+01 7.280213e+01 1.396374e+02  
2.035248e+00 1.608618e+01 4.389069e+01 7.149130e+01 1.370177e+02  
2.063618e+00 1.580916e+01 4.311857e+01 7.019686e+01 1.344299e+02  
2.092383e+00 1.553643e+01 4.235659e+01 6.891871e+01 1.318739e+02  
2.121550e+00 1.526792e+01 4.160464e+01 6.765673e+01 1.293497e+02  
2.151123e+00 1.500354e+01 4.086262e+01 6.641083e+01 1.268574e+02  
2.181109e+00 1.474323e+01 4.013043e+01 6.518091e+01 1.243969e+02  
2.211512e+00 1.448690e+01 3.940797e+01 6.396686e+01 1.219682e+02  
2.242340e+00 1.423448e+01 3.869514e+01 6.276858e+01 1.195713e+02  
2.273597e+00 1.398591e+01 3.799185e+01 6.158598e+01 1.172061e+02  
2.305289e+00 1.374111e+01 3.729800e+01 6.041897e+01 1.148727e+02  
2.337424e+00 1.350001e+01 3.661351e+01 5.926744e+01 1.125710e+02  
2.370006e+00 1.326255e+01 3.593829e+01 5.813132e+01 1.103010e+02  
2.403043e+00 1.302867e+01 3.527224e+01 5.701050e+01 1.080626e+02  
2.436540e+00 1.279831e+01 3.461530e+01 5.590491e+01 1.058558e+02  
2.470504e+00 1.257141e+01 3.396737e+01 5.481445e+01 1.036805e+02  
2.504942e+00 1.234791e+01 3.332837e+01 5.373904e+01 1.015367e+02  
2.539859e+00 1.212776e+01 3.269823e+01 5.267859e+01 9.942425e+01  
2.575263e+00 1.191089e+01 3.207686e+01 5.163301e+01 9.734315e+01  
2.611161e+00 1.169729e+01 3.146419e+01 5.060223e+01 9.529329e+01  
2.647559e+00 1.148687e+01 3.086015e+01 4.958614e+01 9.327458e+01  
2.684465e+00 1.127959e+01 3.026466e+01 4.858468e+01 9.128691e+01  
2.721885e+00 1.107540e+01 2.967764e+01 4.760244e+01 8.933018e+01  
2.759826e+00 1.087426e+01 2.909902e+01 4.662528e+01 8.740427e+01  
2.798297e+00 1.067612e+01 2.852874e+01 4.566717e+01 8.550905e+01  
2.837304e+00 1.048093e+01 2.796673e+01 4.472334e+01 8.364439e+01  
2.876854e+00 1.028866e+01 2.741290e+01 4.379371e+01 8.181013e+01  
2.916956e+00 1.009926e+01 2.686720e+01 4.287820e+01 8.000613e+01  
2.957617e+00 9.912696e+00 2.632955e+01 4.197671e+01 7.823222e+01  
2.998844e+00 9.728921e+00 2.579990e+01 4.108915e+01 7.648822e+01  
3.040646e+00 9.547899e+00 2.527817e+01 4.021544e+01 7.477397e+01  
3.083031e+00 9.369593e+00 2.476429e+01 3.935550e+01 7.308925e+01  
3.126007e+00 9.193965e+00 2.425820e+01 3.850923e+01 7.143389e+01  
3.169582e+00 9.020976e+00 2.375984e+01 3.767654e+01 6.980766e+01  
3.213764e+00 8.850594e+00 2.326913e+01 3.685734e+01 6.821035e+01  
3.258562e+00 8.682784e+00 2.278602e+01 3.605154e+01 6.664174e+01  
3.303985e+00 8.517514e+00 2.231045e+01 3.525904e+01 6.510160e+01  
3.350041e+00 8.354749e+00 2.184234e+01 3.447975e+01 6.358967e+01  
3.396739e+00 8.194460e+00 2.138163e+01 3.371357e+01 6.210572e+01  
3.444087e+00 8.036615e+00 2.092827e+01 3.296040e+01 6.064949e+01  
3.492096e+00 7.881183e+00 2.048218e+01 3.222014e+01 5.922071e+01  
3.540774e+00 7.728134e+00 2.004331e+01 3.149270e+01 5.781912e+01  
3.590130e+00 7.577438e+00 1.961159e+01 3.077796e+01 5.644444e+01  
3.640175e+00 7.429068e+00 1.918696e+01 3.007582e+01 5.509640e+01  
3.690917e+00 7.282993e+00 1.876935e+01 2.938617e+01 5.377469e+01  
3.742366e+00 7.139186e+00 1.835872e+01 2.870891e+01 5.247904e+01  
3.794533e+00 6.997622e+00 1.795498e+01 2.804393e+01 5.120914e+01  
3.847427e+00 6.858272e+00 1.755808e+01 2.739110e+01 4.996469e+01  
3.901058e+00 6.721111e+00 1.716795e+01 2.675033e+01 4.874538e+01  
3.955436e+00 6.586113e+00 1.678454e+01 2.612148e+01 4.755091e+01  
4.010573e+00 6.453253e+00 1.640778e+01 2.550445e+01 4.638096e+01  
4.066478e+00 6.322505e+00 1.603761e+01 2.489912e+01 4.523521e+01  
4.123163e+00 6.193845e+00 1.567396e+01 2.430535e+01 4.411334e+01  
4.180637e+00 6.067249e+00 1.531677e+01 2.372304e+01 4.301502e+01  
4.238913e+00 5.942693e+00 1.496598e+01 2.315205e+01 4.193994e+01  
4.298001e+00 5.820153e+00 1.462153e+01 2.259226e+01 4.088776e+01  
4.357913e+00 5.699606e+00 1.428334e+01 2.204354e+01 3.985816e+01  
4.418660e+00 5.581029e+00 1.395135e+01 2.150577e+01 3.885080e+01  
4.480254e+00 5.464399e+00 1.362551e+01 2.097880e+01 3.786534e+01  
4.542706e+00 5.349694e+00 1.330574e+01 2.046251e+01 3.690147e+01  
4.606029e+00 5.236892e+00 1.299198e+01 1.995677e+01 3.595884e+01  
4.670234e+00 5.125971e+00 1.268416e+01 1.946144e+01 3.503711e+01  
4.735335e+00 5.016909e+00 1.238223e+01 1.897638e+01 3.413596e+01  
4.801343e+00 4.909685e+00 1.208610e+01 1.850147e+01 3.325505e+01  
4.868271e+00 4.804277e+00 1.179572e+01 1.803655e+01 3.239405e+01  
4.936132e+00 4.700664e+00 1.151101e+01 1.758150e+01 3.155262e+01  
5.004939e+00 4.598826e+00 1.123192e+01 1.713617e+01 3.073043e+01  
5.074705e+00 4.498741e+00 1.095837e+01 1.670042e+01 2.992715e+01  
5.145444e+00 4.400389e+00 1.069030e+01 1.627412e+01 2.914245e+01  
5.217169e+00 4.303750e+00 1.042763e+01 1.585712e+01 2.837599e+01  
5.289893e+00 4.208804e+00 1.017029e+01 1.544929e+01 2.762746e+01  
5.363631e+00 4.115327e+00 9.918232e+00 1.505048e+01 2.689653e+01  
5.438397e+00 4.023908e+00 9.671369e+00 1.466054e+01 2.618287e+01  
5.514206e+00 3.933920e+00 9.429636e+00 1.427935e+01 2.548616e+01  
5.591071e+00 3.845544e+00 9.192963e+00 1.390675e+01 2.480609e+01  
5.669007e+00 3.758762e+00 8.961280e+00 1.354261e+01 2.414234e+01  
5.748030e+00 3.673554e+00 8.734518e+00 1.318679e+01 2.349459e+01  
5.828155e+00 3.589901e+00 8.512605e+00 1.283914e+01 2.286253e+01  
5.909396e+00 3.507784e+00 8.295472e+00 1.249953e+01 2.224586e+01  
5.991770e+00 3.427183e+00 8.083047e+00 1.216782e+01 2.164427e+01  
6.075292e+00 3.348080e+00 7.875262e+00 1.184386e+01 2.105747e+01  
6.159978e+00 3.270456e+00 7.672043e+00 1.152752e+01 2.048513e+01  
6.245845e+00 3.194293e+00 7.473322e+00 1.121866e+01 1.992698e+01  
6.332908e+00 3.119571e+00 7.279034e+00 1.091715e+01 1.938273e+01  
6.421186e+00 3.046272e+00 7.089088e+00 1.062284e+01 1.885208e+01  
6.510694e+00 2.974378e+00 6.903435e+00 1.033561e+01 1.833475e+01  
6.601449e+00 2.903870e+00 6.721997e+00 1.005532e+01 1.783045e+01  
6.693470e+00 2.834731e+00 6.544985e+00 9.781838e+00 1.733892e+01  
6.786773e+00 2.766941e+00 6.371485e+00 9.515028e+00 1.685987e+01  
6.881377e+00 2.700484e+00 6.202273e+00 9.254765e+00 1.639303e+01  
6.977300e+00 2.635341e+00 6.036996e+00 9.000917e+00 1.593815e+01  
7.074559e+00 2.571492e+00 5.875587e+00 8.753355e+00 1.549495e+01  
7.173175e+00 2.508926e+00 5.717976e+00 8.511954e+00 1.506318e+01  
7.273165e+00 2.447619e+00 5.564095e+00 8.276588e+00 1.464258e+01  
7.374549e+00 2.387555e+00 5.413876e+00 8.047133e+00 1.423290e+01  
7.477346e+00 2.328717e+00 5.267252e+00 7.823466e+00 1.383389e+01  
7.581576e+00 2.271087e+00 5.124155e+00 7.605466e+00 1.344532e+01  
7.687260e+00 2.214648e+00 4.984519e+00 7.393013e+00 1.306694e+01  
7.794416e+00 2.159383e+00 4.848278e+00 7.185989e+00 1.269846e+01  
7.903066e+00 2.105275e+00 4.715367e+00 6.984278e+00 1.233982e+01  
8.013230e+00 2.052307e+00 4.585721e+00 6.787764e+00 1.199062e+01  
8.124930e+00 2.000462e+00 4.459327e+00 6.596333e+00 1.165070e+01  
8.238187e+00 1.949722e+00 4.335965e+00 6.409875e+00 1.131984e+01  
8.353023e+00 1.900071e+00 4.215729e+00 6.228278e+00 1.099782e+01  
8.469460e+00 1.851493e+00 4.098505e+00 6.051434e+00 1.068443e+01  
8.587519e+00 1.803970e+00 3.984230e+00 5.879236e+00 1.037946e+01  
8.707225e+00 1.757487e+00 3.872844e+00 5.711579e+00 1.008271e+01  
8.828599e+00 1.712026e+00 3.764286e+00 5.548359e+00 9.793987e+00  
8.951665e+00 1.667774e+00 3.658498e+00 5.389473e+00 9.513086e+00  
9.076446e+00 1.624108e+00 3.555419e+00 5.234821e+00 9.239817e+00  
9.202967e+00 1.581605e+00 3.454993e+00 5.084306e+00 8.973994e+00  
9.331251e+00 1.540099e+00 3.357161e+00 4.937829e+00 8.715431e+00  
9.461324e+00 1.499495e+00 3.261867e+00 4.795296e+00 8.463948e+00  
9.593209e+00 1.459830e+00 3.169056e+00 4.656612e+00 8.219369e+00  
9.726934e+00 1.421076e+00 3.078672e+00 4.521686e+00 7.981519e+00  
9.862522e+00 1.383216e+00 2.990662e+00 4.390427e+00 7.750229e+00  
1.000000e+01 1.346236e+00 2.904972e+00 4.262747e+00 7.525334e+00  
