1.000000e-02 7.445436e+03 1.378591e+04 1.880493e+04 2.824272e+04  
1.013939e-02 7.486656e+03 1.386192e+04 1.890830e+04 2.839718e+04  
1.028073e-02 7.527208e+03 1.393669e+04 1.900997e+04 2.854905e+04  
1.042404e-02 7.567066e+03 1.401017e+04 1.910986e+04 2.869824e+04  
1.056935e-02 7.606202e+03 1.408230e+04 1.920791e+04 2.884464e+04  
1.071668e-02 7.644586e+03 1.415303e+04 1.930404e+04 2.898814e+04  
1.086606e-02 7.682187e+03 1.422230e+04 1.939817e+04 2.912861e+04  
1.101753e-02 7.718975e+03 1.429005e+04 1.949022e+04 2.926595e+04  
1.117111e-02 7.754917e+03 1.435623e+04 1.958012e+04 2.940003e+04  
1.132683e-02 7.789983e+03 1.442078e+04 1.966779e+04 2.953073e+04  
1.148472e-02 7.824141e+03 1.448364e+04 1.975313e+04 2.965794e+04  
1.164481e-02 7.857358e+03 1.454475e+04 1.983609e+04 2.978153e+04  
1.180713e-02 7.889601e+03 1.460405e+04 1.991656e+04 2.990137e+04  
1.197171e-02 7.920838e+03 1.466147e+04 1.999446e+04 3.001733e+04  
1.213859e-02 7.951032e+03 1.471695e+04 2.006971e+04 3.012930e+04  
1.230780e-02 7.980152e+03 1.477044e+04 2.014223e+04 3.023713e+04  
1.247936e-02 8.008162e+03 1.482186e+04 2.021192e+04 3.034071e+04  
1.265332e-02 8.035029e+03 1.487115e+04 2.027870e+04 3.043990e+04  
1.282970e-02 8.060719e+03 1.491825e+04 2.034249e+04 3.053457e+04  
1.300854e-02 8.085197e+03 1.496310e+04 2.040320e+04 3.062459e+04  
1.318987e-02 8.108428e+03 1.500564e+04 2.046073e+04 3.070983e+04  
1.337373e-02 8.130379e+03 1.504579e+04 2.051501e+04 3.079017e+04  
1.356015e-02 8.151015e+03 1.508350e+04 2.056595e+04 3.086547e+04  
1.374917e-02 8.170304e+03 1.511871e+04 2.061346e+04 3.093561e+04  
1.394083e-02 8.188211e+03 1.515135e+04 2.065747e+04 3.100046e+04  
1.413516e-02 8.204704e+03 1.518136e+04 2.069788e+04 3.105990e+04  
1.433219e-02 8.219747e+03 1.520868e+04 2.073461e+04 3.111379e+04  
1.453198e-02 8.233302e+03 1.523323e+04 2.076756e+04 3.116200e+04  
1.473454e-02 8.245333e+03 1.525495e+04 2.079664e+04 3.120438e+04  
1.493993e-02 8.255802e+03 1.527378e+04 2.082176e+04 3.124079e+04  
1.514819e-02 8.264673e+03 1.528963e+04 2.084282e+04 3.127110e+04  
1.535935e-02 8.271909e+03 1.530245e+04 2.085974e+04 3.129517e+04  
1.557345e-02 8.277475e+03 1.531217e+04 2.087242e+04 3.131287e+04  
1.579053e-02 8.281336e+03 1.531873e+04 2.088077e+04 3.132406e+04  
1.601064e-02 8.283457e+03 1.532206e+04 2.088472e+04 3.132862e+04  
1.623382e-02 8.283802e+03 1.532209e+04 2.088417e+04 3.132642e+04  
1.646012e-02 8.282340e+03 1.531877e+04 2.087904e+04 3.131732e+04  
1.668956e-02 8.279038e+03 1.531204e+04 2.086925e+04 3.130123e+04  
1.692220e-02 8.273864e+03 1.530183e+04 2.085472e+04 3.127800e+04  
1.715809e-02 8.266790e+03 1.528811e+04 2.083537e+04 3.124755e+04  
1.739726e-02 8.257786e+03 1.527080e+04 2.081115e+04 3.120976e+04  
1.763977e-02 8.246821e+03 1.524986e+04 2.078196e+04 3.116452e+04  
1.788566e-02 8.233868e+03 1.522524e+04 2.074774e+04 3.111172e+04  
1.813498e-02 8.218899e+03 1.519688e+04 2.070843e+04 3.105126e+04  
1.838777e-02 8.201888e+03 1.516473e+04 2.066395e+04 3.098306e+04  
1.864409e-02 8.182812e+03 1.512877e+04 2.061426e+04 3.090702e+04  
1.890397e-02 8.161650e+03 1.508893e+04 2.055930e+04 3.082307e+04  
1.916748e-02 8.138382e+03 1.504520e+04 2.049901e+04 3.073113e+04  
1.943467e-02 8.112987e+03 1.499754e+04 2.043336e+04 3.063114e+04  
1.970558e-02 8.085444e+03 1.494589e+04 2.036229e+04 3.052302e+04  
1.998026e-02 8.055736e+03 1.489024e+04 2.028576e+04 3.040671e+04  
2.025878e-02 8.023848e+03 1.483056e+04 2.020372e+04 3.028214e+04  
2.054117e-02 7.989767e+03 1.476682e+04 2.011616e+04 3.014929e+04  
2.082751e-02 7.953484e+03 1.469901e+04 2.002305e+04 3.000812e+04  
2.111783e-02 7.914993e+03 1.462712e+04 1.992438e+04 2.985862e+04  
2.141220e-02 7.874290e+03 1.455114e+04 1.982014e+04 2.970077e+04  
2.171068e-02 7.831373e+03 1.447107e+04 1.971033e+04 2.953458e+04  
2.201331e-02 7.786243e+03 1.438692e+04 1.959495e+04 2.936004e+04  
2.232016e-02 7.738906e+03 1.429869e+04 1.947403e+04 2.917720e+04  
2.263130e-02 7.689372e+03 1.420640e+04 1.934758e+04 2.898609e+04  
2.294676e-02 7.637657e+03 1.411009e+04 1.921565e+04 2.878677e+04  
2.326663e-02 7.583781e+03 1.400979e+04 1.907830e+04 2.857934e+04  
2.359095e-02 7.527762e+03 1.390554e+04 1.893558e+04 2.836387e+04  
2.391980e-02 7.469617e+03 1.379737e+04 1.878752e+04 2.814043e+04  
2.425323e-02 7.409367e+03 1.368533e+04 1.863419e+04 2.790909e+04  
2.459130e-02 7.347039e+03 1.356945e+04 1.847565e+04 2.766998e+04  
2.493409e-02 7.282664e+03 1.344981e+04 1.831199e+04 2.742321e+04  
2.528166e-02 7.216282e+03 1.332647e+04 1.814332e+04 2.716895e+04  
2.563407e-02 7.147938e+03 1.319953e+04 1.796974e+04 2.690736e+04  
2.599140e-02 7.077679e+03 1.306907e+04 1.779138e+04 2.663864e+04  
2.635371e-02 7.005549e+03 1.293517e+04 1.760836e+04 2.636295e+04  
2.672106e-02 6.931595e+03 1.279792e+04 1.742079e+04 2.608048e+04  
2.709354e-02 6.855876e+03 1.265743e+04 1.722882e+04 2.579147e+04  
2.747121e-02 6.778455e+03 1.251382e+04 1.703263e+04 2.549614e+04  
2.785414e-02 6.699403e+03 1.236722e+04 1.683238e+04 2.519478e+04  
2.824241e-02 6.618800e+03 1.221779e+04 1.662829e+04 2.488770e+04  
2.863610e-02 6.536731e+03 1.206567e+04 1.642057e+04 2.457521e+04  
2.903527e-02 6.453267e+03 1.191101e+04 1.620941e+04 2.425760e+04  
2.944000e-02 6.368484e+03 1.175394e+04 1.599499e+04 2.393516e+04  
2.985038e-02 6.282468e+03 1.159463e+04 1.577753e+04 2.360821e+04  
3.026648e-02 6.195312e+03 1.143323e+04 1.555727e+04 2.327711e+04  
3.068838e-02 6.107116e+03 1.126996e+04 1.533447e+04 2.294225e+04  
3.111616e-02 6.017994e+03 1.110500e+04 1.510942e+04 2.260405e+04  
3.154990e-02 5.928063e+03 1.093859e+04 1.488240e+04 2.226296e+04  
3.198969e-02 5.837422e+03 1.077090e+04 1.465367e+04 2.191936e+04  
3.243561e-02 5.746168e+03 1.060211e+04 1.442348e+04 2.157362e+04  
3.288774e-02 5.654408e+03 1.043243e+04 1.419209e+04 2.122613e+04  
3.334618e-02 5.562256e+03 1.026205e+04 1.395980e+04 2.087734e+04  
3.381101e-02 5.469835e+03 1.009122e+04 1.372690e+04 2.052770e+04  
3.428231e-02 5.377278e+03 9.920169e+03 1.349374e+04 2.017772e+04  
3.476019e-02 5.284726e+03 9.749166e+03 1.326068e+04 1.982793e+04  
3.524473e-02 5.192303e+03 9.578437e+03 1.302802e+04 1.947880e+04  
3.573602e-02 5.100121e+03 9.408189e+03 1.279604e+04 1.913074e+04  
3.623416e-02 5.008302e+03 9.238643e+03 1.256504e+04 1.878421e+04  
3.673925e-02 4.916971e+03 9.070035e+03 1.233535e+04 1.843969e+04  
3.725137e-02 4.826266e+03 8.902614e+03 1.210730e+04 1.809769e+04  
3.777064e-02 4.736333e+03 8.736648e+03 1.188127e+04 1.775874e+04  
3.829714e-02 4.647323e+03 8.572418e+03 1.165762e+04 1.742343e+04  
3.883098e-02 4.559361e+03 8.410151e+03 1.143666e+04 1.709221e+04  
3.937226e-02 4.472529e+03 8.249996e+03 1.121861e+04 1.676538e+04  
3.992109e-02 4.386908e+03 8.092103e+03 1.100366e+04 1.644325e+04  
4.047757e-02 4.302584e+03 7.936628e+03 1.079203e+04 1.612613e+04  
4.104181e-02 4.219644e+03 7.783731e+03 1.058393e+04 1.581435e+04  
4.161391e-02 4.138180e+03 7.633579e+03 1.037958e+04 1.550825e+04  
4.219398e-02 4.058286e+03 7.486344e+03 1.017923e+04 1.520817e+04  
4.278214e-02 3.980064e+03 7.342211e+03 9.983114e+03 1.491449e+04  
4.337850e-02 3.903628e+03 7.201387e+03 9.791521e+03 1.462762e+04  
4.398317e-02 3.829095e+03 7.064088e+03 9.604742e+03 1.434801e+04  
4.459628e-02 3.756591e+03 6.930540e+03 9.423080e+03 1.407610e+04  
4.521792e-02 3.686245e+03 6.800978e+03 9.246854e+03 1.381237e+04  
4.584824e-02 3.618190e+03 6.675645e+03 9.076392e+03 1.355731e+04  
4.648734e-02 3.552567e+03 6.554792e+03 8.912033e+03 1.331142e+04  
4.713535e-02 3.489465e+03 6.438584e+03 8.753999e+03 1.307503e+04  
4.779239e-02 3.428892e+03 6.327031e+03 8.602302e+03 1.284817e+04  
4.845859e-02 3.370842e+03 6.220119e+03 8.456921e+03 1.263080e+04  
4.913407e-02 3.315301e+03 6.117820e+03 8.317817e+03 1.242285e+04  
4.981898e-02 3.262250e+03 6.020095e+03 8.184934e+03 1.222425e+04  
5.051342e-02 3.211658e+03 5.926887e+03 8.058193e+03 1.203487e+04  
5.121755e-02 3.163492e+03 5.838129e+03 7.937503e+03 1.185459e+04  
5.193150e-02 3.117719e+03 5.753759e+03 7.822778e+03 1.168326e+04  
5.265540e-02 3.074300e+03 5.673704e+03 7.713915e+03 1.152073e+04  
5.338938e-02 3.033187e+03 5.597870e+03 7.610787e+03 1.136683e+04  
5.413360e-02 2.994322e+03 5.526150e+03 7.513247e+03 1.122131e+04  
5.488820e-02 2.957637e+03 5.458415e+03 7.421118e+03 1.108393e+04  
5.565331e-02 2.923063e+03 5.394535e+03 7.334221e+03 1.095442e+04  
5.642908e-02 2.890535e+03 5.334391e+03 7.252395e+03 1.083252e+04  
5.721568e-02 2.859984e+03 5.277850e+03 7.175459e+03 1.071798e+04  
5.801323e-02 2.831328e+03 5.224760e+03 7.103202e+03 1.061049e+04  
5.882190e-02 2.804472e+03 5.174947e+03 7.035390e+03 1.050968e+04  
5.964185e-02 2.779307e+03 5.128204e+03 6.971741e+03 1.041515e+04  
6.047322e-02 2.755678e+03 5.084251e+03 6.911874e+03 1.032633e+04  
6.131619e-02 2.733407e+03 5.042757e+03 6.855341e+03 1.024254e+04  
6.217090e-02 2.712294e+03 5.003359e+03 6.801651e+03 1.016307e+04  
6.303753e-02 2.692123e+03 4.965660e+03 6.750264e+03 1.008710e+04  
6.391624e-02 2.672664e+03 4.929243e+03 6.700618e+03 1.001379e+04  
6.480720e-02 2.653724e+03 4.893752e+03 6.652233e+03 9.942439e+03  
6.571058e-02 2.635105e+03 4.858832e+03 6.604627e+03 9.872323e+03  
6.662655e-02 2.616594e+03 4.824096e+03 6.557278e+03 9.802662e+03  
6.755528e-02 2.597961e+03 4.789124e+03 6.509620e+03 9.732613e+03  
6.849697e-02 2.578971e+03 4.753495e+03 6.461084e+03 9.661327e+03  
6.945178e-02 2.559407e+03 4.716817e+03 6.411142e+03 9.588013e+03  
7.041990e-02 2.539038e+03 4.678673e+03 6.359234e+03 9.511833e+03  
7.140151e-02 2.517614e+03 4.638617e+03 6.304758e+03 9.431884e+03  
7.239681e-02 2.494880e+03 4.596193e+03 6.247098e+03 9.347245e+03  
7.340598e-02 2.470644e+03 4.551057e+03 6.185796e+03 9.257221e+03  
7.442922e-02 2.444730e+03 4.502896e+03 6.120430e+03 9.161178e+03  
7.546673e-02 2.416949e+03 4.451377e+03 6.050551e+03 9.058439e+03  
7.651869e-02 2.387110e+03 4.396164e+03 5.975709e+03 8.948320e+03  
7.758532e-02 2.355106e+03 4.337070e+03 5.895653e+03 8.830437e+03  
7.866682e-02 2.320872e+03 4.273985e+03 5.810239e+03 8.704565e+03  
7.976339e-02 2.284343e+03 4.206800e+03 5.719320e+03 8.570476e+03  
8.087525e-02 2.245466e+03 4.135426e+03 5.622780e+03 8.427986e+03  
8.200261e-02 2.204271e+03 4.059927e+03 5.520703e+03 8.277213e+03  
8.314568e-02 2.160828e+03 3.980435e+03 5.413274e+03 8.118423e+03  
8.430468e-02 2.115219e+03 3.897104e+03 5.300699e+03 7.951919e+03  
8.547985e-02 2.067556e+03 3.810142e+03 5.183261e+03 7.778120e+03  
8.667139e-02 2.018025e+03 3.719888e+03 5.061418e+03 7.597706e+03  
8.787954e-02 1.966838e+03 3.626727e+03 4.935691e+03 7.411455e+03  
8.910453e-02 1.914231e+03 3.531084e+03 4.806654e+03 7.220228e+03  
9.034660e-02 1.860471e+03 3.433446e+03 4.674963e+03 7.025005e+03  
9.160598e-02 1.805863e+03 3.334358e+03 4.541352e+03 6.826892e+03  
9.288292e-02 1.750736e+03 3.234412e+03 4.406621e+03 6.627087e+03  
9.417766e-02 1.695448e+03 3.134248e+03 4.271633e+03 6.426887e+03  
9.549045e-02 1.640361e+03 3.034515e+03 4.137260e+03 6.227606e+03  
9.682153e-02 1.585838e+03 2.935862e+03 4.004375e+03 6.030555e+03  
9.817117e-02 1.532272e+03 2.838987e+03 3.873917e+03 5.837143e+03  
9.953962e-02 1.480078e+03 2.744631e+03 3.746883e+03 5.648868e+03  
1.009272e-01 1.429619e+03 2.653440e+03 3.624138e+03 5.467029e+03  
1.023340e-01 1.381197e+03 2.565948e+03 3.506400e+03 5.292699e+03  
1.037605e-01 1.335131e+03 2.482720e+03 3.394426e+03 5.127011e+03  
1.052069e-01 1.291744e+03 2.404328e+03 3.288980e+03 4.971109e+03  
1.066734e-01 1.251241e+03 2.331133e+03 3.190544e+03 4.825710e+03  
1.081604e-01 1.213769e+03 2.263388e+03 3.099456e+03 4.691319e+03  
1.096681e-01 1.179478e+03 2.201356e+03 3.016065e+03 4.568452e+03  
1.111968e-01 1.148466e+03 2.145204e+03 2.940589e+03 4.457436e+03  
1.127468e-01 1.120703e+03 2.094869e+03 2.872940e+03 4.358137e+03  
1.143184e-01 1.096130e+03 2.050238e+03 2.812965e+03 4.270325e+03  
1.159120e-01 1.074669e+03 2.011165e+03 2.760461e+03 4.193700e+03  
1.175277e-01 1.056169e+03 1.977371e+03 2.715052e+03 4.127703e+03  
1.191660e-01 1.040436e+03 1.948501e+03 2.676259e+03 4.071623e+03  
1.208271e-01 1.027249e+03 1.924157e+03 2.643544e+03 4.024665e+03  
1.225114e-01 1.016339e+03 1.903850e+03 2.616251e+03 3.985853e+03  
1.242191e-01 1.007385e+03 1.887005e+03 2.593607e+03 3.954041e+03  
1.259506e-01 1.000034e+03 1.872992e+03 2.574766e+03 3.927971e+03  
1.277063e-01 9.938976e+02 1.861113e+03 2.558793e+03 3.906249e+03  
1.294865e-01 9.885417e+02 1.850601e+03 2.544658e+03 3.887334e+03  
1.312915e-01 9.834987e+02 1.840627e+03 2.531250e+03 3.869559e+03  
1.331216e-01 9.783047e+02 1.830373e+03 2.517472e+03 3.851271e+03  
1.349772e-01 9.724997e+02 1.819029e+03 2.502240e+03 3.830829e+03  
1.368587e-01 9.655988e+02 1.805748e+03 2.484414e+03 3.806499e+03  
1.387665e-01 9.572082e+02 1.789842e+03 2.463073e+03 3.776872e+03  
1.407008e-01 9.469866e+02 1.770720e+03 2.437421e+03 3.740724e+03  
1.426621e-01 9.346076e+02 1.747817e+03 2.406701e+03 3.696883e+03  
1.446507e-01 9.199137e+02 1.720866e+03 2.370553e+03 3.644780e+03  
1.466671e-01 9.028001e+02 1.689695e+03 2.328743e+03 3.584041e+03  
1.487115e-01 8.832458e+02 1.654274e+03 2.281236e+03 3.514592e+03  
1.507845e-01 8.613902e+02 1.614859e+03 2.228372e+03 3.436942e+03  
1.528864e-01 8.374169e+02 1.571777e+03 2.170594e+03 3.351758e+03  
1.550175e-01 8.116359e+02 1.525577e+03 2.108641e+03 3.260167e+03  
1.571784e-01 7.844454e+02 1.476962e+03 2.043459e+03 3.163611e+03  
1.593694e-01 7.563048e+02 1.426737e+03 1.976130e+03 3.063749e+03  
1.615909e-01 7.277604e+02 1.375858e+03 1.907941e+03 2.962543e+03  
1.638434e-01 6.993946e+02 1.325342e+03 1.840255e+03 2.862076e+03  
1.661273e-01 6.717514e+02 1.276137e+03 1.774344e+03 2.764280e+03  
1.684430e-01 6.453800e+02 1.229199e+03 1.711486e+03 2.671093e+03  
1.707910e-01 6.207386e+02 1.185322e+03 1.652742e+03 2.584116e+03  
1.731717e-01 5.982074e+02 1.145164e+03 1.598988e+03 2.504667e+03  
1.755856e-01 5.780729e+02 1.109218e+03 1.550877e+03 2.433720e+03  
1.780332e-01 5.604614e+02 1.077697e+03 1.508688e+03 2.371687e+03  
1.805149e-01 5.454358e+02 1.050701e+03 1.472552e+03 2.318756e+03  
1.830312e-01 5.329297e+02 1.028106e+03 1.442298e+03 2.274666e+03  
1.855825e-01 5.228195e+02 1.009689e+03 1.417624e+03 2.238963e+03  
1.881694e-01 5.148792e+02 9.950473e+02 1.397992e+03 2.210841e+03  
1.907924e-01 5.088206e+02 9.836734e+02 1.382722e+03 2.189285e+03  
1.934520e-01 5.042522e+02 9.748810e+02 1.370898e+03 2.172924e+03  
1.961486e-01 5.007205e+02 9.678795e+02 1.361466e+03 2.160175e+03  
1.988828e-01 4.977022e+02 9.617603e+02 1.353213e+03 2.149210e+03  
2.016551e-01 4.946442e+02 9.555674e+02 1.344862e+03 2.138095e+03  
2.044661e-01 4.910124e+02 9.483809e+02 1.335184e+03 2.124957e+03  
2.073162e-01 4.863142e+02 9.393560e+02 1.323049e+03 2.108063e+03  
2.102061e-01 4.801761e+02 9.278558e+02 1.307602e+03 2.086098e+03  
2.131362e-01 4.723408e+02 9.134451e+02 1.288262e+03 2.058157e+03  
2.161073e-01 4.627124e+02 8.959669e+02 1.264818e+03 2.023907e+03  
2.191197e-01 4.513397e+02 8.755134e+02 1.237393e+03 1.983533e+03  
2.221741e-01 4.384073e+02 8.524083e+02 1.206425e+03 1.937702e+03  
2.252711e-01 4.242468e+02 8.272265e+02 1.172685e+03 1.887604e+03  
2.284112e-01 4.092841e+02 8.007026e+02 1.137158e+03 1.834755e+03  
2.315951e-01 3.940198e+02 7.736961e+02 1.100998e+03 1.780922e+03  
2.348235e-01 3.789703e+02 7.470915e+02 1.065384e+03 1.727913e+03  
2.380968e-01 3.646406e+02 7.217510e+02 1.031468e+03 1.677473e+03  
2.414157e-01 3.514535e+02 6.983936e+02 1.000203e+03 1.631045e+03  
2.447809e-01 3.397425e+02 6.775841e+02 9.723371e+02 1.589749e+03  
2.481930e-01 3.297087e+02 6.596591e+02 9.483130e+02 1.554239e+03  
2.516527e-01 3.214215e+02 6.447297e+02 9.282726e+02 1.524718e+03  
2.551606e-01 3.148202e+02 6.326843e+02 9.120637e+02 1.500948e+03  
2.587174e-01 3.096926e+02 6.231550e+02 8.991942e+02 1.482185e+03  
2.623238e-01 3.057135e+02 6.155819e+02 8.889195e+02 1.467308e+03  
2.659804e-01 3.024737e+02 6.092659e+02 8.803106e+02 1.454917e+03  
2.696881e-01 2.995174e+02 6.034311e+02 8.723371e+02 1.443459e+03  
2.734474e-01 2.964032e+02 5.973297e+02 8.640053e+02 1.431431e+03  
2.772591e-01 2.927402e+02 5.903020e+02 8.544386e+02 1.417501e+03  
2.811239e-01 2.882230e+02 5.818360e+02 8.429562e+02 1.400635e+03  
2.850426e-01 2.826649e+02 5.716211e+02 8.291463e+02 1.380205e+03  
2.890160e-01 2.760264e+02 5.595969e+02 8.129306e+02 1.356096e+03  
2.930447e-01 2.684262e+02 5.459688e+02 7.945852e+02 1.328732e+03  
2.971296e-01 2.601290e+02 5.311878e+02 7.747125e+02 1.299040e+03  
3.012714e-01 2.515049e+02 5.158791e+02 7.541456e+02 1.268288e+03  
3.054710e-01 2.429605e+02 5.007273e+02 7.337939e+02 1.237857e+03  
3.097291e-01 2.348738e+02 4.863657e+02 7.144952e+02 1.209009e+03  
3.140465e-01 2.275447e+02 4.732943e+02 6.969084e+02 1.182727e+03  
3.184242e-01 2.211717e+02 4.618408e+02 6.814623e+02 1.159644e+03  
3.228628e-01 2.158345e+02 4.521332e+02 6.683216e+02 1.139994e+03  
3.273634e-01 2.114750e+02 4.440686e+02 6.573467e+02 1.123559e+03  
3.319266e-01 2.079125e+02 4.373403e+02 6.481302e+02 1.109725e+03  
3.365535e-01 2.048730e+02 4.314880e+02 6.400639e+02 1.097581e+03  
3.412449e-01 2.020338e+02 4.259723e+02 6.324367e+02 1.086063e+03  
3.460016e-01 1.990811e+02 4.202717e+02 6.245614e+02 1.074146e+03  
3.508247e-01 1.957585e+02 4.139619e+02 6.158799e+02 1.060997e+03  
3.557150e-01 1.919032e+02 4.067765e+02 6.060426e+02 1.046099e+03  
3.606735e-01 1.874794e+02 3.986599e+02 5.949790e+02 1.029352e+03  
3.657011e-01 1.825778e+02 3.897658e+02 5.828940e+02 1.011070e+03  
3.707988e-01 1.773980e+02 3.804272e+02 5.702282e+02 9.919180e+02  
3.759675e-01 1.721923e+02 3.710613e+02 5.575310e+02 9.727166e+02  
3.812083e-01 1.672072e+02 3.620739e+02 5.453346e+02 9.542550e+02  
3.865221e-01 1.626481e+02 3.538010e+02 5.340772e+02 9.371761e+02  
3.919100e-01 1.586401e+02 3.464445e+02 5.240200e+02 9.218568e+02  
3.973730e-01 1.552020e+02 3.400315e+02 5.151952e+02 9.083356e+02  
4.029122e-01 1.522490e+02 3.344194e+02 5.074142e+02 8.963284e+02  
4.085286e-01 1.496058e+02 3.293192e+02 5.002979e+02 8.852755e+02  
4.142232e-01 1.470696e+02 3.243984e+02 4.934127e+02 8.745405e+02  
4.199973e-01 1.444570e+02 3.193584e+02 4.863874e+02 8.635561e+02  
4.258518e-01 1.416383e+02 3.139895e+02 4.789151e+02 8.519290e+02  
4.317880e-01 1.385539e+02 3.081974e+02 4.708926e+02 8.394887e+02  
4.378069e-01 1.352359e+02 3.020363e+02 4.623745e+02 8.263473e+02  
4.439097e-01 1.318022e+02 2.956989e+02 4.536300e+02 8.128764e+02  
4.500975e-01 1.284119e+02 2.894430e+02 4.450125e+02 7.995626e+02  
4.563716e-01 1.252043e+02 2.834925e+02 4.368116e+02 7.868222e+02  
4.627332e-01 1.222658e+02 2.779847e+02 4.291665e+02 7.749040e+02  
4.691835e-01 1.196347e+02 2.729790e+02 4.221699e+02 7.639088e+02  
4.757236e-01 1.172714e+02 2.684093e+02 4.157349e+02 7.537069e+02  
4.823549e-01 1.150724e+02 2.641084e+02 4.096450e+02 7.439864e+02  
4.890787e-01 1.129140e+02 2.598781e+02 4.036451e+02 7.343837e+02  
4.958962e-01 1.107088e+02 2.555795e+02 3.975577e+02 7.246482e+02  
5.028087e-01 1.084043e+02 2.511299e+02 3.912776e+02 7.146349e+02  
5.098176e-01 1.060021e+02 2.465334e+02 3.848116e+02 7.043572e+02  
5.169242e-01 1.035601e+02 2.418827e+02 3.782791e+02 6.939867e+02  
5.241298e-01 1.011665e+02 2.373174e+02 3.718588e+02 6.837750e+02  
5.314359e-01 9.889018e+01 2.329456e+02 3.656875e+02 6.739119e+02  
5.388438e-01 9.677102e+01 2.288287e+02 3.598425e+02 6.645016e+02  
5.463550e-01 9.480984e+01 2.249667e+02 3.543223e+02 6.555387e+02  
5.539709e-01 9.295908e+01 2.212839e+02 3.490301e+02 6.468871e+02  
5.616930e-01 9.115633e+01 2.176823e+02 3.438417e+02 6.383752e+02  
5.695227e-01 8.935108e+01 2.140832e+02 3.386582e+02 6.298682e+02  
5.774615e-01 8.751791e+01 2.104477e+02 3.334310e+02 6.213022e+02  
5.855110e-01 8.566341e+01 2.067865e+02 3.281746e+02 6.126990e+02  
5.936727e-01 8.382530e+01 2.031585e+02 3.229629e+02 6.041598e+02  
6.019482e-01 8.204495e+01 1.996270e+02 3.178755e+02 5.957915e+02  
6.103390e-01 8.034701e+01 1.962296e+02 3.129583e+02 5.876544e+02  
6.188468e-01 7.873897e+01 1.929767e+02 3.082239e+02 5.797632e+02  
6.274732e-01 7.719896e+01 1.898344e+02 3.036294e+02 5.720594e+02  
6.362198e-01 7.569376e+01 1.867515e+02 2.991112e+02 5.644588e+02  
6.450884e-01 7.419844e+01 1.836903e+02 2.946228e+02 5.569008e+02  
6.540806e-01 7.271265e+01 1.806503e+02 2.901641e+02 5.493862e+02  
6.631981e-01 7.124042e+01 1.776379e+02 2.857429e+02 5.419260e+02  
6.724427e-01 6.980348e+01 1.746857e+02 2.813993e+02 5.345720e+02  
6.818162e-01 6.841636e+01 1.718151e+02 2.771593e+02 5.273568e+02  
6.913204e-01 6.707262e+01 1.690162e+02 2.730104e+02 5.202640e+02  
7.009570e-01 6.576508e+01 1.662779e+02 2.689390e+02 5.132756e+02  
7.107280e-01 6.448766e+01 1.635910e+02 2.649339e+02 5.063773e+02  
7.206351e-01 6.323834e+01 1.609523e+02 2.609912e+02 4.995642e+02  
7.306804e-01 6.201559e+01 1.583596e+02 2.571078e+02 4.928325e+02  
7.408657e-01 6.081782e+01 1.558103e+02 2.532810e+02 4.861785e+02  
7.511929e-01 5.964476e+01 1.533039e+02 2.495100e+02 4.796015e+02  
7.616642e-01 5.849745e+01 1.508419e+02 2.457964e+02 4.731032e+02  
7.722814e-01 5.737700e+01 1.484256e+02 2.421419e+02 4.666855e+02  
7.830465e-01 5.628418e+01 1.460560e+02 2.385475e+02 4.603493e+02  
7.939618e-01 5.521789e+01 1.437314e+02 2.350109e+02 4.540917e+02  
8.050292e-01 5.417626e+01 1.414489e+02 2.315288e+02 4.479085e+02  
8.162509e-01 5.315727e+01 1.392054e+02 2.280974e+02 4.417953e+02  
8.276289e-01 5.215955e+01 1.369989e+02 2.247144e+02 4.357490e+02  
8.391656e-01 5.118301e+01 1.348292e+02 2.213795e+02 4.297694e+02  
8.508632e-01 5.022767e+01 1.326962e+02 2.180924e+02 4.238560e+02  
8.627237e-01 4.929345e+01 1.305996e+02 2.148528e+02 4.180083e+02  
8.747496e-01 4.838002e+01 1.285388e+02 2.116599e+02 4.122253e+02  
8.869432e-01 4.748682e+01 1.265130e+02 2.085126e+02 4.065056e+02  
8.993067e-01 4.661321e+01 1.245211e+02 2.054098e+02 4.008478e+02  
9.118425e-01 4.575853e+01 1.225620e+02 2.023501e+02 3.952502e+02  
9.245531e-01 4.492220e+01 1.206350e+02 1.993325e+02 3.897117e+02  
9.374409e-01 4.410363e+01 1.187390e+02 1.963558e+02 3.842309e+02  
9.505083e-01 4.330214e+01 1.168730e+02 1.934189e+02 3.788064e+02  
9.637579e-01 4.251724e+01 1.150362e+02 1.905209e+02 3.734373e+02  
9.771921e-01 4.174868e+01 1.132283e+02 1.876613e+02 3.681229e+02  
9.908137e-01 4.099618e+01 1.114488e+02 1.848394e+02 3.628625e+02  
1.004625e+00 4.025941e+01 1.096971e+02 1.820546e+02 3.576553e+02  
1.018629e+00 3.953796e+01 1.079725e+02 1.793062e+02 3.525005e+02  
1.032828e+00 3.883138e+01 1.062744e+02 1.765933e+02 3.473972e+02  
1.047225e+00 3.813915e+01 1.046020e+02 1.739151e+02 3.423444e+02  
1.061823e+00 3.746080e+01 1.029547e+02 1.712708e+02 3.373414e+02  
1.076624e+00 3.679607e+01 1.013319e+02 1.686598e+02 3.323875e+02  
1.091632e+00 3.614466e+01 9.973319e+01 1.660817e+02 3.274822e+02  
1.106848e+00 3.550623e+01 9.815811e+01 1.635358e+02 3.226249e+02  
1.122277e+00 3.488048e+01 9.660616e+01 1.610216e+02 3.178151e+02  
1.137921e+00 3.426710e+01 9.507686e+01 1.585386e+02 3.130521e+02  
1.153783e+00 3.366574e+01 9.356971e+01 1.560862e+02 3.083355e+02  
1.169866e+00 3.307604e+01 9.208418e+01 1.536638e+02 3.036647e+02  
1.186174e+00 3.249774e+01 9.061987e+01 1.512710e+02 2.990393e+02  
1.202708e+00 3.193057e+01 8.917637e+01 1.489072e+02 2.944588e+02  
1.219473e+00 3.137421e+01 8.775323e+01 1.465721e+02 2.899228e+02  
1.236472e+00 3.082838e+01 8.635005e+01 1.442652e+02 2.854310e+02  
1.253708e+00 3.029286e+01 8.496647e+01 1.419861e+02 2.809829e+02  
1.271184e+00 2.976737e+01 8.360212e+01 1.397343e+02 2.765783e+02  
1.288904e+00 2.925166e+01 8.225660e+01 1.375095e+02 2.722169e+02  
1.306870e+00 2.874547e+01 8.092959e+01 1.353113e+02 2.678982e+02  
1.325087e+00 2.824862e+01 7.962079e+01 1.331395e+02 2.636222e+02  
1.343558e+00 2.776085e+01 7.832983e+01 1.309935e+02 2.593885e+02  
1.362287e+00 2.728193e+01 7.705641e+01 1.288731e+02 2.551969e+02  
1.381276e+00 2.681167e+01 7.580024e+01 1.267779e+02 2.510472e+02  
1.400531e+00 2.634986e+01 7.456104e+01 1.247078e+02 2.469391e+02  
1.420053e+00 2.589630e+01 7.333851e+01 1.226623e+02 2.428726e+02  
1.439848e+00 2.545078e+01 7.213237e+01 1.206412e+02 2.388474e+02  
1.459919e+00 2.501313e+01 7.094239e+01 1.186443e+02 2.348634e+02  
1.480269e+00 2.458315e+01 6.976829e+01 1.166712e+02 2.309204e+02  
1.500903e+00 2.416065e+01 6.860981e+01 1.147217e+02 2.270183e+02  
1.521825e+00 2.374547e+01 6.746673e+01 1.127955e+02 2.231570e+02  
1.543038e+00 2.333747e+01 6.633884e+01 1.108925e+02 2.193365e+02  
1.564548e+00 2.293645e+01 6.522591e+01 1.090124e+02 2.155565e+02  
1.586357e+00 2.254228e+01 6.412772e+01 1.071550e+02 2.118171e+02  
1.608469e+00 2.215479e+01 6.304407e+01 1.053201e+02 2.081181e+02  
1.630891e+00 2.177385e+01 6.197476e+01 1.035075e+02 2.044595e+02  
1.653624e+00 2.139930e+01 6.091959e+01 1.017169e+02 2.008412e+02  
1.676675e+00 2.103098e+01 5.987836e+01 9.994823e+01 1.972632e+02  
1.700047e+00 2.066878e+01 5.885091e+01 9.820127e+01 1.937254e+02  
1.723745e+00 2.031256e+01 5.783704e+01 9.647584e+01 1.902278e+02  
1.747773e+00 1.996216e+01 5.683659e+01 9.477176e+01 1.867703e+02  
1.772136e+00 1.961749e+01 5.584938e+01 9.308886e+01 1.833530e+02  
1.796838e+00 1.927844e+01 5.487529e+01 9.142701e+01 1.799758e+02  
1.821885e+00 1.894488e+01 5.391414e+01 8.978603e+01 1.766386e+02  
1.847281e+00 1.861669e+01 5.296579e+01 8.816577e+01 1.733414e+02  
1.873032e+00 1.829379e+01 5.203009e+01 8.656609e+01 1.701155e+02  
1.899141e+00 1.797607e+01 5.110692e+01 8.498684e+01 1.668672e+02  
1.925614e+00 1.766340e+01 5.019611e+01 8.342788e+01 1.636900e+02  
1.952456e+00 1.735569e+01 4.929753e+01 8.188906e+01 1.605528e+02  
1.979672e+00 1.705286e+01 4.841107e+01 8.037026e+01 1.574555e+02  
2.007267e+00 1.675479e+01 4.753659e+01 7.887134e+01 1.543980e+02  
2.035248e+00 1.646141e+01 4.667396e+01 7.739216e+01 1.513804e+02  
2.063618e+00 1.617261e+01 4.582307e+01 7.593260e+01 1.484027e+02  
2.092383e+00 1.588832e+01 4.498379e+01 7.449254e+01 1.454647e+02  
2.121550e+00 1.560844e+01 4.415343e+01 7.307184e+01 1.425664e+02  
2.151123e+00 1.533290e+01 4.333961e+01 7.167038e+01 1.397078e+02  
2.181109e+00 1.506162e+01 4.253449e+01 7.028805e+01 1.368888e+02  
2.211512e+00 1.479454e+01 4.174055e+01 6.892473e+01 1.341094e+02  
2.242340e+00 1.453157e+01 4.095767e+01 6.758030e+01 1.313694e+02  
2.273597e+00 1.427265e+01 4.018576e+01 6.625463e+01 1.286688e+02  
2.305289e+00 1.401770e+01 3.942470e+01 6.494762e+01 1.260075e+02  
2.337424e+00 1.376666e+01 3.867441e+01 6.365915e+01 1.233854e+02  
2.370006e+00 1.351944e+01 3.793476e+01 6.238909e+01 1.208024e+02  
2.403043e+00 1.327600e+01 3.720568e+01 6.113734e+01 1.182584e+02  
2.436540e+00 1.303627e+01 3.648707e+01 5.990378e+01 1.157533e+02  
2.470504e+00 1.280019e+01 3.577883e+01 5.868830e+01 1.132868e+02  
2.504942e+00 1.256771e+01 3.508088e+01 5.749078e+01 1.108589e+02  
2.539859e+00 1.233877e+01 3.439311e+01 5.631111e+01 1.084694e+02  
2.575263e+00 1.211331e+01 3.371544e+01 5.514918e+01 1.061181e+02  
2.611161e+00 1.189128e+01 3.304778e+01 5.400486e+01 1.038049e+02  
2.647559e+00 1.167262e+01 3.239004e+01 5.287804e+01 1.015295e+02  
2.684465e+00 1.145729e+01 3.174213e+01 5.176861e+01 9.929181e+01  
2.721885e+00 1.124524e+01 3.110397e+01 5.067645e+01 9.709153e+01  
2.759826e+00 1.103643e+01 3.047546e+01 4.960144e+01 9.492846e+01  
2.798297e+00 1.083076e+01 2.985653e+01 4.854346e+01 9.280237e+01  
2.837304e+00 1.062825e+01 2.924709e+01 4.750571e+01 9.071301e+01  
2.876854e+00 1.042883e+01 2.864705e+01 4.647812e+01 8.866012e+01  
2.916956e+00 1.023246e+01 2.805633e+01 4.547052e+01 8.664344e+01  
2.957617e+00 1.003909e+01 2.747485e+01 4.447946e+01 8.466267e+01  
2.998844e+00 9.848679e+00 2.690252e+01 4.350482e+01 8.271755e+01  
3.040646e+00 9.661193e+00 2.633926e+01 4.254647e+01 8.080776e+01  
3.083031e+00 9.476592e+00 2.578500e+01 4.160430e+01 7.893300e+01  
3.126007e+00 9.294838e+00 2.523964e+01 4.067816e+01 7.709296e+01  
3.169582e+00 9.115889e+00 2.470310e+01 3.976793e+01 7.528730e+01  
3.213764e+00 8.939711e+00 2.417531e+01 3.887347e+01 7.351571e+01  
3.258562e+00 8.766267e+00 2.365619e+01 3.799465e+01 7.177783e+01  
3.303985e+00 8.595522e+00 2.314565e+01 3.713133e+01 7.007331e+01  
3.350041e+00 8.427440e+00 2.264360e+01 3.628337e+01 6.840181e+01  
3.396739e+00 8.261987e+00 2.214998e+01 3.545063e+01 6.676296e+01  
3.444087e+00 8.099133e+00 2.166470e+01 3.463298e+01 6.515640e+01  
3.492096e+00 7.938844e+00 2.118768e+01 3.383026e+01 6.358174e+01  
3.540774e+00 7.781087e+00 2.071883e+01 3.304234e+01 6.203861e+01  
3.590130e+00 7.625833e+00 2.025809e+01 3.226906e+01 6.052663e+01  
3.640175e+00 7.473050e+00 1.980536e+01 3.151027e+01 5.904540e+01  
3.690917e+00 7.322707e+00 1.936056e+01 3.076583e+01 5.759454e+01  
3.742366e+00 7.174774e+00 1.892363e+01 3.003558e+01 5.617364e+01  
3.794533e+00 7.029224e+00 1.849447e+01 2.931936e+01 5.478231e+01  
3.847427e+00 6.886026e+00 1.807300e+01 2.861702e+01 5.342015e+01  
3.901058e+00 6.745152e+00 1.765914e+01 2.792840e+01 5.208674e+01  
3.955436e+00 6.606574e+00 1.725282e+01 2.725335e+01 5.078168e+01  
4.010573e+00 6.470266e+00 1.685395e+01 2.659169e+01 4.950457e+01  
4.066478e+00 6.336199e+00 1.646245e+01 2.594327e+01 4.825498e+01  
4.123163e+00 6.204347e+00 1.607824e+01 2.530792e+01 4.703252e+01  
4.180637e+00 6.074684e+00 1.570123e+01 2.468549e+01 4.583675e+01  
4.238913e+00 5.947183e+00 1.532997e+01 2.407579e+01 4.466728e+01  
4.298001e+00 5.821818e+00 1.496851e+01 2.347867e+01 4.352369e+01  
4.357913e+00 5.698563e+00 1.461263e+01 2.289396e+01 4.240556e+01  
4.418660e+00 5.577393e+00 1.426362e+01 2.232149e+01 4.131248e+01  
4.480254e+00 5.458285e+00 1.392142e+01 2.176108e+01 4.024404e+01  
4.542706e+00 5.341211e+00 1.358592e+01 2.121257e+01 3.919982e+01  
4.606029e+00 5.226149e+00 1.325705e+01 2.067579e+01 3.817942e+01  
4.670234e+00 5.113074e+00 1.293473e+01 2.015056e+01 3.718243e+01  
4.735335e+00 5.001961e+00 1.261888e+01 1.964624e+01 3.620844e+01  
4.801343e+00 4.892787e+00 1.230940e+01 1.913409e+01 3.525704e+01  
4.868271e+00 4.785528e+00 1.200621e+01 1.864250e+01 3.432783e+01  
4.936132e+00 4.680161e+00 1.170924e+01 1.816178e+01 3.342042e+01  
5.004939e+00 4.576662e+00 1.141840e+01 1.769175e+01 3.253439e+01  
5.074705e+00 4.475009e+00 1.113360e+01 1.723225e+01 3.166936e+01  
5.145444e+00 4.375179e+00 1.085476e+01 1.678310e+01 3.082493e+01  
5.217169e+00 4.277148e+00 1.058179e+01 1.634413e+01 3.000072e+01  
5.289893e+00 4.180894e+00 1.031462e+01 1.591518e+01 2.919633e+01  
5.363631e+00 4.086394e+00 1.005315e+01 1.549606e+01 2.839514e+01  
5.438397e+00 3.993924e+00 9.797310e+00 1.508662e+01 2.764550e+01  
5.514206e+00 3.902571e+00 9.547005e+00 1.468668e+01 2.689830e+01  
5.591071e+00 3.813203e+00 9.302155e+00 1.429608e+01 2.616942e+01  
5.669007e+00 3.725502e+00 9.062676e+00 1.391465e+01 2.545848e+01  
5.748030e+00 3.639445e+00 8.828483e+00 1.354222e+01 2.476513e+01  
5.828155e+00 3.555012e+00 8.599494e+00 1.317864e+01 2.408900e+01  
5.909396e+00 3.472181e+00 8.375625e+00 1.282372e+01 2.342973e+01  
5.991770e+00 3.390930e+00 8.156793e+00 1.247732e+01 2.278698e+01  
6.075292e+00 3.311240e+00 7.942914e+00 1.213928e+01 2.216039e+01  
6.159978e+00 3.233087e+00 7.733906e+00 1.180942e+01 2.154962e+01  
6.245845e+00 3.156453e+00 7.529696e+00 1.148760e+01 2.095436e+01  
6.332908e+00 3.081316e+00 7.330174e+00 1.117366e+01 2.037424e+01  
6.421186e+00 3.007655e+00 7.135287e+00 1.086744e+01 1.980894e+01  
6.510694e+00 2.935450e+00 6.944944e+00 1.056878e+01 1.925814e+01  
6.601449e+00 2.864682e+00 6.759063e+00 1.027755e+01 1.872152e+01  
6.693470e+00 2.795328e+00 6.577566e+00 9.993575e+00 1.819876e+01  
6.786773e+00 2.727370e+00 6.400373e+00 9.716748e+00 1.768956e+01  
6.881377e+00 2.660788e+00 6.227403e+00 9.446804e+00 1.719361e+01  
6.977300e+00 2.595561e+00 6.058580e+00 9.183770e+00 1.671060e+01  
7.074559e+00 2.531671e+00 5.893824e+00 8.927387e+00 1.624025e+01  
7.173175e+00 2.469100e+00 5.733059e+00 8.677543e+00 1.578226e+01  
7.273165e+00 2.407819e+00 5.576208e+00 8.434097e+00 1.533635e+01  
7.374549e+00 2.347820e+00 5.423195e+00 8.196911e+00 1.490224e+01  
7.477346e+00 2.289080e+00 5.273945e+00 7.965850e+00 1.447964e+01  
7.581576e+00 2.231579e+00 5.128383e+00 7.740778e+00 1.406830e+01  
7.687260e+00 2.175298e+00 4.986436e+00 7.521564e+00 1.366793e+01  
7.794416e+00 2.120219e+00 4.848031e+00 7.308076e+00 1.327829e+01  
7.903066e+00 2.066324e+00 4.713095e+00 7.100187e+00 1.289911e+01  
8.013230e+00 2.013593e+00 4.581558e+00 6.897771e+00 1.257452e+01  
8.124930e+00 1.962009e+00 4.453349e+00 6.700701e+00 1.217115e+01  
8.238187e+00 1.911552e+00 4.328397e+00 6.508857e+00 1.182187e+01  
8.353023e+00 1.862206e+00 4.206636e+00 6.322118e+00 1.148209e+01  
8.469460e+00 1.813951e+00 4.087995e+00 6.140365e+00 1.115155e+01  
8.587519e+00 1.766770e+00 3.972410e+00 5.963481e+00 1.083004e+01  
8.707225e+00 1.720645e+00 3.859813e+00 5.791352e+00 1.051732e+01  
8.828599e+00 1.675558e+00 3.750139e+00 5.623716e+00 1.021319e+01  
8.951665e+00 1.631493e+00 3.643324e+00 5.460912e+00 9.917421e+00  
9.076446e+00 1.588430e+00 3.539304e+00 5.302381e+00 9.629809e+00  
9.202967e+00 1.546355e+00 3.438018e+00 5.148167e+00 9.350146e+00  
9.331251e+00 1.505231e+00 3.339404e+00 4.998165e+00 9.078231e+00  
9.461324e+00 1.465094e+00 3.243401e+00 4.852273e+00 8.813866e+00  
9.593209e+00 1.425875e+00 3.149949e+00 4.710390e+00 8.556858e+00  
9.726934e+00 1.387575e+00 3.058991e+00 4.572417e+00 8.307019e+00  
9.862522e+00 1.350176e+00 2.970468e+00 4.438257e+00 8.064164e+00  
1.000000e+01 1.313664e+00 2.884324e+00 4.307816e+00 7.828114e+00  
