1.000000e-02 3.985648e+03 7.373822e+03 1.006865e+04 1.515807e+04  
1.013939e-02 4.008486e+03 7.415912e+03 1.012597e+04 1.524397e+04  
1.028073e-02 4.031032e+03 7.457459e+03 1.018253e+04 1.532874e+04  
1.042404e-02 4.053275e+03 7.498441e+03 1.023832e+04 1.541233e+04  
1.056935e-02 4.075203e+03 7.538835e+03 1.029331e+04 1.549471e+04  
1.071668e-02 4.096803e+03 7.578620e+03 1.034746e+04 1.557581e+04  
1.086606e-02 4.118063e+03 7.617770e+03 1.040074e+04 1.565560e+04  
1.101753e-02 4.138969e+03 7.656261e+03 1.045311e+04 1.573401e+04  
1.117111e-02 4.159508e+03 7.694070e+03 1.050455e+04 1.581101e+04  
1.132683e-02 4.179667e+03 7.731172e+03 1.055502e+04 1.588655e+04  
1.148472e-02 4.199433e+03 7.767542e+03 1.060449e+04 1.596056e+04  
1.164481e-02 4.218794e+03 7.803158e+03 1.065292e+04 1.603301e+04  
1.180713e-02 4.237735e+03 7.837994e+03 1.070029e+04 1.610385e+04  
1.197171e-02 4.256245e+03 7.872027e+03 1.074655e+04 1.617302e+04  
1.213859e-02 4.274311e+03 7.905234e+03 1.079168e+04 1.624048e+04  
1.230780e-02 4.291919e+03 7.937591e+03 1.083565e+04 1.630618e+04  
1.247936e-02 4.309058e+03 7.969075e+03 1.087842e+04 1.637007e+04  
1.265332e-02 4.325716e+03 7.999665e+03 1.091997e+04 1.643211e+04  
1.282970e-02 4.341880e+03 8.029337e+03 1.096026e+04 1.649225e+04  
1.300854e-02 4.357537e+03 8.058068e+03 1.099926e+04 1.655045e+04  
1.318987e-02 4.372673e+03 8.085830e+03 1.103694e+04 1.660664e+04  
1.337373e-02 4.387274e+03 8.112597e+03 1.107325e+04 1.666077e+04  
1.356015e-02 4.401323e+03 8.138342e+03 1.110817e+04 1.671280e+04  
1.374917e-02 4.414808e+03 8.163037e+03 1.114164e+04 1.676265e+04  
1.394083e-02 4.427714e+03 8.186657e+03 1.117365e+04 1.681028e+04  
1.413516e-02 4.440027e+03 8.209176e+03 1.120415e+04 1.685564e+04  
1.433219e-02 4.451733e+03 8.230569e+03 1.123311e+04 1.689868e+04  
1.453198e-02 4.462820e+03 8.250811e+03 1.126049e+04 1.693934e+04  
1.473454e-02 4.473272e+03 8.269877e+03 1.128626e+04 1.697758e+04  
1.493993e-02 4.483079e+03 8.287744e+03 1.131040e+04 1.701334e+04  
1.514819e-02 4.492227e+03 8.304390e+03 1.133286e+04 1.704658e+04  
1.535935e-02 4.500705e+03 8.319792e+03 1.135363e+04 1.707726e+04  
1.557345e-02 4.508502e+03 8.333930e+03 1.137266e+04 1.710534e+04  
1.579053e-02 4.515606e+03 8.346784e+03 1.138994e+04 1.713077e+04  
1.601064e-02 4.522005e+03 8.358330e+03 1.140543e+04 1.715350e+04  
1.623382e-02 4.527686e+03 8.368544e+03 1.141910e+04 1.717349e+04  
1.646012e-02 4.532636e+03 8.377403e+03 1.143092e+04 1.719070e+04  
1.668956e-02 4.536845e+03 8.384887e+03 1.144085e+04 1.720507e+04  
1.692220e-02 4.540300e+03 8.390975e+03 1.144888e+04 1.721657e+04  
1.715809e-02 4.542992e+03 8.395649e+03 1.145498e+04 1.722516e+04  
1.739726e-02 4.544911e+03 8.398890e+03 1.145912e+04 1.723080e+04  
1.763977e-02 4.546047e+03 8.400679e+03 1.146127e+04 1.723346e+04  
1.788566e-02 4.546388e+03 8.400996e+03 1.146142e+04 1.723310e+04  
1.813498e-02 4.545924e+03 8.399823e+03 1.145952e+04 1.722967e+04  
1.838777e-02 4.544646e+03 8.397142e+03 1.145557e+04 1.722314e+04  
1.864409e-02 4.542547e+03 8.392938e+03 1.144954e+04 1.721348e+04  
1.890397e-02 4.539618e+03 8.387199e+03 1.144141e+04 1.720068e+04  
1.916748e-02 4.535853e+03 8.379913e+03 1.143117e+04 1.718469e+04  
1.943467e-02 4.531247e+03 8.371069e+03 1.141880e+04 1.716551e+04  
1.970558e-02 4.525794e+03 8.360657e+03 1.140429e+04 1.714311e+04  
1.998026e-02 4.519489e+03 8.348669e+03 1.138763e+04 1.711748e+04  
2.025878e-02 4.512330e+03 8.335098e+03 1.136881e+04 1.708860e+04  
2.054117e-02 4.504313e+03 8.319943e+03 1.134782e+04 1.705648e+04  
2.082751e-02 4.495440e+03 8.303203e+03 1.132467e+04 1.702110e+04  
2.111783e-02 4.485712e+03 8.284881e+03 1.129937e+04 1.698248e+04  
2.141220e-02 4.475129e+03 8.264979e+03 1.127191e+04 1.694063e+04  
2.171068e-02 4.463690e+03 8.243493e+03 1.124228e+04 1.689553e+04  
2.201331e-02 4.451392e+03 8.220420e+03 1.121049e+04 1.684718e+04  
2.232016e-02 4.438236e+03 8.195761e+03 1.117654e+04 1.679559e+04  
2.263130e-02 4.424225e+03 8.169521e+03 1.114043e+04 1.674075e+04  
2.294676e-02 4.409361e+03 8.141707e+03 1.110217e+04 1.668270e+04  
2.326663e-02 4.393652e+03 8.112330e+03 1.106179e+04 1.662145e+04  
2.359095e-02 4.377104e+03 8.081403e+03 1.101929e+04 1.655704e+04  
2.391980e-02 4.359722e+03 8.048937e+03 1.097469e+04 1.648947e+04  
2.425323e-02 4.341516e+03 8.014949e+03 1.092801e+04 1.641880e+04  
2.459130e-02 4.322494e+03 7.979456e+03 1.087929e+04 1.634505e+04  
2.493409e-02 4.302670e+03 7.942481e+03 1.082854e+04 1.626828e+04  
2.528166e-02 4.282058e+03 7.904053e+03 1.077582e+04 1.618853e+04  
2.563407e-02 4.260676e+03 7.864204e+03 1.072116e+04 1.610589e+04  
2.599140e-02 4.238542e+03 7.822970e+03 1.066461e+04 1.602043e+04  
2.635371e-02 4.215672e+03 7.780377e+03 1.060621e+04 1.593219e+04  
2.672106e-02 4.192080e+03 7.736454e+03 1.054601e+04 1.584124e+04  
2.709354e-02 4.167784e+03 7.691233e+03 1.048403e+04 1.574765e+04  
2.747121e-02 4.142802e+03 7.644750e+03 1.042033e+04 1.565149e+04  
2.785414e-02 4.117158e+03 7.597047e+03 1.035498e+04 1.555284e+04  
2.824241e-02 4.090877e+03 7.548172e+03 1.028803e+04 1.545182e+04  
2.863610e-02 4.063988e+03 7.498176e+03 1.021956e+04 1.534851e+04  
2.903527e-02 4.036513e+03 7.447105e+03 1.014962e+04 1.524302e+04  
2.944000e-02 4.008476e+03 7.395000e+03 1.007828e+04 1.513544e+04  
2.985038e-02 3.979901e+03 7.341907e+03 1.000560e+04 1.502584e+04  
3.026648e-02 3.950816e+03 7.287877e+03 9.931639e+03 1.491436e+04  
3.068838e-02 3.921252e+03 7.232967e+03 9.856487e+03 1.480109e+04  
3.111616e-02 3.891242e+03 7.177240e+03 9.780226e+03 1.468617e+04  
3.154990e-02 3.860823e+03 7.120765e+03 9.702951e+03 1.456974e+04  
3.198969e-02 3.830029e+03 7.063602e+03 9.624743e+03 1.445193e+04  
3.243561e-02 3.798886e+03 7.005801e+03 9.545671e+03 1.433283e+04  
3.288774e-02 3.767423e+03 6.947415e+03 9.465809e+03 1.421257e+04  
3.334618e-02 3.735671e+03 6.888505e+03 9.385237e+03 1.409126e+04  
3.381101e-02 3.703666e+03 6.829132e+03 9.304041e+03 1.396903e+04  
3.428231e-02 3.671444e+03 6.769366e+03 9.222316e+03 1.384602e+04  
3.476019e-02 3.639047e+03 6.709283e+03 9.140166e+03 1.372239e+04  
3.524473e-02 3.606512e+03 6.648954e+03 9.057687e+03 1.359829e+04  
3.573602e-02 3.573872e+03 6.588438e+03 8.974961e+03 1.347384e+04  
3.623416e-02 3.541160e+03 6.527796e+03 8.892070e+03 1.334916e+04  
3.673925e-02 3.508410e+03 6.467092e+03 8.809103e+03 1.322440e+04  
3.725137e-02 3.475661e+03 6.406396e+03 8.726155e+03 1.309968e+04  
3.777064e-02 3.442953e+03 6.345784e+03 8.643328e+03 1.297517e+04  
3.829714e-02 3.410329e+03 6.285334e+03 8.560732e+03 1.285103e+04  
3.883098e-02 3.377829e+03 6.225120e+03 8.478465e+03 1.272741e+04  
3.937226e-02 3.345466e+03 6.165167e+03 8.396563e+03 1.260436e+04  
3.992109e-02 3.313248e+03 6.105487e+03 8.315042e+03 1.248192e+04  
4.047757e-02 3.281180e+03 6.046093e+03 8.233921e+03 1.236010e+04  
4.104181e-02 3.249270e+03 5.986998e+03 8.153217e+03 1.223894e+04  
4.161391e-02 3.217524e+03 5.928213e+03 8.072944e+03 1.211845e+04  
4.219398e-02 3.185948e+03 5.869749e+03 7.993119e+03 1.199867e+04  
4.278214e-02 3.154550e+03 5.811622e+03 7.913763e+03 1.187962e+04  
4.337850e-02 3.123360e+03 5.753887e+03 7.834952e+03 1.176143e+04  
4.398317e-02 3.092422e+03 5.696623e+03 7.756794e+03 1.164424e+04  
4.459628e-02 3.061780e+03 5.639913e+03 7.679402e+03 1.152825e+04  
4.521792e-02 3.031483e+03 5.583846e+03 7.602897e+03 1.141362e+04  
4.584824e-02 3.001582e+03 5.528516e+03 7.527408e+03 1.130056e+04  
4.648734e-02 2.972130e+03 5.474021e+03 7.453068e+03 1.118927e+04  
4.713535e-02 2.943181e+03 5.420460e+03 7.380014e+03 1.107995e+04  
4.779239e-02 2.914735e+03 5.367831e+03 7.308241e+03 1.097260e+04  
4.845859e-02 2.886737e+03 5.316034e+03 7.237617e+03 1.086703e+04  
4.913407e-02 2.859127e+03 5.264960e+03 7.167989e+03 1.076299e+04  
4.981898e-02 2.831838e+03 5.214483e+03 7.099189e+03 1.066025e+04  
5.051342e-02 2.804796e+03 5.164469e+03 7.031032e+03 1.055852e+04  
5.121755e-02 2.777919e+03 5.114767e+03 6.963315e+03 1.045750e+04  
5.193150e-02 2.751122e+03 5.065224e+03 6.895827e+03 1.035686e+04  
5.265540e-02 2.724371e+03 5.015773e+03 6.828480e+03 1.025648e+04  
5.338938e-02 2.697661e+03 4.966409e+03 6.761265e+03 1.015633e+04  
5.413360e-02 2.670988e+03 4.917123e+03 6.694171e+03 1.005641e+04  
5.488820e-02 2.644347e+03 4.867908e+03 6.627188e+03 9.956700e+03  
5.565331e-02 2.617734e+03 4.818752e+03 6.560301e+03 9.857176e+03  
5.642908e-02 2.591139e+03 4.769643e+03 6.493493e+03 9.757814e+03  
5.721568e-02 2.564543e+03 4.720543e+03 6.426712e+03 9.658534e+03  
5.801323e-02 2.537906e+03 4.671377e+03 6.359858e+03 9.559185e+03  
5.882190e-02 2.511181e+03 4.622064e+03 6.292817e+03 9.459594e+03  
5.964185e-02 2.484320e+03 4.572514e+03 6.225468e+03 9.359575e+03  
6.047322e-02 2.457269e+03 4.522627e+03 6.157677e+03 9.258923e+03  
6.131619e-02 2.429970e+03 4.472301e+03 6.089302e+03 9.157422e+03  
6.217090e-02 2.402382e+03 4.421458e+03 6.020236e+03 9.054907e+03  
6.303753e-02 2.374472e+03 4.370040e+03 5.950403e+03 8.951259e+03  
6.391624e-02 2.346207e+03 4.317987e+03 5.879718e+03 8.846346e+03  
6.480720e-02 2.317551e+03 4.265232e+03 5.808091e+03 8.740030e+03  
6.571058e-02 2.288465e+03 4.211706e+03 5.735427e+03 8.632159e+03  
6.662655e-02 2.258919e+03 4.157355e+03 5.661651e+03 8.522617e+03  
6.755528e-02 2.228904e+03 4.102161e+03 5.586740e+03 8.411365e+03  
6.849697e-02 2.198412e+03 4.046114e+03 5.510678e+03 8.298372e+03  
6.945178e-02 2.167437e+03 3.989200e+03 5.433447e+03 8.183608e+03  
7.041990e-02 2.135972e+03 3.931409e+03 5.355029e+03 8.067040e+03  
7.140151e-02 2.104024e+03 3.872755e+03 5.275448e+03 7.948698e+03  
7.239681e-02 2.071634e+03 3.813311e+03 5.194799e+03 7.828725e+03  
7.340598e-02 2.038846e+03 3.753161e+03 5.113197e+03 7.707290e+03  
7.442922e-02 2.005711e+03 3.692396e+03 5.030767e+03 7.584578e+03  
7.546673e-02 1.972283e+03 3.631117e+03 4.947645e+03 7.460796e+03  
7.651869e-02 1.938633e+03 3.569455e+03 4.864009e+03 7.336211e+03  
7.758532e-02 1.904848e+03 3.507565e+03 4.780071e+03 7.211145e+03  
7.866682e-02 1.871019e+03 3.445618e+03 4.696064e+03 7.085950e+03  
7.976339e-02 1.837248e+03 3.383797e+03 4.612236e+03 6.961005e+03  
8.087525e-02 1.803629e+03 3.322275e+03 4.528825e+03 6.836676e+03  
8.200261e-02 1.770241e+03 3.261197e+03 4.446027e+03 6.713259e+03  
8.314568e-02 1.737166e+03 3.200709e+03 4.364043e+03 6.591063e+03  
8.430468e-02 1.704489e+03 3.140968e+03 4.283087e+03 6.470417e+03  
8.547985e-02 1.672293e+03 3.082126e+03 4.203364e+03 6.351637e+03  
8.667139e-02 1.640638e+03 3.024288e+03 4.125019e+03 6.234945e+03  
8.787954e-02 1.609578e+03 2.967556e+03 4.048192e+03 6.120558e+03  
8.910453e-02 1.579173e+03 2.912036e+03 3.973029e+03 6.008702e+03  
9.034660e-02 1.549480e+03 2.857831e+03 3.899667e+03 5.899592e+03  
9.160598e-02 1.520541e+03 2.805018e+03 3.828213e+03 5.793395e+03  
9.288292e-02 1.492399e+03 2.753675e+03 3.758774e+03 5.690277e+03  
9.417766e-02 1.465099e+03 2.703881e+03 3.691459e+03 5.590409e+03  
9.549045e-02 1.438677e+03 2.655701e+03 3.626355e+03 5.493932e+03  
9.682153e-02 1.413160e+03 2.609183e+03 3.563531e+03 5.400954e+03  
9.817117e-02 1.388576e+03 2.564376e+03 3.503052e+03 5.311581e+03  
9.953962e-02 1.364941e+03 2.521311e+03 3.444961e+03 5.225886e+03  
1.009272e-01 1.342230e+03 2.479939e+03 3.389192e+03 5.143770e+03  
1.023340e-01 1.320401e+03 2.440183e+03 3.335640e+03 5.065077e+03  
1.037605e-01 1.299406e+03 2.401955e+03 3.284186e+03 4.989625e+03  
1.052069e-01 1.279187e+03 2.365148e+03 3.234683e+03 4.917191e+03  
1.066734e-01 1.259644e+03 2.329581e+03 3.186882e+03 4.847393e+03  
1.081604e-01 1.240652e+03 2.295026e+03 3.140472e+03 4.779747e+03  
1.096681e-01 1.222074e+03 2.261231e+03 3.095109e+03 4.713719e+03  
1.111968e-01 1.203765e+03 2.227935e+03 3.050433e+03 4.648746e+03  
1.127468e-01 1.185602e+03 2.194917e+03 3.006141e+03 4.584352e+03  
1.143184e-01 1.167468e+03 2.161960e+03 2.961933e+03 4.520067e+03  
1.159120e-01 1.149233e+03 2.128829e+03 2.917488e+03 4.455380e+03  
1.175277e-01 1.130783e+03 2.095319e+03 2.872522e+03 4.389840e+03  
1.191660e-01 1.112072e+03 2.061348e+03 2.826920e+03 4.323258e+03  
1.208271e-01 1.093065e+03 2.026851e+03 2.780590e+03 4.255483e+03  
1.225114e-01 1.073725e+03 1.991760e+03 2.733441e+03 4.186361e+03  
1.242191e-01 1.054046e+03 1.956067e+03 2.685455e+03 4.115858e+03  
1.259506e-01 1.034050e+03 1.919810e+03 2.636686e+03 4.044049e+03  
1.277063e-01 1.013763e+03 1.883036e+03 2.587197e+03 3.971025e+03  
1.294865e-01 9.932228e+02 1.845817e+03 2.537084e+03 3.896933e+03  
1.312915e-01 9.725019e+02 1.808282e+03 2.486523e+03 3.822044e+03  
1.331216e-01 9.516812e+02 1.770578e+03 2.435716e+03 3.746675e+03  
1.349772e-01 9.308493e+02 1.732865e+03 2.384882e+03 3.671168e+03  
1.368587e-01 9.101051e+02 1.695322e+03 2.334268e+03 3.595912e+03  
1.387665e-01 8.895562e+02 1.658144e+03 2.284140e+03 3.521329e+03  
1.407008e-01 8.693149e+02 1.621532e+03 2.234778e+03 3.447863e+03  
1.426621e-01 8.494795e+02 1.585665e+03 2.186425e+03 3.375902e+03  
1.446507e-01 8.301463e+02 1.550716e+03 2.139320e+03 3.305829e+03  
1.466671e-01 8.114113e+02 1.516857e+03 2.093703e+03 3.238026e+03  
1.487115e-01 7.933347e+02 1.484196e+03 2.049721e+03 3.172733e+03  
1.507845e-01 7.759646e+02 1.452819e+03 2.007495e+03 3.110146e+03  
1.528864e-01 7.593419e+02 1.422800e+03 1.967123e+03 3.050428e+03  
1.550175e-01 7.434719e+02 1.394146e+03 1.928621e+03 2.993606e+03  
1.571784e-01 7.283503e+02 1.366849e+03 1.891975e+03 2.939667e+03  
1.593694e-01 7.139518e+02 1.340862e+03 1.857123e+03 2.888514e+03  
1.615909e-01 7.002148e+02 1.316073e+03 1.823911e+03 2.839907e+03  
1.638434e-01 6.870657e+02 1.292349e+03 1.792155e+03 2.793556e+03  
1.661273e-01 6.744003e+02 1.269501e+03 1.761595e+03 2.749047e+03  
1.684430e-01 6.620887e+02 1.247295e+03 1.731906e+03 2.705862e+03  
1.707910e-01 6.499998e+02 1.225493e+03 1.702763e+03 2.663475e+03  
1.731717e-01 6.380248e+02 1.203900e+03 1.673892e+03 2.621446e+03  
1.755856e-01 6.260558e+02 1.182322e+03 1.645024e+03 2.579339e+03  
1.780332e-01 6.140273e+02 1.160639e+03 1.615994e+03 2.536884e+03  
1.805149e-01 6.019056e+02 1.138792e+03 1.586719e+03 2.493941e+03  
1.830312e-01 5.896673e+02 1.116738e+03 1.557137e+03 2.450409e+03  
1.855825e-01 5.773114e+02 1.094475e+03 1.527246e+03 2.406280e+03  
1.881694e-01 5.648459e+02 1.072019e+03 1.497066e+03 2.361583e+03  
1.907924e-01 5.523098e+02 1.049440e+03 1.466693e+03 2.316473e+03  
1.934520e-01 5.397561e+02 1.026832e+03 1.436260e+03 2.271161e+03  
1.961486e-01 5.272612e+02 1.004333e+03 1.405956e+03 2.225959e+03  
1.988828e-01 5.149185e+02 9.821121e+02 1.376015e+03 2.181246e+03  
2.016551e-01 5.028227e+02 9.603379e+02 1.346673e+03 2.137406e+03  
2.044661e-01 4.910690e+02 9.391813e+02 1.318167e+03 2.094829e+03  
2.073162e-01 4.797257e+02 9.187648e+02 1.290667e+03 2.053795e+03  
2.102061e-01 4.688253e+02 8.991457e+02 1.264254e+03 2.014437e+03  
2.131362e-01 4.583789e+02 8.803437e+02 1.238955e+03 1.976804e+03  
2.161073e-01 4.483701e+02 8.623283e+02 1.214729e+03 1.940830e+03  
2.191197e-01 4.387738e+02 8.450542e+02 1.191513e+03 1.906417e+03  
2.221741e-01 4.295559e+02 8.284596e+02 1.169221e+03 1.873428e+03  
2.252711e-01 4.206667e+02 8.124549e+02 1.147731e+03 1.841663e+03  
2.284112e-01 4.120388e+02 7.969190e+02 1.126872e+03 1.810847e+03  
2.315951e-01 4.035997e+02 7.817216e+02 1.106465e+03 1.780687e+03  
2.348235e-01 3.952750e+02 7.667294e+02 1.086324e+03 1.750878e+03  
2.380968e-01 3.870139e+02 7.518511e+02 1.066322e+03 1.721213e+03  
2.414157e-01 3.787839e+02 7.370288e+02 1.046377e+03 1.691559e+03  
2.447809e-01 3.705831e+02 7.222590e+02 1.026486e+03 1.661909e+03  
2.481930e-01 3.624194e+02 7.075558e+02 1.006668e+03 1.632296e+03  
2.516527e-01 3.543024e+02 6.929367e+02 9.869478e+02 1.602760e+03  
2.551606e-01 3.462519e+02 6.784369e+02 9.673739e+02 1.573384e+03  
2.587174e-01 3.383009e+02 6.641156e+02 9.480292e+02 1.544305e+03  
2.623238e-01 3.305012e+02 6.500651e+02 9.290428e+02 1.515736e+03  
2.659804e-01 3.229095e+02 6.363865e+02 9.105561e+02 1.487913e+03  
2.696881e-01 3.155730e+02 6.231636e+02 8.926859e+02 1.461030e+03  
2.734474e-01 3.085069e+02 6.104230e+02 8.754699e+02 1.435150e+03  
2.772591e-01 3.016960e+02 5.981373e+02 8.588700e+02 1.410213e+03  
2.811239e-01 2.951032e+02 5.862402e+02 8.427940e+02 1.386067e+03  
2.850426e-01 2.886998e+02 5.746800e+02 8.271702e+02 1.362597e+03  
2.890160e-01 2.824687e+02 5.634262e+02 8.119565e+02 1.339733e+03  
2.930447e-01 2.763903e+02 5.524434e+02 7.971037e+02 1.317398e+03  
2.971296e-01 2.704369e+02 5.416825e+02 7.825434e+02 1.295479e+03  
3.012714e-01 2.645759e+02 5.310854e+02 7.681950e+02 1.273845e+03  
3.054710e-01 2.587813e+02 5.206056e+02 7.539941e+02 1.252390e+03  
3.097291e-01 2.530521e+02 5.102419e+02 7.399390e+02 1.231114e+03  
3.140465e-01 2.474081e+02 5.000290e+02 7.260787e+02 1.210099e+03  
3.184242e-01 2.418754e+02 4.900134e+02 7.124781e+02 1.189453e+03  
3.228628e-01 2.364657e+02 4.802157e+02 6.991663e+02 1.169225e+03  
3.273634e-01 2.311856e+02 4.706475e+02 6.861596e+02 1.149445e+03  
3.319266e-01 2.260422e+02 4.613210e+02 6.734755e+02 1.130141e+03  
3.365535e-01 2.210442e+02 4.522514e+02 6.611353e+02 1.111349e+03  
3.412449e-01 2.161976e+02 4.434494e+02 6.491539e+02 1.093096e+03  
3.460016e-01 2.114935e+02 4.348988e+02 6.375090e+02 1.075346e+03  
3.508247e-01 2.069102e+02 4.265608e+02 6.261470e+02 1.058012e+03  
3.557150e-01 2.024258e+02 4.183971e+02 6.150146e+02 1.041007e+03  
3.606735e-01 1.980302e+02 4.103897e+02 6.040870e+02 1.024292e+03  
3.657011e-01 1.937229e+02 4.025374e+02 5.933631e+02 1.007866e+03  
3.707988e-01 1.895035e+02 3.948397e+02 5.828422e+02 9.917289e+02  
3.759675e-01 1.853698e+02 3.872926e+02 5.725190e+02 9.758738e+02  
3.812083e-01 1.813204e+02 3.798935e+02 5.623902e+02 9.602962e+02  
3.865221e-01 1.773636e+02 3.726570e+02 5.524763e+02 9.450307e+02  
3.919100e-01 1.735091e+02 3.655998e+02 5.428008e+02 9.301163e+02  
3.973730e-01 1.697562e+02 3.587207e+02 5.333619e+02 9.155511e+02  
4.029122e-01 1.660983e+02 3.520080e+02 5.241438e+02 9.013100e+02  
4.085286e-01 1.625302e+02 3.454523e+02 5.151335e+02 8.873727e+02  
4.142232e-01 1.590520e+02 3.390536e+02 5.063311e+02 8.737400e+02  
4.199973e-01 1.556566e+02 3.327997e+02 4.977199e+02 8.603856e+02  
4.258518e-01 1.523346e+02 3.266739e+02 4.892771e+02 8.472734e+02  
4.317880e-01 1.490841e+02 3.206726e+02 4.809980e+02 8.343966e+02  
4.378069e-01 1.459099e+02 3.148046e+02 4.728946e+02 8.217754e+02  
4.439097e-01 1.428104e+02 3.090665e+02 4.649626e+02 8.094035e+02  
4.500975e-01 1.397830e+02 3.034540e+02 4.571962e+02 7.972722e+02  
4.563716e-01 1.368281e+02 2.979675e+02 4.495960e+02 7.853831e+02  
4.627332e-01 1.339486e+02 2.926121e+02 4.421691e+02 7.737480e+02  
4.691835e-01 1.311392e+02 2.873781e+02 4.349024e+02 7.623465e+02  
4.757236e-01 1.283959e+02 2.822590e+02 4.277870e+02 7.511647e+02  
4.823549e-01 1.257184e+02 2.772539e+02 4.208217e+02 7.402016e+02  
4.890787e-01 1.231037e+02 2.723575e+02 4.139994e+02 7.294460e+02  
4.958962e-01 1.205503e+02 2.675672e+02 4.073167e+02 7.188929e+02  
5.028087e-01 1.180545e+02 2.628765e+02 4.007647e+02 7.085290e+02  
5.098176e-01 1.156190e+02 2.582900e+02 3.943498e+02 6.983646e+02  
5.169242e-01 1.132437e+02 2.538074e+02 3.880718e+02 6.883994e+02  
5.241298e-01 1.109234e+02 2.494195e+02 3.819181e+02 6.786144e+02  
5.314359e-01 1.086581e+02 2.451266e+02 3.758891e+02 6.690103e+02  
5.388438e-01 1.064484e+02 2.409292e+02 3.699856e+02 6.595887e+02  
5.463550e-01 1.042896e+02 2.368196e+02 3.641972e+02 6.503334e+02  
5.539709e-01 1.021807e+02 2.327956e+02 3.585211e+02 6.412406e+02  
5.616930e-01 1.001229e+02 2.288593e+02 3.529601e+02 6.323145e+02  
5.695227e-01 9.811323e+01 2.250057e+02 3.475073e+02 6.235450e+02  
5.774615e-01 9.614959e+01 2.212310e+02 3.421578e+02 6.149246e+02  
5.855110e-01 9.423339e+01 2.175375e+02 3.369148e+02 6.064581e+02  
5.936727e-01 9.236249e+01 2.139216e+02 3.317733e+02 5.981381e+02  
6.019482e-01 9.053372e+01 2.103777e+02 3.267259e+02 5.899537e+02  
6.103390e-01 8.875036e+01 2.069113e+02 3.217800e+02 5.819157e+02  
6.188468e-01 8.700659e+01 2.035126e+02 3.169224e+02 5.740046e+02  
6.274732e-01 8.530374e+01 2.001837e+02 3.121560e+02 5.662246e+02  
6.362198e-01 8.364165e+01 1.969242e+02 3.074802e+02 5.585750e+02  
6.450884e-01 8.201673e+01 1.937280e+02 3.028871e+02 5.510438e+02  
6.540806e-01 8.043025e+01 1.905972e+02 2.983792e+02 5.436349e+02  
6.631981e-01 7.888146e+01 1.875304e+02 2.939548e+02 5.363454e+02  
6.724427e-01 7.736785e+01 1.845234e+02 2.896082e+02 5.291673e+02  
6.818162e-01 7.588803e+01 1.815739e+02 2.853364e+02 5.220960e+02  
6.913204e-01 7.444182e+01 1.786813e+02 2.811389e+02 5.151306e+02  
7.009570e-01 7.302893e+01 1.758452e+02 2.770148e+02 5.082698e+02  
7.107280e-01 7.164875e+01 1.730645e+02 2.729627e+02 5.015115e+02  
7.206351e-01 7.030030e+01 1.703375e+02 2.689804e+02 4.948523e+02  
7.306804e-01 6.898243e+01 1.676622e+02 2.650652e+02 4.882885e+02  
7.408657e-01 6.769394e+01 1.650365e+02 2.612146e+02 4.818161e+02  
7.511929e-01 6.643411e+01 1.624594e+02 2.574270e+02 4.754328e+02  
7.616642e-01 6.520241e+01 1.599297e+02 2.537009e+02 4.691367e+02  
7.722814e-01 6.399820e+01 1.574465e+02 2.500351e+02 4.629255e+02  
7.830465e-01 6.282080e+01 1.550085e+02 2.464280e+02 4.567970e+02  
7.939618e-01 6.166954e+01 1.526145e+02 2.428780e+02 4.507490e+02  
8.050292e-01 6.054365e+01 1.502633e+02 2.393834e+02 4.447789e+02  
8.162509e-01 5.944228e+01 1.479535e+02 2.359425e+02 4.388842e+02  
8.276289e-01 5.836477e+01 1.456839e+02 2.325538e+02 4.330627e+02  
8.391656e-01 5.731060e+01 1.434537e+02 2.292160e+02 4.273126e+02  
8.508632e-01 5.627918e+01 1.412618e+02 2.259280e+02 4.216321e+02  
8.627237e-01 5.526985e+01 1.391072e+02 2.226883e+02 4.160191e+02  
8.747496e-01 5.428213e+01 1.369890e+02 2.194958e+02 4.104721e+02  
8.869432e-01 5.331549e+01 1.349063e+02 2.163493e+02 4.049894e+02  
8.993067e-01 5.236933e+01 1.328582e+02 2.132477e+02 3.995690e+02  
9.118425e-01 5.144308e+01 1.308436e+02 2.101896e+02 3.942095e+02  
9.245531e-01 5.053629e+01 1.288619e+02 2.071742e+02 3.889093e+02  
9.374409e-01 4.964843e+01 1.269122e+02 2.042004e+02 3.836668e+02  
9.505083e-01 4.877893e+01 1.249935e+02 2.012669e+02 3.784805e+02  
9.637579e-01 4.792734e+01 1.231051e+02 1.983728e+02 3.733489e+02  
9.771921e-01 4.709322e+01 1.212463e+02 1.955172e+02 3.682710e+02  
9.908137e-01 4.627610e+01 1.194163e+02 1.926991e+02 3.632452e+02  
1.004625e+00 4.547547e+01 1.176143e+02 1.899177e+02 3.582703e+02  
1.018629e+00 4.469092e+01 1.158396e+02 1.871719e+02 3.533451e+02  
1.032828e+00 4.392202e+01 1.140916e+02 1.844611e+02 3.484685e+02  
1.047225e+00 4.316827e+01 1.123695e+02 1.817842e+02 3.436392e+02  
1.061823e+00 4.242927e+01 1.106726e+02 1.791404e+02 3.388563e+02  
1.076624e+00 4.170474e+01 1.090005e+02 1.765293e+02 3.341190e+02  
1.091632e+00 4.099433e+01 1.073527e+02 1.739500e+02 3.294264e+02  
1.106848e+00 4.029769e+01 1.057285e+02 1.714021e+02 3.247775e+02  
1.122277e+00 3.961447e+01 1.041275e+02 1.688847e+02 3.201717e+02  
1.137921e+00 3.894433e+01 1.025491e+02 1.663974e+02 3.156081e+02  
1.153783e+00 3.828688e+01 1.009927e+02 1.639393e+02 3.110859e+02  
1.169866e+00 3.764174e+01 9.945780e+01 1.615099e+02 3.066043e+02  
1.186174e+00 3.700867e+01 9.794396e+01 1.591086e+02 3.021628e+02  
1.202708e+00 3.638736e+01 9.645075e+01 1.567350e+02 2.977607e+02  
1.219473e+00 3.577750e+01 9.497771e+01 1.543886e+02 2.933975e+02  
1.236472e+00 3.517881e+01 9.352441e+01 1.520687e+02 2.890727e+02  
1.253708e+00 3.459102e+01 9.209046e+01 1.497751e+02 2.847857e+02  
1.271184e+00 3.401383e+01 9.067541e+01 1.475071e+02 2.805361e+02  
1.288904e+00 3.344692e+01 8.927884e+01 1.452644e+02 2.763233e+02  
1.306870e+00 3.289009e+01 8.790042e+01 1.430466e+02 2.721472e+02  
1.325087e+00 3.234310e+01 8.653982e+01 1.408532e+02 2.680072e+02  
1.343558e+00 3.180569e+01 8.519669e+01 1.386840e+02 2.639031e+02  
1.362287e+00 3.127765e+01 8.387071e+01 1.365385e+02 2.598347e+02  
1.381276e+00 3.075876e+01 8.256158e+01 1.344165e+02 2.558016e+02  
1.400531e+00 3.024880e+01 8.126901e+01 1.323176e+02 2.518036e+02  
1.420053e+00 2.974754e+01 7.999266e+01 1.302416e+02 2.478406e+02  
1.439848e+00 2.925476e+01 7.873226e+01 1.281880e+02 2.439123e+02  
1.459919e+00 2.877028e+01 7.748755e+01 1.261567e+02 2.400186e+02  
1.480269e+00 2.829387e+01 7.625825e+01 1.241474e+02 2.361594e+02  
1.500903e+00 2.782533e+01 7.504408e+01 1.221598e+02 2.323345e+02  
1.521825e+00 2.736451e+01 7.384484e+01 1.201936e+02 2.285440e+02  
1.543038e+00 2.691125e+01 7.266033e+01 1.182488e+02 2.247877e+02  
1.564548e+00 2.646537e+01 7.149032e+01 1.163251e+02 2.210657e+02  
1.586357e+00 2.602672e+01 7.033461e+01 1.144222e+02 2.173780e+02  
1.608469e+00 2.559513e+01 6.919299e+01 1.125401e+02 2.137851e+02  
1.630891e+00 2.517044e+01 6.806526e+01 1.106784e+02 2.100459e+02  
1.653624e+00 2.475247e+01 6.695120e+01 1.088371e+02 2.065204e+02  
1.676675e+00 2.434109e+01 6.585066e+01 1.070160e+02 2.029698e+02  
1.700047e+00 2.393617e+01 6.476347e+01 1.052149e+02 1.994538e+02  
1.723745e+00 2.353757e+01 6.368947e+01 1.034336e+02 1.959723e+02  
1.747773e+00 2.314516e+01 6.262848e+01 1.016722e+02 1.925254e+02  
1.772136e+00 2.275880e+01 6.158038e+01 9.993035e+01 1.891134e+02  
1.796838e+00 2.237838e+01 6.054500e+01 9.820802e+01 1.857362e+02  
1.821885e+00 2.200374e+01 5.952218e+01 9.650507e+01 1.823940e+02  
1.847281e+00 2.163480e+01 5.851181e+01 9.482141e+01 1.790870e+02  
1.873032e+00 2.127143e+01 5.751377e+01 9.315693e+01 1.758152e+02  
1.899141e+00 2.091354e+01 5.652792e+01 9.151153e+01 1.725789e+02  
1.925614e+00 2.056101e+01 5.555415e+01 8.988514e+01 1.693783e+02  
1.952456e+00 2.021376e+01 5.459235e+01 8.827766e+01 1.662133e+02  
1.979672e+00 1.987167e+01 5.364239e+01 8.668901e+01 1.630843e+02  
2.007267e+00 1.953463e+01 5.270417e+01 8.511910e+01 1.599912e+02  
2.035248e+00 1.920257e+01 5.177758e+01 8.356787e+01 1.569344e+02  
2.063618e+00 1.887539e+01 5.086253e+01 8.203524e+01 1.539140e+02  
2.092383e+00 1.855300e+01 4.995892e+01 8.052115e+01 1.509300e+02  
2.121550e+00 1.823533e+01 4.906665e+01 7.902554e+01 1.479827e+02  
2.151123e+00 1.792228e+01 4.818564e+01 7.754833e+01 1.450721e+02  
2.181109e+00 1.761379e+01 4.731580e+01 7.608947e+01 1.421984e+02  
2.211512e+00 1.730977e+01 4.645704e+01 7.464890e+01 1.393617e+02  
2.242340e+00 1.701015e+01 4.560927e+01 7.322656e+01 1.365621e+02  
2.273597e+00 1.671485e+01 4.477244e+01 7.182240e+01 1.337997e+02  
2.305289e+00 1.642382e+01 4.394643e+01 7.043636e+01 1.310746e+02  
2.337424e+00 1.613697e+01 4.313118e+01 6.906839e+01 1.283868e+02  
2.370006e+00 1.585425e+01 4.232662e+01 6.771844e+01 1.257365e+02  
2.403043e+00 1.557558e+01 4.153267e+01 6.638645e+01 1.231236e+02  
2.436540e+00 1.530092e+01 4.074926e+01 6.507236e+01 1.205482e+02  
2.470504e+00 1.503019e+01 3.997632e+01 6.377613e+01 1.180103e+02  
2.504942e+00 1.476334e+01 3.921378e+01 6.249770e+01 1.155099e+02  
2.539859e+00 1.450032e+01 3.846157e+01 6.123702e+01 1.130471e+02  
2.575263e+00 1.424107e+01 3.771963e+01 5.999403e+01 1.106216e+02  
2.611161e+00 1.398557e+01 3.698789e+01 5.876867e+01 1.082337e+02  
2.647559e+00 1.373369e+01 3.626628e+01 5.756089e+01 1.058830e+02  
2.684465e+00 1.348546e+01 3.555474e+01 5.637062e+01 1.035697e+02  
2.721885e+00 1.324078e+01 3.485320e+01 5.519781e+01 1.012935e+02  
2.759826e+00 1.299963e+01 3.416161e+01 5.404239e+01 9.905440e+01  
2.798297e+00 1.276196e+01 3.347989e+01 5.290429e+01 9.685224e+01  
2.837304e+00 1.252772e+01 3.280798e+01 5.178344e+01 9.468686e+01  
2.876854e+00 1.229686e+01 3.214582e+01 5.067978e+01 9.255812e+01  
2.916956e+00 1.206934e+01 3.149335e+01 4.959322e+01 9.046582e+01  
2.957617e+00 1.184514e+01 3.085051e+01 4.852372e+01 8.840979e+01  
2.998844e+00 1.162419e+01 3.021723e+01 4.747115e+01 8.638979e+01  
3.040646e+00 1.140647e+01 2.959345e+01 4.643545e+01 8.440563e+01  
3.083031e+00 1.119193e+01 2.897910e+01 4.541653e+01 8.245704e+01  
3.126007e+00 1.098054e+01 2.837414e+01 4.441431e+01 8.054379e+01  
3.169582e+00 1.077226e+01 2.777848e+01 4.342868e+01 7.866560e+01  
3.213764e+00 1.056706e+01 2.719208e+01 4.245955e+01 7.682219e+01  
3.258562e+00 1.036490e+01 2.661486e+01 4.150682e+01 7.501327e+01  
3.303985e+00 1.016575e+01 2.604676e+01 4.057038e+01 7.323855e+01  
3.350041e+00 9.969564e+00 2.548772e+01 3.965013e+01 7.149769e+01  
3.396739e+00 9.776319e+00 2.493767e+01 3.874595e+01 6.979038e+01  
3.444087e+00 9.585980e+00 2.439655e+01 3.785772e+01 6.811628e+01  
3.492096e+00 9.398516e+00 2.386429e+01 3.698533e+01 6.647505e+01  
3.540774e+00 9.213895e+00 2.334082e+01 3.612863e+01 6.486633e+01  
3.590130e+00 9.032087e+00 2.282608e+01 3.528753e+01 6.328975e+01  
3.640175e+00 8.853061e+00 2.232000e+01 3.446187e+01 6.174496e+01  
3.690917e+00 8.676786e+00 2.182251e+01 3.365153e+01 6.023156e+01  
3.742366e+00 8.503233e+00 2.133353e+01 3.285636e+01 5.874918e+01  
3.794533e+00 8.332374e+00 2.085301e+01 3.207622e+01 5.729743e+01  
3.847427e+00 8.164178e+00 2.038087e+01 3.131096e+01 5.587590e+01  
3.901058e+00 7.998619e+00 1.991703e+01 3.056043e+01 5.448421e+01  
3.955436e+00 7.835667e+00 1.946142e+01 2.982449e+01 5.312195e+01  
4.010573e+00 7.675296e+00 1.901397e+01 2.910297e+01 5.178871e+01  
4.066478e+00 7.517478e+00 1.857461e+01 2.839572e+01 5.048407e+01  
4.123163e+00 7.362186e+00 1.814325e+01 2.770257e+01 4.920763e+01  
4.180637e+00 7.209393e+00 1.771983e+01 2.702336e+01 4.795897e+01  
4.238913e+00 7.059073e+00 1.730426e+01 2.635792e+01 4.673766e+01  
4.298001e+00 6.911198e+00 1.689646e+01 2.570610e+01 4.554330e+01  
4.357913e+00 6.765744e+00 1.649636e+01 2.506770e+01 4.437546e+01  
4.418660e+00 6.622684e+00 1.610387e+01 2.444257e+01 4.323372e+01  
4.480254e+00 6.481992e+00 1.571891e+01 2.383052e+01 4.211766e+01  
4.542706e+00 6.343643e+00 1.534141e+01 2.323138e+01 4.102685e+01  
4.606029e+00 6.207611e+00 1.497127e+01 2.264498e+01 3.996088e+01  
4.670234e+00 6.073872e+00 1.460842e+01 2.207113e+01 3.891932e+01  
4.735335e+00 5.942400e+00 1.425276e+01 2.150965e+01 3.790175e+01  
4.801343e+00 5.813169e+00 1.390422e+01 2.096037e+01 3.690778e+01  
4.868271e+00 5.686156e+00 1.356270e+01 2.042310e+01 3.593695e+01  
4.936132e+00 5.561337e+00 1.322811e+01 1.989766e+01 3.498887e+01  
5.004939e+00 5.438685e+00 1.290038e+01 1.938387e+01 3.406313e+01  
5.074705e+00 5.318178e+00 1.257941e+01 1.888155e+01 3.315931e+01  
5.145444e+00 5.199790e+00 1.226511e+01 1.839051e+01 3.227701e+01  
5.217169e+00 5.083499e+00 1.195740e+01 1.791057e+01 3.141582e+01  
5.289893e+00 4.969278e+00 1.165618e+01 1.744155e+01 3.057535e+01  
5.363631e+00 4.857106e+00 1.136136e+01 1.698326e+01 2.975518e+01  
5.438397e+00 4.747159e+00 1.107285e+01 1.653553e+01 2.895494e+01  
5.514206e+00 4.638809e+00 1.079056e+01 1.609817e+01 2.817421e+01  
5.591071e+00 4.532638e+00 1.051439e+01 1.567100e+01 2.741263e+01  
5.669007e+00 4.428419e+00 1.024427e+01 1.525385e+01 2.666980e+01  
5.748030e+00 4.326130e+00 9.980089e+00 1.484652e+01 2.594534e+01  
5.828155e+00 4.225748e+00 9.721761e+00 1.444885e+01 2.523888e+01  
5.909396e+00 4.127248e+00 9.469195e+00 1.406066e+01 2.455005e+01  
5.991770e+00 4.030608e+00 9.222298e+00 1.368177e+01 2.387846e+01  
6.075292e+00 3.935805e+00 8.980987e+00 1.331200e+01 2.322379e+01  
6.159978e+00 3.842816e+00 8.745143e+00 1.295119e+01 2.258564e+01  
6.245845e+00 3.751617e+00 8.514694e+00 1.259916e+01 2.196368e+01  
6.332908e+00 3.662187e+00 8.289566e+00 1.225574e+01 2.135756e+01  
6.421186e+00 3.574501e+00 8.069641e+00 1.192075e+01 2.076692e+01  
6.510694e+00 3.488538e+00 7.854838e+00 1.159405e+01 2.019143e+01  
6.601449e+00 3.404275e+00 7.645066e+00 1.127545e+01 1.963076e+01  
6.693470e+00 3.321689e+00 7.440235e+00 1.096479e+01 1.908457e+01  
6.786773e+00 3.240758e+00 7.240257e+00 1.066188e+01 1.855254e+01  
6.881377e+00 3.161462e+00 7.045043e+00 1.036666e+01 1.803436e+01  
6.977300e+00 3.083770e+00 6.854505e+00 1.007886e+01 1.752970e+01  
7.074559e+00 3.007669e+00 6.668555e+00 9.802737e+00 1.703826e+01  
7.173175e+00 2.933134e+00 6.487106e+00 9.525025e+00 1.655973e+01  
7.273165e+00 2.860142e+00 6.310073e+00 9.258678e+00 1.609381e+01  
7.374549e+00 2.788672e+00 6.137369e+00 8.999176e+00 1.564021e+01  
7.477346e+00 2.718701e+00 5.968910e+00 8.746370e+00 1.519864e+01  
7.581576e+00 2.650208e+00 5.804613e+00 8.500113e+00 1.476882e+01  
7.687260e+00 2.583171e+00 5.644393e+00 8.260260e+00 1.435046e+01  
7.794416e+00 2.517568e+00 5.488170e+00 8.026669e+00 1.394330e+01  
7.903066e+00 2.453378e+00 5.335861e+00 7.799198e+00 1.354706e+01  
8.013230e+00 2.390578e+00 5.187454e+00 7.577710e+00 1.319095e+01  
8.124930e+00 2.329148e+00 5.042667e+00 7.362068e+00 1.275806e+01  
8.238187e+00 2.269066e+00 4.901623e+00 7.152138e+00 1.242127e+01  
8.353023e+00 2.210310e+00 4.764177e+00 6.947788e+00 1.206614e+01  
8.469460e+00 2.152861e+00 4.630253e+00 6.748888e+00 1.172066e+01  
8.587519e+00 2.096695e+00 4.499776e+00 6.555310e+00 1.138460e+01  
8.707225e+00 2.041793e+00 4.372669e+00 6.366930e+00 1.105772e+01  
8.828599e+00 1.988419e+00 4.248860e+00 6.183623e+00 1.073979e+01  
8.951665e+00 1.935696e+00 4.128276e+00 6.005270e+00 1.043059e+01  
9.076446e+00 1.884459e+00 4.010846e+00 5.831750e+00 1.012989e+01  
9.202967e+00 1.834404e+00 3.896498e+00 5.662948e+00 9.837487e+00  
9.331251e+00 1.785507e+00 3.785164e+00 5.498749e+00 9.553164e+00  
9.461324e+00 1.737750e+00 3.676775e+00 5.339040e+00 9.276715e+00  
9.593209e+00 1.691113e+00 3.571264e+00 5.183711e+00 9.007939e+00  
9.726934e+00 1.645575e+00 3.468564e+00 5.032654e+00 8.746638e+00  
9.862522e+00 1.601116e+00 3.368611e+00 4.885763e+00 8.492620e+00  
1.000000e+01 1.557718e+00 3.271339e+00 4.742934e+00 8.245695e+00  
