1.000000e-02 3.640890e+03 6.789296e+03 9.279748e+03 1.392478e+04  
1.013939e-02 3.662865e+03 6.830119e+03 9.335397e+03 1.400793e+04  
1.028073e-02 3.684593e+03 6.870478e+03 9.390409e+03 1.409013e+04  
1.042404e-02 3.706065e+03 6.910356e+03 9.444759e+03 1.417132e+04  
1.056935e-02 3.727271e+03 6.949732e+03 9.498421e+03 1.425147e+04  
1.071668e-02 3.748200e+03 6.988590e+03 9.551370e+03 1.433055e+04  
1.086606e-02 3.768844e+03 7.026910e+03 9.603580e+03 1.440851e+04  
1.101753e-02 3.789190e+03 7.064672e+03 9.655025e+03 1.448531e+04  
1.117111e-02 3.809229e+03 7.101856e+03 9.705674e+03 1.456091e+04  
1.132683e-02 3.828946e+03 7.138436e+03 9.755495e+03 1.463526e+04  
1.148472e-02 3.848330e+03 7.174391e+03 9.804457e+03 1.470832e+04  
1.164481e-02 3.867368e+03 7.209697e+03 9.852529e+03 1.478003e+04  
1.180713e-02 3.886048e+03 7.244331e+03 9.899679e+03 1.485035e+04  
1.197171e-02 3.904357e+03 7.278270e+03 9.945875e+03 1.491923e+04  
1.213859e-02 3.922284e+03 7.311490e+03 9.991085e+03 1.498663e+04  
1.230780e-02 3.939815e+03 7.343970e+03 1.003528e+04 1.505250e+04  
1.247936e-02 3.956939e+03 7.375685e+03 1.007843e+04 1.511678e+04  
1.265332e-02 3.973643e+03 7.406614e+03 1.012049e+04 1.517944e+04  
1.282970e-02 3.989916e+03 7.436734e+03 1.016145e+04 1.524043e+04  
1.300854e-02 4.005745e+03 7.466023e+03 1.020127e+04 1.529971e+04  
1.318987e-02 4.021120e+03 7.494460e+03 1.023992e+04 1.535722e+04  
1.337373e-02 4.036028e+03 7.522023e+03 1.027737e+04 1.541293e+04  
1.356015e-02 4.050457e+03 7.548688e+03 1.031359e+04 1.546679e+04  
1.374917e-02 4.064395e+03 7.574433e+03 1.034855e+04 1.551876e+04  
1.394083e-02 4.077828e+03 7.599234e+03 1.038222e+04 1.556877e+04  
1.413516e-02 4.090746e+03 7.623069e+03 1.041457e+04 1.561680e+04  
1.433219e-02 4.103135e+03 7.645915e+03 1.044555e+04 1.566279e+04  
1.453198e-02 4.114985e+03 7.667751e+03 1.047516e+04 1.570669e+04  
1.473454e-02 4.126284e+03 7.688555e+03 1.050335e+04 1.574848e+04  
1.493993e-02 4.137019e+03 7.708305e+03 1.053010e+04 1.578809e+04  
1.514819e-02 4.147178e+03 7.726977e+03 1.055537e+04 1.582548e+04  
1.535935e-02 4.156747e+03 7.744545e+03 1.057913e+04 1.586061e+04  
1.557345e-02 4.165715e+03 7.760988e+03 1.060135e+04 1.589342e+04  
1.579053e-02 4.174068e+03 7.776282e+03 1.062200e+04 1.592387e+04  
1.601064e-02 4.181797e+03 7.790407e+03 1.064105e+04 1.595191e+04  
1.623382e-02 4.188888e+03 7.803340e+03 1.065846e+04 1.597751e+04  
1.646012e-02 4.195331e+03 7.815063e+03 1.067422e+04 1.600061e+04  
1.668956e-02 4.201116e+03 7.825554e+03 1.068829e+04 1.602119e+04  
1.692220e-02 4.206231e+03 7.834794e+03 1.070066e+04 1.603921e+04  
1.715809e-02 4.210669e+03 7.842767e+03 1.071128e+04 1.605461e+04  
1.739726e-02 4.214418e+03 7.849454e+03 1.072015e+04 1.606738e+04  
1.763977e-02 4.217472e+03 7.854842e+03 1.072724e+04 1.607749e+04  
1.788566e-02 4.219824e+03 7.858917e+03 1.073254e+04 1.608490e+04  
1.813498e-02 4.221464e+03 7.861664e+03 1.073602e+04 1.608959e+04  
1.838777e-02 4.222383e+03 7.863065e+03 1.073766e+04 1.609152e+04  
1.864409e-02 4.222572e+03 7.863101e+03 1.073743e+04 1.609065e+04  
1.890397e-02 4.222021e+03 7.861756e+03 1.073531e+04 1.608695e+04  
1.916748e-02 4.220724e+03 7.859017e+03 1.073129e+04 1.608040e+04  
1.943467e-02 4.218672e+03 7.854871e+03 1.072534e+04 1.607097e+04  
1.970558e-02 4.215861e+03 7.849306e+03 1.071746e+04 1.605863e+04  
1.998026e-02 4.212285e+03 7.842315e+03 1.070762e+04 1.604337e+04  
2.025878e-02 4.207939e+03 7.833886e+03 1.069583e+04 1.602517e+04  
2.054117e-02 4.202818e+03 7.824013e+03 1.068205e+04 1.600401e+04  
2.082751e-02 4.196921e+03 7.812691e+03 1.066630e+04 1.597990e+04  
2.111783e-02 4.190246e+03 7.799918e+03 1.064857e+04 1.595281e+04  
2.141220e-02 4.182793e+03 7.785694e+03 1.062885e+04 1.592276e+04  
2.171068e-02 4.174563e+03 7.770023e+03 1.060716e+04 1.588976e+04  
2.201331e-02 4.165560e+03 7.752908e+03 1.058349e+04 1.585380e+04  
2.232016e-02 4.155781e+03 7.734349e+03 1.055785e+04 1.581489e+04  
2.263130e-02 4.145227e+03 7.714346e+03 1.053024e+04 1.577304e+04  
2.294676e-02 4.133900e+03 7.692900e+03 1.050067e+04 1.572824e+04  
2.326663e-02 4.121801e+03 7.670019e+03 1.046913e+04 1.568051e+04  
2.359095e-02 4.108936e+03 7.645710e+03 1.043564e+04 1.562987e+04  
2.391980e-02 4.095312e+03 7.619987e+03 1.040022e+04 1.557635e+04  
2.425323e-02 4.080936e+03 7.592864e+03 1.036289e+04 1.551997e+04  
2.459130e-02 4.065814e+03 7.564352e+03 1.032367e+04 1.546076e+04  
2.493409e-02 4.049954e+03 7.534466e+03 1.028257e+04 1.539875e+04  
2.528166e-02 4.033363e+03 7.503220e+03 1.023962e+04 1.533398e+04  
2.563407e-02 4.016052e+03 7.470636e+03 1.019484e+04 1.526648e+04  
2.599140e-02 3.998035e+03 7.436738e+03 1.014827e+04 1.519630e+04  
2.635371e-02 3.979327e+03 7.401554e+03 1.009995e+04 1.512351e+04  
2.672106e-02 3.959944e+03 7.365117e+03 1.004991e+04 1.504818e+04  
2.709354e-02 3.939902e+03 7.327453e+03 9.998210e+03 1.497035e+04  
2.747121e-02 3.919212e+03 7.288588e+03 9.944868e+03 1.489007e+04  
2.785414e-02 3.897892e+03 7.248551e+03 9.889929e+03 1.480742e+04  
2.824241e-02 3.875959e+03 7.207375e+03 9.833440e+03 1.472246e+04  
2.863610e-02 3.853433e+03 7.165100e+03 9.775453e+03 1.463527e+04  
2.903527e-02 3.830339e+03 7.121768e+03 9.716028e+03 1.454594e+04  
2.944000e-02 3.806700e+03 7.077429e+03 9.655231e+03 1.445457e+04  
2.985038e-02 3.782541e+03 7.032123e+03 9.593118e+03 1.436124e+04  
3.026648e-02 3.757880e+03 6.985887e+03 9.529741e+03 1.426604e+04  
3.068838e-02 3.732739e+03 6.938764e+03 9.465156e+03 1.416904e+04  
3.111616e-02 3.707144e+03 6.890799e+03 9.399427e+03 1.407034e+04  
3.154990e-02 3.681121e+03 6.842043e+03 9.332624e+03 1.397005e+04  
3.198969e-02 3.654702e+03 6.792553e+03 9.264825e+03 1.386829e+04  
3.243561e-02 3.627919e+03 6.742392e+03 9.196113e+03 1.376517e+04  
3.288774e-02 3.600800e+03 6.691611e+03 9.126562e+03 1.366082e+04  
3.334618e-02 3.573369e+03 6.640254e+03 9.056230e+03 1.355532e+04  
3.381101e-02 3.545649e+03 6.588367e+03 8.985180e+03 1.344875e+04  
3.428231e-02 3.517668e+03 6.535999e+03 8.913481e+03 1.334124e+04  
3.476019e-02 3.489456e+03 6.483206e+03 8.841207e+03 1.323288e+04  
3.524473e-02 3.461043e+03 6.430046e+03 8.768441e+03 1.312381e+04  
3.573602e-02 3.432465e+03 6.376585e+03 8.695269e+03 1.301415e+04  
3.623416e-02 3.403753e+03 6.322882e+03 8.621773e+03 1.290403e+04  
3.673925e-02 3.374933e+03 6.268984e+03 8.548019e+03 1.279354e+04  
3.725137e-02 3.346032e+03 6.214941e+03 8.474076e+03 1.268280e+04  
3.777064e-02 3.317078e+03 6.160807e+03 8.400015e+03 1.257190e+04  
3.829714e-02 3.288103e+03 6.106640e+03 8.325917e+03 1.246097e+04  
3.883098e-02 3.259140e+03 6.052502e+03 8.251866e+03 1.235013e+04  
3.937226e-02 3.230223e+03 5.998457e+03 8.177951e+03 1.223953e+04  
3.992109e-02 3.201382e+03 5.944561e+03 8.104248e+03 1.212927e+04  
4.047757e-02 3.172626e+03 5.890828e+03 8.030776e+03 1.201938e+04  
4.104181e-02 3.143960e+03 5.837270e+03 7.957551e+03 1.190989e+04  
4.161391e-02 3.115388e+03 5.783894e+03 7.884586e+03 1.180082e+04  
4.219398e-02 3.086916e+03 5.730712e+03 7.811893e+03 1.169219e+04  
4.278214e-02 3.058547e+03 5.677730e+03 7.739484e+03 1.158402e+04  
4.337850e-02 3.030288e+03 5.624957e+03 7.667370e+03 1.147632e+04  
4.398317e-02 3.002144e+03 5.572409e+03 7.595573e+03 1.136912e+04  
4.459628e-02 2.974143e+03 5.520133e+03 7.524157e+03 1.126253e+04  
4.521792e-02 2.946314e+03 5.468185e+03 7.453201e+03 1.115666e+04  
4.584824e-02 2.918691e+03 5.416627e+03 7.382786e+03 1.105164e+04  
4.648734e-02 2.891307e+03 5.365521e+03 7.313002e+03 1.094760e+04  
4.713535e-02 2.864199e+03 5.314936e+03 7.243939e+03 1.084468e+04  
4.779239e-02 2.837405e+03 5.264942e+03 7.175695e+03 1.074304e+04  
4.845859e-02 2.810957e+03 5.215597e+03 7.108350e+03 1.064278e+04  
4.913407e-02 2.784827e+03 5.166850e+03 7.041833e+03 1.054381e+04  
4.981898e-02 2.758960e+03 5.118602e+03 6.976010e+03 1.044592e+04  
5.051342e-02 2.733299e+03 5.070742e+03 6.910731e+03 1.034889e+04  
5.121755e-02 2.707777e+03 5.023152e+03 6.845832e+03 1.025248e+04  
5.193150e-02 2.682324e+03 4.975697e+03 6.781134e+03 1.015640e+04  
5.265540e-02 2.656861e+03 4.928236e+03 6.716438e+03 1.006037e+04  
5.338938e-02 2.631318e+03 4.880638e+03 6.651571e+03 9.964124e+03  
5.413360e-02 2.605687e+03 4.832886e+03 6.586508e+03 9.867620e+03  
5.488820e-02 2.579974e+03 4.784996e+03 6.521270e+03 9.770890e+03  
5.565331e-02 2.554187e+03 4.736981e+03 6.455877e+03 9.673964e+03  
5.642908e-02 2.528336e+03 4.688858e+03 6.390351e+03 9.576877e+03  
5.721568e-02 2.502428e+03 4.640643e+03 6.324714e+03 9.479660e+03  
5.801323e-02 2.476471e+03 4.592348e+03 6.258983e+03 9.382341e+03  
5.882190e-02 2.450442e+03 4.543936e+03 6.193107e+03 9.284840e+03  
5.964185e-02 2.424305e+03 4.495334e+03 6.126987e+03 9.187006e+03  
6.047322e-02 2.398013e+03 4.446462e+03 6.060514e+03 9.088673e+03  
6.131619e-02 2.371522e+03 4.397234e+03 5.993569e+03 8.989660e+03  
6.217090e-02 2.344779e+03 4.347556e+03 5.926025e+03 8.889770e+03  
6.303753e-02 2.317735e+03 4.297337e+03 5.857755e+03 8.788810e+03  
6.391624e-02 2.290365e+03 4.246529e+03 5.788696e+03 8.686680e+03  
6.480720e-02 2.262650e+03 4.195101e+03 5.718803e+03 8.583308e+03  
6.571058e-02 2.234571e+03 4.143017e+03 5.648028e+03 8.478618e+03  
6.662655e-02 2.206108e+03 4.090240e+03 5.576319e+03 8.372528e+03  
6.755528e-02 2.177239e+03 4.036732e+03 5.503624e+03 8.264953e+03  
6.849697e-02 2.147960e+03 3.982483e+03 5.429930e+03 8.155869e+03  
6.945178e-02 2.118281e+03 3.927513e+03 5.355260e+03 8.045306e+03  
7.041990e-02 2.088211e+03 3.871840e+03 5.279642e+03 7.933305e+03  
7.140151e-02 2.057763e+03 3.815490e+03 5.203108e+03 7.819906e+03  
7.239681e-02 2.026953e+03 3.758490e+03 5.125695e+03 7.705163e+03  
7.340598e-02 1.995816e+03 3.700907e+03 5.047495e+03 7.589211e+03  
7.442922e-02 1.964410e+03 3.642847e+03 4.968652e+03 7.472265e+03  
7.546673e-02 1.932797e+03 3.584424e+03 4.889321e+03 7.354559e+03  
7.651869e-02 1.901043e+03 3.525763e+03 4.809672e+03 7.236349e+03  
7.758532e-02 1.869222e+03 3.466997e+03 4.729888e+03 7.117910e+03  
7.866682e-02 1.837410e+03 3.408268e+03 4.650161e+03 6.999538e+03  
7.976339e-02 1.805689e+03 3.349728e+03 4.570700e+03 6.881547e+03  
8.087525e-02 1.774148e+03 3.291540e+03 4.491727e+03 6.764278e+03  
8.200261e-02 1.742882e+03 3.233876e+03 4.413480e+03 6.648093e+03  
8.314568e-02 1.711962e+03 3.176871e+03 4.336141e+03 6.533274e+03  
8.430468e-02 1.681442e+03 3.120620e+03 4.259841e+03 6.420021e+03  
8.547985e-02 1.651374e+03 3.065223e+03 4.184716e+03 6.308544e+03  
8.667139e-02 1.621817e+03 3.010784e+03 4.110910e+03 6.199065e+03  
8.787954e-02 1.592817e+03 2.957388e+03 4.038539e+03 6.091763e+03  
8.910453e-02 1.564404e+03 2.905091e+03 3.967680e+03 5.986760e+03  
9.034660e-02 1.536609e+03 2.853949e+03 3.898410e+03 5.884175e+03  
9.160598e-02 1.509464e+03 2.804019e+03 3.830806e+03 5.784131e+03  
9.288292e-02 1.482995e+03 2.755349e+03 3.764936e+03 5.686735e+03  
9.417766e-02 1.457225e+03 2.707982e+03 3.700858e+03 5.592079e+03  
9.549045e-02 1.432177e+03 2.661959e+03 3.638628e+03 5.500253e+03  
9.682153e-02 1.407872e+03 2.617316e+03 3.578299e+03 5.411343e+03  
9.817117e-02 1.384319e+03 2.574069e+03 3.519890e+03 5.325385e+03  
9.953962e-02 1.361519e+03 2.532221e+03 3.463407e+03 5.242389e+03  
1.009272e-01 1.339471e+03 2.491770e+03 3.408848e+03 5.162358e+03  
1.023340e-01 1.318156e+03 2.452678e+03 3.356161e+03 5.085217e+03  
1.037605e-01 1.297515e+03 2.414837e+03 3.305200e+03 5.010741e+03  
1.052069e-01 1.277481e+03 2.378123e+03 3.255792e+03 4.938666e+03  
1.066734e-01 1.257979e+03 2.342397e+03 3.207747e+03 4.868698e+03  
1.081604e-01 1.238919e+03 2.307496e+03 3.160843e+03 4.800491e+03  
1.096681e-01 1.220193e+03 2.273220e+03 3.114801e+03 4.733613e+03  
1.111968e-01 1.201680e+03 2.239344e+03 3.069314e+03 4.667580e+03  
1.127468e-01 1.183245e+03 2.205626e+03 3.024045e+03 4.601861e+03  
1.143184e-01 1.164772e+03 2.171847e+03 2.978693e+03 4.535982e+03  
1.159120e-01 1.146193e+03 2.137884e+03 2.933086e+03 4.469662e+03  
1.175277e-01 1.127440e+03 2.103614e+03 2.887054e+03 4.402630e+03  
1.191660e-01 1.108446e+03 2.068912e+03 2.840420e+03 4.334599e+03  
1.208271e-01 1.089179e+03 2.033720e+03 2.793104e+03 4.265433e+03  
1.225114e-01 1.069655e+03 1.998065e+03 2.745142e+03 4.195182e+03  
1.242191e-01 1.049892e+03 1.961983e+03 2.696579e+03 4.123909e+03  
1.259506e-01 1.029914e+03 1.925518e+03 2.647475e+03 4.051701e+03  
1.277063e-01 1.009769e+03 1.888755e+03 2.597948e+03 3.978737e+03  
1.294865e-01 9.895134e+02 1.851799e+03 2.548139e+03 3.905237e+03  
1.312915e-01 9.692087e+02 1.814762e+03 2.498203e+03 3.831441e+03  
1.331216e-01 9.489253e+02 1.777774e+03 2.448317e+03 3.757627e+03  
1.349772e-01 9.287422e+02 1.740977e+03 2.398680e+03 3.684109e+03  
1.368587e-01 9.087442e+02 1.704528e+03 2.349506e+03 3.611226e+03  
1.387665e-01 8.890154e+02 1.668580e+03 2.301008e+03 3.539317e+03  
1.407008e-01 8.696342e+02 1.633276e+03 2.253384e+03 3.468698e+03  
1.426621e-01 8.506836e+02 1.598768e+03 2.206843e+03 3.399707e+03  
1.446507e-01 8.322365e+02 1.565188e+03 2.161570e+03 3.332640e+03  
1.466671e-01 8.143396e+02 1.532621e+03 2.117684e+03 3.267690e+03  
1.487115e-01 7.970383e+02 1.501150e+03 2.075299e+03 3.205045e+03  
1.507845e-01 7.803659e+02 1.470835e+03 2.034500e+03 3.144845e+03  
1.528864e-01 7.643319e+02 1.441692e+03 1.995310e+03 3.087132e+03  
1.550175e-01 7.489418e+02 1.413732e+03 1.957743e+03 3.031935e+03  
1.571784e-01 7.341805e+02 1.386926e+03 1.921761e+03 2.979197e+03  
1.593694e-01 7.200085e+02 1.361200e+03 1.887265e+03 2.928762e+03  
1.615909e-01 7.063777e+02 1.336468e+03 1.854131e+03 2.880436e+03  
1.638434e-01 6.932091e+02 1.312583e+03 1.822158e+03 2.833900e+03  
1.661273e-01 6.804017e+02 1.289360e+03 1.791090e+03 2.788740e+03  
1.684430e-01 6.678506e+02 1.266607e+03 1.760658e+03 2.744524e+03  
1.707910e-01 6.554600e+02 1.244150e+03 1.730617e+03 2.700853e+03  
1.731717e-01 6.431313e+02 1.221806e+03 1.700716e+03 2.657316e+03  
1.755856e-01 6.308012e+02 1.199461e+03 1.670790e+03 2.613647e+03  
1.780332e-01 6.184408e+02 1.177060e+03 1.640766e+03 2.569718e+03  
1.805149e-01 6.060296e+02 1.154567e+03 1.610589e+03 2.525438e+03  
1.830312e-01 5.935747e+02 1.131993e+03 1.580275e+03 2.480832e+03  
1.855825e-01 5.810902e+02 1.109365e+03 1.549861e+03 2.435953e+03  
1.881694e-01 5.685986e+02 1.086724e+03 1.519402e+03 2.390893e+03  
1.907924e-01 5.561287e+02 1.064122e+03 1.488971e+03 2.345768e+03  
1.934520e-01 5.437246e+02 1.041639e+03 1.458680e+03 2.300762e+03  
1.961486e-01 5.314507e+02 1.019393e+03 1.428695e+03 2.256144e+03  
1.988828e-01 5.193793e+02 9.975156e+02 1.399199e+03 2.212219e+03  
2.016551e-01 5.075927e+02 9.761574e+02 1.370403e+03 2.169333e+03  
2.044661e-01 4.961674e+02 9.554576e+02 1.342503e+03 2.127812e+03  
2.073162e-01 4.851363e+02 9.354758e+02 1.315583e+03 2.087798e+03  
2.102061e-01 4.745158e+02 9.162416e+02 1.289686e+03 2.049362e+03  
2.131362e-01 4.642874e+02 8.977209e+02 1.264764e+03 2.012432e+03  
2.161073e-01 4.544195e+02 8.798556e+02 1.240737e+03 1.976876e+03  
2.191197e-01 4.448787e+02 8.625845e+02 1.217518e+03 1.942557e+03  
2.221741e-01 4.356295e+02 8.458426e+02 1.195018e+03 1.909326e+03  
2.252711e-01 4.266372e+02 8.295661e+02 1.173147e+03 1.877039e+03  
2.284112e-01 4.178618e+02 8.136819e+02 1.151803e+03 1.845529e+03  
2.315951e-01 4.092449e+02 7.980832e+02 1.130836e+03 1.814547e+03  
2.348235e-01 4.007287e+02 7.826648e+02 1.110097e+03 1.783850e+03  
2.380968e-01 3.922818e+02 7.673689e+02 1.089506e+03 1.753302e+03  
2.414157e-01 3.838883e+02 7.521663e+02 1.069021e+03 1.722835e+03  
2.447809e-01 3.755553e+02 7.370704e+02 1.048661e+03 1.692483e+03  
2.481930e-01 3.673011e+02 7.221140e+02 1.028473e+03 1.662321e+03  
2.516527e-01 3.591523e+02 7.073459e+02 1.008525e+03 1.632466e+03  
2.551606e-01 3.511283e+02 6.928013e+02 9.888671e+02 1.603003e+03  
2.587174e-01 3.432464e+02 6.785117e+02 9.695443e+02 1.574007e+03  
2.623238e-01 3.355336e+02 6.645261e+02 9.506259e+02 1.545596e+03  
2.659804e-01 3.280227e+02 6.509042e+02 9.321965e+02 1.517913e+03  
2.696881e-01 3.207489e+02 6.377097e+02 9.143465e+02 1.491111e+03  
2.734474e-01 3.137184e+02 6.249540e+02 8.970924e+02 1.465219e+03  
2.772591e-01 3.069142e+02 6.126055e+02 8.803902e+02 1.440166e+03  
2.811239e-01 3.003010e+02 6.006004e+02 8.641499e+02 1.415803e+03  
2.850426e-01 2.938470e+02 5.888802e+02 8.482897e+02 1.391995e+03  
2.890160e-01 2.875298e+02 5.774043e+02 8.327525e+02 1.368649e+03  
2.930447e-01 2.813418e+02 5.661588e+02 8.175189e+02 1.345734e+03  
2.971296e-01 2.752727e+02 5.551248e+02 8.025628e+02 1.323207e+03  
3.012714e-01 2.693075e+02 5.442752e+02 7.878461e+02 1.301007e+03  
3.054710e-01 2.634347e+02 5.335891e+02 7.733395e+02 1.279086e+03  
3.097291e-01 2.576520e+02 5.230620e+02 7.590372e+02 1.257435e+03  
3.140465e-01 2.519686e+02 5.127111e+02 7.449638e+02 1.236098e+03  
3.184242e-01 2.464053e+02 5.025739e+02 7.311726e+02 1.215166e+03  
3.228628e-01 2.409796e+02 4.926820e+02 7.177088e+02 1.194715e+03  
3.273634e-01 2.356950e+02 4.830418e+02 7.045816e+02 1.174762e+03  
3.319266e-01 2.305444e+02 4.736404e+02 6.917731e+02 1.155279e+03  
3.365535e-01 2.255243e+02 4.644710e+02 6.792742e+02 1.136252e+03  
3.412449e-01 2.206338e+02 4.555322e+02 6.670834e+02 1.117679e+03  
3.460016e-01 2.158710e+02 4.468204e+02 6.551954e+02 1.099554e+03  
3.508247e-01 2.112252e+02 4.383162e+02 6.435837e+02 1.081834e+03  
3.557150e-01 2.066779e+02 4.299862e+02 6.322011e+02 1.064440e+03  
3.606735e-01 2.022176e+02 4.218094e+02 6.210186e+02 1.047327e+03  
3.657011e-01 1.978458e+02 4.137886e+02 6.100404e+02 1.030502e+03  
3.707988e-01 1.935695e+02 4.059366e+02 5.992849e+02 1.013998e+03  
3.759675e-01 1.893911e+02 3.982575e+02 5.887580e+02 9.978254e+02  
3.812083e-01 1.853067e+02 3.907444e+02 5.784507e+02 9.819706e+02  
3.865221e-01 1.813151e+02 3.833949e+02 5.683596e+02 9.664295e+02  
3.919100e-01 1.774209e+02 3.762175e+02 5.584970e+02 9.512231e+02  
3.973730e-01 1.736274e+02 3.692178e+02 5.488711e+02 9.363665e+02  
4.029122e-01 1.699281e+02 3.623842e+02 5.394659e+02 9.218339e+02  
4.085286e-01 1.663151e+02 3.557024e+02 5.302615e+02 9.075935e+02  
4.142232e-01 1.627842e+02 3.491648e+02 5.212476e+02 8.936292e+02  
4.199973e-01 1.593340e+02 3.427691e+02 5.124209e+02 8.799368e+02  
4.258518e-01 1.559658e+02 3.365175e+02 5.037850e+02 8.665229e+02  
4.317880e-01 1.526723e+02 3.303968e+02 4.953216e+02 8.533586e+02  
4.378069e-01 1.494522e+02 3.244045e+02 4.870275e+02 8.404395e+02  
4.439097e-01 1.463093e+02 3.185478e+02 4.789128e+02 8.277830e+02  
4.500975e-01 1.432443e+02 3.128275e+02 4.709792e+02 8.153926e+02  
4.563716e-01 1.402524e+02 3.072354e+02 4.632150e+02 8.032499e+02  
4.627332e-01 1.373281e+02 3.017611e+02 4.556061e+02 7.913329e+02  
4.691835e-01 1.344765e+02 2.964141e+02 4.481660e+02 7.796638e+02  
4.757236e-01 1.316939e+02 2.911876e+02 4.408852e+02 7.682283e+02  
4.823549e-01 1.289742e+02 2.860709e+02 4.337491e+02 7.570030e+02  
4.890787e-01 1.263166e+02 2.810622e+02 4.267554e+02 7.459850e+02  
4.958962e-01 1.237242e+02 2.761673e+02 4.199122e+02 7.351879e+02  
5.028087e-01 1.211921e+02 2.713772e+02 4.132071e+02 7.245924e+02  
5.098176e-01 1.187184e+02 2.666887e+02 4.066362e+02 7.141925e+02  
5.169242e-01 1.163036e+02 2.621026e+02 4.002004e+02 7.039902e+02  
5.241298e-01 1.139481e+02 2.576195e+02 3.939006e+02 6.939875e+02  
5.314359e-01 1.116464e+02 2.532298e+02 3.877238e+02 6.841640e+02  
5.388438e-01 1.093981e+02 2.489327e+02 3.816691e+02 6.745187e+02  
5.463550e-01 1.072046e+02 2.447304e+02 3.757395e+02 6.650565e+02  
5.539709e-01 1.050608e+02 2.406142e+02 3.699231e+02 6.557592e+02  
5.616930e-01 1.029667e+02 2.365839e+02 3.642199e+02 6.466269e+02  
5.695227e-01 1.009232e+02 2.326411e+02 3.586320e+02 6.376634e+02  
5.774615e-01 9.892719e+01 2.287803e+02 3.531520e+02 6.288572e+02  
5.855110e-01 9.697612e+01 2.249971e+02 3.477738e+02 6.201991e+02  
5.936727e-01 9.507298e+01 2.212964e+02 3.425045e+02 6.117003e+02  
6.019482e-01 9.321328e+01 2.176706e+02 3.373335e+02 6.033445e+02  
6.103390e-01 9.139579e+01 2.141174e+02 3.322580e+02 5.951274e+02  
6.188468e-01 8.962229e+01 2.106399e+02 3.272819e+02 5.870554e+02  
6.274732e-01 8.788856e+01 2.072306e+02 3.223955e+02 5.791136e+02  
6.362198e-01 8.619447e+01 2.038895e+02 3.175984e+02 5.713016e+02  
6.450884e-01 8.454044e+01 2.006170e+02 3.128915e+02 5.636206e+02  
6.540806e-01 8.292487e+01 1.974105e+02 3.082712e+02 5.560651e+02  
6.631981e-01 8.134609e+01 1.942670e+02 3.037334e+02 5.486293e+02  
6.724427e-01 7.980303e+01 1.911845e+02 2.992757e+02 5.413095e+02  
6.818162e-01 7.829551e+01 1.881629e+02 2.948976e+02 5.341048e+02  
6.913204e-01 7.682263e+01 1.852004e+02 2.905970e+02 5.270121e+02  
7.009570e-01 7.538329e+01 1.822952e+02 2.863714e+02 5.200276e+02  
7.107280e-01 7.397640e+01 1.794453e+02 2.822181e+02 5.131474e+02  
7.206351e-01 7.260118e+01 1.766494e+02 2.781355e+02 5.063689e+02  
7.306804e-01 7.125689e+01 1.739061e+02 2.741218e+02 4.996894e+02  
7.408657e-01 6.994264e+01 1.712141e+02 2.701749e+02 4.931059e+02  
7.511929e-01 6.865763e+01 1.685717e+02 2.662929e+02 4.866157e+02  
7.616642e-01 6.740121e+01 1.659780e+02 2.624745e+02 4.802163e+02  
7.722814e-01 6.617265e+01 1.634316e+02 2.587178e+02 4.739053e+02  
7.830465e-01 6.497110e+01 1.609311e+02 2.550211e+02 4.676798e+02  
7.939618e-01 6.379590e+01 1.584753e+02 2.513827e+02 4.615375e+02  
8.050292e-01 6.264638e+01 1.560630e+02 2.478011e+02 4.554762e+02  
8.162509e-01 6.152176e+01 1.536930e+02 2.442746e+02 4.494932e+02  
8.276289e-01 6.042130e+01 1.513640e+02 2.408016e+02 4.435862e+02  
8.391656e-01 5.934450e+01 1.490751e+02 2.373809e+02 4.377532e+02  
8.508632e-01 5.829080e+01 1.468254e+02 2.340112e+02 4.319926e+02  
8.627237e-01 5.725957e+01 1.446137e+02 2.306912e+02 4.263021e+02  
8.747496e-01 5.625025e+01 1.424392e+02 2.274196e+02 4.206798e+02  
8.869432e-01 5.526233e+01 1.403009e+02 2.241952e+02 4.151242e+02  
8.993067e-01 5.429521e+01 1.381978e+02 2.210168e+02 4.096331e+02  
9.118425e-01 5.334825e+01 1.361290e+02 2.178830e+02 4.042047e+02  
9.245531e-01 5.242098e+01 1.340935e+02 2.147927e+02 3.988373e+02  
9.374409e-01 5.151290e+01 1.320905e+02 2.117448e+02 3.935294e+02  
9.505083e-01 5.062344e+01 1.301191e+02 2.087383e+02 3.882792e+02  
9.637579e-01 4.975207e+01 1.281785e+02 2.057719e+02 3.830852e+02  
9.771921e-01 4.889839e+01 1.262679e+02 2.028447e+02 3.779460e+02  
9.908137e-01 4.806194e+01 1.243867e+02 1.999559e+02 3.728602e+02  
1.004625e+00 4.724219e+01 1.225338e+02 1.971044e+02 3.678263e+02  
1.018629e+00 4.643872e+01 1.207088e+02 1.942892e+02 3.628432e+02  
1.032828e+00 4.565112e+01 1.189108e+02 1.915096e+02 3.579094e+02  
1.047225e+00 4.487891e+01 1.171392e+02 1.887646e+02 3.530239e+02  
1.061823e+00 4.412163e+01 1.153931e+02 1.860533e+02 3.481853e+02  
1.076624e+00 4.337899e+01 1.136722e+02 1.833750e+02 3.433928e+02  
1.091632e+00 4.265068e+01 1.119759e+02 1.807293e+02 3.386454e+02  
1.106848e+00 4.193632e+01 1.103036e+02 1.781153e+02 3.339422e+02  
1.122277e+00 4.123558e+01 1.086549e+02 1.755323e+02 3.292822e+02  
1.137921e+00 4.054809e+01 1.070290e+02 1.729798e+02 3.246646e+02  
1.153783e+00 3.987344e+01 1.054254e+02 1.704569e+02 3.200883e+02  
1.169866e+00 3.921123e+01 1.038436e+02 1.679629e+02 3.155526e+02  
1.186174e+00 3.856117e+01 1.022830e+02 1.654973e+02 3.110567e+02  
1.202708e+00 3.792302e+01 1.007432e+02 1.630597e+02 3.066000e+02  
1.219473e+00 3.729651e+01 9.922395e+01 1.606494e+02 3.021819e+02  
1.236472e+00 3.668134e+01 9.772467e+01 1.582661e+02 2.978017e+02  
1.253708e+00 3.607721e+01 9.624497e+01 1.559093e+02 2.934590e+02  
1.271184e+00 3.548382e+01 9.478438e+01 1.535783e+02 2.891531e+02  
1.288904e+00 3.490081e+01 9.334242e+01 1.512726e+02 2.848834e+02  
1.306870e+00 3.432793e+01 9.191872e+01 1.489919e+02 2.806495e+02  
1.325087e+00 3.376499e+01 9.051299e+01 1.467358e+02 2.764511e+02  
1.343558e+00 3.321176e+01 8.912491e+01 1.445039e+02 2.722878e+02  
1.362287e+00 3.266801e+01 8.775415e+01 1.422959e+02 2.681593e+02  
1.381276e+00 3.213353e+01 8.640041e+01 1.401115e+02 2.640653e+02  
1.400531e+00 3.160811e+01 8.506340e+01 1.379503e+02 2.600054e+02  
1.420053e+00 3.109151e+01 8.374278e+01 1.358119e+02 2.559796e+02  
1.439848e+00 3.058350e+01 8.243827e+01 1.336962e+02 2.519875e+02  
1.459919e+00 3.008390e+01 8.114959e+01 1.316027e+02 2.480290e+02  
1.480269e+00 2.959248e+01 7.987646e+01 1.295312e+02 2.441039e+02  
1.500903e+00 2.910902e+01 7.861859e+01 1.274814e+02 2.402121e+02  
1.521825e+00 2.863335e+01 7.737577e+01 1.254531e+02 2.363535e+02  
1.543038e+00 2.816532e+01 7.614778e+01 1.234461e+02 2.325281e+02  
1.564548e+00 2.770475e+01 7.493440e+01 1.214602e+02 2.287358e+02  
1.586357e+00 2.725147e+01 7.373542e+01 1.194952e+02 2.249767e+02  
1.608469e+00 2.680533e+01 7.255065e+01 1.175508e+02 2.212507e+02  
1.630891e+00 2.636618e+01 7.137990e+01 1.156269e+02 2.176235e+02  
1.653624e+00 2.593384e+01 7.022296e+01 1.137234e+02 2.138984e+02  
1.676675e+00 2.550817e+01 6.907965e+01 1.118401e+02 2.102722e+02  
1.700047e+00 2.508904e+01 6.794983e+01 1.099767e+02 2.066794e+02  
1.723745e+00 2.467630e+01 6.683331e+01 1.081333e+02 2.031201e+02  
1.747773e+00 2.426980e+01 6.572993e+01 1.063096e+02 1.995945e+02  
1.772136e+00 2.386944e+01 6.463955e+01 1.045056e+02 1.961027e+02  
1.796838e+00 2.347509e+01 6.356204e+01 1.027210e+02 1.926449e+02  
1.821885e+00 2.308662e+01 6.249725e+01 1.009560e+02 1.892211e+02  
1.847281e+00 2.270392e+01 6.144505e+01 9.921018e+01 1.858317e+02  
1.873032e+00 2.232688e+01 6.040533e+01 9.748364e+01 1.824768e+02  
1.899141e+00 2.195538e+01 5.937795e+01 9.577624e+01 1.791565e+02  
1.925614e+00 2.158932e+01 5.836844e+01 9.408791e+01 1.758711e+02  
1.952456e+00 2.122859e+01 5.735976e+01 9.241857e+01 1.726208e+02  
1.979672e+00 2.087310e+01 5.636874e+01 9.076815e+01 1.694057e+02  
2.007267e+00 2.052276e+01 5.538963e+01 8.913659e+01 1.662261e+02  
2.035248e+00 2.017745e+01 5.442233e+01 8.752383e+01 1.630822e+02  
2.063618e+00 1.983710e+01 5.346675e+01 8.592981e+01 1.599742e+02  
2.092383e+00 1.950162e+01 5.252279e+01 8.435449e+01 1.569023e+02  
2.121550e+00 1.917093e+01 5.159038e+01 8.279780e+01 1.538666e+02  
2.151123e+00 1.884494e+01 5.066941e+01 8.125971e+01 1.508674e+02  
2.181109e+00 1.852359e+01 4.975983e+01 7.974018e+01 1.479049e+02  
2.211512e+00 1.820679e+01 4.886154e+01 7.823916e+01 1.449792e+02  
2.242340e+00 1.789447e+01 4.797446e+01 7.675662e+01 1.420904e+02  
2.273597e+00 1.758655e+01 4.709854e+01 7.529251e+01 1.392388e+02  
2.305289e+00 1.728298e+01 4.623369e+01 7.384681e+01 1.364245e+02  
2.337424e+00 1.698366e+01 4.537983e+01 7.241947e+01 1.336476e+02  
2.370006e+00 1.668855e+01 4.453691e+01 7.101045e+01 1.309082e+02  
2.403043e+00 1.639758e+01 4.370485e+01 6.961974e+01 1.282064e+02  
2.436540e+00 1.611070e+01 4.288360e+01 6.824729e+01 1.255424e+02  
2.470504e+00 1.582784e+01 4.207309e+01 6.689307e+01 1.229161e+02  
2.504942e+00 1.554895e+01 4.127325e+01 6.555705e+01 1.203276e+02  
2.539859e+00 1.527398e+01 4.048404e+01 6.423919e+01 1.177770e+02  
2.575263e+00 1.500286e+01 3.970538e+01 6.293945e+01 1.152643e+02  
2.611161e+00 1.473555e+01 3.893721e+01 6.165779e+01 1.127895e+02  
2.647559e+00 1.447208e+01 3.817948e+01 6.039417e+01 1.103525e+02  
2.684465e+00 1.421203e+01 3.743213e+01 5.914856e+01 1.079534e+02  
2.721885e+00 1.395594e+01 3.669511e+01 5.792090e+01 1.055920e+02  
2.759826e+00 1.370336e+01 3.596835e+01 5.671115e+01 1.032684e+02  
2.798297e+00 1.345436e+01 3.525180e+01 5.551927e+01 1.009824e+02  
2.837304e+00 1.320887e+01 3.454541e+01 5.434519e+01 9.873386e+01  
2.876854e+00 1.296687e+01 3.384911e+01 5.318886e+01 9.652273e+01  
2.916956e+00 1.272831e+01 3.316286e+01 5.205021e+01 9.434883e+01  
2.957617e+00 1.249314e+01 3.248658e+01 5.092922e+01 9.221200e+01  
2.998844e+00 1.226134e+01 3.182024e+01 4.982577e+01 9.011208e+01  
3.040646e+00 1.203286e+01 3.116377e+01 4.873982e+01 8.804885e+01  
3.083031e+00 1.180767e+01 3.051712e+01 4.767128e+01 8.602211e+01  
3.126007e+00 1.158572e+01 2.988022e+01 4.662008e+01 8.403164e+01  
3.169582e+00 1.136698e+01 2.925302e+01 4.558613e+01 8.207719e+01  
3.213764e+00 1.115142e+01 2.863546e+01 4.456934e+01 8.015849e+01  
3.258562e+00 1.093900e+01 2.802749e+01 4.356962e+01 7.827529e+01  
3.303985e+00 1.072969e+01 2.742905e+01 4.258687e+01 7.642730e+01  
3.350041e+00 1.052346e+01 2.684006e+01 4.162100e+01 7.461421e+01  
3.396739e+00 1.032026e+01 2.626048e+01 4.067189e+01 7.283572e+01  
3.444087e+00 1.012008e+01 2.569024e+01 3.973943e+01 7.109151e+01  
3.492096e+00 9.922885e+00 2.512928e+01 3.882351e+01 6.938124e+01  
3.540774e+00 9.728632e+00 2.457754e+01 3.792400e+01 6.770457e+01  
3.590130e+00 9.537299e+00 2.403494e+01 3.704077e+01 6.606115e+01  
3.640175e+00 9.348854e+00 2.350143e+01 3.617371e+01 6.445061e+01  
3.690917e+00 9.163267e+00 2.297694e+01 3.532267e+01 6.287259e+01  
3.742366e+00 8.980511e+00 2.246139e+01 3.448751e+01 6.132670e+01  
3.794533e+00 8.800557e+00 2.195473e+01 3.366809e+01 5.981256e+01  
3.847427e+00 8.623374e+00 2.145688e+01 3.286427e+01 5.832978e+01  
3.901058e+00 8.448936e+00 2.096777e+01 3.207589e+01 5.687795e+01  
3.955436e+00 8.277215e+00 2.048732e+01 3.130279e+01 5.545668e+01  
4.010573e+00 8.108184e+00 2.001546e+01 3.054482e+01 5.406555e+01  
4.066478e+00 7.941815e+00 1.955212e+01 2.980182e+01 5.270415e+01  
4.123163e+00 7.778081e+00 1.909722e+01 2.907361e+01 5.137206e+01  
4.180637e+00 7.616955e+00 1.865068e+01 2.836004e+01 5.006886e+01  
4.238913e+00 7.458412e+00 1.821243e+01 2.766093e+01 4.879414e+01  
4.298001e+00 7.302425e+00 1.778237e+01 2.697610e+01 4.754745e+01  
4.357913e+00 7.148967e+00 1.736044e+01 2.630539e+01 4.632837e+01  
4.418660e+00 6.998013e+00 1.694654e+01 2.564860e+01 4.513648e+01  
4.480254e+00 6.849536e+00 1.654060e+01 2.500556e+01 4.397134e+01  
4.542706e+00 6.703512e+00 1.614252e+01 2.437609e+01 4.283252e+01  
4.606029e+00 6.559915e+00 1.575222e+01 2.376000e+01 4.171958e+01  
4.670234e+00 6.418719e+00 1.536962e+01 2.315710e+01 4.063210e+01  
4.735335e+00 6.279900e+00 1.499462e+01 2.256721e+01 3.956965e+01  
4.801343e+00 6.143433e+00 1.462713e+01 2.199015e+01 3.853178e+01  
4.868271e+00 6.009290e+00 1.426707e+01 2.142571e+01 3.751808e+01  
4.936132e+00 5.877449e+00 1.391434e+01 2.087371e+01 3.652812e+01  
5.004939e+00 5.747885e+00 1.356885e+01 2.033396e+01 3.556146e+01  
5.074705e+00 5.620573e+00 1.323050e+01 1.980628e+01 3.461769e+01  
5.145444e+00 5.495488e+00 1.289921e+01 1.929045e+01 3.369638e+01  
5.217169e+00 5.372606e+00 1.257488e+01 1.878631e+01 3.279711e+01  
5.289893e+00 5.251902e+00 1.225740e+01 1.829365e+01 3.191946e+01  
5.363631e+00 5.133352e+00 1.194670e+01 1.781228e+01 3.106302e+01  
5.438397e+00 5.016932e+00 1.164266e+01 1.734201e+01 3.022739e+01  
5.514206e+00 4.902417e+00 1.134520e+01 1.688265e+01 2.941214e+01  
5.591071e+00 4.790384e+00 1.105421e+01 1.643402e+01 2.861689e+01  
5.669007e+00 4.680208e+00 1.076961e+01 1.599591e+01 2.784122e+01  
5.748030e+00 4.572066e+00 1.049128e+01 1.556816e+01 2.708474e+01  
5.828155e+00 4.465932e+00 1.021915e+01 1.515055e+01 2.634706e+01  
5.909396e+00 4.361784e+00 9.953095e+00 1.474292e+01 2.562780e+01  
5.991770e+00 4.259598e+00 9.693035e+00 1.434508e+01 2.492657e+01  
6.075292e+00 4.159350e+00 9.438877e+00 1.395683e+01 2.424297e+01  
6.159978e+00 4.061016e+00 9.190505e+00 1.357800e+01 2.357667e+01  
6.245845e+00 3.964572e+00 8.947810e+00 1.320841e+01 2.292727e+01  
6.332908e+00 3.869995e+00 8.710748e+00 1.284788e+01 2.229441e+01  
6.421186e+00 3.777260e+00 8.479181e+00 1.249623e+01 2.167773e+01  
6.510694e+00 3.686346e+00 8.253023e+00 1.215328e+01 2.107689e+01  
6.601449e+00 3.597228e+00 8.031983e+00 1.181885e+01 2.049151e+01  
6.693470e+00 3.509883e+00 7.816552e+00 1.149281e+01 1.992128e+01  
6.786773e+00 3.424287e+00 7.606050e+00 1.117487e+01 1.936583e+01  
6.881377e+00 3.340417e+00 7.400577e+00 1.086503e+01 1.882485e+01  
6.977300e+00 3.258250e+00 7.200041e+00 1.056300e+01 1.829799e+01  
7.074559e+00 3.177762e+00 7.004348e+00 1.026866e+01 1.778495e+01  
7.173175e+00 3.098930e+00 6.813406e+00 9.981835e+00 1.728539e+01  
7.273165e+00 3.021731e+00 6.627124e+00 9.702366e+00 1.679901e+01  
7.374549e+00 2.946144e+00 6.445412e+00 9.430094e+00 1.632550e+01  
7.477346e+00 2.872142e+00 6.268179e+00 9.164862e+00 1.586455e+01  
7.581576e+00 2.799705e+00 6.095337e+00 8.906515e+00 1.541588e+01  
7.687260e+00 2.728809e+00 5.926798e+00 8.654901e+00 1.497918e+01  
7.794416e+00 2.659432e+00 5.762474e+00 8.409868e+00 1.455417e+01  
7.903066e+00 2.591550e+00 5.602280e+00 8.171270e+00 1.414057e+01  
8.013230e+00 2.525140e+00 5.446202e+00 7.938959e+00 1.373810e+01  
8.124930e+00 2.460181e+00 5.293868e+00 7.712792e+00 1.334650e+01  
8.238187e+00 2.396649e+00 5.145625e+00 7.492628e+00 1.296550e+01  
8.353023e+00 2.334523e+00 5.001105e+00 7.278328e+00 1.259483e+01  
8.469460e+00 2.273779e+00 4.860299e+00 7.069754e+00 1.223425e+01  
8.587519e+00 2.214395e+00 4.723125e+00 6.866773e+00 1.188350e+01  
8.707225e+00 2.156349e+00 4.589505e+00 6.669252e+00 1.154233e+01  
8.828599e+00 2.099619e+00 4.459362e+00 6.477061e+00 1.121051e+01  
8.951665e+00 2.043890e+00 4.332617e+00 6.290072e+00 1.088781e+01  
9.076446e+00 1.990019e+00 4.209195e+00 6.108161e+00 1.057399e+01  
9.202967e+00 1.937124e+00 4.089022e+00 5.931205e+00 1.026883e+01  
9.331251e+00 1.885419e+00 3.972024e+00 5.759083e+00 9.972100e+00  
9.461324e+00 1.834940e+00 3.858128e+00 5.591676e+00 9.683594e+00  
9.593209e+00 1.785647e+00 3.747264e+00 5.428868e+00 9.403099e+00  
9.726934e+00 1.737518e+00 3.639362e+00 5.270546e+00 9.130408e+00  
9.862522e+00 1.690531e+00 3.534351e+00 5.116597e+00 8.865318e+00  
1.000000e+01 1.644667e+00 3.432166e+00 4.966913e+00 8.607648e+00  
