 1.000000e-02  5.492819e+03  9.730831e+03  1.293735e+04  1.887595e+04 
 1.013939e-02  5.521670e+03  9.782141e+03  1.300560e+04  1.897544e+04 
 1.028073e-02  5.550051e+03  9.832617e+03  1.307274e+04  1.907330e+04 
 1.042404e-02  5.577945e+03  9.882227e+03  1.313872e+04  1.916945e+04 
 1.056935e-02  5.605347e+03  9.930942e+03  1.320353e+04  1.926388e+04 
 1.071668e-02  5.632224e+03  9.978732e+03  1.326707e+04  1.935649e+04 
 1.086606e-02  5.658562e+03  1.002555e+04  1.332934e+04  1.944719e+04 
 1.101753e-02  5.684331e+03  1.007137e+04  1.339025e+04  1.953593e+04 
 1.117111e-02  5.709520e+03  1.011613e+04  1.344979e+04  1.962264e+04 
 1.132683e-02  5.734098e+03  1.015982e+04  1.350785e+04  1.970722e+04 
 1.148472e-02  5.758055e+03  1.020239e+04  1.356445e+04  1.978962e+04 
 1.164481e-02  5.781362e+03  1.024380e+04  1.361950e+04  1.986974e+04 
 1.180713e-02  5.803988e+03  1.028400e+04  1.367293e+04  1.994753e+04 
 1.197171e-02  5.825927e+03  1.032298e+04  1.372472e+04  2.002289e+04 
 1.213859e-02  5.847150e+03  1.036067e+04  1.377480e+04  2.009580e+04 
 1.230780e-02  5.867639e+03  1.039704e+04  1.382313e+04  2.016611e+04 
 1.247936e-02  5.887359e+03  1.043205e+04  1.386965e+04  2.023376e+04 
 1.265332e-02  5.906299e+03  1.046568e+04  1.391431e+04  2.029872e+04 
 1.282970e-02  5.924436e+03  1.049787e+04  1.395707e+04  2.036089e+04 
 1.300854e-02  5.941747e+03  1.052859e+04  1.399787e+04  2.042017e+04 
 1.318987e-02  5.958205e+03  1.055780e+04  1.403664e+04  2.047652e+04 
 1.337373e-02  5.973792e+03  1.058545e+04  1.407333e+04  2.052982e+04 
 1.356015e-02  5.988495e+03  1.061153e+04  1.410795e+04  2.058009e+04 
 1.374917e-02  6.002275e+03  1.063597e+04  1.414038e+04  2.062715e+04 
 1.394083e-02  6.015118e+03  1.065874e+04  1.417060e+04  2.067099e+04 
 1.413516e-02  6.026990e+03  1.067979e+04  1.419850e+04  2.071144e+04 
 1.433219e-02  6.037884e+03  1.069908e+04  1.422407e+04  2.074850e+04 
 1.453198e-02  6.047755e+03  1.071657e+04  1.424724e+04  2.078203e+04 
 1.473454e-02  6.056593e+03  1.073222e+04  1.426796e+04  2.081200e+04 
 1.493993e-02  6.064367e+03  1.074598e+04  1.428616e+04  2.083830e+04 
 1.514819e-02  6.071054e+03  1.075782e+04  1.430184e+04  2.086094e+04 
 1.535935e-02  6.076629e+03  1.076771e+04  1.431491e+04  2.087977e+04 
 1.557345e-02  6.081071e+03  1.077558e+04  1.432532e+04  2.089473e+04 
 1.579053e-02  6.084373e+03  1.078142e+04  1.433300e+04  2.090574e+04 
 1.601064e-02  6.086503e+03  1.078517e+04  1.433792e+04  2.091269e+04 
 1.623382e-02  6.087451e+03  1.078683e+04  1.434005e+04  2.091556e+04 
 1.646012e-02  6.087182e+03  1.078632e+04  1.433931e+04  2.091425e+04 
 1.668956e-02  6.085688e+03  1.078365e+04  1.433567e+04  2.090872e+04 
 1.692220e-02  6.082952e+03  1.077877e+04  1.432908e+04  2.089889e+04 
 1.715809e-02  6.078965e+03  1.077166e+04  1.431954e+04  2.088477e+04 
 1.739726e-02  6.073694e+03  1.076227e+04  1.430697e+04  2.086620e+04 
 1.763977e-02  6.067125e+03  1.075058e+04  1.429132e+04  2.084315e+04 
 1.788566e-02  6.059227e+03  1.073653e+04  1.427256e+04  2.081556e+04 
 1.813498e-02  6.049996e+03  1.072011e+04  1.425063e+04  2.078335e+04 
 1.838777e-02  6.039412e+03  1.070129e+04  1.422551e+04  2.074650e+04 
 1.864409e-02  6.027457e+03  1.068003e+04  1.419714e+04  2.070490e+04 
 1.890397e-02  6.014120e+03  1.065632e+04  1.416552e+04  2.065858e+04 
 1.916748e-02  5.999387e+03  1.063014e+04  1.413061e+04  2.060743e+04 
 1.943467e-02  5.983255e+03  1.060146e+04  1.409237e+04  2.055146e+04 
 1.970558e-02  5.965699e+03  1.057026e+04  1.405079e+04  2.049060e+04 
 1.998026e-02  5.946721e+03  1.053653e+04  1.400587e+04  2.042485e+04 
 2.025878e-02  5.926320e+03  1.050029e+04  1.395757e+04  2.035420e+04 
 2.054117e-02  5.904492e+03  1.046152e+04  1.390590e+04  2.027866e+04 
 2.082751e-02  5.881241e+03  1.042020e+04  1.385088e+04  2.019820e+04 
 2.111783e-02  5.856560e+03  1.037635e+04  1.379249e+04  2.011285e+04 
 2.141220e-02  5.830555e+03  1.033014e+04  1.373091e+04  2.002274e+04 
 2.171068e-02  5.803742e+03  1.028227e+04  1.366694e+04  1.992866e+04 
 2.201331e-02  5.775514e+03  1.023191e+04  1.359964e+04  1.982971e+04 
 2.232016e-02  5.745866e+03  1.017902e+04  1.352897e+04  1.972585e+04 
 2.263130e-02  5.714795e+03  1.012360e+04  1.345496e+04  1.961714e+04 
 2.294676e-02  5.682311e+03  1.006568e+04  1.337761e+04  1.950358e+04 
 2.326663e-02  5.648427e+03  1.000529e+04  1.329698e+04  1.938519e+04 
 2.359095e-02  5.613146e+03  9.942400e+03  1.321305e+04  1.926202e+04 
 2.391980e-02  5.576484e+03  9.877082e+03  1.312586e+04  1.913411e+04 
 2.425323e-02  5.538458e+03  9.809330e+03  1.303547e+04  1.900151e+04 
 2.459130e-02  5.499100e+03  9.739212e+03  1.294192e+04  1.886434e+04 
 2.493409e-02  5.458421e+03  9.666767e+03  1.284527e+04  1.872265e+04 
 2.528166e-02  5.416459e+03  9.592048e+03  1.274561e+04  1.857658e+04 
 2.563407e-02  5.373249e+03  9.515120e+03  1.264301e+04  1.842622e+04 
 2.599140e-02  5.328832e+03  9.436044e+03  1.253757e+04  1.827172e+04 
 2.635371e-02  5.283253e+03  9.354927e+03  1.242940e+04  1.811326e+04 
 2.672106e-02  5.236567e+03  9.271848e+03  1.231862e+04  1.795101e+04 
 2.709354e-02  5.188816e+03  9.186870e+03  1.220534e+04  1.778511e+04 
 2.747121e-02  5.140035e+03  9.100077e+03  1.208964e+04  1.761571e+04 
 2.785414e-02  5.090188e+03  9.011412e+03  1.197149e+04  1.744278e+04 
 2.824241e-02  5.039065e+03  8.920608e+03  1.185060e+04  1.726612e+04 
 2.863610e-02  4.987015e+03  8.828154e+03  1.172752e+04  1.708628e+04 
 2.903527e-02  4.934069e+03  8.734113e+03  1.160234e+04  1.690341e+04 
 2.944000e-02  4.880278e+03  8.638586e+03  1.147518e+04  1.671765e+04 
 2.985038e-02  4.825694e+03  8.541658e+03  1.134616e+04  1.652917e+04 
 3.026648e-02  4.770373e+03  8.443426e+03  1.121542e+04  1.633818e+04 
 3.068838e-02  4.714381e+03  8.344001e+03  1.108308e+04  1.614490e+04 
 3.111616e-02  4.657778e+03  8.243503e+03  1.094933e+04  1.594955e+04 
 3.154990e-02  4.600640e+03  8.142063e+03  1.081432e+04  1.575237e+04 
 3.198969e-02  4.543054e+03  8.039823e+03  1.067826e+04  1.555365e+04 
 3.243561e-02  4.485100e+03  7.936941e+03  1.054135e+04  1.535369e+04 
 3.288774e-02  4.426882e+03  7.833578e+03  1.040380e+04  1.515283e+04 
 3.334618e-02  4.368493e+03  7.729928e+03  1.026587e+04  1.495139e+04 
 3.381101e-02  4.310042e+03  7.626169e+03  1.012780e+04  1.474975e+04 
 3.428231e-02  4.251611e+03  7.522446e+03  9.989775e+03  1.454818e+04 
 3.476019e-02  4.193095e+03  7.418877e+03  9.852293e+03  1.434832e+04 
 3.524473e-02  4.134698e+03  7.315526e+03  9.715094e+03  1.414889e+04 
 3.573602e-02  4.076468e+03  7.212473e+03  9.578290e+03  1.395004e+04 
 3.623416e-02  4.018465e+03  7.109821e+03  9.442024e+03  1.375193e+04 
 3.673925e-02  3.960754e+03  7.007673e+03  9.306428e+03  1.355480e+04 
 3.725137e-02  3.903390e+03  6.906152e+03  9.171646e+03  1.335883e+04 
 3.777064e-02  3.846448e+03  6.805367e+03  9.037846e+03  1.316428e+04 
 3.829714e-02  3.789987e+03  6.705437e+03  8.905180e+03  1.297138e+04 
 3.883098e-02  3.734089e+03  6.606509e+03  8.773834e+03  1.278037e+04 
 3.937226e-02  3.678840e+03  6.508714e+03  8.644011e+03  1.259155e+04 
 3.992109e-02  3.624310e+03  6.412207e+03  8.515872e+03  1.240518e+04 
 4.047757e-02  3.570584e+03  6.317088e+03  8.389561e+03  1.222136e+04 
 4.104181e-02  3.517611e+03  6.222770e+03  8.263738e+03  1.203669e+04 
 4.161391e-02  3.465641e+03  6.130245e+03  8.140295e+03  1.185549e+04 
 4.219398e-02  3.414768e+03  6.039655e+03  8.019443e+03  1.167805e+04 
 4.278214e-02  3.365034e+03  5.951098e+03  7.901277e+03  1.150455e+04 
 4.337850e-02  3.316471e+03  5.864618e+03  7.785886e+03  1.133507e+04 
 4.398317e-02  3.269108e+03  5.780262e+03  7.673309e+03  1.116971e+04 
 4.459628e-02  3.222964e+03  5.698067e+03  7.563624e+03  1.100856e+04 
 4.521792e-02  3.178070e+03  5.618093e+03  7.456875e+03  1.085170e+04 
 4.584824e-02  3.134440e+03  5.540370e+03  7.353129e+03  1.069921e+04 
 4.648734e-02  3.092103e+03  5.464931e+03  7.252419e+03  1.055116e+04 
 4.713535e-02  3.051160e+03  5.392649e+03  7.156604e+03  1.041208e+04 
 4.779239e-02  3.011599e+03  5.323204e+03  7.064976e+03  1.028021e+04 
 4.845859e-02  2.973378e+03  5.256134e+03  6.976493e+03  1.015289e+04 
 4.913407e-02  2.936506e+03  5.191432e+03  6.891144e+03  1.003011e+04 
 4.981898e-02  2.900967e+03  5.129096e+03  6.808927e+03  9.911867e+03 
 5.051342e-02  2.866742e+03  5.069071e+03  6.729778e+03  9.798078e+03 
 5.121755e-02  2.833801e+03  5.011318e+03  6.653643e+03  9.688661e+03 
 5.193150e-02  2.802111e+03  4.955779e+03  6.580443e+03  9.583498e+03 
 5.265540e-02  2.771634e+03  4.902373e+03  6.510070e+03  9.482468e+03 
 5.338938e-02  2.742096e+03  4.850223e+03  6.440932e+03  9.382115e+03 
 5.413360e-02  2.713410e+03  4.799078e+03  6.372633e+03  9.281659e+03 
 5.488820e-02  2.685765e+03  4.749785e+03  6.306799e+03  9.184817e+03 
 5.565331e-02  2.659107e+03  4.702250e+03  6.243294e+03  9.091377e+03 
 5.642908e-02  2.633308e+03  4.656228e+03  6.181815e+03  9.000877e+03 
 5.721568e-02  2.608308e+03  4.611630e+03  6.122224e+03  8.913155e+03 
 5.801323e-02  2.583977e+03  4.568225e+03  6.064235e+03  8.827814e+03 
 5.882190e-02  2.560302e+03  4.526004e+03  6.007833e+03  8.744846e+03 
 5.964185e-02  2.537226e+03  4.485134e+03  5.953526e+03  8.665715e+03 
 6.047322e-02  2.514940e+03  4.446415e+03  5.902851e+03  8.593934e+03 
 6.131619e-02  2.492824e+03  4.407988e+03  5.852545e+03  8.522654e+03 
 6.217090e-02  2.470795e+03  4.369699e+03  5.802401e+03  8.451563e+03 
 6.303753e-02  2.448720e+03  4.331312e+03  5.752121e+03  8.380248e+03 
 6.391624e-02  2.426468e+03  4.292614e+03  5.701423e+03  8.308322e+03 
 6.480720e-02  2.403905e+03  4.253365e+03  5.649994e+03  8.235340e+03 
 6.571058e-02  2.380874e+03  4.213282e+03  5.597455e+03  8.160721e+03 
 6.662655e-02  2.356150e+03  4.168459e+03  5.536809e+03  8.069375e+03 
 6.755528e-02  2.330666e+03  4.122239e+03  5.474251e+03  7.975088e+03 
 6.849697e-02  2.304336e+03  4.074526e+03  5.409706e+03  7.877927e+03 
 6.945178e-02  2.277047e+03  4.025110e+03  5.342913e+03  7.777484e+03 
 7.041990e-02  2.248690e+03  3.973818e+03  5.273626e+03  7.673427e+03 
 7.140151e-02  2.219179e+03  3.920482e+03  5.201630e+03  7.565444e+03 
 7.239681e-02  2.188700e+03  3.865702e+03  5.128031e+03  7.456090e+03 
 7.340598e-02  2.157248e+03  3.809527e+03  5.052942e+03  7.345721e+03 
 7.442922e-02  2.124449e+03  3.750959e+03  4.974679e+03  7.230726e+03 
 7.546673e-02  2.090266e+03  3.689947e+03  4.893161e+03  7.110989e+03 
 7.651869e-02  2.054710e+03  3.626504e+03  4.808421e+03  6.986541e+03 
 7.758532e-02  2.017797e+03  3.560659e+03  4.720490e+03  6.857445e+03 
 7.866682e-02  1.980355e+03  3.494901e+03  4.633672e+03  6.732446e+03 
 7.976339e-02  1.942942e+03  3.430838e+03  4.550714e+03  6.617063e+03 
 8.087525e-02  1.904321e+03  3.364571e+03  4.464753e+03  6.497133e+03 
 8.200261e-02  1.864610e+03  3.296299e+03  4.376055e+03  6.373019e+03 
 8.314568e-02  1.823950e+03  3.226268e+03  4.284942e+03  6.245180e+03 
 8.430468e-02  1.782499e+03  3.154749e+03  4.191781e+03  6.114137e+03 
 8.547985e-02  1.739809e+03  3.079982e+03  4.093288e+03  5.972899e+03 
 8.667139e-02  1.696437e+03  3.003496e+03  3.992027e+03  5.826454e+03 
 8.787954e-02  1.652896e+03  2.926687e+03  3.890306e+03  5.679238e+03 
 8.910453e-02  1.609418e+03  2.849954e+03  3.788666e+03  5.532051e+03 
 9.034660e-02  1.566231e+03  2.773714e+03  3.687647e+03  5.385705e+03 
 9.160598e-02  1.524251e+03  2.700511e+03  3.591494e+03  5.248384e+03 
 9.288292e-02  1.483623e+03  2.630479e+03  3.500275e+03  5.119948e+03 
 9.417766e-02  1.443930e+03  2.562019e+03  3.411061e+03  4.994216e+03 
 9.549045e-02  1.405389e+03  2.495518e+03  3.324373e+03  4.871973e+03 
 9.682153e-02  1.368209e+03  2.431353e+03  3.240725e+03  4.753974e+03 
 9.817117e-02  1.332871e+03  2.370822e+03  3.162238e+03  4.644282e+03 
 9.953962e-02  1.299345e+03  2.313588e+03  3.088217e+03  4.541270e+03 
 1.009272e-01  1.267668e+03  2.259566e+03  3.018404e+03  4.444234e+03 
 1.023340e-01  1.237950e+03  2.208965e+03  2.953085e+03  4.353626e+03 
 1.037605e-01  1.209692e+03  2.160214e+03  2.889568e+03  4.264137e+03 
 1.052069e-01  1.181356e+03  2.108732e+03  2.820089e+03  4.160636e+03 
 1.066734e-01  1.155226e+03  2.061248e+03  2.756000e+03  4.065155e+03 
 1.081604e-01  1.131265e+03  2.017685e+03  2.697195e+03  3.977536e+03 
 1.096681e-01  1.109410e+03  1.977928e+03  2.643509e+03  3.897536e+03 
 1.111968e-01  1.089653e+03  1.942130e+03  2.595167e+03  3.825055e+03 
 1.127468e-01  1.071765e+03  1.909717e+03  2.551378e+03  3.759332e+03 
 1.143184e-01  1.055572e+03  1.880357e+03  2.511697e+03  3.699720e+03 
 1.159120e-01  1.040864e+03  1.853678e+03  2.475617e+03  3.645459e+03 
 1.175277e-01  1.027983e+03  1.830819e+03  2.445056e+03  3.600017e+03 
 1.191660e-01  1.016138e+03  1.809865e+03  2.417084e+03  3.558469e+03 
 1.208271e-01  1.004995e+03  1.790177e+03  2.390811e+03  3.519438e+03 
 1.225114e-01  9.942051e+02  1.771081e+03  2.365310e+03  3.481555e+03 
 1.242191e-01  9.830056e+02  1.750841e+03  2.338074e+03  3.441116e+03 
 1.259506e-01  9.715991e+02  1.730232e+03  2.310334e+03  3.399920e+03 
 1.277063e-01  9.596937e+02  1.708722e+03  2.281383e+03  3.356928e+03 
 1.294865e-01  9.472988e+02  1.686496e+03  2.251501e+03  3.312333e+03 
 1.312915e-01  9.342245e+02  1.663230e+03  2.220254e+03  3.265468e+03 
 1.331216e-01  9.199218e+02  1.637754e+03  2.186032e+03  3.214199e+03 
 1.349772e-01  9.042710e+02  1.609882e+03  2.148634e+03  3.158339e+03 
 1.368587e-01  8.882442e+02  1.583009e+03  2.114433e+03  3.112387e+03 
 1.387665e-01  8.707067e+02  1.553361e+03  2.076447e+03  3.060694e+03 
 1.407008e-01  8.516921e+02  1.520991e+03  2.034736e+03  3.003320e+03 
 1.426621e-01  8.322847e+02  1.488428e+03  1.992870e+03  2.945182e+03 
 1.446507e-01  8.119665e+02  1.454307e+03  1.948878e+03  2.883589e+03 
 1.466671e-01  7.906320e+02  1.418234e+03  1.902166e+03  2.817778e+03 
 1.487115e-01  7.669369e+02  1.376351e+03  1.846639e+03  2.737495e+03 
 1.507845e-01  7.418132e+02  1.330876e+03  1.785623e+03  2.648129e+03 
 1.528864e-01  7.167695e+02  1.285545e+03  1.724789e+03  2.558969e+03 
 1.550175e-01  6.939291e+02  1.246044e+03  1.673244e+03  2.486397e+03 
 1.571784e-01  6.730177e+02  1.211227e+03  1.628936e+03  2.426370e+03 
 1.593694e-01  6.530377e+02  1.177937e+03  1.586548e+03  2.368891e+03 
 1.615909e-01  6.347923e+02  1.148026e+03  1.548766e+03  2.318053e+03 
 1.638434e-01  6.182023e+02  1.121134e+03  1.515019e+03  2.273003e+03 
 1.661273e-01  6.032003e+02  1.096992e+03  1.484880e+03  2.233130e+03 
 1.684430e-01  5.870447e+02  1.068275e+03  1.446929e+03  2.179119e+03 
 1.707910e-01  5.723675e+02  1.041958e+03  1.412023e+03  2.129339e+03 
 1.731717e-01  5.598551e+02  1.019857e+03  1.382929e+03  2.088162e+03 
 1.755856e-01  5.505093e+02  1.004595e+03  1.363532e+03  2.061177e+03 
 1.780332e-01  5.425632e+02  9.918773e+02  1.347578e+03  2.039372e+03 
 1.805149e-01  5.340936e+02  9.761920e+02  1.325918e+03  2.005691e+03 
 1.830312e-01  5.255363e+02  9.591421e+02  1.301402e+03  1.965752e+03 
 1.855825e-01  5.176205e+02  9.434398e+02  1.278931e+03  1.929405e+03 
 1.881694e-01  5.101257e+02  9.295182e+02  1.260136e+03  1.901639e+03 
 1.907924e-01  5.024530e+02  9.152800e+02  1.240915e+03  1.873226e+03 
 1.934520e-01  4.938157e+02  8.991123e+02  1.219146e+03  1.841917e+03 
 1.961486e-01  4.842549e+02  8.812066e+02  1.195041e+03  1.807380e+03 
 1.988828e-01  4.748325e+02  8.642336e+02  1.172439e+03  1.774891e+03 
 2.016551e-01  4.659176e+02  8.491649e+02  1.152765e+03  1.746513e+03 
 2.044661e-01  4.557854e+02  8.316593e+02  1.129627e+03  1.712660e+03 
 2.073162e-01  4.441038e+02  8.102742e+02  1.100421e+03  1.668420e+03 
 2.102061e-01  4.315843e+02  7.873282e+02  1.069087e+03  1.620940e+03 
 2.131362e-01  4.220085e+02  7.737436e+02  1.053357e+03  1.601428e+03 
 2.161073e-01  4.121907e+02  7.597286e+02  1.037062e+03  1.581081e+03 
 2.191197e-01  3.999051e+02  7.392623e+02  1.011214e+03  1.547002e+03 
 2.221741e-01  3.873773e+02  7.178353e+02  9.837997e+02  1.510488e+03 
 2.252711e-01  3.760180e+02  6.990852e+02  9.603606e+02  1.480061e+03 
 2.284112e-01  3.657136e+02  6.823963e+02  9.397812e+02  1.453847e+03 
 2.315951e-01  3.566607e+02  6.671791e+02  9.199572e+02  1.425120e+03 
 2.348235e-01  3.488388e+02  6.539334e+02  9.023916e+02  1.398585e+03 
 2.380968e-01  3.402763e+02  6.379882e+02  8.806000e+02  1.366022e+03 
 2.414157e-01  3.323504e+02  6.229142e+02  8.598803e+02  1.335204e+03 
 2.447809e-01  3.247453e+02  6.086096e+02  8.404975e+02  1.306291e+03 
 2.481930e-01  3.178875e+02  5.957688e+02  8.231615e+02  1.280464e+03 
 2.516527e-01  3.139781e+02  5.892934e+02  8.144827e+02  1.266950e+03 
 2.551606e-01  3.093274e+02  5.810256e+02  8.032660e+02  1.249897e+03 
 2.587174e-01  3.018542e+02  5.662092e+02  7.828278e+02  1.219850e+03 
 2.623238e-01  2.955703e+02  5.546410e+02  7.672729e+02  1.197357e+03 
 2.659804e-01  2.904167e+02  5.462856e+02  7.565813e+02  1.182367e+03 
 2.696881e-01  2.832906e+02  5.335114e+02  7.395991e+02  1.157377e+03 
 2.734474e-01  2.752596e+02  5.188765e+02  7.200311e+02  1.128416e+03 
 2.772591e-01  2.689467e+02  5.087884e+02  7.076619e+02  1.112870e+03 
 2.811239e-01  2.620811e+02  4.972344e+02  6.931264e+02  1.094619e+03 
 2.850426e-01  2.548385e+02  4.844385e+02  6.767221e+02  1.074446e+03 
 2.890160e-01  2.480937e+02  4.734623e+02  6.629416e+02  1.055545e+03 
 2.930447e-01  2.417556e+02  4.629912e+02  6.493210e+02  1.035199e+03 
 2.971296e-01  2.358620e+02  4.520681e+02  6.334604e+02  1.008399e+03 
 3.012714e-01  2.306343e+02  4.434005e+02  6.222787e+02  9.924266e+02 
 3.054710e-01  2.257217e+02  4.354823e+02  6.126174e+02  9.801505e+02 
 3.097291e-01  2.200948e+02  4.253231e+02  5.993854e+02  9.621408e+02 
 3.140465e-01  2.151435e+02  4.156655e+02  5.857402e+02  9.401997e+02 
 3.184242e-01  2.108586e+02  4.073606e+02  5.739524e+02  9.211366e+02 
 3.228628e-01  2.074198e+02  4.016182e+02  5.667132e+02  9.122038e+02 
 3.273634e-01  2.026155e+02  3.921308e+02  5.532317e+02  8.909214e+02 
 3.319266e-01  1.975568e+02  3.825023e+02  5.400875e+02  8.714906e+02 
 3.365535e-01  1.925506e+02  3.737100e+02  5.288904e+02  8.567535e+02 
 3.412449e-01  1.889017e+02  3.688931e+02  5.232559e+02  8.480129e+02 
 3.460016e-01  1.848522e+02  3.624363e+02  5.150659e+02  8.367033e+02 
 3.508247e-01  1.808026e+02  3.554323e+02  5.058674e+02  8.234717e+02 
 3.557150e-01  1.768297e+02  3.483184e+02  4.963984e+02  8.092089e+02 
 3.606735e-01  1.722972e+02  3.405300e+02  4.863705e+02  7.954968e+02 
 3.657011e-01  1.670764e+02  3.309906e+02  4.735306e+02  7.778559e+02 
 3.707988e-01  1.628965e+02  3.232252e+02  4.631016e+02  7.627166e+02 
 3.759675e-01  1.591706e+02  3.163012e+02  4.537517e+02  7.489420e+02 
 3.812083e-01  1.554752e+02  3.098016e+02  4.451190e+02  7.364609e+02 
 3.865221e-01  1.524168e+02  3.054220e+02  4.401989e+02  7.288144e+02 
 3.919100e-01  1.492306e+02  2.982362e+02  4.293847e+02  7.138774e+02 
 3.973730e-01  1.456342e+02  2.922775e+02  4.220233e+02  7.025435e+02 
 4.029122e-01  1.426551e+02  2.876905e+02  4.158064e+02  6.914745e+02 
 4.085286e-01  1.396672e+02  2.815175e+02  4.070735e+02  6.790893e+02 
 4.142232e-01  1.360461e+02  2.743369e+02  3.976385e+02  6.673392e+02 
 4.199973e-01  1.324337e+02  2.682238e+02  3.899732e+02  6.564108e+02 
 4.258518e-01  1.294915e+02  2.629631e+02  3.826946e+02  6.443177e+02 
 4.317880e-01  1.263971e+02  2.572026e+02  3.743609e+02  6.316300e+02 
 4.378069e-01  1.236994e+02  2.519892e+02  3.670357e+02  6.198352e+02 
 4.439097e-01  1.214794e+02  2.486350e+02  3.630440e+02  6.158374e+02 
 4.500975e-01  1.181356e+02  2.426039e+02  3.549886e+02  6.042218e+02 
 4.563716e-01  1.153385e+02  2.369946e+02  3.470254e+02  5.905450e+02 
 4.627332e-01  1.135021e+02  2.345060e+02  3.443597e+02  5.880423e+02 
 4.691835e-01  1.105390e+02  2.288133e+02  3.364069e+02  5.751659e+02 
 4.757236e-01  1.083914e+02  2.246942e+02  3.308157e+02  5.667102e+02 
 4.823549e-01  1.054477e+02  2.189257e+02  3.227752e+02  5.557948e+02 
 4.890787e-01  1.030584e+02  2.143801e+02  3.167394e+02  5.466469e+02 
 4.958962e-01  1.012172e+02  2.109364e+02  3.115522e+02  5.373921e+02 
 5.028087e-01  9.880362e+01  2.069050e+02  3.062177e+02  5.297357e+02 
 5.098176e-01  9.686728e+01  2.034447e+02  3.013840e+02  5.207086e+02 
 5.169242e-01  9.509068e+01  2.002001e+02  2.970536e+02  5.149924e+02 
 5.241298e-01  9.191679e+01  1.949007e+02  2.906253e+02  5.072127e+02 
 5.314359e-01  9.023214e+01  1.924411e+02  2.873994e+02  5.020212e+02 
 5.388438e-01  8.826171e+01  1.881160e+02  2.810435e+02  4.925158e+02 
 5.463550e-01  8.657706e+01  1.849431e+02  2.764448e+02  4.849768e+02 
 5.539709e-01  8.414209e+01  1.807052e+02  2.711502e+02  4.771234e+02 
 5.616930e-01  8.254528e+01  1.777037e+02  2.669784e+02  4.710094e+02 
 5.695227e-01  8.081107e+01  1.748826e+02  2.635770e+02  4.645481e+02 
 5.774615e-01  7.890490e+01  1.706600e+02  2.573727e+02  4.556662e+02 
 5.855110e-01  7.740743e+01  1.680225e+02  2.535037e+02  4.491502e+02 
 5.936727e-01  7.555723e+01  1.639400e+02  2.478290e+02  4.408790e+02 
 6.019482e-01  7.417450e+01  1.618395e+02  2.446204e+02  4.351097e+02 
 6.103390e-01  7.232611e+01  1.587473e+02  2.407501e+02  4.286887e+02 
 6.188468e-01  7.064951e+01  1.559398e+02  2.380696e+02  4.267878e+02 
 6.274732e-01  6.937966e+01  1.528746e+02  2.329263e+02  4.184495e+02 
 6.362198e-01  6.787384e+01  1.503987e+02  2.294991e+02  4.121177e+02 
 6.450884e-01  6.620003e+01  1.474587e+02  2.255180e+02  4.054680e+02 
 6.540806e-01  6.476328e+01  1.441649e+02  2.206332e+02  3.983880e+02 
 6.631981e-01  6.323189e+01  1.417120e+02  2.179872e+02  3.942071e+02 
 6.724427e-01  6.194840e+01  1.390875e+02  2.143534e+02  3.897453e+02 
 6.818162e-01  6.051600e+01  1.364542e+02  2.099566e+02  3.817280e+02 
 6.913204e-01  5.914242e+01  1.337510e+02  2.065265e+02  3.762611e+02 
 7.009570e-01  5.824215e+01  1.316295e+02  2.034510e+02  3.712126e+02 
 7.107280e-01  5.665382e+01  1.292285e+02  2.002617e+02  3.652718e+02 
 7.206351e-01  5.571466e+01  1.270857e+02  1.974098e+02  3.618744e+02 
 7.306804e-01  5.450596e+01  1.250514e+02  1.942026e+02  3.553508e+02 
 7.408657e-01  5.323907e+01  1.224579e+02  1.905761e+02  3.505434e+02 
 7.511929e-01  5.204954e+01  1.200739e+02  1.875660e+02  3.457020e+02 
 7.616642e-01  5.099830e+01  1.177820e+02  1.843593e+02  3.410410e+02 
 7.722814e-01  5.023495e+01  1.165026e+02  1.822726e+02  3.363476e+02 
 7.830465e-01  4.913524e+01  1.141466e+02  1.789888e+02  3.318438e+02 
 7.939618e-01  4.815390e+01  1.125568e+02  1.765834e+02  3.280064e+02 
 8.050292e-01  4.703140e+01  1.102944e+02  1.739919e+02  3.238068e+02 
 8.162509e-01  4.612986e+01  1.085971e+02  1.710828e+02  3.180475e+02 
 8.276289e-01  4.495485e+01  1.062990e+02  1.681009e+02  3.138752e+02 
 8.391656e-01  4.430897e+01  1.049641e+02  1.656184e+02  3.100352e+02 
 8.508632e-01  4.345756e+01  1.030597e+02  1.632506e+02  3.059282e+02 
 8.627237e-01  4.242697e+01  1.012751e+02  1.606681e+02  3.010387e+02 
 8.747496e-01  4.159851e+01  9.943180e+01  1.581457e+02  2.970181e+02 
 8.869432e-01  4.081188e+01  9.792433e+01  1.559131e+02  2.933556e+02 
 8.993067e-01  3.992008e+01  9.626468e+01  1.534794e+02  2.890052e+02 
 9.118425e-01  3.925989e+01  9.454470e+01  1.508206e+02  2.839697e+02 
 9.245531e-01  3.834144e+01  9.289271e+01  1.483802e+02  2.806165e+02 
 9.374409e-01  3.754632e+01  9.133975e+01  1.463455e+02  2.770064e+02 
 9.505083e-01  3.686264e+01  8.980005e+01  1.441278e+02  2.730528e+02 
 9.637579e-01  3.603407e+01  8.802899e+01  1.415238e+02  2.690418e+02 
 9.771921e-01  3.547575e+01  8.742231e+01  1.401848e+02  2.655671e+02 
 9.908137e-01  3.474144e+01  8.569807e+01  1.378004e+02  2.620060e+02 
 1.004625e+00  3.402347e+01  8.404466e+01  1.353754e+02  2.577207e+02 
 1.018629e+00  3.341320e+01  8.281708e+01  1.334542e+02  2.539886e+02 
 1.032828e+00  3.270910e+01  8.139928e+01  1.316159e+02  2.512186e+02 
 1.047225e+00  3.201704e+01  8.014426e+01  1.294996e+02  2.469489e+02 
 1.061823e+00  3.146256e+01  7.900881e+01  1.277139e+02  2.436225e+02 
 1.076624e+00  3.082729e+01  7.768877e+01  1.257862e+02  2.400912e+02 
 1.091632e+00  3.027357e+01  7.635056e+01  1.239810e+02  2.365067e+02 
 1.106848e+00  2.964151e+01  7.498316e+01  1.219831e+02  2.333282e+02 
 1.122277e+00  2.906463e+01  7.390352e+01  1.200038e+02  2.295608e+02 
 1.137921e+00  2.848898e+01  7.256812e+01  1.181253e+02  2.262575e+02 
 1.153783e+00  2.797881e+01  7.141983e+01  1.163689e+02  2.231125e+02 
 1.169866e+00  2.746552e+01  7.032960e+01  1.146226e+02  2.201668e+02 
 1.186174e+00  2.691869e+01  6.926483e+01  1.129132e+02  2.167780e+02 
 1.202708e+00  2.643389e+01  6.814258e+01  1.112678e+02  2.137042e+02 
 1.219473e+00  2.595773e+01  6.709623e+01  1.097158e+02  2.102748e+02 
 1.236472e+00  2.545796e+01  6.604646e+01  1.081368e+02  2.074236e+02 
 1.253708e+00  2.499796e+01  6.497208e+01  1.062886e+02  2.043412e+02 
 1.271184e+00  2.454265e+01  6.414723e+01  1.050600e+02  2.013969e+02 
 1.288904e+00  2.408110e+01  6.289610e+01  1.031947e+02  1.985579e+02 
 1.306870e+00  2.361691e+01  6.189020e+01  1.015974e+02  1.953242e+02 
 1.325087e+00  2.322011e+01  6.095787e+01  1.001362e+02  1.922191e+02 
 1.343558e+00  2.279315e+01  5.996262e+01  9.858154e+01  1.893157e+02 
 1.362287e+00  2.239481e+01  5.898057e+01  9.695142e+01  1.862789e+02 
 1.381276e+00  2.197086e+01  5.808314e+01  9.528830e+01  1.832964e+02 
 1.400531e+00  2.158492e+01  5.715758e+01  9.389214e+01  1.802978e+02 
 1.420053e+00  2.117889e+01  5.615950e+01  9.247457e+01  1.773606e+02 
 1.439848e+00  2.080559e+01  5.534532e+01  9.093559e+01  1.746130e+02 
 1.459919e+00  2.040885e+01  5.443618e+01  8.950501e+01  1.716461e+02 
 1.480269e+00  2.009163e+01  5.348372e+01  8.796837e+01  1.686024e+02 
 1.500903e+00  1.972679e+01  5.267275e+01  8.655500e+01  1.661493e+02 
 1.521825e+00  1.936422e+01  5.187786e+01  8.527616e+01  1.633262e+02 
 1.543038e+00  1.900896e+01  5.102699e+01  8.396032e+01  1.608344e+02 
 1.564548e+00  1.870073e+01  5.021292e+01  8.259085e+01  1.580270e+02 
 1.586357e+00  1.837372e+01  4.945027e+01  8.127045e+01  1.553498e+02 
 1.608469e+00  1.802881e+01  4.865077e+01  7.993792e+01  1.528640e+02 
 1.630891e+00  1.776437e+01  4.778773e+01  7.846245e+01  1.499544e+02 
 1.653624e+00  1.742567e+01  4.699356e+01  7.724802e+01  1.476237e+02 
 1.676675e+00  1.711426e+01  4.629719e+01  7.602546e+01  1.449229e+02 
 1.700047e+00  1.681123e+01  4.554505e+01  7.474124e+01  1.424626e+02 
 1.723745e+00  1.653921e+01  4.475919e+01  7.348896e+01  1.397672e+02 
 1.747773e+00  1.622773e+01  4.399212e+01  7.220532e+01  1.372360e+02 
 1.772136e+00  1.594692e+01  4.328230e+01  7.094018e+01  1.348766e+02 
 1.796838e+00  1.567928e+01  4.254763e+01  6.972415e+01  1.323916e+02 
 1.821885e+00  1.543663e+01  4.183181e+01  6.848620e+01  1.300400e+02 
 1.847281e+00  1.515395e+01  4.118651e+01  6.739146e+01  1.276708e+02 
 1.873032e+00  1.489990e+01  4.048116e+01  6.609015e+01  1.253609e+02 
 1.899141e+00  1.464285e+01  3.975132e+01  6.496319e+01  1.230285e+02 
 1.925614e+00  1.440501e+01  3.909908e+01  6.384859e+01  1.206497e+02 
 1.952456e+00  1.419666e+01  3.847800e+01  6.276048e+01  1.183684e+02 
 1.979672e+00  1.392328e+01  3.784967e+01  6.164003e+01  1.161454e+02 
 2.007267e+00  1.370432e+01  3.719278e+01  6.045098e+01  1.139905e+02 
 2.035248e+00  1.345775e+01  3.651406e+01  5.933667e+01  1.116910e+02 
 2.063618e+00  1.322754e+01  3.585570e+01  5.823160e+01  1.094720e+02 
 2.092383e+00  1.301155e+01  3.522574e+01  5.712529e+01  1.072932e+02 
 2.121550e+00  1.278008e+01  3.458443e+01  5.604841e+01  1.051604e+02 
 2.151123e+00  1.256723e+01  3.397944e+01  5.496332e+01  1.029681e+02 
 2.181109e+00  1.234998e+01  3.334012e+01  5.391966e+01  1.009259e+02 
 2.211512e+00  1.214439e+01  3.272005e+01  5.283958e+01  9.879002e+01 
 2.242340e+00  1.193813e+01  3.215415e+01  5.184756e+01  9.677837e+01 
 2.273597e+00  1.172402e+01  3.156511e+01  5.079431e+01  9.474932e+01 
 2.305289e+00  1.153884e+01  3.097254e+01  4.981598e+01  9.279579e+01 
 2.337424e+00  1.134633e+01  3.039066e+01  4.881146e+01  9.087168e+01 
 2.370006e+00  1.115022e+01  2.982519e+01  4.785031e+01  8.900595e+01 
 2.403043e+00  1.094959e+01  2.927284e+01  4.686653e+01  8.708363e+01 
 2.436540e+00  1.077181e+01  2.873348e+01  4.593210e+01  8.520543e+01 
 2.470504e+00  1.058863e+01  2.819006e+01  4.498142e+01  8.336077e+01 
 2.504942e+00  1.040975e+01  2.766230e+01  4.407383e+01  8.157671e+01 
 2.539859e+00  1.023884e+01  2.711680e+01  4.314513e+01  7.974160e+01 
 2.575263e+00  1.005415e+01  2.657151e+01  4.227166e+01  7.803131e+01 
 2.611161e+00  9.887036e+00  2.606234e+01  4.134715e+01  7.629320e+01 
 2.647559e+00  9.716578e+00  2.554337e+01  4.045298e+01  7.454960e+01 
 2.684465e+00  9.548193e+00  2.505239e+01  3.958664e+01  7.286541e+01 
 2.721885e+00  9.375270e+00  2.452249e+01  3.873132e+01  7.122008e+01 
 2.759826e+00  9.213997e+00  2.401847e+01  3.787524e+01  6.959007e+01 
 2.798297e+00  9.050091e+00  2.353745e+01  3.704584e+01  6.802966e+01 
 2.837304e+00  8.892434e+00  2.305060e+01  3.622732e+01  6.647158e+01 
 2.876854e+00  8.734145e+00  2.256690e+01  3.542651e+01  6.494696e+01 
 2.916956e+00  8.581602e+00  2.210774e+01  3.464101e+01  6.340968e+01 
 2.957617e+00  8.432533e+00  2.165112e+01  3.388123e+01  6.194776e+01 
 2.998844e+00  8.282979e+00  2.120333e+01  3.312091e+01  6.049917e+01 
 3.040646e+00  8.136092e+00  2.075534e+01  3.236326e+01  5.911851e+01 
 3.083031e+00  7.992326e+00  2.030918e+01  3.163103e+01  5.772420e+01 
 3.126007e+00  7.851246e+00  1.988690e+01  3.091173e+01  5.635066e+01 
 3.169582e+00  7.709312e+00  1.944801e+01  3.017966e+01  5.500932e+01 
 3.213764e+00  7.569324e+00  1.902637e+01  2.948105e+01  5.369336e+01 
 3.258562e+00  7.429148e+00  1.861711e+01  2.879466e+01  5.239852e+01 
 3.303985e+00  7.293116e+00  1.819750e+01  2.811096e+01  5.113161e+01 
 3.350041e+00  7.160258e+00  1.778764e+01  2.744268e+01  4.988433e+01 
 3.396739e+00  7.025210e+00  1.738924e+01  2.679562e+01  4.865975e+01 
 3.444087e+00  6.894915e+00  1.699447e+01  2.613797e+01  4.746305e+01 
 3.492096e+00  6.767117e+00  1.661241e+01  2.552024e+01  4.631146e+01 
 3.540774e+00  6.635721e+00  1.623683e+01  2.490951e+01  4.517349e+01 
 3.590130e+00  6.512541e+00  1.586446e+01  2.430162e+01  4.407057e+01 
 3.640175e+00  6.390245e+00  1.550280e+01  2.372281e+01  4.299012e+01 
 3.690917e+00  6.267112e+00  1.515484e+01  2.313678e+01  4.192459e+01 
 3.742366e+00  6.147668e+00  1.479672e+01  2.257865e+01  4.090245e+01 
 3.794533e+00  6.031393e+00  1.445887e+01  2.203094e+01  3.988754e+01 
 3.847427e+00  5.914170e+00  1.412014e+01  2.148802e+01  3.890750e+01 
 3.901058e+00  5.797808e+00  1.378976e+01  2.096149e+01  3.793116e+01 
 3.955436e+00  5.687788e+00  1.346491e+01  2.043501e+01  3.697328e+01 
 4.010573e+00  5.572792e+00  1.314322e+01  1.993060e+01  3.605414e+01 
 4.066478e+00  5.461378e+00  1.282519e+01  1.942829e+01  3.513743e+01 
 4.123163e+00  5.351042e+00  1.251999e+01  1.893824e+01  3.424336e+01 
 4.180637e+00  5.244784e+00  1.221967e+01  1.846353e+01  3.337104e+01 
 4.238913e+00  5.138067e+00  1.192009e+01  1.799420e+01  3.252780e+01 
 4.298001e+00  5.031235e+00  1.162994e+01  1.754146e+01  3.169643e+01 
 4.357913e+00  4.930677e+00  1.134535e+01  1.709792e+01  3.089648e+01 
 4.418660e+00  4.829167e+00  1.107162e+01  1.666269e+01  3.011595e+01 
 4.480254e+00  4.728464e+00  1.080023e+01  1.624023e+01  2.935022e+01 
 4.542706e+00  4.631675e+00  1.053433e+01  1.582725e+01  2.860598e+01 
 4.606029e+00  4.535040e+00  1.027895e+01  1.542716e+01  2.788656e+01 
 4.670234e+00  4.439967e+00  1.002637e+01  1.504233e+01  2.718486e+01 
 4.735335e+00  4.347576e+00  9.781104e+00  1.466123e+01  2.649550e+01 
 4.801343e+00  4.257457e+00  9.542727e+00  1.429017e+01  2.581931e+01 
 4.868271e+00  4.166628e+00  9.305311e+00  1.392451e+01  2.515951e+01 
 4.936132e+00  4.077824e+00  9.072526e+00  1.356708e+01  2.451539e+01 
 5.004939e+00  3.989447e+00  8.845823e+00  1.321837e+01  2.388236e+01 
 5.074705e+00  3.902086e+00  8.623797e+00  1.287588e+01  2.326873e+01 
 5.145444e+00  3.817868e+00  8.406745e+00  1.254339e+01  2.266741e+01 
 5.217169e+00  3.733353e+00  8.193312e+00  1.221880e+01  2.207708e+01 
 5.289893e+00  3.652375e+00  7.986902e+00  1.190523e+01  2.150997e+01 
 5.363631e+00  3.570948e+00  7.785063e+00  1.159565e+01  2.095284e+01 
 5.438397e+00  3.492321e+00  7.587785e+00  1.129693e+01  2.040975e+01 
 5.514206e+00  3.414893e+00  7.396240e+00  1.100571e+01  1.988430e+01 
 5.591071e+00  3.338125e+00  7.210470e+00  1.072234e+01  1.937165e+01 
 5.669007e+00  3.264735e+00  7.028822e+00  1.044784e+01  1.887729e+01 
 5.748030e+00  3.191774e+00  6.851916e+00  1.017961e+01  1.839087e+01 
 5.828155e+00  3.120519e+00  6.679979e+00  9.919712e+00  1.792025e+01 
 5.909396e+00  3.050576e+00  6.511818e+00  9.666007e+00  1.746220e+01 
 5.991770e+00  2.981650e+00  6.347252e+00  9.417308e+00  1.701420e+01 
 6.075292e+00  2.914035e+00  6.186848e+00  9.175536e+00  1.657231e+01 
 6.159978e+00  2.847376e+00  6.029146e+00  8.938298e+00  1.614379e+01 
 6.245845e+00  2.782140e+00  5.875398e+00  8.707082e+00  1.572352e+01 
 6.332908e+00  2.717688e+00  5.724599e+00  8.480222e+00  1.531183e+01 
 6.421186e+00  2.654884e+00  5.578144e+00  8.259144e+00  1.491107e+01 
 6.510694e+00  2.593086e+00  5.435084e+00  8.044568e+00  1.452114e+01 
 6.601449e+00  2.533076e+00  5.296120e+00  7.835544e+00  1.414097e+01 
 6.693470e+00  2.473749e+00  5.160438e+00  7.631309e+00  1.377033e+01 
 6.786773e+00  2.416207e+00  5.028379e+00  7.432755e+00  1.341124e+01 
 6.881377e+00  2.360023e+00  4.900208e+00  7.240470e+00  1.306081e+01 
 6.977300e+00  2.304987e+00  4.775793e+00  7.054585e+00  1.272063e+01 
 7.074559e+00  2.251651e+00  4.654503e+00  6.872244e+00  1.238927e+01 
 7.173175e+00  2.199192e+00  4.536887e+00  6.695311e+00  1.206830e+01 
 7.273165e+00  2.148305e+00  4.422294e+00  6.523721e+00  1.175549e+01 
 7.374549e+00  2.098149e+00  4.310171e+00  6.356038e+00  1.145100e+01 
 7.477346e+00  2.049044e+00  4.201150e+00  6.193203e+00  1.115264e+01 
 7.581576e+00  2.001140e+00  4.093931e+00  6.032712e+00  1.086082e+01 
 7.687260e+00  1.953929e+00  3.989614e+00  5.876320e+00  1.057601e+01 
 7.794416e+00  1.907675e+00  3.887799e+00  5.722733e+00  1.029675e+01 
 7.903066e+00  1.862563e+00  3.787561e+00  5.572903e+00  1.002352e+01 
 8.013230e+00  1.818326e+00  3.690634e+00  5.427860e+00  9.758117e+00 
 8.124930e+00  1.775047e+00  3.595915e+00  5.285986e+00  9.498893e+00 
 8.238187e+00  1.733074e+00  3.503691e+00  5.147632e+00  9.246401e+00 
 8.353023e+00  1.691921e+00  3.413989e+00  5.013099e+00  9.000697e+00 
 8.469460e+00  1.651951e+00  3.326857e+00  4.882755e+00  8.762272e+00 
 8.587519e+00  1.613064e+00  3.242005e+00  4.755689e+00  8.530205e+00 
 8.707225e+00  1.575133e+00  3.159494e+00  4.632519e+00  8.304825e+00 
 8.828599e+00  1.538254e+00  3.079720e+00  4.512875e+00  8.085620e+00 
 8.951665e+00  1.502141e+00  3.002169e+00  4.396320e+00  7.873299e+00 
 9.076446e+00  1.467193e+00  2.926520e+00  4.283310e+00  7.666366e+00 
 9.202967e+00  1.432976e+00  2.852842e+00  4.173267e+00  7.464609e+00 
 9.331251e+00  1.399486e+00  2.780891e+00  4.065491e+00  7.267812e+00 
 9.461324e+00  0.000000e+00  0.000000e+00  0.000000e+00  0.000000e+00 
 9.593209e+00  0.000000e+00  0.000000e+00  0.000000e+00  0.000000e+00 
 9.726934e+00  0.000000e+00  0.000000e+00  0.000000e+00  0.000000e+00 
 9.862522e+00  0.000000e+00  0.000000e+00  0.000000e+00  0.000000e+00 
 1.000000e+01  0.000000e+00  0.000000e+00  0.000000e+00  0.000000e+00 
