 1.000000e-02  5.492353e+03  9.813952e+03  1.311784e+04  1.929773e+04 
 1.013939e-02  5.522982e+03  9.868855e+03  1.319126e+04  1.940556e+04 
 1.028073e-02  5.553182e+03  9.923009e+03  1.326363e+04  1.951188e+04 
 1.042404e-02  5.582947e+03  9.976342e+03  1.333494e+04  1.961660e+04 
 1.056935e-02  5.612257e+03  1.002887e+04  1.340513e+04  1.971970e+04 
 1.071668e-02  5.641085e+03  1.008054e+04  1.347418e+04  1.982106e+04 
 1.086606e-02  5.669420e+03  1.013130e+04  1.354201e+04  1.992064e+04 
 1.101753e-02  5.697236e+03  1.018113e+04  1.360858e+04  2.001838e+04 
 1.117111e-02  5.724518e+03  1.022998e+04  1.367387e+04  2.011417e+04 
 1.132683e-02  5.751241e+03  1.027784e+04  1.373778e+04  2.020798e+04 
 1.148472e-02  5.777381e+03  1.032463e+04  1.380030e+04  2.029971e+04 
 1.164481e-02  5.802927e+03  1.037037e+04  1.386137e+04  2.038928e+04 
 1.180713e-02  5.827843e+03  1.041495e+04  1.392092e+04  2.047661e+04 
 1.197171e-02  5.852120e+03  1.045839e+04  1.397893e+04  2.056165e+04 
 1.213859e-02  5.875732e+03  1.050063e+04  1.403531e+04  2.064433e+04 
 1.230780e-02  5.898656e+03  1.054162e+04  1.409004e+04  2.072455e+04 
 1.247936e-02  5.920869e+03  1.058135e+04  1.414305e+04  2.080223e+04 
 1.265332e-02  5.942350e+03  1.061976e+04  1.419431e+04  2.087732e+04 
 1.282970e-02  5.963084e+03  1.065682e+04  1.424375e+04  2.094973e+04 
 1.300854e-02  5.983043e+03  1.069248e+04  1.429131e+04  2.101937e+04 
 1.318987e-02  6.002202e+03  1.072671e+04  1.433696e+04  2.108620e+04 
 1.337373e-02  6.020543e+03  1.075947e+04  1.438066e+04  2.115012e+04 
 1.356015e-02  6.038058e+03  1.079074e+04  1.442234e+04  2.121111e+04 
 1.374917e-02  6.054701e+03  1.082044e+04  1.446194e+04  2.126901e+04 
 1.394083e-02  6.070465e+03  1.084857e+04  1.449941e+04  2.132379e+04 
 1.413516e-02  6.085315e+03  1.087507e+04  1.453471e+04  2.137532e+04 
 1.433219e-02  6.099234e+03  1.089989e+04  1.456777e+04  2.142359e+04 
 1.453198e-02  6.112203e+03  1.092300e+04  1.459853e+04  2.146849e+04 
 1.473454e-02  6.124185e+03  1.094435e+04  1.462693e+04  2.150988e+04 
 1.493993e-02  6.135173e+03  1.096390e+04  1.465295e+04  2.154777e+04 
 1.514819e-02  6.145205e+03  1.098178e+04  1.467670e+04  2.158236e+04 
 1.535935e-02  6.154230e+03  1.099785e+04  1.469803e+04  2.161339e+04 
 1.557345e-02  6.162185e+03  1.101198e+04  1.471681e+04  2.164065e+04 
 1.579053e-02  6.169055e+03  1.102419e+04  1.473301e+04  2.166410e+04 
 1.601064e-02  6.174824e+03  1.103442e+04  1.474654e+04  2.168362e+04 
 1.623382e-02  6.179468e+03  1.104262e+04  1.475738e+04  2.169921e+04 
 1.646012e-02  6.182972e+03  1.104879e+04  1.476547e+04  2.171075e+04 
 1.668956e-02  6.185314e+03  1.105289e+04  1.477079e+04  2.171818e+04 
 1.692220e-02  6.186481e+03  1.105486e+04  1.477329e+04  2.172150e+04 
 1.715809e-02  6.186464e+03  1.105472e+04  1.477294e+04  2.172061e+04 
 1.739726e-02  6.185230e+03  1.105238e+04  1.476968e+04  2.171542e+04 
 1.763977e-02  6.182766e+03  1.104786e+04  1.476347e+04  2.170593e+04 
 1.788566e-02  6.179057e+03  1.104109e+04  1.475427e+04  2.169201e+04 
 1.813498e-02  6.174072e+03  1.103205e+04  1.474203e+04  2.167362e+04 
 1.838777e-02  6.167806e+03  1.102071e+04  1.472670e+04  2.165069e+04 
 1.864409e-02  6.160239e+03  1.100702e+04  1.470824e+04  2.162318e+04 
 1.890397e-02  6.151357e+03  1.099100e+04  1.468666e+04  2.159105e+04 
 1.916748e-02  6.141157e+03  1.097260e+04  1.466190e+04  2.155425e+04 
 1.943467e-02  6.129604e+03  1.095178e+04  1.463390e+04  2.151270e+04 
 1.970558e-02  6.116701e+03  1.092855e+04  1.460268e+04  2.146639e+04 
 1.998026e-02  6.102450e+03  1.090290e+04  1.456820e+04  2.141535e+04 
 2.025878e-02  6.086835e+03  1.087481e+04  1.453050e+04  2.135952e+04 
 2.054117e-02  6.069859e+03  1.084429e+04  1.448952e+04  2.129889e+04 
 2.082751e-02  6.051513e+03  1.081130e+04  1.444527e+04  2.123343e+04 
 2.111783e-02  6.031798e+03  1.077588e+04  1.439773e+04  2.116318e+04 
 2.141220e-02  6.010821e+03  1.073814e+04  1.434709e+04  2.108823e+04 
 2.171068e-02  5.989058e+03  1.069876e+04  1.429398e+04  2.100909e+04 
 2.201331e-02  5.965929e+03  1.065694e+04  1.423764e+04  2.092514e+04 
 2.232016e-02  5.941441e+03  1.061269e+04  1.417802e+04  2.083640e+04 
 2.263130e-02  5.915585e+03  1.056599e+04  1.411514e+04  2.074285e+04 
 2.294676e-02  5.888373e+03  1.051685e+04  1.404900e+04  2.064455e+04 
 2.326663e-02  5.859799e+03  1.046530e+04  1.397963e+04  2.054148e+04 
 2.359095e-02  5.829878e+03  1.041132e+04  1.390704e+04  2.043366e+04 
 2.391980e-02  5.798622e+03  1.035496e+04  1.383124e+04  2.032117e+04 
 2.425323e-02  5.766043e+03  1.029624e+04  1.375231e+04  2.020403e+04 
 2.459130e-02  5.732164e+03  1.023518e+04  1.367025e+04  2.008234e+04 
 2.493409e-02  5.697003e+03  1.017184e+04  1.358513e+04  1.995616e+04 
 2.528166e-02  5.660589e+03  1.010627e+04  1.349704e+04  1.982559e+04 
 2.563407e-02  5.622950e+03  1.003849e+04  1.340601e+04  1.969072e+04 
 2.599140e-02  5.584121e+03  9.968616e+03  1.331217e+04  1.955172e+04 
 2.635371e-02  5.544150e+03  9.896682e+03  1.321558e+04  1.940871e+04 
 2.672106e-02  5.503084e+03  9.822788e+03  1.311639e+04  1.926185e+04 
 2.709354e-02  5.460959e+03  9.746999e+03  1.301466e+04  1.911130e+04 
 2.747121e-02  5.417809e+03  9.669403e+03  1.291052e+04  1.895718e+04 
 2.785414e-02  5.373592e+03  9.589908e+03  1.280386e+04  1.879943e+04 
 2.824241e-02  5.328059e+03  9.508180e+03  1.269432e+04  1.863769e+04 
 2.863610e-02  5.281584e+03  9.424756e+03  1.258253e+04  1.847266e+04 
 2.903527e-02  5.234209e+03  9.339728e+03  1.246860e+04  1.830449e+04 
 2.944000e-02  5.185964e+03  9.253162e+03  1.235262e+04  1.813329e+04 
 2.985038e-02  5.136903e+03  9.165137e+03  1.223470e+04  1.795926e+04 
 3.026648e-02  5.087075e+03  9.075751e+03  1.211495e+04  1.778255e+04 
 3.068838e-02  5.036542e+03  8.985094e+03  1.199351e+04  1.760338e+04 
 3.111616e-02  4.985347e+03  8.893263e+03  1.187052e+04  1.742192e+04 
 3.154990e-02  4.933569e+03  8.800398e+03  1.174613e+04  1.723841e+04 
 3.198969e-02  4.881274e+03  8.706617e+03  1.162053e+04  1.705313e+04 
 3.243561e-02  4.828548e+03  8.612065e+03  1.149390e+04  1.686635e+04 
 3.288774e-02  4.775473e+03  8.516892e+03  1.136646e+04  1.667835e+04 
 3.334618e-02  4.722142e+03  8.421263e+03  1.123840e+04  1.648947e+04 
 3.381101e-02  4.668648e+03  8.325355e+03  1.110997e+04  1.630003e+04 
 3.428231e-02  4.615078e+03  8.229305e+03  1.098135e+04  1.611032e+04 
 3.476019e-02  4.561338e+03  8.133270e+03  1.085310e+04  1.592218e+04 
 3.524473e-02  4.507599e+03  8.037258e+03  1.072491e+04  1.573413e+04 
 3.573602e-02  4.453925e+03  7.941351e+03  1.059684e+04  1.554627e+04 
 3.623416e-02  4.400353e+03  7.845635e+03  1.046904e+04  1.535877e+04 
 3.673925e-02  4.346943e+03  7.750205e+03  1.034160e+04  1.517180e+04 
 3.725137e-02  4.293746e+03  7.655160e+03  1.021468e+04  1.498557e+04 
 3.777064e-02  4.240827e+03  7.560609e+03  1.008843e+04  1.480031e+04 
 3.829714e-02  4.188249e+03  7.466662e+03  9.962971e+03  1.461622e+04 
 3.883098e-02  4.136072e+03  7.373441e+03  9.838478e+03  1.443353e+04 
 3.937226e-02  4.084373e+03  7.281075e+03  9.715136e+03  1.425250e+04 
 3.992109e-02  4.033225e+03  7.189685e+03  9.593106e+03  1.407340e+04 
 4.047757e-02  3.982699e+03  7.099371e+03  9.472474e+03  1.389621e+04 
 4.104181e-02  3.932633e+03  7.009258e+03  9.351395e+03  1.371650e+04 
 4.161391e-02  3.883375e+03  6.920587e+03  9.232271e+03  1.353963e+04 
 4.219398e-02  3.835001e+03  6.833505e+03  9.115267e+03  1.336587e+04 
 4.278214e-02  3.787555e+03  6.748077e+03  9.000462e+03  1.319534e+04 
 4.337850e-02  3.741052e+03  6.664341e+03  8.887927e+03  1.302817e+04 
 4.398317e-02  3.695517e+03  6.582334e+03  8.777697e+03  1.286437e+04 
 4.459628e-02  3.650969e+03  6.502099e+03  8.669846e+03  1.270406e+04 
 4.521792e-02  3.607426e+03  6.423663e+03  8.564393e+03  1.254729e+04 
 4.584824e-02  3.564910e+03  6.347062e+03  8.461390e+03  1.239410e+04 
 4.648734e-02  3.523429e+03  6.272310e+03  8.360867e+03  1.224456e+04 
 4.713535e-02  3.483184e+03  6.200587e+03  8.265221e+03  1.210442e+04 
 4.779239e-02  3.444120e+03  6.131449e+03  8.173533e+03  1.197143e+04 
 4.845859e-02  3.406125e+03  6.064218e+03  8.084384e+03  1.184213e+04 
 4.913407e-02  3.369197e+03  5.998878e+03  7.997745e+03  1.171651e+04 
 4.981898e-02  3.333313e+03  5.935400e+03  7.913589e+03  1.159449e+04 
 5.051342e-02  3.298447e+03  5.873731e+03  7.831833e+03  1.147599e+04 
 5.121755e-02  3.264573e+03  5.813824e+03  7.752428e+03  1.136092e+04 
 5.193150e-02  3.231642e+03  5.755597e+03  7.675252e+03  1.124913e+04 
 5.265540e-02  3.199618e+03  5.698980e+03  7.600228e+03  1.114045e+04 
 5.338938e-02  3.168167e+03  5.642900e+03  7.525412e+03  1.103078e+04 
 5.413360e-02  3.137205e+03  5.587097e+03  7.450375e+03  1.091919e+04 
 5.488820e-02  3.106961e+03  5.532581e+03  7.377049e+03  1.081013e+04 
 5.565331e-02  3.077396e+03  5.479276e+03  7.305345e+03  1.070345e+04 
 5.642908e-02  3.048326e+03  5.426850e+03  7.234805e+03  1.059848e+04 
 5.721568e-02  3.019755e+03  5.375322e+03  7.165475e+03  1.049530e+04 
 5.801323e-02  2.991541e+03  5.324461e+03  7.097067e+03  1.039360e+04 
 5.882190e-02  2.963718e+03  5.274334e+03  7.029673e+03  1.029345e+04 
 5.964185e-02  2.936214e+03  5.225137e+03  6.963890e+03  1.019668e+04 
 6.047322e-02  2.909364e+03  5.178080e+03  6.901969e+03  1.010823e+04 
 6.131619e-02  2.882399e+03  5.130791e+03  6.839707e+03  1.001921e+04 
 6.217090e-02  2.855261e+03  5.083175e+03  6.776984e+03  9.929469e+03 
 6.303753e-02  2.827805e+03  5.034995e+03  6.713523e+03  9.838652e+03 
 6.391624e-02  2.799946e+03  4.986095e+03  6.649097e+03  9.746419e+03 
 6.480720e-02  2.771530e+03  4.936206e+03  6.583336e+03  9.652238e+03 
 6.571058e-02  2.742453e+03  4.885118e+03  6.515979e+03  9.555673e+03 
 6.662655e-02  2.711324e+03  4.828339e+03  6.438899e+03  9.439005e+03 
 6.755528e-02  2.679302e+03  4.769908e+03  6.359552e+03  9.318844e+03 
 6.849697e-02  2.646324e+03  4.709789e+03  6.277959e+03  9.195423e+03 
 6.945178e-02  2.612320e+03  4.647844e+03  6.193946e+03  9.068463e+03 
 7.041990e-02  2.577222e+03  4.583961e+03  6.107350e+03  8.937759e+03 
 7.140151e-02  2.540965e+03  4.518024e+03  6.018029e+03  8.803083e+03 
 7.239681e-02  2.503813e+03  4.450808e+03  5.927381e+03  8.667671e+03 
 7.340598e-02  2.465806e+03  4.382427e+03  5.835622e+03  8.532065e+03 
 7.442922e-02  2.426575e+03  4.311873e+03  5.740967e+03  8.392213e+03 
 7.546673e-02  2.386150e+03  4.239197e+03  5.643488e+03  8.248223e+03 
 7.651869e-02  2.344567e+03  4.164464e+03  5.543277e+03  8.100232e+03 
 7.758532e-02  2.301887e+03  4.087788e+03  5.440479e+03  7.948456e+03 
 7.866682e-02  2.259140e+03  4.012245e+03  5.340395e+03  7.803612e+03 
 7.976339e-02  2.217004e+03  3.939794e+03  5.246378e+03  7.672420e+03 
 8.087525e-02  2.174017e+03  3.865750e+03  5.150162e+03  7.537800e+03 
 8.200261e-02  2.130315e+03  3.790360e+03  5.052067e+03  7.400223e+03 
 8.314568e-02  2.086062e+03  3.713899e+03  4.952464e+03  7.260221e+03 
 8.430468e-02  2.041428e+03  3.636676e+03  4.851761e+03  7.118386e+03 
 8.547985e-02  1.995663e+03  3.556020e+03  4.745150e+03  6.964755e+03 
 8.667139e-02  1.949495e+03  3.473980e+03  4.636058e+03  6.805999e+03 
 8.787954e-02  1.903590e+03  3.392387e+03  4.527550e+03  6.648021e+03 
 8.910453e-02  1.858154e+03  3.311617e+03  4.420115e+03  6.491558e+03 
 9.034660e-02  1.813407e+03  3.232065e+03  4.314283e+03  6.337383e+03 
 9.160598e-02  1.770283e+03  3.156362e+03  4.214445e+03  6.193898e+03 
 9.288292e-02  1.728894e+03  3.084606e+03  4.120616e+03  6.060895e+03 
 9.417766e-02  1.688741e+03  3.014975e+03  4.029560e+03  5.931794e+03 
 9.549045e-02  1.649994e+03  2.947795e+03  3.941707e+03  5.807237e+03 
 9.682153e-02  1.612814e+03  2.883350e+03  3.857450e+03  5.687820e+03 
 9.817117e-02  1.577595e+03  2.822749e+03  3.778642e+03  5.577122e+03 
 9.953962e-02  1.544276e+03  2.765636e+03  3.704570e+03  5.473556e+03 
 1.009272e-01  1.512834e+03  2.711824e+03  3.634853e+03  5.376260e+03 
 1.023340e-01  1.483328e+03  2.661418e+03  3.569645e+03  5.285477e+03 
 1.037605e-01  1.455054e+03  2.612329e+03  3.505399e+03  5.194337e+03 
 1.052069e-01  1.426000e+03  2.558629e+03  3.432128e+03  5.083551e+03 
 1.066734e-01  1.398916e+03  2.508520e+03  3.363717e+03  4.980039e+03 
 1.081604e-01  1.373720e+03  2.461847e+03  3.299949e+03  4.883471e+03 
 1.096681e-01  1.350282e+03  2.418381e+03  3.240516e+03  4.793402e+03 
 1.111968e-01  1.328814e+03  2.378892e+03  3.186629e+03  4.711406e+03 
 1.127468e-01  1.308766e+03  2.342000e+03  3.136255e+03  4.634655e+03 
 1.143184e-01  1.289911e+03  2.307272e+03  3.088794e+03  4.562257e+03 
 1.159120e-01  1.272006e+03  2.274263e+03  3.043658e+03  4.493329e+03 
 1.175277e-01  1.255885e+03  2.245576e+03  3.005250e+03  4.436216e+03 
 1.191660e-01  1.240270e+03  2.217900e+03  2.968272e+03  4.381388e+03 
 1.208271e-01  1.224787e+03  2.190453e+03  2.931599e+03  4.327006e+03 
 1.225114e-01  1.209141e+03  2.162696e+03  2.894519e+03  4.272132e+03 
 1.242191e-01  1.192795e+03  2.133575e+03  2.855752e+03  4.215784e+03 
 1.259506e-01  1.175804e+03  2.103281e+03  2.815399e+03  4.157061e+03 
 1.277063e-01  1.157951e+03  2.071428e+03  2.772940e+03  4.095196e+03 
 1.294865e-01  1.139470e+03  2.038654e+03  2.729282e+03  4.031251e+03 
 1.312915e-01  1.120274e+03  2.004841e+03  2.684269e+03  3.964946e+03 
 1.331216e-01  1.099824e+03  1.968741e+03  2.636168e+03  3.894047e+03 
 1.349772e-01  1.078109e+03  1.930382e+03  2.585068e+03  3.818829e+03 
 1.368587e-01  1.056508e+03  1.894374e+03  2.539494e+03  3.758485e+03 
 1.387665e-01  1.033732e+03  1.856144e+03  2.490837e+03  3.693324e+03 
 1.407008e-01  1.009905e+03  1.815908e+03  2.439372e+03  3.623727e+03 
 1.426621e-01  9.861755e+02  1.776013e+03  2.388063e+03  3.552541e+03 
 1.446507e-01  9.621298e+02  1.735506e+03  2.335754e+03  3.479149e+03 
 1.466671e-01  9.377399e+02  1.694234e+03  2.282311e+03  3.403861e+03 
 1.487115e-01  9.110746e+02  1.646794e+03  2.219229e+03  3.312309e+03 
 1.507845e-01  8.832660e+02  1.595950e+03  2.150682e+03  3.211350e+03 
 1.528864e-01  8.562241e+02  1.546506e+03  2.084024e+03  3.113146e+03 
 1.550175e-01  8.322494e+02  1.504613e+03  2.029027e+03  3.035004e+03 
 1.571784e-01  8.109063e+02  1.468820e+03  1.983243e+03  2.972363e+03 
 1.593694e-01  7.909077e+02  1.435339e+03  1.940476e+03  2.913985e+03 
 1.615909e-01  7.729228e+02  1.405659e+03  1.902796e+03  2.862796e+03 
 1.638434e-01  7.567404e+02  1.379269e+03  1.869508e+03  2.817923e+03 
 1.661273e-01  7.421726e+02  1.355723e+03  1.839995e+03  2.778558e+03 
 1.684430e-01  7.255425e+02  1.325460e+03  1.799494e+03  2.719940e+03 
 1.707910e-01  7.100378e+02  1.296911e+03  1.761090e+03  2.664118e+03 
 1.731717e-01  6.964987e+02  1.272371e+03  1.728312e+03  2.616745e+03 
 1.755856e-01  6.864545e+02  1.255854e+03  1.707156e+03  2.586820e+03 
 1.780332e-01  6.772327e+02  1.240817e+03  1.687992e+03  2.559874e+03 
 1.805149e-01  6.666625e+02  1.221068e+03  1.660594e+03  2.517063e+03 
 1.830312e-01  6.552177e+02  1.198383e+03  1.628120e+03  2.464552e+03 
 1.855825e-01  6.438476e+02  1.176171e+03  1.596656e+03  2.414408e+03 
 1.881694e-01  6.328854e+02  1.156650e+03  1.570978e+03  2.377883e+03 
 1.907924e-01  6.213230e+02  1.136009e+03  1.543758e+03  2.338980e+03 
 1.934520e-01  6.085133e+02  1.112976e+03  1.513468e+03  2.296791e+03 
 1.961486e-01  5.946585e+02  1.087990e+03  1.480570e+03  2.251050e+03 
 1.988828e-01  5.812843e+02  1.064658e+03  1.450142e+03  2.208635e+03 
 2.016551e-01  5.690706e+02  1.044557e+03  1.424433e+03  2.172806e+03 
 2.044661e-01  5.559169e+02  1.022372e+03  1.395615e+03  2.131836e+03 
 2.073162e-01  5.411439e+02  9.955098e+02  1.359132e+03  2.077320e+03 
 2.102061e-01  5.261660e+02  9.682303e+02  1.322060e+03  2.021834e+03 
 2.131362e-01  5.154352e+02  9.531956e+02  1.304665e+03  1.999728e+03 
 2.161073e-01  5.051450e+02  9.390088e+02  1.288456e+03  1.979417e+03 
 2.191197e-01  4.918114e+02  9.166350e+02  1.260158e+03  1.942318e+03 
 2.221741e-01  4.784867e+02  8.936356e+02  1.230734e+03  1.903647e+03 
 2.252711e-01  4.665742e+02  8.736509e+02  1.205571e+03  1.870640e+03 
 2.284112e-01  4.558904e+02  8.560438e+02  1.183673e+03  1.842239e+03 
 2.315951e-01  4.466598e+02  8.400086e+02  1.162236e+03  1.809728e+03 
 2.348235e-01  4.385442e+02  8.256490e+02  1.142513e+03  1.778201e+03 
 2.380968e-01  4.289674e+02  8.072306e+02  1.116939e+03  1.739371e+03 
 2.414157e-01  4.194904e+02  7.886809e+02  1.091123e+03  1.700599e+03 
 2.447809e-01  4.100848e+02  7.709296e+02  1.067033e+03  1.664574e+03 
 2.481930e-01  4.009739e+02  7.538566e+02  1.043942e+03  1.630038e+03 
 2.516527e-01  3.956331e+02  7.452742e+02  1.032645e+03  1.612949e+03 
 2.551606e-01  3.889780e+02  7.337941e+02  1.017346e+03  1.590322e+03 
 2.587174e-01  3.787341e+02  7.142837e+02  9.909929e+02  1.552738e+03 
 2.623238e-01  3.700550e+02  6.989380e+02  9.708245e+02  1.524465e+03 
 2.659804e-01  3.631075e+02  6.881517e+02  9.574077e+02  1.506347e+03 
 2.696881e-01  3.537945e+02  6.718770e+02  9.360143e+02  1.475098e+03 
 2.734474e-01  3.437904e+02  6.540199e+02  9.123426e+02  1.440176e+03 
 2.772591e-01  3.363261e+02  6.423571e+02  8.982909e+02  1.422958e+03 
 2.811239e-01  3.284422e+02  6.292189e+02  8.820800e+02  1.403616e+03 
 2.850426e-01  3.201397e+02  6.143989e+02  8.634260e+02  1.382278e+03 
 2.890160e-01  3.127333e+02  6.021671e+02  8.478939e+02  1.360259e+03 
 2.930447e-01  3.059189e+02  5.906234e+02  8.325129e+02  1.336264e+03 
 2.971296e-01  2.994253e+02  5.777979e+02  8.132849e+02  1.303577e+03 
 3.012714e-01  2.936094e+02  5.678646e+02  8.001752e+02  1.284173e+03 
 3.054710e-01  2.878888e+02  5.585386e+02  7.886862e+02  1.269014e+03 
 3.097291e-01  2.809225e+02  5.460547e+02  7.726093e+02  1.247641e+03 
 3.140465e-01  2.745661e+02  5.335106e+02  7.547510e+02  1.218646e+03 
 3.184242e-01  2.689264e+02  5.225357e+02  7.390862e+02  1.193042e+03 
 3.228628e-01  2.645262e+02  5.155860e+02  7.306366e+02  1.183166e+03 
 3.273634e-01  2.580926e+02  5.031244e+02  7.131087e+02  1.155811e+03 
 3.319266e-01  2.514240e+02  4.907336e+02  6.964098e+02  1.131442e+03 
 3.365535e-01  2.451332e+02  4.800825e+02  6.831488e+02  1.114480e+03 
 3.412449e-01  2.408631e+02  4.746481e+02  6.766981e+02  1.104056e+03 
 3.460016e-01  2.361029e+02  4.671105e+02  6.671124e+02  1.090719e+03 
 3.508247e-01  2.314294e+02  4.589822e+02  6.564216e+02  1.075424e+03 
 3.557150e-01  2.268951e+02  4.507312e+02  6.453886e+02  1.058881e+03 
 3.606735e-01  2.216504e+02  4.415594e+02  6.334998e+02  1.042239e+03 
 3.657011e-01  2.153503e+02  4.299258e+02  6.179452e+02  1.021323e+03 
 3.707988e-01  2.103488e+02  4.205888e+02  6.054399e+02  1.003079e+03 
 3.759675e-01  2.057855e+02  4.120833e+02  5.939623e+02  9.862574e+02 
 3.812083e-01  2.010555e+02  4.037201e+02  5.828031e+02  9.703600e+02 
 3.865221e-01  1.970798e+02  3.979954e+02  5.759779e+02  9.584425e+02 
 3.919100e-01  1.930338e+02  3.888554e+02  5.625461e+02  9.412015e+02 
 3.973730e-01  1.884362e+02  3.816046e+02  5.536159e+02  9.270458e+02 
 4.029122e-01  1.848145e+02  3.760500e+02  5.459118e+02  9.129544e+02 
 4.085286e-01  1.810788e+02  3.682556e+02  5.350499e+02  8.979268e+02 
 4.142232e-01  1.765432e+02  3.593642e+02  5.236732e+02  8.843371e+02 
 4.199973e-01  1.721684e+02  3.521003e+02  5.146198e+02  8.711336e+02 
 4.258518e-01  1.686895e+02  3.457400e+02  5.056379e+02  8.556869e+02 
 4.317880e-01  1.650009e+02  3.385766e+02  4.952537e+02  8.403760e+02 
 4.378069e-01  1.617581e+02  3.323147e+02  4.864893e+02  8.260982e+02 
 4.439097e-01  1.590632e+02  3.282116e+02  4.816679e+02  8.219209e+02 
 4.500975e-01  1.547966e+02  3.205075e+02  4.712722e+02  8.068148e+02 
 4.563716e-01  1.512051e+02  3.133720e+02  4.610554e+02  7.888396e+02 
 4.627332e-01  1.489454e+02  3.103402e+02  4.578727e+02  7.857744e+02 
 4.691835e-01  1.451839e+02  3.030795e+02  4.475313e+02  7.686545e+02 
 4.757236e-01  1.424553e+02  2.979461e+02  4.407183e+02  7.586198e+02 
 4.823549e-01  1.387756e+02  2.906314e+02  4.307669e+02  7.458782e+02 
 4.890787e-01  1.358692e+02  2.851843e+02  4.234716e+02  7.344671e+02 
 4.958962e-01  1.336935e+02  2.809939e+02  4.170187e+02  7.229125e+02 
 5.028087e-01  1.307816e+02  2.760456e+02  4.104394e+02  7.135640e+02 
 5.098176e-01  1.283915e+02  2.717544e+02  4.041664e+02  7.013363e+02 
 5.169242e-01  1.262022e+02  2.677250e+02  3.989186e+02  6.943446e+02 
 5.241298e-01  1.221298e+02  2.610587e+02  3.909127e+02  6.847445e+02 
 5.314359e-01  1.200297e+02  2.578189e+02  3.864475e+02  6.777783e+02 
 5.388438e-01  1.175512e+02  2.520201e+02  3.785742e+02  6.663007e+02 
 5.463550e-01  1.154917e+02  2.484099e+02  3.726809e+02  6.568453e+02 
 5.539709e-01  1.124649e+02  2.433375e+02  3.662912e+02  6.468891e+02 
 5.616930e-01  1.104958e+02  2.395753e+02  3.610431e+02  6.390199e+02 
 5.695227e-01  1.083444e+02  2.362304e+02  3.568770e+02  6.299678e+02 
 5.774615e-01  1.058990e+02  2.307601e+02  3.490507e+02  6.193362e+02 
 5.855110e-01  1.040202e+02  2.276704e+02  3.436923e+02  6.107516e+02 
 5.936727e-01  1.016441e+02  2.219558e+02  3.366353e+02  6.003852e+02 
 6.019482e-01  9.996598e+01  2.194302e+02  3.324750e+02  5.930347e+02 
 6.103390e-01  9.763113e+01  2.155903e+02  3.274689e+02  5.840658e+02 
 6.188468e-01  9.546607e+01  2.122541e+02  3.246642e+02  5.817244e+02 
 6.274732e-01  9.390711e+01  2.083076e+02  3.181047e+02  5.717473e+02 
 6.362198e-01  9.207228e+01  2.051027e+02  3.133148e+02  5.626963e+02 
 6.450884e-01  8.994143e+01  2.014583e+02  3.083820e+02  5.543030e+02 
 6.540806e-01  8.807889e+01  1.971657e+02  3.020772e+02  5.457041e+02 
 6.631981e-01  8.616625e+01  1.943745e+02  2.990529e+02  5.399698e+02 
 6.724427e-01  8.454479e+01  1.909611e+02  2.945112e+02  5.346393e+02 
 6.818162e-01  8.276064e+01  1.874883e+02  2.884544e+02  5.241214e+02 
 6.913204e-01  8.100837e+01  1.841177e+02  2.842171e+02  5.169059e+02 
 7.009570e-01  7.986294e+01  1.813680e+02  2.803168e+02  5.102020e+02 
 7.107280e-01  7.786061e+01  1.783513e+02  2.760275e+02  5.021249e+02 
 7.206351e-01  7.667299e+01  1.756620e+02  2.725684e+02  4.979468e+02 
 7.306804e-01  7.514751e+01  1.729555e+02  2.681451e+02  4.891613e+02 
 7.408657e-01  7.349739e+01  1.695891e+02  2.634343e+02  4.829034e+02 
 7.511929e-01  7.195911e+01  1.665623e+02  2.596287e+02  4.762136e+02 
 7.616642e-01  7.056398e+01  1.636165e+02  2.555887e+02  4.703174e+02 
 7.722814e-01  6.966057e+01  1.618632e+02  2.525546e+02  4.632300e+02 
 7.830465e-01  6.820053e+01  1.588104e+02  2.484148e+02  4.570900e+02 
 7.939618e-01  6.694688e+01  1.567096e+02  2.451262e+02  4.528114e+02 
 8.050292e-01  6.548018e+01  1.538922e+02  2.418552e+02  4.466811e+02 
 8.162509e-01  6.436440e+01  1.515764e+02  2.376580e+02  4.389435e+02 
 8.276289e-01  6.279970e+01  1.486197e+02  2.339261e+02  4.333213e+02 
 8.391656e-01  6.203314e+01  1.468071e+02  2.306653e+02  4.287177e+02 
 8.508632e-01  6.088027e+01  1.442897e+02  2.274453e+02  4.227316e+02 
 8.627237e-01  5.956706e+01  1.420020e+02  2.240298e+02  4.160327e+02 
 8.747496e-01  5.847256e+01  1.396371e+02  2.207517e+02  4.105079e+02 
 8.869432e-01  5.746843e+01  1.376043e+02  2.177011e+02  4.050949e+02 
 8.993067e-01  5.633265e+01  1.354197e+02  2.144037e+02  3.993504e+02 
 9.118425e-01  5.543729e+01  1.331093e+02  2.108277e+02  3.922990e+02 
 9.245531e-01  5.424837e+01  1.308701e+02  2.075416e+02  3.880844e+02 
 9.374409e-01  5.323396e+01  1.289078e+02  2.049111e+02  3.827728e+02 
 9.505083e-01  5.236301e+01  1.269036e+02  2.019515e+02  3.774297e+02 
 9.637579e-01  5.125146e+01  1.244689e+02  1.984704e+02  3.720544e+02 
 9.771921e-01  5.061593e+01  1.236827e+02  1.964322e+02  3.670329e+02 
 9.908137e-01  4.964915e+01  1.214094e+02  1.934066e+02  3.623903e+02 
 1.004625e+00  4.869463e+01  1.191781e+02  1.900497e+02  3.562040e+02 
 1.018629e+00  4.787550e+01  1.175191e+02  1.873716e+02  3.510972e+02 
 1.032828e+00  4.697152e+01  1.156967e+02  1.849747e+02  3.474768e+02 
 1.047225e+00  4.607364e+01  1.140239e+02  1.819891e+02  3.414771e+02 
 1.061823e+00  4.536585e+01  1.124511e+02  1.794704e+02  3.364333e+02 
 1.076624e+00  4.452260e+01  1.106571e+02  1.767819e+02  3.313668e+02 
 1.091632e+00  4.375170e+01  1.089210e+02  1.742344e+02  3.263576e+02 
 1.106848e+00  4.292793e+01  1.070457e+02  1.716363e+02  3.219281e+02 
 1.122277e+00  4.218235e+01  1.055315e+02  1.688575e+02  3.167000e+02 
 1.137921e+00  4.142729e+01  1.037534e+02  1.663364e+02  3.120249e+02 
 1.153783e+00  4.077145e+01  1.021465e+02  1.638179e+02  3.076096e+02 
 1.169866e+00  4.003133e+01  1.006140e+02  1.613367e+02  3.032238e+02 
 1.186174e+00  3.931107e+01  9.916081e+01  1.589819e+02  2.984353e+02 
 1.202708e+00  3.868873e+01  9.762912e+01  1.566043e+02  2.938298e+02 
 1.219473e+00  3.803467e+01  9.618808e+01  1.543435e+02  2.890349e+02 
 1.236472e+00  3.736103e+01  9.475265e+01  1.521304e+02  2.847790e+02 
 1.253708e+00  3.675282e+01  9.320619e+01  1.496668e+02  2.807051e+02 
 1.271184e+00  3.613303e+01  9.213706e+01  1.477499e+02  2.761295e+02 
 1.288904e+00  3.551384e+01  9.035905e+01  1.452049e+02  2.722087e+02 
 1.306870e+00  3.485775e+01  8.897373e+01  1.429425e+02  2.676252e+02 
 1.325087e+00  3.432455e+01  8.764973e+01  1.407622e+02  2.631030e+02 
 1.343558e+00  3.374606e+01  8.626111e+01  1.385425e+02  2.588096e+02 
 1.362287e+00  3.322128e+01  8.485578e+01  1.361963e+02  2.547039e+02 
 1.381276e+00  3.266021e+01  8.352426e+01  1.338644e+02  2.505757e+02 
 1.400531e+00  3.212477e+01  8.223845e+01  1.318251e+02  2.460928e+02 
 1.420053e+00  3.156128e+01  8.088733e+01  1.297909e+02  2.419511e+02 
 1.439848e+00  3.105452e+01  7.966303e+01  1.275898e+02  2.379882e+02 
 1.459919e+00  3.049680e+01  7.837133e+01  1.254905e+02  2.337011e+02 
 1.480269e+00  3.005706e+01  7.701073e+01  1.233663e+02  2.293654e+02 
 1.500903e+00  2.954747e+01  7.581178e+01  1.212787e+02  2.258571e+02 
 1.521825e+00  2.905803e+01  7.470879e+01  1.193961e+02  2.218359e+02 
 1.543038e+00  2.856623e+01  7.348614e+01  1.175212e+02  2.181177e+02 
 1.564548e+00  2.813805e+01  7.229650e+01  1.154944e+02  2.141199e+02 
 1.586357e+00  2.767799e+01  7.119803e+01  1.135883e+02  2.102425e+02 
 1.608469e+00  2.720150e+01  7.006278e+01  1.116776e+02  2.066942e+02 
 1.630891e+00  2.683333e+01  6.878809e+01  1.095826e+02  2.026420e+02 
 1.653624e+00  2.635736e+01  6.765222e+01  1.078278e+02  1.992406e+02 
 1.676675e+00  2.593067e+01  6.664943e+01  1.060175e+02  1.953671e+02 
 1.700047e+00  2.549413e+01  6.553442e+01  1.041259e+02  1.917871e+02 
 1.723745e+00  2.508469e+01  6.441449e+01  1.022592e+02  1.879321e+02 
 1.747773e+00  2.465440e+01  6.329888e+01  1.004128e+02  1.843611e+02 
 1.772136e+00  2.426031e+01  6.221083e+01  9.858099e+01  1.810147e+02 
 1.796838e+00  2.387889e+01  6.115258e+01  9.683709e+01  1.774605e+02 
 1.821885e+00  2.350196e+01  6.009036e+01  9.503828e+01  1.740902e+02 
 1.847281e+00  2.312725e+01  5.915630e+01  9.338577e+01  1.707053e+02 
 1.873032e+00  2.275537e+01  5.805185e+01  9.154690e+01  1.674217e+02 
 1.899141e+00  2.237228e+01  5.701850e+01  8.990465e+01  1.641526e+02 
 1.925614e+00  2.202585e+01  5.605924e+01  8.825159e+01  1.608355e+02 
 1.952456e+00  2.172991e+01  5.511900e+01  8.661062e+01  1.576062e+02 
 1.979672e+00  2.133165e+01  5.417389e+01  8.500235e+01  1.544574e+02 
 2.007267e+00  2.101369e+01  5.317803e+01  8.327652e+01  1.514088e+02 
 2.035248e+00  2.064160e+01  5.219388e+01  8.164974e+01  1.482256e+02 
 2.063618e+00  2.030409e+01  5.122647e+01  8.008867e+01  1.451153e+02 
 2.092383e+00  1.997526e+01  5.029400e+01  7.848816e+01  1.421404e+02 
 2.121550e+00  1.963866e+01  4.934169e+01  7.692192e+01  1.390758e+02 
 2.151123e+00  1.932119e+01  4.842637e+01  7.534941e+01  1.360902e+02 
 2.181109e+00  1.899964e+01  4.750592e+01  7.386109e+01  1.332650e+02 
 2.211512e+00  1.868460e+01  4.658084e+01  7.231846e+01  1.302720e+02 
 2.242340e+00  1.838235e+01  4.572381e+01  7.085960e+01  1.275100e+02 
 2.273597e+00  1.805798e+01  4.483737e+01  6.933779e+01  1.247334e+02 
 2.305289e+00  1.777979e+01  4.397517e+01  6.794159e+01  1.220405e+02 
 2.337424e+00  1.748058e+01  4.310540e+01  6.651016e+01  1.193906e+02 
 2.370006e+00  1.718737e+01  4.226942e+01  6.514700e+01  1.168348e+02 
 2.403043e+00  1.688796e+01  4.144094e+01  6.373610e+01  1.142122e+02 
 2.436540e+00  1.661416e+01  4.063188e+01  6.239325e+01  1.116708e+02 
 2.470504e+00  1.633266e+01  3.983636e+01  6.104205e+01  1.091644e+02 
 2.504942e+00  1.605475e+01  3.905445e+01  5.974747e+01  1.067308e+02 
 2.539859e+00  1.579177e+01  3.825373e+01  5.842925e+01  1.042897e+02 
 2.575263e+00  1.550905e+01  3.746765e+01  5.720232e+01  1.019486e+02 
 2.611161e+00  1.525310e+01  3.669297e+01  5.590374e+01  9.961724e+01 
 2.647559e+00  1.499030e+01  3.592678e+01  5.464013e+01  9.728739e+01 
 2.684465e+00  1.473149e+01  3.520062e+01  5.340991e+01  9.502784e+01 
 2.721885e+00  1.446306e+01  3.443336e+01  5.222121e+01  9.280931e+01 
 2.759826e+00  1.420814e+01  3.368582e+01  5.102397e+01  9.063578e+01 
 2.798297e+00  1.395612e+01  3.298442e+01  4.987179e+01  8.855188e+01 
 2.837304e+00  1.370876e+01  3.226989e+01  4.872877e+01  8.645203e+01 
 2.876854e+00  1.346181e+01  3.156567e+01  4.760366e+01  8.441873e+01 
 2.916956e+00  1.322119e+01  3.089139e+01  4.650365e+01  8.240566e+01 
 2.957617e+00  1.298739e+01  3.022714e+01  4.544253e+01  8.047182e+01 
 2.998844e+00  1.275017e+01  2.957284e+01  4.438361e+01  7.854983e+01 
 3.040646e+00  1.251933e+01  2.891832e+01  4.335492e+01  7.672786e+01 
 3.083031e+00  1.229075e+01  2.827913e+01  4.234283e+01  7.490211e+01 
 3.126007e+00  1.207064e+01  2.765731e+01  4.134499e+01  7.309195e+01 
 3.169582e+00  1.184512e+01  2.702383e+01  4.035847e+01  7.133947e+01 
 3.213764e+00  1.162506e+01  2.641776e+01  3.939595e+01  6.961680e+01 
 3.258562e+00  1.140305e+01  2.582768e+01  3.845148e+01  6.792644e+01 
 3.303985e+00  1.118662e+01  2.522663e+01  3.752970e+01  6.627647e+01 
 3.350041e+00  1.097593e+01  2.463926e+01  3.660973e+01  6.464105e+01 
 3.396739e+00  1.075964e+01  2.407304e+01  3.572816e+01  6.304618e+01 
 3.444087e+00  1.055563e+01  2.350216e+01  3.484656e+01  6.149083e+01 
 3.492096e+00  1.035072e+01  2.295811e+01  3.400316e+01  5.999365e+01 
 3.540774e+00  1.014509e+01  2.242592e+01  3.317687e+01  5.851680e+01 
 3.590130e+00  9.947517e+00  2.189286e+01  3.235641e+01  5.708633e+01 
 3.640175e+00  9.755288e+00  2.137810e+01  3.157287e+01  5.567500e+01 
 3.690917e+00  9.558761e+00  2.088101e+01  3.079144e+01  5.430900e+01 
 3.742366e+00  9.368527e+00  2.037813e+01  3.003774e+01  5.299112e+01 
 3.794533e+00  9.184013e+00  1.990207e+01  2.930209e+01  5.168064e+01 
 3.847427e+00  8.999912e+00  1.942130e+01  2.858085e+01  5.041959e+01 
 3.901058e+00  8.813270e+00  1.896060e+01  2.787645e+01  4.916566e+01 
 3.955436e+00  8.637363e+00  1.850109e+01  2.717357e+01  4.793883e+01 
 4.010573e+00  8.456906e+00  1.805047e+01  2.650097e+01  4.674836e+01 
 4.066478e+00  8.281305e+00  1.760899e+01  2.583169e+01  4.557064e+01 
 4.123163e+00  8.106713e+00  1.718046e+01  2.518057e+01  4.442341e+01 
 4.180637e+00  7.937197e+00  1.675918e+01  2.454605e+01  4.329765e+01 
 4.238913e+00  7.768622e+00  1.634238e+01  2.392352e+01  4.221361e+01 
 4.298001e+00  7.599945e+00  1.593897e+01  2.331973e+01  4.114376e+01 
 4.357913e+00  7.441541e+00  1.554416e+01  2.273347e+01  4.011501e+01 
 4.418660e+00  7.279947e+00  1.516195e+01  2.215648e+01  3.911014e+01 
 4.480254e+00  7.121881e+00  1.478489e+01  2.159710e+01  3.812654e+01 
 4.542706e+00  6.969034e+00  1.441580e+01  2.104976e+01  3.716587e+01 
 4.606029e+00  6.817515e+00  1.406244e+01  2.052230e+01  3.624183e+01 
 4.670234e+00  6.668735e+00  1.371387e+01  2.000878e+01  3.533903e+01 
 4.735335e+00  6.523032e+00  1.337454e+01  1.950408e+01  3.445150e+01 
 4.801343e+00  6.381361e+00  1.304429e+01  1.901355e+01  3.358314e+01 
 4.868271e+00  6.240023e+00  1.271797e+01  1.853018e+01  3.284347e+01 
 4.936132e+00  6.100590e+00  1.239756e+01  1.805938e+01  3.190509e+01 
 5.004939e+00  5.963487e+00  1.208618e+01  1.759776e+01  3.109241e+01 
 5.074705e+00  5.827811e+00  1.177924e+01  1.714538e+01  3.029886e+01 
 5.145444e+00  5.695733e+00  1.148137e+01  1.670600e+01  2.952665e+01 
 5.217169e+00  5.564932e+00  1.118868e+01  1.627447e+01  2.876434e+01 
 5.289893e+00  5.438832e+00  1.090546e+01  1.586002e+01  2.802914e+01 
 5.363631e+00  5.312690e+00  1.062831e+01  1.544903e+01  2.731110e+01 
 5.438397e+00  5.191025e+00  1.035786e+01  1.505287e+01  2.660962e+01 
 5.514206e+00  5.071187e+00  1.009501e+01  1.466735e+01  2.592940e+01 
 5.591071e+00  4.952857e+00  9.840055e+00  1.429083e+01  2.526827e+01 
 5.669007e+00  4.839654e+00  9.590293e+00  1.392713e+01  2.462453e+01 
 5.748030e+00  4.727642e+00  9.348892e+00  1.357093e+01  2.399510e+01 
 5.828155e+00  4.618196e+00  9.113120e+00  1.322605e+01  2.338384e+01 
 5.909396e+00  4.511097e+00  8.882979e+00  1.288879e+01  2.278991e+01 
 5.991770e+00  4.405745e+00  8.657577e+00  1.255872e+01  2.220787e+01 
 6.075292e+00  4.302800e+00  8.438663e+00  1.223701e+01  2.163773e+01 
 6.159978e+00  4.201205e+00  8.223749e+00  1.192249e+01  2.108007e+01 
 6.245845e+00  4.100165e+00  8.013611e+00  1.161486e+01  2.053304e+01 
 6.332908e+00  4.003630e+00  7.807091e+00  1.131283e+01  1.999800e+01 
 6.421186e+00  3.908559e+00  7.606767e+00  1.101836e+01  1.947592e+01 
 6.510694e+00  3.814708e+00  7.410829e+00  1.073273e+01  1.896758e+01 
 6.601449e+00  3.723658e+00  7.220835e+00  1.045389e+01  1.847297e+01 
 6.693470e+00  3.634300e+00  7.034561e+00  1.018138e+01  1.798957e+01 
 6.786773e+00  3.547009e+00  6.854389e+00  9.916817e+00  1.752010e+01 
 6.881377e+00  3.462466e+00  6.678949e+00  9.659881e+00  1.706162e+01 
 6.977300e+00  3.379783e+00  6.508744e+00  9.410992e+00  1.661794e+01 
 7.074559e+00  3.299335e+00  6.342565e+00  9.167254e+00  1.618511e+01 
 7.173175e+00  3.220504e+00  6.181453e+00  8.931543e+00  1.576513e+01 
 7.273165e+00  3.144007e+00  6.024870e+00  8.702532e+00  1.535528e+01 
 7.374549e+00  3.069189e+00  5.871813e+00  8.477945e+00  1.495687e+01 
 7.477346e+00  2.995761e+00  5.723215e+00  8.260716e+00  1.456766e+01 
 7.581576e+00  2.924374e+00  5.576802e+00  8.046786e+00  1.418634e+01 
 7.687260e+00  2.854075e+00  5.434287e+00  7.837821e+00  1.381404e+01 
 7.794416e+00  2.785284e+00  5.294759e+00  7.632864e+00  1.344914e+01 
 7.903066e+00  2.718054e+00  5.158281e+00  7.432874e+00  1.309178e+01 
 8.013230e+00  2.652414e+00  5.025908e+00  7.239428e+00  1.274450e+01 
 8.124930e+00  2.588171e+00  4.896642e+00  7.049807e+00  1.240522e+01 
 8.238187e+00  2.525799e+00  4.770433e+00  6.864892e+00  1.207557e+01 
 8.353023e+00  2.464887e+00  4.648063e+00  6.685858e+00  1.175454e+01 
 8.469460e+00  2.405768e+00  4.529213e+00  6.511547e+00  1.144246e+01 
 8.587519e+00  2.348144e+00  4.413492e+00  6.342111e+00  1.113940e+01 
 8.707225e+00  2.292105e+00  4.300841e+00  6.177623e+00  1.084500e+01 
 8.828599e+00  2.237643e+00  4.192090e+00  6.017733e+00  1.055830e+01 
 8.951665e+00  2.184573e+00  4.086106e+00  5.862418e+00  1.028048e+01 
 9.076446e+00  2.132971e+00  3.983210e+00  5.711904e+00  1.001071e+01 
 9.202967e+00  2.082708e+00  3.882880e+00  5.565150e+00  9.747278e+00 
 9.331251e+00  2.033593e+00  3.784958e+00  5.421653e+00  9.490597e+00 
 9.461324e+00  0.000000e+00  0.000000e+00  0.000000e+00  0.000000e+00 
 9.593209e+00  0.000000e+00  0.000000e+00  0.000000e+00  0.000000e+00 
 9.726934e+00  0.000000e+00  0.000000e+00  0.000000e+00  0.000000e+00 
 9.862522e+00  0.000000e+00  0.000000e+00  0.000000e+00  0.000000e+00 
 1.000000e+01  0.000000e+00  0.000000e+00  0.000000e+00  0.000000e+00 
