 1.000000e-02  5.819931e+03  1.045765e+04  1.400747e+04  2.056798e+04 
 1.013939e-02  5.848523e+03  1.050920e+04  1.407654e+04  2.066926e+04 
 1.028073e-02  5.876569e+03  1.055976e+04  1.414427e+04  2.076858e+04 
 1.042404e-02  5.904044e+03  1.060928e+04  1.421063e+04  2.086585e+04 
 1.056935e-02  5.930935e+03  1.065776e+04  1.427555e+04  2.096102e+04 
 1.071668e-02  5.957220e+03  1.070513e+04  1.433900e+04  2.105399e+04 
 1.086606e-02  5.982871e+03  1.075134e+04  1.440089e+04  2.114468e+04 
 1.101753e-02  6.007865e+03  1.079638e+04  1.446120e+04  2.123302e+04 
 1.117111e-02  6.032182e+03  1.084018e+04  1.451984e+04  2.131892e+04 
 1.132683e-02  6.055799e+03  1.088272e+04  1.457678e+04  2.140231e+04 
 1.148472e-02  6.078690e+03  1.092394e+04  1.463196e+04  2.148311e+04 
 1.164481e-02  6.100830e+03  1.096380e+04  1.468531e+04  2.156122e+04 
 1.180713e-02  6.122204e+03  1.100228e+04  1.473680e+04  2.163655e+04 
 1.197171e-02  6.142784e+03  1.103931e+04  1.478636e+04  2.170904e+04 
 1.213859e-02  6.162551e+03  1.107488e+04  1.483393e+04  2.177862e+04 
 1.230780e-02  6.181474e+03  1.110892e+04  1.487944e+04  2.184517e+04 
 1.247936e-02  6.199535e+03  1.114139e+04  1.492289e+04  2.190866e+04 
 1.265332e-02  6.216706e+03  1.117227e+04  1.496416e+04  2.196896e+04 
 1.282970e-02  6.232980e+03  1.120150e+04  1.500325e+04  2.202603e+04 
 1.300854e-02  6.248320e+03  1.122907e+04  1.504007e+04  2.207977e+04 
 1.318987e-02  6.262703e+03  1.125491e+04  1.507459e+04  2.213014e+04 
 1.337373e-02  6.276115e+03  1.127898e+04  1.510672e+04  2.217699e+04 
 1.356015e-02  6.288531e+03  1.130126e+04  1.513647e+04  2.222027e+04 
 1.374917e-02  6.299919e+03  1.132167e+04  1.516369e+04  2.225992e+04 
 1.394083e-02  6.310249e+03  1.134019e+04  1.518838e+04  2.229578e+04 
 1.413516e-02  6.319502e+03  1.135676e+04  1.521045e+04  2.232782e+04 
 1.433219e-02  6.327656e+03  1.137134e+04  1.522984e+04  2.235590e+04 
 1.453198e-02  6.334682e+03  1.138387e+04  1.524650e+04  2.237997e+04 
 1.473454e-02  6.340557e+03  1.139434e+04  1.526039e+04  2.239993e+04 
 1.493993e-02  6.345256e+03  1.140269e+04  1.527142e+04  2.241573e+04 
 1.514819e-02  6.348721e+03  1.140883e+04  1.527951e+04  2.242726e+04 
 1.535935e-02  6.350947e+03  1.141275e+04  1.528464e+04  2.243444e+04 
 1.557345e-02  6.351932e+03  1.141444e+04  1.528677e+04  2.243720e+04 
 1.579053e-02  6.351656e+03  1.141385e+04  1.528584e+04  2.243545e+04 
 1.601064e-02  6.350096e+03  1.141095e+04  1.528182e+04  2.242917e+04 
 1.623382e-02  6.347245e+03  1.140570e+04  1.527464e+04  2.241827e+04 
 1.646012e-02  6.343069e+03  1.139809e+04  1.526431e+04  2.240271e+04 
 1.668956e-02  6.337562e+03  1.138806e+04  1.525073e+04  2.238238e+04 
 1.692220e-02  6.330694e+03  1.137559e+04  1.523387e+04  2.235724e+04 
 1.715809e-02  6.322452e+03  1.136063e+04  1.521368e+04  2.232722e+04 
 1.739726e-02  6.312811e+03  1.134316e+04  1.519012e+04  2.229222e+04 
 1.763977e-02  6.301760e+03  1.132314e+04  1.516314e+04  2.225221e+04 
 1.788566e-02  6.289262e+03  1.130053e+04  1.513268e+04  2.220710e+04 
 1.813498e-02  6.275315e+03  1.127530e+04  1.509872e+04  2.215683e+04 
 1.838777e-02  6.259899e+03  1.124742e+04  1.506121e+04  2.210136e+04 
 1.864409e-02  6.243004e+03  1.121688e+04  1.502012e+04  2.204067e+04 
 1.890397e-02  6.224617e+03  1.118366e+04  1.497546e+04  2.197466e+04 
 1.916748e-02  6.204729e+03  1.114772e+04  1.492716e+04  2.190334e+04 
 1.943467e-02  6.183331e+03  1.110908e+04  1.487521e+04  2.182668e+04 
 1.970558e-02  6.160409e+03  1.106769e+04  1.481960e+04  2.174463e+04 
 1.998026e-02  6.135972e+03  1.102358e+04  1.476032e+04  2.165721e+04 
 2.025878e-02  6.110021e+03  1.097674e+04  1.469741e+04  2.156444e+04 
 2.054117e-02  6.082559e+03  1.092718e+04  1.463084e+04  2.146635e+04 
 2.082751e-02  6.053582e+03  1.087490e+04  1.456065e+04  2.136287e+04 
 2.111783e-02  6.023096e+03  1.081990e+04  1.448680e+04  2.125409e+04 
 2.141220e-02  5.991200e+03  1.076235e+04  1.440949e+04  2.114012e+04 
 2.171068e-02  5.958454e+03  1.070306e+04  1.432967e+04  2.102198e+04 
 2.201331e-02  5.924201e+03  1.064107e+04  1.424623e+04  2.089851e+04 
 2.232016e-02  5.888444e+03  1.057636e+04  1.415916e+04  2.076971e+04 
 2.263130e-02  5.851191e+03  1.050897e+04  1.406849e+04  2.063565e+04 
 2.294676e-02  5.812452e+03  1.043891e+04  1.397424e+04  2.049635e+04 
 2.326663e-02  5.772243e+03  1.036622e+04  1.387647e+04  2.035187e+04 
 2.359095e-02  5.730587e+03  1.029092e+04  1.377520e+04  2.020228e+04 
 2.391980e-02  5.687494e+03  1.021304e+04  1.367049e+04  2.004763e+04 
 2.425323e-02  5.642996e+03  1.013263e+04  1.356240e+04  1.988802e+04 
 2.459130e-02  5.597138e+03  1.004978e+04  1.345103e+04  1.972362e+04 
 2.493409e-02  5.549940e+03  9.964527e+03  1.333646e+04  1.955452e+04 
 2.528166e-02  5.501447e+03  9.876956e+03  1.321877e+04  1.938089e+04 
 2.563407e-02  5.451712e+03  9.787132e+03  1.309809e+04  1.920286e+04 
 2.599140e-02  5.400782e+03  9.695185e+03  1.297456e+04  1.902064e+04 
 2.635371e-02  5.348718e+03  9.601205e+03  1.284831e+04  1.883445e+04 
 2.672106e-02  5.295551e+03  9.505243e+03  1.271941e+04  1.864438e+04 
 2.709354e-02  5.241314e+03  9.407354e+03  1.258794e+04  1.845056e+04 
 2.747121e-02  5.186039e+03  9.307609e+03  1.245398e+04  1.825311e+04 
 2.785414e-02  5.129707e+03  9.205997e+03  1.231755e+04  1.805210e+04 
 2.824241e-02  5.072124e+03  9.102263e+03  1.217841e+04  1.784740e+04 
 2.863610e-02  5.013637e+03  8.996900e+03  1.203708e+04  1.763955e+04 
 2.903527e-02  4.954303e+03  8.890020e+03  1.189373e+04  1.742872e+04 
 2.944000e-02  4.894172e+03  8.781719e+03  1.174849e+04  1.721512e+04 
 2.985038e-02  4.833313e+03  8.672115e+03  1.160151e+04  1.699899e+04 
 3.026648e-02  4.771802e+03  8.561340e+03  1.145297e+04  1.678055e+04 
 3.068838e-02  4.709708e+03  8.449530e+03  1.130304e+04  1.656012e+04 
 3.111616e-02  4.647126e+03  8.336846e+03  1.115193e+04  1.633798e+04 
 3.154990e-02  4.584142e+03  8.223434e+03  1.099988e+04  1.611445e+04 
 3.198969e-02  4.520854e+03  8.109493e+03  1.084710e+04  1.588987e+04 
 3.243561e-02  4.457375e+03  7.995206e+03  1.069388e+04  1.566464e+04 
 3.288774e-02  4.393811e+03  7.880772e+03  1.054047e+04  1.543914e+04 
 3.334618e-02  4.330268e+03  7.766387e+03  1.038711e+04  1.521371e+04 
 3.381101e-02  4.266795e+03  7.652131e+03  1.023394e+04  1.498858e+04 
 3.428231e-02  4.203454e+03  7.538111e+03  1.008109e+04  1.476394e+04 
 3.476019e-02  4.140087e+03  7.424375e+03  9.928975e+03  1.454134e+04 
 3.524473e-02  4.076963e+03  7.311089e+03  9.777446e+03  1.431963e+04 
 3.573602e-02  4.014147e+03  7.198357e+03  9.626682e+03  1.409904e+04 
 3.623416e-02  3.951715e+03  7.086307e+03  9.476827e+03  1.387974e+04 
 3.673925e-02  3.889733e+03  6.975075e+03  9.328061e+03  1.366206e+04 
 3.725137e-02  3.828281e+03  6.864786e+03  9.180564e+03  1.344622e+04 
 3.777064e-02  3.767435e+03  6.755596e+03  9.034533e+03  1.323252e+04 
 3.829714e-02  3.707283e+03  6.647645e+03  8.890154e+03  1.302125e+04 
 3.883098e-02  3.647912e+03  6.541098e+03  8.747656e+03  1.281270e+04 
 3.937226e-02  3.589417e+03  6.436130e+03  8.607264e+03  1.260725e+04 
 3.992109e-02  3.531897e+03  6.332905e+03  8.469216e+03  1.240520e+04 
 4.047757e-02  3.475453e+03  6.231588e+03  8.333674e+03  1.220674e+04 
 4.104181e-02  3.420053e+03  6.131620e+03  8.199377e+03  1.200853e+04 
 4.161391e-02  3.365928e+03  6.033941e+03  8.068143e+03  1.181481e+04 
 4.219398e-02  3.313104e+03  5.938608e+03  7.940056e+03  1.162572e+04 
 4.278214e-02  3.261613e+03  5.845675e+03  7.815187e+03  1.144135e+04 
 4.337850e-02  3.211480e+03  5.755188e+03  7.693603e+03  1.126183e+04 
 4.398317e-02  3.162747e+03  5.667216e+03  7.575387e+03  1.108723e+04 
 4.459628e-02  3.115434e+03  5.581801e+03  7.460597e+03  1.091768e+04 
 4.521792e-02  3.069565e+03  5.498990e+03  7.349289e+03  1.075326e+04 
 4.584824e-02  3.025170e+03  5.418826e+03  7.241534e+03  1.059404e+04 
 4.648734e-02  2.982271e+03  5.341355e+03  7.137389e+03  1.044013e+04 
 4.713535e-02  2.940934e+03  5.267344e+03  7.038556e+03  1.029579e+04 
 4.779239e-02  2.901157e+03  5.196520e+03  6.944389e+03  1.015934e+04 
 4.845859e-02  2.862920e+03  5.128448e+03  6.853897e+03  1.002825e+04 
 4.913407e-02  2.826213e+03  5.063117e+03  6.767050e+03  9.902473e+03 
 4.981898e-02  2.791008e+03  5.000478e+03  6.683805e+03  9.781946e+03 
 5.051342e-02  2.757282e+03  4.940487e+03  6.604092e+03  9.666583e+03 
 5.121755e-02  2.724997e+03  4.883070e+03  6.527817e+03  9.556243e+03 
 5.193150e-02  2.694107e+03  4.828163e+03  6.454896e+03  9.450791e+03 
 5.265540e-02  2.664572e+03  4.775678e+03  6.385204e+03  9.350077e+03 
 5.338938e-02  2.636114e+03  4.724710e+03  6.317136e+03  9.250626e+03 
 5.413360e-02  2.608621e+03  4.674998e+03  6.250238e+03  9.151587e+03 
 5.488820e-02  2.582280e+03  4.627350e+03  6.186105e+03  9.056619e+03 
 5.565331e-02  2.557011e+03  4.581637e+03  6.124565e+03  8.965438e+03 
 5.642908e-02  2.532683e+03  4.537603e+03  6.065271e+03  8.877571e+03 
 5.721568e-02  2.509217e+03  4.495124e+03  6.008056e+03  8.792751e+03 
 5.801323e-02  2.486462e+03  4.453934e+03  5.952586e+03  8.710529e+03 
 5.882190e-02  2.464403e+03  4.414010e+03  5.898830e+03  8.630882e+03 
 5.964185e-02  2.442959e+03  4.375471e+03  5.847200e+03  8.555091e+03 
 6.047322e-02  2.422274e+03  4.339012e+03  5.799094e+03  8.486415e+03 
 6.131619e-02  2.401753e+03  4.302838e+03  5.751351e+03  8.418231e+03 
 6.217090e-02  2.381285e+03  4.266738e+03  5.703693e+03  8.350125e+03 
 6.303753e-02  2.360732e+03  4.230473e+03  5.655804e+03  8.281661e+03 
 6.391624e-02  2.339932e+03  4.193772e+03  5.607329e+03  8.212324e+03 
 6.480720e-02  2.318748e+03  4.156375e+03  5.557926e+03  8.141649e+03 
 6.571058e-02  2.297006e+03  4.117985e+03  5.507188e+03  8.069012e+03 
 6.662655e-02  2.273527e+03  4.074775e+03  5.448244e+03  7.979560e+03 
 6.755528e-02  2.249165e+03  4.029929e+03  5.387065e+03  7.886708e+03 
 6.849697e-02  2.223827e+03  3.983338e+03  5.323553e+03  7.790449e+03 
 6.945178e-02  2.197393e+03  3.934791e+03  5.257432e+03  7.690397e+03 
 7.041990e-02  2.169741e+03  3.884073e+03  5.188410e+03  7.586128e+03 
 7.140151e-02  2.140773e+03  3.830999e+03  5.116261e+03  7.477312e+03 
 7.239681e-02  2.110713e+03  3.776266e+03  5.042226e+03  7.366765e+03 
 7.340598e-02  2.079549e+03  3.719896e+03  4.966408e+03  7.254831e+03 
 7.442922e-02  2.046873e+03  3.660829e+03  4.886982e+03  7.137636e+03 
 7.546673e-02  2.012668e+03  3.599028e+03  4.803908e+03  7.015109e+03 
 7.651869e-02  1.976943e+03  3.534499e+03  4.717204e+03  6.887280e+03 
 7.758532e-02  1.939725e+03  3.467310e+03  4.626946e+03  6.754270e+03 
 7.866682e-02  1.901845e+03  3.399934e+03  4.537423e+03  6.624815e+03 
 7.976339e-02  1.863852e+03  3.333971e+03  4.451370e+03  6.504394e+03 
 8.087525e-02  1.824566e+03  3.265611e+03  4.362048e+03  6.379013e+03 
 8.200261e-02  1.784121e+03  3.195106e+03  4.269782e+03  6.249131e+03 
 8.314568e-02  1.742679e+03  3.122731e+03  4.174941e+03  6.115289e+03 
 8.430468e-02  1.700425e+03  3.048814e+03  4.077959e+03  5.978099e+03 
 8.547985e-02  1.657004e+03  2.971827e+03  3.975933e+03  5.831237e+03 
 8.667139e-02  1.612964e+03  2.893260e+03  3.871338e+03  5.679514e+03 
 8.787954e-02  1.568809e+03  2.814455e+03  3.766397e+03  5.527183e+03 
 8.910453e-02  1.524793e+03  2.735870e+03  3.661716e+03  5.375153e+03 
 9.034660e-02  1.481172e+03  2.657962e+03  3.557915e+03  5.224319e+03 
 9.160598e-02  1.438846e+03  2.583245e+03  3.459194e+03  5.082854e+03 
 9.288292e-02  1.397980e+03  2.511904e+03  3.365688e+03  4.950684e+03 
 9.417766e-02  1.358207e+03  2.442420e+03  3.274579e+03  4.821782e+03 
 9.549045e-02  1.319752e+03  2.375213e+03  3.186421e+03  4.696981e+03 
 9.682153e-02  1.282835e+03  2.310683e+03  3.101766e+03  4.577102e+03 
 9.817117e-02  1.247897e+03  2.250021e+03  3.022565e+03  4.465838e+03 
 9.953962e-02  1.214942e+03  2.192978e+03  2.948261e+03  4.361847e+03 
 1.009272e-01  1.184015e+03  2.139506e+03  2.878665e+03  4.264576e+03 
 1.023340e-01  1.155233e+03  2.089828e+03  2.814089e+03  4.174519e+03 
 1.037605e-01  1.128113e+03  2.042410e+03  2.751878e+03  4.086407e+03 
 1.052069e-01  1.101155e+03  1.992735e+03  2.684342e+03  3.985192e+03 
 1.066734e-01  1.076549e+03  1.947366e+03  2.622639e+03  3.892678e+03 
 1.081604e-01  1.054257e+03  1.906226e+03  2.566663e+03  3.808711e+03 
 1.096681e-01  1.034189e+03  1.869153e+03  2.516188e+03  3.732939e+03 
 1.111968e-01  1.016217e+03  1.835987e+03  2.470941e+03  3.664404e+03 
 1.127468e-01  1.000187e+03  1.806371e+03  2.430488e+03  3.602988e+03 
 1.143184e-01  9.859010e+02  1.779936e+03  2.394341e+03  3.548005e+03 
 1.159120e-01  9.731281e+02  1.756262e+03  2.361922e+03  3.498575e+03 
 1.175277e-01  9.620994e+02  1.736210e+03  2.334705e+03  3.457350e+03 
 1.191660e-01  9.520698e+02  1.718017e+03  2.310023e+03  3.419946e+03 
 1.208271e-01  9.426861e+02  1.701003e+03  2.286934e+03  3.384911e+03 
 1.225114e-01  9.335623e+02  1.684426e+03  2.264415e+03  3.350727e+03 
 1.242191e-01  9.239427e+02  1.666544e+03  2.239936e+03  3.313612e+03 
 1.259506e-01  9.139747e+02  1.648040e+03  2.214620e+03  3.275270e+03 
 1.277063e-01  9.033467e+02  1.628345e+03  2.187705e+03  3.234568e+03 
 1.294865e-01  8.920926e+02  1.607738e+03  2.159658e+03  3.192164e+03 
 1.312915e-01  8.800032e+02  1.585871e+03  2.130029e+03  3.147398e+03 
 1.331216e-01  8.665047e+02  1.561452e+03  2.096964e+03  3.097555e+03 
 1.349772e-01  8.514719e+02  1.534285e+03  2.060240e+03  3.042418e+03 
 1.368587e-01  8.359033e+02  1.507819e+03  2.026309e+03  2.996517e+03 
 1.387665e-01  8.186687e+02  1.478281e+03  1.988189e+03  2.944281e+03 
 1.407008e-01  7.998328e+02  1.445774e+03  1.946006e+03  2.885877e+03 
 1.426621e-01  7.805612e+02  1.413116e+03  1.903861e+03  2.827388e+03 
 1.446507e-01  7.603253e+02  1.378823e+03  1.859520e+03  2.765447e+03 
 1.466671e-01  7.390404e+02  1.342485e+03  1.812311e+03  2.699032e+03 
 1.487115e-01  7.155328e+02  1.300608e+03  1.756639e+03  2.618613e+03 
 1.507845e-01  6.907310e+02  1.255401e+03  1.695824e+03  2.529586e+03 
 1.528864e-01  6.660866e+02  1.210468e+03  1.635355e+03  2.440977e+03 
 1.550175e-01  6.436131e+02  1.171216e+03  1.583921e+03  2.368451e+03 
 1.571784e-01  6.230799e+02  1.136606e+03  1.539624e+03  2.308218e+03 
 1.593694e-01  6.036123e+02  1.103765e+03  1.497568e+03  2.250978e+03 
 1.615909e-01  5.859643e+02  1.074396e+03  1.460178e+03  2.200256e+03 
 1.638434e-01  5.700746e+02  1.048227e+03  1.427047e+03  2.155585e+03 
 1.661273e-01  5.559209e+02  1.025106e+03  1.397944e+03  2.116728e+03 
 1.684430e-01  5.408396e+02  9.977966e+02  1.361470e+03  2.064183e+03 
 1.707910e-01  5.273636e+02  9.731463e+02  1.328406e+03  2.016418e+03 
 1.731717e-01  5.160761e+02  9.527738e+02  1.301253e+03  1.977435e+03 
 1.755856e-01  5.077846e+02  9.388598e+02  1.283252e+03  1.951789e+03 
 1.780332e-01  5.009432e+02  9.276149e+02  1.268884e+03  1.931634e+03 
 1.805149e-01  4.937050e+02  9.137406e+02  1.249341e+03  1.900560e+03 
 1.830312e-01  4.864003e+02  8.986100e+02  1.227135e+03  1.863601e+03 
 1.855825e-01  4.796318e+02  8.846375e+02  1.206714e+03  1.829840e+03 
 1.881694e-01  4.731276e+02  8.721067e+02  1.189439e+03  1.803705e+03 
 1.907924e-01  4.663028e+02  8.590082e+02  1.171409e+03  1.776463e+03 
 1.934520e-01  4.584848e+02  8.440542e+02  1.151037e+03  1.746821e+03 
 1.961486e-01  4.496264e+02  8.271880e+02  1.128128e+03  1.713728e+03 
 1.988828e-01  4.407189e+02  8.109237e+02  1.106312e+03  1.682177e+03 
 2.016551e-01  4.321468e+02  7.962652e+02  1.087069e+03  1.654350e+03 
 2.044661e-01  4.222839e+02  7.790440e+02  1.064197e+03  1.620814e+03 
 2.073162e-01  4.109739e+02  7.582725e+02  1.035803e+03  1.577852e+03 
 2.102061e-01  3.988003e+02  7.358709e+02  1.005171e+03  1.531457e+03 
 2.131362e-01  3.893101e+02  7.221900e+02  9.892383e+02  1.511782e+03 
 2.161073e-01  3.795968e+02  7.080830e+02  9.727213e+02  1.491209e+03 
 2.191197e-01  3.676603e+02  6.879681e+02  9.471401e+02  1.457150e+03 
 2.221741e-01  3.556478e+02  6.672025e+02  9.203913e+02  1.421145e+03 
 2.252711e-01  3.447782e+02  6.489940e+02  8.974202e+02  1.390955e+03 
 2.284112e-01  3.350191e+02  6.329196e+02  8.773906e+02  1.365101e+03 
 2.315951e-01  3.265264e+02  6.183516e+02  8.582206e+02  1.337106e+03 
 2.348235e-01  3.192861e+02  6.058182e+02  8.414310e+02  1.311585e+03 
 2.380968e-01  3.114667e+02  5.908689e+02  8.207131e+02  1.280153e+03 
 2.414157e-01  3.043587e+02  5.769539e+02  8.012891e+02  1.250768e+03 
 2.447809e-01  2.976133e+02  5.638957e+02  7.833228e+02  1.223531e+03 
 2.481930e-01  2.915620e+02  5.522109e+02  7.672874e+02  1.199232e+03 
 2.516527e-01  2.881447e+02  5.463119e+02  7.591958e+02  1.186371e+03 
 2.551606e-01  2.840095e+02  5.387071e+02  7.486945e+02  1.170146e+03 
 2.587174e-01  2.772043e+02  5.249236e+02  7.294703e+02  1.141568e+03 
 2.623238e-01  2.713774e+02  5.140033e+02  7.146422e+02  1.119913e+03 
 2.659804e-01  2.665597e+02  5.060895e+02  7.044400e+02  1.105533e+03 
 2.696881e-01  2.598400e+02  4.939569e+02  6.882497e+02  1.081707e+03 
 2.734474e-01  2.522013e+02  4.799381e+02  6.694308e+02  1.053829e+03 
 2.772591e-01  2.461204e+02  4.700992e+02  6.572648e+02  1.038348e+03 
 2.811239e-01  2.395501e+02  4.589384e+02  6.431016e+02  1.020235e+03 
 2.850426e-01  2.327036e+02  4.467490e+02  6.273163e+02  1.000310e+03 
 2.890160e-01  2.262484e+02  4.360546e+02  6.137459e+02  9.815282e+02 
 2.930447e-01  2.202721e+02  4.260069e+02  6.005736e+02  9.617979e+02 
 2.971296e-01  2.147576e+02  4.156302e+02  5.854191e+02  9.360088e+02 
 3.012714e-01  2.098849e+02  4.073304e+02  5.745711e+02  9.203581e+02 
 3.054710e-01  2.054167e+02  3.999078e+02  5.653609e+02  9.084848e+02 
 3.097291e-01  2.003382e+02  3.904421e+02  5.527805e+02  8.908850e+02 
 3.140465e-01  1.958616e+02  3.815194e+02  5.400659e+02  8.703266e+02 
 3.184242e-01  1.919674e+02  3.738194e+02  5.290633e+02  8.525061e+02 
 3.228628e-01  1.888197e+02  3.683732e+02  5.220513e+02  8.436395e+02 
 3.273634e-01  1.844551e+02  3.596368e+02  5.095455e+02  8.237942e+02 
 3.319266e-01  1.797764e+02  3.506127e+02  4.971262e+02  8.052867e+02 
 3.365535e-01  1.751300e+02  3.423219e+02  4.864525e+02  7.910386e+02 
 3.412449e-01  1.716620e+02  3.376517e+02  4.809579e+02  7.825973e+02 
 3.460016e-01  1.678093e+02  3.313954e+02  4.729425e+02  7.714388e+02 
 3.508247e-01  1.639637e+02  3.246347e+02  4.639648e+02  7.583430e+02 
 3.557150e-01  1.602269e+02  3.178475e+02  4.548339e+02  7.443876e+02 
 3.606735e-01  1.559940e+02  3.104318e+02  4.451869e+02  7.310941e+02 
 3.657011e-01  1.511595e+02  3.014073e+02  4.328839e+02  7.138697e+02 
 3.707988e-01  1.473150e+02  2.940956e+02  4.229393e+02  6.992691e+02 
 3.759675e-01  1.439058e+02  2.876085e+02  4.140694e+02  6.860396e+02 
 3.812083e-01  1.405375e+02  2.815424e+02  4.059141e+02  6.740686e+02 
 3.865221e-01  1.377658e+02  2.774903e+02  4.013362e+02  6.671053e+02 
 3.919100e-01  1.348442e+02  2.708141e+02  3.912204e+02  6.528819e+02 
 3.973730e-01  1.315836e+02  2.652668e+02  3.842577e+02  6.420950e+02 
 4.029122e-01  1.287811e+02  2.608393e+02  3.782115e+02  6.314042e+02 
 4.085286e-01  1.259901e+02  2.550306e+02  3.699233e+02  6.194786e+02 
 4.142232e-01  1.226655e+02  2.483483e+02  3.610195e+02  6.080990e+02 
 4.199973e-01  1.193279e+02  2.425759e+02  3.536754e+02  5.975055e+02 
 4.258518e-01  1.165653e+02  2.375539e+02  3.466913e+02  5.859374e+02 
 4.317880e-01  1.136914e+02  2.321386e+02  3.388127e+02  5.737762e+02 
 4.378069e-01  1.111979e+02  2.271978e+02  3.317818e+02  5.623693e+02 
 4.439097e-01  1.091306e+02  2.239750e+02  3.278603e+02  5.581526e+02 
 4.500975e-01  1.060877e+02  2.183836e+02  3.203382e+02  5.472611e+02 
 4.563716e-01  1.035492e+02  2.131914e+02  3.129148e+02  5.345449e+02 
 4.627332e-01  1.018762e+02  2.108561e+02  3.103443e+02  5.319982e+02 
 4.691835e-01  9.914358e+01  2.055432e+02  3.029036e+02  5.200081e+02 
 4.757236e-01  9.715300e+01  2.016224e+02  2.974627e+02  5.115983e+02 
 4.823549e-01  9.445706e+01  1.962908e+02  2.899531e+02  5.011000e+02 
 4.890787e-01  9.224800e+01  1.920090e+02  2.842240e+02  4.924144e+02 
 4.958962e-01  9.052765e+01  1.887232e+02  2.792594e+02  4.835820e+02 
 5.028087e-01  8.828561e+01  1.848972e+02  2.741461e+02  4.761326e+02 
 5.098176e-01  8.650991e+01  1.816476e+02  2.695929e+02  4.677611e+02 
 5.169242e-01  8.487239e+01  1.785846e+02  2.654403e+02  4.621433e+02 
 5.241298e-01  8.198956e+01  1.736703e+02  2.593981e+02  4.546714e+02 
 5.314359e-01  8.043878e+01  1.713684e+02  2.563650e+02  4.497412e+02 
 5.388438e-01  7.863249e+01  1.673252e+02  2.503690e+02  4.406652e+02 
 5.463550e-01  7.707460e+01  1.643548e+02  2.460548e+02  4.335501e+02 
 5.539709e-01  7.483264e+01  1.603432e+02  2.409703e+02  4.260095e+02 
 5.616930e-01  7.334894e+01  1.574933e+02  2.369810e+02  4.201213e+02 
 5.695227e-01  7.176290e+01  1.548242e+02  2.337016e+02  4.140600e+02 
 5.774615e-01  7.003644e+01  1.509640e+02  2.279668e+02  4.056827e+02 
 5.855110e-01  6.866571e+01  1.485173e+02  2.244053e+02  3.996652e+02 
 5.936727e-01  6.696846e+01  1.447461e+02  2.190606e+02  3.916799e+02 
 6.019482e-01  6.568587e+01  1.426941e+02  2.159575e+02  3.861627e+02 
 6.103390e-01  6.400448e+01  1.398194e+02  2.123386e+02  3.802628e+02 
 6.188468e-01  6.249007e+01  1.371910e+02  2.096837e+02  3.781430e+02 
 6.274732e-01  6.129799e+01  1.343013e+02  2.048339e+02  3.701710e+02 
 6.362198e-01  5.990926e+01  1.319923e+02  2.016762e+02  3.644304e+02 
 6.450884e-01  5.839406e+01  1.292569e+02  1.979298e+02  3.581472e+02 
 6.540806e-01  5.710364e+01  1.262675e+02  1.934634e+02  3.515424e+02 
 6.631981e-01  5.572278e+01  1.239680e+02  1.909006e+02  3.476499e+02 
 6.724427e-01  5.456315e+01  1.215855e+02  1.875758e+02  3.434132e+02 
 6.818162e-01  5.326500e+01  1.191688e+02  1.835911e+02  3.361544e+02 
 6.913204e-01  5.202109e+01  1.166796e+02  1.803798e+02  3.310347e+02 
 7.009570e-01  5.119538e+01  1.147122e+02  1.774892e+02  3.263190e+02 
 7.107280e-01  4.975603e+01  1.124849e+02  1.745383e+02  3.208377e+02 
 7.206351e-01  4.888588e+01  1.104719e+02  1.718059e+02  3.174561e+02 
 7.306804e-01  4.778021e+01  1.085770e+02  1.688267e+02  3.114271e+02 
 7.408657e-01  4.662425e+01  1.061754e+02  1.654540e+02  3.068870e+02 
 7.511929e-01  4.553718e+01  1.039555e+02  1.625945e+02  3.023102e+02 
 7.616642e-01  4.457551e+01  1.018203e+02  1.595591e+02  2.977863e+02 
 7.722814e-01  4.385118e+01  1.005910e+02  1.575890e+02  2.934854e+02 
 7.830465e-01  4.284848e+01  9.840308e+01  1.544985e+02  2.891621e+02 
 7.939618e-01  4.194855e+01  9.689654e+01  1.522176e+02  2.853910e+02 
 8.050292e-01  4.092544e+01  9.480477e+01  1.497493e+02  2.814600e+02 
 8.162509e-01  4.009340e+01  9.322682e+01  1.471096e+02  2.762386e+02 
 8.276289e-01  3.904033e+01  9.112568e+01  1.443284e+02  2.722856e+02 
 8.391656e-01  3.843150e+01  8.985456e+01  1.420043e+02  2.685839e+02 
 8.508632e-01  3.766050e+01  8.813094e+01  1.398231e+02  2.648148e+02 
 8.627237e-01  3.672976e+01  8.647240e+01  1.374218e+02  2.603090e+02 
 8.747496e-01  3.597833e+01  8.477379e+01  1.350791e+02  2.565609e+02 
 8.869432e-01  3.526047e+01  8.339718e+01  1.330325e+02  2.532227e+02 
 8.993067e-01  3.444974e+01  8.187191e+01  1.307878e+02  2.491690e+02 
 9.118425e-01  3.385494e+01  8.031354e+01  1.283686e+02  2.446062e+02 
 9.245531e-01  3.302658e+01  7.881808e+01  1.261566e+02  2.414645e+02 
 9.374409e-01  3.230292e+01  7.738280e+01  1.242497e+02  2.381332e+02 
 9.505083e-01  3.168035e+01  7.598439e+01  1.222169e+02  2.345513e+02 
 9.637579e-01  3.094333e+01  7.440767e+01  1.198862e+02  2.308158e+02 
 9.771921e-01  3.042322e+01  7.378478e+01  1.186464e+02  2.277200e+02 
 9.908137e-01  2.976763e+01  7.225076e+01  1.164688e+02  2.244027e+02 
 1.004625e+00  2.912632e+01  7.077980e+01  1.143244e+02  2.206080e+02 
 1.018629e+00  2.858641e+01  6.968517e+01  1.126034e+02  2.172785e+02 
 1.032828e+00  2.794238e+01  6.840599e+01  1.109300e+02  2.146969e+02 
 1.047225e+00  2.733769e+01  6.726696e+01  1.090481e+02  2.108989e+02 
 1.061823e+00  2.683819e+01  6.625300e+01  1.074525e+02  2.079712e+02 
 1.076624e+00  2.627022e+01  6.507523e+01  1.057331e+02  2.047967e+02 
 1.091632e+00  2.577811e+01  6.388133e+01  1.040863e+02  2.015925e+02 
 1.106848e+00  2.520977e+01  6.265349e+01  1.022923e+02  1.986699e+02 
 1.122277e+00  2.469071e+01  6.167253e+01  1.005256e+02  1.952350e+02 
 1.137921e+00  2.417261e+01  6.047817e+01  9.881384e+01  1.922491e+02 
 1.153783e+00  2.370494e+01  5.944920e+01  9.724691e+01  1.894024e+02 
 1.169866e+00  2.325372e+01  5.846963e+01  9.568972e+01  1.867170e+02 
 1.186174e+00  2.275910e+01  5.750377e+01  9.413124e+01  1.836125e+02 
 1.202708e+00  2.231897e+01  5.650063e+01  9.265900e+01  1.808849e+02 
 1.219473e+00  2.189203e+01  5.556250e+01  9.125592e+01  1.778109e+02 
 1.236472e+00  2.144456e+01  5.462185e+01  8.984603e+01  1.752604e+02 
 1.253708e+00  2.103181e+01  5.366860e+01  8.819492e+01  1.724063e+02 
 1.271184e+00  2.062670e+01  5.292132e+01  8.709119e+01  1.698315e+02 
 1.288904e+00  2.021786e+01  5.184096e+01  8.545498e+01  1.672821e+02 
 1.306870e+00  1.981014e+01  5.095418e+01  8.405105e+01  1.643983e+02 
 1.325087e+00  1.945603e+01  5.013685e+01  8.277363e+01  1.616826e+02 
 1.343558e+00  1.907579e+01  4.926563e+01  8.140623e+01  1.590960e+02 
 1.362287e+00  1.871958e+01  4.841179e+01  7.998344e+01  1.563906e+02 
 1.381276e+00  1.834488e+01  4.762181e+01  7.852544e+01  1.537081e+02 
 1.400531e+00  1.800169e+01  4.681285e+01  7.730086e+01  1.510892e+02 
 1.420053e+00  1.764579e+01  4.594273e+01  7.605035e+01  1.485146e+02 
 1.439848e+00  1.731336e+01  4.522733e+01  7.471700e+01  1.460805e+02 
 1.459919e+00  1.696471e+01  4.443903e+01  7.347246e+01  1.434629e+02 
 1.480269e+00  1.668193e+01  4.361902e+01  7.213295e+01  1.407876e+02 
 1.500903e+00  1.636311e+01  4.291866e+01  7.091458e+01  1.385849e+02 
 1.521825e+00  1.604396e+01  4.222466e+01  6.979251e+01  1.361556e+02 
 1.543038e+00  1.573299e+01  4.149148e+01  6.866413e+01  1.339682e+02 
 1.564548e+00  1.546358e+01  4.080529e+01  6.749512e+01  1.315173e+02 
 1.586357e+00  1.517910e+01  4.014626e+01  6.636878e+01  1.291890e+02 
 1.608469e+00  1.488081e+01  3.946266e+01  6.523193e+01  1.270319e+02 
 1.630891e+00  1.464844e+01  3.874228e+01  6.398007e+01  1.244902e+02 
 1.653624e+00  1.435727e+01  3.806988e+01  6.294214e+01  1.224721e+02 
 1.676675e+00  1.408679e+01  3.746964e+01  6.189749e+01  1.201564e+02 
 1.700047e+00  1.382450e+01  3.683569e+01  6.080844e+01  1.180064e+02 
 1.723745e+00  1.359083e+01  3.617424e+01  5.973901e+01  1.156898e+02 
 1.747773e+00  1.331977e+01  3.552333e+01  5.864262e+01  1.134811e+02 
 1.772136e+00  1.307643e+01  3.492442e+01  5.757387e+01  1.114323e+02 
 1.796838e+00  1.284223e+01  3.429966e+01  5.653709e+01  1.092778e+02 
 1.821885e+00  1.263322e+01  3.369403e+01  5.548762e+01  1.072310e+02 
 1.847281e+00  1.238688e+01  3.314518e+01  5.455040e+01  1.051826e+02 
 1.873032e+00  1.216736e+01  3.255471e+01  5.345907e+01  1.031558e+02 
 1.899141e+00  1.194732e+01  3.194261e+01  5.249930e+01  1.011622e+02 
 1.925614e+00  1.174222e+01  3.139659e+01  5.155832e+01  9.911470e+01 
 1.952456e+00  1.156092e+01  3.088249e+01  5.064849e+01  9.717072e+01 
 1.979672e+00  1.133083e+01  3.035746e+01  4.971904e+01  9.527017e+01 
 2.007267e+00  1.114330e+01  2.981854e+01  4.873553e+01  9.341930e+01 
 2.035248e+00  1.093778e+01  2.925934e+01  4.780930e+01  9.147639e+01 
 2.063618e+00  1.074176e+01  2.871645e+01  4.688150e+01  8.958038e+01 
 2.092383e+00  1.055838e+01  2.819277e+01  4.596182e+01  8.772342e+01 
 2.121550e+00  1.036325e+01  2.766796e+01  4.507208e+01  8.591612e+01 
 2.151123e+00  1.018352e+01  2.717175e+01  4.417465e+01  8.405858e+01 
 2.181109e+00  9.999442e+00  2.664351e+01  4.330288e+01  8.232377e+01 
 2.211512e+00  9.826502e+00  2.613384e+01  4.241124e+01  8.050108e+01 
 2.242340e+00  9.651344e+00  2.567093e+01  4.158974e+01  7.880238e+01 
 2.273597e+00  9.471963e+00  2.518772e+01  4.072223e+01  7.708388e+01 
 2.305289e+00  9.315921e+00  2.470487e+01  3.991123e+01  7.543179e+01 
 2.337424e+00  9.155259e+00  2.422788e+01  3.908399e+01  7.382453e+01 
 2.370006e+00  8.991145e+00  2.376728e+01  3.829414e+01  7.222670e+01 
 2.403043e+00  8.823600e+00  2.332038e+01  3.749133e+01  7.061737e+01 
 2.436540e+00  8.677895e+00  2.288587e+01  3.672968e+01  6.905258e+01 
 2.470504e+00  8.525719e+00  2.244553e+01  3.595511e+01  6.751466e+01 
 2.504942e+00  8.379106e+00  2.202293e+01  3.522267e+01  6.603607e+01 
 2.539859e+00  8.238044e+00  2.158638e+01  3.446795e+01  6.450946e+01 
 2.575263e+00  8.085677e+00  2.114738e+01  3.375481e+01  6.308917e+01 
 2.611161e+00  7.948180e+00  2.073881e+01  3.301143e+01  6.164666e+01 
 2.647559e+00  7.807338e+00  2.032211e+01  3.228486e+01  6.019616e+01 
 2.684465e+00  7.668029e+00  1.992414e+01  3.158405e+01  5.879911e+01 
 2.721885e+00  7.526435e+00  1.949950e+01  3.088815e+01  5.743635e+01 
 2.759826e+00  7.394169e+00  1.909544e+01  3.019452e+01  5.608335e+01 
 2.798297e+00  7.258974e+00  1.870694e+01  2.952253e+01  5.478831e+01 
 2.837304e+00  7.129712e+00  1.831758e+01  2.886107e+01  5.349841e+01 
 2.876854e+00  7.000309e+00  1.793188e+01  2.821112e+01  5.223813e+01 
 2.916956e+00  6.875288e+00  1.756349e+01  2.757918e+01  5.097267e+01 
 2.957617e+00  6.753531e+00  1.719844e+01  2.696597e+01  4.976732e+01 
 2.998844e+00  6.632369e+00  1.684150e+01  2.635641e+01  4.858041e+01 
 3.040646e+00  6.513152e+00  1.648491e+01  2.574808e+01  4.744923e+01 
 3.083031e+00  6.397240e+00  1.613122e+01  2.516444e+01  4.631634e+01 
 3.126007e+00  6.283898e+00  1.579948e+01  2.459359e+01  4.519720e+01 
 3.169582e+00  6.169820e+00  1.545200e+01  2.401026e+01  4.410827e+01 
 3.213764e+00  6.057052e+00  1.511870e+01  2.345447e+01  4.304136e+01 
 3.258562e+00  5.944266e+00  1.479437e+01  2.290846e+01  4.199011e+01 
 3.303985e+00  5.834606e+00  1.446211e+01  2.236158e+01  4.096067e+01 
 3.350041e+00  5.726725e+00  1.413616e+01  2.183003e+01  3.994925e+01 
 3.396739e+00  5.618196e+00  1.382029e+01  2.131322e+01  3.895134e+01 
 3.444087e+00  5.513070e+00  1.350818e+01  2.078763e+01  3.798374e+01 
 3.492096e+00  5.409920e+00  1.320511e+01  2.029508e+01  3.705022e+01 
 3.540774e+00  5.303889e+00  1.290574e+01  1.980738e+01  3.612791e+01 
 3.590130e+00  5.204888e+00  1.261086e+01  1.932390e+01  3.523473e+01 
 3.640175e+00  5.106316e+00  1.232480e+01  1.886381e+01  3.436482e+01 
 3.690917e+00  5.007892e+00  1.204923e+01  1.839731e+01  3.350258e+01 
 3.742366e+00  4.912554e+00  1.176674e+01  1.795516e+01  3.267963e+01 
 3.794533e+00  4.819816e+00  1.149953e+01  1.752153e+01  3.186666e+01 
 3.847427e+00  4.726659e+00  1.123440e+01  1.709233e+01  3.108304e+01 
 3.901058e+00  4.634604e+00  1.097454e+01  1.667854e+01  3.030494e+01 
 3.955436e+00  4.547324e+00  1.071990e+01  1.626302e+01  2.954120e+01 
 4.010573e+00  4.455973e+00  1.046699e+01  1.586552e+01  2.880836e+01 
 4.066478e+00  4.367320e+00  1.021586e+01  1.546811e+01  2.807566e+01 
 4.123163e+00  4.279476e+00  9.974783e+00  1.508079e+01  2.736145e+01 
 4.180637e+00  4.194395e+00  9.737448e+00  1.470501e+01  2.666353e+01 
 4.238913e+00  4.109120e+00  9.500495e+00  1.433194e+01  2.598725e+01 
 4.298001e+00  4.023856e+00  9.269995e+00  1.397163e+01  2.532131e+01 
 4.357913e+00  3.943202e+00  9.043740e+00  1.361928e+01  2.467962e+01 
 4.418660e+00  3.861875e+00  8.826549e+00  1.327314e+01  2.405463e+01 
 4.480254e+00  3.781319e+00  8.610703e+00  1.293741e+01  2.344087e+01 
 4.542706e+00  3.704038e+00  8.399823e+00  1.260930e+01  2.284508e+01 
 4.606029e+00  3.626709e+00  8.196617e+00  1.229120e+01  2.226933e+01 
 4.670234e+00  3.550910e+00  7.996705e+00  1.198540e+01  2.170901e+01 
 4.735335e+00  3.477340e+00  7.802502e+00  1.168355e+01  2.115934e+01 
 4.801343e+00  3.405895e+00  7.613922e+00  1.139041e+01  2.062243e+01 
 4.868271e+00  3.333898e+00  7.426751e+00  1.110128e+01  2.009856e+01 
 4.936132e+00  3.263496e+00  7.242871e+00  1.081851e+01  1.958663e+01 
 5.004939e+00  3.193341e+00  7.063269e+00  1.054235e+01  1.908337e+01 
 5.074705e+00  3.123897e+00  6.887125e+00  1.027055e+01  1.859401e+01 
 5.145444e+00  3.056790e+00  6.714382e+00  1.000612e+01  1.811367e+01 
 5.217169e+00  2.989195e+00  6.544312e+00  9.746972e+00  1.764153e+01 
 5.289893e+00  2.924243e+00  6.379421e+00  9.496697e+00  1.718813e+01 
 5.363631e+00  2.858894e+00  6.217788e+00  9.249035e+00  1.674052e+01 
 5.438397e+00  2.795763e+00  6.059675e+00  9.009950e+00  1.630502e+01 
 5.514206e+00  2.733553e+00  5.906161e+00  8.776312e+00  1.588275e+01 
 5.591071e+00  2.671903e+00  5.756670e+00  8.549038e+00  1.547009e+01 
 5.669007e+00  2.612920e+00  5.611271e+00  8.328751e+00  1.507339e+01 
 5.748030e+00  2.554387e+00  5.469209e+00  8.113262e+00  1.468235e+01 
 5.828155e+00  2.497128e+00  5.331204e+00  7.905261e+00  1.430450e+01 
 5.909396e+00  2.441106e+00  5.196536e+00  7.702033e+00  1.393689e+01 
 5.991770e+00  2.386046e+00  5.065102e+00  7.503226e+00  1.357871e+01 
 6.075292e+00  2.332058e+00  4.937135e+00  7.310478e+00  1.322582e+01 
 6.159978e+00  2.278905e+00  4.810984e+00  7.120887e+00  1.288305e+01 
 6.245845e+00  2.226724e+00  4.687928e+00  6.935994e+00  1.254702e+01 
 6.332908e+00  2.175160e+00  4.566960e+00  6.754353e+00  1.221669e+01 
 6.421186e+00  2.124641e+00  4.449274e+00  6.576963e+00  1.189484e+01 
 6.510694e+00  2.074909e+00  4.334078e+00  6.404303e+00  1.158112e+01 
 6.601449e+00  2.026495e+00  4.221946e+00  6.235876e+00  1.127448e+01 
 6.693470e+00  1.978506e+00  4.112281e+00  6.071271e+00  1.097543e+01 
 6.786773e+00  1.931961e+00  4.005275e+00  5.910936e+00  1.068547e+01 
 6.881377e+00  1.886471e+00  3.901570e+00  5.755487e+00  1.040221e+01 
 6.977300e+00  1.841819e+00  3.800842e+00  5.605332e+00  1.012706e+01 
 7.074559e+00  1.798674e+00  3.702709e+00  5.458162e+00  9.859196e+00 
 7.173175e+00  1.756205e+00  3.607496e+00  5.315299e+00  9.599898e+00 
 7.273165e+00  1.715064e+00  3.514878e+00  5.177008e+00  9.347653e+00 
 7.374549e+00  1.674575e+00  3.424494e+00  5.042217e+00  9.102839e+00 
 7.477346e+00  1.635062e+00  3.336776e+00  4.911520e+00  8.863182e+00 
 7.581576e+00  1.596572e+00  3.250844e+00  4.783193e+00  8.629654e+00 
 7.687260e+00  1.558615e+00  3.167205e+00  4.658154e+00  8.401781e+00 
 7.794416e+00  1.521433e+00  3.085459e+00  4.535438e+00  8.178101e+00 
 7.903066e+00  1.485066e+00  3.004852e+00  4.415370e+00  7.959065e+00 
 8.013230e+00  1.449387e+00  2.926870e+00  4.299008e+00  7.746135e+00 
 8.124930e+00  1.414387e+00  2.850565e+00  4.185156e+00  7.538024e+00 
 8.238187e+00  1.380404e+00  2.776196e+00  4.074090e+00  7.335023e+00 
 8.353023e+00  1.347020e+00  2.703748e+00  3.965941e+00  7.137469e+00 
 8.469460e+00  1.314733e+00  2.633412e+00  3.861127e+00  6.945634e+00 
 8.587519e+00  1.282954e+00  2.564865e+00  3.758835e+00  6.758881e+00 
 8.707225e+00  1.252140e+00  2.498299e+00  3.659855e+00  6.577721e+00 
 8.828599e+00  1.222190e+00  2.433884e+00  3.563823e+00  6.401694e+00 
 8.951665e+00  1.192913e+00  2.371404e+00  3.470319e+00  6.231387e+00 
 9.076446e+00  1.164610e+00  2.310541e+00  3.379798e+00  6.065783e+00 
 9.202967e+00  1.136958e+00  2.251449e+00  3.291973e+00  5.904646e+00 
 9.331251e+00  1.109978e+00  2.193938e+00  3.206173e+00  5.748064e+00 
 9.461324e+00  0.000000e+00  0.000000e+00  0.000000e+00  0.000000e+00 
 9.593209e+00  0.000000e+00  0.000000e+00  0.000000e+00  0.000000e+00 
 9.726934e+00  0.000000e+00  0.000000e+00  0.000000e+00  0.000000e+00 
 9.862522e+00  0.000000e+00  0.000000e+00  0.000000e+00  0.000000e+00 
 1.000000e+01  0.000000e+00  0.000000e+00  0.000000e+00  0.000000e+00 
