 1.000000e-02  5.560993e+03  1.018354e+04  1.383388e+04  2.075973e+04 
 1.013939e-02  5.589556e+03  1.023605e+04  1.390523e+04  2.086665e+04 
 1.028073e-02  5.617662e+03  1.028771e+04  1.397542e+04  2.097179e+04 
 1.042404e-02  5.645277e+03  1.033846e+04  1.404438e+04  2.107508e+04 
 1.056935e-02  5.672397e+03  1.038829e+04  1.411207e+04  2.117648e+04 
 1.071668e-02  5.698996e+03  1.043716e+04  1.417846e+04  2.127587e+04 
 1.086606e-02  5.725060e+03  1.048503e+04  1.424348e+04  2.137320e+04 
 1.101753e-02  5.750563e+03  1.053187e+04  1.430708e+04  2.146842e+04 
 1.117111e-02  5.775482e+03  1.057762e+04  1.436923e+04  2.156140e+04 
 1.132683e-02  5.799807e+03  1.062229e+04  1.442985e+04  2.165213e+04 
 1.148472e-02  5.823504e+03  1.066579e+04  1.448890e+04  2.174047e+04 
 1.164481e-02  5.846566e+03  1.070810e+04  1.454635e+04  2.182638e+04 
 1.180713e-02  5.868967e+03  1.074919e+04  1.460211e+04  2.190976e+04 
 1.197171e-02  5.890672e+03  1.078902e+04  1.465615e+04  2.199055e+04 
 1.213859e-02  5.911683e+03  1.082755e+04  1.470842e+04  2.206863e+04 
 1.230780e-02  5.931966e+03  1.086473e+04  1.475886e+04  2.214398e+04 
 1.247936e-02  5.951498e+03  1.090054e+04  1.480743e+04  2.221652e+04 
 1.265332e-02  5.970272e+03  1.093494e+04  1.485406e+04  2.228613e+04 
 1.282970e-02  5.988256e+03  1.096787e+04  1.489872e+04  2.235274e+04 
 1.300854e-02  6.005430e+03  1.099933e+04  1.494136e+04  2.241634e+04 
 1.318987e-02  6.021783e+03  1.102926e+04  1.498191e+04  2.247678e+04 
 1.337373e-02  6.037291e+03  1.105763e+04  1.502033e+04  2.253404e+04 
 1.356015e-02  6.051930e+03  1.108441e+04  1.505659e+04  2.258801e+04 
 1.374917e-02  6.065683e+03  1.110954e+04  1.509060e+04  2.263863e+04 
 1.394083e-02  6.078518e+03  1.113301e+04  1.512234e+04  2.268580e+04 
 1.413516e-02  6.090423e+03  1.115476e+04  1.515174e+04  2.272947e+04 
 1.433219e-02  6.101372e+03  1.117472e+04  1.517871e+04  2.276949e+04 
 1.453198e-02  6.111343e+03  1.119289e+04  1.520326e+04  2.280582e+04 
 1.473454e-02  6.120311e+03  1.120921e+04  1.522527e+04  2.283837e+04 
 1.493993e-02  6.128255e+03  1.122365e+04  1.524473e+04  2.286706e+04 
 1.514819e-02  6.135190e+03  1.123626e+04  1.526167e+04  2.289204e+04 
 1.535935e-02  6.141075e+03  1.124694e+04  1.527604e+04  2.291310e+04 
 1.557345e-02  6.145881e+03  1.125564e+04  1.528768e+04  2.293010e+04 
 1.579053e-02  6.149586e+03  1.126231e+04  1.529657e+04  2.294293e+04 
 1.601064e-02  6.152170e+03  1.126690e+04  1.530265e+04  2.295154e+04 
 1.623382e-02  6.153626e+03  1.126944e+04  1.530591e+04  2.295593e+04 
 1.646012e-02  6.153925e+03  1.126985e+04  1.530630e+04  2.295597e+04 
 1.668956e-02  6.153068e+03  1.126813e+04  1.530376e+04  2.295166e+04 
 1.692220e-02  6.151023e+03  1.126422e+04  1.529826e+04  2.294289e+04 
 1.715809e-02  6.147785e+03  1.125812e+04  1.528978e+04  2.292961e+04 
 1.739726e-02  6.143334e+03  1.124980e+04  1.527827e+04  2.291180e+04 
 1.763977e-02  6.137653e+03  1.123920e+04  1.526369e+04  2.288936e+04 
 1.788566e-02  6.130713e+03  1.122630e+04  1.524596e+04  2.286220e+04 
 1.813498e-02  6.122510e+03  1.121108e+04  1.522505e+04  2.283030e+04 
 1.838777e-02  6.113023e+03  1.119350e+04  1.520096e+04  2.279359e+04 
 1.864409e-02  6.102245e+03  1.117355e+04  1.517365e+04  2.275204e+04 
 1.890397e-02  6.090159e+03  1.115120e+04  1.514307e+04  2.270557e+04 
 1.916748e-02  6.076757e+03  1.112642e+04  1.510918e+04  2.265417e+04 
 1.943467e-02  6.062026e+03  1.109921e+04  1.507199e+04  2.259781e+04 
 1.970558e-02  6.045970e+03  1.106958e+04  1.503149e+04  2.253646e+04 
 1.998026e-02  6.028583e+03  1.103747e+04  1.498766e+04  2.247013e+04 
 2.025878e-02  6.009854e+03  1.100293e+04  1.494049e+04  2.239877e+04 
 2.054117e-02  5.989781e+03  1.096592e+04  1.488996e+04  2.232242e+04 
 2.082751e-02  5.968380e+03  1.092645e+04  1.483614e+04  2.224106e+04 
 2.111783e-02  5.945650e+03  1.088456e+04  1.477899e+04  2.215475e+04 
 2.141220e-02  5.921692e+03  1.084037e+04  1.471868e+04  2.206356e+04 
 2.171068e-02  5.896957e+03  1.079451e+04  1.465585e+04  2.196800e+04 
 2.201331e-02  5.870896e+03  1.074624e+04  1.458974e+04  2.186748e+04 
 2.232016e-02  5.843508e+03  1.069550e+04  1.452031e+04  2.176199e+04 
 2.263130e-02  5.814795e+03  1.064236e+04  1.444758e+04  2.165154e+04 
 2.294676e-02  5.784765e+03  1.058678e+04  1.437155e+04  2.153613e+04 
 2.326663e-02  5.753417e+03  1.052880e+04  1.429225e+04  2.141583e+04 
 2.359095e-02  5.720768e+03  1.046843e+04  1.420971e+04  2.129070e+04 
 2.391980e-02  5.686830e+03  1.040568e+04  1.412395e+04  2.116073e+04 
 2.425323e-02  5.651610e+03  1.034061e+04  1.403503e+04  2.102599e+04 
 2.459130e-02  5.615135e+03  1.027324e+04  1.394296e+04  2.088657e+04 
 2.493409e-02  5.577444e+03  1.020362e+04  1.384786e+04  2.074260e+04 
 2.528166e-02  5.538538e+03  1.013179e+04  1.374977e+04  2.059417e+04 
 2.563407e-02  5.498475e+03  1.005784e+04  1.364879e+04  2.044138e+04 
 2.599140e-02  5.457273e+03  9.981799e+03  1.354499e+04  2.028441e+04 
 2.635371e-02  5.414989e+03  9.903775e+03  1.343850e+04  2.012338e+04 
 2.672106e-02  5.371664e+03  9.823859e+03  1.332942e+04  1.995850e+04 
 2.709354e-02  5.327326e+03  9.742089e+03  1.321786e+04  1.978990e+04 
 2.747121e-02  5.282013e+03  9.658548e+03  1.310386e+04  1.961765e+04 
 2.785414e-02  5.235675e+03  9.573142e+03  1.298737e+04  1.944173e+04 
 2.824241e-02  5.188067e+03  9.485532e+03  1.286801e+04  1.926177e+04 
 2.863610e-02  5.139573e+03  9.396298e+03  1.274643e+04  1.907853e+04 
 2.903527e-02  5.090224e+03  9.305511e+03  1.262276e+04  1.889214e+04 
 2.944000e-02  5.040064e+03  9.213235e+03  1.249708e+04  1.870275e+04 
 2.985038e-02  4.989135e+03  9.119575e+03  1.236951e+04  1.851053e+04 
 3.026648e-02  4.937499e+03  9.024608e+03  1.224018e+04  1.831572e+04 
 3.068838e-02  4.885205e+03  8.928452e+03  1.210923e+04  1.811849e+04 
 3.111616e-02  4.832316e+03  8.831214e+03  1.197682e+04  1.791907e+04 
 3.154990e-02  4.778904e+03  8.733012e+03  1.184312e+04  1.771774e+04 
 3.198969e-02  4.725041e+03  8.634000e+03  1.170834e+04  1.751477e+04 
 3.243561e-02  4.670802e+03  8.534316e+03  1.157262e+04  1.731046e+04 
 3.288774e-02  4.616289e+03  8.434123e+03  1.143622e+04  1.710512e+04 
 3.334618e-02  4.561589e+03  8.333586e+03  1.129938e+04  1.689910e+04 
 3.381101e-02  4.506783e+03  8.232874e+03  1.116229e+04  1.669274e+04 
 3.428231e-02  4.451941e+03  8.132093e+03  1.102511e+04  1.648624e+04 
 3.476019e-02  4.396989e+03  8.031434e+03  1.088845e+04  1.628160e+04 
 3.524473e-02  4.342087e+03  7.930860e+03  1.075193e+04  1.607716e+04 
 3.573602e-02  4.287271e+03  7.830461e+03  1.061563e+04  1.587306e+04 
 3.623416e-02  4.232600e+03  7.730325e+03  1.047969e+04  1.566952e+04 
 3.673925e-02  4.178126e+03  7.630547e+03  1.034423e+04  1.546668e+04 
 3.725137e-02  4.123908e+03  7.531240e+03  1.020943e+04  1.526482e+04 
 3.777064e-02  4.070005e+03  7.432519e+03  1.007541e+04  1.506414e+04 
 3.829714e-02  4.016479e+03  7.334484e+03  9.942340e+03  1.486485e+04 
 3.883098e-02  3.963405e+03  7.237279e+03  9.810382e+03  1.466725e+04 
 3.937226e-02  3.910850e+03  7.141025e+03  9.679715e+03  1.447157e+04 
 3.992109e-02  3.858887e+03  7.045857e+03  9.550533e+03  1.427808e+04 
 4.047757e-02  3.807586e+03  6.951870e+03  9.422902e+03  1.408685e+04 
 4.104181e-02  3.756833e+03  6.858301e+03  9.295201e+03  1.389365e+04 
 4.161391e-02  3.706934e+03  6.766300e+03  9.169631e+03  1.370364e+04 
 4.219398e-02  3.657946e+03  6.675969e+03  9.046337e+03  1.351705e+04 
 4.278214e-02  3.609908e+03  6.587381e+03  8.925404e+03  1.333403e+04 
 4.337850e-02  3.562834e+03  6.500575e+03  8.806894e+03  1.315462e+04 
 4.398317e-02  3.516758e+03  6.415587e+03  8.690860e+03  1.297894e+04 
 4.459628e-02  3.471693e+03  6.332469e+03  8.577359e+03  1.280706e+04 
 4.521792e-02  3.427661e+03  6.251241e+03  8.466440e+03  1.263903e+04 
 4.584824e-02  3.384684e+03  6.171949e+03  8.358143e+03  1.247496e+04 
 4.648734e-02  3.342781e+03  6.094616e+03  8.252514e+03  1.231488e+04 
 4.713535e-02  3.302140e+03  6.020387e+03  8.151916e+03  1.216460e+04 
 4.779239e-02  3.262701e+03  5.948824e+03  8.055420e+03  1.202180e+04 
 4.845859e-02  3.224374e+03  5.879280e+03  7.961661e+03  1.188306e+04 
 4.913407e-02  3.187158e+03  5.811765e+03  7.870634e+03  1.174838e+04 
 4.981898e-02  3.151036e+03  5.746233e+03  7.782297e+03  1.161769e+04 
 5.051342e-02  3.115982e+03  5.682642e+03  7.696582e+03  1.149092e+04 
 5.121755e-02  3.081963e+03  5.620948e+03  7.613430e+03  1.136794e+04 
 5.193150e-02  3.048949e+03  5.561079e+03  7.532746e+03  1.124865e+04 
 5.265540e-02  3.016899e+03  5.502970e+03  7.454432e+03  1.113287e+04 
 5.338938e-02  2.985522e+03  5.445622e+03  7.376674e+03  1.101663e+04 
 5.413360e-02  2.954714e+03  5.388769e+03  7.299008e+03  1.089897e+04 
 5.488820e-02  2.924707e+03  5.333380e+03  7.223334e+03  1.078430e+04 
 5.565331e-02  2.895438e+03  5.279335e+03  7.149480e+03  1.067237e+04 
 5.642908e-02  2.866821e+03  5.226487e+03  7.077257e+03  1.056289e+04 
 5.721568e-02  2.838758e+03  5.174658e+03  7.006408e+03  1.045544e+04 
 5.801323e-02  2.811142e+03  5.123641e+03  6.936669e+03  1.034969e+04 
 5.882190e-02  2.783903e+03  5.073329e+03  6.867903e+03  1.024541e+04 
 5.964185e-02  2.757172e+03  5.024302e+03  6.801253e+03  1.014533e+04 
 6.047322e-02  2.731138e+03  4.977495e+03  6.738588e+03  1.005395e+04 
 6.131619e-02  2.705164e+03  4.930794e+03  6.676075e+03  9.962762e+03 
 6.217090e-02  2.679060e+03  4.883841e+03  6.613194e+03  9.870993e+03 
 6.303753e-02  2.652789e+03  4.836549e+03  6.549845e+03  9.778423e+03 
 6.391624e-02  2.626193e+03  4.788659e+03  6.485659e+03  9.684579e+03 
 6.480720e-02  2.599195e+03  4.740026e+03  6.420470e+03  9.589223e+03 
 6.571058e-02  2.571661e+03  4.690414e+03  6.353955e+03  9.491892e+03 
 6.662655e-02  2.542281e+03  4.635503e+03  6.278188e+03  9.374970e+03 
 6.755528e-02  2.512125e+03  4.579123e+03  6.200392e+03  9.254877e+03 
 6.849697e-02  2.481136e+03  4.521231e+03  6.120561e+03  9.131788e+03 
 6.945178e-02  2.449237e+03  4.461696e+03  6.038524e+03  9.005435e+03 
 7.041990e-02  2.416347e+03  4.400377e+03  5.954088e+03  8.875562e+03 
 7.140151e-02  2.382411e+03  4.337159e+03  5.867096e+03  8.741945e+03 
 7.239681e-02  2.347638e+03  4.272693e+03  5.778771e+03  8.607463e+03 
 7.340598e-02  2.312041e+03  4.207058e+03  5.689271e+03  8.472582e+03 
 7.442922e-02  2.275300e+03  4.139349e+03  5.596972e+03  8.333566e+03 
 7.546673e-02  2.237413e+03  4.069568e+03  5.501887e+03  8.190422e+03 
 7.651869e-02  2.198410e+03  3.997770e+03  5.404089e+03  8.043275e+03 
 7.758532e-02  2.158337e+03  3.924037e+03  5.303698e+03  7.892294e+03 
 7.866682e-02  2.118105e+03  3.851187e+03  5.205655e+03  7.747756e+03 
 7.976339e-02  2.078327e+03  3.781038e+03  5.113130e+03  7.616109e+03 
 8.087525e-02  2.037674e+03  3.709233e+03  5.018303e+03  7.480875e+03 
 8.200261e-02  1.996263e+03  3.635984e+03  4.921457e+03  7.342463e+03 
 8.314568e-02  1.954246e+03  3.561554e+03  4.822949e+03  7.201373e+03 
 8.430468e-02  1.911771e+03  3.486227e+03  4.723145e+03  7.058168e+03 
 8.547985e-02  1.868194e+03  3.407579e+03  4.617594e+03  6.903332e+03 
 8.667139e-02  1.824160e+03  3.327488e+03  4.509502e+03  6.743262e+03 
 8.787954e-02  1.780264e+03  3.247639e+03  4.401721e+03  6.583589e+03 
 8.910453e-02  1.736704e+03  3.168387e+03  4.294731e+03  6.425042e+03 
 9.034660e-02  1.693685e+03  3.090115e+03  4.189057e+03  6.268395e+03 
 9.160598e-02  1.652104e+03  3.015414e+03  4.089077e+03  6.122272e+03 
 9.288292e-02  1.612075e+03  2.944375e+03  3.994817e+03  5.986442e+03 
 9.417766e-02  1.573120e+03  2.875226e+03  3.903041e+03  5.854114e+03 
 9.549045e-02  1.535416e+03  2.808283e+03  3.814179e+03  5.725958e+03 
 9.682153e-02  1.499126e+03  2.743859e+03  3.728659e+03  5.602610e+03 
 9.817117e-02  1.464708e+03  2.683247e+03  3.648671e+03  5.488400e+03 
 9.953962e-02  1.432069e+03  2.625984e+03  3.573309e+03  5.381308e+03 
 1.009272e-01  1.401190e+03  2.571867e+03  3.502136e+03  5.280281e+03 
 1.023340e-01  1.372136e+03  2.521020e+03  3.435329e+03  5.185630e+03 
 1.037605e-01  1.344310e+03  2.471590e+03  3.369679e+03  5.090931e+03 
 1.052069e-01  1.315963e+03  2.418273e+03  3.296073e+03  4.978159e+03 
 1.066734e-01  1.289548e+03  2.368546e+03  3.227373e+03  4.872829e+03 
 1.081604e-01  1.265005e+03  2.322291e+03  3.163426e+03  4.774694e+03 
 1.096681e-01  1.242233e+03  2.279324e+03  3.103977e+03  4.683379e+03 
 1.111968e-01  1.221416e+03  2.240355e+03  3.050165e+03  4.600450e+03 
 1.127468e-01  1.202092e+03  2.204163e+03  3.000153e+03  4.523265e+03 
 1.143184e-01  1.184060e+03  2.170361e+03  2.953407e+03  4.451033e+03 
 1.159120e-01  1.167118e+03  2.138578e+03  2.909413e+03  4.382980e+03 
 1.175277e-01  1.151906e+03  2.110896e+03  2.871776e+03  4.326034e+03 
 1.191660e-01  1.137363e+03  2.084524e+03  2.835985e+03  4.272012e+03 
 1.208271e-01  1.123154e+03  2.058768e+03  2.801026e+03  4.219251e+03 
 1.225114e-01  1.108977e+03  2.033037e+03  2.766107e+03  4.166622e+03 
 1.242191e-01  1.094215e+03  2.005984e+03  2.729371e+03  4.111847e+03 
 1.259506e-01  1.079028e+03  1.978155e+03  2.691578e+03  4.055492e+03 
 1.277063e-01  1.063175e+03  1.949102e+03  2.652124e+03  3.996648e+03 
 1.294865e-01  1.046785e+03  1.919211e+03  2.611530e+03  3.935698e+03 
 1.312915e-01  1.029735e+03  1.888277e+03  2.569510e+03  3.872158e+03 
 1.331216e-01  1.011537e+03  1.855228e+03  2.524615e+03  3.804311e+03 
 1.349772e-01  9.921883e+02  1.820097e+03  2.476937e+03  3.732439e+03 
 1.368587e-01  9.727830e+02  1.786771e+03  2.433898e+03  3.673874e+03 
 1.387665e-01  9.521843e+02  1.751173e+03  2.387700e+03  3.610361e+03 
 1.407008e-01  9.305255e+02  1.713541e+03  2.338644e+03  3.542339e+03 
 1.426621e-01  9.087929e+02  1.676015e+03  2.289533e+03  3.472710e+03 
 1.446507e-01  8.865803e+02  1.637596e+03  2.239076e+03  3.400433e+03 
 1.466671e-01  8.638777e+02  1.598146e+03  2.187120e+03  3.325702e+03 
 1.487115e-01  8.389696e+02  1.552755e+03  2.125808e+03  3.234968e+03 
 1.507845e-01  8.128795e+02  1.503953e+03  2.059009e+03  3.134683e+03 
 1.528864e-01  7.873147e+02  1.456131e+03  1.993545e+03  3.036350e+03 
 1.550175e-01  7.644449e+02  1.415293e+03  1.939187e+03  2.957853e+03 
 1.571784e-01  7.438892e+02  1.380055e+03  1.893509e+03  2.894470e+03 
 1.593694e-01  7.244691e+02  1.346772e+03  1.850378e+03  2.834649e+03 
 1.615909e-01  7.069101e+02  1.317198e+03  1.812393e+03  2.782496e+03 
 1.638434e-01  6.910259e+02  1.290773e+03  1.778700e+03  2.736680e+03 
 1.661273e-01  6.766431e+02  1.267013e+03  1.748555e+03  2.696048e+03 
 1.684430e-01  6.606105e+02  1.237466e+03  1.708660e+03  2.637800e+03 
 1.707910e-01  6.457455e+02  1.209764e+03  1.671070e+03  2.582688e+03 
 1.731717e-01  6.328189e+02  1.186045e+03  1.639118e+03  2.536169e+03 
 1.755856e-01  6.231506e+02  1.169888e+03  1.618269e+03  2.506643e+03 
 1.780332e-01  6.144647e+02  1.155541e+03  1.599892e+03  2.480887e+03 
 1.805149e-01  6.046989e+02  1.136964e+03  1.573803e+03  2.439557e+03 
 1.830312e-01  5.943221e+02  1.115947e+03  1.543251e+03  2.389191e+03 
 1.855825e-01  5.842049e+02  1.095702e+03  1.514096e+03  2.341757e+03 
 1.881694e-01  5.744608e+02  1.077716e+03  1.489879e+03  2.306306e+03 
 1.907924e-01  5.643442e+02  1.059029e+03  1.464689e+03  2.269325e+03 
 1.934520e-01  5.531007e+02  1.037999e+03  1.436312e+03  2.228456e+03 
 1.961486e-01  5.409100e+02  1.015134e+03  1.405423e+03  2.184030e+03 
 1.988828e-01  5.290938e+02  9.937147e+02  1.376772e+03  2.142713e+03 
 2.016551e-01  5.181893e+02  9.750490e+02  1.352264e+03  2.107296e+03 
 2.044661e-01  5.063140e+02  9.542694e+02  1.324610e+03  2.066653e+03 
 2.073162e-01  4.928981e+02  9.291021e+02  1.289722e+03  2.012986e+03 
 2.102061e-01  4.790927e+02  9.031821e+02  1.253783e+03  1.957644e+03 
 2.131362e-01  4.689876e+02  8.885128e+02  1.236473e+03  1.935269e+03 
 2.161073e-01  4.590912e+02  8.742639e+02  1.219769e+03  1.913831e+03 
 2.191197e-01  4.465064e+02  8.526502e+02  1.192003e+03  1.876639e+03 
 2.221741e-01  4.338355e+02  8.302764e+02  1.162902e+03  1.837445e+03 
 2.252711e-01  4.225244e+02  8.109901e+02  1.138362e+03  1.804954e+03 
 2.284112e-01  4.123126e+02  7.938900e+02  1.116884e+03  1.776946e+03 
 2.315951e-01  4.034486e+02  7.783858e+02  1.096099e+03  1.745465e+03 
 2.348235e-01  3.957016e+02  7.646629e+02  1.077267e+03  1.715491e+03 
 2.380968e-01  3.867749e+02  7.473679e+02  1.053068e+03  1.678376e+03 
 2.414157e-01  3.781015e+02  7.302388e+02  1.029015e+03  1.641809e+03 
 2.447809e-01  3.695222e+02  7.137102e+02  1.006268e+03  1.607282e+03 
 2.481930e-01  3.613819e+02  6.981253e+02  9.848969e+02  1.574868e+03 
 2.516527e-01  3.565763e+02  6.901552e+02  9.742100e+02  1.558325e+03 
 2.551606e-01  3.506989e+02  6.796846e+02  9.599702e+02  1.536711e+03 
 2.587174e-01  3.415859e+02  6.616390e+02  9.349731e+02  1.499854e+03 
 2.623238e-01  3.338390e+02  6.473589e+02  9.156991e+02  1.471884e+03 
 2.659804e-01  3.275528e+02  6.371080e+02  9.025456e+02  1.453408e+03 
 2.696881e-01  3.191411e+02  6.218115e+02  8.819404e+02  1.422416e+03 
 2.734474e-01  3.100073e+02  6.048728e+02  8.589476e+02  1.387514e+03 
 2.772591e-01  3.030753e+02  5.936065e+02  8.450032e+02  1.369792e+03 
 2.811239e-01  2.957223e+02  5.809485e+02  8.289764e+02  1.349843e+03 
 2.850426e-01  2.880001e+02  5.668337e+02  8.107760e+02  1.328041e+03 
 2.890160e-01  2.810555e+02  5.551557e+02  7.957900e+02  1.306676e+03 
 2.930447e-01  2.746323e+02  5.441354e+02  7.810238e+02  1.283557e+03 
 2.971296e-01  2.685977e+02  5.322450e+02  7.631192e+02  1.252524e+03 
 3.012714e-01  2.631968e+02  5.229498e+02  7.508011e+02  1.234242e+03 
 3.054710e-01  2.579453e+02  5.142628e+02  7.400190e+02  1.220078e+03 
 3.097291e-01  2.516608e+02  5.027452e+02  7.249478e+02  1.199692e+03 
 3.140465e-01  2.459732e+02  4.912860e+02  7.083915e+02  1.172320e+03 
 3.184242e-01  2.409250e+02  4.812242e+02  6.938010e+02  1.148013e+03 
 3.228628e-01  2.369127e+02  4.746043e+02  6.855238e+02  1.137949e+03 
 3.273634e-01  2.311504e+02  4.630523e+02  6.689082e+02  1.111266e+03 
 3.319266e-01  2.251399e+02  4.514542e+02  6.528924e+02  1.087172e+03 
 3.365535e-01  2.193857e+02  4.412715e+02  6.398365e+02  1.069829e+03 
 3.412449e-01  2.153876e+02  4.359142e+02  6.333620e+02  1.059286e+03 
 3.460016e-01  2.109715e+02  4.287048e+02  6.240374e+02  1.046042e+03 
 3.508247e-01  2.066240e+02  4.209575e+02  6.136836e+02  1.030903e+03 
 3.557150e-01  2.024193e+02  4.131542e+02  6.030982e+02  1.014729e+03 
 3.606735e-01  1.976252e+02  4.046316e+02  5.919037e+02  9.989044e+02 
 3.657011e-01  1.919200e+02  3.938832e+02  5.772610e+02  9.786555e+02 
 3.707988e-01  1.873749e+02  3.852061e+02  5.654390e+02  9.611005e+02 
 3.759675e-01  1.832563e+02  3.773558e+02  5.546736e+02  9.450038e+02 
 3.812083e-01  1.790302e+02  3.697135e+02  5.443281e+02  9.299106e+02 
 3.865221e-01  1.754503e+02  3.643975e+02  5.379937e+02  9.190392e+02 
 3.919100e-01  1.717749e+02  3.558826e+02  5.251136e+02  9.015405e+02 
 3.973730e-01  1.676046e+02  3.489864e+02  5.164525e+02  8.877042e+02 
 4.029122e-01  1.642636e+02  3.436934e+02  5.090473e+02  8.739930e+02 
 4.085286e-01  1.608635e+02  3.364206e+02  4.986516e+02  8.590803e+02 
 4.142232e-01  1.567559e+02  3.281077e+02  4.877039e+02  8.454988e+02 
 4.199973e-01  1.527764e+02  3.212765e+02  4.790277e+02  8.327008e+02 
 4.258518e-01  1.496005e+02  3.153559e+02  4.705644e+02  8.179342e+02 
 4.317880e-01  1.462359e+02  3.087400e+02  4.608021e+02  8.030307e+02 
 4.378069e-01  1.433038e+02  3.029456e+02  4.525532e+02  7.893437e+02 
 4.439097e-01  1.408666e+02  2.991556e+02  4.480185e+02  7.852288e+02 
 4.500975e-01  1.370402e+02  2.920463e+02  4.382672e+02  7.707437e+02 
 4.563716e-01  1.338016e+02  2.854065e+02  4.285943e+02  7.533846e+02 
 4.627332e-01  1.317205e+02  2.825148e+02  4.254913e+02  7.504187e+02 
 4.691835e-01  1.283383e+02  2.757919e+02  4.157641e+02  7.339564e+02 
 4.757236e-01  1.258729e+02  2.710047e+02  4.092505e+02  7.240475e+02 
 4.823549e-01  1.225448e+02  2.642094e+02  3.997349e+02  7.113157e+02 
 4.890787e-01  1.199113e+02  2.591030e+02  3.927727e+02  7.002710e+02 
 4.958962e-01  1.179211e+02  2.552166e+02  3.867183e+02  6.891108e+02 
 5.028087e-01  1.152738e+02  2.506174e+02  3.804939e+02  6.800203e+02 
 5.098176e-01  1.131136e+02  2.466408e+02  3.746640e+02  6.684896e+02 
 5.169242e-01  1.111313e+02  2.428999e+02  3.696608e+02  6.617313e+02 
 5.241298e-01  1.074968e+02  2.367196e+02  3.620512e+02  6.523512e+02 
 5.314359e-01  1.055823e+02  2.337033e+02  3.578829e+02  6.456410e+02 
 5.388438e-01  1.033427e+02  2.286824e+02  3.503937e+02  6.342713e+02 
 5.463550e-01  1.014707e+02  2.249744e+02  3.448436e+02  6.250447e+02 
 5.539709e-01  9.874670e+01  2.202108e+02  3.387307e+02  6.154055e+02 
 5.616930e-01  9.696805e+01  2.167360e+02  3.337951e+02  6.078788e+02 
 5.695227e-01  9.502517e+01  2.135714e+02  3.298170e+02  5.993748e+02 
 5.774615e-01  9.284308e+01  2.085588e+02  3.224277e+02  5.888694e+02 
 5.855110e-01  9.115254e+01  2.053738e+02  3.174845e+02  5.805815e+02 
 5.936727e-01  8.902322e+01  2.004969e+02  3.107850e+02  5.705094e+02 
 6.019482e-01  8.749705e+01  1.981282e+02  3.069028e+02  5.633698e+02 
 6.103390e-01  8.539870e+01  1.945347e+02  3.021656e+02  5.548688e+02 
 6.188468e-01  8.346424e+01  1.913630e+02  2.993187e+02  5.526402e+02 
 6.274732e-01  8.205951e+01  1.877680e+02  2.931807e+02  5.427273e+02 
 6.362198e-01  8.039122e+01  1.848169e+02  2.887648e+02  5.341657e+02 
 6.450884e-01  7.848705e+01  1.814142e+02  2.840631e+02  5.259935e+02 
 6.540806e-01  7.683479e+01  1.774963e+02  2.781598e+02  5.175507e+02 
 6.631981e-01  7.512245e+01  1.748493e+02  2.752541e+02  5.121997e+02 
 6.724427e-01  7.367582e+01  1.717216e+02  2.709234e+02  5.069019e+02 
 6.818162e-01  7.207429e+01  1.685680e+02  2.653804e+02  4.967707e+02 
 6.913204e-01  7.051388e+01  1.654514e+02  2.613544e+02  4.898514e+02 
 7.009570e-01  6.948656e+01  1.629344e+02  2.576633e+02  4.833657e+02 
 7.107280e-01  6.768792e+01  1.601062e+02  2.536562e+02  4.756306e+02 
 7.206351e-01  6.661761e+01  1.576069e+02  2.503079e+02  4.715121e+02 
 7.306804e-01  6.524235e+01  1.551225e+02  2.462121e+02  4.630265e+02 
 7.408657e-01  6.377343e+01  1.520083e+02  2.417444e+02  4.568245e+02 
 7.511929e-01  6.239418e+01  1.491879e+02  2.380806e+02  4.504246e+02 
 7.616642e-01  6.115676e+01  1.464556e+02  2.342284e+02  4.445405e+02 
 7.722814e-01  6.032056e+01  1.448571e+02  2.314335e+02  4.378898e+02 
 7.830465e-01  5.902830e+01  1.420337e+02  2.274769e+02  4.319684e+02 
 7.939618e-01  5.790644e+01  1.400962e+02  2.244128e+02  4.275559e+02 
 8.050292e-01  5.660355e+01  1.374724e+02  2.212890e+02  4.217775e+02 
 8.162509e-01  5.560281e+01  1.353859e+02  2.174601e+02  4.142935e+02 
 8.276289e-01  5.423163e+01  1.326687e+02  2.139173e+02  4.088993e+02 
 8.391656e-01  5.353920e+01  1.310561e+02  2.109069e+02  4.043720e+02 
 8.508632e-01  5.253821e+01  1.287613e+02  2.079211e+02  3.987492e+02 
 8.627237e-01  5.136497e+01  1.266632e+02  2.047407e+02  3.923612e+02 
 8.747496e-01  5.040280e+01  1.244845e+02  2.016308e+02  3.870524e+02 
 8.869432e-01  4.950526e+01  1.226307e+02  1.987998e+02  3.819069e+02 
 8.993067e-01  4.849011e+01  1.206221e+02  1.957227e+02  3.763172e+02 
 9.118425e-01  4.770205e+01  1.185144e+02  1.923575e+02  3.695375e+02 
 9.245531e-01  4.664463e+01  1.164693e+02  1.892716e+02  3.653284e+02 
 9.374409e-01  4.573509e+01  1.146368e+02  1.867630e+02  3.602664e+02 
 9.505083e-01  4.495242e+01  1.127902e+02  1.839673e+02  3.550446e+02 
 9.637579e-01  4.397278e+01  1.105639e+02  1.806666e+02  3.498035e+02 
 9.771921e-01  4.338191e+01  1.098346e+02  1.788299e+02  3.449596e+02 
 9.908137e-01  4.252573e+01  1.077492e+02  1.759270e+02  3.404075e+02 
 1.004625e+00  4.168789e+01  1.057242e+02  1.728215e+02  3.345082e+02 
 1.018629e+00  4.097119e+01  1.042153e+02  1.703498e+02  3.295823e+02 
 1.032828e+00  4.017482e+01  1.025428e+02  1.680799e+02  3.260816e+02 
 1.047225e+00  3.938420e+01  1.010282e+02  1.653626e+02  3.203741e+02 
 1.061823e+00  3.875762e+01  9.962310e+01  1.630416e+02  3.156195e+02 
 1.076624e+00  3.801768e+01  9.799070e+01  1.605488e+02  3.107920e+02 
 1.091632e+00  3.734940e+01  9.639349e+01  1.581982e+02  3.059852e+02 
 1.106848e+00  3.661910e+01  9.469652e+01  1.557203e+02  3.017025e+02 
 1.122277e+00  3.595474e+01  9.331462e+01  1.531388e+02  2.966351e+02 
 1.137921e+00  3.528456e+01  9.169141e+01  1.507601e+02  2.921097e+02 
 1.153783e+00  3.469924e+01  9.022604e+01  1.484082e+02  2.878356e+02 
 1.169866e+00  3.405929e+01  8.883437e+01  1.460971e+02  2.836315e+02 
 1.186174e+00  3.341890e+01  8.749928e+01  1.438841e+02  2.789661e+02 
 1.202708e+00  3.286012e+01  8.609245e+01  1.416682e+02  2.745592e+02 
 1.219473e+00  3.228768e+01  8.478352e+01  1.395718e+02  2.699246e+02 
 1.236472e+00  3.169602e+01  8.346474e+01  1.374995e+02  2.658768e+02 
 1.253708e+00  3.115828e+01  8.208224e+01  1.351836e+02  2.618804e+02 
 1.271184e+00  3.062034e+01  8.110030e+01  1.334594e+02  2.575854e+02 
 1.288904e+00  3.008090e+01  7.952075e+01  1.310836e+02  2.538136e+02 
 1.306870e+00  2.952040e+01  7.826496e+01  1.290173e+02  2.494855e+02 
 1.325087e+00  2.905605e+01  7.708742e+01  1.270306e+02  2.451971e+02 
 1.343558e+00  2.855107e+01  7.583907e+01  1.249913e+02  2.411349e+02 
 1.362287e+00  2.808981e+01  7.458153e+01  1.228242e+02  2.371363e+02 
 1.381276e+00  2.759440e+01  7.340359e+01  1.206657e+02  2.331507e+02 
 1.400531e+00  2.713062e+01  7.223523e+01  1.187871e+02  2.288943e+02 
 1.420053e+00  2.663778e+01  7.099451e+01  1.168875e+02  2.249184e+02 
 1.439848e+00  2.619408e+01  6.990891e+01  1.148402e+02  2.211146e+02 
 1.459919e+00  2.570867e+01  6.873537e+01  1.129119e+02  2.170056e+02 
 1.480269e+00  2.532359e+01  6.750653e+01  1.109030e+02  2.128332e+02 
 1.500903e+00  2.487872e+01  6.642865e+01  1.089818e+02  2.094506e+02 
 1.521825e+00  2.444761e+01  6.542582e+01  1.072425e+02  2.055601e+02 
 1.543038e+00  2.401865e+01  6.432447e+01  1.054982e+02  2.020577e+02 
 1.564548e+00  2.364705e+01  6.326109e+01  1.036457e+02  1.982396e+02 
 1.586357e+00  2.325234e+01  6.228117e+01  1.018963e+02  1.945741e+02 
 1.608469e+00  2.284167e+01  6.127150e+01  1.001618e+02  1.912217e+02 
 1.630891e+00  2.252651e+01  6.014925e+01  9.824410e+01  1.873818e+02 
 1.653624e+00  2.211768e+01  5.913912e+01  9.663339e+01  1.841828e+02 
 1.676675e+00  2.174821e+01  5.824844e+01  9.498877e+01  1.805270e+02 
 1.700047e+00  2.137542e+01  5.725909e+01  9.326985e+01  1.771395e+02 
 1.723745e+00  2.102784e+01  5.625228e+01  9.156275e+01  1.734776e+02 
 1.747773e+00  2.065298e+01  5.525439e+01  8.985952e+01  1.700920e+02 
 1.772136e+00  2.031177e+01  5.429772e+01  8.817697e+01  1.668926e+02 
 1.796838e+00  1.997945e+01  5.334237e+01  8.656140e+01  1.635165e+02 
 1.821885e+00  1.966077e+01  5.239326e+01  8.490228e+01  1.602986e+02 
 1.847281e+00  1.932869e+01  5.155173e+01  8.339451e+01  1.570749e+02 
 1.873032e+00  1.900815e+01  5.058129e+01  8.169310e+01  1.539566e+02 
 1.899141e+00  1.868000e+01  4.964753e+01  8.018080e+01  1.508365e+02 
 1.925614e+00  1.838280e+01  4.879030e+01  7.867137e+01  1.476771e+02 
 1.952456e+00  1.812627e+01  4.796365e+01  7.718511e+01  1.446176e+02 
 1.979672e+00  1.778793e+01  4.713438e+01  7.572153e+01  1.416796e+02 
 2.007267e+00  1.751983e+01  4.626628e+01  7.416620e+01  1.388284e+02 
 2.035248e+00  1.720750e+01  4.539813e+01  7.269593e+01  1.358412e+02 
 2.063618e+00  1.692294e+01  4.454834e+01  7.127617e+01  1.329352e+02 
 2.092383e+00  1.664706e+01  4.372662e+01  6.982365e+01  1.301265e+02 
 2.121550e+00  1.635939e+01  4.288919e+01  6.841149e+01  1.272718e+02 
 2.151123e+00  1.609071e+01  4.208525e+01  6.698444e+01  1.244567e+02 
 2.181109e+00  1.581591e+01  4.126423e+01  6.562440e+01  1.217902e+02 
 2.211512e+00  1.554972e+01  4.044641e+01  6.421613e+01  1.189776e+02 
 2.242340e+00  1.529034e+01  3.969161e+01  6.289263e+01  1.163660e+02 
 2.273597e+00  1.501439e+01  3.890959e+01  6.150807e+01  1.137425e+02 
 2.305289e+00  1.477734e+01  3.814000e+01  6.023160e+01  1.112060e+02 
 2.337424e+00  1.452446e+01  3.737263e+01  5.892004e+01  1.087116e+02 
 2.370006e+00  1.427439e+01  3.663121e+01  5.768088e+01  1.063103e+02 
 2.403043e+00  1.402050e+01  3.590355e+01  5.640269e+01  1.038465e+02 
 2.436540e+00  1.379049e+01  3.519690e+01  5.519203e+01  1.014691e+02 
 2.470504e+00  1.355482e+01  3.449652e+01  5.397366e+01  9.912589e+01 
 2.504942e+00  1.332388e+01  3.381531e+01  5.281646e+01  9.687391e+01 
 2.539859e+00  1.310530e+01  3.311767e+01  5.163572e+01  9.460711e+01 
 2.575263e+00  1.286928e+01  3.242846e+01  5.053046e+01  9.244754e+01 
 2.611161e+00  1.265441e+01  3.175674e+01  4.936184e+01  9.028651e+01 
 2.647559e+00  1.243438e+01  3.108706e+01  4.822633e+01  8.811576e+01 
 2.684465e+00  1.221719e+01  3.045020e+01  4.712316e+01  8.601484e+01 
 2.721885e+00  1.199173e+01  2.977441e+01  4.604619e+01  8.395048e+01 
 2.759826e+00  1.177912e+01  2.912084e+01  4.496281e+01  8.192841e+01 
 2.798297e+00  1.156608e+01  2.850063e+01  4.392149e+01  7.999039e+01 
 2.837304e+00  1.135840e+01  2.787400e+01  4.289067e+01  7.803826e+01 
 2.876854e+00  1.115060e+01  2.725495e+01  4.187390e+01  7.614756e+01 
 2.916956e+00  1.094891e+01  2.666038e+01  4.088294e+01  7.426275e+01 
 2.957617e+00  1.075278e+01  2.607917e+01  3.992826e+01  7.246499e+01 
 2.998844e+00  1.055516e+01  2.550457e+01  3.897568e+01  7.068626e+01 
 3.040646e+00  1.036249e+01  2.493340e+01  3.804712e+01  6.900364e+01 
 3.083031e+00  1.017336e+01  2.437380e+01  3.714273e+01  6.732090e+01 
 3.126007e+00  9.991274e+00  2.383774e+01  3.625857e+01  6.566448e+01 
 3.169582e+00  9.805456e+00  2.328929e+01  3.537744e+01  6.406164e+01 
 3.213764e+00  9.623741e+00  2.276306e+01  3.452336e+01  6.248587e+01 
 3.258562e+00  9.440105e+00  2.224946e+01  3.368240e+01  6.093657e+01 
 3.303985e+00  9.260966e+00  2.172609e+01  3.285956e+01  5.942083e+01 
 3.350041e+00  9.085376e+00  2.121383e+01  3.203733e+01  5.792552e+01 
 3.396739e+00  8.906547e+00  2.071732e+01  3.125108e+01  5.645815e+01 
 3.444087e+00  8.735965e+00  2.021999e+01  3.045808e+01  5.502377e+01 
 3.492096e+00  8.565492e+00  1.974360e+01  2.970420e+01  5.364850e+01 
 3.540774e+00  8.393148e+00  1.927715e+01  2.896394e+01  5.228935e+01 
 3.590130e+00  8.228613e+00  1.881055e+01  2.822877e+01  5.097369e+01 
 3.640175e+00  8.067933e+00  1.836022e+01  2.752779e+01  4.967799e+01 
 3.690917e+00  7.904444e+00  1.792531e+01  2.682717e+01  4.842064e+01 
 3.742366e+00  7.746267e+00  1.748568e+01  2.615551e+01  4.721302e+01 
 3.794533e+00  7.593292e+00  1.707099e+01  2.550123e+01  4.601816e+01 
 3.847427e+00  7.440884e+00  1.665455e+01  2.486057e+01  4.486992e+01 
 3.901058e+00  7.287735e+00  1.625554e+01  2.423949e+01  4.373407e+01 
 3.955436e+00  7.143824e+00  1.585996e+01  2.361907e+01  4.262310e+01 
 4.010573e+00  6.994745e+00  1.547055e+01  2.302644e+01  4.155040e+01 
 4.066478e+00  6.849879e+00  1.508674e+01  2.243492e+01  4.048314e+01 
 4.123163e+00  6.705809e+00  1.471570e+01  2.185917e+01  3.944272e+01 
 4.180637e+00  6.565460e+00  1.435015e+01  2.129791e+01  3.842215e+01 
 4.238913e+00  6.425733e+00  1.398722e+01  2.074561e+01  3.743657e+01 
 4.298001e+00  6.285443e+00  1.363552e+01  2.020982e+01  3.646444e+01 
 4.357913e+00  6.153453e+00  1.329083e+01  1.968815e+01  3.552808e+01 
 4.418660e+00  6.019144e+00  1.295765e+01  1.917606e+01  3.461437e+01 
 4.480254e+00  5.887130e+00  1.262848e+01  1.867882e+01  3.371970e+01 
 4.542706e+00  5.759892e+00  1.230669e+01  1.819272e+01  3.284731e+01 
 4.606029e+00  5.633585e+00  1.199824e+01  1.772486e+01  3.200842e+01 
 4.670234e+00  5.509677e+00  1.169520e+01  1.727105e+01  3.119048e+01 
 4.735335e+00  5.388827e+00  1.140092e+01  1.682532e+01  3.038901e+01 
 4.801343e+00  5.272075e+00  1.111501e+01  1.639402e+01  2.960662e+01 
 4.868271e+00  5.155509e+00  1.083359e+01  1.597136e+01  2.884790e+01 
 4.936132e+00  5.040938e+00  1.055841e+01  1.555989e+01  2.810632e+01 
 5.004939e+00  4.927814e+00  1.029029e+01  1.515656e+01  2.737996e+01 
 5.074705e+00  4.815736e+00  1.002619e+01  1.476059e+01  2.667001e+01 
 5.145444e+00  4.706710e+00  9.768741e+00  1.437526e+01  2.597734e+01 
 5.217169e+00  4.598171e+00  9.515546e+00  1.399684e+01  2.529162e+01 
 5.289893e+00  4.493474e+00  9.270094e+00  1.363283e+01  2.463258e+01 
 5.363631e+00  4.388326e+00  9.029959e+00  1.327168e+01  2.398578e+01 
 5.438397e+00  4.286812e+00  8.794896e+00  1.292275e+01  2.335340e+01 
 5.514206e+00  4.186740e+00  8.566622e+00  1.258335e+01  2.274178e+01 
 5.591071e+00  4.087893e+00  8.345181e+00  1.225216e+01  2.214623e+01 
 5.669007e+00  3.993222e+00  8.128216e+00  1.193201e+01  2.156712e+01 
 5.748030e+00  3.899649e+00  7.918750e+00  1.161895e+01  2.100153e+01 
 5.828155e+00  3.808301e+00  7.714794e+00  1.131625e+01  2.045323e+01 
 5.909396e+00  3.719131e+00  7.515948e+00  1.102174e+01  1.992248e+01 
 5.991770e+00  3.631679e+00  7.322054e+00  1.073410e+01  1.940377e+01 
 6.075292e+00  3.546612e+00  7.134510e+00  1.045541e+01  1.889784e+01 
 6.159978e+00  3.462868e+00  6.950711e+00  1.018327e+01  1.840515e+01 
 6.245845e+00  3.380601e+00  6.771027e+00  9.916871e+00  1.792144e+01 
 6.332908e+00  3.299508e+00  6.594199e+00  9.655331e+00  1.744727e+01 
 6.421186e+00  3.220564e+00  6.422362e+00  9.399768e+00  1.698406e+01 
 6.510694e+00  3.142501e+00  6.254142e+00  9.151290e+00  1.653245e+01 
 6.601449e+00  3.066718e+00  6.090590e+00  8.908731e+00  1.609214e+01 
 6.693470e+00  2.991970e+00  5.930197e+00  8.671256e+00  1.566195e+01 
 6.786773e+00  2.919042e+00  5.774809e+00  8.440631e+00  1.524362e+01 
 6.881377e+00  2.848242e+00  5.623468e+00  8.216569e+00  1.483495e+01 
 6.977300e+00  2.778920e+00  5.476593e+00  7.999550e+00  1.443925e+01 
 7.074559e+00  2.711605e+00  5.333251e+00  7.787171e+00  1.405366e+01 
 7.173175e+00  2.645587e+00  5.194578e+00  7.581761e+00  1.367996e+01 
 7.273165e+00  2.581632e+00  5.059891e+00  7.382927e+00  1.331632e+01 
 7.374549e+00  2.519161e+00  4.928571e+00  7.188330e+00  1.296366e+01 
 7.477346e+00  2.458148e+00  4.801623e+00  7.000807e+00  1.262009e+01 
 7.581576e+00  2.399053e+00  4.677138e+00  6.817026e+00  1.228553e+01 
 7.687260e+00  2.340987e+00  4.556363e+00  6.638117e+00  1.195986e+01 
 7.794416e+00  2.284153e+00  4.438070e+00  6.462458e+00  1.164028e+01 
 7.903066e+00  2.228458e+00  4.322060e+00  6.290740e+00  1.132689e+01 
 8.013230e+00  2.173912e+00  4.209389e+00  6.124461e+00  1.102188e+01 
 8.124930e+00  2.120484e+00  4.099193e+00  5.961283e+00  1.072350e+01 
 8.238187e+00  2.068509e+00  3.991481e+00  5.801885e+00  1.043312e+01 
 8.353023e+00  2.017629e+00  3.886903e+00  5.647293e+00  1.014985e+01 
 8.469460e+00  1.968165e+00  3.785214e+00  5.496781e+00  9.874587e+00 
 8.587519e+00  1.919960e+00  3.686131e+00  5.350298e+00  9.606948e+00 
 8.707225e+00  1.873023e+00  3.589673e+00  5.208090e+00  9.346948e+00 
 8.828599e+00  1.827395e+00  3.496560e+00  5.070034e+00  9.093957e+00 
 8.951665e+00  1.782916e+00  3.406030e+00  4.936024e+00  8.849091e+00 
 9.076446e+00  1.739819e+00  3.318171e+00  4.806371e+00  8.611660e+00 
 9.202967e+00  1.697903e+00  3.232829e+00  4.680399e+00  8.380662e+00 
 9.331251e+00  1.657112e+00  3.149803e+00  4.557653e+00  8.156269e+00 
 9.461324e+00  0.000000e+00  0.000000e+00  0.000000e+00  0.000000e+00 
 9.593209e+00  0.000000e+00  0.000000e+00  0.000000e+00  0.000000e+00 
 9.726934e+00  0.000000e+00  0.000000e+00  0.000000e+00  0.000000e+00 
 9.862522e+00  0.000000e+00  0.000000e+00  0.000000e+00  0.000000e+00 
 1.000000e+01  0.000000e+00  0.000000e+00  0.000000e+00  0.000000e+00 
