1.000000e-02 4.032909e+03 7.346253e+03 9.930699e+03 1.479231e+04  
1.013939e-02 4.055908e+03 7.387955e+03 9.986889e+03 1.487557e+04  
1.028073e-02 4.078603e+03 7.429099e+03 1.004232e+04 1.495769e+04  
1.042404e-02 4.100982e+03 7.469662e+03 1.009696e+04 1.503862e+04  
1.056935e-02 4.123032e+03 7.509620e+03 1.015078e+04 1.511831e+04  
1.071668e-02 4.144740e+03 7.548949e+03 1.020374e+04 1.519671e+04  
1.086606e-02 4.166094e+03 7.587627e+03 1.025581e+04 1.527378e+04  
1.101753e-02 4.187079e+03 7.625629e+03 1.030697e+04 1.534947e+04  
1.117111e-02 4.207685e+03 7.662932e+03 1.035718e+04 1.542373e+04  
1.132683e-02 4.227897e+03 7.699514e+03 1.040640e+04 1.549652e+04  
1.148472e-02 4.247702e+03 7.735348e+03 1.045462e+04 1.556779e+04  
1.164481e-02 4.267087e+03 7.770411e+03 1.050178e+04 1.563747e+04  
1.180713e-02 4.286038e+03 7.804677e+03 1.054786e+04 1.570554e+04  
1.197171e-02 4.304540e+03 7.838119e+03 1.059282e+04 1.577192e+04  
1.213859e-02 4.322579e+03 7.870712e+03 1.063662e+04 1.583657e+04  
1.230780e-02 4.340142e+03 7.902432e+03 1.067924e+04 1.589944e+04  
1.247936e-02 4.357215e+03 7.933252e+03 1.072064e+04 1.596048e+04  
1.265332e-02 4.373784e+03 7.963149e+03 1.076079e+04 1.601964e+04  
1.282970e-02 4.389835e+03 7.992095e+03 1.079964e+04 1.607686e+04  
1.300854e-02 4.405352e+03 8.020063e+03 1.083717e+04 1.613209e+04  
1.318987e-02 4.420322e+03 8.047028e+03 1.087333e+04 1.618528e+04  
1.337373e-02 4.434731e+03 8.072963e+03 1.090810e+04 1.623638e+04  
1.356015e-02 4.448563e+03 8.097843e+03 1.094143e+04 1.628533e+04  
1.374917e-02 4.461806e+03 8.121642e+03 1.097330e+04 1.633208e+04  
1.394083e-02 4.474445e+03 8.144336e+03 1.100366e+04 1.637658e+04  
1.413516e-02 4.486467e+03 8.165899e+03 1.103250e+04 1.641879e+04  
1.433219e-02 4.497856e+03 8.186302e+03 1.105976e+04 1.645864e+04  
1.453198e-02 4.508597e+03 8.205520e+03 1.108541e+04 1.649608e+04  
1.473454e-02 4.518677e+03 8.223527e+03 1.110942e+04 1.653106e+04  
1.493993e-02 4.528082e+03 8.240296e+03 1.113175e+04 1.656353e+04  
1.514819e-02 4.536797e+03 8.255803e+03 1.115236e+04 1.659344e+04  
1.535935e-02 4.544810e+03 8.270025e+03 1.117124e+04 1.662074e+04  
1.557345e-02 4.552107e+03 8.282938e+03 1.118834e+04 1.664539e+04  
1.579053e-02 4.558674e+03 8.294515e+03 1.120363e+04 1.666733e+04  
1.601064e-02 4.564499e+03 8.304733e+03 1.121708e+04 1.668651e+04  
1.623382e-02 4.569569e+03 8.313570e+03 1.122865e+04 1.670289e+04  
1.646012e-02 4.573871e+03 8.321003e+03 1.123832e+04 1.671642e+04  
1.668956e-02 4.577395e+03 8.327011e+03 1.124606e+04 1.672707e+04  
1.692220e-02 4.580130e+03 8.331576e+03 1.125185e+04 1.673480e+04  
1.715809e-02 4.582064e+03 8.334678e+03 1.125565e+04 1.673956e+04  
1.739726e-02 4.583186e+03 8.336296e+03 1.125744e+04 1.674132e+04  
1.763977e-02 4.583485e+03 8.336408e+03 1.125719e+04 1.674003e+04  
1.788566e-02 4.582951e+03 8.334996e+03 1.125488e+04 1.673565e+04  
1.813498e-02 4.581573e+03 8.332043e+03 1.125048e+04 1.672816e+04  
1.838777e-02 4.579343e+03 8.327534e+03 1.124397e+04 1.671752e+04  
1.864409e-02 4.576255e+03 8.321455e+03 1.123533e+04 1.670371e+04  
1.890397e-02 4.572300e+03 8.313793e+03 1.122455e+04 1.668669e+04  
1.916748e-02 4.567470e+03 8.304534e+03 1.121161e+04 1.666645e+04  
1.943467e-02 4.561758e+03 8.293662e+03 1.119649e+04 1.664295e+04  
1.970558e-02 4.555156e+03 8.281166e+03 1.117916e+04 1.661617e+04  
1.998026e-02 4.547659e+03 8.267036e+03 1.115963e+04 1.658609e+04  
2.025878e-02 4.539264e+03 8.251266e+03 1.113787e+04 1.655270e+04  
2.054117e-02 4.529967e+03 8.233850e+03 1.111389e+04 1.651599e+04  
2.082751e-02 4.519767e+03 8.214786e+03 1.108768e+04 1.647595e+04  
2.111783e-02 4.508662e+03 8.194070e+03 1.105923e+04 1.643257e+04  
2.141220e-02 4.496650e+03 8.171700e+03 1.102854e+04 1.638587e+04  
2.171068e-02 4.483730e+03 8.147676e+03 1.099562e+04 1.633583e+04  
2.201331e-02 4.469906e+03 8.121999e+03 1.096046e+04 1.628246e+04  
2.232016e-02 4.455179e+03 8.094678e+03 1.092307e+04 1.622577e+04  
2.263130e-02 4.439557e+03 8.065725e+03 1.088348e+04 1.616580e+04  
2.294676e-02 4.423045e+03 8.035151e+03 1.084170e+04 1.610257e+04  
2.326663e-02 4.405651e+03 8.002968e+03 1.079774e+04 1.603609e+04  
2.359095e-02 4.387379e+03 7.969185e+03 1.075162e+04 1.596640e+04  
2.391980e-02 4.368237e+03 7.933819e+03 1.070336e+04 1.589352e+04  
2.425323e-02 4.348236e+03 7.896887e+03 1.065299e+04 1.581750e+04  
2.459130e-02 4.327386e+03 7.858410e+03 1.060052e+04 1.573837e+04  
2.493409e-02 4.305703e+03 7.818417e+03 1.054601e+04 1.565619e+04  
2.528166e-02 4.283205e+03 7.776941e+03 1.048950e+04 1.557104e+04  
2.563407e-02 4.259907e+03 7.734007e+03 1.043101e+04 1.548296e+04  
2.599140e-02 4.235821e+03 7.689642e+03 1.037060e+04 1.539200e+04  
2.635371e-02 4.210964e+03 7.643875e+03 1.030829e+04 1.529824e+04  
2.672106e-02 4.185355e+03 7.596740e+03 1.024413e+04 1.520173e+04  
2.709354e-02 4.159014e+03 7.548275e+03 1.017818e+04 1.510256e+04  
2.747121e-02 4.131965e+03 7.498525e+03 1.011049e+04 1.500082e+04  
2.785414e-02 4.104237e+03 7.447540e+03 1.004114e+04 1.489660e+04  
2.824241e-02 4.075855e+03 7.395370e+03 9.970194e+03 1.479002e+04  
2.863610e-02 4.046842e+03 7.342054e+03 9.897700e+03 1.468114e+04  
2.903527e-02 4.017224e+03 7.287640e+03 9.823725e+03 1.457007e+04  
2.944000e-02 3.987030e+03 7.232183e+03 9.748345e+03 1.445693e+04  
2.985038e-02 3.956291e+03 7.175738e+03 9.671636e+03 1.434181e+04  
3.026648e-02 3.925042e+03 7.118370e+03 9.593682e+03 1.422485e+04  
3.068838e-02 3.893323e+03 7.060150e+03 9.514580e+03 1.410620e+04  
3.111616e-02 3.861171e+03 7.001147e+03 9.434428e+03 1.398599e+04  
3.154990e-02 3.828614e+03 6.941415e+03 9.353294e+03 1.386434e+04  
3.198969e-02 3.795684e+03 6.881006e+03 9.271250e+03 1.374135e+04  
3.243561e-02 3.762412e+03 6.819981e+03 9.188378e+03 1.361713e+04  
3.288774e-02 3.728835e+03 6.758408e+03 9.104773e+03 1.349185e+04  
3.334618e-02 3.694992e+03 6.696356e+03 9.020526e+03 1.336562e+04  
3.381101e-02 3.660924e+03 6.633901e+03 8.935739e+03 1.323860e+04  
3.428231e-02 3.626677e+03 6.571124e+03 8.850520e+03 1.311095e+04  
3.476019e-02 3.592287e+03 6.508095e+03 8.764971e+03 1.298283e+04  
3.524473e-02 3.557791e+03 6.444879e+03 8.679173e+03 1.285436e+04  
3.573602e-02 3.523231e+03 6.381551e+03 8.593228e+03 1.272568e+04  
3.623416e-02 3.488650e+03 6.318188e+03 8.507241e+03 1.259695e+04  
3.673925e-02 3.454094e+03 6.254880e+03 8.421336e+03 1.246836e+04  
3.725137e-02 3.419613e+03 6.191713e+03 8.335625e+03 1.234008e+04  
3.777064e-02 3.385258e+03 6.128777e+03 8.250231e+03 1.221228e+04  
3.829714e-02 3.351052e+03 6.066117e+03 8.165215e+03 1.208506e+04  
3.883098e-02 3.317006e+03 6.003754e+03 8.080606e+03 1.195847e+04  
3.937226e-02 3.283128e+03 5.941701e+03 7.996422e+03 1.183252e+04  
3.992109e-02 3.249429e+03 5.879977e+03 7.912685e+03 1.170725e+04  
4.047757e-02 3.215919e+03 5.818601e+03 7.829425e+03 1.158271e+04  
4.104181e-02 3.182606e+03 5.757591e+03 7.746667e+03 1.145894e+04  
4.161391e-02 3.149502e+03 5.696964e+03 7.664430e+03 1.133597e+04  
4.219398e-02 3.116638e+03 5.636777e+03 7.582793e+03 1.121390e+04  
4.278214e-02 3.084066e+03 5.577124e+03 7.501883e+03 1.109293e+04  
4.337850e-02 3.051840e+03 5.518106e+03 7.421838e+03 1.097328e+04  
4.398317e-02 3.020019e+03 5.459826e+03 7.342792e+03 1.085512e+04  
4.459628e-02 2.988666e+03 5.402395e+03 7.264896e+03 1.073870e+04  
4.521792e-02 2.957847e+03 5.345935e+03 7.188316e+03 1.062425e+04  
4.584824e-02 2.927630e+03 5.290569e+03 7.113218e+03 1.051203e+04  
4.648734e-02 2.898044e+03 5.236345e+03 7.039661e+03 1.040212e+04  
4.713535e-02 2.869049e+03 5.183193e+03 6.967554e+03 1.029438e+04  
4.779239e-02 2.840599e+03 5.131029e+03 6.896787e+03 1.018866e+04  
4.845859e-02 2.812638e+03 5.079754e+03 6.827226e+03 1.008475e+04  
4.913407e-02 2.785107e+03 5.029258e+03 6.758721e+03 9.982446e+03  
4.981898e-02 2.757939e+03 4.979421e+03 6.691110e+03 9.881493e+03  
5.051342e-02 2.731061e+03 4.930117e+03 6.624229e+03 9.781665e+03  
5.121755e-02 2.704426e+03 4.881256e+03 6.557954e+03 9.682770e+03  
5.193150e-02 2.678010e+03 4.832797e+03 6.492230e+03 9.584726e+03  
5.265540e-02 2.651792e+03 4.784701e+03 6.427003e+03 9.487453e+03  
5.338938e-02 2.625747e+03 4.736925e+03 6.362224e+03 9.390894e+03  
5.413360e-02 2.599845e+03 4.689417e+03 6.297816e+03 9.294926e+03  
5.488820e-02 2.574056e+03 4.642118e+03 6.233702e+03 9.199434e+03  
5.565331e-02 2.548347e+03 4.594972e+03 6.169807e+03 9.104305e+03  
5.642908e-02 2.522690e+03 4.547934e+03 6.106075e+03 9.009478e+03  
5.721568e-02 2.497053e+03 4.500942e+03 6.042420e+03 8.914809e+03  
5.801323e-02 2.471403e+03 4.453937e+03 5.978761e+03 8.820180e+03  
5.882190e-02 2.445702e+03 4.406851e+03 5.915011e+03 8.725463e+03  
5.964185e-02 2.419910e+03 4.359620e+03 5.851088e+03 8.630554e+03  
6.047322e-02 2.393979e+03 4.312153e+03 5.786865e+03 8.535249e+03  
6.131619e-02 2.367854e+03 4.264353e+03 5.722211e+03 8.439356e+03  
6.217090e-02 2.341475e+03 4.216115e+03 5.656990e+03 8.342675e+03  
6.303753e-02 2.314779e+03 4.167329e+03 5.591059e+03 8.245008e+03  
6.391624e-02 2.287694e+03 4.117867e+03 5.524241e+03 8.146076e+03  
6.480720e-02 2.260157e+03 4.067613e+03 5.456382e+03 8.045653e+03  
6.571058e-02 2.232133e+03 4.016515e+03 5.387412e+03 7.943639e+03  
6.662655e-02 2.203597e+03 3.964527e+03 5.317278e+03 7.839961e+03  
6.755528e-02 2.174518e+03 3.911595e+03 5.245900e+03 7.734487e+03  
6.849697e-02 2.144867e+03 3.857667e+03 5.173209e+03 7.627112e+03  
6.945178e-02 2.114620e+03 3.802706e+03 5.099160e+03 7.517777e+03  
7.041990e-02 2.083787e+03 3.746732e+03 5.023784e+03 7.406528e+03  
7.140151e-02 2.052384e+03 3.689775e+03 4.947113e+03 7.293399e+03  
7.239681e-02 2.020431e+03 3.631869e+03 4.869196e+03 7.178460e+03  
7.340598e-02 1.987951e+03 3.573059e+03 4.790096e+03 7.061814e+03  
7.442922e-02 1.954984e+03 3.513424e+03 4.709920e+03 6.943615e+03  
7.546673e-02 1.921601e+03 3.453083e+03 4.628824e+03 6.824083e+03  
7.651869e-02 1.887878e+03 3.392177e+03 4.546996e+03 6.703493e+03  
7.758532e-02 1.853901e+03 3.330859e+03 4.464647e+03 6.582170e+03  
7.866682e-02 1.819757e+03 3.269288e+03 4.381989e+03 6.460424e+03  
7.976339e-02 1.785541e+03 3.207628e+03 4.299235e+03 6.338560e+03  
8.087525e-02 1.751351e+03 3.146053e+03 4.216622e+03 6.216930e+03  
8.200261e-02 1.717294e+03 3.084760e+03 4.134418e+03 6.095943e+03  
8.314568e-02 1.683479e+03 3.023940e+03 4.052874e+03 5.975968e+03  
8.430468e-02 1.649995e+03 2.963745e+03 3.972191e+03 5.857295e+03  
8.547985e-02 1.616923e+03 2.904322e+03 3.892566e+03 5.740218e+03  
8.667139e-02 1.584354e+03 2.845833e+03 3.814225e+03 5.625088e+03  
8.787954e-02 1.552374e+03 2.788431e+03 3.737363e+03 5.512185e+03  
8.910453e-02 1.521053e+03 2.732232e+03 3.662136e+03 5.401738e+03  
9.034660e-02 1.490455e+03 2.677350e+03 3.588695e+03 5.293974e+03  
9.160598e-02 1.460649e+03 2.623913e+03 3.517219e+03 5.189179e+03  
9.288292e-02 1.431700e+03 2.572026e+03 3.447842e+03 5.087540e+03  
9.417766e-02 1.403664e+03 2.521787e+03 3.380693e+03 4.989247e+03  
9.549045e-02 1.376596e+03 2.473293e+03 3.315903e+03 4.894501e+03  
9.682153e-02 1.350553e+03 2.426649e+03 3.253619e+03 4.803544e+03  
9.817117e-02 1.325562e+03 2.381890e+03 3.193881e+03 4.716420e+03  
9.953962e-02 1.301632e+03 2.339034e+03 3.136711e+03 4.633167e+03  
1.009272e-01 1.278772e+03 2.298094e+03 3.082129e+03 4.553820e+03  
1.023340e-01 1.256987e+03 2.259081e+03 3.030155e+03 4.478432e+03  
1.037605e-01 1.236229e+03 2.221902e+03 2.980658e+03 4.406792e+03  
1.052069e-01 1.216406e+03 2.186395e+03 2.933420e+03 4.338579e+03  
1.066734e-01 1.197416e+03 2.152380e+03 2.888204e+03 4.273445e+03  
1.081604e-01 1.179148e+03 2.119663e+03 2.844753e+03 4.211018e+03  
1.096681e-01 1.161470e+03 2.088005e+03 2.802741e+03 4.150794e+03  
1.111968e-01 1.144232e+03 2.057144e+03 2.761817e+03 4.092247e+03  
1.127468e-01 1.127274e+03 2.026798e+03 2.721605e+03 4.034814e+03  
1.143184e-01 1.110431e+03 1.996682e+03 2.681726e+03 3.977926e+03  
1.159120e-01 1.093584e+03 1.966583e+03 2.641888e+03 3.921125e+03  
1.175277e-01 1.076623e+03 1.936308e+03 2.601829e+03 3.864011e+03  
1.191660e-01 1.059429e+03 1.905653e+03 2.561280e+03 3.806173e+03  
1.208271e-01 1.041916e+03 1.874466e+03 2.520036e+03 3.747296e+03  
1.225114e-01 1.024041e+03 1.842673e+03 2.477990e+03 3.687197e+03  
1.242191e-01 1.005766e+03 1.810205e+03 2.435049e+03 3.625724e+03  
1.259506e-01 9.870603e+02 1.777016e+03 2.391152e+03 3.562783e+03  
1.277063e-01 9.679425e+02 1.743136e+03 2.346339e+03 3.498421e+03  
1.294865e-01 9.484431e+02 1.708617e+03 2.300672e+03 3.432718e+03  
1.312915e-01 9.285999e+02 1.673526e+03 2.254239e+03 3.365799e+03  
1.331216e-01 9.084817e+02 1.637987e+03 2.207211e+03 3.297926e+03  
1.349772e-01 8.881747e+02 1.602149e+03 2.159784e+03 3.229390e+03  
1.368587e-01 8.677731e+02 1.566173e+03 2.112172e+03 3.160508e+03  
1.387665e-01 8.473921e+02 1.530262e+03 2.064644e+03 3.091688e+03  
1.407008e-01 8.271650e+02 1.494651e+03 2.017522e+03 3.023436e+03  
1.426621e-01 8.072302e+02 1.459577e+03 1.971122e+03 2.956228e+03  
1.446507e-01 7.877070e+02 1.425246e+03 1.925718e+03 2.890484e+03  
1.466671e-01 7.687062e+02 1.391849e+03 1.881568e+03 2.826605e+03  
1.487115e-01 7.503406e+02 1.359587e+03 1.838947e+03 2.765028e+03  
1.507845e-01 7.326874e+02 1.328588e+03 1.798023e+03 2.706009e+03  
1.528864e-01 7.158135e+02 1.298967e+03 1.758951e+03 2.649789e+03  
1.550175e-01 6.997745e+02 1.270817e+03 1.721857e+03 2.596571e+03  
1.571784e-01 6.845861e+02 1.244170e+03 1.686790e+03 2.546447e+03  
1.593694e-01 6.702514e+02 1.219025e+03 1.653744e+03 2.499406e+03  
1.615909e-01 6.567357e+02 1.195318e+03 1.622636e+03 2.455324e+03  
1.638434e-01 6.439600e+02 1.172913e+03 1.593280e+03 2.413921e+03  
1.661273e-01 6.318310e+02 1.151650e+03 1.565467e+03 2.374887e+03  
1.684430e-01 6.202158e+02 1.131292e+03 1.538874e+03 2.337711e+03  
1.707910e-01 6.089635e+02 1.111578e+03 1.513144e+03 2.301839e+03  
1.731717e-01 5.979358e+02 1.092266e+03 1.487956e+03 2.266767e+03  
1.755856e-01 5.870103e+02 1.073148e+03 1.463026e+03 2.232055e+03  
1.780332e-01 5.760700e+02 1.054017e+03 1.438070e+03 2.197244e+03  
1.805149e-01 5.650409e+02 1.034742e+03 1.412911e+03 2.162047e+03  
1.830312e-01 5.538574e+02 1.015213e+03 1.387396e+03 2.126220e+03  
1.855825e-01 5.424869e+02 9.953749e+02 1.361450e+03 2.089638e+03  
1.881694e-01 5.309111e+02 9.751914e+02 1.335021e+03 2.052206e+03  
1.907924e-01 5.191407e+02 9.546814e+02 1.308131e+03 2.013953e+03  
1.934520e-01 5.072131e+02 9.339111e+02 1.280870e+03 1.975018e+03  
1.961486e-01 4.951951e+02 9.129970e+02 1.253397e+03 1.935647e+03  
1.988828e-01 4.831916e+02 8.921173e+02 1.225950e+03 1.896218e+03  
2.016551e-01 4.713175e+02 8.714707e+02 1.198799e+03 1.857160e+03  
2.044661e-01 4.596946e+02 8.512695e+02 1.172236e+03 1.818940e+03  
2.073162e-01 4.484295e+02 8.316972e+02 1.146510e+03 1.781959e+03  
2.102061e-01 4.375894e+02 8.128675e+02 1.121775e+03 1.746467e+03  
2.131362e-01 4.272216e+02 7.948611e+02 1.098143e+03 1.712645e+03  
2.161073e-01 4.173384e+02 7.777008e+02 1.075646e+03 1.680552e+03  
2.191197e-01 4.079395e+02 7.613844e+02 1.054281e+03 1.650188e+03  
2.221741e-01 3.990105e+02 7.458853e+02 1.034013e+03 1.621500e+03  
2.252711e-01 3.905152e+02 7.311397e+02 1.014756e+03 1.594353e+03  
2.284112e-01 3.823899e+02 7.170397e+02 9.963636e+02 1.568517e+03  
2.315951e-01 3.745459e+02 7.034300e+02 9.786233e+02 1.543651e+03  
2.348235e-01 3.668790e+02 6.901293e+02 9.612872e+02 1.519356e+03  
2.380968e-01 3.593109e+02 6.770019e+02 9.441690e+02 1.495329e+03  
2.414157e-01 3.517814e+02 6.639457e+02 9.271287e+02 1.471340e+03  
2.447809e-01 3.442535e+02 6.508948e+02 9.100751e+02 1.447239e+03  
2.481930e-01 3.367064e+02 6.378124e+02 8.929565e+02 1.422942e+03  
2.516527e-01 3.291365e+02 6.246920e+02 8.757636e+02 1.398432e+03  
2.551606e-01 3.215566e+02 6.115574e+02 8.585285e+02 1.373754e+03  
2.587174e-01 3.139945e+02 5.984546e+02 8.413140e+02 1.349016e+03  
2.623238e-01 3.065079e+02 5.854827e+02 8.242564e+02 1.324441e+03  
2.659804e-01 2.991692e+02 5.727665e+02 8.075276e+02 1.300311e+03  
2.696881e-01 2.920550e+02 5.604397e+02 7.913114e+02 1.276925e+03  
2.734474e-01 2.852070e+02 5.485723e+02 7.757055e+02 1.254451e+03  
2.772591e-01 2.786373e+02 5.371842e+02 7.607381e+02 1.232940e+03  
2.811239e-01 2.723285e+02 5.262460e+02 7.463689e+02 1.212326e+03  
2.850426e-01 2.662602e+02 5.157225e+02 7.325494e+02 1.192527e+03  
2.890160e-01 2.604093e+02 5.055729e+02 7.192246e+02 1.173461e+03  
2.930447e-01 2.547514e+02 4.957546e+02 7.063365e+02 1.155034e+03  
2.971296e-01 2.492470e+02 4.861996e+02 6.937909e+02 1.137092e+03  
3.012714e-01 2.438493e+02 4.768275e+02 6.814761e+02 1.119445e+03  
3.054710e-01 2.385135e+02 4.675600e+02 6.692852e+02 1.101925e+03  
3.097291e-01 2.332147e+02 4.583540e+02 6.571586e+02 1.084431e+03  
3.140465e-01 2.279594e+02 4.492208e+02 6.451113e+02 1.066988e+03  
3.184242e-01 2.227706e+02 4.402001e+02 6.331977e+02 1.049684e+03  
3.228628e-01 2.176706e+02 4.313299e+02 6.214721e+02 1.032616e+03  
3.273634e-01 2.126733e+02 4.226340e+02 6.099679e+02 1.015840e+03  
3.319266e-01 2.077962e+02 4.141425e+02 5.987259e+02 9.994237e+02  
3.365535e-01 2.030617e+02 4.058940e+02 5.878000e+02 9.834558e+02  
3.412449e-01 1.984859e+02 3.979158e+02 5.772298e+02 9.680100e+02  
3.460016e-01 1.940696e+02 3.902092e+02 5.670177e+02 9.530918e+02  
3.508247e-01 1.897975e+02 3.827477e+02 5.571256e+02 9.386343e+02  
3.557150e-01 1.856401e+02 3.754804e+02 5.474838e+02 9.245238e+02  
3.606735e-01 1.815756e+02 3.683695e+02 5.380411e+02 9.106806e+02  
3.657011e-01 1.775968e+02 3.614028e+02 5.287810e+02 8.970785e+02  
3.707988e-01 1.736969e+02 3.545680e+02 5.196848e+02 8.836812e+02  
3.759675e-01 1.698656e+02 3.478477e+02 5.107295e+02 8.704548e+02  
3.812083e-01 1.661008e+02 3.412384e+02 5.019115e+02 8.573982e+02  
3.865221e-01 1.624100e+02 3.347529e+02 4.932491e+02 8.445431e+02  
3.919100e-01 1.588074e+02 3.284149e+02 4.847733e+02 8.319354e+02  
3.973730e-01 1.553022e+02 3.222407e+02 4.765087e+02 8.196228e+02  
4.029122e-01 1.518938e+02 3.162294e+02 4.684550e+02 8.076088e+02  
4.085286e-01 1.485782e+02 3.103740e+02 4.606028e+02 7.958785e+02  
4.142232e-01 1.453561e+02 3.046748e+02 4.529504e+02 7.844223e+02  
4.199973e-01 1.422198e+02 2.991192e+02 4.454828e+02 7.732236e+02  
4.258518e-01 1.391564e+02 2.936853e+02 4.381701e+02 7.622347e+02  
4.317880e-01 1.361598e+02 2.883624e+02 4.309979e+02 7.514328e+02  
4.378069e-01 1.332279e+02 2.831462e+02 4.239575e+02 7.407961e+02  
4.439097e-01 1.303635e+02 2.780422e+02 4.170598e+02 7.303524e+02  
4.500975e-01 1.275648e+02 2.730474e+02 4.103010e+02 7.200970e+02  
4.563716e-01 1.248312e+02 2.681608e+02 4.036798e+02 7.100279e+02  
4.627332e-01 1.221674e+02 2.633893e+02 3.972036e+02 7.001515e+02  
4.691835e-01 1.195743e+02 2.587357e+02 3.908793e+02 6.904882e+02  
4.757236e-01 1.170473e+02 2.541919e+02 3.846958e+02 6.810207e+02  
4.823549e-01 1.145815e+02 2.497493e+02 3.786412e+02 6.717283e+02  
4.890787e-01 1.121784e+02 2.454098e+02 3.727163e+02 6.626090e+02  
4.958962e-01 1.098320e+02 2.411641e+02 3.669109e+02 6.536529e+02  
5.028087e-01 1.075383e+02 2.370055e+02 3.612161e+02 6.448463e+02  
5.098176e-01 1.052986e+02 2.329358e+02 3.556337e+02 6.361911e+02  
5.169242e-01 1.031147e+02 2.289574e+02 3.501662e+02 6.276893e+02  
5.241298e-01 1.009832e+02 2.250656e+02 3.448093e+02 6.193398e+02  
5.314359e-01 9.890354e+01 2.212594e+02 3.395617e+02 6.111413e+02  
5.388438e-01 9.687595e+01 2.175387e+02 3.344226e+02 6.030904e+02  
5.463550e-01 9.489914e+01 2.139009e+02 3.293881e+02 5.951804e+02  
5.539709e-01 9.296763e+01 2.103377e+02 3.244486e+02 5.874002e+02  
5.616930e-01 9.108265e+01 2.068513e+02 3.196069e+02 5.797551e+02  
5.695227e-01 8.924413e+01 2.034406e+02 3.148610e+02 5.722394e+02  
5.774615e-01 8.744759e+01 2.000982e+02 3.102006e+02 5.648376e+02  
5.855110e-01 8.569534e+01 1.968287e+02 3.056337e+02 5.575656e+02  
5.936727e-01 8.398537e+01 1.936288e+02 3.011555e+02 5.504165e+02  
6.019482e-01 8.231511e+01 1.904932e+02 2.967580e+02 5.433746e+02  
6.103390e-01 8.068618e+01 1.874249e+02 2.924458e+02 5.364494e+02  
6.188468e-01 7.909618e+01 1.844207e+02 2.882153e+02 5.296373e+02  
6.274732e-01 7.754206e+01 1.814753e+02 2.840596e+02 5.229279e+02  
6.362198e-01 7.602708e+01 1.785931e+02 2.799836e+02 5.163260e+02  
6.450884e-01 7.454719e+01 1.757680e+02 2.759798e+02 5.098225e+02  
6.540806e-01 7.310140e+01 1.729989e+02 2.720473e+02 5.034173e+02  
6.631981e-01 7.169128e+01 1.702883e+02 2.681896e+02 4.971163e+02  
6.724427e-01 7.031414e+01 1.676305e+02 2.643980e+02 4.909031e+02  
6.818162e-01 6.896821e+01 1.650237e+02 2.606708e+02 4.847782e+02  
6.913204e-01 6.765334e+01 1.624677e+02 2.570086e+02 4.787429e+02  
7.009570e-01 6.636928e+01 1.599622e+02 2.534108e+02 4.727968e+02  
7.107280e-01 6.511559e+01 1.575051e+02 2.498734e+02 4.669313e+02  
7.206351e-01 6.389127e+01 1.550961e+02 2.463972e+02 4.611503e+02  
7.306804e-01 6.269526e+01 1.527334e+02 2.429802e+02 4.554511e+02  
7.408657e-01 6.152641e+01 1.504151e+02 2.396197e+02 4.498298e+02  
7.511929e-01 6.038409e+01 1.481390e+02 2.363117e+02 4.442782e+02  
7.616642e-01 5.926769e+01 1.459054e+02 2.330579e+02 4.388015e+02  
7.722814e-01 5.817658e+01 1.437131e+02 2.298569e+02 4.333976e+02  
7.830465e-01 5.711010e+01 1.415610e+02 2.267069e+02 4.280637e+02  
7.939618e-01 5.606765e+01 1.394472e+02 2.236048e+02 4.227940e+02  
8.050292e-01 5.504858e+01 1.373717e+02 2.205517e+02 4.175916e+02  
8.162509e-01 5.405214e+01 1.353333e+02 2.175457e+02 4.124543e+02  
8.276289e-01 5.307770e+01 1.333306e+02 2.145852e+02 4.073789e+02  
8.391656e-01 5.212476e+01 1.313623e+02 2.116679e+02 4.023617e+02  
8.508632e-01 5.119272e+01 1.294283e+02 2.087944e+02 3.974045e+02  
8.627237e-01 5.028098e+01 1.275277e+02 2.059633e+02 3.925057e+02  
8.747496e-01 4.938905e+01 1.256591e+02 2.031730e+02 3.876621e+02  
8.869432e-01 4.851644e+01 1.238216e+02 2.004219e+02 3.828715e+02  
8.993067e-01 4.766263e+01 1.220151e+02 1.977103e+02 3.781349e+02  
9.118425e-01 4.682712e+01 1.202386e+02 1.950370e+02 3.734507e+02  
9.245531e-01 4.600943e+01 1.184909e+02 1.924004e+02 3.688161e+02  
9.374409e-01 4.520909e+01 1.167714e+02 1.897995e+02 3.642295e+02  
9.505083e-01 4.442561e+01 1.150797e+02 1.872340e+02 3.596914e+02  
9.637579e-01 4.365855e+01 1.134150e+02 1.847032e+02 3.552003e+02  
9.771921e-01 4.290743e+01 1.117762e+02 1.822052e+02 3.507534e+02  
9.908137e-01 4.217180e+01 1.101627e+02 1.797395e+02 3.463500e+02  
1.004625e+00 4.145121e+01 1.085741e+02 1.773056e+02 3.419899e+02  
1.018629e+00 4.074531e+01 1.070098e+02 1.749030e+02 3.376722e+02  
1.032828e+00 4.005369e+01 1.054688e+02 1.725300e+02 3.333941e+02  
1.047225e+00 3.937595e+01 1.039506e+02 1.701864e+02 3.291556e+02  
1.061823e+00 3.871178e+01 1.024551e+02 1.678718e+02 3.249563e+02  
1.076624e+00 3.806086e+01 1.009816e+02 1.658886e+02 3.207954e+02  
1.091632e+00 3.742276e+01 9.952916e+01 1.633262e+02 3.166705e+02  
1.106848e+00 3.679715e+01 9.809750e+01 1.610937e+02 3.125817e+02  
1.122277e+00 3.618376e+01 9.668635e+01 1.588877e+02 3.085286e+02  
1.137921e+00 3.558230e+01 9.529523e+01 1.567077e+02 3.045103e+02  
1.153783e+00 3.499232e+01 9.392309e+01 1.545520e+02 3.005249e+02  
1.169866e+00 3.441359e+01 9.256992e+01 1.524210e+02 2.965726e+02  
1.186174e+00 3.384587e+01 9.123541e+01 1.503143e+02 2.926530e+02  
1.202708e+00 3.328878e+01 8.991912e+01 1.482313e+02 2.887652e+02  
1.219473e+00 3.274219e+01 8.862006e+01 1.461707e+02 2.849077e+02  
1.236472e+00 3.220566e+01 8.733838e+01 1.441328e+02 2.810808e+02  
1.253708e+00 3.167905e+01 8.607371e+01 1.421173e+02 2.772841e+02  
1.271184e+00 3.116206e+01 8.482562e+01 1.401235e+02 2.735167e+02  
1.288904e+00 3.065435e+01 8.359332e+01 1.381504e+02 2.697777e+02  
1.306870e+00 3.015581e+01 8.237694e+01 1.361984e+02 2.660672e+02  
1.325087e+00 2.966622e+01 8.117616e+01 1.342671e+02 2.623847e+02  
1.343558e+00 2.918530e+01 7.999054e+01 1.323559e+02 2.587299e+02  
1.362287e+00 2.871280e+01 7.881954e+01 1.304641e+02 2.551018e+02  
1.381276e+00 2.824859e+01 7.766320e+01 1.285919e+02 2.515007e+02  
1.400531e+00 2.779246e+01 7.652123e+01 1.267390e+02 2.479261e+02  
1.420053e+00 2.734417e+01 7.539319e+01 1.249048e+02 2.443777e+02  
1.439848e+00 2.690349e+01 7.427872e+01 1.230889e+02 2.408550e+02  
1.459919e+00 2.647033e+01 7.317781e+01 1.212914e+02 2.373581e+02  
1.480269e+00 2.604451e+01 7.209021e+01 1.195120e+02 2.338868e+02  
1.500903e+00 2.562578e+01 7.101553e+01 1.177501e+02 2.304407e+02  
1.521825e+00 2.521399e+01 6.995352e+01 1.160057e+02 2.270197e+02  
1.543038e+00 2.480903e+01 6.890412e+01 1.142786e+02 2.236238e+02  
1.564548e+00 2.441070e+01 6.786708e+01 1.125685e+02 2.202528e+02  
1.586357e+00 2.401880e+01 6.684207e+01 1.108752e+02 2.169065e+02  
1.608469e+00 2.363322e+01 6.582894e+01 1.091984e+02 2.135851e+02  
1.630891e+00 2.325386e+01 6.482761e+01 1.075381e+02 2.102884e+02  
1.653624e+00 2.288056e+01 6.383787e+01 1.058940e+02 2.070165e+02  
1.676675e+00 2.251315e+01 6.285946e+01 1.042660e+02 2.037694e+02  
1.700047e+00 2.215151e+01 6.189223e+01 1.026539e+02 2.005470e+02  
1.723745e+00 2.179553e+01 6.093609e+01 1.010576e+02 1.973496e+02  
1.747773e+00 2.144508e+01 5.999086e+01 9.947687e+01 1.941771e+02  
1.772136e+00 2.110000e+01 5.905631e+01 9.791158e+01 1.910296e+02  
1.796838e+00 2.076021e+01 5.813236e+01 9.636165e+01 1.879073e+02  
1.821885e+00 2.042562e+01 5.721891e+01 9.482699e+01 1.848103e+02  
1.847281e+00 2.009612e+01 5.631583e+01 9.330749e+01 1.817387e+02  
1.873032e+00 1.977155e+01 5.542290e+01 9.180295e+01 1.786928e+02  
1.899141e+00 1.945185e+01 5.454006e+01 9.031335e+01 1.756726e+02  
1.925614e+00 1.913693e+01 5.366722e+01 8.883859e+01 1.726785e+02  
1.952456e+00 1.882668e+01 5.280426e+01 8.737861e+01 1.697105e+02  
1.979672e+00 1.852098e+01 5.195098e+01 8.593325e+01 1.667690e+02  
2.007267e+00 1.821976e+01 5.110736e+01 8.450251e+01 1.638540e+02  
2.035248e+00 1.792295e+01 5.027330e+01 8.308631e+01 1.609659e+02  
2.063618e+00 1.763046e+01 4.944872e+01 8.168460e+01 1.581049e+02  
2.092383e+00 1.734217e+01 4.863344e+01 8.029728e+01 1.552712e+02  
2.121550e+00 1.705804e+01 4.782744e+01 7.892433e+01 1.524652e+02  
2.151123e+00 1.677801e+01 4.703065e+01 7.756573e+01 1.496873e+02  
2.181109e+00 1.650198e+01 4.624297e+01 7.622141e+01 1.469371e+02  
2.211512e+00 1.622986e+01 4.546428e+01 7.489132e+01 1.442152e+02  
2.242340e+00 1.596160e+01 4.469456e+01 7.357546e+01 1.415220e+02  
2.273597e+00 1.569715e+01 4.393373e+01 7.227378e+01 1.388575e+02  
2.305289e+00 1.543643e+01 4.318170e+01 7.098627e+01 1.362221e+02  
2.337424e+00 1.517935e+01 4.243839e+01 6.971289e+01 1.336161e+02  
2.370006e+00 1.492589e+01 4.170378e+01 6.845363e+01 1.310395e+02  
2.403043e+00 1.467599e+01 4.097778e+01 6.720848e+01 1.284924e+02  
2.436540e+00 1.442956e+01 4.026033e+01 6.597742e+01 1.259756e+02  
2.470504e+00 1.418655e+01 3.955137e+01 6.476043e+01 1.234890e+02  
2.504942e+00 1.394692e+01 3.885085e+01 6.355750e+01 1.210327e+02  
2.539859e+00 1.371063e+01 3.815872e+01 6.236865e+01 1.186070e+02  
2.575263e+00 1.347758e+01 3.747492e+01 6.119384e+01 1.162120e+02  
2.611161e+00 1.324777e+01 3.679940e+01 6.003307e+01 1.138479e+02  
2.647559e+00 1.302114e+01 3.613211e+01 5.888635e+01 1.115149e+02  
2.684465e+00 1.279765e+01 3.547302e+01 5.775367e+01 1.092130e+02  
2.721885e+00 1.257724e+01 3.482206e+01 5.663503e+01 1.069425e+02  
2.759826e+00 1.235986e+01 3.417919e+01 5.553041e+01 1.047033e+02  
2.798297e+00 1.214549e+01 3.354437e+01 5.443981e+01 1.024956e+02  
2.837304e+00 1.193408e+01 3.291757e+01 5.336324e+01 1.003194e+02  
2.876854e+00 1.172558e+01 3.229872e+01 5.230069e+01 9.817483e+01  
2.916956e+00 1.151996e+01 3.168838e+01 5.125214e+01 9.606191e+01  
2.957617e+00 1.131718e+01 3.108537e+01 5.021759e+01 9.398066e+01  
2.998844e+00 1.111721e+01 3.049020e+01 4.919704e+01 9.193108e+01  
3.040646e+00 1.092001e+01 2.990285e+01 4.819047e+01 8.991316e+01  
3.083031e+00 1.072553e+01 2.932326e+01 4.719786e+01 8.792714e+01  
3.126007e+00 1.053376e+01 2.875142e+01 4.621921e+01 8.597245e+01  
3.169582e+00 1.034468e+01 2.818727e+01 4.525448e+01 8.404929e+01  
3.213764e+00 1.015820e+01 2.763078e+01 4.430367e+01 8.215759e+01  
3.258562e+00 9.974329e+00 2.708192e+01 4.336675e+01 8.029726e+01  
3.303985e+00 9.793035e+00 2.654065e+01 4.244369e+01 7.846795e+01  
3.350041e+00 9.614286e+00 2.600693e+01 4.153446e+01 7.667004e+01  
3.396739e+00 9.438044e+00 2.548074e+01 4.063903e+01 7.490313e+01  
3.444087e+00 9.264289e+00 2.496203e+01 3.975736e+01 7.316708e+01  
3.492096e+00 9.092993e+00 2.445077e+01 3.888941e+01 7.146174e+01  
3.540774e+00 8.924126e+00 2.394692e+01 3.803513e+01 6.978691e+01  
3.590130e+00 8.757658e+00 2.345045e+01 3.719447e+01 6.814240e+01  
3.640175e+00 8.593569e+00 2.296132e+01 3.636660e+01 6.652803e+01  
3.690917e+00 8.431832e+00 2.247949e+01 3.555304e+01 6.494357e+01  
3.742366e+00 8.272423e+00 2.200493e+01 3.475292e+01 6.338880e+01  
3.794533e+00 8.115312e+00 2.153761e+01 3.396619e+01 6.186347e+01  
3.847427e+00 7.960480e+00 2.107747e+01 3.319278e+01 6.036735e+01  
3.901058e+00 7.807903e+00 2.062449e+01 3.243262e+01 5.890017e+01  
3.955436e+00 7.657555e+00 2.017862e+01 3.168562e+01 5.746167e+01  
4.010573e+00 7.509413e+00 1.973982e+01 3.095172e+01 5.605156e+01  
4.066478e+00 7.363456e+00 1.930806e+01 3.023081e+01 5.466957e+01  
4.123163e+00 7.219662e+00 1.888328e+01 2.952282e+01 5.331539e+01  
4.180637e+00 7.078008e+00 1.846545e+01 2.882765e+01 5.198873e+01  
4.238913e+00 6.938471e+00 1.805453e+01 2.814520e+01 5.068928e+01  
4.298001e+00 6.801032e+00 1.765046e+01 2.747537e+01 4.941671e+01  
4.357913e+00 6.665671e+00 1.725320e+01 2.688903e+01 4.817072e+01  
4.418660e+00 6.532365e+00 1.686271e+01 2.617315e+01 4.695097e+01  
4.480254e+00 6.401092e+00 1.647894e+01 2.554053e+01 4.575712e+01  
4.542706e+00 6.271835e+00 1.610078e+01 2.492010e+01 4.458884e+01  
4.606029e+00 6.144573e+00 1.573027e+01 2.431173e+01 4.344579e+01  
4.670234e+00 6.019285e+00 1.536634e+01 2.371531e+01 4.233015e+01  
4.735335e+00 5.895952e+00 1.500892e+01 2.313069e+01 4.123637e+01  
4.801343e+00 5.774554e+00 1.465902e+01 2.255778e+01 4.016681e+01  
4.868271e+00 5.655074e+00 1.431446e+01 2.199642e+01 3.912110e+01  
4.936132e+00 5.537490e+00 1.397624e+01 2.144649e+01 3.809885e+01  
5.004939e+00 5.421783e+00 1.364431e+01 2.090785e+01 3.709970e+01  
5.074705e+00 5.307937e+00 1.331861e+01 2.038038e+01 3.612329e+01  
5.145444e+00 5.195932e+00 1.299908e+01 1.986392e+01 3.516926e+01  
5.217169e+00 5.085748e+00 1.268565e+01 1.935834e+01 3.423724e+01  
5.289893e+00 4.977368e+00 1.237826e+01 1.886455e+01 3.332687e+01  
5.363631e+00 4.870774e+00 1.207686e+01 1.838031e+01 3.243778e+01  
5.438397e+00 4.765948e+00 1.178137e+01 1.790653e+01 3.156961e+01  
5.514206e+00 4.662913e+00 1.149174e+01 1.744307e+01 3.072200e+01  
5.591071e+00 4.561525e+00 1.120788e+01 1.698975e+01 2.989457e+01  
5.669007e+00 4.461891e+00 1.092975e+01 1.654539e+01 2.908698e+01  
5.748030e+00 4.363955e+00 1.065727e+01 1.611195e+01 2.829885e+01  
5.828155e+00 4.267695e+00 1.039036e+01 1.568822e+01 2.752982e+01  
5.909396e+00 4.173097e+00 1.012897e+01 1.527406e+01 2.677954e+01  
5.991770e+00 4.080141e+00 9.873017e+00 1.486931e+01 2.604765e+01  
6.075292e+00 3.988811e+00 9.622436e+00 1.447383e+01 2.533382e+01  
6.159978e+00 3.899089e+00 9.377153e+00 1.408745e+01 2.463761e+01  
6.245845e+00 3.810957e+00 9.137097e+00 1.371005e+01 2.395879e+01  
6.332908e+00 3.724399e+00 8.902195e+00 1.334145e+01 2.329694e+01  
6.421186e+00 3.639397e+00 8.672375e+00 1.298152e+01 2.265064e+01  
6.510694e+00 3.555933e+00 8.447564e+00 1.263010e+01 2.202178e+01  
6.601449e+00 3.473992e+00 8.227687e+00 1.228803e+01 2.140998e+01  
6.693470e+00 3.393554e+00 8.012673e+00 1.195318e+01 2.081268e+01  
6.786773e+00 3.314605e+00 7.801411e+00 1.162639e+01 2.023069e+01  
6.881377e+00 3.237116e+00 7.592415e+00 1.130752e+01 1.966367e+01  
6.977300e+00 3.161090e+00 7.395028e+00 1.099642e+01 1.911129e+01  
7.074559e+00 3.086500e+00 7.198723e+00 1.069202e+01 1.857326e+01  
7.173175e+00 3.013329e+00 7.006909e+00 1.039694e+01 1.804925e+01  
7.273165e+00 2.941560e+00 6.819513e+00 1.010828e+01 1.753896e+01  
7.374549e+00 2.871177e+00 6.636460e+00 9.826812e+00 1.704210e+01  
7.477346e+00 2.802161e+00 6.457679e+00 9.552393e+00 1.655831e+01  
7.581576e+00 2.734497e+00 6.284104e+00 9.284039e+00 1.608730e+01  
7.687260e+00 2.668167e+00 6.113639e+00 9.023317e+00 1.562884e+01  
7.794416e+00 2.603154e+00 5.947224e+00 8.769227e+00 1.518259e+01  
7.903066e+00 2.539442e+00 5.784787e+00 8.521634e+00 1.474827e+01  
8.013230e+00 2.477129e+00 5.626256e+00 8.280401e+00 1.432487e+01  
8.124930e+00 2.415968e+00 5.471559e+00 8.045398e+00 1.391362e+01  
8.238187e+00 2.355939e+00 5.320626e+00 7.816485e+00 1.351417e+01  
8.353023e+00 2.297256e+00 5.173384e+00 7.593540e+00 1.312485e+01  
8.469460e+00 2.239790e+00 5.029764e+00 7.376987e+00 1.274609e+01  
8.587519e+00 2.183524e+00 4.889696e+00 7.165572e+00 1.237769e+01  
8.707225e+00 2.128438e+00 4.753110e+00 6.959740e+00 1.201939e+01  
8.828599e+00 2.074518e+00 4.619940e+00 6.759366e+00 1.167090e+01  
8.951665e+00 2.021740e+00 4.489182e+00 6.564326e+00 1.133200e+01  
9.076446e+00 1.970099e+00 4.363569e+00 6.374502e+00 1.100247e+01  
9.202967e+00 1.919572e+00 4.240054e+00 6.189861e+00 1.068200e+01  
9.331251e+00 1.870142e+00 4.119873e+00 6.010095e+00 1.037045e+01  
9.461324e+00 1.821917e+00 4.002774e+00 5.835331e+00 1.006757e+01  
9.593209e+00 1.774631e+00 3.888691e+00 5.664540e+00 9.773119e+00  
9.726934e+00 1.728273e+00 3.777562e+00 5.499058e+00 9.486900e+00  
9.862522e+00 1.683065e+00 3.669324e+00 5.338032e+00 9.208673e+00  
1.000000e+01 1.638870e+00 3.563913e+00 5.181563e+00 8.938302e+00  
