1.000000e-02 6.168099e+03 1.120103e+04 1.509890e+04 2.236132e+04  
1.013939e-02 6.201305e+03 1.126106e+04 1.517955e+04 2.248010e+04  
1.028073e-02 6.233952e+03 1.132007e+04 1.525881e+04 2.259681e+04  
1.042404e-02 6.266019e+03 1.137801e+04 1.533663e+04 2.271137e+04  
1.056935e-02 6.297485e+03 1.143486e+04 1.541297e+04 2.282371e+04  
1.071668e-02 6.328328e+03 1.149057e+04 1.548776e+04 2.293374e+04  
1.086606e-02 6.358525e+03 1.154509e+04 1.556095e+04 2.304138e+04  
1.101753e-02 6.388051e+03 1.159839e+04 1.563247e+04 2.314655e+04  
1.117111e-02 6.416881e+03 1.165041e+04 1.570228e+04 2.324915e+04  
1.132683e-02 6.444990e+03 1.170112e+04 1.577030e+04 2.334908e+04  
1.148472e-02 6.472351e+03 1.175046e+04 1.583647e+04 2.344626e+04  
1.164481e-02 6.498940e+03 1.179839e+04 1.590073e+04 2.354059e+04  
1.180713e-02 6.524730e+03 1.184487e+04 1.596302e+04 2.363197e+04  
1.197171e-02 6.549696e+03 1.188983e+04 1.602326e+04 2.372032e+04  
1.213859e-02 6.573812e+03 1.193325e+04 1.608141e+04 2.380554e+04  
1.230780e-02 6.597054e+03 1.197506e+04 1.613740e+04 2.388754e+04  
1.247936e-02 6.619395e+03 1.201524e+04 1.619116e+04 2.396623e+04  
1.265332e-02 6.640810e+03 1.205372e+04 1.624264e+04 2.404152e+04  
1.282970e-02 6.661275e+03 1.209047e+04 1.629176e+04 2.411331e+04  
1.300854e-02 6.680765e+03 1.212544e+04 1.633849e+04 2.418151e+04  
1.318987e-02 6.699254e+03 1.215858e+04 1.638274e+04 2.424604e+04  
1.337373e-02 6.716716e+03 1.218985e+04 1.642445e+04 2.430680e+04  
1.356015e-02 6.733123e+03 1.221919e+04 1.646356e+04 2.436368e+04  
1.374917e-02 6.748448e+03 1.224656e+04 1.650001e+04 2.441660e+04  
1.394083e-02 6.762665e+03 1.227191e+04 1.653372e+04 2.446545e+04  
1.413516e-02 6.775749e+03 1.229519e+04 1.656464e+04 2.451014e+04  
1.433219e-02 6.787672e+03 1.231636e+04 1.659269e+04 2.455058e+04  
1.453198e-02 6.798409e+03 1.233536e+04 1.661783e+04 2.458667e+04  
1.473454e-02 6.807933e+03 1.235216e+04 1.663997e+04 2.461832e+04  
1.493993e-02 6.816216e+03 1.236668e+04 1.665906e+04 2.464543e+04  
1.514819e-02 6.823230e+03 1.237890e+04 1.667502e+04 2.466789e+04  
1.535935e-02 6.828951e+03 1.238876e+04 1.668779e+04 2.468562e+04  
1.557345e-02 6.833351e+03 1.239622e+04 1.669732e+04 2.469852e+04  
1.579053e-02 6.836406e+03 1.240122e+04 1.670353e+04 2.470650e+04  
1.601064e-02 6.838091e+03 1.240373e+04 1.670638e+04 2.470948e+04  
1.623382e-02 6.838382e+03 1.240370e+04 1.670579e+04 2.470737e+04  
1.646012e-02 6.837255e+03 1.240108e+04 1.670172e+04 2.470007e+04  
1.668956e-02 6.834688e+03 1.239585e+04 1.669410e+04 2.468752e+04  
1.692220e-02 6.830659e+03 1.238795e+04 1.668289e+04 2.466964e+04  
1.715809e-02 6.825148e+03 1.237735e+04 1.666804e+04 2.464635e+04  
1.739726e-02 6.818137e+03 1.236403e+04 1.664951e+04 2.461760e+04  
1.763977e-02 6.809607e+03 1.234794e+04 1.662724e+04 2.458331e+04  
1.788566e-02 6.799539e+03 1.232905e+04 1.660120e+04 2.454342e+04  
1.813498e-02 6.787913e+03 1.230733e+04 1.657133e+04 2.449785e+04  
1.838777e-02 6.774710e+03 1.228274e+04 1.653759e+04 2.444655e+04  
1.864409e-02 6.759913e+03 1.225526e+04 1.649994e+04 2.438945e+04  
1.890397e-02 6.743506e+03 1.222484e+04 1.645834e+04 2.432650e+04  
1.916748e-02 6.725477e+03 1.219148e+04 1.641277e+04 2.425766e+04  
1.943467e-02 6.705814e+03 1.215515e+04 1.636319e+04 2.418288e+04  
1.970558e-02 6.684507e+03 1.211583e+04 1.630958e+04 2.410214e+04  
1.998026e-02 6.661546e+03 1.207350e+04 1.625192e+04 2.401540e+04  
2.025878e-02 6.636925e+03 1.202817e+04 1.619019e+04 2.392264e+04  
2.054117e-02 6.610640e+03 1.197981e+04 1.612440e+04 2.382385e+04  
2.082751e-02 6.582689e+03 1.192842e+04 1.605452e+04 2.371903e+04  
2.111783e-02 6.553076e+03 1.187402e+04 1.598059e+04 2.360819e+04  
2.141220e-02 6.521804e+03 1.181661e+04 1.590259e+04 2.349136e+04  
2.171068e-02 6.488877e+03 1.175620e+04 1.582056e+04 2.336854e+04  
2.201331e-02 6.454297e+03 1.169279e+04 1.573449e+04 2.323976e+04  
2.232016e-02 6.418068e+03 1.162639e+04 1.564439e+04 2.310502e+04  
2.263130e-02 6.380198e+03 1.155702e+04 1.555028e+04 2.296437e+04  
2.294676e-02 6.340699e+03 1.148469e+04 1.545221e+04 2.281785e+04  
2.326663e-02 6.299586e+03 1.140945e+04 1.535020e+04 2.266552e+04  
2.359095e-02 6.256878e+03 1.133131e+04 1.524431e+04 2.250746e+04  
2.391980e-02 6.212597e+03 1.125033e+04 1.513458e+04 2.234374e+04  
2.425323e-02 6.166762e+03 1.116654e+04 1.502108e+04 2.217444e+04  
2.459130e-02 6.119398e+03 1.107998e+04 1.490386e+04 2.199966e+04  
2.493409e-02 6.070534e+03 1.099071e+04 1.478299e+04 2.181950e+04  
2.528166e-02 6.020202e+03 1.089880e+04 1.465857e+04 2.163410e+04  
2.563407e-02 5.968443e+03 1.080430e+04 1.453067e+04 2.144359e+04  
2.599140e-02 5.915300e+03 1.070730e+04 1.439943e+04 2.124814e+04  
2.635371e-02 5.860820e+03 1.060790e+04 1.426495e+04 2.104793e+04  
2.672106e-02 5.805041e+03 1.050615e+04 1.412732e+04 2.084309e+04  
2.709354e-02 5.748006e+03 1.040214e+04 1.398667e+04 2.063379e+04  
2.747121e-02 5.689764e+03 1.029596e+04 1.384309e+04 2.042021e+04  
2.785414e-02 5.630369e+03 1.018770e+04 1.369674e+04 2.020254e+04  
2.824241e-02 5.569881e+03 1.007748e+04 1.354776e+04 1.998102e+04  
2.863610e-02 5.508369e+03 9.965424e+03 1.339632e+04 1.975589e+04  
2.903527e-02 5.445901e+03 9.851651e+03 1.324259e+04 1.952739e+04  
2.944000e-02 5.382536e+03 9.736274e+03 1.308671e+04 1.929576e+04  
2.985038e-02 5.318338e+03 9.619405e+03 1.292884e+04 1.906122e+04  
3.026648e-02 5.253373e+03 9.501169e+03 1.276914e+04 1.882402e+04  
3.068838e-02 5.187718e+03 9.381703e+03 1.260781e+04 1.858442e+04  
3.111616e-02 5.121454e+03 9.261155e+03 1.244504e+04 1.834274e+04  
3.154990e-02 5.054669e+03 9.139686e+03 1.228104e+04 1.809929e+04  
3.198969e-02 4.987456e+03 9.017463e+03 1.211605e+04 1.785440e+04  
3.243561e-02 4.919890e+03 8.894624e+03 1.195025e+04 1.760835e+04  
3.288774e-02 4.852045e+03 8.771302e+03 1.178382e+04 1.736140e+04  
3.334618e-02 4.783999e+03 8.647640e+03 1.161695e+04 1.711385e+04  
3.381101e-02 4.715839e+03 8.523795e+03 1.144985e+04 1.686600e+04  
3.428231e-02 4.647657e+03 8.399933e+03 1.128275e+04 1.661818e+04  
3.476019e-02 4.579552e+03 8.276233e+03 1.111589e+04 1.637075e+04  
3.524473e-02 4.511627e+03 8.152881e+03 1.094951e+04 1.612408e+04  
3.573602e-02 4.443970e+03 8.030037e+03 1.078384e+04 1.587849e+04  
3.623416e-02 4.376664e+03 7.907851e+03 1.061907e+04 1.563426e+04  
3.673925e-02 4.309797e+03 7.786481e+03 1.045541e+04 1.539173e+04  
3.725137e-02 4.243463e+03 7.666097e+03 1.029310e+04 1.515122e+04  
3.777064e-02 4.177762e+03 7.546876e+03 1.013237e+04 1.491308e+04  
3.829714e-02 4.112798e+03 7.429009e+03 9.973483e+03 1.467769e+04  
3.883098e-02 4.048681e+03 7.312691e+03 9.816693e+03 1.444544e+04  
3.937226e-02 3.985483e+03 7.198052e+03 9.662176e+03 1.421658e+04  
3.992109e-02 3.923249e+03 7.085173e+03 9.510040e+03 1.399127e+04  
4.047757e-02 3.862023e+03 6.974133e+03 9.360392e+03 1.376967e+04  
4.104181e-02 3.801851e+03 6.865013e+03 9.213340e+03 1.355193e+04  
4.161391e-02 3.742779e+03 6.757895e+03 9.068993e+03 1.333822e+04  
4.219398e-02 3.684853e+03 6.652861e+03 8.927462e+03 1.312870e+04  
4.278214e-02 3.628121e+03 6.549997e+03 8.788859e+03 1.292353e+04  
4.337850e-02 3.572649e+03 6.449419e+03 8.653342e+03 1.272295e+04  
4.398317e-02 3.518522e+03 6.351281e+03 8.521113e+03 1.252725e+04  
4.459628e-02 3.465831e+03 6.255743e+03 8.392389e+03 1.233675e+04  
4.521792e-02 3.414671e+03 6.162974e+03 8.267393e+03 1.215178e+04  
4.584824e-02 3.365141e+03 6.073148e+03 8.146358e+03 1.197268e+04  
4.648734e-02 3.317342e+03 5.986447e+03 8.029525e+03 1.179981e+04  
4.713535e-02 3.271375e+03 5.903048e+03 7.917132e+03 1.163350e+04  
4.779239e-02 3.227259e+03 5.822984e+03 7.809217e+03 1.147382e+04  
4.845859e-02 3.184939e+03 5.746151e+03 7.705645e+03 1.132057e+04  
4.913407e-02 3.144348e+03 5.672428e+03 7.606250e+03 1.117350e+04  
4.981898e-02 3.105409e+03 5.601677e+03 7.510846e+03 1.103234e+04  
5.051342e-02 3.068036e+03 5.533739e+03 7.419220e+03 1.089677e+04  
5.121755e-02 3.032131e+03 5.468438e+03 7.331134e+03 1.076645e+04  
5.193150e-02 2.997616e+03 5.405632e+03 7.246400e+03 1.064111e+04  
5.265540e-02 2.964462e+03 5.345267e+03 7.164942e+03 1.052061e+04  
5.338938e-02 2.932639e+03 5.287287e+03 7.086686e+03 1.040487e+04  
5.413360e-02 2.902111e+03 5.231626e+03 7.011541e+03 1.029375e+04  
5.488820e-02 2.872835e+03 5.178204e+03 6.939399e+03 1.018709e+04  
5.565331e-02 2.844761e+03 5.126929e+03 6.870138e+03 1.008470e+04  
5.642908e-02 2.817808e+03 5.077655e+03 6.803562e+03 9.986309e+03  
5.721568e-02 2.791862e+03 5.030176e+03 6.739393e+03 9.891504e+03  
5.801323e-02 2.766794e+03 4.984264e+03 6.677327e+03 9.799839e+03  
5.882190e-02 2.742467e+03 4.939667e+03 6.617028e+03 9.710825e+03  
5.964185e-02 2.718725e+03 4.896112e+03 6.558131e+03 9.623929e+03  
6.047322e-02 2.695415e+03 4.853323e+03 6.500268e+03 9.538610e+03  
6.131619e-02 2.672403e+03 4.811063e+03 6.443124e+03 9.454405e+03  
6.217090e-02 2.649550e+03 4.769085e+03 6.386367e+03 9.370835e+03  
6.303753e-02 2.626705e+03 4.727118e+03 6.329642e+03 9.287377e+03  
6.391624e-02 2.603701e+03 4.684870e+03 6.272557e+03 9.203458e+03  
6.480720e-02 2.580375e+03 4.642051e+03 6.214725e+03 9.118511e+03  
6.571058e-02 2.556581e+03 4.598406e+03 6.155810e+03 9.032047e+03  
6.662655e-02 2.532169e+03 4.553671e+03 6.095463e+03 8.943552e+03  
6.755528e-02 2.506976e+03 4.507560e+03 6.033304e+03 8.852469e+03  
6.849697e-02 2.480829e+03 4.459770e+03 5.968931e+03 8.758208e+03  
6.945178e-02 2.453587e+03 4.410059e+03 5.902024e+03 8.660299e+03  
7.041990e-02 2.425145e+03 4.358242e+03 5.832339e+03 8.558386e+03  
7.140151e-02 2.395390e+03 4.304126e+03 5.759622e+03 8.452088e+03  
7.239681e-02 2.364202e+03 4.247505e+03 5.683601e+03 8.341007e+03  
7.340598e-02 2.331483e+03 4.188210e+03 5.604054e+03 8.224814e+03  
7.442922e-02 2.297196e+03 4.126186e+03 5.520911e+03 8.103403e+03  
7.546673e-02 2.261320e+03 4.061398e+03 5.434125e+03 7.976700e+03  
7.651869e-02 2.223832e+03 3.993811e+03 5.343655e+03 7.844641e+03  
7.758532e-02 2.184727e+03 3.923427e+03 5.249503e+03 7.707226e+03  
7.866682e-02 2.144073e+03 3.850367e+03 5.151834e+03 7.564693e+03  
7.976339e-02 2.101960e+03 3.774797e+03 5.050869e+03 7.417359e+03  
8.087525e-02 2.058489e+03 3.696898e+03 4.946850e+03 7.265579e+03  
8.200261e-02 2.013783e+03 3.616890e+03 4.840072e+03 7.109783e+03  
8.314568e-02 1.968003e+03 3.535063e+03 4.730918e+03 6.950531e+03  
8.430468e-02 1.921334e+03 3.451739e+03 4.619821e+03 6.788452e+03  
8.547985e-02 1.873974e+03 3.367273e+03 4.507247e+03 6.624234e+03  
8.667139e-02 1.826137e+03 3.282040e+03 4.393700e+03 6.458614e+03  
8.787954e-02 1.778049e+03 3.196439e+03 4.279705e+03 6.292364e+03  
8.910453e-02 1.729956e+03 3.110898e+03 4.165832e+03 6.126318e+03  
9.034660e-02 1.682116e+03 3.025870e+03 4.052682e+03 5.961359e+03  
9.160598e-02 1.634778e+03 2.941789e+03 3.940829e+03 5.798335e+03  
9.288292e-02 1.588193e+03 2.859096e+03 3.830855e+03 5.638098e+03  
9.417766e-02 1.542636e+03 2.778265e+03 3.723390e+03 5.481573e+03  
9.549045e-02 1.498393e+03 2.699794e+03 3.619090e+03 5.329724e+03  
9.682153e-02 1.455698e+03 2.624089e+03 3.518494e+03 5.183348e+03  
9.817117e-02 1.414757e+03 2.551506e+03 3.422071e+03 5.043126e+03  
9.953962e-02 1.375790e+03 2.482424e+03 3.330317e+03 4.909791e+03  
1.009272e-01 1.339018e+03 2.417221e+03 3.243735e+03 4.784079e+03  
1.023340e-01 1.304566e+03 2.356113e+03 3.162605e+03 4.666405e+03  
1.037605e-01 1.272507e+03 2.299220e+03 3.087084e+03 4.556997e+03  
1.052069e-01 1.242917e+03 2.246667e+03 3.017332e+03 4.456091e+03  
1.066734e-01 1.215845e+03 2.198530e+03 2.953451e+03 4.363836e+03  
1.081604e-01 1.191231e+03 2.154703e+03 2.895295e+03 4.280025e+03  
1.096681e-01 1.168983e+03 2.115014e+03 2.842636e+03 4.204319e+03  
1.111968e-01 1.148992e+03 2.079270e+03 2.795211e+03 4.136340e+03  
1.127468e-01 1.131106e+03 2.047196e+03 2.752659e+03 4.075560e+03  
1.143184e-01 1.115116e+03 2.018428e+03 2.714494e+03 4.021273e+03  
1.159120e-01 1.100792e+03 1.992558e+03 2.680177e+03 3.972688e+03  
1.175277e-01 1.087882e+03 1.969143e+03 2.649120e+03 3.928945e+03  
1.191660e-01 1.076109e+03 1.947701e+03 2.620686e+03 3.889112e+03  
1.208271e-01 1.065171e+03 1.927708e+03 2.594181e+03 3.852170e+03  
1.225114e-01 1.054744e+03 1.908602e+03 2.568862e+03 3.817024e+03  
1.242191e-01 1.044511e+03 1.889834e+03 2.544003e+03 3.782600e+03  
1.259506e-01 1.034141e+03 1.870835e+03 2.518854e+03 3.747789e+03  
1.277063e-01 1.023286e+03 1.851007e+03 2.492623e+03 3.711412e+03  
1.294865e-01 1.011651e+03 1.829851e+03 2.464649e+03 3.672478e+03  
1.312915e-01 9.989716e+02 1.806911e+03 2.434331e+03 3.630080e+03  
1.331216e-01 9.849742e+02 1.781727e+03 2.401059e+03 3.583305e+03  
1.349772e-01 9.695028e+02 1.754037e+03 2.364487e+03 3.531616e+03  
1.368587e-01 9.524618e+02 1.723683e+03 2.324404e+03 3.474685e+03  
1.387665e-01 9.337757e+02 1.690542e+03 2.280647e+03 3.412251e+03  
1.407008e-01 9.135038e+02 1.654725e+03 2.233361e+03 3.344521e+03  
1.426621e-01 8.917614e+02 1.616431e+03 2.182813e+03 3.271879e+03  
1.446507e-01 8.687030e+02 1.575931e+03 2.129356e+03 3.194845e+03  
1.466671e-01 8.445708e+02 1.533642e+03 2.073544e+03 3.114241e+03  
1.487115e-01 8.196414e+02 1.490040e+03 2.016008e+03 3.031011e+03  
1.507845e-01 7.942231e+02 1.445652e+03 1.957445e+03 2.946194e+03  
1.528864e-01 7.686590e+02 1.401064e+03 1.898628e+03 2.860948e+03  
1.550175e-01 7.433162e+02 1.356902e+03 1.840385e+03 2.776512e+03  
1.571784e-01 7.185686e+02 1.313802e+03 1.783558e+03 2.694147e+03  
1.593694e-01 6.948088e+02 1.272429e+03 1.729024e+03 2.615161e+03  
1.615909e-01 6.723791e+02 1.233364e+03 1.677545e+03 2.540692e+03  
1.638434e-01 6.515602e+02 1.197079e+03 1.629745e+03 2.471669e+03  
1.661273e-01 6.325933e+02 1.163980e+03 1.586158e+03 2.408891e+03  
1.684430e-01 6.155656e+02 1.134209e+03 1.546968e+03 2.352628e+03  
1.707910e-01 6.005202e+02 1.107832e+03 1.512260e+03 2.303008e+03  
1.731717e-01 5.873813e+02 1.084715e+03 1.481855e+03 2.259770e+03  
1.755856e-01 5.760051e+02 1.064608e+03 1.455423e+03 2.222431e+03  
1.780332e-01 5.661924e+02 1.047167e+03 1.432508e+03 2.190315e+03  
1.805149e-01 5.576899e+02 1.031956e+03 1.412539e+03 2.162576e+03  
1.830312e-01 5.502134e+02 1.018492e+03 1.394876e+03 2.138270e+03  
1.855825e-01 5.434445e+02 1.006234e+03 1.378808e+03 2.116340e+03  
1.881694e-01 5.370402e+02 9.945985e+02 1.363564e+03 2.095635e+03  
1.907924e-01 5.306349e+02 9.829695e+02 1.348333e+03 2.074933e+03  
1.934520e-01 5.238670e+02 9.707389e+02 1.332309e+03 2.053024e+03  
1.961486e-01 5.164150e+02 9.573675e+02 1.314782e+03 2.028827e+03  
1.988828e-01 5.080064e+02 9.423999e+02 1.295146e+03 2.001418e+03  
2.016551e-01 4.984840e+02 9.255759e+02 1.273056e+03 1.970261e+03  
2.044661e-01 4.877820e+02 9.067898e+02 1.248372e+03 1.935136e+03  
2.073162e-01 4.759798e+02 8.861793e+02 1.221275e+03 1.896310e+03  
2.102061e-01 4.632398e+02 8.640201e+02 1.192128e+03 1.854326e+03  
2.131362e-01 4.498165e+02 8.407418e+02 1.161501e+03 1.810047e+03  
2.161073e-01 4.360023e+02 8.168372e+02 1.130046e+03 1.764463e+03  
2.191197e-01 4.221199e+02 7.928474e+02 1.098479e+03 1.718661e+03  
2.221741e-01 4.084945e+02 7.693158e+02 1.067518e+03 1.673724e+03  
2.252711e-01 3.954463e+02 7.467768e+02 1.037866e+03 1.630720e+03  
2.284112e-01 3.832492e+02 7.256867e+02 1.010126e+03 1.590557e+03  
2.315951e-01 3.721206e+02 7.064044e+02 9.847694e+02 1.553944e+03  
2.348235e-01 3.621881e+02 6.891389e+02 9.620690e+02 1.521288e+03  
2.380968e-01 3.534862e+02 6.739428e+02 9.420927e+02 1.492692e+03  
2.414157e-01 3.459633e+02 6.607269e+02 9.247228e+02 1.467983e+03  
2.447809e-01 3.394698e+02 6.492371e+02 9.096234e+02 1.446654e+03  
2.481930e-01 3.337863e+02 6.391044e+02 8.963082e+02 1.427978e+03  
2.516527e-01 3.286315e+02 6.298588e+02 8.841581e+02 1.411023e+03  
2.551606e-01 3.236976e+02 6.209890e+02 8.725007e+02 1.394781e+03  
2.587174e-01 3.186852e+02 6.119968e+02 8.606779e+02 1.378251e+03  
2.623238e-01 3.133369e+02 6.024561e+02 8.481273e+02 1.360580e+03  
2.659804e-01 3.074742e+02 5.920730e+02 8.344605e+02 1.341176e+03  
2.696881e-01 3.010056e+02 5.806995e+02 8.194829e+02 1.319743e+03  
2.734474e-01 2.939366e+02 5.683461e+02 8.032072e+02 1.296295e+03  
2.772591e-01 2.863600e+02 5.551684e+02 7.858394e+02 1.271146e+03  
2.811239e-01 2.784391e+02 5.414382e+02 7.677390e+02 1.244844e+03  
2.850426e-01 2.703916e+02 5.275170e+02 7.493845e+02 1.218121e+03  
2.890160e-01 2.624621e+02 5.138071e+02 7.313058e+02 1.191778e+03  
2.930447e-01 2.548860e+02 5.006957e+02 7.140123e+02 1.166589e+03  
2.971296e-01 2.478533e+02 4.884939e+02 6.979133e+02 1.143172e+03  
3.012714e-01 2.414807e+02 4.773916e+02 6.832579e+02 1.121901e+03  
3.054710e-01 2.357974e+02 4.674331e+02 6.701020e+02 1.102858e+03  
3.097291e-01 2.307562e+02 4.585380e+02 6.583390e+02 1.085880e+03  
3.140465e-01 2.262436e+02 4.505181e+02 6.477213e+02 1.070594e+03  
3.184242e-01 2.220912e+02 4.430959e+02 6.378841e+02 1.056451e+03  
3.228628e-01 2.180989e+02 4.359423e+02 6.283944e+02 1.042797e+03  
3.273634e-01 2.140778e+02 4.287480e+02 6.188454e+02 1.029018e+03  
3.319266e-01 2.098817e+02 4.212754e+02 6.089254e+02 1.014645e+03  
3.365535e-01 2.054233e+02 4.133831e+02 5.984492e+02 9.993982e+02  
3.412449e-01 2.006905e+02 4.050520e+02 5.873916e+02 9.832406e+02  
3.460016e-01 1.957433e+02 3.963816e+02 5.758839e+02 9.663730e+02  
3.508247e-01 1.906952e+02 3.875579e+02 5.641720e+02 9.491702e+02  
3.557150e-01 1.856907e+02 3.788163e+02 5.525648e+02 9.320995e+02  
3.606735e-01 1.808755e+02 3.703924e+02 5.413713e+02 9.156254e+02  
3.657011e-01 1.763568e+02 3.624590e+02 5.308171e+02 9.000862e+02  
3.707988e-01 1.721865e+02 3.550993e+02 5.210109e+02 8.856446e+02  
3.759675e-01 1.683697e+02 3.483195e+02 5.119597e+02 8.723085e+02  
3.812083e-01 1.648636e+02 3.420486e+02 5.035695e+02 8.599348e+02  
3.865221e-01 1.615758e+02 3.361357e+02 4.956427e+02 8.482270e+02  
3.919100e-01 1.583882e+02 3.303908e+02 4.879311e+02 8.368150e+02  
3.973730e-01 1.551943e+02 3.246413e+02 4.802092e+02 8.253615e+02  
4.029122e-01 1.519244e+02 3.187757e+02 4.723312e+02 8.136498e+02  
4.085286e-01 1.485645e+02 3.127717e+02 4.642688e+02 8.016393e+02  
4.142232e-01 1.451359e+02 3.066654e+02 4.560703e+02 7.894057e+02  
4.199973e-01 1.416928e+02 3.005430e+02 4.478480e+02 7.771174e+02  
4.258518e-01 1.383086e+02 2.945225e+02 4.397560e+02 7.650040e+02  
4.317880e-01 1.350620e+02 2.887291e+02 4.319570e+02 7.533073e+02  
4.378069e-01 1.319982e+02 2.832347e+02 4.245446e+02 7.421662e+02  
4.439097e-01 1.291228e+02 2.780468e+02 4.175274e+02 7.315906e+02  
4.500975e-01 1.264100e+02 2.731232e+02 4.108501e+02 7.214978e+02  
4.563716e-01 1.238170e+02 2.683951e+02 4.044231e+02 7.117548e+02  
4.627332e-01 1.212869e+02 2.637725e+02 3.981302e+02 7.021916e+02  
4.691835e-01 1.187661e+02 2.591696e+02 3.918598e+02 6.926440e+02  
4.757236e-01 1.162317e+02 2.545505e+02 3.855658e+02 6.830457e+02  
4.823549e-01 1.136924e+02 2.499292e+02 3.792668e+02 6.734257e+02  
4.890787e-01 1.111723e+02 2.453446e+02 3.730138e+02 6.638602e+02  
4.958962e-01 1.087066e+02 2.408513e+02 3.668770e+02 6.544513e+02  
5.028087e-01 1.063299e+02 2.365038e+02 3.609262e+02 6.453007e+02  
5.098176e-01 1.040586e+02 2.323268e+02 3.551934e+02 6.364542e+02  
5.169242e-01 1.018866e+02 2.283110e+02 3.496661e+02 6.278931e+02  
5.241298e-01 9.979349e+01 2.244232e+02 3.443013e+02 6.195543e+02  
5.314359e-01 9.775739e+01 2.206291e+02 3.390548e+02 6.113742e+02  
5.388438e-01 9.574717e+01 2.168801e+02 3.338649e+02 6.032644e+02  
5.463550e-01 9.375741e+01 2.131681e+02 3.287211e+02 5.952111e+02  
5.539709e-01 9.179058e+01 2.094967e+02 3.236280e+02 5.872212e+02  
5.616930e-01 8.985896e+01 2.058847e+02 3.186101e+02 5.793303e+02  
5.695227e-01 8.797834e+01 2.023568e+02 3.136986e+02 5.715829e+02  
5.774615e-01 8.616309e+01 1.989348e+02 3.089212e+02 5.640178e+02  
5.855110e-01 8.440772e+01 1.956096e+02 3.042660e+02 5.566177e+02  
5.936727e-01 8.270567e+01 1.923708e+02 2.997198e+02 5.493638e+02  
6.019482e-01 8.104654e+01 1.892025e+02 2.952625e+02 5.422278e+02  
6.103390e-01 7.941751e+01 1.860850e+02 2.908689e+02 5.351750e+02  
6.188468e-01 7.781518e+01 1.830128e+02 2.865324e+02 5.281964e+02  
6.274732e-01 7.624573e+01 1.799953e+02 2.822648e+02 5.213086e+02  
6.362198e-01 7.471227e+01 1.770373e+02 2.780722e+02 5.145203e+02  
6.450884e-01 7.321826e+01 1.741437e+02 2.739607e+02 5.078396e+02  
6.540806e-01 7.176729e+01 1.713197e+02 2.699365e+02 5.012752e+02  
6.631981e-01 7.035541e+01 1.685591e+02 2.659920e+02 4.948163e+02  
6.724427e-01 6.897560e+01 1.658514e+02 2.621140e+02 4.884446e+02  
6.818162e-01 6.762672e+01 1.631946e+02 2.583000e+02 4.821573e+02  
6.913204e-01 6.630768e+01 1.605869e+02 2.545477e+02 4.759512e+02  
7.009570e-01 6.501763e+01 1.580270e+02 2.508554e+02 4.698243e+02  
7.107280e-01 6.375684e+01 1.555152e+02 2.472238e+02 4.637771e+02  
7.206351e-01 6.252550e+01 1.530517e+02 2.436527e+02 4.578096e+02  
7.306804e-01 6.132380e+01 1.506365e+02 2.401422e+02 4.519221e+02  
7.408657e-01 6.015121e+01 1.482686e+02 2.366913e+02 4.461128e+02  
7.511929e-01 5.900648e+01 1.459464e+02 2.332975e+02 4.403785e+02  
7.616642e-01 5.788790e+01 1.436669e+02 2.299575e+02 4.347150e+02  
7.722814e-01 5.679396e+01 1.414280e+02 2.266685e+02 4.291186e+02  
7.830465e-01 5.572414e+01 1.392287e+02 2.234294e+02 4.235880e+02  
7.939618e-01 5.467832e+01 1.370688e+02 2.202399e+02 4.181226e+02  
8.050292e-01 5.365610e+01 1.349476e+02 2.170991e+02 4.127211e+02  
8.162509e-01 5.265707e+01 1.328644e+02 2.140062e+02 4.073831e+02  
8.276289e-01 5.168063e+01 1.308183e+02 2.109598e+02 4.021064e+02  
8.391656e-01 5.072612e+01 1.288081e+02 2.079588e+02 3.968893e+02  
8.508632e-01 4.979265e+01 1.268325e+02 2.050014e+02 3.917300e+02  
8.627237e-01 4.887962e+01 1.248906e+02 2.020866e+02 3.866271e+02  
8.747496e-01 4.798658e+01 1.229816e+02 1.992134e+02 3.815794e+02  
8.869432e-01 4.711299e+01 1.211047e+02 1.963807e+02 3.765853e+02  
8.993067e-01 4.625819e+01 1.192589e+02 1.935875e+02 3.716438e+02  
9.118425e-01 4.542180e+01 1.174435e+02 1.908329e+02 3.667538e+02  
9.245531e-01 4.460342e+01 1.156579e+02 1.881161e+02 3.619143e+02  
9.374409e-01 4.380260e+01 1.139014e+02 1.854363e+02 3.571241e+02  
9.505083e-01 4.301881e+01 1.121732e+02 1.827926e+02 3.523823e+02  
9.637579e-01 4.225164e+01 1.104726e+02 1.801841e+02 3.476881e+02  
9.771921e-01 4.150064e+01 1.087989e+02 1.776100e+02 3.430401e+02  
9.908137e-01 4.076530e+01 1.071514e+02 1.750695e+02 3.384374e+02  
1.004625e+00 4.004518e+01 1.055295e+02 1.725617e+02 3.338793e+02  
1.018629e+00 3.933993e+01 1.039324e+02 1.700861e+02 3.293651e+02  
1.032828e+00 3.864918e+01 1.023598e+02 1.676418e+02 3.248937e+02  
1.047225e+00 3.797250e+01 1.008109e+02 1.652282e+02 3.204644e+02  
1.061823e+00 3.730954e+01 9.928521e+01 1.628448e+02 3.160766e+02  
1.076624e+00 3.665994e+01 9.778221e+01 1.604909e+02 3.117298e+02  
1.091632e+00 3.602336e+01 9.630136e+01 1.581657e+02 3.074229e+02  
1.106848e+00 3.539943e+01 9.484213e+01 1.558689e+02 3.031555e+02  
1.122277e+00 3.478787e+01 9.340409e+01 1.535998e+02 2.989272e+02  
1.137921e+00 3.418834e+01 9.198676e+01 1.513580e+02 2.947374e+02  
1.153783e+00 3.360055e+01 9.058967e+01 1.491428e+02 2.905852e+02  
1.169866e+00 3.302420e+01 8.921240e+01 1.469539e+02 2.864704e+02  
1.186174e+00 3.245898e+01 8.785452e+01 1.447908e+02 2.823927e+02  
1.202708e+00 3.190457e+01 8.651558e+01 1.426529e+02 2.783515e+02  
1.219473e+00 3.136073e+01 8.519516e+01 1.405398e+02 2.743460e+02  
1.236472e+00 3.082718e+01 8.389291e+01 1.384511e+02 2.703762e+02  
1.253708e+00 3.030364e+01 8.260846e+01 1.363864e+02 2.664418e+02  
1.271184e+00 2.978986e+01 8.134143e+01 1.343454e+02 2.625423e+02  
1.288904e+00 2.928562e+01 8.009145e+01 1.323275e+02 2.586772e+02  
1.306870e+00 2.879066e+01 7.885824e+01 1.303325e+02 2.548465e+02  
1.325087e+00 2.830475e+01 7.764146e+01 1.283601e+02 2.510498e+02  
1.343558e+00 2.782765e+01 7.644077e+01 1.264099e+02 2.472868e+02  
1.362287e+00 2.735920e+01 7.525589e+01 1.244816e+02 2.435572e+02  
1.381276e+00 2.691842e+01 7.408657e+01 1.225749e+02 2.398610e+02  
1.400531e+00 2.644732e+01 7.293251e+01 1.206895e+02 2.361979e+02  
1.420053e+00 2.600349e+01 7.179343e+01 1.188251e+02 2.325676e+02  
1.439848e+00 2.556751e+01 7.066907e+01 1.169815e+02 2.289699e+02  
1.459919e+00 2.513914e+01 6.955918e+01 1.151584e+02 2.254049e+02  
1.480269e+00 2.471818e+01 6.846350e+01 1.133555e+02 2.218722e+02  
1.500903e+00 2.430449e+01 6.738179e+01 1.115726e+02 2.183718e+02  
1.521825e+00 2.389790e+01 6.631382e+01 1.098095e+02 2.149035e+02  
1.543038e+00 2.349823e+01 6.525941e+01 1.080660e+02 2.114673e+02  
1.564548e+00 2.310531e+01 6.421832e+01 1.063419e+02 2.080631e+02  
1.586357e+00 2.271901e+01 6.319035e+01 1.046369e+02 2.046907e+02  
1.608469e+00 2.233917e+01 6.217530e+01 1.029508e+02 2.013502e+02  
1.630891e+00 2.196563e+01 6.117300e+01 1.012835e+02 1.980414e+02  
1.653624e+00 2.159825e+01 6.018325e+01 9.963491e+01 1.947644e+02  
1.676675e+00 2.123692e+01 5.920588e+01 9.800469e+01 1.915191e+02  
1.700047e+00 2.088149e+01 5.824072e+01 9.639274e+01 1.883055e+02  
1.723745e+00 2.053183e+01 5.728763e+01 9.479893e+01 1.851236e+02  
1.747773e+00 2.018783e+01 5.634644e+01 9.322311e+01 1.819734e+02  
1.772136e+00 1.984936e+01 5.541698e+01 9.166508e+01 1.788549e+02  
1.796838e+00 1.951630e+01 5.449911e+01 9.012474e+01 1.757680e+02  
1.821885e+00 1.918853e+01 5.359268e+01 8.860197e+01 1.727129e+02  
1.847281e+00 1.886594e+01 5.269759e+01 8.709663e+01 1.696895e+02  
1.873032e+00 1.854843e+01 5.181364e+01 8.560856e+01 1.666979e+02  
1.899141e+00 1.823588e+01 5.094073e+01 8.413766e+01 1.637381e+02  
1.925614e+00 1.792819e+01 5.007876e+01 8.268384e+01 1.608102e+02  
1.952456e+00 1.762528e+01 4.922759e+01 8.124698e+01 1.579141e+02  
1.979672e+00 1.732705e+01 4.838708e+01 7.982694e+01 1.550500e+02  
2.007267e+00 1.703340e+01 4.755715e+01 7.842365e+01 1.522179e+02  
2.035248e+00 1.674425e+01 4.673768e+01 7.703701e+01 1.494179e+02  
2.063618e+00 1.645951e+01 4.592856e+01 7.566691e+01 1.466499e+02  
2.092383e+00 1.617908e+01 4.512967e+01 7.431324e+01 1.439140e+02  
2.121550e+00 1.590290e+01 4.434093e+01 7.297593e+01 1.412104e+02  
2.151123e+00 1.563089e+01 4.356224e+01 7.165490e+01 1.385390e+02  
2.181109e+00 1.536296e+01 4.279350e+01 7.035005e+01 1.358999e+02  
2.211512e+00 1.509906e+01 4.203461e+01 6.906128e+01 1.332931e+02  
2.242340e+00 1.483910e+01 4.128550e+01 6.778854e+01 1.307187e+02  
2.273597e+00 1.458302e+01 4.054608e+01 6.653174e+01 1.281766e+02  
2.305289e+00 1.433075e+01 3.981624e+01 6.529079e+01 1.256671e+02  
2.337424e+00 1.408222e+01 3.909591e+01 6.406562e+01 1.231900e+02  
2.370006e+00 1.383736e+01 3.838500e+01 6.285615e+01 1.207453e+02  
2.403043e+00 1.359612e+01 3.768344e+01 6.166232e+01 1.183332e+02  
2.436540e+00 1.335843e+01 3.699115e+01 6.048404e+01 1.159536e+02  
2.470504e+00 1.312423e+01 3.630803e+01 5.932125e+01 1.136065e+02  
2.504942e+00 1.289347e+01 3.563404e+01 5.817387e+01 1.112919e+02  
2.539859e+00 1.266611e+01 3.496909e+01 5.704178e+01 1.090098e+02  
2.575263e+00 1.244208e+01 3.431311e+01 5.592509e+01 1.067601e+02  
2.611161e+00 1.222133e+01 3.366603e+01 5.482355e+01 1.045429e+02  
2.647559e+00 1.200383e+01 3.302777e+01 5.373714e+01 1.023581e+02  
2.684465e+00 1.178950e+01 3.239827e+01 5.266581e+01 1.002056e+02  
2.721885e+00 1.157830e+01 3.177745e+01 5.160947e+01 9.808531e+01  
2.759826e+00 1.137019e+01 3.116526e+01 5.056806e+01 9.599724e+01  
2.798297e+00 1.116513e+01 3.056162e+01 4.954141e+01 9.394129e+01  
2.837304e+00 1.096307e+01 2.996647e+01 4.852966e+01 9.191734e+01  
2.876854e+00 1.076396e+01 2.938052e+01 4.753274e+01 8.992529e+01  
2.916956e+00 1.056778e+01 2.880216e+01 4.655037e+01 8.796502e+01  
2.957617e+00 1.037448e+01 2.823209e+01 4.558258e+01 8.603642e+01  
2.998844e+00 1.018401e+01 2.767027e+01 4.462930e+01 8.413932e+01  
3.040646e+00 9.996337e+00 2.711662e+01 4.369045e+01 8.227359e+01  
3.083031e+00 9.811431e+00 2.657108e+01 4.276595e+01 8.043907e+01  
3.126007e+00 9.629251e+00 2.603359e+01 4.185574e+01 7.863558e+01  
3.169582e+00 9.449763e+00 2.550410e+01 4.095974e+01 7.686295e+01  
3.213764e+00 9.272922e+00 2.498253e+01 4.007785e+01 7.512097e+01  
3.258562e+00 9.098714e+00 2.446883e+01 3.921001e+01 7.340945e+01  
3.303985e+00 8.927095e+00 2.396294e+01 3.835613e+01 7.172819e+01  
3.350041e+00 8.758036e+00 2.346480e+01 3.751613e+01 7.007694e+01  
3.396739e+00 8.591501e+00 2.297435e+01 3.668991e+01 6.845548e+01  
3.444087e+00 8.427460e+00 2.249154e+01 3.587738e+01 6.686358e+01  
3.492096e+00 8.265884e+00 2.201629e+01 3.507847e+01 6.530098e+01  
3.540774e+00 8.106745e+00 2.154856e+01 3.429307e+01 6.376744e+01  
3.590130e+00 7.950010e+00 2.112676e+01 3.352108e+01 6.226269e+01  
3.640175e+00 7.795654e+00 2.063540e+01 3.276241e+01 6.078644e+01  
3.690917e+00 7.643650e+00 2.018985e+01 3.201697e+01 5.933844e+01  
3.742366e+00 7.493969e+00 1.975158e+01 3.128461e+01 5.791838e+01  
3.794533e+00 7.346583e+00 1.932052e+01 3.056529e+01 5.652598e+01  
3.847427e+00 7.201467e+00 1.889663e+01 2.985861e+01 5.516094e+01  
3.901058e+00 7.058595e+00 1.847983e+01 2.916497e+01 5.382295e+01  
3.955436e+00 6.917941e+00 1.807006e+01 2.848401e+01 5.251170e+01  
4.010573e+00 6.779479e+00 1.766728e+01 2.781562e+01 5.122689e+01  
4.066478e+00 6.643185e+00 1.727141e+01 2.715967e+01 4.996818e+01  
4.123163e+00 6.509036e+00 1.688239e+01 2.651604e+01 4.873526e+01  
4.180637e+00 6.377006e+00 1.650017e+01 2.588463e+01 4.752779e+01  
4.238913e+00 6.247071e+00 1.612468e+01 2.526529e+01 4.634546e+01  
4.298001e+00 6.119209e+00 1.575586e+01 2.465791e+01 4.518791e+01  
4.357913e+00 5.993397e+00 1.539364e+01 2.406235e+01 4.405482e+01  
4.418660e+00 5.869611e+00 1.503797e+01 2.347849e+01 4.294585e+01  
4.480254e+00 5.747828e+00 1.468878e+01 2.290620e+01 4.186065e+01  
4.542706e+00 5.628028e+00 1.434527e+01 2.234533e+01 4.079887e+01  
4.606029e+00 5.510187e+00 1.400885e+01 2.179577e+01 3.976018e+01  
4.670234e+00 5.394283e+00 1.367872e+01 2.125735e+01 3.874247e+01  
4.735335e+00 5.280294e+00 1.335479e+01 2.072996e+01 3.774889e+01  
4.801343e+00 5.168200e+00 1.303774e+01 2.021345e+01 3.677735e+01  
4.868271e+00 5.057980e+00 1.272605e+01 1.970768e+01 3.582751e+01  
4.936132e+00 4.949611e+00 1.242039e+01 1.921251e+01 3.489901e+01  
5.004939e+00 4.843073e+00 1.212067e+01 1.872809e+01 3.399150e+01  
5.074705e+00 4.738346e+00 1.182684e+01 1.825369e+01 3.310463e+01  
5.145444e+00 4.635409e+00 1.153882e+01 1.778944e+01 3.223807e+01  
5.217169e+00 4.534241e+00 1.125654e+01 1.733521e+01 3.139145e+01  
5.289893e+00 4.434822e+00 1.097993e+01 1.689055e+01 3.056444e+01  
5.363631e+00 4.337156e+00 1.070893e+01 1.645591e+01 2.975668e+01  
5.438397e+00 4.241176e+00 1.044346e+01 1.603085e+01 2.896785e+01  
5.514206e+00 4.146860e+00 1.018345e+01 1.561523e+01 2.819758e+01  
5.591071e+00 4.054238e+00 9.928833e+00 1.520889e+01 2.744556e+01  
5.669007e+00 3.963266e+00 9.679530e+00 1.481168e+01 2.671143e+01  
5.748030e+00 3.873925e+00 9.435471e+00 1.442347e+01 2.599487e+01  
5.828155e+00 3.786194e+00 9.196583e+00 1.404409e+01 2.529553e+01  
5.909396e+00 3.700056e+00 8.962795e+00 1.367341e+01 2.461310e+01  
5.991770e+00 3.615490e+00 8.734033e+00 1.331127e+01 2.394726e+01  
6.075292e+00 3.532478e+00 8.510223e+00 1.295753e+01 2.329936e+01  
6.159978e+00 3.451001e+00 8.291292e+00 1.261205e+01 2.266568e+01  
6.245845e+00 3.371039e+00 8.077167e+00 1.227467e+01 2.204591e+01  
6.332908e+00 3.292575e+00 7.867773e+00 1.194526e+01 2.144482e+01  
6.421186e+00 3.215590e+00 7.663038e+00 1.162367e+01 2.085702e+01  
6.510694e+00 3.140064e+00 7.462888e+00 1.130975e+01 2.028391e+01  
6.601449e+00 3.065980e+00 7.266712e+00 1.100337e+01 1.972516e+01  
6.693470e+00 2.993319e+00 7.075515e+00 1.070431e+01 1.918049e+01  
6.786773e+00 2.922063e+00 6.889212e+00 1.041264e+01 1.864960e+01  
6.881377e+00 2.852193e+00 6.706666e+00 1.012802e+01 1.813060e+01  
6.977300e+00 2.783692e+00 6.528340e+00 9.850374e+00 1.762640e+01  
7.074559e+00 2.716542e+00 6.354160e+00 9.579565e+00 1.713510e+01  
7.173175e+00 2.650724e+00 6.184053e+00 9.315458e+00 1.665644e+01  
7.273165e+00 2.586220e+00 6.017948e+00 9.057921e+00 1.619012e+01  
7.374549e+00 2.523014e+00 5.855772e+00 8.806811e+00 1.573588e+01  
7.477346e+00 2.461086e+00 5.696957e+00 8.562013e+00 1.529345e+01  
7.581576e+00 2.400420e+00 5.542433e+00 8.323389e+00 1.486256e+01  
7.687260e+00 2.340998e+00 5.392116e+00 8.090810e+00 1.444295e+01  
7.794416e+00 2.282801e+00 5.244953e+00 7.864152e+00 1.403436e+01  
7.903066e+00 2.225856e+00 5.101369e+00 7.643286e+00 1.363655e+01  
8.013230e+00 2.170018e+00 4.961294e+00 7.428090e+00 1.324926e+01  
8.124930e+00 2.115396e+00 4.824661e+00 7.218444e+00 1.287362e+01  
8.238187e+00 2.061932e+00 4.691312e+00 7.014421e+00 1.250661e+01  
8.353023e+00 2.009606e+00 4.561362e+00 6.815508e+00 1.214808e+01  
8.469460e+00 1.958404e+00 4.434654e+00 6.621779e+00 1.180047e+01  
8.587519e+00 1.908307e+00 4.311121e+00 6.433123e+00 1.146220e+01  
8.707225e+00 1.859298e+00 4.190699e+00 6.249429e+00 1.113304e+01  
8.828599e+00 1.811362e+00 4.073400e+00 6.070584e+00 1.081278e+01  
8.951665e+00 1.764480e+00 3.958994e+00 5.896471e+00 1.050121e+01  
9.076446e+00 1.718636e+00 3.847527e+00 5.727001e+00 1.019912e+01  
9.202967e+00 1.673814e+00 3.738839e+00 5.562048e+00 9.903256e+00  
9.331251e+00 1.630042e+00 3.633020e+00 5.401507e+00 9.616470e+00  
9.461324e+00 1.587217e+00 3.529938e+00 5.245283e+00 9.338240e+00  
9.593209e+00 1.545306e+00 3.429533e+00 5.093075e+00 9.066965e+00  
9.726934e+00 1.504411e+00 3.331746e+00 4.945211e+00 8.803163e+00  
9.862522e+00 1.464450e+00 3.236520e+00 4.801336e+00 8.546464e+00  
1.000000e+01 1.425412e+00 3.143797e+00 4.661479e+00 8.297052e+00  
