1.000000e-02 5.406010e+03 9.858108e+03 1.333805e+04 1.990075e+04  
1.013939e-02 5.436596e+03 9.913664e+03 1.341299e+04 2.001202e+04  
1.028073e-02 5.466735e+03 9.968396e+03 1.348682e+04 2.012161e+04  
1.042404e-02 5.496405e+03 1.002227e+04 1.355947e+04 2.022944e+04  
1.056935e-02 5.525588e+03 1.007525e+04 1.363091e+04 2.033544e+04  
1.071668e-02 5.554264e+03 1.012729e+04 1.370109e+04 2.043954e+04  
1.086606e-02 5.582412e+03 1.017837e+04 1.376994e+04 2.054166e+04  
1.101753e-02 5.610013e+03 1.022845e+04 1.383744e+04 2.064172e+04  
1.117111e-02 5.637046e+03 1.027748e+04 1.390351e+04 2.073966e+04  
1.132683e-02 5.663490e+03 1.032543e+04 1.396812e+04 2.083540e+04  
1.148472e-02 5.689325e+03 1.037226e+04 1.403121e+04 2.092886e+04  
1.164481e-02 5.714531e+03 1.041794e+04 1.409273e+04 2.101996e+04  
1.180713e-02 5.739086e+03 1.046243e+04 1.415263e+04 2.110863e+04  
1.197171e-02 5.762969e+03 1.050569e+04 1.421086e+04 2.119479e+04  
1.213859e-02 5.786155e+03 1.054766e+04 1.426735e+04 2.127834e+04  
1.230780e-02 5.808622e+03 1.058832e+04 1.432205e+04 2.135921e+04  
1.247936e-02 5.830346e+03 1.062762e+04 1.437490e+04 2.143731e+04  
1.265332e-02 5.851303e+03 1.066551e+04 1.442585e+04 2.151254e+04  
1.282970e-02 5.871470e+03 1.070195e+04 1.447482e+04 2.158484e+04  
1.300854e-02 5.890823e+03 1.073691e+04 1.452178e+04 2.165409e+04  
1.318987e-02 5.909339e+03 1.077033e+04 1.456665e+04 2.172023e+04  
1.337373e-02 5.926995e+03 1.080217e+04 1.460939e+04 2.178317e+04  
1.356015e-02 5.943769e+03 1.083240e+04 1.464994e+04 2.184282e+04  
1.374917e-02 5.959639e+03 1.086097e+04 1.468824e+04 2.189911e+04  
1.394083e-02 5.974582e+03 1.088785e+04 1.472423e+04 2.195195e+04  
1.413516e-02 5.988578e+03 1.091299e+04 1.475788e+04 2.200127e+04  
1.433219e-02 6.001604e+03 1.093636e+04 1.478911e+04 2.204698e+04  
1.453198e-02 6.013638e+03 1.095791e+04 1.481789e+04 2.208901e+04  
1.473454e-02 6.024655e+03 1.097760e+04 1.484414e+04 2.212726e+04  
1.493993e-02 6.034630e+03 1.099539e+04 1.486780e+04 2.216163e+04  
1.514819e-02 6.043537e+03 1.101122e+04 1.488881e+04 2.219205e+04  
1.535935e-02 6.051352e+03 1.102505e+04 1.490712e+04 2.221841e+04  
1.557345e-02 6.058050e+03 1.103684e+04 1.492265e+04 2.224063e+04  
1.579053e-02 6.063607e+03 1.104654e+04 1.493536e+04 2.225862e+04  
1.601064e-02 6.068000e+03 1.105412e+04 1.494518e+04 2.227230e+04  
1.623382e-02 6.071208e+03 1.105953e+04 1.495207e+04 2.228158e+04  
1.646012e-02 6.073208e+03 1.106273e+04 1.495596e+04 2.228640e+04  
1.668956e-02 6.073980e+03 1.106368e+04 1.495681e+04 2.228667e+04  
1.692220e-02 6.073506e+03 1.106236e+04 1.495458e+04 2.228232e+04  
1.715809e-02 6.071766e+03 1.105872e+04 1.494921e+04 2.227329e+04  
1.739726e-02 6.068742e+03 1.105274e+04 1.494066e+04 2.225952e+04  
1.763977e-02 6.064420e+03 1.104439e+04 1.492890e+04 2.224095e+04  
1.788566e-02 6.058779e+03 1.103363e+04 1.491388e+04 2.221750e+04  
1.813498e-02 6.051800e+03 1.102042e+04 1.489555e+04 2.218912e+04  
1.838777e-02 6.043465e+03 1.100474e+04 1.487386e+04 2.215572e+04  
1.864409e-02 6.033756e+03 1.098655e+04 1.484878e+04 2.211726e+04  
1.890397e-02 6.022660e+03 1.096583e+04 1.482027e+04 2.207368e+04  
1.916748e-02 6.010160e+03 1.094255e+04 1.478830e+04 2.202493e+04  
1.943467e-02 5.996246e+03 1.091668e+04 1.475283e+04 2.197096e+04  
1.970558e-02 5.980905e+03 1.088821e+04 1.471384e+04 2.191174e+04  
1.998026e-02 5.964126e+03 1.085713e+04 1.467129e+04 2.184723e+04  
2.025878e-02 5.945902e+03 1.082340e+04 1.462518e+04 2.177739e+04  
2.054117e-02 5.926225e+03 1.078702e+04 1.457549e+04 2.170222e+04  
2.082751e-02 5.905090e+03 1.074799e+04 1.452221e+04 2.162168e+04  
2.111783e-02 5.882498e+03 1.070630e+04 1.446532e+04 2.153579e+04  
2.141220e-02 5.858447e+03 1.066196e+04 1.440485e+04 2.144454e+04  
2.171068e-02 5.832937e+03 1.061495e+04 1.434078e+04 2.134794e+04  
2.201331e-02 5.805968e+03 1.056529e+04 1.427312e+04 2.124599e+04  
2.232016e-02 5.777538e+03 1.051297e+04 1.420186e+04 2.113868e+04  
2.263130e-02 5.747652e+03 1.045799e+04 1.412702e+04 2.102604e+04  
2.294676e-02 5.716314e+03 1.040038e+04 1.404861e+04 2.090808e+04  
2.326663e-02 5.683535e+03 1.034014e+04 1.396665e+04 2.078484e+04  
2.359095e-02 5.649326e+03 1.027730e+04 1.388119e+04 2.065638e+04  
2.391980e-02 5.613702e+03 1.021189e+04 1.379224e+04 2.052275e+04  
2.425323e-02 5.576678e+03 1.014394e+04 1.369986e+04 2.038401e+04  
2.459130e-02 5.538268e+03 1.007346e+04 1.360408e+04 2.024021e+04  
2.493409e-02 5.498496e+03 1.000051e+04 1.350496e+04 2.009145e+04  
2.528166e-02 5.457385e+03 9.925134e+03 1.340256e+04 1.993781e+04  
2.563407e-02 5.414966e+03 9.847379e+03 1.329696e+04 1.977941e+04  
2.599140e-02 5.371271e+03 9.767311e+03 1.318823e+04 1.961638e+04  
2.635371e-02 5.326338e+03 9.684996e+03 1.307648e+04 1.944884e+04  
2.672106e-02 5.280197e+03 9.600493e+03 1.296177e+04 1.927693e+04  
2.709354e-02 5.232880e+03 9.513859e+03 1.284420e+04 1.910076e+04  
2.747121e-02 5.184425e+03 9.425163e+03 1.272384e+04 1.892046e+04  
2.785414e-02 5.134872e+03 9.334481e+03 1.260081e+04 1.873620e+04  
2.824241e-02 5.084268e+03 9.241899e+03 1.247522e+04 1.854815e+04  
2.863610e-02 5.032665e+03 9.147513e+03 1.234721e+04 1.835651e+04  
2.903527e-02 4.980121e+03 9.051425e+03 1.221690e+04 1.816147e+04  
2.944000e-02 4.926685e+03 8.953731e+03 1.208444e+04 1.796325e+04  
2.985038e-02 4.872409e+03 8.854520e+03 1.194993e+04 1.776201e+04  
3.026648e-02 4.817346e+03 8.753895e+03 1.181353e+04 1.755796e+04  
3.068838e-02 4.761559e+03 8.651966e+03 1.167538e+04 1.735134e+04  
3.111616e-02 4.705113e+03 8.548856e+03 1.153565e+04 1.714238e+04  
3.154990e-02 4.648082e+03 8.444698e+03 1.139452e+04 1.693137e+04  
3.198969e-02 4.590544e+03 8.339636e+03 1.125217e+04 1.671857e+04  
3.243561e-02 4.532569e+03 8.233796e+03 1.110879e+04 1.650426e+04  
3.288774e-02 4.474219e+03 8.127290e+03 1.096453e+04 1.628867e+04  
3.334618e-02 4.415558e+03 8.020238e+03 1.081954e+04 1.607202e+04  
3.381101e-02 4.356657e+03 7.912768e+03 1.067400e+04 1.585458e+04  
3.428231e-02 4.297594e+03 7.805020e+03 1.052810e+04 1.563663e+04  
3.476019e-02 4.238449e+03 7.697142e+03 1.038204e+04 1.541847e+04  
3.524473e-02 4.179312e+03 7.589297e+03 1.023604e+04 1.520043e+04  
3.573602e-02 4.120266e+03 7.481636e+03 1.009030e+04 1.498281e+04  
3.623416e-02 4.061384e+03 7.374289e+03 9.945000e+03 1.476588e+04  
3.673925e-02 4.002738e+03 7.267391e+03 9.800322e+03 1.454989e+04  
3.725137e-02 3.944408e+03 7.161085e+03 9.656458e+03 1.433515e+04  
3.777064e-02 3.886479e+03 7.055523e+03 9.513614e+03 1.412196e+04  
3.829714e-02 3.829040e+03 6.950868e+03 9.372009e+03 1.391064e+04  
3.883098e-02 3.772187e+03 6.847293e+03 9.231875e+03 1.370154e+04  
3.937226e-02 3.716007e+03 6.744956e+03 9.093426e+03 1.349497e+04  
3.992109e-02 3.660548e+03 6.643944e+03 8.956780e+03 1.329112e+04  
4.047757e-02 3.605853e+03 6.544333e+03 8.822038e+03 1.309013e+04  
4.104181e-02 3.551964e+03 6.446199e+03 8.689303e+03 1.289216e+04  
4.161391e-02 3.498925e+03 6.349621e+03 8.558680e+03 1.269736e+04  
4.219398e-02 3.446779e+03 6.254679e+03 8.430276e+03 1.250589e+04  
4.278214e-02 3.395574e+03 6.161454e+03 8.304203e+03 1.231791e+04  
4.337850e-02 3.345357e+03 6.070035e+03 8.180578e+03 1.213361e+04  
4.398317e-02 3.296197e+03 5.980544e+03 8.059566e+03 1.195323e+04  
4.459628e-02 3.248172e+03 5.893120e+03 7.941355e+03 1.177703e+04  
4.521792e-02 3.201364e+03 5.807911e+03 7.826139e+03 1.160533e+04  
4.584824e-02 3.155857e+03 5.725067e+03 7.714123e+03 1.143841e+04  
4.648734e-02 3.111739e+03 5.644746e+03 7.605519e+03 1.127659e+04  
4.713535e-02 3.069104e+03 5.567114e+03 7.500547e+03 1.112021e+04  
4.779239e-02 3.028027e+03 5.492307e+03 7.399392e+03 1.096952e+04  
4.845859e-02 2.988498e+03 5.420303e+03 7.302021e+03 1.082449e+04  
4.913407e-02 2.950475e+03 5.351027e+03 7.208333e+03 1.068497e+04  
4.981898e-02 2.913909e+03 5.284388e+03 7.118205e+03 1.055077e+04  
5.051342e-02 2.878745e+03 5.220282e+03 7.031497e+03 1.042168e+04  
5.121755e-02 2.844916e+03 5.158591e+03 6.948049e+03 1.029748e+04  
5.193150e-02 2.812350e+03 5.099183e+03 6.867684e+03 1.017788e+04  
5.265540e-02 2.780998e+03 5.041966e+03 6.790275e+03 1.006272e+04  
5.338938e-02 2.750818e+03 4.986866e+03 6.715724e+03 9.951842e+03  
5.413360e-02 2.721766e+03 4.933799e+03 6.643918e+03 9.845079e+03  
5.488820e-02 2.693789e+03 4.882670e+03 6.574725e+03 9.742239e+03  
5.565331e-02 2.666827e+03 4.833368e+03 6.508000e+03 9.643106e+03  
5.642908e-02 2.640814e+03 4.785775e+03 6.443583e+03 9.547444e+03  
5.721568e-02 2.615689e+03 4.739780e+03 6.381321e+03 9.455030e+03  
5.801323e-02 2.591387e+03 4.695263e+03 6.321056e+03 9.365628e+03  
5.882190e-02 2.567836e+03 4.652093e+03 6.262611e+03 9.278978e+03  
5.964185e-02 2.544953e+03 4.610124e+03 6.205790e+03 9.194791e+03  
6.047322e-02 2.522651e+03 4.569194e+03 6.150374e+03 9.112743e+03  
6.131619e-02 2.500814e+03 4.529100e+03 6.096092e+03 9.032432e+03  
6.217090e-02 2.479310e+03 4.489599e+03 6.042618e+03 8.953377e+03  
6.303753e-02 2.457989e+03 4.450427e+03 5.989597e+03 8.875055e+03  
6.391624e-02 2.436690e+03 4.411295e+03 5.936643e+03 8.796890e+03  
6.480720e-02 2.415241e+03 4.371894e+03 5.883342e+03 8.718269e+03  
6.571058e-02 2.393491e+03 4.331958e+03 5.829338e+03 8.638664e+03  
6.662655e-02 2.371314e+03 4.291261e+03 5.774329e+03 8.557628e+03  
6.755528e-02 2.348571e+03 4.249559e+03 5.717989e+03 8.474675e+03  
6.849697e-02 2.325115e+03 4.206591e+03 5.659969e+03 8.389285e+03  
6.945178e-02 2.300797e+03 4.162093e+03 5.599915e+03 8.300932e+03  
7.041990e-02 2.275504e+03 4.115869e+03 5.537569e+03 8.209230e+03  
7.140151e-02 2.249137e+03 4.067743e+03 5.472695e+03 8.113824e+03  
7.239681e-02 2.221587e+03 4.017526e+03 5.405040e+03 8.014338e+03  
7.340598e-02 2.192741e+03 3.965023e+03 5.334346e+03 7.910380e+03  
7.442922e-02 2.162531e+03 3.910115e+03 5.260454e+03 7.801714e+03  
7.546673e-02 2.130934e+03 3.852765e+03 5.183317e+03 7.688261e+03  
7.651869e-02 2.097929e+03 3.792942e+03 5.102893e+03 7.569956e+03  
7.758532e-02 2.063496e+03 3.730616e+03 5.019146e+03 7.446739e+03  
7.866682e-02 2.027656e+03 3.665826e+03 4.932127e+03 7.318681e+03  
7.976339e-02 1.990482e+03 3.598707e+03 4.842017e+03 7.186049e+03  
8.087525e-02 1.952059e+03 3.529414e+03 4.749028e+03 7.049148e+03  
8.200261e-02 1.912483e+03 3.458122e+03 4.653391e+03 6.908324e+03  
8.314568e-02 1.871872e+03 3.385040e+03 4.555391e+03 6.763993e+03  
8.430468e-02 1.830366e+03 3.310423e+03 4.455365e+03 6.616656e+03  
8.547985e-02 1.788121e+03 3.234547e+03 4.353685e+03 6.466863e+03  
8.667139e-02 1.745306e+03 3.157714e+03 4.250755e+03 6.315214e+03  
8.787954e-02 1.702102e+03 3.080247e+03 4.147007e+03 6.162352e+03  
8.910453e-02 1.658706e+03 3.002494e+03 4.042906e+03 6.008968e+03  
9.034660e-02 1.615331e+03 2.924833e+03 3.938957e+03 5.855812e+03  
9.160598e-02 1.572193e+03 2.847643e+03 3.835668e+03 5.703646e+03  
9.288292e-02 1.529496e+03 2.771286e+03 3.733520e+03 5.553185e+03  
9.417766e-02 1.487456e+03 2.696143e+03 3.633023e+03 5.405186e+03  
9.549045e-02 1.446308e+03 2.622624e+03 3.534722e+03 5.260466e+03  
9.682153e-02 1.406284e+03 2.551141e+03 3.439168e+03 5.119846e+03  
9.817117e-02 1.367585e+03 2.482040e+03 3.346822e+03 4.984013e+03  
9.953962e-02 1.330411e+03 2.415675e+03 3.258154e+03 4.853668e+03  
1.009272e-01 1.294978e+03 2.352419e+03 3.173661e+03 4.729555e+03  
1.023340e-01 1.261477e+03 2.292609e+03 3.093790e+03 4.612341e+03  
1.037605e-01 1.230011e+03 2.236419e+03 3.018772e+03 4.502369e+03  
1.052069e-01 1.200669e+03 2.183999e+03 2.948805e+03 4.399936e+03  
1.066734e-01 1.173538e+03 2.135501e+03 2.884089e+03 4.305344e+03  
1.081604e-01 1.148652e+03 2.090976e+03 2.824690e+03 4.218695e+03  
1.096681e-01 1.125957e+03 2.050324e+03 2.770472e+03 4.139787e+03  
1.111968e-01 1.105382e+03 2.013415e+03 2.721262e+03 4.068367e+03  
1.127468e-01 1.086841e+03 1.980091e+03 2.676845e+03 4.004118e+03  
1.143184e-01 1.070170e+03 1.950061e+03 2.636834e+03 3.946472e+03  
1.159120e-01 1.055166e+03 1.922964e+03 2.600743e+03 3.894706e+03  
1.175277e-01 1.041604e+03 1.898398e+03 2.568040e+03 3.848029e+03  
1.191660e-01 1.029246e+03 1.875947e+03 2.538167e+03 3.805616e+03  
1.208271e-01 1.017848e+03 1.855179e+03 2.510546e+03 3.766607e+03  
1.225114e-01 1.007141e+03 1.835621e+03 2.484550e+03 3.730065e+03  
1.242191e-01 9.968474e+02 1.816788e+03 2.459531e+03 3.695018e+03  
1.259506e-01 9.866966e+02 1.798208e+03 2.434858e+03 3.660524e+03  
1.277063e-01 9.763991e+02 1.779376e+03 2.409861e+03 3.625569e+03  
1.294865e-01 9.656650e+02 1.759790e+03 2.383868e+03 3.589137e+03  
1.312915e-01 9.542528e+02 1.739032e+03 2.356321e+03 3.550380e+03  
1.331216e-01 9.419159e+02 1.716678e+03 2.326655e+03 3.508434e+03  
1.349772e-01 9.284296e+02 1.692341e+03 2.294353e+03 3.462505e+03  
1.368587e-01 9.136696e+02 1.665811e+03 2.259132e+03 3.412152e+03  
1.387665e-01 8.975249e+02 1.636899e+03 2.220742e+03 3.356979e+03  
1.407008e-01 8.799364e+02 1.605510e+03 2.179054e+03 3.296778e+03  
1.426621e-01 8.609556e+02 1.571737e+03 2.134191e+03 3.231725e+03  
1.446507e-01 8.406561e+02 1.535713e+03 2.086328e+03 3.162074e+03  
1.466671e-01 8.191878e+02 1.497700e+03 2.035819e+03 3.088352e+03  
1.487115e-01 7.967815e+02 1.458102e+03 1.983201e+03 3.011374e+03  
1.507845e-01 7.736935e+02 1.417364e+03 1.929067e+03 2.932037e+03  
1.528864e-01 7.502139e+02 1.375989e+03 1.874090e+03 2.851361e+03  
1.550175e-01 7.266617e+02 1.334527e+03 1.819004e+03 2.770465e+03  
1.571784e-01 7.033687e+02 1.293553e+03 1.764575e+03 2.690513e+03  
1.593694e-01 6.806702e+02 1.253643e+03 1.711571e+03 2.612671e+03  
1.615909e-01 6.589104e+02 1.215388e+03 1.660779e+03 2.538134e+03  
1.638434e-01 6.383596e+02 1.179252e+03 1.612815e+03 2.467837e+03  
1.661273e-01 6.192654e+02 1.145657e+03 1.568241e+03 2.402634e+03  
1.684430e-01 6.018049e+02 1.114903e+03 1.527455e+03 2.343125e+03  
1.707910e-01 5.860692e+02 1.087144e+03 1.490658e+03 2.289615e+03  
1.731717e-01 5.721030e+02 1.062449e+03 1.457941e+03 2.242247e+03  
1.755856e-01 5.598348e+02 1.040691e+03 1.429136e+03 2.200770e+03  
1.780332e-01 5.491529e+02 1.021674e+03 1.403977e+03 2.164786e+03  
1.805149e-01 5.398719e+02 1.005072e+03 1.382034e+03 2.133650e+03  
1.830312e-01 5.317656e+02 9.904945e+02 1.362786e+03 2.106581e+03  
1.855825e-01 5.245691e+02 9.774839e+02 1.345625e+03 2.082663e+03  
1.881694e-01 5.179840e+02 9.655265e+02 1.329866e+03 2.060861e+03  
1.907924e-01 5.116901e+02 9.540731e+02 1.314780e+03 2.040065e+03  
1.934520e-01 5.053464e+02 9.425407e+02 1.299589e+03 2.019091e+03  
1.961486e-01 4.986389e+02 9.303947e+02 1.283581e+03 1.996845e+03  
1.988828e-01 4.912787e+02 9.171437e+02 1.266099e+03 1.972313e+03  
2.016551e-01 4.830559e+02 9.024331e+02 1.246669e+03 1.944759e+03  
2.044661e-01 4.738328e+02 8.860317e+02 1.224982e+03 1.913699e+03  
2.073162e-01 4.635870e+02 8.679054e+02 1.200992e+03 1.879051e+03  
2.102061e-01 4.523854e+02 8.481715e+02 1.174853e+03 1.841049e+03  
2.131362e-01 4.403784e+02 8.270888e+02 1.146913e+03 1.800220e+03  
2.161073e-01 4.277739e+02 8.050138e+02 1.117646e+03 1.757300e+03  
2.191197e-01 4.148380e+02 7.824002e+02 1.087659e+03 1.713220e+03  
2.221741e-01 4.018669e+02 7.597510e+02 1.057624e+03 1.669015e+03  
2.252711e-01 3.891685e+02 7.375887e+02 1.028236e+03 1.625755e+03  
2.284112e-01 3.770339e+02 7.164054e+02 1.000151e+03 1.584450e+03  
2.315951e-01 3.657155e+02 6.966264e+02 9.739346e+02 1.545964e+03  
2.348235e-01 3.553939e+02 6.785541e+02 9.499870e+02 1.510908e+03  
2.380968e-01 3.461788e+02 6.623703e+02 9.285484e+02 1.479648e+03  
2.414157e-01 3.380689e+02 6.480693e+02 9.096106e+02 1.452173e+03  
2.447809e-01 3.309964e+02 6.355322e+02 8.930138e+02 1.428238e+03  
2.481930e-01 3.248299e+02 6.245336e+02 8.784580e+02 1.407388e+03  
2.516527e-01 3.193739e+02 6.147408e+02 8.655008e+02 1.388947e+03  
2.551606e-01 3.143867e+02 6.057449e+02 8.535995e+02 1.372090e+03  
2.587174e-01 3.095935e+02 5.970818e+02 8.421362e+02 1.355868e+03  
2.623238e-01 3.047146e+02 5.882808e+02 8.304847e+02 1.339320e+03  
2.659804e-01 2.995011e+02 5.789249e+02 8.180897e+02 1.321589e+03  
2.696881e-01 2.937891e+02 5.687406e+02 8.045873e+02 1.302114e+03  
2.734474e-01 2.875176e+02 5.576276e+02 7.898434e+02 1.280684e+03  
2.772591e-01 2.807155e+02 5.456368e+02 7.739259e+02 1.257403e+03  
2.811239e-01 2.734875e+02 5.329454e+02 7.570715e+02 1.232637e+03  
2.850426e-01 2.659888e+02 5.198159e+02 7.396310e+02 1.206932e+03  
2.890160e-01 2.584043e+02 5.065578e+02 7.220162e+02 1.180921e+03  
2.930447e-01 2.509405e+02 4.935163e+02 7.046866e+02 1.155314e+03  
2.971296e-01 2.438171e+02 4.810579e+02 6.881290e+02 1.130860e+03  
3.012714e-01 2.372111e+02 4.694762e+02 6.727328e+02 1.108156e+03  
3.054710e-01 2.312312e+02 4.589496e+02 6.587330e+02 1.087558e+03  
3.097291e-01 2.258985e+02 4.495104e+02 6.461711e+02 1.069128e+03  
3.140465e-01 2.211427e+02 4.410392e+02 6.348880e+02 1.052622e+03  
3.184242e-01 2.168426e+02 4.333324e+02 6.246133e+02 1.037626e+03  
3.228628e-01 2.128460e+02 4.261356e+02 6.150091e+02 1.023621e+03  
3.273634e-01 2.089854e+02 4.191702e+02 6.057060e+02 1.010043e+03  
3.319266e-01 2.050963e+02 4.121633e+02 5.963428e+02 9.963394e+02  
3.365535e-01 2.010392e+02 4.048849e+02 5.866146e+02 9.820443e+02  
3.412449e-01 1.967284e+02 3.971940e+02 5.763349e+02 9.668719e+02  
3.460016e-01 1.921644e+02 3.890931e+02 5.655077e+02 9.508309e+02  
3.508247e-01 1.874179e+02 3.807003e+02 5.542906e+02 9.341657e+02  
3.557150e-01 1.826098e+02 3.722158e+02 5.429493e+02 9.172854e+02  
3.606735e-01 1.778661e+02 3.638474e+02 5.317587e+02 9.006110e+02  
3.657011e-01 1.733045e+02 3.557882e+02 5.209742e+02 8.845324e+02  
3.707988e-01 1.690208e+02 3.481947e+02 5.108025e+02 8.693642e+02  
3.759675e-01 1.650692e+02 3.411543e+02 5.013575e+02 8.552778e+02  
3.812083e-01 1.614550e+02 3.346740e+02 4.926474e+02 8.422826e+02  
3.865221e-01 1.581195e+02 3.286559e+02 4.845425e+02 8.301803e+02  
3.919100e-01 1.549644e+02 3.229385e+02 4.768299e+02 8.186481e+02  
3.973730e-01 1.518898e+02 3.173579e+02 4.692932e+02 8.073574e+02  
4.029122e-01 1.488093e+02 3.117728e+02 4.617465e+02 7.960269e+02  
4.085286e-01 1.456618e+02 3.060841e+02 4.540597e+02 7.844616e+02  
4.142232e-01 1.424244e+02 3.002559e+02 4.461866e+02 7.725949e+02  
4.199973e-01 1.391249e+02 2.943335e+02 4.381870e+02 7.605184e+02  
4.258518e-01 1.358272e+02 2.884211e+02 4.301984e+02 7.484410e+02  
4.317880e-01 1.326037e+02 2.826359e+02 4.223748e+02 7.365954e+02  
4.378069e-01 1.295114e+02 2.770703e+02 4.148374e+02 7.251649e+02  
4.439097e-01 1.265889e+02 2.717855e+02 4.076656e+02 7.142660e+02  
4.500975e-01 1.238452e+02 2.667950e+02 4.008763e+02 7.039226e+02  
4.563716e-01 1.212570e+02 2.620604e+02 3.944188e+02 6.940574e+02  
4.627332e-01 1.187705e+02 2.574943e+02 3.881791e+02 6.845010e+02  
4.691835e-01 1.163320e+02 2.530103e+02 3.820438e+02 6.750834e+02  
4.757236e-01 1.139050e+02 2.485498e+02 3.759366e+02 6.656922e+02  
4.823549e-01 1.114679e+02 2.440783e+02 3.698132e+02 6.562629e+02  
4.890787e-01 1.090252e+02 2.396035e+02 3.636841e+02 6.468136e+02  
4.958962e-01 1.066047e+02 2.351699e+02 3.576074e+02 6.374302e+02  
5.028087e-01 1.042456e+02 2.308397e+02 3.516637e+02 6.282320e+02  
5.098176e-01 1.019727e+02 2.266522e+02 3.459040e+02 6.192940e+02  
5.169242e-01 9.979686e+01 2.226243e+02 3.403500e+02 6.106475e+02  
5.241298e-01 9.771578e+01 2.187513e+02 3.349949e+02 6.022811e+02  
5.314359e-01 9.571045e+01 2.150028e+02 3.297993e+02 5.941366e+02  
5.388438e-01 9.375211e+01 2.113331e+02 3.247042e+02 5.861286e+02  
5.463550e-01 9.181676e+01 2.077046e+02 3.196613e+02 5.781871e+02  
5.539709e-01 8.990254e+01 2.041141e+02 3.146664e+02 5.703075e+02  
5.616930e-01 8.801193e+01 2.005655e+02 3.097249e+02 5.624972e+02  
5.695227e-01 8.615568e+01 1.970759e+02 3.048587e+02 5.547891e+02  
5.774615e-01 8.435302e+01 1.936750e+02 3.001062e+02 5.472378e+02  
5.855110e-01 8.261160e+01 1.903744e+02 2.954814e+02 5.398629e+02  
5.936727e-01 8.092559e+01 1.871646e+02 2.909724e+02 5.326467e+02  
6.019482e-01 7.929150e+01 1.840400e+02 2.865720e+02 5.255792e+02  
6.103390e-01 7.769702e+01 1.809814e+02 2.822553e+02 5.186250e+02  
6.188468e-01 7.612818e+01 1.779669e+02 2.779948e+02 5.117453e+02  
6.274732e-01 7.458829e+01 1.750017e+02 2.737968e+02 5.049494e+02  
6.362198e-01 7.307801e+01 1.720867e+02 2.696632e+02 4.982403e+02  
6.450884e-01 7.160279e+01 1.692302e+02 2.656038e+02 4.916319e+02  
6.540806e-01 7.016925e+01 1.664421e+02 2.616311e+02 4.851408e+02  
6.631981e-01 6.877563e+01 1.637193e+02 2.577413e+02 4.787617e+02  
6.724427e-01 6.741893e+01 1.610573e+02 2.539286e+02 4.724867e+02  
6.818162e-01 6.609208e+01 1.584452e+02 2.501791e+02 4.662966e+02  
6.913204e-01 6.479432e+01 1.558815e+02 2.464911e+02 4.601889e+02  
7.009570e-01 6.352550e+01 1.533659e+02 2.428641e+02 4.541631e+02  
7.107280e-01 6.228544e+01 1.508983e+02 2.392981e+02 4.482194e+02  
7.206351e-01 6.107386e+01 1.484779e+02 2.357920e+02 4.423560e+02  
7.306804e-01 5.989049e+01 1.461042e+02 2.323449e+02 4.365717e+02  
7.408657e-01 5.873504e+01 1.437765e+02 2.289562e+02 4.308655e+02  
7.511929e-01 5.760698e+01 1.414942e+02 2.256250e+02 4.252365e+02  
7.616642e-01 5.650534e+01 1.392555e+02 2.223490e+02 4.196812e+02  
7.722814e-01 5.542903e+01 1.370587e+02 2.191259e+02 4.141968e+02  
7.830465e-01 5.437687e+01 1.349019e+02 2.159537e+02 4.087803e+02  
7.939618e-01 5.334822e+01 1.327842e+02 2.128311e+02 4.034303e+02  
8.050292e-01 5.234263e+01 1.307047e+02 2.097569e+02 3.981450e+02  
8.162509e-01 5.135968e+01 1.286626e+02 2.067302e+02 3.929233e+02  
8.276289e-01 5.039887e+01 1.266573e+02 2.037500e+02 3.877639e+02  
8.391656e-01 4.945973e+01 1.246879e+02 2.008155e+02 3.826655e+02  
8.508632e-01 4.854160e+01 1.227533e+02 1.979251e+02 3.776263e+02  
8.627237e-01 4.764381e+01 1.208524e+02 1.950775e+02 3.726444e+02  
8.747496e-01 4.676577e+01 1.189843e+02 1.922717e+02 3.677185e+02  
8.869432e-01 4.590700e+01 1.171483e+02 1.895067e+02 3.628474e+02  
8.993067e-01 4.506692e+01 1.153433e+02 1.867813e+02 3.580296e+02  
9.118425e-01 4.424493e+01 1.135686e+02 1.840944e+02 3.532636e+02  
9.245531e-01 4.344064e+01 1.118233e+02 1.814452e+02 3.485484e+02  
9.374409e-01 4.265370e+01 1.101071e+02 1.788330e+02 3.438833e+02  
9.505083e-01 4.188364e+01 1.084190e+02 1.762568e+02 3.392669e+02  
9.637579e-01 4.113001e+01 1.067584e+02 1.737159e+02 3.346983e+02  
9.771921e-01 4.039245e+01 1.051248e+02 1.712094e+02 3.301765e+02  
9.908137e-01 3.967047e+01 1.035173e+02 1.687367e+02 3.257005e+02  
1.004625e+00 3.896355e+01 1.019351e+02 1.662965e+02 3.212692e+02  
1.018629e+00 3.827128e+01 1.003777e+02 1.638882e+02 3.168816e+02  
1.032828e+00 3.759337e+01 9.884453e+01 1.615113e+02 3.125371e+02  
1.047225e+00 3.692942e+01 9.733503e+01 1.591651e+02 3.082349e+02  
1.061823e+00 3.627903e+01 9.584854e+01 1.568487e+02 3.039741e+02  
1.076624e+00 3.564187e+01 9.438456e+01 1.545617e+02 2.997541e+02  
1.091632e+00 3.501766e+01 9.294269e+01 1.523034e+02 2.955742e+02  
1.106848e+00 3.440598e+01 9.152228e+01 1.500732e+02 2.914336e+02  
1.122277e+00 3.380649e+01 9.012281e+01 1.478705e+02 2.873319e+02  
1.137921e+00 3.321891e+01 8.874384e+01 1.456948e+02 2.832683e+02  
1.153783e+00 3.264297e+01 8.738502e+01 1.435456e+02 2.792423e+02  
1.169866e+00 3.207830e+01 8.604576e+01 1.414224e+02 2.752535e+02  
1.186174e+00 3.152462e+01 8.472564e+01 1.393245e+02 2.713012e+02  
1.202708e+00 3.098167e+01 8.342428e+01 1.372517e+02 2.673851e+02  
1.219473e+00 3.044919e+01 8.214131e+01 1.352034e+02 2.635046e+02  
1.236472e+00 2.992684e+01 8.087625e+01 1.331792e+02 2.596594e+02  
1.253708e+00 2.941436e+01 7.962875e+01 1.311787e+02 2.558490e+02  
1.271184e+00 2.891166e+01 7.839849e+01 1.292015e+02 2.520732e+02  
1.288904e+00 2.841837e+01 7.718514e+01 1.272472e+02 2.483315e+02  
1.306870e+00 2.793426e+01 7.598832e+01 1.253155e+02 2.446236e+02  
1.325087e+00 2.745913e+01 7.480772e+01 1.234060e+02 2.409493e+02  
1.343558e+00 2.699273e+01 7.364300e+01 1.215183e+02 2.373083e+02  
1.362287e+00 2.653485e+01 7.249387e+01 1.196522e+02 2.337003e+02  
1.381276e+00 2.608526e+01 7.136000e+01 1.178072e+02 2.301250e+02  
1.400531e+00 2.564377e+01 7.024114e+01 1.159832e+02 2.265822e+02  
1.420053e+00 2.521019e+01 6.913700e+01 1.141798e+02 2.230718e+02  
1.439848e+00 2.478433e+01 6.804734e+01 1.123968e+02 2.195936e+02  
1.459919e+00 2.436601e+01 6.697191e+01 1.106339e+02 2.161474e+02  
1.480269e+00 2.395505e+01 6.591046e+01 1.088909e+02 2.127330e+02  
1.500903e+00 2.355127e+01 6.486275e+01 1.071675e+02 2.093503e+02  
1.521825e+00 2.315452e+01 6.382856e+01 1.054635e+02 2.059993e+02  
1.543038e+00 2.276461e+01 6.280767e+01 1.037786e+02 2.026797e+02  
1.564548e+00 2.238137e+01 6.179983e+01 1.021127e+02 1.993915e+02  
1.586357e+00 2.200463e+01 6.080484e+01 1.004655e+02 1.961346e+02  
1.608469e+00 2.163426e+01 5.982251e+01 9.883690e+01 1.929090e+02  
1.630891e+00 2.127012e+01 5.885267e+01 9.722664e+01 1.897145e+02  
1.653624e+00 2.091207e+01 5.789513e+01 9.563458e+01 1.865512e+02  
1.676675e+00 2.055998e+01 5.694971e+01 9.406054e+01 1.834190e+02  
1.700047e+00 2.021373e+01 5.601626e+01 9.250436e+01 1.803179e+02  
1.723745e+00 1.987317e+01 5.509460e+01 9.096589e+01 1.772478e+02  
1.747773e+00 1.953815e+01 5.418455e+01 8.944496e+01 1.742089e+02  
1.772136e+00 1.920858e+01 5.328596e+01 8.794143e+01 1.712009e+02  
1.796838e+00 1.888434e+01 5.239871e+01 8.645516e+01 1.682240e+02  
1.821885e+00 1.856531e+01 5.152264e+01 8.498602e+01 1.652782e+02  
1.847281e+00 1.825138e+01 5.065760e+01 8.353389e+01 1.623635e+02  
1.873032e+00 1.794245e+01 4.980348e+01 8.209863e+01 1.594799e+02  
1.899141e+00 1.763842e+01 4.896014e+01 8.068013e+01 1.566274e+02  
1.925614e+00 1.733916e+01 4.812745e+01 7.927827e+01 1.538061e+02  
1.952456e+00 1.704459e+01 4.730529e+01 7.789294e+01 1.510160e+02  
1.979672e+00 1.675463e+01 4.649354e+01 7.652402e+01 1.482571e+02  
2.007267e+00 1.646917e+01 4.569209e+01 7.517143e+01 1.455295e+02  
2.035248e+00 1.618812e+01 4.490084e+01 7.383506e+01 1.428333e+02  
2.063618e+00 1.591141e+01 4.411968e+01 7.251482e+01 1.401684e+02  
2.092383e+00 1.563895e+01 4.334850e+01 7.121061e+01 1.375349e+02  
2.121550e+00 1.537067e+01 4.258721e+01 6.992233e+01 1.349329e+02  
2.151123e+00 1.510646e+01 4.183570e+01 6.864990e+01 1.323623e+02  
2.181109e+00 1.484628e+01 4.109389e+01 6.739324e+01 1.298233e+02  
2.211512e+00 1.459004e+01 4.036167e+01 6.615224e+01 1.273158e+02  
2.242340e+00 1.433766e+01 3.963895e+01 6.492684e+01 1.248398e+02  
2.273597e+00 1.408907e+01 3.892566e+01 6.371696e+01 1.223955e+02  
2.305289e+00 1.384421e+01 3.822171e+01 6.252251e+01 1.199829e+02  
2.337424e+00 1.360302e+01 3.752700e+01 6.134342e+01 1.176018e+02  
2.370006e+00 1.336544e+01 3.684147e+01 6.017961e+01 1.152525e+02  
2.403043e+00 1.313139e+01 3.616504e+01 5.903101e+01 1.129348e+02  
2.436540e+00 1.290083e+01 3.549762e+01 5.789754e+01 1.106487e+02  
2.470504e+00 1.267369e+01 3.483914e+01 5.677913e+01 1.083943e+02  
2.504942e+00 1.244991e+01 3.418952e+01 5.567570e+01 1.061716e+02  
2.539859e+00 1.222945e+01 3.354869e+01 5.458720e+01 1.039804e+02  
2.575263e+00 1.201225e+01 3.291659e+01 5.351353e+01 1.018208e+02  
2.611161e+00 1.179826e+01 3.229313e+01 5.245465e+01 9.969277e+01  
2.647559e+00 1.158743e+01 3.167825e+01 5.141046e+01 9.759619e+01  
2.684465e+00 1.137971e+01 3.107189e+01 5.038091e+01 9.553104e+01  
2.721885e+00 1.117506e+01 3.047396e+01 4.936593e+01 9.349723e+01  
2.759826e+00 1.097342e+01 2.988442e+01 4.836543e+01 9.149469e+01  
2.798297e+00 1.077476e+01 2.930319e+01 4.737935e+01 8.952332e+01  
2.837304e+00 1.057902e+01 2.873020e+01 4.640763e+01 8.758302e+01  
2.876854e+00 1.038618e+01 2.816540e+01 4.545018e+01 8.567367e+01  
2.916956e+00 1.019617e+01 2.760871e+01 4.450694e+01 8.379516e+01  
2.957617e+00 1.000898e+01 2.706009e+01 4.357782e+01 8.194735e+01  
2.998844e+00 9.824558e+00 2.651949e+01 4.266276e+01 8.013010e+01  
3.040646e+00 9.642864e+00 2.598680e+01 4.176168e+01 7.834325e+01  
3.083031e+00 9.463866e+00 2.546197e+01 4.087451e+01 7.658664e+01  
3.126007e+00 9.287526e+00 2.494497e+01 4.000116e+01 7.486008e+01  
3.169582e+00 9.113808e+00 2.443571e+01 3.914155e+01 7.316341e+01  
3.213764e+00 8.942675e+00 2.393414e+01 3.829561e+01 7.149641e+01  
3.258562e+00 8.774101e+00 2.344020e+01 3.746326e+01 6.985876e+01  
3.303985e+00 8.608050e+00 2.295384e+01 3.664440e+01 6.825063e+01  
3.350041e+00 8.444490e+00 2.247499e+01 3.583895e+01 6.667141e+01  
3.396739e+00 8.283390e+00 2.200359e+01 3.504682e+01 6.512099e+01  
3.444087e+00 8.124720e+00 2.153959e+01 3.426793e+01 6.359914e+01  
3.492096e+00 7.968450e+00 2.108292e+01 3.350218e+01 6.210561e+01  
3.540774e+00 7.814550e+00 2.063353e+01 3.274948e+01 6.064014e+01  
3.590130e+00 7.662992e+00 2.019135e+01 3.200973e+01 5.920246e+01  
3.640175e+00 7.513749e+00 1.975634e+01 3.128284e+01 5.779231e+01  
3.690917e+00 7.366791e+00 1.932842e+01 3.056927e+01 5.640940e+01  
3.742366e+00 7.222092e+00 1.890754e+01 2.986777e+01 5.505345e+01  
3.794533e+00 7.079627e+00 1.849364e+01 2.917882e+01 5.372416e+01  
3.847427e+00 6.939369e+00 1.808667e+01 2.850233e+01 5.242125e+01  
3.901058e+00 6.801292e+00 1.768655e+01 2.783816e+01 5.114441e+01  
3.955436e+00 6.665371e+00 1.729324e+01 2.718621e+01 4.989333e+01  
4.010573e+00 6.531583e+00 1.690667e+01 2.654637e+01 4.866770e+01  
4.066478e+00 6.399901e+00 1.652678e+01 2.591852e+01 4.746721e+01  
4.123163e+00 6.270303e+00 1.615351e+01 2.530253e+01 4.629153e+01  
4.180637e+00 6.142765e+00 1.578679e+01 2.469830e+01 4.514033e+01  
4.238913e+00 6.017262e+00 1.542658e+01 2.410570e+01 4.401330e+01  
4.298001e+00 5.893773e+00 1.507280e+01 2.352461e+01 4.291011e+01  
4.357913e+00 5.772274e+00 1.472540e+01 2.295490e+01 4.183041e+01  
4.418660e+00 5.652743e+00 1.438431e+01 2.239644e+01 4.077388e+01  
4.480254e+00 5.535158e+00 1.404946e+01 2.184911e+01 3.974019e+01  
4.542706e+00 5.419497e+00 1.372079e+01 2.131277e+01 3.872898e+01  
4.606029e+00 5.305739e+00 1.339826e+01 2.078729e+01 3.773993e+01  
4.670234e+00 5.193861e+00 1.308178e+01 2.027254e+01 3.677269e+01  
4.735335e+00 5.083842e+00 1.277129e+01 1.976838e+01 3.582695e+01  
4.801343e+00 4.975662e+00 1.246674e+01 1.927468e+01 3.490235e+01  
4.868271e+00 4.869299e+00 1.216804e+01 1.879129e+01 3.400029e+01  
4.936132e+00 4.764733e+00 1.187513e+01 1.831809e+01 3.311685e+01  
5.004939e+00 4.661943e+00 1.158795e+01 1.785492e+01 3.225352e+01  
5.074705e+00 4.560910e+00 1.130644e+01 1.740166e+01 3.140997e+01  
5.145444e+00 4.461612e+00 1.103051e+01 1.695751e+01 3.058584e+01  
5.217169e+00 4.364030e+00 1.076012e+01 1.652363e+01 2.978080e+01  
5.289893e+00 4.268143e+00 1.049518e+01 1.609921e+01 2.899453e+01  
5.363631e+00 4.173933e+00 1.023563e+01 1.568414e+01 2.822667e+01  
5.438397e+00 4.081364e+00 9.981399e+00 1.527888e+01 2.747691e+01  
5.514206e+00 3.990446e+00 9.732419e+00 1.488204e+01 2.674490e+01  
5.591071e+00 3.901164e+00 9.488619e+00 1.449410e+01 2.603032e+01  
5.669007e+00 3.813463e+00 9.249930e+00 1.411492e+01 2.533284e+01  
5.748030e+00 3.727342e+00 9.016281e+00 1.374435e+01 2.465214e+01  
5.828155e+00 3.642781e+00 8.787601e+00 1.338227e+01 2.398790e+01  
5.909396e+00 3.559762e+00 8.563820e+00 1.302851e+01 2.333980e+01  
5.991770e+00 3.478265e+00 8.344867e+00 1.268294e+01 2.270626e+01  
6.075292e+00 3.398272e+00 8.130670e+00 1.234542e+01 2.208952e+01  
6.159978e+00 3.319764e+00 7.921159e+00 1.201581e+01 2.148798e+01  
6.245845e+00 3.242723e+00 7.716262e+00 1.169396e+01 2.090133e+01  
6.332908e+00 3.167131e+00 7.515908e+00 1.137974e+01 2.032927e+01  
6.421186e+00 3.092968e+00 7.320025e+00 1.107301e+01 1.977149e+01  
6.510694e+00 3.020218e+00 7.128543e+00 1.077363e+01 1.922771e+01  
6.601449e+00 2.948861e+00 6.941383e+00 1.048146e+01 1.869762e+01  
6.693470e+00 2.878881e+00 6.758489e+00 1.019636e+01 1.818094e+01  
6.786773e+00 2.810258e+00 6.579791e+00 9.918203e+00 1.767739e+01  
6.881377e+00 2.742975e+00 6.405200e+00 9.646853e+00 1.718667e+01  
6.977300e+00 2.677014e+00 6.234656e+00 9.382180e+00 1.670852e+01  
7.074559e+00 2.612358e+00 6.068090e+00 9.124044e+00 1.624352e+01  
7.173175e+00 2.548989e+00 5.905430e+00 8.872318e+00 1.578964e+01  
7.273165e+00 2.486889e+00 5.746607e+00 8.626209e+00 1.534752e+01  
7.374549e+00 2.426042e+00 5.591552e+00 8.386932e+00 1.491688e+01  
7.477346e+00 2.366429e+00 5.440196e+00 8.154313e+00 1.449748e+01  
7.581576e+00 2.308033e+00 5.292474e+00 7.926332e+00 1.408905e+01  
7.687260e+00 2.250838e+00 5.148301e+00 7.704759e+00 1.369134e+01  
7.794416e+00 2.194826e+00 5.007646e+00 7.488845e+00 1.330412e+01  
7.903066e+00 2.139980e+00 4.870410e+00 7.279040e+00 1.292713e+01  
8.013230e+00 2.086247e+00 4.736538e+00 7.074061e+00 1.256014e+01  
8.124930e+00 2.033718e+00 4.605963e+00 6.874383e+00 1.220232e+01  
8.238187e+00 1.982269e+00 4.478563e+00 6.679923e+00 1.185465e+01  
8.353023e+00 1.931919e+00 4.354390e+00 6.490452e+00 1.151683e+01  
8.469460e+00 1.882651e+00 4.233322e+00 6.305977e+00 1.118751e+01  
8.587519e+00 1.834448e+00 4.115294e+00 6.126346e+00 1.086710e+01  
8.707225e+00 1.787295e+00 4.000246e+00 5.951450e+00 1.055532e+01  
8.828599e+00 1.741174e+00 3.888115e+00 5.781181e+00 1.025199e+01  
8.951665e+00 1.696069e+00 3.778885e+00 5.615433e+00 9.956896e+00  
9.076446e+00 1.651965e+00 3.672411e+00 5.454011e+00 9.669838e+00  
9.202967e+00 1.608845e+00 3.568667e+00 5.296986e+00 9.390617e+00  
9.331251e+00 1.566693e+00 3.467601e+00 5.144286e+00 9.119041e+00  
9.461324e+00 1.525493e+00 3.369155e+00 4.995593e+00 8.854919e+00  
9.593209e+00 1.485227e+00 3.273226e+00 4.850886e+00 8.598065e+00  
9.726934e+00 1.445840e+00 3.179850e+00 4.710185e+00 8.348296e+00  
9.862522e+00 1.407412e+00 3.088924e+00 4.572862e+00 8.105337e+00  
1.000000e+01 1.369896e+00 3.000394e+00 4.439766e+00 7.869211e+00  
