1.000000e-02 5.293508e+03 9.626228e+03 1.299252e+04 1.929170e+04  
1.013939e-02 5.323348e+03 9.680245e+03 1.306519e+04 1.939901e+04  
1.028073e-02 5.352743e+03 9.733444e+03 1.313674e+04 1.950464e+04  
1.042404e-02 5.381672e+03 9.785791e+03 1.320714e+04 1.960854e+04  
1.056935e-02 5.410118e+03 9.837251e+03 1.327633e+04 1.971064e+04  
1.071668e-02 5.438062e+03 9.887790e+03 1.334427e+04 1.981086e+04  
1.086606e-02 5.465484e+03 9.937375e+03 1.341092e+04 1.990915e+04  
1.101753e-02 5.492367e+03 9.985970e+03 1.347622e+04 2.000542e+04  
1.117111e-02 5.518689e+03 1.003354e+04 1.354013e+04 2.009960e+04  
1.132683e-02 5.544429e+03 1.008004e+04 1.360260e+04 2.019162e+04  
1.148472e-02 5.569566e+03 1.012543e+04 1.366356e+04 2.028139e+04  
1.164481e-02 5.594079e+03 1.016969e+04 1.372297e+04 2.036885e+04  
1.180713e-02 5.617946e+03 1.021276e+04 1.378078e+04 2.045391e+04  
1.197171e-02 5.641147e+03 1.025461e+04 1.383694e+04 2.053649e+04  
1.213859e-02 5.663660e+03 1.029521e+04 1.389139e+04 2.061652e+04  
1.230780e-02 5.685463e+03 1.033450e+04 1.394408e+04 2.069392e+04  
1.247936e-02 5.706535e+03 1.037245e+04 1.399495e+04 2.076860e+04  
1.265332e-02 5.726853e+03 1.040903e+04 1.404395e+04 2.084049e+04  
1.282970e-02 5.746396e+03 1.044419e+04 1.409104e+04 2.090951e+04  
1.300854e-02 5.765142e+03 1.047789e+04 1.413615e+04 2.097558e+04  
1.318987e-02 5.783071e+03 1.051010e+04 1.417923e+04 2.103862e+04  
1.337373e-02 5.800161e+03 1.054077e+04 1.422023e+04 2.109856e+04  
1.356015e-02 5.816390e+03 1.056987e+04 1.425910e+04 2.115532e+04  
1.374917e-02 5.831735e+03 1.059735e+04 1.429578e+04 2.120880e+04  
1.394083e-02 5.846174e+03 1.062317e+04 1.433022e+04 2.125894e+04  
1.413516e-02 5.859686e+03 1.064730e+04 1.436236e+04 2.130565e+04  
1.433219e-02 5.872248e+03 1.066970e+04 1.439216e+04 2.134885e+04  
1.453198e-02 5.883841e+03 1.069032e+04 1.441955e+04 2.138847e+04  
1.473454e-02 5.894443e+03 1.070914e+04 1.444449e+04 2.142444e+04  
1.493993e-02 5.904031e+03 1.072610e+04 1.446693e+04 2.145667e+04  
1.514819e-02 5.912583e+03 1.074117e+04 1.448680e+04 2.148507e+04  
1.535935e-02 5.920076e+03 1.075431e+04 1.450405e+04 2.150957e+04  
1.557345e-02 5.926487e+03 1.076547e+04 1.451864e+04 2.153009e+04  
1.579053e-02 5.931795e+03 1.077461e+04 1.453049e+04 2.154654e+04  
1.601064e-02 5.935979e+03 1.078171e+04 1.453957e+04 2.155885e+04  
1.623382e-02 5.939017e+03 1.078671e+04 1.454582e+04 2.156694e+04  
1.646012e-02 5.940891e+03 1.078959e+04 1.454919e+04 2.157076e+04  
1.668956e-02 5.941580e+03 1.079030e+04 1.454964e+04 2.157021e+04  
1.692220e-02 5.941065e+03 1.078882e+04 1.454711e+04 2.156524e+04  
1.715809e-02 5.939328e+03 1.078511e+04 1.454157e+04 2.155578e+04  
1.739726e-02 5.936352e+03 1.077914e+04 1.453298e+04 2.154177e+04  
1.763977e-02 5.932123e+03 1.077089e+04 1.452129e+04 2.152315e+04  
1.788566e-02 5.926624e+03 1.076032e+04 1.450648e+04 2.149988e+04  
1.813498e-02 5.919843e+03 1.074741e+04 1.448850e+04 2.147190e+04  
1.838777e-02 5.911762e+03 1.073213e+04 1.446732e+04 2.143916e+04  
1.864409e-02 5.902367e+03 1.071446e+04 1.444291e+04 2.140160e+04  
1.890397e-02 5.891645e+03 1.069437e+04 1.441522e+04 2.135918e+04  
1.916748e-02 5.879583e+03 1.067184e+04 1.438424e+04 2.131186e+04  
1.943467e-02 5.866173e+03 1.064685e+04 1.434994e+04 2.125960e+04  
1.970558e-02 5.851405e+03 1.061939e+04 1.431229e+04 2.120238e+04  
1.998026e-02 5.835272e+03 1.058945e+04 1.427129e+04 2.114016e+04  
2.025878e-02 5.817765e+03 1.055700e+04 1.422692e+04 2.107293e+04  
2.054117e-02 5.798878e+03 1.052204e+04 1.417915e+04 2.100066e+04  
2.082751e-02 5.778606e+03 1.048457e+04 1.412797e+04 2.092333e+04  
2.111783e-02 5.756946e+03 1.044456e+04 1.407339e+04 2.084094e+04  
2.141220e-02 5.733899e+03 1.040204e+04 1.401540e+04 2.075350e+04  
2.171068e-02 5.709467e+03 1.035699e+04 1.395402e+04 2.066101e+04  
2.201331e-02 5.683653e+03 1.030944e+04 1.388924e+04 2.056349e+04  
2.232016e-02 5.656462e+03 1.025938e+04 1.382109e+04 2.046096e+04  
2.263130e-02 5.627899e+03 1.020683e+04 1.374957e+04 2.035344e+04  
2.294676e-02 5.597972e+03 1.015180e+04 1.367471e+04 2.024097e+04  
2.326663e-02 5.566691e+03 1.009431e+04 1.359654e+04 2.012358e+04  
2.359095e-02 5.534073e+03 1.003440e+04 1.351510e+04 2.000135e+04  
2.391980e-02 5.500136e+03 9.972090e+03 1.343042e+04 1.987433e+04  
2.425323e-02 5.464899e+03 9.907426e+03 1.334258e+04 1.974261e+04  
2.459130e-02 5.428382e+03 9.840438e+03 1.325160e+04 1.960626e+04  
2.493409e-02 5.390602e+03 9.771162e+03 1.315754e+04 1.946534e+04  
2.528166e-02 5.351581e+03 9.699637e+03 1.306045e+04 1.931994e+04  
2.563407e-02 5.311345e+03 9.625913e+03 1.296040e+04 1.917017e+04  
2.599140e-02 5.269926e+03 9.550045e+03 1.285746e+04 1.901612e+04  
2.635371e-02 5.227357e+03 9.472097e+03 1.275172e+04 1.885794e+04  
2.672106e-02 5.183677e+03 9.392141e+03 1.264329e+04 1.869577e+04  
2.709354e-02 5.138921e+03 9.310240e+03 1.253224e+04 1.852974e+04  
2.747121e-02 5.093124e+03 9.226457e+03 1.241865e+04 1.835998e+04  
2.785414e-02 5.046324e+03 9.140865e+03 1.230264e+04 1.818663e+04  
2.824241e-02 4.998566e+03 9.053544e+03 1.218431e+04 1.800987e+04  
2.863610e-02 4.949899e+03 8.964584e+03 1.206377e+04 1.782985e+04  
2.903527e-02 4.900377e+03 8.874084e+03 1.194117e+04 1.764680e+04  
2.944000e-02 4.850059e+03 8.782153e+03 1.181665e+04 1.746093e+04  
2.985038e-02 4.798999e+03 8.688889e+03 1.169034e+04 1.727243e+04  
3.026648e-02 4.747246e+03 8.594380e+03 1.156237e+04 1.708149e+04  
3.068838e-02 4.694855e+03 8.498727e+03 1.143287e+04 1.688831e+04  
3.111616e-02 4.641885e+03 8.402039e+03 1.130198e+04 1.669311e+04  
3.154990e-02 4.588400e+03 8.304434e+03 1.116987e+04 1.649611e+04  
3.198969e-02 4.534472e+03 8.206039e+03 1.103671e+04 1.629759e+04  
3.243561e-02 4.480177e+03 8.106993e+03 1.090269e+04 1.609781e+04  
3.288774e-02 4.425585e+03 8.007424e+03 1.076797e+04 1.589705e+04  
3.334618e-02 4.370753e+03 7.907437e+03 1.063270e+04 1.569549e+04  
3.381101e-02 4.315744e+03 7.807146e+03 1.049704e+04 1.549337e+04  
3.428231e-02 4.260626e+03 7.706672e+03 1.036114e+04 1.529094e+04  
3.476019e-02 4.205471e+03 7.606147e+03 1.022519e+04 1.508847e+04  
3.524473e-02 4.150355e+03 7.505712e+03 1.008937e+04 1.488621e+04  
3.573602e-02 4.095364e+03 7.405516e+03 9.953892e+03 1.468449e+04  
3.623416e-02 4.040574e+03 7.305701e+03 9.818938e+03 1.448358e+04  
3.673925e-02 3.986051e+03 7.206387e+03 9.684672e+03 1.428371e+04  
3.725137e-02 3.931863e+03 7.107693e+03 9.551254e+03 1.408513e+04  
3.777064e-02 3.878078e+03 7.009746e+03 9.418855e+03 1.388809e+04  
3.829714e-02 3.824774e+03 6.912682e+03 9.287658e+03 1.369286e+04  
3.883098e-02 3.772030e+03 6.816647e+03 9.157859e+03 1.349972e+04  
3.937226e-02 3.719930e+03 6.721792e+03 9.029660e+03 1.330898e+04  
3.992109e-02 3.668549e+03 6.628250e+03 8.903240e+03 1.312090e+04  
4.047757e-02 3.617927e+03 6.536092e+03 8.778693e+03 1.293562e+04  
4.104181e-02 3.568093e+03 6.445374e+03 8.656096e+03 1.275325e+04  
4.161391e-02 3.519081e+03 6.356152e+03 8.535524e+03 1.257390e+04  
4.219398e-02 3.470923e+03 6.268484e+03 8.417052e+03 1.239769e+04  
4.278214e-02 3.423650e+03 6.182427e+03 8.300759e+03 1.222473e+04  
4.337850e-02 3.377294e+03 6.098040e+03 8.186722e+03 1.205513e+04  
4.398317e-02 3.331894e+03 6.015386e+03 8.075026e+03 1.188902e+04  
4.459628e-02 3.287506e+03 5.934569e+03 7.965809e+03 1.172660e+04  
4.521792e-02 3.244196e+03 5.855708e+03 7.859231e+03 1.156810e+04  
4.584824e-02 3.202034e+03 5.778923e+03 7.755452e+03 1.141377e+04  
4.648734e-02 3.161089e+03 5.704340e+03 7.654641e+03 1.126385e+04  
4.713535e-02 3.121437e+03 5.632091e+03 7.556971e+03 1.111860e+04  
4.779239e-02 3.083154e+03 5.562312e+03 7.462626e+03 1.097828e+04  
4.845859e-02 3.046289e+03 5.495090e+03 7.371722e+03 1.084306e+04  
4.913407e-02 3.010797e+03 5.430341e+03 7.284143e+03 1.071278e+04  
4.981898e-02 2.976605e+03 5.367933e+03 7.199712e+03 1.058717e+04  
5.051342e-02 2.943632e+03 5.307718e+03 7.118232e+03 1.046595e+04  
5.121755e-02 2.911784e+03 5.249528e+03 7.039476e+03 1.034878e+04  
5.193150e-02 2.880959e+03 5.193177e+03 6.963195e+03 1.023530e+04  
5.265540e-02 2.851051e+03 5.138475e+03 6.889132e+03 1.012512e+04  
5.338938e-02 2.822012e+03 5.085336e+03 6.817176e+03 1.001809e+04  
5.413360e-02 2.793821e+03 5.033719e+03 6.747269e+03 9.914118e+03  
5.488820e-02 2.766453e+03 4.983578e+03 6.679348e+03 9.813116e+03  
5.565331e-02 2.739876e+03 4.934857e+03 6.613339e+03 9.714975e+03  
5.642908e-02 2.714058e+03 4.887495e+03 6.549162e+03 9.619585e+03  
5.721568e-02 2.688947e+03 4.841399e+03 6.486690e+03 9.526753e+03  
5.801323e-02 2.664442e+03 4.796388e+03 6.425682e+03 9.436128e+03  
5.882190e-02 2.640421e+03 4.752244e+03 6.365845e+03 9.347283e+03  
5.964185e-02 2.616752e+03 4.708730e+03 6.306867e+03 9.259765e+03  
6.047322e-02 2.593288e+03 4.665585e+03 6.248397e+03 9.173055e+03  
6.131619e-02 2.569873e+03 4.622533e+03 6.190066e+03 9.086613e+03  
6.217090e-02 2.546386e+03 4.579359e+03 6.131590e+03 9.000023e+03  
6.303753e-02 2.522728e+03 4.535886e+03 6.072734e+03 8.912951e+03  
6.391624e-02 2.498788e+03 4.491921e+03 6.013242e+03 8.825012e+03  
6.480720e-02 2.474451e+03 4.447258e+03 5.952838e+03 8.735805e+03  
6.571058e-02 2.449592e+03 4.401680e+03 5.891236e+03 8.644911e+03  
6.662655e-02 2.424099e+03 4.354992e+03 5.828180e+03 8.551960e+03  
6.755528e-02 2.397869e+03 4.307013e+03 5.763425e+03 8.456586e+03  
6.849697e-02 2.370791e+03 4.257547e+03 5.696715e+03 8.358414e+03  
6.945178e-02 2.342744e+03 4.206389e+03 5.627777e+03 8.257044e+03  
7.041990e-02 2.313618e+03 4.153344e+03 5.556357e+03 8.152105e+03  
7.140151e-02 2.283356e+03 4.098317e+03 5.482326e+03 8.043399e+03  
7.239681e-02 2.251914e+03 4.041235e+03 5.405589e+03 7.930786e+03  
7.340598e-02 2.219246e+03 3.982022e+03 5.326051e+03 7.814126e+03  
7.442922e-02 2.185310e+03 3.920609e+03 5.243617e+03 7.693279e+03  
7.546673e-02 2.150106e+03 3.856998e+03 5.158296e+03 7.568247e+03  
7.651869e-02 2.113671e+03 3.791262e+03 5.070181e+03 7.439167e+03  
7.758532e-02 2.076048e+03 3.723481e+03 4.979385e+03 7.306204e+03  
7.866682e-02 2.037287e+03 3.653746e+03 4.886029e+03 7.169532e+03  
7.976339e-02 1.997471e+03 3.582209e+03 4.790314e+03 7.029438e+03  
8.087525e-02 1.956723e+03 3.509087e+03 4.692531e+03 6.886348e+03  
8.200261e-02 1.915178e+03 3.434623e+03 4.593007e+03 6.740745e+03  
8.314568e-02 1.872983e+03 3.359078e+03 4.492086e+03 6.593129e+03  
8.430468e-02 1.830295e+03 3.282729e+03 4.390136e+03 6.444036e+03  
8.547985e-02 1.787281e+03 3.205873e+03 4.287553e+03 6.294048e+03  
8.667139e-02 1.744126e+03 3.128832e+03 4.184768e+03 6.143803e+03  
8.787954e-02 1.701022e+03 3.051947e+03 4.082229e+03 5.993956e+03  
8.910453e-02 1.658158e+03 2.975548e+03 3.980376e+03 5.845151e+03  
9.034660e-02 1.615732e+03 2.899981e+03 3.879668e+03 5.698061e+03  
9.160598e-02 1.573956e+03 2.825617e+03 3.780599e+03 5.553425e+03  
9.288292e-02 1.533033e+03 2.752810e+03 3.683635e+03 5.411919e+03  
9.417766e-02 1.493147e+03 2.681877e+03 3.589197e+03 5.274164e+03  
9.549045e-02 1.454489e+03 2.613154e+03 3.497728e+03 5.140811e+03  
9.682153e-02 1.417267e+03 2.547000e+03 3.409707e+03 5.012577e+03  
9.817117e-02 1.381665e+03 2.483731e+03 3.325549e+03 4.890062e+03  
9.953962e-02 1.347802e+03 2.423552e+03 3.245521e+03 4.773666e+03  
1.009272e-01 1.315793e+03 2.366658e+03 3.169885e+03 4.663772e+03  
1.023340e-01 1.285759e+03 2.313257e+03 3.098913e+03 4.560793e+03  
1.037605e-01 1.257774e+03 2.263472e+03 3.032766e+03 4.464958e+03  
1.052069e-01 1.231827e+03 2.217278e+03 2.971407e+03 4.376219e+03  
1.066734e-01 1.207892e+03 2.174625e+03 2.914769e+03 4.294482e+03  
1.081604e-01 1.185935e+03 2.135447e+03 2.862766e+03 4.219626e+03  
1.096681e-01 1.165857e+03 2.099564e+03 2.815154e+03 4.151295e+03  
1.111968e-01 1.147501e+03 2.066700e+03 2.771565e+03 4.088949e+03  
1.127468e-01 1.130692e+03 2.036545e+03 2.731590e+03 4.031992e+03  
1.143184e-01 1.115236e+03 2.008759e+03 2.694777e+03 3.979766e+03  
1.159120e-01 1.100916e+03 1.982962e+03 2.660621e+03 3.931523e+03  
1.175277e-01 1.087497e+03 1.958740e+03 2.628573e+03 3.886454e+03  
1.191660e-01 1.074722e+03 1.935649e+03 2.598045e+03 3.843696e+03  
1.208271e-01 1.062342e+03 1.913255e+03 2.568462e+03 3.802399e+03  
1.225114e-01 1.050102e+03 1.891117e+03 2.539239e+03 3.761686e+03  
1.242191e-01 1.037730e+03 1.868767e+03 2.509753e+03 3.720628e+03  
1.259506e-01 1.024978e+03 1.845778e+03 2.479440e+03 3.678382e+03  
1.277063e-01 1.011633e+03 1.821785e+03 2.447814e+03 3.634213e+03  
1.294865e-01 9.974685e+02 1.796401e+03 2.414360e+03 3.587338e+03  
1.312915e-01 9.823025e+02 1.769315e+03 2.378664e+03 3.537120e+03  
1.331216e-01 9.660276e+02 1.740348e+03 2.340488e+03 3.483194e+03  
1.349772e-01 9.485381e+02 1.709322e+03 2.299593e+03 3.425184e+03  
1.368587e-01 9.297984e+02 1.676180e+03 2.255900e+03 3.362948e+03  
1.387665e-01 9.098760e+02 1.641041e+03 2.209565e+03 3.296709e+03  
1.407008e-01 8.888560e+02 1.604056e+03 2.160791e+03 3.226765e+03  
1.426621e-01 8.668825e+02 1.565476e+03 2.109906e+03 3.153594e+03  
1.446507e-01 8.441588e+02 1.525650e+03 2.057373e+03 3.077884e+03  
1.466671e-01 8.209083e+02 1.484963e+03 2.003702e+03 3.000398e+03  
1.487115e-01 7.973799e+02 1.443844e+03 1.949466e+03 2.922005e+03  
1.507845e-01 7.738452e+02 1.402757e+03 1.895278e+03 2.843620e+03  
1.528864e-01 7.505845e+02 1.362180e+03 1.841772e+03 2.766200e+03  
1.550175e-01 7.278686e+02 1.322576e+03 1.789562e+03 2.690669e+03  
1.571784e-01 7.059808e+02 1.284430e+03 1.739292e+03 2.618010e+03  
1.593694e-01 6.851714e+02 1.248164e+03 1.691521e+03 2.549057e+03  
1.615909e-01 6.656704e+02 1.214167e+03 1.646764e+03 2.484590e+03  
1.638434e-01 6.476729e+02 1.182769e+03 1.605457e+03 2.425268e+03  
1.661273e-01 6.312647e+02 1.154113e+03 1.567792e+03 2.371392e+03  
1.684430e-01 6.165001e+02 1.128286e+03 1.533880e+03 2.323129e+03  
1.707910e-01 6.033169e+02 1.105177e+03 1.503575e+03 2.280263e+03  
1.731717e-01 5.915891e+02 1.084567e+03 1.476585e+03 2.242369e+03  
1.755856e-01 5.811404e+02 1.066153e+03 1.452514e+03 2.208858e+03  
1.780332e-01 5.717398e+02 1.049536e+03 1.430830e+03 2.178932e+03  
1.805149e-01 5.631388e+02 1.034292e+03 1.410970e+03 2.151747e+03  
1.830312e-01 5.550764e+02 1.019976e+03 1.392346e+03 2.126418e+03  
1.855825e-01 5.472821e+02 1.006129e+03 1.374349e+03 2.102026e+03  
1.881694e-01 5.394961e+02 9.923081e+02 1.356388e+03 2.077665e+03  
1.907924e-01 5.314575e+02 9.780712e+02 1.337875e+03 2.052432e+03  
1.934520e-01 5.229380e+02 9.630337e+02 1.318296e+03 2.025538e+03  
1.961486e-01 5.137291e+02 9.468444e+02 1.297183e+03 1.996255e+03  
1.988828e-01 5.037142e+02 9.293068e+02 1.274270e+03 1.964156e+03  
2.016551e-01 4.928307e+02 9.103170e+02 1.249414e+03 1.929014e+03  
2.044661e-01 4.811463e+02 8.899927e+02 1.222774e+03 1.891063e+03  
2.073162e-01 4.687899e+02 8.685537e+02 1.194640e+03 1.850743e+03  
2.102061e-01 4.559685e+02 8.463500e+02 1.165478e+03 1.808765e+03  
2.131362e-01 4.429216e+02 8.237869e+02 1.135827e+03 1.765957e+03  
2.161073e-01 4.299080e+02 8.013030e+02 1.106273e+03 1.723229e+03  
2.191197e-01 4.171799e+02 7.793224e+02 1.077382e+03 1.681448e+03  
2.221741e-01 4.049635e+02 7.582245e+02 1.049659e+03 1.641390e+03  
2.252711e-01 3.934550e+02 7.383379e+02 1.023539e+03 1.603728e+03  
2.284112e-01 3.828139e+02 7.199304e+02 9.993814e+02 1.569021e+03  
2.315951e-01 3.731226e+02 7.031369e+02 9.773646e+02 1.537540e+03  
2.348235e-01 3.644045e+02 6.879935e+02 9.575356e+02 1.509360e+03  
2.380968e-01 3.566064e+02 6.744077e+02 9.397719e+02 1.484299e+03  
2.414157e-01 3.496172e+02 6.621923e+02 9.238264e+02 1.461985e+03  
2.447809e-01 3.432665e+02 6.510580e+02 9.093135e+02 1.441826e+03  
2.481930e-01 3.373463e+02 6.406542e+02 8.957662e+02 1.423107e+03  
2.516527e-01 3.316287e+02 6.305975e+02 8.826739e+02 1.405040e+03  
2.551606e-01 3.258843e+02 6.205053e+02 8.695278e+02 1.386844e+03  
2.587174e-01 3.199185e+02 6.100501e+02 8.558881e+02 1.367828e+03  
2.623238e-01 3.135897e+02 5.989950e+02 8.414373e+02 1.347497e+03  
2.659804e-01 3.068416e+02 5.872469e+02 8.260499e+02 1.325651e+03  
2.696881e-01 2.996943e+02 5.748423e+02 8.097756e+02 1.302368e+03  
2.734474e-01 2.922301e+02 5.619176e+02 7.927945e+02 1.277923e+03  
2.772591e-01 2.845795e+02 5.486918e+02 7.753996e+02 1.252771e+03  
2.811239e-01 2.768969e+02 5.354236e+02 7.579367e+02 1.227453e+03  
2.850426e-01 2.693493e+02 5.223929e+02 7.407816e+02 1.202558e+03  
2.890160e-01 2.621015e+02 5.098723e+02 7.242970e+02 1.178647e+03  
2.930447e-01 2.552908e+02 4.980896e+02 7.087869e+02 1.156193e+03  
2.971296e-01 2.490022e+02 4.871849e+02 6.944386e+02 1.135489e+03  
3.012714e-01 2.432562e+02 4.771920e+02 6.812976e+02 1.116609e+03  
3.054710e-01 2.380077e+02 4.680325e+02 6.692584e+02 1.099387e+03  
3.097291e-01 2.331602e+02 4.595450e+02 6.581057e+02 1.083490e+03  
3.140465e-01 2.285927e+02 4.515278e+02 6.475710e+02 1.068504e+03  
3.184242e-01 2.241712e+02 4.437585e+02 6.373577e+02 1.053970e+03  
3.228628e-01 2.197631e+02 4.360156e+02 6.271694e+02 1.039426e+03  
3.273634e-01 2.152623e+02 4.281234e+02 6.167710e+02 1.024505e+03  
3.319266e-01 2.106062e+02 4.199792e+02 6.060257e+02 1.008996e+03  
3.365535e-01 2.057936e+02 4.115815e+02 5.949317e+02 9.928954e+02  
3.412449e-01 2.008734e+02 4.030111e+02 5.835966e+02 9.763722e+02  
3.460016e-01 1.959270e+02 3.944028e+02 5.722009e+02 9.597089e+02  
3.508247e-01 1.910515e+02 3.859182e+02 5.609614e+02 9.432453e+02  
3.557150e-01 1.863422e+02 3.777141e+02 5.500873e+02 9.273077e+02  
3.606735e-01 1.818735e+02 3.699121e+02 5.397405e+02 9.121480e+02  
3.657011e-01 1.776851e+02 3.625766e+02 5.300069e+02 8.978994e+02  
3.707988e-01 1.737669e+02 3.556910e+02 5.208645e+02 8.845283e+02  
3.759675e-01 1.700802e+02 3.491901e+02 5.122260e+02 8.718992e+02  
3.812083e-01 1.665624e+02 3.429698e+02 5.039527e+02 8.597968e+02  
3.865221e-01 1.631437e+02 3.369153e+02 4.958910e+02 8.479836e+02  
3.919100e-01 1.597556e+02 3.309145e+02 4.878924e+02 8.362303e+02  
3.973730e-01 1.563444e+02 3.248789e+02 4.798388e+02 8.243548e+02  
4.029122e-01 1.528967e+02 3.187864e+02 4.717009e+02 8.123126e+02  
4.085286e-01 1.494350e+02 3.126744e+02 4.635287e+02 8.001831e+02  
4.142232e-01 1.460029e+02 3.066148e+02 4.554189e+02 7.881173e+02  
4.199973e-01 1.426443e+02 3.006790e+02 4.474664e+02 7.762628e+02  
4.258518e-01 1.393998e+02 2.949328e+02 4.397586e+02 7.647554e+02  
4.317880e-01 1.362979e+02 2.894221e+02 4.323567e+02 7.536894e+02  
4.378069e-01 1.333496e+02 2.841653e+02 4.252851e+02 7.431018e+02  
4.439097e-01 1.305325e+02 2.791244e+02 4.184930e+02 7.329147e+02  
4.500975e-01 1.278087e+02 2.742375e+02 4.118982e+02 7.230019e+02  
4.563716e-01 1.251475e+02 2.694545e+02 4.054343e+02 7.132619e+02  
4.627332e-01 1.225255e+02 2.647379e+02 3.990518e+02 7.036189e+02  
4.691835e-01 1.199196e+02 2.600494e+02 3.927001e+02 6.939974e+02  
4.757236e-01 1.173317e+02 2.553927e+02 3.863844e+02 6.844064e+02  
4.823549e-01 1.147852e+02 2.508054e+02 3.801548e+02 6.749234e+02  
4.890787e-01 1.123002e+02 2.463202e+02 3.740545e+02 6.656142e+02  
4.958962e-01 1.098919e+02 2.419613e+02 3.681157e+02 6.565289e+02  
5.028087e-01 1.075677e+02 2.377400e+02 3.623532e+02 6.476901e+02  
5.098176e-01 1.053305e+02 2.336611e+02 3.567731e+02 6.391067e+02  
5.169242e-01 1.031603e+02 2.296919e+02 3.513325e+02 6.307128e+02  
5.241298e-01 1.010430e+02 2.258097e+02 3.460014e+02 6.224651e+02  
5.314359e-01 9.896695e+01 2.219955e+02 3.407551e+02 6.143265e+02  
5.388438e-01 9.692416e+01 2.182367e+02 3.355771e+02 6.062723e+02  
5.463550e-01 9.491470e+01 2.145335e+02 3.304677e+02 5.983035e+02  
5.539709e-01 9.294974e+01 2.109035e+02 3.254502e+02 5.904565e+02  
5.616930e-01 9.103539e+01 2.073563e+02 3.205374e+02 5.827507e+02  
5.695227e-01 8.917587e+01 2.038984e+02 3.157376e+02 5.751977e+02  
5.774615e-01 8.737195e+01 2.005310e+02 3.110522e+02 5.677996e+02  
5.855110e-01 8.561778e+01 1.972445e+02 3.064691e+02 5.605393e+02  
5.936727e-01 8.390368e+01 1.940234e+02 3.019680e+02 5.533874e+02  
6.019482e-01 8.222749e+01 1.908643e+02 2.975443e+02 5.463362e+02  
6.103390e-01 8.058536e+01 1.877611e+02 2.931902e+02 5.393753e+02  
6.188468e-01 7.897710e+01 1.847134e+02 2.889056e+02 5.325054e+02  
6.274732e-01 7.740860e+01 1.817303e+02 2.847024e+02 5.257441e+02  
6.362198e-01 7.588037e+01 1.788126e+02 2.805809e+02 5.190908e+02  
6.450884e-01 7.439107e+01 1.759579e+02 2.765388e+02 5.125428e+02  
6.540806e-01 7.293880e+01 1.731633e+02 2.725720e+02 5.060952e+02  
6.631981e-01 7.152112e+01 1.704248e+02 2.686757e+02 4.997408e+02  
6.724427e-01 7.013466e+01 1.677371e+02 2.648425e+02 4.934681e+02  
6.818162e-01 6.877909e+01 1.650996e+02 2.610722e+02 4.872782e+02  
6.913204e-01 6.745473e+01 1.625128e+02 2.573654e+02 4.811724e+02  
7.009570e-01 6.616186e+01 1.599770e+02 2.537227e+02 4.751513e+02  
7.107280e-01 6.490013e+01 1.574914e+02 2.501424e+02 4.692116e+02  
7.206351e-01 6.366816e+01 1.550540e+02 2.466226e+02 4.633516e+02  
7.306804e-01 6.246457e+01 1.526626e+02 2.431605e+02 4.575679e+02  
7.408657e-01 6.128809e+01 1.503152e+02 2.397534e+02 4.518569e+02  
7.511929e-01 6.013834e+01 1.480108e+02 2.364000e+02 4.462152e+02  
7.616642e-01 5.901469e+01 1.457488e+02 2.330996e+02 4.406437e+02  
7.722814e-01 5.791663e+01 1.435282e+02 2.298512e+02 4.351409e+02  
7.830465e-01 5.684357e+01 1.413481e+02 2.266536e+02 4.297049e+02  
7.939618e-01 5.579495e+01 1.392074e+02 2.235049e+02 4.243324e+02  
8.050292e-01 5.476983e+01 1.371048e+02 2.204041e+02 4.190232e+02  
8.162509e-01 5.376737e+01 1.350389e+02 2.173495e+02 4.137750e+02  
8.276289e-01 5.278704e+01 1.330089e+02 2.143399e+02 4.085861e+02  
8.391656e-01 5.182845e+01 1.310139e+02 2.113741e+02 4.034541e+02  
8.508632e-01 5.089093e+01 1.290533e+02 2.084513e+02 3.983792e+02  
8.627237e-01 4.997392e+01 1.271259e+02 2.055706e+02 3.933599e+02  
8.747496e-01 4.907697e+01 1.252311e+02 2.027306e+02 3.883943e+02  
8.869432e-01 4.819954e+01 1.233678e+02 1.999302e+02 3.834805e+02  
8.993067e-01 4.734092e+01 1.215352e+02 1.971686e+02 3.786182e+02  
9.118425e-01 4.650061e+01 1.197326e+02 1.944448e+02 3.738061e+02  
9.245531e-01 4.567826e+01 1.179591e+02 1.917577e+02 3.690425e+02  
9.374409e-01 4.487341e+01 1.162141e+02 1.891064e+02 3.643262e+02  
9.505083e-01 4.408550e+01 1.144968e+02 1.864904e+02 3.596568e+02  
9.637579e-01 4.331414e+01 1.128067e+02 1.839089e+02 3.550335e+02  
9.771921e-01 4.255894e+01 1.111430e+02 1.813607e+02 3.504543e+02  
9.908137e-01 4.181941e+01 1.095049e+02 1.788451e+02 3.459186e+02  
1.004625e+00 4.109506e+01 1.078919e+02 1.763614e+02 3.414257e+02  
1.018629e+00 4.038551e+01 1.063034e+02 1.739091e+02 3.369750e+02  
1.032828e+00 3.969040e+01 1.047385e+02 1.714869e+02 3.325646e+02  
1.047225e+00 3.900922e+01 1.031968e+02 1.690943e+02 3.281941e+02  
1.061823e+00 3.834164e+01 1.016778e+02 1.667309e+02 3.238632e+02  
1.076624e+00 3.768737e+01 1.001810e+02 1.643961e+02 3.195711e+02  
1.091632e+00 3.704612e+01 9.870573e+01 1.620891e+02 3.153165e+02  
1.106848e+00 3.641753e+01 9.725167e+01 1.598094e+02 3.110993e+02  
1.122277e+00 3.580126e+01 9.581839e+01 1.575566e+02 3.069190e+02  
1.137921e+00 3.519701e+01 9.440540e+01 1.553303e+02 3.027749e+02  
1.153783e+00 3.460445e+01 9.301199e+01 1.531294e+02 2.986657e+02  
1.169866e+00 3.402321e+01 9.163787e+01 1.509537e+02 2.945916e+02  
1.186174e+00 3.345306e+01 9.028270e+01 1.488029e+02 2.905519e+02  
1.202708e+00 3.289371e+01 8.894604e+01 1.466765e+02 2.865464e+02  
1.219473e+00 3.234488e+01 8.762729e+01 1.445736e+02 2.825737e+02  
1.236472e+00 3.180629e+01 8.632626e+01 1.424942e+02 2.786342e+02  
1.253708e+00 3.127767e+01 8.504258e+01 1.404379e+02 2.747274e+02  
1.271184e+00 3.075874e+01 8.377582e+01 1.384041e+02 2.708527e+02  
1.288904e+00 3.024923e+01 8.252546e+01 1.363924e+02 2.670095e+02  
1.306870e+00 2.974895e+01 8.129140e+01 1.344025e+02 2.631978e+02  
1.325087e+00 2.925768e+01 8.007334e+01 1.324342e+02 2.594174e+02  
1.343558e+00 2.877520e+01 7.887091e+01 1.304871e+02 2.556678e+02  
1.362287e+00 2.830130e+01 7.768374e+01 1.285607e+02 2.519487e+02  
1.381276e+00 2.783578e+01 7.651169e+01 1.266550e+02 2.482599e+02  
1.400531e+00 2.737841e+01 7.535445e+01 1.247696e+02 2.446014e+02  
1.420053e+00 2.692897e+01 7.421168e+01 1.229042e+02 2.409728e+02  
1.439848e+00 2.648730e+01 7.308309e+01 1.210583e+02 2.373737e+02  
1.459919e+00 2.605322e+01 7.196855e+01 1.192320e+02 2.338042e+02  
1.480269e+00 2.562654e+01 7.086780e+01 1.174249e+02 2.302642e+02  
1.500903e+00 2.520706e+01 6.978054e+01 1.156368e+02 2.267535e+02  
1.521825e+00 2.479465e+01 6.870655e+01 1.138674e+02 2.232718e+02  
1.543038e+00 2.438912e+01 6.764568e+01 1.121165e+02 2.198193e+02  
1.564548e+00 2.399029e+01 6.659770e+01 1.103841e+02 2.163957e+02  
1.586357e+00 2.359802e+01 6.556235e+01 1.086696e+02 2.130011e+02  
1.608469e+00 2.321217e+01 6.453947e+01 1.069731e+02 2.096353e+02  
1.630891e+00 2.283260e+01 6.352893e+01 1.052944e+02 2.062985e+02  
1.653624e+00 2.245916e+01 6.253053e+01 1.036334e+02 2.029905e+02  
1.676675e+00 2.209171e+01 6.154406e+01 1.019897e+02 1.997113e+02  
1.700047e+00 2.173014e+01 6.056937e+01 1.003633e+02 1.964610e+02  
1.723745e+00 2.137431e+01 5.960633e+01 9.875400e+01 1.932396e+02  
1.747773e+00 2.102409e+01 5.865469e+01 9.716175e+01 1.900472e+02  
1.772136e+00 2.067935e+01 5.771444e+01 9.558630e+01 1.868837e+02  
1.796838e+00 2.033998e+01 5.678536e+01 9.402757e+01 1.837494e+02  
1.821885e+00 2.000585e+01 5.586733e+01 9.248546e+01 1.806441e+02  
1.847281e+00 1.967687e+01 5.496023e+01 9.095984e+01 1.775681e+02  
1.873032e+00 1.935293e+01 5.406388e+01 8.945054e+01 1.745214e+02  
1.899141e+00 1.903393e+01 5.317819e+01 8.795753e+01 1.715041e+02  
1.925614e+00 1.871978e+01 5.230307e+01 8.648069e+01 1.685163e+02  
1.952456e+00 1.841038e+01 5.143839e+01 8.501994e+01 1.655582e+02  
1.979672e+00 1.810563e+01 5.058399e+01 8.357513e+01 1.626298e+02  
2.007267e+00 1.780543e+01 4.973981e+01 8.214622e+01 1.597313e+02  
2.035248e+00 1.750971e+01 4.890575e+01 8.073313e+01 1.568629e+02  
2.063618e+00 1.721839e+01 4.808170e+01 7.933577e+01 1.540245e+02  
2.092383e+00 1.693135e+01 4.726751e+01 7.795404e+01 1.512165e+02  
2.121550e+00 1.664853e+01 4.646315e+01 7.658789e+01 1.484388e+02  
2.151123e+00 1.636986e+01 4.566852e+01 7.523727e+01 1.456917e+02  
2.181109e+00 1.609527e+01 4.488353e+01 7.390209e+01 1.429753e+02  
2.211512e+00 1.582466e+01 4.410806e+01 7.258229e+01 1.402897e+02  
2.242340e+00 1.555798e+01 4.334206e+01 7.127781e+01 1.376350e+02  
2.273597e+00 1.529516e+01 4.258545e+01 6.998861e+01 1.350114e+02  
2.305289e+00 1.503614e+01 4.183815e+01 6.871463e+01 1.324190e+02  
2.337424e+00 1.478083e+01 4.110006e+01 6.745580e+01 1.298578e+02  
2.370006e+00 1.452920e+01 4.037114e+01 6.621209e+01 1.273281e+02  
2.403043e+00 1.428117e+01 3.965131e+01 6.498345e+01 1.248299e+02  
2.436540e+00 1.403670e+01 3.894049e+01 6.376982e+01 1.223633e+02  
2.470504e+00 1.379571e+01 3.823860e+01 6.257116e+01 1.199283e+02  
2.504942e+00 1.355815e+01 3.754567e+01 6.138743e+01 1.175252e+02  
2.539859e+00 1.332395e+01 3.686149e+01 6.021860e+01 1.151538e+02  
2.575263e+00 1.309310e+01 3.618606e+01 5.906461e+01 1.128144e+02  
2.611161e+00 1.286553e+01 3.551930e+01 5.792542e+01 1.105069e+02  
2.647559e+00 1.264119e+01 3.486118e+01 5.680099e+01 1.082314e+02  
2.684465e+00 1.242004e+01 3.421163e+01 5.569128e+01 1.059879e+02  
2.721885e+00 1.220202e+01 3.357059e+01 5.459626e+01 1.037764e+02  
2.759826e+00 1.198708e+01 3.293800e+01 5.351587e+01 1.015970e+02  
2.798297e+00 1.177521e+01 3.231381e+01 5.245009e+01 9.944948e+01  
2.837304e+00 1.156633e+01 3.169796e+01 5.139887e+01 9.733399e+01  
2.876854e+00 1.136042e+01 3.108965e+01 5.036215e+01 9.525043e+01  
2.916956e+00 1.115743e+01 3.049031e+01 4.933992e+01 9.319877e+01  
2.957617e+00 1.095733e+01 2.989915e+01 4.833212e+01 9.117893e+01  
2.998844e+00 1.076007e+01 2.931613e+01 4.733870e+01 8.919084e+01  
3.040646e+00 1.056562e+01 2.874118e+01 4.635962e+01 8.723440e+01  
3.083031e+00 1.037395e+01 2.817426e+01 4.539483e+01 8.530952e+01  
3.126007e+00 1.018502e+01 2.761532e+01 4.444428e+01 8.341608e+01  
3.169582e+00 9.998787e+00 2.706430e+01 4.350791e+01 8.155395e+01  
3.213764e+00 9.815222e+00 2.652117e+01 4.258568e+01 7.972286e+01  
3.258562e+00 9.634343e+00 2.598586e+01 4.167752e+01 7.792304e+01  
3.303985e+00 9.456026e+00 2.545833e+01 4.078339e+01 7.615395e+01  
3.350041e+00 9.280284e+00 2.493853e+01 3.990321e+01 7.441529e+01  
3.396739e+00 9.107083e+00 2.442641e+01 3.903691e+01 7.270757e+01  
3.444087e+00 8.936398e+00 2.392193e+01 3.818445e+01 7.102991e+01  
3.492096e+00 8.768199e+00 2.342503e+01 3.734574e+01 6.938233e+01  
3.540774e+00 8.602457e+00 2.293567e+01 3.652072e+01 6.776459e+01  
3.590130e+00 8.439142e+00 2.245380e+01 3.570930e+01 6.617648e+01  
3.640175e+00 8.278229e+00 2.197936e+01 3.491140e+01 6.461774e+01  
3.690917e+00 8.119692e+00 2.151231e+01 3.412696e+01 6.308814e+01  
3.742366e+00 7.963503e+00 2.105261e+01 3.335505e+01 6.158741e+01  
3.794533e+00 7.809634e+00 2.060019e+01 3.259725e+01 6.011529e+01  
3.847427e+00 7.658062e+00 2.015501e+01 3.185263e+01 5.867149e+01  
3.901058e+00 7.508762e+00 1.971703e+01 3.112109e+01 5.725574e+01  
3.955436e+00 7.361709e+00 1.928618e+01 3.040255e+01 5.586775e+01  
4.010573e+00 7.216877e+00 1.886242e+01 2.969689e+01 5.450721e+01  
4.066478e+00 7.074244e+00 1.844569e+01 2.900402e+01 5.317383e+01  
4.123163e+00 6.933787e+00 1.803595e+01 2.832383e+01 5.186731e+01  
4.180637e+00 6.795482e+00 1.763313e+01 2.765620e+01 5.058731e+01  
4.238913e+00 6.659305e+00 1.723719e+01 2.700103e+01 4.933353e+01  
4.298001e+00 6.525236e+00 1.684807e+01 2.635820e+01 4.810563e+01  
4.357913e+00 6.393251e+00 1.646571e+01 2.565267e+01 4.690330e+01  
4.418660e+00 6.263328e+00 1.609006e+01 2.510907e+01 4.572619e+01  
4.480254e+00 6.135445e+00 1.572106e+01 2.450253e+01 4.457397e+01  
4.542706e+00 6.009582e+00 1.535980e+01 2.390784e+01 4.344631e+01  
4.606029e+00 5.885717e+00 1.500392e+01 2.332487e+01 4.234285e+01  
4.670234e+00 5.763828e+00 1.465453e+01 2.275349e+01 4.126326e+01  
4.735335e+00 5.643894e+00 1.431155e+01 2.219357e+01 4.020719e+01  
4.801343e+00 5.525897e+00 1.397376e+01 2.164497e+01 3.917429e+01  
4.868271e+00 5.409815e+00 1.364341e+01 2.110755e+01 3.816480e+01  
4.936132e+00 5.295626e+00 1.331929e+01 2.058118e+01 3.717720e+01  
5.004939e+00 5.183313e+00 1.300134e+01 2.006571e+01 3.621170e+01  
5.074705e+00 5.072855e+00 1.268948e+01 1.956102e+01 3.526797e+01  
5.145444e+00 4.964231e+00 1.238365e+01 1.906694e+01 3.434564e+01  
5.217169e+00 4.857423e+00 1.208379e+01 1.858387e+01 3.344436e+01  
5.289893e+00 4.752410e+00 1.178983e+01 1.811059e+01 3.256379e+01  
5.363631e+00 4.649175e+00 1.150169e+01 1.764749e+01 3.170357e+01  
5.438397e+00 4.547605e+00 1.121932e+01 1.719444e+01 3.086334e+01  
5.514206e+00 4.447863e+00 1.094264e+01 1.675084e+01 3.004276e+01  
5.591071e+00 4.349936e+00 1.067159e+01 1.631745e+01 2.924148e+01  
5.669007e+00 4.253616e+00 1.040608e+01 1.589365e+01 2.845916e+01  
5.748030e+00 4.158977e+00 1.014605e+01 1.547931e+01 2.769544e+01  
5.828155e+00 4.066002e+00 9.891437e+00 1.507427e+01 2.694998e+01  
5.909396e+00 3.974671e+00 9.642156e+00 1.467838e+01 2.622180e+01  
5.991770e+00 3.884967e+00 9.398139e+00 1.429149e+01 2.551184e+01  
6.075292e+00 3.796870e+00 9.159313e+00 1.391346e+01 2.481914e+01  
6.159978e+00 3.710362e+00 8.925604e+00 1.354413e+01 2.414337e+01  
6.245845e+00 3.625426e+00 8.696938e+00 1.318336e+01 2.348417e+01  
6.332908e+00 3.542043e+00 8.473243e+00 1.283101e+01 2.284122e+01  
6.421186e+00 3.460195e+00 8.254444e+00 1.248691e+01 2.221421e+01  
6.510694e+00 3.379864e+00 8.040466e+00 1.215094e+01 2.160280e+01  
6.601449e+00 3.301032e+00 7.831236e+00 1.182293e+01 2.100669e+01  
6.693470e+00 3.223681e+00 7.627852e+00 1.150269e+01 2.042554e+01  
6.786773e+00 3.147794e+00 7.427884e+00 1.119042e+01 1.985906e+01  
6.881377e+00 3.073352e+00 7.236573e+00 1.088545e+01 1.930694e+01  
6.977300e+00 3.000338e+00 7.040303e+00 1.058787e+01 1.876887e+01  
7.074559e+00 2.928734e+00 6.853697e+00 1.029756e+01 1.824507e+01  
7.173175e+00 2.858522e+00 6.671393e+00 1.001435e+01 1.773420e+01  
7.273165e+00 2.789685e+00 6.493317e+00 9.738126e+00 1.723648e+01  
7.374549e+00 2.722206e+00 6.320493e+00 9.468742e+00 1.675163e+01  
7.477346e+00 2.656067e+00 6.150643e+00 9.205992e+00 1.627939e+01  
7.581576e+00 2.591249e+00 5.983735e+00 8.949892e+00 1.581945e+01  
7.687260e+00 2.527737e+00 5.821846e+00 8.700227e+00 1.537155e+01  
7.794416e+00 2.465512e+00 5.663823e+00 8.456868e+00 1.493541e+01  
7.903066e+00 2.404557e+00 5.509478e+00 8.219681e+00 1.451076e+01  
8.013230e+00 2.344722e+00 5.358977e+00 7.988538e+00 1.409690e+01  
8.124930e+00 2.286388e+00 5.212130e+00 7.763312e+00 1.369447e+01  
8.238187e+00 2.229140e+00 5.068867e+00 7.543877e+00 1.330458e+01  
8.353023e+00 2.173092e+00 4.929117e+00 7.330109e+00 1.292329e+01  
8.469460e+00 2.118226e+00 4.792814e+00 7.121884e+00 1.255222e+01  
8.587519e+00 2.064528e+00 4.659888e+00 6.919308e+00 1.219114e+01  
8.707225e+00 2.011979e+00 4.530273e+00 6.721806e+00 1.183980e+01  
8.828599e+00 1.960563e+00 4.403901e+00 6.529493e+00 1.149796e+01  
8.951665e+00 1.910261e+00 4.281668e+00 6.342247e+00 1.116420e+01  
9.076446e+00 1.861058e+00 4.160711e+00 6.159959e+00 1.084072e+01  
9.202967e+00 1.812935e+00 4.043675e+00 5.982515e+00 1.052610e+01  
9.331251e+00 1.765739e+00 3.929623e+00 5.809799e+00 1.022009e+01  
9.461324e+00 1.719728e+00 3.818415e+00 5.641510e+00 9.922487e+00  
9.593209e+00 1.674886e+00 3.710146e+00 5.477913e+00 9.633080e+00  
9.726934e+00 1.630919e+00 3.604676e+00 5.318778e+00 9.351669e+00  
9.862522e+00 1.587949e+00 3.501942e+00 5.164115e+00 9.078057e+00  
1.000000e+01 1.545959e+00 3.401886e+00 5.013570e+00 8.812037e+00  
