1.000000e-02 4.368313e+03 7.952817e+03 1.074562e+04 1.599149e+04  
1.013939e-02 4.393080e+03 7.997691e+03 1.080605e+04 1.608097e+04  
1.028073e-02 4.417507e+03 8.041940e+03 1.086564e+04 1.616917e+04  
1.042404e-02 4.441580e+03 8.085540e+03 1.092434e+04 1.625604e+04  
1.056935e-02 4.465287e+03 8.128467e+03 1.098212e+04 1.634155e+04  
1.071668e-02 4.488613e+03 8.170694e+03 1.103896e+04 1.642562e+04  
1.086606e-02 4.511545e+03 8.212197e+03 1.109481e+04 1.650822e+04  
1.101753e-02 4.534069e+03 8.252951e+03 1.114965e+04 1.658929e+04  
1.117111e-02 4.556171e+03 8.292931e+03 1.120343e+04 1.666879e+04  
1.132683e-02 4.577838e+03 8.332112e+03 1.125613e+04 1.674666e+04  
1.148472e-02 4.599053e+03 8.370464e+03 1.130770e+04 1.682284e+04  
1.164481e-02 4.619801e+03 8.407959e+03 1.135811e+04 1.689727e+04  
1.180713e-02 4.640065e+03 8.444567e+03 1.140731e+04 1.696991e+04  
1.197171e-02 4.659829e+03 8.480257e+03 1.145527e+04 1.704067e+04  
1.213859e-02 4.679076e+03 8.515001e+03 1.150195e+04 1.710951e+04  
1.230780e-02 4.697791e+03 8.548767e+03 1.154729e+04 1.717636e+04  
1.247936e-02 4.715956e+03 8.581529e+03 1.159128e+04 1.724118e+04  
1.265332e-02 4.733557e+03 8.613255e+03 1.163386e+04 1.730389e+04  
1.282970e-02 4.750577e+03 8.643916e+03 1.167499e+04 1.736444e+04  
1.300854e-02 4.767000e+03 8.673483e+03 1.171464e+04 1.742277e+04  
1.318987e-02 4.782811e+03 8.701930e+03 1.175278e+04 1.747883e+04  
1.337373e-02 4.797994e+03 8.729227e+03 1.178935e+04 1.753255e+04  
1.356015e-02 4.812534e+03 8.755346e+03 1.182432e+04 1.758389e+04  
1.374917e-02 4.826416e+03 8.780260e+03 1.185766e+04 1.763278e+04  
1.394083e-02 4.839624e+03 8.803942e+03 1.188933e+04 1.767918e+04  
1.413516e-02 4.852141e+03 8.826359e+03 1.191929e+04 1.772301e+04  
1.433219e-02 4.863951e+03 8.847480e+03 1.194749e+04 1.776422e+04  
1.453198e-02 4.875036e+03 8.867276e+03 1.197389e+04 1.780274e+04  
1.473454e-02 4.885381e+03 8.885719e+03 1.199846e+04 1.783853e+04  
1.493993e-02 4.894970e+03 8.902778e+03 1.202116e+04 1.787152e+04  
1.514819e-02 4.903788e+03 8.918425e+03 1.204194e+04 1.790165e+04  
1.535935e-02 4.911818e+03 8.932634e+03 1.206078e+04 1.792887e+04  
1.557345e-02 4.919047e+03 8.945377e+03 1.207762e+04 1.795312e+04  
1.579053e-02 4.925457e+03 8.956624e+03 1.209245e+04 1.797436e+04  
1.601064e-02 4.931035e+03 8.966348e+03 1.210520e+04 1.799251e+04  
1.623382e-02 4.935767e+03 8.974526e+03 1.211587e+04 1.800754e+04  
1.646012e-02 4.939639e+03 8.981133e+03 1.212441e+04 1.801940e+04  
1.668956e-02 4.942638e+03 8.986145e+03 1.213079e+04 1.802804e+04  
1.692220e-02 4.944752e+03 8.989539e+03 1.213498e+04 1.803340e+04  
1.715809e-02 4.945967e+03 8.991291e+03 1.213694e+04 1.803546e+04  
1.739726e-02 4.946267e+03 8.991374e+03 1.213665e+04 1.803415e+04  
1.763977e-02 4.945641e+03 8.989764e+03 1.213407e+04 1.802942e+04  
1.788566e-02 4.944075e+03 8.986437e+03 1.212916e+04 1.802123e+04  
1.813498e-02 4.941559e+03 8.981377e+03 1.212191e+04 1.800955e+04  
1.838777e-02 4.938083e+03 8.974564e+03 1.211228e+04 1.799433e+04  
1.864409e-02 4.933636e+03 8.965978e+03 1.210026e+04 1.797554e+04  
1.890397e-02 4.928208e+03 8.955603e+03 1.208582e+04 1.795314e+04  
1.916748e-02 4.921792e+03 8.943425e+03 1.206894e+04 1.792712e+04  
1.943467e-02 4.914379e+03 8.929428e+03 1.204960e+04 1.789744e+04  
1.970558e-02 4.905962e+03 8.913601e+03 1.202778e+04 1.786406e+04  
1.998026e-02 4.896537e+03 8.895935e+03 1.200348e+04 1.782699e+04  
2.025878e-02 4.886102e+03 8.876428e+03 1.197669e+04 1.778622e+04  
2.054117e-02 4.874654e+03 8.855073e+03 1.194740e+04 1.774173e+04  
2.082751e-02 4.862188e+03 8.831864e+03 1.191560e+04 1.769351e+04  
2.111783e-02 4.848703e+03 8.806796e+03 1.188129e+04 1.764155e+04  
2.141220e-02 4.834197e+03 8.779870e+03 1.184448e+04 1.758587e+04  
2.171068e-02 4.818670e+03 8.751083e+03 1.180515e+04 1.752644e+04  
2.201331e-02 4.802124e+03 8.720441e+03 1.176331e+04 1.746329e+04  
2.232016e-02 4.784565e+03 8.687952e+03 1.171897e+04 1.739642e+04  
2.263130e-02 4.765999e+03 8.653633e+03 1.167217e+04 1.732590e+04  
2.294676e-02 4.746431e+03 8.617488e+03 1.162290e+04 1.725171e+04  
2.326663e-02 4.725864e+03 8.579526e+03 1.157117e+04 1.717387e+04  
2.359095e-02 4.704307e+03 8.539762e+03 1.151701e+04 1.709241e+04  
2.391980e-02 4.681769e+03 8.498215e+03 1.146045e+04 1.700739e+04  
2.425323e-02 4.658260e+03 8.454903e+03 1.140151e+04 1.691884e+04  
2.459130e-02 4.633796e+03 8.409853e+03 1.134021e+04 1.682680e+04  
2.493409e-02 4.608394e+03 8.363099e+03 1.127662e+04 1.673135e+04  
2.528166e-02 4.582071e+03 8.314672e+03 1.121078e+04 1.663256e+04  
2.563407e-02 4.554840e+03 8.264595e+03 1.114271e+04 1.653046e+04  
2.599140e-02 4.526719e+03 8.212902e+03 1.107245e+04 1.642513e+04  
2.635371e-02 4.497729e+03 8.159632e+03 1.100008e+04 1.631666e+04  
2.672106e-02 4.467893e+03 8.104830e+03 1.092563e+04 1.620513e+04  
2.709354e-02 4.437239e+03 8.048542e+03 1.084919e+04 1.609064e+04  
2.747121e-02 4.405797e+03 7.990824e+03 1.077082e+04 1.597328e+04  
2.785414e-02 4.373597e+03 7.931733e+03 1.069060e+04 1.585319e+04  
2.824241e-02 4.340664e+03 7.871316e+03 1.060859e+04 1.573047e+04  
2.863610e-02 4.307027e+03 7.809622e+03 1.052487e+04 1.560521e+04  
2.903527e-02 4.272716e+03 7.746709e+03 1.043950e+04 1.547751e+04  
2.944000e-02 4.237769e+03 7.682647e+03 1.035259e+04 1.534754e+04  
2.985038e-02 4.202224e+03 7.617504e+03 1.026422e+04 1.521542e+04  
3.026648e-02 4.166124e+03 7.551359e+03 1.017451e+04 1.508132e+04  
3.068838e-02 4.129512e+03 7.484287e+03 1.008355e+04 1.494537e+04  
3.111616e-02 4.092422e+03 7.416357e+03 9.991446e+03 1.480774e+04  
3.154990e-02 4.054889e+03 7.347629e+03 9.898268e+03 1.466854e+04  
3.198969e-02 4.016951e+03 7.278172e+03 9.804112e+03 1.452790e+04  
3.243561e-02 3.978651e+03 7.208063e+03 9.709080e+03 1.438597e+04  
3.288774e-02 3.940035e+03 7.137392e+03 9.613303e+03 1.424296e+04  
3.334618e-02 3.901154e+03 7.066246e+03 9.516890e+03 1.409903e+04  
3.381101e-02 3.862057e+03 6.994716e+03 9.419964e+03 1.395434e+04  
3.428231e-02 3.822791e+03 6.922882e+03 9.322634e+03 1.380907e+04  
3.476019e-02 3.783399e+03 6.850837e+03 9.225032e+03 1.366343e+04  
3.524473e-02 3.743931e+03 6.778658e+03 9.127256e+03 1.351755e+04  
3.573602e-02 3.704438e+03 6.706440e+03 9.029433e+03 1.337161e+04  
3.623416e-02 3.664976e+03 6.634287e+03 8.931702e+03 1.322582e+04  
3.673925e-02 3.625607e+03 6.562313e+03 8.834228e+03 1.308046e+04  
3.725137e-02 3.586388e+03 6.490619e+03 8.737137e+03 1.293567e+04  
3.777064e-02 3.547350e+03 6.419259e+03 8.640501e+03 1.279158e+04  
3.829714e-02 3.508511e+03 6.348267e+03 8.544369e+03 1.264826e+04  
3.883098e-02 3.469887e+03 6.277679e+03 8.448796e+03 1.250580e+04  
3.937226e-02 3.431497e+03 6.207520e+03 8.353807e+03 1.236423e+04  
3.992109e-02 3.393358e+03 6.137823e+03 8.259447e+03 1.222360e+04  
4.047757e-02 3.355489e+03 6.068625e+03 8.165768e+03 1.208402e+04  
4.104181e-02 3.317911e+03 5.999966e+03 8.072831e+03 1.194557e+04  
4.161391e-02 3.280667e+03 5.931917e+03 7.980722e+03 1.180837e+04  
4.219398e-02 3.243816e+03 5.864588e+03 7.889590e+03 1.167264e+04  
4.278214e-02 3.207425e+03 5.798101e+03 7.799604e+03 1.153864e+04  
4.337850e-02 3.171564e+03 5.732582e+03 7.710934e+03 1.140664e+04  
4.398317e-02 3.136303e+03 5.668157e+03 7.623744e+03 1.127684e+04  
4.459628e-02 3.101722e+03 5.604963e+03 7.538220e+03 1.114955e+04  
4.521792e-02 3.067901e+03 5.543153e+03 7.454571e+03 1.102507e+04  
4.584824e-02 3.034873e+03 5.482784e+03 7.372875e+03 1.090353e+04  
4.648734e-02 3.002611e+03 5.423802e+03 7.293053e+03 1.078480e+04  
4.713535e-02 2.971079e+03 5.366144e+03 7.215021e+03 1.066875e+04  
4.779239e-02 2.940239e+03 5.309744e+03 7.138698e+03 1.055528e+04  
4.845859e-02 2.910045e+03 5.254518e+03 7.063966e+03 1.044422e+04  
4.913407e-02 2.880445e+03 5.200368e+03 6.990693e+03 1.033535e+04  
4.981898e-02 2.851383e+03 5.147195e+03 6.918741e+03 1.022847e+04  
5.051342e-02 2.822817e+03 5.094927e+03 6.848027e+03 1.012348e+04  
5.121755e-02 2.794713e+03 5.043500e+03 6.778457e+03 1.002024e+04  
5.193150e-02 2.767034e+03 4.992845e+03 6.709936e+03 9.918591e+03  
5.265540e-02 2.739739e+03 4.942888e+03 6.642364e+03 9.818389e+03  
5.338938e-02 2.712784e+03 4.893558e+03 6.575659e+03 9.719539e+03  
5.413360e-02 2.686117e+03 4.844755e+03 6.509676e+03 9.621808e+03  
5.488820e-02 2.659693e+03 4.796398e+03 6.444305e+03 9.525027e+03  
5.565331e-02 2.633485e+03 4.748435e+03 6.379478e+03 9.429098e+03  
5.642908e-02 2.607464e+03 4.700829e+03 6.315155e+03 9.333996e+03  
5.721568e-02 2.581596e+03 4.653507e+03 6.251230e+03 9.239533e+03  
5.801323e-02 2.555846e+03 4.606405e+03 6.187616e+03 9.145580e+03  
5.882190e-02 2.530172e+03 4.559452e+03 6.124218e+03 9.051999e+03  
5.964185e-02 2.504521e+03 4.512561e+03 6.060931e+03 8.958666e+03  
6.047322e-02 2.478814e+03 4.465583e+03 5.997545e+03 8.865237e+03  
6.131619e-02 2.452971e+03 4.418373e+03 5.933864e+03 8.771420e+03  
6.217090e-02 2.426903e+03 4.370775e+03 5.869682e+03 8.676914e+03  
6.303753e-02 2.400514e+03 4.322628e+03 5.804792e+03 8.581438e+03  
6.391624e-02 2.373714e+03 4.273763e+03 5.738956e+03 8.484601e+03  
6.480720e-02 2.346449e+03 4.224082e+03 5.672043e+03 8.386210e+03  
6.571058e-02 2.318666e+03 4.173499e+03 5.603943e+03 8.286107e+03  
6.662655e-02 2.290313e+03 4.121925e+03 5.534541e+03 8.184137e+03  
6.755528e-02 2.261327e+03 4.069243e+03 5.463672e+03 8.080022e+03  
6.849697e-02 2.231658e+03 4.015366e+03 5.391217e+03 7.973581e+03  
6.945178e-02 2.201286e+03 3.960263e+03 5.317142e+03 7.864773e+03  
7.041990e-02 2.170195e+03 3.903911e+03 5.241419e+03 7.753560e+03  
7.140151e-02 2.138365e+03 3.846271e+03 5.163986e+03 7.639821e+03  
7.239681e-02 2.105781e+03 3.787316e+03 5.084806e+03 7.523496e+03  
7.340598e-02 2.072458e+03 3.727081e+03 5.003935e+03 7.404680e+03  
7.442922e-02 2.038444e+03 3.665657e+03 4.921494e+03 7.283548e+03  
7.546673e-02 2.003796e+03 3.603136e+03 4.837598e+03 7.160249e+03  
7.651869e-02 1.968572e+03 3.539627e+03 4.752394e+03 7.034997e+03  
7.758532e-02 1.932848e+03 3.475271e+03 4.666080e+03 6.908101e+03  
7.866682e-02 1.896717e+03 3.410235e+03 4.578876e+03 6.779884e+03  
7.976339e-02 1.860286e+03 3.344703e+03 4.491023e+03 6.650686e+03  
8.087525e-02 1.823669e+03 3.278880e+03 4.402798e+03 6.520916e+03  
8.200261e-02 1.786989e+03 3.212993e+03 4.314512e+03 6.391065e+03  
8.314568e-02 1.750355e+03 3.147231e+03 4.226416e+03 6.261491e+03  
8.430468e-02 1.713880e+03 3.081792e+03 4.138768e+03 6.132572e+03  
8.547985e-02 1.677687e+03 3.016892e+03 4.051862e+03 6.004746e+03  
8.667139e-02 1.641899e+03 2.952761e+03 3.966015e+03 5.878515e+03  
8.787954e-02 1.606616e+03 2.889567e+03 3.881444e+03 5.754188e+03  
8.910453e-02 1.571938e+03 2.827484e+03 3.798381e+03 5.632107e+03  
9.034660e-02 1.537971e+03 2.766701e+03 3.717081e+03 5.512658e+03  
9.160598e-02 1.504822e+03 2.707414e+03 3.637816e+03 5.396281e+03  
9.288292e-02 1.472578e+03 2.649769e+03 3.560774e+03 5.283236e+03  
9.417766e-02 1.441334e+03 2.593931e+03 3.486174e+03 5.173859e+03  
9.549045e-02 1.411186e+03 2.540066e+03 3.414242e+03 5.068493e+03  
9.682153e-02 1.382203e+03 2.488308e+03 3.345169e+03 4.967459e+03  
9.817117e-02 1.354440e+03 2.438739e+03 3.279054e+03 4.870887e+03  
9.953962e-02 1.327955e+03 2.391461e+03 3.216034e+03 4.778994e+03  
1.009272e-01 1.302804e+03 2.346572e+03 3.156243e+03 4.691992e+03  
1.023340e-01 1.278989e+03 2.304081e+03 3.099704e+03 4.609944e+03  
1.037605e-01 1.256469e+03 2.263906e+03 3.046295e+03 4.532657e+03  
1.052069e-01 1.235201e+03 2.225964e+03 2.995910e+03 4.459975e+03  
1.066734e-01 1.215127e+03 2.190158e+03 2.948418e+03 4.391717e+03  
1.081604e-01 1.196136e+03 2.156292e+03 2.903564e+03 4.327515e+03  
1.096681e-01 1.178072e+03 2.124084e+03 2.860960e+03 4.266769e+03  
1.111968e-01 1.160767e+03 2.093236e+03 2.820206e+03 4.208879e+03  
1.127468e-01 1.144047e+03 2.063441e+03 2.780893e+03 4.153226e+03  
1.143184e-01 1.127747e+03 2.034415e+03 2.742638e+03 4.099236e+03  
1.159120e-01 1.111693e+03 2.005841e+03 2.705010e+03 4.046233e+03  
1.175277e-01 1.095698e+03 1.977392e+03 2.667566e+03 3.993535e+03  
1.191660e-01 1.079608e+03 1.948799e+03 2.629945e+03 3.940585e+03  
1.208271e-01 1.063305e+03 1.919858e+03 2.591869e+03 3.886949e+03  
1.225114e-01 1.046664e+03 1.890341e+03 2.553025e+03 3.832122e+03  
1.242191e-01 1.029570e+03 1.860048e+03 2.513139e+03 3.775668e+03  
1.259506e-01 1.011968e+03 1.828889e+03 2.472088e+03 3.717388e+03  
1.277063e-01 9.938120e+02 1.796780e+03 2.429757e+03 3.657083e+03  
1.294865e-01 9.750587e+02 1.763642e+03 2.386031e+03 3.594555e+03  
1.312915e-01 9.557203e+02 1.729497e+03 2.340935e+03 3.529826e+03  
1.331216e-01 9.358363e+02 1.694421e+03 2.294573e+03 3.463044e+03  
1.349772e-01 9.154514e+02 1.658488e+03 2.247041e+03 3.394346e+03  
1.368587e-01 8.946591e+02 1.621861e+03 2.198553e+03 3.324053e+03  
1.387665e-01 8.735861e+02 1.584761e+03 2.149410e+03 3.252623e+03  
1.407008e-01 8.523724e+02 1.547439e+03 2.099953e+03 3.180590e+03  
1.426621e-01 8.311669e+02 1.510154e+03 2.050528e+03 3.108490e+03  
1.446507e-01 8.101322e+02 1.473186e+03 2.001517e+03 3.036922e+03  
1.466671e-01 7.894381e+02 1.436834e+03 1.953325e+03 2.966525e+03  
1.487115e-01 7.692361e+02 1.401369e+03 1.906322e+03 2.897882e+03  
1.507845e-01 7.496726e+02 1.367041e+03 1.860847e+03 2.831538e+03  
1.528864e-01 7.308867e+02 1.334091e+03 1.817231e+03 2.768018e+03  
1.550175e-01 7.129792e+02 1.302696e+03 1.775714e+03 2.707712e+03  
1.571784e-01 6.960499e+02 1.273035e+03 1.736543e+03 2.651018e+03  
1.593694e-01 6.801490e+02 1.245189e+03 1.699829e+03 2.598126e+03  
1.615909e-01 6.652845e+02 1.219170e+03 1.665592e+03 2.549083e+03  
1.638434e-01 6.514461e+02 1.194960e+03 1.633809e+03 2.503863e+03  
1.661273e-01 6.385571e+02 1.172429e+03 1.604305e+03 2.462194e+03  
1.684430e-01 6.265086e+02 1.151378e+03 1.576812e+03 2.423671e+03  
1.707910e-01 6.151602e+02 1.131562e+03 1.550997e+03 2.387771e+03  
1.731717e-01 6.043359e+02 1.112673e+03 1.526440e+03 2.353826e+03  
1.755856e-01 5.938584e+02 1.094403e+03 1.502717e+03 2.321154e+03  
1.780332e-01 5.835666e+02 1.076464e+03 1.479438e+03 2.289135e+03  
1.805149e-01 5.733021e+02 1.058579e+03 1.456220e+03 2.257148e+03  
1.830312e-01 5.629424e+02 1.040534e+03 1.432767e+03 2.224700e+03  
1.855825e-01 5.523786e+02 1.022139e+03 1.408813e+03 2.191345e+03  
1.881694e-01 5.415303e+02 1.003250e+03 1.384159e+03 2.156757e+03  
1.907924e-01 5.303460e+02 9.837747e+02 1.358676e+03 2.120715e+03  
1.934520e-01 5.188096e+02 9.636862e+02 1.332320e+03 2.083125e+03  
1.961486e-01 5.069489e+02 9.430327e+02 1.305155e+03 2.044078e+03  
1.988828e-01 4.948297e+02 9.219277e+02 1.277336e+03 2.003830e+03  
2.016551e-01 4.825816e+02 9.005977e+02 1.249175e+03 1.962887e+03  
2.044661e-01 4.703491e+02 8.792965e+02 1.221019e+03 1.921807e+03  
2.073162e-01 4.582839e+02 8.582895e+02 1.193236e+03 1.881196e+03  
2.102061e-01 4.465244e+02 8.378184e+02 1.166162e+03 1.841622e+03  
2.131362e-01 4.351796e+02 8.180737e+02 1.140062e+03 1.803524e+03  
2.161073e-01 4.243403e+02 7.992149e+02 1.115154e+03 1.767259e+03  
2.191197e-01 4.140667e+02 7.813469e+02 1.091588e+03 1.733082e+03  
2.221741e-01 4.043925e+02 7.645284e+02 1.069447e+03 1.701150e+03  
2.252711e-01 3.953216e+02 7.487658e+02 1.048743e+03 1.671492e+03  
2.284112e-01 3.868180e+02 7.339959e+02 1.029387e+03 1.643950e+03  
2.315951e-01 3.788076e+02 7.200886e+02 1.011201e+03 1.618249e+03  
2.348235e-01 3.711833e+02 7.068564e+02 9.939300e+02 1.593974e+03  
2.380968e-01 3.638247e+02 6.940878e+02 9.772793e+02 1.570639e+03  
2.414157e-01 3.566192e+02 6.815839e+02 9.609673e+02 1.547754e+03  
2.447809e-01 3.494662e+02 6.691688e+02 9.447524e+02 1.524929e+03  
2.481930e-01 3.422898e+02 6.567087e+02 9.284486e+02 1.501852e+03  
2.516527e-01 3.350357e+02 6.441077e+02 9.119204e+02 1.478291e+03  
2.551606e-01 3.276708e+02 6.313057e+02 8.950763e+02 1.454066e+03  
2.587174e-01 3.201880e+02 6.182909e+02 8.779042e+02 1.429174e+03  
2.623238e-01 3.126218e+02 6.051240e+02 8.604891e+02 1.403756e+03  
2.659804e-01 3.050498e+02 5.919410e+02 8.430206e+02 1.378134e+03  
2.696881e-01 2.975774e+02 5.789247e+02 8.257482e+02 1.352709e+03  
2.734474e-01 2.902997e+02 5.662444e+02 8.089174e+02 1.327924e+03  
2.772591e-01 2.832870e+02 5.540241e+02 7.927028e+02 1.304078e+03  
2.811239e-01 2.765737e+02 5.423238e+02 7.771885e+02 1.281316e+03  
2.850426e-01 2.701726e+02 5.311633e+02 7.623985e+02 1.259665e+03  
2.890160e-01 2.640786e+02 5.205367e+02 7.483317e+02 1.239149e+03  
2.930447e-01 2.582802e+02 5.104238e+02 7.349610e+02 1.219724e+03  
2.971296e-01 2.527430e+02 5.007631e+02 7.221993e+02 1.201241e+03  
3.012714e-01 2.474074e+02 4.914483e+02 7.098938e+02 1.183429e+03  
3.054710e-01 2.421953e+02 4.823441e+02 6.978601e+02 1.165993e+03  
3.097291e-01 2.370380e+02 4.733298e+02 6.859280e+02 1.148640e+03  
3.140465e-01 2.318969e+02 4.643360e+02 6.739971e+02 1.131193e+03  
3.184242e-01 2.267647e+02 4.553482e+02 6.620447e+02 1.113604e+03  
3.228628e-01 2.216506e+02 4.463852e+02 6.501023e+02 1.095944e+03  
3.273634e-01 2.165746e+02 4.374823e+02 6.382197e+02 1.078299e+03  
3.319266e-01 2.115616e+02 4.286813e+02 6.264534e+02 1.060759e+03  
3.365535e-01 2.066477e+02 4.200458e+02 6.148930e+02 1.043479e+03  
3.412449e-01 2.018777e+02 4.116566e+02 6.036577e+02 1.026677e+03  
3.460016e-01 1.972856e+02 4.035739e+02 5.928329e+02 1.010504e+03  
3.508247e-01 1.928819e+02 3.958139e+02 5.824389e+02 9.949863e+02  
3.557150e-01 1.886481e+02 3.883445e+02 5.724316e+02 9.800516e+02  
3.606735e-01 1.845563e+02 3.811185e+02 5.627474e+02 9.656008e+02  
3.657011e-01 1.805813e+02 3.740914e+02 5.533241e+02 9.515279e+02  
3.707988e-01 1.767018e+02 3.672230e+02 5.441008e+02 9.377183e+02  
3.759675e-01 1.728948e+02 3.604741e+02 5.350243e+02 9.240873e+02  
3.812083e-01 1.691380e+02 3.538070e+02 5.260437e+02 9.105540e+02  
3.865221e-01 1.654250e+02 3.472103e+02 5.171432e+02 8.970927e+02  
3.919100e-01 1.617690e+02 3.407044e+02 5.083476e+02 8.837363e+02  
3.973730e-01 1.581876e+02 3.343223e+02 4.997076e+02 8.705826e+02  
4.029122e-01 1.546940e+02 3.280887e+02 4.912599e+02 8.577004e+02  
4.085286e-01 1.512970e+02 3.220189e+02 4.830267e+02 8.451294e+02  
4.142232e-01 1.480063e+02 3.161267e+02 4.750234e+02 8.328859e+02  
4.199973e-01 1.448229e+02 3.104165e+02 4.672608e+02 8.210004e+02  
4.258518e-01 1.417338e+02 3.048666e+02 4.597090e+02 8.094240e+02  
4.317880e-01 1.387226e+02 2.994478e+02 4.523268e+02 7.980870e+02  
4.378069e-01 1.357795e+02 2.941391e+02 4.450804e+02 7.869204e+02  
4.439097e-01 1.328990e+02 2.889347e+02 4.379664e+02 7.759322e+02  
4.500975e-01 1.300747e+02 2.838238e+02 4.309701e+02 7.650985e+02  
4.563716e-01 1.273061e+02 2.788050e+02 4.240892e+02 7.544159e+02  
4.627332e-01 1.245983e+02 2.738842e+02 4.173292e+02 7.438863e+02  
4.691835e-01 1.219597e+02 2.690800e+02 4.107209e+02 7.335736e+02  
4.757236e-01 1.193901e+02 2.643919e+02 4.042637e+02 7.234783e+02  
4.823549e-01 1.168901e+02 2.598204e+02 3.979579e+02 7.135996e+02  
4.890787e-01 1.144578e+02 2.553598e+02 3.917935e+02 7.039160e+02  
4.958962e-01 1.120895e+02 2.510070e+02 3.857694e+02 6.944343e+02  
5.028087e-01 1.097761e+02 2.467459e+02 3.798631e+02 6.851169e+02  
5.098176e-01 1.075132e+02 2.425677e+02 3.740616e+02 6.759405e+02  
5.169242e-01 1.053030e+02 2.384751e+02 3.683677e+02 6.669076e+02  
5.241298e-01 1.031436e+02 2.344676e+02 3.627831e+02 6.580281e+02  
5.314359e-01 1.010335e+02 2.305421e+02 3.573041e+02 6.492963e+02  
5.388438e-01 9.897663e+01 2.267046e+02 3.519380e+02 6.407227e+02  
5.463550e-01 9.697278e+01 2.229541e+02 3.466829e+02 6.323038e+02  
5.539709e-01 9.501790e+01 2.192854e+02 3.415339e+02 6.240360e+02  
5.616930e-01 9.311003e+01 2.156953e+02 3.364863e+02 6.159122e+02  
5.695227e-01 9.124977e+01 2.121833e+02 3.315386e+02 6.079276e+02  
5.774615e-01 8.943151e+01 2.087397e+02 3.266775e+02 6.000609e+02  
5.855110e-01 8.765500e+01 2.053658e+02 3.219061e+02 5.923210e+02  
5.936727e-01 8.592186e+01 2.020643e+02 3.172286e+02 5.847150e+02  
6.019482e-01 8.422922e+01 1.988287e+02 3.126345e+02 5.772237e+02  
6.103390e-01 8.257655e+01 1.956587e+02 3.081243e+02 5.698495e+02  
6.188468e-01 8.096604e+01 1.925592e+02 3.037057e+02 5.626073e+02  
6.274732e-01 7.939182e+01 1.895200e+02 2.993649e+02 5.554748e+02  
6.362198e-01 7.785503e+01 1.865416e+02 2.951010e+02 5.484484e+02  
6.450884e-01 7.635514e+01 1.836240e+02 2.909153e+02 5.415324e+02  
6.540806e-01 7.488886e+01 1.807623e+02 2.868018e+02 5.347185e+02  
6.631981e-01 7.345763e+01 1.779591e+02 2.827638e+02 5.280124e+02  
6.724427e-01 7.206109e+01 1.752119e+02 2.787969e+02 5.214047e+02  
6.818162e-01 7.069602e+01 1.725167e+02 2.748968e+02 5.148911e+02  
6.913204e-01 6.936212e+01 1.698734e+02 2.710638e+02 5.084728e+02  
7.009570e-01 6.805902e+01 1.672814e+02 2.672969e+02 5.021486e+02  
7.107280e-01 6.678591e+01 1.647375e+02 2.635910e+02 4.959080e+02  
7.206351e-01 6.554235e+01 1.622428e+02 2.599483e+02 4.897574e+02  
7.306804e-01 6.432748e+01 1.597958e+02 2.563675e+02 4.836946e+02  
7.408657e-01 6.314036e+01 1.573949e+02 2.528461e+02 4.777161e+02  
7.511929e-01 6.197991e+01 1.550368e+02 2.493788e+02 4.718119e+02  
7.616642e-01 6.084579e+01 1.527226e+02 2.459682e+02 4.659880e+02  
7.722814e-01 5.973729e+01 1.504510e+02 2.426127e+02 4.602421e+02  
7.830465e-01 5.865356e+01 1.482204e+02 2.393099e+02 4.545706e+02  
7.939618e-01 5.759378e+01 1.460285e+02 2.360562e+02 4.489666e+02  
8.050292e-01 5.655758e+01 1.438759e+02 2.328532e+02 4.434344e+02  
8.162509e-01 5.554424e+01 1.417613e+02 2.296994e+02 4.379714e+02  
8.276289e-01 5.455303e+01 1.396833e+02 2.265925e+02 4.325741e+02  
8.391656e-01 5.358331e+01 1.376402e+02 2.235301e+02 4.272382e+02  
8.508632e-01 5.263479e+01 1.356325e+02 2.205134e+02 4.219664e+02  
8.627237e-01 5.170686e+01 1.336590e+02 2.175409e+02 4.167567e+02  
8.747496e-01 5.079890e+01 1.317186e+02 2.146108e+02 4.116058e+02  
8.869432e-01 4.991034e+01 1.298098e+02 2.117212e+02 4.065109e+02  
8.993067e-01 4.904084e+01 1.279328e+02 2.088727e+02 4.014732e+02  
9.118425e-01 4.818982e+01 1.260868e+02 2.060641e+02 3.964910e+02  
9.245531e-01 4.735671e+01 1.242702e+02 2.032933e+02 3.915610e+02  
9.374409e-01 4.654102e+01 1.224823e+02 2.005595e+02 3.866817e+02  
9.505083e-01 4.574239e+01 1.207230e+02 1.978625e+02 3.818533e+02  
9.637579e-01 4.496036e+01 1.189915e+02 1.952014e+02 3.770745e+02  
9.771921e-01 4.419436e+01 1.172865e+02 1.925743e+02 3.723422e+02  
9.908137e-01 4.344397e+01 1.156074e+02 1.899806e+02 3.676556e+02  
1.004625e+00 4.270887e+01 1.139539e+02 1.874201e+02 3.630145e+02  
1.018629e+00 4.198865e+01 1.123256e+02 1.848920e+02 3.584178e+02  
1.032828e+00 4.128276e+01 1.107209e+02 1.823945e+02 3.538626e+02  
1.047225e+00 4.059087e+01 1.091397e+02 1.799273e+02 3.493486e+02  
1.061823e+00 3.991269e+01 1.075817e+02 1.774902e+02 3.448755e+02  
1.076624e+00 3.924791e+01 1.060463e+02 1.750825e+02 3.404423e+02  
1.091632e+00 3.859600e+01 1.045325e+02 1.727026e+02 3.360466e+02  
1.106848e+00 3.795677e+01 1.030400e+02 1.703505e+02 3.316885e+02  
1.122277e+00 3.732994e+01 1.015687e+02 1.680259e+02 3.273674e+02  
1.137921e+00 3.671521e+01 1.001179e+02 1.657281e+02 3.230824e+02  
1.153783e+00 3.611198e+01 9.868653e+01 1.634553e+02 3.188314e+02  
1.169866e+00 3.552012e+01 9.727459e+01 1.612081e+02 3.146146e+02  
1.186174e+00 3.493939e+01 9.588180e+01 1.589860e+02 3.104314e+02  
1.202708e+00 3.436955e+01 9.450772e+01 1.567884e+02 3.062811e+02  
1.219473e+00 3.381006e+01 9.315129e+01 1.546139e+02 3.021620e+02  
1.236472e+00 3.326089e+01 9.181274e+01 1.524630e+02 2.980745e+02  
1.253708e+00 3.272180e+01 9.049169e+01 1.503351e+02 2.940179e+02  
1.271184e+00 3.219250e+01 8.918768e+01 1.482297e+02 2.899916e+02  
1.288904e+00 3.167250e+01 8.789982e+01 1.461457e+02 2.859943e+02  
1.306870e+00 3.116179e+01 8.662830e+01 1.440834e+02 2.820264e+02  
1.325087e+00 3.066016e+01 8.537279e+01 1.420423e+02 2.780873e+02  
1.343558e+00 3.016732e+01 8.413284e+01 1.400221e+02 2.741764e+02  
1.362287e+00 2.970897e+01 8.290784e+01 1.380219e+02 2.702930e+02  
1.381276e+00 2.918197e+01 8.169791e+01 1.360419e+02 2.664373e+02  
1.400531e+00 2.873926e+01 8.050276e+01 1.340817e+02 2.626090e+02  
1.420053e+00 2.827950e+01 7.932197e+01 1.321409e+02 2.588076e+02  
1.439848e+00 2.782746e+01 7.815510e+01 1.302191e+02 2.550327e+02  
1.459919e+00 2.738308e+01 7.700219e+01 1.283162e+02 2.512843e+02  
1.480269e+00 2.694615e+01 7.586295e+01 1.264319e+02 2.475623e+02  
1.500903e+00 2.651641e+01 7.473696e+01 1.245657e+02 2.438664e+02  
1.521825e+00 2.609367e+01 7.362396e+01 1.227175e+02 2.401964e+02  
1.543038e+00 2.567788e+01 7.252392e+01 1.208872e+02 2.365524e+02  
1.564548e+00 2.526884e+01 7.143660e+01 1.190744e+02 2.329344e+02  
1.586357e+00 2.486634e+01 7.036164e+01 1.172790e+02 2.293421e+02  
1.608469e+00 2.447024e+01 6.929889e+01 1.155006e+02 2.257756e+02  
1.630891e+00 2.408046e+01 6.824827e+01 1.137392e+02 2.222351e+02  
1.653624e+00 2.369684e+01 6.720956e+01 1.119947e+02 2.187205e+02  
1.676675e+00 2.331918e+01 6.618248e+01 1.102667e+02 2.152319e+02  
1.700047e+00 2.294739e+01 6.516691e+01 1.085552e+02 2.117694e+02  
1.723745e+00 2.258136e+01 6.416275e+01 1.068599e+02 2.083333e+02  
1.747773e+00 2.222097e+01 6.316984e+01 1.051809e+02 2.049235e+02  
1.772136e+00 2.186603e+01 6.218790e+01 1.035179e+02 2.015403e+02  
1.796838e+00 2.151648e+01 6.121690e+01 1.018707e+02 1.981839e+02  
1.821885e+00 2.117222e+01 6.025671e+01 1.002394e+02 1.948545e+02  
1.847281e+00 2.083315e+01 5.930719e+01 9.862387e+01 1.915524e+02  
1.873032e+00 2.049908e+01 5.836813e+01 9.702384e+01 1.882777e+02  
1.899141e+00 2.016996e+01 5.743947e+01 9.543934e+01 1.850308e+02  
1.925614e+00 1.984570e+01 5.652111e+01 9.387030e+01 1.818119e+02  
1.952456e+00 1.952621e+01 5.561293e+01 9.231663e+01 1.786213e+02  
1.979672e+00 1.921132e+01 5.471475e+01 9.077821e+01 1.754593e+02  
2.007267e+00 1.890102e+01 5.382653e+01 8.925504e+01 1.723262e+02  
2.035248e+00 1.859521e+01 5.294820e+01 8.774706e+01 1.692223e+02  
2.063618e+00 1.829382e+01 5.207965e+01 8.625424e+01 1.661480e+02  
2.092383e+00 1.799669e+01 5.122071e+01 8.477648e+01 1.631078e+02  
2.121550e+00 1.770382e+01 5.037066e+01 8.331379e+01 1.600936e+02  
2.151123e+00 1.741511e+01 4.953085e+01 8.186614e+01 1.571098e+02  
2.181109e+00 1.713050e+01 4.870047e+01 8.043349e+01 1.541569e+02  
2.211512e+00 1.684986e+01 4.788009e+01 7.901581e+01 1.512370e+02  
2.242340e+00 1.657316e+01 4.706828e+01 7.761309e+01 1.483467e+02  
2.273597e+00 1.630034e+01 4.626569e+01 7.622534e+01 1.454880e+02  
2.305289e+00 1.603134e+01 4.547222e+01 7.485252e+01 1.426615e+02  
2.337424e+00 1.576604e+01 4.468780e+01 7.349463e+01 1.398672e+02  
2.370006e+00 1.550443e+01 4.391238e+01 7.215168e+01 1.371056e+02  
2.403043e+00 1.524646e+01 4.314527e+01 7.082367e+01 1.343769e+02  
2.436540e+00 1.499204e+01 4.238770e+01 6.951059e+01 1.316794e+02  
2.470504e+00 1.474111e+01 4.163895e+01 6.820792e+01 1.290173e+02  
2.504942e+00 1.449364e+01 4.089898e+01 6.692469e+01 1.263887e+02  
2.539859e+00 1.424958e+01 4.016774e+01 6.565643e+01 1.237941e+02  
2.575263e+00 1.400886e+01 3.944517e+01 6.440314e+01 1.212334e+02  
2.611161e+00 1.377142e+01 3.873122e+01 6.316482e+01 1.187070e+02  
2.647559e+00 1.353723e+01 3.802586e+01 6.194635e+01 1.162150e+02  
2.684465e+00 1.330626e+01 3.732904e+01 6.073804e+01 1.137576e+02  
2.721885e+00 1.307843e+01 3.664070e+01 5.954475e+01 1.113348e+02  
2.759826e+00 1.285371e+01 3.596082e+01 5.836156e+01 1.089468e+02  
2.798297e+00 1.263206e+01 3.528935e+01 5.719830e+01 1.065936e+02  
2.837304e+00 1.241344e+01 3.462626e+01 5.605009e+01 1.042754e+02  
2.876854e+00 1.219780e+01 3.397150e+01 5.491692e+01 1.019922e+02  
2.916956e+00 1.198510e+01 3.332504e+01 5.379881e+01 9.974406e+01  
2.957617e+00 1.177532e+01 3.268685e+01 5.270061e+01 9.753093e+01  
2.998844e+00 1.156842e+01 3.205688e+01 5.161262e+01 9.535283e+01  
3.040646e+00 1.136434e+01 3.143510e+01 5.053969e+01 9.320974e+01  
3.083031e+00 1.116322e+01 3.082148e+01 4.948181e+01 9.110161e+01  
3.126007e+00 1.096471e+01 3.021599e+01 4.843897e+01 8.902985e+01  
3.169582e+00 1.076894e+01 2.961859e+01 4.741117e+01 8.699131e+01  
3.213764e+00 1.057586e+01 2.902925e+01 4.639839e+01 8.498758e+01  
3.258562e+00 1.038545e+01 2.844793e+01 4.540061e+01 8.301844e+01  
3.303985e+00 1.019768e+01 2.787461e+01 4.441781e+01 8.108254e+01  
3.350041e+00 1.001252e+01 2.730926e+01 4.344996e+01 7.918221e+01  
3.396739e+00 9.829920e+00 2.675183e+01 4.249704e+01 7.731600e+01  
3.444087e+00 9.649875e+00 2.620231e+01 4.155900e+01 7.548373e+01  
3.492096e+00 9.472350e+00 2.566065e+01 4.063582e+01 7.368522e+01  
3.540774e+00 9.297318e+00 2.512683e+01 3.972743e+01 7.192022e+01  
3.590130e+00 9.124744e+00 2.460081e+01 3.883381e+01 7.018851e+01  
3.640175e+00 8.954611e+00 2.408255e+01 3.795488e+01 6.848984e+01  
3.690917e+00 8.786891e+00 2.357203e+01 3.709068e+01 6.682395e+01  
3.742366e+00 8.621559e+00 2.306921e+01 3.624099e+01 6.519056e+01  
3.794533e+00 8.458584e+00 2.257406e+01 3.540579e+01 6.358939e+01  
3.847427e+00 8.297948e+00 2.208653e+01 3.458504e+01 6.202013e+01  
3.901058e+00 8.139624e+00 2.160659e+01 3.377425e+01 6.048248e+01  
3.955436e+00 7.983589e+00 2.113420e+01 3.298643e+01 5.897611e+01  
4.010573e+00 7.829816e+00 2.066933e+01 3.220427e+01 5.750069e+01  
4.066478e+00 7.678287e+00 2.021194e+01 3.144051e+01 5.605587e+01  
4.123163e+00 7.528978e+00 1.976198e+01 3.069075e+01 5.464132e+01  
4.180637e+00 7.381866e+00 1.931941e+01 2.995489e+01 5.325666e+01  
4.238913e+00 7.236927e+00 1.888418e+01 2.923282e+01 5.190152e+01  
4.298001e+00 7.094143e+00 1.845626e+01 2.852443e+01 5.057554e+01  
4.357913e+00 6.953492e+00 1.803560e+01 2.782961e+01 4.927834e+01  
4.418660e+00 6.814950e+00 1.762215e+01 2.714824e+01 4.800951e+01  
4.480254e+00 6.678498e+00 1.721586e+01 2.648019e+01 4.676867e+01  
4.542706e+00 6.544116e+00 1.681668e+01 2.582534e+01 4.555543e+01  
4.606029e+00 6.411784e+00 1.642454e+01 2.518356e+01 4.436938e+01  
4.670234e+00 6.281480e+00 1.603943e+01 2.455470e+01 4.321073e+01  
4.735335e+00 6.153184e+00 1.566127e+01 2.393865e+01 4.207725e+01  
4.801343e+00 6.026878e+00 1.529001e+01 2.333524e+01 4.097024e+01  
4.868271e+00 5.902543e+00 1.492542e+01 2.274435e+01 3.988885e+01  
4.936132e+00 5.780157e+00 1.456777e+01 2.216886e+01 3.883255e+01  
5.004939e+00 5.659702e+00 1.421683e+01 2.160245e+01 3.780096e+01  
5.074705e+00 5.541160e+00 1.387278e+01 2.104812e+01 3.679365e+01  
5.145444e+00 5.424511e+00 1.353511e+01 2.050569e+01 3.581021e+01  
5.217169e+00 5.309737e+00 1.320398e+01 1.997500e+01 3.485019e+01  
5.289893e+00 5.196819e+00 1.287932e+01 1.945595e+01 3.391319e+01  
5.363631e+00 5.085738e+00 1.256107e+01 1.894577e+01 3.299879e+01  
5.438397e+00 4.976478e+00 1.224914e+01 1.844949e+01 3.210656e+01  
5.514206e+00 4.869018e+00 1.194348e+01 1.796432e+01 3.123609e+01  
5.591071e+00 4.763196e+00 1.164402e+01 1.749010e+01 3.038695e+01  
5.669007e+00 4.659431e+00 1.135068e+01 1.702666e+01 2.955875e+01  
5.748030e+00 4.557268e+00 1.106340e+01 1.657383e+01 2.875106e+01  
5.828155e+00 4.456834e+00 1.078209e+01 1.613145e+01 2.796347e+01  
5.909396e+00 4.358113e+00 1.050669e+01 1.569935e+01 2.719557e+01  
5.991770e+00 4.261086e+00 1.023712e+01 1.527736e+01 2.644748e+01  
6.075292e+00 4.165737e+00 9.973302e+00 1.486531e+01 2.571719e+01  
6.159978e+00 4.072047e+00 9.715165e+00 1.446303e+01 2.500604e+01  
6.245845e+00 3.979999e+00 9.462316e+00 1.407037e+01 2.431303e+01  
6.332908e+00 3.889577e+00 9.215302e+00 1.368713e+01 2.363763e+01  
6.421186e+00 3.800762e+00 8.973734e+00 1.331317e+01 2.297957e+01  
6.510694e+00 3.713538e+00 8.737862e+00 1.294841e+01 2.233847e+01  
6.601449e+00 3.627887e+00 8.506956e+00 1.259246e+01 2.171395e+01  
6.693470e+00 3.543792e+00 8.281260e+00 1.224529e+01 2.110565e+01  
6.786773e+00 3.461237e+00 8.060689e+00 1.190650e+01 2.051318e+01  
6.881377e+00 3.380204e+00 7.845174e+00 1.157640e+01 1.993622e+01  
6.977300e+00 3.300676e+00 7.634629e+00 1.125452e+01 1.936945e+01  
7.074559e+00 3.222636e+00 7.428974e+00 1.094074e+01 1.882242e+01  
7.173175e+00 3.146067e+00 7.228128e+00 1.063504e+01 1.828988e+01  
7.273165e+00 3.070952e+00 7.032012e+00 1.033684e+01 1.777144e+01  
7.374549e+00 2.997275e+00 6.840544e+00 1.004640e+01 1.726682e+01  
7.477346e+00 2.925017e+00 6.653645e+00 9.763419e+00 1.678013e+01  
7.581576e+00 2.854162e+00 6.471235e+00 9.487873e+00 1.630146e+01  
7.687260e+00 2.784692e+00 6.292866e+00 9.219211e+00 1.583657e+01  
7.794416e+00 2.716592e+00 6.119193e+00 8.957675e+00 1.537940e+01  
7.903066e+00 2.649844e+00 5.950142e+00 8.702979e+00 1.493879e+01  
8.013230e+00 2.584372e+00 5.784893e+00 8.454971e+00 1.451007e+01  
8.124930e+00 2.520335e+00 5.623736e+00 8.213505e+00 1.409701e+01  
8.238187e+00 2.457542e+00 5.466595e+00 7.978558e+00 1.369114e+01  
8.353023e+00 2.396027e+00 5.313390e+00 7.749721e+00 1.329629e+01  
8.469460e+00 2.335782e+00 5.164045e+00 7.527005e+00 1.291220e+01  
8.587519e+00 2.276787e+00 5.018483e+00 7.310253e+00 1.253865e+01  
8.707225e+00 2.219024e+00 4.876256e+00 7.099328e+00 1.217530e+01  
8.828599e+00 2.162476e+00 4.738405e+00 6.894093e+00 1.182192e+01  
8.951665e+00 2.107159e+00 4.603726e+00 6.694411e+00 1.147826e+01  
9.076446e+00 2.052989e+00 4.472555e+00 6.500155e+00 1.114504e+01  
9.202967e+00 1.999992e+00 4.344781e+00 6.311187e+00 1.081912e+01  
9.331251e+00 1.948130e+00 4.220049e+00 6.127384e+00 1.050316e+01  
9.461324e+00 1.897347e+00 4.098886e+00 5.948617e+00 1.019597e+01  
9.593209e+00 1.847737e+00 3.980918e+00 5.774653e+00 9.897322e+00  
9.726934e+00 1.799233e+00 3.866074e+00 5.605670e+00 9.606998e+00  
9.862522e+00 1.751793e+00 3.754285e+00 5.441204e+00 9.324758e+00  
1.000000e+01 1.705415e+00 3.645481e+00 5.281371e+00 9.050468e+00  
