1.000000e-02 3.734983e+03 6.815720e+03 9.228802e+03 1.379327e+04  
1.013939e-02 3.756928e+03 6.855589e+03 9.282632e+03 1.387338e+04  
1.028073e-02 3.778609e+03 6.894971e+03 9.335797e+03 1.395249e+04  
1.042404e-02 3.800013e+03 6.933843e+03 9.388268e+03 1.403055e+04  
1.056935e-02 3.821129e+03 6.972186e+03 9.440018e+03 1.410752e+04  
1.071668e-02 3.841946e+03 7.009977e+03 9.491018e+03 1.418337e+04  
1.086606e-02 3.862452e+03 7.047197e+03 9.541239e+03 1.425804e+04  
1.101753e-02 3.882637e+03 7.083825e+03 9.590654e+03 1.433150e+04  
1.117111e-02 3.902490e+03 7.119842e+03 9.639240e+03 1.440371e+04  
1.132683e-02 3.921999e+03 7.155228e+03 9.686966e+03 1.447464e+04  
1.148472e-02 3.941155e+03 7.189963e+03 9.733806e+03 1.454422e+04  
1.164481e-02 3.959946e+03 7.224026e+03 9.779732e+03 1.461243e+04  
1.180713e-02 3.978357e+03 7.257393e+03 9.824714e+03 1.467923e+04  
1.197171e-02 3.996377e+03 7.290039e+03 9.868713e+03 1.474455e+04  
1.213859e-02 4.013989e+03 7.321937e+03 9.911696e+03 1.480834e+04  
1.230780e-02 4.031181e+03 7.353061e+03 9.953626e+03 1.487054e+04  
1.247936e-02 4.047938e+03 7.383389e+03 9.994474e+03 1.493113e+04  
1.265332e-02 4.064246e+03 7.412891e+03 1.003420e+04 1.499003e+04  
1.282970e-02 4.080091e+03 7.441543e+03 1.007277e+04 1.504720e+04  
1.300854e-02 4.095460e+03 7.469322e+03 1.011016e+04 1.510258e+04  
1.318987e-02 4.110342e+03 7.496206e+03 1.014633e+04 1.515615e+04  
1.337373e-02 4.124723e+03 7.522171e+03 1.018125e+04 1.520784e+04  
1.356015e-02 4.138592e+03 7.547196e+03 1.021489e+04 1.525762e+04  
1.374917e-02 4.151936e+03 7.571258e+03 1.024723e+04 1.530543e+04  
1.394083e-02 4.164746e+03 7.594340e+03 1.027824e+04 1.535126e+04  
1.413516e-02 4.177009e+03 7.616419e+03 1.030788e+04 1.539504e+04  
1.433219e-02 4.188711e+03 7.637470e+03 1.033613e+04 1.543673e+04  
1.453198e-02 4.199839e+03 7.657467e+03 1.036295e+04 1.547627e+04  
1.473454e-02 4.210377e+03 7.676385e+03 1.038830e+04 1.551362e+04  
1.493993e-02 4.220311e+03 7.694193e+03 1.041215e+04 1.554872e+04  
1.514819e-02 4.229626e+03 7.710868e+03 1.043446e+04 1.558151e+04  
1.535935e-02 4.238309e+03 7.726384e+03 1.045520e+04 1.561195e+04  
1.557345e-02 4.246346e+03 7.740717e+03 1.047433e+04 1.563999e+04  
1.579053e-02 4.253723e+03 7.753841e+03 1.049183e+04 1.566558e+04  
1.601064e-02 4.260430e+03 7.765737e+03 1.050765e+04 1.568867e+04  
1.623382e-02 4.266455e+03 7.776384e+03 1.052179e+04 1.570922e+04  
1.646012e-02 4.271788e+03 7.785765e+03 1.053420e+04 1.572722e+04  
1.668956e-02 4.276419e+03 7.793859e+03 1.054487e+04 1.574260e+04  
1.692220e-02 4.280338e+03 7.800651e+03 1.055378e+04 1.575533e+04  
1.715809e-02 4.283539e+03 7.806127e+03 1.056090e+04 1.576541e+04  
1.739726e-02 4.286011e+03 7.810270e+03 1.056622e+04 1.577279e+04  
1.763977e-02 4.287742e+03 7.813057e+03 1.056970e+04 1.577741e+04  
1.788566e-02 4.288720e+03 7.814465e+03 1.057130e+04 1.577924e+04  
1.813498e-02 4.288935e+03 7.814479e+03 1.057102e+04 1.577825e+04  
1.838777e-02 4.288376e+03 7.813077e+03 1.056882e+04 1.577440e+04  
1.864409e-02 4.287033e+03 7.810239e+03 1.056468e+04 1.576764e+04  
1.890397e-02 4.284897e+03 7.805952e+03 1.055857e+04 1.575794e+04  
1.916748e-02 4.281961e+03 7.800203e+03 1.055048e+04 1.574530e+04  
1.943467e-02 4.278216e+03 7.792976e+03 1.054039e+04 1.572967e+04  
1.970558e-02 4.273658e+03 7.784261e+03 1.052829e+04 1.571102e+04  
1.998026e-02 4.268279e+03 7.774046e+03 1.051415e+04 1.568933e+04  
2.025878e-02 4.262078e+03 7.762330e+03 1.049798e+04 1.566464e+04  
2.054117e-02 4.255051e+03 7.749105e+03 1.047977e+04 1.563689e+04  
2.082751e-02 4.247197e+03 7.734368e+03 1.045951e+04 1.560608e+04  
2.111783e-02 4.238516e+03 7.718119e+03 1.043721e+04 1.557221e+04  
2.141220e-02 4.229006e+03 7.700360e+03 1.041286e+04 1.553531e+04  
2.171068e-02 4.218662e+03 7.681078e+03 1.038645e+04 1.549534e+04  
2.201331e-02 4.207484e+03 7.660272e+03 1.035798e+04 1.545229e+04  
2.232016e-02 4.195472e+03 7.637943e+03 1.032744e+04 1.540616e+04  
2.263130e-02 4.182629e+03 7.614099e+03 1.029486e+04 1.535699e+04  
2.294676e-02 4.168956e+03 7.588741e+03 1.026023e+04 1.530477e+04  
2.326663e-02 4.154458e+03 7.561878e+03 1.022357e+04 1.524951e+04  
2.359095e-02 4.139142e+03 7.533521e+03 1.018488e+04 1.519125e+04  
2.391980e-02 4.123012e+03 7.503684e+03 1.014420e+04 1.513001e+04  
2.425323e-02 4.106074e+03 7.472372e+03 1.010152e+04 1.506581e+04  
2.459130e-02 4.088338e+03 7.439604e+03 1.005687e+04 1.499866e+04  
2.493409e-02 4.069814e+03 7.405402e+03 1.001028e+04 1.492864e+04  
2.528166e-02 4.050518e+03 7.369794e+03 9.961793e+03 1.485580e+04  
2.563407e-02 4.030463e+03 7.332804e+03 9.911438e+03 1.478018e+04  
2.599140e-02 4.009665e+03 7.294458e+03 9.859250e+03 1.470183e+04  
2.635371e-02 3.988135e+03 7.254781e+03 9.805266e+03 1.462081e+04  
2.672106e-02 3.965887e+03 7.213801e+03 9.749525e+03 1.453719e+04  
2.709354e-02 3.942938e+03 7.171543e+03 9.692056e+03 1.445100e+04  
2.747121e-02 3.919306e+03 7.128041e+03 9.632905e+03 1.436230e+04  
2.785414e-02 3.895013e+03 7.083341e+03 9.572140e+03 1.427122e+04  
2.824241e-02 3.870085e+03 7.037486e+03 9.509819e+03 1.417783e+04  
2.863610e-02 3.844543e+03 6.990515e+03 9.445990e+03 1.408220e+04  
2.903527e-02 3.818409e+03 6.942467e+03 9.380705e+03 1.398440e+04  
2.944000e-02 3.791706e+03 6.893389e+03 9.314036e+03 1.388457e+04  
2.985038e-02 3.764458e+03 6.843322e+03 9.246036e+03 1.378277e+04  
3.026648e-02 3.736693e+03 6.792316e+03 9.176767e+03 1.367908e+04  
3.068838e-02 3.708441e+03 6.740427e+03 9.106306e+03 1.357362e+04  
3.111616e-02 3.679739e+03 6.687725e+03 9.034757e+03 1.346657e+04  
3.154990e-02 3.650619e+03 6.634267e+03 8.962191e+03 1.335802e+04  
3.198969e-02 3.621107e+03 6.580099e+03 8.888667e+03 1.324805e+04  
3.243561e-02 3.591231e+03 6.525270e+03 8.814253e+03 1.313676e+04  
3.288774e-02 3.561022e+03 6.469847e+03 8.739047e+03 1.302433e+04  
3.334618e-02 3.530510e+03 6.413877e+03 8.663107e+03 1.291082e+04  
3.381101e-02 3.499733e+03 6.357426e+03 8.586519e+03 1.279635e+04  
3.428231e-02 3.468726e+03 6.300562e+03 8.509378e+03 1.268107e+04  
3.476019e-02 3.437534e+03 6.243373e+03 8.431811e+03 1.256520e+04  
3.524473e-02 3.406187e+03 6.185906e+03 8.353873e+03 1.244878e+04  
3.573602e-02 3.374719e+03 6.128222e+03 8.275644e+03 1.233195e+04  
3.623416e-02 3.343165e+03 6.070387e+03 8.197217e+03 1.221483e+04  
3.673925e-02 3.311565e+03 6.012481e+03 8.118710e+03 1.209764e+04  
3.725137e-02 3.279959e+03 5.954568e+03 8.040196e+03 1.198045e+04  
3.777064e-02 3.248391e+03 5.896726e+03 7.961784e+03 1.186343e+04  
3.829714e-02 3.216905e+03 5.839043e+03 7.883592e+03 1.174676e+04  
3.883098e-02 3.185528e+03 5.781567e+03 7.805696e+03 1.163058e+04  
3.937226e-02 3.154266e+03 5.724304e+03 7.728092e+03 1.151485e+04  
3.992109e-02 3.123127e+03 5.667270e+03 7.650803e+03 1.139960e+04  
4.047757e-02 3.092122e+03 5.610486e+03 7.573860e+03 1.128490e+04  
4.104181e-02 3.061259e+03 5.553974e+03 7.497299e+03 1.117081e+04  
4.161391e-02 3.030547e+03 5.497738e+03 7.421117e+03 1.105730e+04  
4.219398e-02 2.999993e+03 5.441796e+03 7.345338e+03 1.094442e+04  
4.278214e-02 2.969627e+03 5.386203e+03 7.270041e+03 1.083229e+04  
4.337850e-02 2.939492e+03 5.331042e+03 7.195343e+03 1.072109e+04  
4.398317e-02 2.909637e+03 5.276394e+03 7.121344e+03 1.061096e+04  
4.459628e-02 2.880115e+03 5.222354e+03 7.048172e+03 1.050209e+04  
4.521792e-02 2.850982e+03 5.169031e+03 6.975982e+03 1.039473e+04  
4.584824e-02 2.822298e+03 5.116530e+03 6.904918e+03 1.028909e+04  
4.648734e-02 2.794122e+03 5.064956e+03 6.835113e+03 1.018536e+04  
4.713535e-02 2.766485e+03 5.014364e+03 6.766640e+03 1.008365e+04  
4.779239e-02 2.739357e+03 4.964704e+03 6.699445e+03 9.983905e+03  
4.845859e-02 2.712693e+03 4.915894e+03 6.633411e+03 9.885940e+03  
4.913407e-02 2.686442e+03 4.867838e+03 6.568403e+03 9.789539e+03  
4.981898e-02 2.660551e+03 4.820437e+03 6.504289e+03 9.694507e+03  
5.051342e-02 2.634961e+03 4.773598e+03 6.440954e+03 9.600702e+03  
5.121755e-02 2.609606e+03 4.727192e+03 6.378218e+03 9.507837e+03  
5.193150e-02 2.584435e+03 4.681126e+03 6.315949e+03 9.415704e+03  
5.265540e-02 2.559425e+03 4.635356e+03 6.254091e+03 9.324220e+03  
5.338938e-02 2.534553e+03 4.589856e+03 6.192622e+03 9.233387e+03  
5.413360e-02 2.509791e+03 4.544564e+03 6.131445e+03 9.143035e+03  
5.488820e-02 2.485107e+03 4.499421e+03 6.070481e+03 9.053036e+03  
5.565331e-02 2.460469e+03 4.454368e+03 6.009649e+03 8.963272e+03  
5.642908e-02 2.435848e+03 4.409369e+03 5.948918e+03 8.873735e+03  
5.721568e-02 2.411224e+03 4.364374e+03 5.888205e+03 8.784263e+03  
5.801323e-02 2.386579e+03 4.319352e+03 5.827466e+03 8.694788e+03  
5.882190e-02 2.361896e+03 4.274269e+03 5.766659e+03 8.605251e+03  
5.964185e-02 2.337155e+03 4.229110e+03 5.705778e+03 8.515679e+03  
6.047322e-02 2.312332e+03 4.183813e+03 5.644722e+03 8.425881e+03  
6.131619e-02 2.287393e+03 4.138317e+03 5.583412e+03 8.335734e+03  
6.217090e-02 2.262286e+03 4.092535e+03 5.521729e+03 8.245068e+03  
6.303753e-02 2.236956e+03 4.046378e+03 5.459569e+03 8.153753e+03  
6.391624e-02 2.211340e+03 3.999718e+03 5.396742e+03 8.061463e+03  
6.480720e-02 2.185371e+03 3.952436e+03 5.333087e+03 7.967953e+03  
6.571058e-02 2.158984e+03 3.904425e+03 5.268463e+03 7.873017e+03  
6.662655e-02 2.132152e+03 3.855639e+03 5.202817e+03 7.776592e+03  
6.755528e-02 2.104848e+03 3.806020e+03 5.136058e+03 7.678503e+03  
6.849697e-02 2.077046e+03 3.755525e+03 5.068127e+03 7.578656e+03  
6.945178e-02 2.048723e+03 3.704116e+03 4.998977e+03 7.476991e+03  
7.041990e-02 2.019857e+03 3.651764e+03 4.928574e+03 7.373458e+03  
7.140151e-02 1.990458e+03 3.598472e+03 4.856909e+03 7.268015e+03  
7.239681e-02 1.960543e+03 3.544275e+03 4.784031e+03 7.160727e+03  
7.340598e-02 1.930136e+03 3.489225e+03 4.710014e+03 7.051719e+03  
7.442922e-02 1.899261e+03 3.433365e+03 4.634919e+03 6.941079e+03  
7.546673e-02 1.867957e+03 3.376758e+03 4.558822e+03 6.828894e+03  
7.651869e-02 1.836293e+03 3.319529e+03 4.481889e+03 6.715414e+03  
7.758532e-02 1.804347e+03 3.261830e+03 4.404334e+03 6.600978e+03  
7.866682e-02 1.772204e+03 3.203806e+03 4.326353e+03 6.485871e+03  
7.976339e-02 1.739948e+03 3.145607e+03 4.248140e+03 6.370373e+03  
8.087525e-02 1.707670e+03 3.087393e+03 4.169910e+03 6.254809e+03  
8.200261e-02 1.675466e+03 3.029346e+03 4.091922e+03 6.139590e+03  
8.314568e-02 1.643433e+03 2.971639e+03 4.014402e+03 6.025048e+03  
8.430468e-02 1.611675e+03 2.914449e+03 3.937587e+03 5.911537e+03  
8.547985e-02 1.580272e+03 2.857920e+03 3.861671e+03 5.799352e+03  
8.667139e-02 1.549299e+03 2.802198e+03 3.786863e+03 5.688834e+03  
8.787954e-02 1.518829e+03 2.747407e+03 3.713322e+03 5.580214e+03  
8.910453e-02 1.488940e+03 2.693679e+03 3.641225e+03 5.473760e+03  
9.034660e-02 1.459685e+03 2.641111e+03 3.570705e+03 5.369679e+03  
9.160598e-02 1.431117e+03 2.589809e+03 3.501917e+03 5.268228e+03  
9.288292e-02 1.403283e+03 2.539847e+03 3.434951e+03 5.169536e+03  
9.417766e-02 1.376234e+03 2.491310e+03 3.369922e+03 5.073784e+03  
9.549045e-02 1.350010e+03 2.444273e+03 3.306935e+03 4.981139e+03  
9.682153e-02 1.324660e+03 2.398834e+03 3.246131e+03 4.891836e+03  
9.817117e-02 1.300221e+03 2.355044e+03 3.187573e+03 4.805971e+03  
9.953962e-02 1.276714e+03 2.312942e+03 3.131313e+03 4.723631e+03  
1.009272e-01 1.254146e+03 2.272541e+03 3.077373e+03 4.644859e+03  
1.023340e-01 1.232526e+03 2.233864e+03 3.025792e+03 4.569730e+03  
1.037605e-01 1.211851e+03 2.196894e+03 2.976540e+03 4.498205e+03  
1.052069e-01 1.192080e+03 2.161557e+03 2.929520e+03 4.430140e+03  
1.066734e-01 1.173129e+03 2.127708e+03 2.884536e+03 4.365240e+03  
1.081604e-01 1.154909e+03 2.095189e+03 2.841378e+03 4.303188e+03  
1.096681e-01 1.137311e+03 2.063799e+03 2.799769e+03 4.243557e+03  
1.111968e-01 1.120217e+03 2.033324e+03 2.759418e+03 4.185894e+03  
1.127468e-01 1.103491e+03 2.003528e+03 2.720003e+03 4.129701e+03  
1.143184e-01 1.086989e+03 1.974153e+03 2.681175e+03 4.074423e+03  
1.159120e-01 1.070555e+03 1.944917e+03 2.642543e+03 4.019448e+03  
1.175277e-01 1.054080e+03 1.915623e+03 2.603839e+03 3.964344e+03  
1.191660e-01 1.037468e+03 1.886103e+03 2.564831e+03 3.908732e+03  
1.208271e-01 1.020612e+03 1.856169e+03 2.525259e+03 3.852191e+03  
1.225114e-01 1.003434e+03 1.825674e+03 2.484917e+03 3.794384e+03  
1.242191e-01 9.859103e+02 1.794577e+03 2.443746e+03 3.735203e+03  
1.259506e-01 9.680243e+02 1.762851e+03 2.401707e+03 3.674563e+03  
1.277063e-01 9.497640e+02 1.730474e+03 2.358764e+03 3.612395e+03  
1.294865e-01 9.311563e+02 1.697489e+03 2.314974e+03 3.548783e+03  
1.312915e-01 9.122450e+02 1.663975e+03 2.270441e+03 3.483878e+03  
1.331216e-01 8.930822e+02 1.630027e+03 2.225294e+03 3.417863e+03  
1.349772e-01 8.737378e+02 1.595768e+03 2.179698e+03 3.351001e+03  
1.368587e-01 8.542971e+02 1.561347e+03 2.133858e+03 3.283619e+03  
1.387665e-01 8.348542e+02 1.526931e+03 2.088002e+03 3.216081e+03  
1.407008e-01 8.155127e+02 1.492708e+03 2.042386e+03 3.148777e+03  
1.426621e-01 7.963784e+02 1.458865e+03 1.997266e+03 3.082136e+03  
1.446507e-01 7.775643e+02 1.425600e+03 1.952920e+03 3.016613e+03  
1.466671e-01 7.591709e+02 1.393093e+03 1.909594e+03 2.952612e+03  
1.487115e-01 7.412945e+02 1.361518e+03 1.867527e+03 2.890501e+03  
1.507845e-01 7.240265e+02 1.331035e+03 1.826943e+03 2.830676e+03  
1.528864e-01 7.074321e+02 1.301760e+03 1.788007e+03 2.773416e+03  
1.550175e-01 6.915663e+02 1.273791e+03 1.750854e+03 2.718954e+03  
1.571784e-01 6.764773e+02 1.247214e+03 1.715603e+03 2.667463e+03  
1.593694e-01 6.621670e+02 1.222033e+03 1.682263e+03 2.619004e+03  
1.615909e-01 6.486299e+02 1.198235e+03 1.650825e+03 2.573574e+03  
1.638434e-01 6.358240e+02 1.175748e+03 1.621186e+03 2.531016e+03  
1.661273e-01 6.236643e+02 1.154418e+03 1.593132e+03 2.490955e+03  
1.684430e-01 6.120454e+02 1.134058e+03 1.566409e+03 2.453016e+03  
1.707910e-01 6.008407e+02 1.114440e+03 1.540703e+03 2.416686e+03  
1.731717e-01 5.899087e+02 1.095312e+03 1.515660e+03 2.381370e+03  
1.755856e-01 5.791290e+02 1.076456e+03 1.490972e+03 2.346528e+03  
1.780332e-01 5.684023e+02 1.057696e+03 1.466398e+03 2.311787e+03  
1.805149e-01 5.576402e+02 1.038872e+03 1.441712e+03 2.276762e+03  
1.830312e-01 5.467931e+02 1.019895e+03 1.416784e+03 2.241212e+03  
1.855825e-01 5.358202e+02 1.000688e+03 1.391500e+03 2.204922e+03  
1.881694e-01 5.246980e+02 9.812109e+02 1.365808e+03 2.167820e+03  
1.907924e-01 5.134174e+02 9.614458e+02 1.339681e+03 2.129852e+03  
1.934520e-01 5.019948e+02 9.414197e+02 1.313149e+03 2.091044e+03  
1.961486e-01 4.904705e+02 9.212034e+02 1.286307e+03 2.051540e+03  
1.988828e-01 4.789080e+02 9.009120e+02 1.259323e+03 2.011649e+03  
2.016551e-01 4.674088e+02 8.807272e+02 1.232452e+03 1.971802e+03  
2.044661e-01 4.560834e+02 8.608450e+02 1.205964e+03 1.932442e+03  
2.073162e-01 4.450439e+02 8.414663e+02 1.180143e+03 1.894059e+03  
2.102061e-01 4.343828e+02 8.227593e+02 1.155236e+03 1.857099e+03  
2.131362e-01 4.241462e+02 8.048073e+02 1.131360e+03 1.821775e+03  
2.161073e-01 4.143614e+02 7.876560e+02 1.108574e+03 1.788170e+03  
2.191197e-01 4.050204e+02 7.712928e+02 1.086867e+03 1.756278e+03  
2.221741e-01 3.961067e+02 7.556902e+02 1.066204e+03 1.726067e+03  
2.252711e-01 3.875979e+02 7.408079e+02 1.046531e+03 1.697449e+03  
2.284112e-01 3.794573e+02 7.265763e+02 1.027743e+03 1.670219e+03  
2.315951e-01 3.716257e+02 7.128915e+02 1.009697e+03 1.644154e+03  
2.348235e-01 3.640298e+02 6.996231e+02 9.922142e+02 1.618954e+03  
2.380968e-01 3.565861e+02 6.866205e+02 9.750790e+02 1.594247e+03  
2.414157e-01 3.492203e+02 6.737442e+02 9.580826e+02 1.569635e+03  
2.447809e-01 3.418688e+02 6.608829e+02 9.410733e+02 1.544875e+03  
2.481930e-01 3.345097e+02 6.479980e+02 9.239970e+02 1.519875e+03  
2.516527e-01 3.271410e+02 6.350850e+02 9.068465e+02 1.494621e+03  
2.551606e-01 3.197792e+02 6.221672e+02 8.896435e+02 1.469114e+03  
2.587174e-01 3.124444e+02 6.092861e+02 8.724572e+02 1.443508e+03  
2.623238e-01 3.051668e+02 5.964970e+02 8.553676e+02 1.417947e+03  
2.659804e-01 2.979958e+02 5.838888e+02 8.385021e+02 1.392657e+03  
2.696881e-01 2.909884e+02 5.715579e+02 8.219890e+02 1.367834e+03  
2.734474e-01 2.841979e+02 5.596080e+02 8.059896e+02 1.343805e+03  
2.772591e-01 2.776604e+02 5.481049e+02 7.905997e+02 1.320742e+03  
2.811239e-01 2.713881e+02 5.370700e+02 7.758500e+02 1.298701e+03  
2.850426e-01 2.653653e+02 5.264697e+02 7.616850e+02 1.277564e+03  
2.890160e-01 2.595577e+02 5.162482e+02 7.480353e+02 1.257239e+03  
2.930447e-01 2.539319e+02 5.063456e+02 7.348150e+02 1.237574e+03  
2.971296e-01 2.484613e+02 4.967118e+02 7.219501e+02 1.218433e+03  
3.012714e-01 2.431175e+02 4.872911e+02 7.093552e+02 1.199648e+03  
3.054710e-01 2.378665e+02 4.780278e+02 6.969581e+02 1.181116e+03  
3.097291e-01 2.326786e+02 4.688678e+02 6.846806e+02 1.162695e+03  
3.140465e-01 2.275398e+02 4.597828e+02 6.724785e+02 1.144299e+03  
3.184242e-01 2.224502e+02 4.507707e+02 6.603459e+02 1.125908e+03  
3.228628e-01 2.174276e+02 4.418688e+02 6.483438e+02 1.107653e+03  
3.273634e-01 2.125013e+02 4.331309e+02 6.365506e+02 1.089677e+03  
3.319266e-01 2.076939e+02 4.245948e+02 6.250180e+02 1.072065e+03  
3.365535e-01 2.030153e+02 4.162777e+02 6.137707e+02 1.054862e+03  
3.412449e-01 1.984750e+02 4.082018e+02 6.028469e+02 1.038153e+03  
3.460016e-01 1.940785e+02 4.003768e+02 5.922613e+02 1.021966e+03  
3.508247e-01 1.898219e+02 3.927921e+02 5.819947e+02 1.006258e+03  
3.557150e-01 1.856963e+02 3.854325e+02 5.720265e+02 9.909968e+02  
3.606735e-01 1.816789e+02 3.782598e+02 5.623054e+02 9.760995e+02  
3.657011e-01 1.777457e+02 3.712301e+02 5.527677e+02 9.614529e+02  
3.707988e-01 1.738856e+02 3.643187e+02 5.433731e+02 9.469729e+02  
3.759675e-01 1.700970e+02 3.575253e+02 5.341241e+02 9.326721e+02  
3.812083e-01 1.663818e+02 3.508558e+02 5.250322e+02 9.185799e+02  
3.865221e-01 1.627417e+02 3.443133e+02 5.161025e+02 9.047074e+02  
3.919100e-01 1.591778e+02 3.378950e+02 5.073264e+02 8.910282e+02  
3.973730e-01 1.556969e+02 3.316171e+02 4.987318e+02 8.776038e+02  
4.029122e-01 1.523101e+02 3.255016e+02 4.903527e+02 8.645021e+02  
4.085286e-01 1.490202e+02 3.195539e+02 4.821976e+02 8.517401e+02  
4.142232e-01 1.458204e+02 3.137563e+02 4.742363e+02 8.392520e+02  
4.199973e-01 1.427017e+02 3.080969e+02 4.664561e+02 8.270273e+02  
4.258518e-01 1.396587e+02 3.025672e+02 4.588456e+02 8.150489e+02  
4.317880e-01 1.366886e+02 2.971617e+02 4.513977e+02 8.033052e+02  
4.378069e-01 1.337855e+02 2.918648e+02 4.440846e+02 7.917355e+02  
4.439097e-01 1.309422e+02 2.866686e+02 4.369003e+02 7.803426e+02  
4.500975e-01 1.281618e+02 2.815791e+02 4.298542e+02 7.691454e+02  
4.563716e-01 1.254492e+02 2.766051e+02 4.229593e+02 7.581680e+02  
4.627332e-01 1.228048e+02 2.717429e+02 4.162069e+02 7.473870e+02  
4.691835e-01 1.202237e+02 2.669888e+02 4.095959e+02 7.368124e+02  
4.757236e-01 1.177080e+02 2.623467e+02 4.031327e+02 7.264564e+02  
4.823549e-01 1.152581e+02 2.578166e+02 3.968169e+02 7.163182e+02  
4.890787e-01 1.128679e+02 2.533844e+02 3.906257e+02 7.063524e+02  
4.958962e-01 1.105321e+02 2.490446e+02 3.845549e+02 6.965599e+02  
5.028087e-01 1.082517e+02 2.447990e+02 3.786075e+02 6.869477e+02  
5.098176e-01 1.060262e+02 2.406457e+02 3.727797e+02 6.775077e+02  
5.169242e-01 1.038516e+02 2.365758e+02 3.670580e+02 6.682138e+02  
5.241298e-01 1.017280e+02 2.325927e+02 3.614501e+02 6.590863e+02  
5.314359e-01 9.965856e+01 2.287022e+02 3.559643e+02 6.501414e+02  
5.388438e-01 9.763982e+01 2.248965e+02 3.505889e+02 6.413562e+02  
5.463550e-01 9.566707e+01 2.211665e+02 3.453101e+02 6.327064e+02  
5.539709e-01 9.374402e+01 2.175215e+02 3.401436e+02 6.242243e+02  
5.616930e-01 9.186710e+01 2.139550e+02 3.350802e+02 6.158946e+02  
5.695227e-01 9.003328e+01 2.104598e+02 3.301086e+02 6.076955e+02  
5.774615e-01 8.824238e+01 2.070358e+02 3.252289e+02 5.996285e+02  
5.855110e-01 8.649551e+01 2.036869e+02 3.204483e+02 5.917092e+02  
5.936727e-01 8.478906e+01 2.004066e+02 3.157575e+02 5.839224e+02  
6.019482e-01 8.312337e+01 1.971938e+02 3.111539e+02 5.762615e+02  
6.103390e-01 8.149800e+01 1.940484e+02 3.066382e+02 5.687294e+02  
6.188468e-01 7.991035e+01 1.909670e+02 3.022066e+02 5.613218e+02  
6.274732e-01 7.836017e+01 1.879494e+02 2.978586e+02 5.540385e+02  
6.362198e-01 7.684722e+01 1.849931e+02 2.935900e+02 5.468702e+02  
6.450884e-01 7.536819e+01 1.820935e+02 2.893951e+02 5.398094e+02  
6.540806e-01 7.392466e+01 1.792543e+02 2.852797e+02 5.328676e+02  
6.631981e-01 7.251588e+01 1.764741e+02 2.812422e+02 5.260419e+02  
6.724427e-01 7.113831e+01 1.737449e+02 2.772699e+02 5.193096e+02  
6.818162e-01 6.979356e+01 1.710711e+02 2.733702e+02 5.126852e+02  
6.913204e-01 6.848018e+01 1.684505e+02 2.695406e+02 5.061652e+02  
7.009570e-01 6.719736e+01 1.658817e+02 2.657791e+02 4.997467e+02  
7.107280e-01 6.594360e+01 1.633604e+02 2.620785e+02 4.934159e+02  
7.206351e-01 6.471862e+01 1.608877e+02 2.584419e+02 4.871801e+02  
7.306804e-01 6.352183e+01 1.584628e+02 2.548680e+02 4.810378e+02  
7.408657e-01 6.235250e+01 1.560844e+02 2.513552e+02 4.749861e+02  
7.511929e-01 6.120926e+01 1.537486e+02 2.478971e+02 4.690135e+02  
7.616642e-01 6.009202e+01 1.514568e+02 2.444970e+02 4.631270e+02  
7.722814e-01 5.900011e+01 1.492079e+02 2.411532e+02 4.573241e+02  
7.830465e-01 5.793264e+01 1.470002e+02 2.378633e+02 4.516008e+02  
7.939618e-01 5.688847e+01 1.448307e+02 2.346228e+02 4.459490e+02  
8.050292e-01 5.586761e+01 1.427007e+02 2.314340e+02 4.403740e+02  
8.162509e-01 5.486950e+01 1.406092e+02 2.282959e+02 4.348736e+02  
8.276289e-01 5.389341e+01 1.385547e+02 2.252060e+02 4.294442e+02  
8.391656e-01 5.293846e+01 1.365351e+02 2.221614e+02 4.240804e+02  
8.508632e-01 5.200455e+01 1.345510e+02 2.191635e+02 4.187853e+02  
8.627237e-01 5.109102e+01 1.326015e+02 2.162108e+02 4.135565e+02  
8.747496e-01 5.019704e+01 1.306847e+02 2.133008e+02 4.083899e+02  
8.869432e-01 4.932200e+01 1.287993e+02 2.104317e+02 4.032825e+02  
8.993067e-01 4.846583e+01 1.269459e+02 2.076044e+02 3.982362e+02  
9.118425e-01 4.762803e+01 1.251236e+02 2.048178e+02 3.932490e+02  
9.245531e-01 4.680786e+01 1.233307e+02 2.020697e+02 3.883173e+02  
9.374409e-01 4.600485e+01 1.215665e+02 1.993589e+02 3.834393e+02  
9.505083e-01 4.521878e+01 1.198309e+02 1.966856e+02 3.786154e+02  
9.637579e-01 4.444909e+01 1.181231e+02 1.940487e+02 3.738414e+02  
9.771921e-01 4.369509e+01 1.164415e+02 1.914460e+02 3.691187e+02  
9.908137e-01 4.295651e+01 1.147858e+02 1.888770e+02 3.644441e+02  
1.004625e+00 4.223310e+01 1.131559e+02 1.863417e+02 3.598176e+02  
1.018629e+00 4.152444e+01 1.115509e+02 1.838394e+02 3.552377e+02  
1.032828e+00 4.082991e+01 1.099697e+02 1.813677e+02 3.507013e+02  
1.047225e+00 4.014927e+01 1.084119e+02 1.789268e+02 3.462082e+02  
1.061823e+00 3.948226e+01 1.068772e+02 1.765162e+02 3.417578e+02  
1.076624e+00 3.882851e+01 1.053652e+02 1.741352e+02 3.373489e+02  
1.091632e+00 3.818740e+01 1.038743e+02 1.717820e+02 3.329787e+02  
1.106848e+00 3.755879e+01 1.024048e+02 1.694566e+02 3.286474e+02  
1.122277e+00 3.694240e+01 1.009561e+02 1.671587e+02 3.243542e+02  
1.137921e+00 3.633793e+01 9.952784e+01 1.648876e+02 3.200981e+02  
1.153783e+00 3.574482e+01 9.811875e+01 1.626416e+02 3.158767e+02  
1.169866e+00 3.516301e+01 9.672901e+01 1.604211e+02 3.116904e+02  
1.186174e+00 3.459222e+01 9.535823e+01 1.582256e+02 3.075384e+02  
1.202708e+00 3.400647e+01 9.400600e+01 1.560544e+02 3.034198e+02  
1.219473e+00 3.348236e+01 9.267114e+01 1.539062e+02 2.993327e+02  
1.236472e+00 3.294271e+01 9.135392e+01 1.517813e+02 2.952774e+02  
1.253708e+00 3.241298e+01 9.005393e+01 1.496792e+02 2.912532e+02  
1.271184e+00 3.189291e+01 8.877071e+01 1.475993e+02 2.872592e+02  
1.288904e+00 3.138200e+01 8.750336e+01 1.455404e+02 2.832942e+02  
1.306870e+00 3.088023e+01 8.625205e+01 1.435029e+02 2.793583e+02  
1.325087e+00 3.038740e+01 8.501644e+01 1.414864e+02 2.754510e+02  
1.343558e+00 2.990326e+01 8.379612e+01 1.394902e+02 2.715716e+02  
1.362287e+00 2.942743e+01 8.259044e+01 1.375137e+02 2.677193e+02  
1.381276e+00 2.895991e+01 8.139951e+01 1.355569e+02 2.638942e+02  
1.400531e+00 2.850050e+01 8.022305e+01 1.336196e+02 2.600958e+02  
1.420053e+00 2.804893e+01 7.906060e+01 1.317011e+02 2.563237e+02  
1.439848e+00 2.760491e+01 7.791171e+01 1.298011e+02 2.525774e+02  
1.459919e+00 2.716841e+01 7.677640e+01 1.279194e+02 2.488569e+02  
1.480269e+00 2.673925e+01 7.565442e+01 1.260558e+02 2.451619e+02  
1.500903e+00 2.631714e+01 7.454532e+01 1.242099e+02 2.414922e+02  
1.521825e+00 2.590186e+01 7.344879e+01 1.223813e+02 2.378475e+02  
1.543038e+00 2.549340e+01 7.236485e+01 1.205699e+02 2.342278e+02  
1.564548e+00 2.509161e+01 7.129326e+01 1.187756e+02 2.306331e+02  
1.586357e+00 2.469621e+01 7.023367e+01 1.169980e+02 2.270633e+02  
1.608469e+00 2.430710e+01 6.918588e+01 1.152368e+02 2.235183e+02  
1.630891e+00 2.392420e+01 6.814984e+01 1.134920e+02 2.199982e+02  
1.653624e+00 2.354737e+01 6.712539e+01 1.117635e+02 2.165032e+02  
1.676675e+00 2.317636e+01 6.611211e+01 1.100508e+02 2.130331e+02  
1.700047e+00 2.281108e+01 6.510992e+01 1.083539e+02 2.095881e+02  
1.723745e+00 2.245147e+01 6.411876e+01 1.066727e+02 2.061684e+02  
1.747773e+00 2.209738e+01 6.313844e+01 1.050070e+02 2.027743e+02  
1.772136e+00 2.174860e+01 6.216866e+01 1.033566e+02 1.994057e+02  
1.796838e+00 2.140507e+01 6.120938e+01 1.017215e+02 1.960629e+02  
1.821885e+00 2.106672e+01 6.026051e+01 1.001016e+02 1.927463e+02  
1.847281e+00 2.073342e+01 5.932189e+01 9.849667e+01 1.894561e+02  
1.873032e+00 2.040499e+01 5.839329e+01 9.690666e+01 1.861925e+02  
1.899141e+00 2.008141e+01 5.747469e+01 9.533152e+01 1.829559e+02  
1.925614e+00 1.976259e+01 5.656600e+01 9.377120e+01 1.797465e+02  
1.952456e+00 1.944843e+01 5.566709e+01 9.222562e+01 1.765648e+02  
1.979672e+00 1.913876e+01 5.477775e+01 9.069464e+01 1.734109e+02  
2.007267e+00 1.883357e+01 5.389799e+01 8.917829e+01 1.702854e+02  
2.035248e+00 1.853275e+01 5.302769e+01 8.767651e+01 1.671886e+02  
2.063618e+00 1.823622e+01 5.216676e+01 8.618926e+01 1.641208e+02  
2.092383e+00 1.794383e+01 5.131504e+01 8.471647e+01 1.610824e+02  
2.121550e+00 1.765558e+01 5.047252e+01 8.325816e+01 1.580737e+02  
2.151123e+00 1.737139e+01 4.963910e+01 8.181432e+01 1.550945e+02  
2.181109e+00 1.709118e+01 4.881474e+01 8.038492e+01 1.521466e+02  
2.211512e+00 1.681484e+01 4.799930e+01 7.896993e+01 1.492296e+02  
2.242340e+00 1.654234e+01 4.719276e+01 7.756938e+01 1.463439e+02  
2.273597e+00 1.627361e+01 4.639506e+01 7.618328e+01 1.434898e+02  
2.305289e+00 1.600859e+01 4.560611e+01 7.481162e+01 1.406678e+02  
2.337424e+00 1.574717e+01 4.482585e+01 7.345441e+01 1.378781e+02  
2.370006e+00 1.548934e+01 4.405423e+01 7.211167e+01 1.351211e+02  
2.403043e+00 1.523504e+01 4.329121e+01 7.078343e+01 1.323977e+02  
2.436540e+00 1.498419e+01 4.253672e+01 6.946970e+01 1.297070e+02  
2.470504e+00 1.473672e+01 4.179070e+01 6.817033e+01 1.270499e+02  
2.504942e+00 1.449260e+01 4.105312e+01 6.688570e+01 1.244267e+02  
2.539859e+00 1.425179e+01 4.032395e+01 6.561566e+01 1.218377e+02  
2.575263e+00 1.401421e+01 3.960313e+01 6.436025e+01 1.192830e+02  
2.611161e+00 1.377983e+01 3.889062e+01 6.311949e+01 1.167630e+02  
2.647559e+00 1.354860e+01 3.818640e+01 6.189343e+01 1.142778e+02  
2.684465e+00 1.332049e+01 3.749040e+01 6.068209e+01 1.118276e+02  
2.721885e+00 1.309543e+01 3.680261e+01 5.948551e+01 1.094126e+02  
2.759826e+00 1.287337e+01 3.612298e+01 5.830371e+01 1.070329e+02  
2.798297e+00 1.265430e+01 3.545150e+01 5.713674e+01 1.046887e+02  
2.837304e+00 1.243816e+01 3.478813e+01 5.598462e+01 1.023800e+02  
2.876854e+00 1.222491e+01 3.413282e+01 5.484738e+01 1.001069e+02  
2.916956e+00 1.201451e+01 3.348517e+01 5.372504e+01 9.786939e+01  
2.957617e+00 1.180694e+01 3.284594e+01 5.261764e+01 9.566761e+01  
2.998844e+00 1.160216e+01 3.221471e+01 5.152520e+01 9.350153e+01  
3.040646e+00 1.140011e+01 3.159144e+01 5.044774e+01 9.137092e+01  
3.083031e+00 1.120078e+01 3.097612e+01 4.938526e+01 8.927610e+01  
3.126007e+00 1.100401e+01 3.036873e+01 4.833794e+01 8.721691e+01  
3.169582e+00 1.081001e+01 2.976924e+01 4.730550e+01 8.519323e+01  
3.213764e+00 1.061861e+01 2.917763e+01 4.628807e+01 8.320492e+01  
3.258562e+00 1.042980e+01 2.859388e+01 4.528566e+01 8.125189e+01  
3.303985e+00 1.024355e+01 2.801796e+01 4.429828e+01 7.933423e+01  
3.350041e+00 1.005983e+01 2.744986e+01 4.332590e+01 7.745130e+01  
3.396739e+00 9.878596e+00 2.688955e+01 4.236852e+01 7.560312e+01  
3.444087e+00 9.699836e+00 2.633700e+01 4.142612e+01 7.378954e+01  
3.492096e+00 9.523523e+00 2.579221e+01 4.049867e+01 7.201031e+01  
3.540774e+00 9.349627e+00 2.525513e+01 3.958604e+01 7.026521e+01  
3.590130e+00 9.178115e+00 2.472576e+01 3.868841e+01 6.855395e+01  
3.640175e+00 9.008972e+00 2.420407e+01 3.780564e+01 6.687630e+01  
3.690917e+00 8.842171e+00 2.369003e+01 3.693767e+01 6.523195e+01  
3.742366e+00 8.677685e+00 2.318361e+01 3.608444e+01 6.362061e+01  
3.794533e+00 8.515488e+00 2.268480e+01 3.524589e+01 6.204194e+01  
3.847427e+00 8.355561e+00 2.219357e+01 3.442198e+01 6.049564e+01  
3.901058e+00 8.197881e+00 2.170988e+01 3.361263e+01 5.898135e+01  
3.955436e+00 8.042425e+00 2.123372e+01 3.281780e+01 5.749873e+01  
4.010573e+00 7.889167e+00 2.076504e+01 3.203736e+01 5.604739e+01  
4.066478e+00 7.738090e+00 2.030383e+01 3.127120e+01 5.462697e+01  
4.123163e+00 7.589172e+00 1.985003e+01 3.051926e+01 5.323709e+01  
4.180637e+00 7.442391e+00 1.940364e+01 2.978144e+01 5.187734e+01  
4.238913e+00 7.297724e+00 1.896459e+01 2.905764e+01 5.054732e+01  
4.298001e+00 7.155155e+00 1.853287e+01 2.834776e+01 4.924662e+01  
4.357913e+00 7.014662e+00 1.810843e+01 2.765167e+01 4.797483e+01  
4.418660e+00 6.876225e+00 1.769123e+01 2.696926e+01 4.673152e+01  
4.480254e+00 6.739824e+00 1.728123e+01 2.630041e+01 4.551625e+01  
4.542706e+00 6.605440e+00 1.687839e+01 2.564498e+01 4.432860e+01  
4.606029e+00 6.473055e+00 1.648400e+01 2.500285e+01 4.316805e+01  
4.670234e+00 6.342649e+00 1.609535e+01 2.437387e+01 4.203431e+01  
4.735335e+00 6.214204e+00 1.571372e+01 2.375791e+01 4.092697e+01  
4.801343e+00 6.087702e+00 1.533766e+01 2.315482e+01 3.984534e+01  
4.868271e+00 5.963124e+00 1.496991e+01 2.256446e+01 3.878915e+01  
4.936132e+00 5.840453e+00 1.460900e+01 2.198667e+01 3.775789e+01  
5.004939e+00 5.719670e+00 1.425490e+01 2.142129e+01 3.675113e+01  
5.074705e+00 5.600758e+00 1.390754e+01 2.086816e+01 3.576842e+01  
5.145444e+00 5.483700e+00 1.356688e+01 2.032714e+01 3.480931e+01  
5.217169e+00 5.368478e+00 1.323284e+01 1.979801e+01 3.387336e+01  
5.289893e+00 5.255076e+00 1.290537e+01 1.928066e+01 3.296011e+01  
5.363631e+00 5.143476e+00 1.258440e+01 1.877494e+01 3.206914e+01  
5.438397e+00 5.033661e+00 1.226987e+01 1.828069e+01 3.120000e+01  
5.514206e+00 4.926103e+00 1.196171e+01 1.779764e+01 3.035224e+01  
5.591071e+00 4.819818e+00 1.165985e+01 1.732570e+01 2.952545e+01  
5.669007e+00 4.714762e+00 1.136422e+01 1.686464e+01 2.871918e+01  
5.748030e+00 4.611923e+00 1.107475e+01 1.641433e+01 2.793302e+01  
5.828155e+00 4.510786e+00 1.079136e+01 1.597456e+01 2.716653e+01  
5.909396e+00 4.411336e+00 1.051399e+01 1.554517e+01 2.641931e+01  
5.991770e+00 4.313556e+00 1.024256e+01 1.512599e+01 2.569098e+01  
6.075292e+00 4.217431e+00 9.976996e+00 1.471682e+01 2.498098e+01  
6.159978e+00 4.122944e+00 9.717213e+00 1.431750e+01 2.428915e+01  
6.245845e+00 4.030080e+00 9.463138e+00 1.392784e+01 2.361354e+01  
6.332908e+00 3.938822e+00 9.214692e+00 1.354766e+01 2.295766e+01  
6.421186e+00 3.849155e+00 8.971796e+00 1.317680e+01 2.231758e+01  
6.510694e+00 3.761062e+00 8.734367e+00 1.281506e+01 2.169400e+01  
6.601449e+00 3.674529e+00 8.502327e+00 1.246228e+01 2.108655e+01  
6.693470e+00 3.589539e+00 8.275593e+00 1.211824e+01 2.049485e+01  
6.786773e+00 3.506077e+00 8.054083e+00 1.178283e+01 1.991856e+01  
6.881377e+00 3.424126e+00 7.837714e+00 1.145591e+01 1.935658e+01  
6.977300e+00 3.343672e+00 7.626400e+00 1.113720e+01 1.880978e+01  
7.074559e+00 3.264698e+00 7.420065e+00 1.082657e+01 1.827882e+01  
7.173175e+00 3.187188e+00 7.218622e+00 1.052387e+01 1.775946e+01  
7.273165e+00 3.111088e+00 7.021986e+00 1.022891e+01 1.725597e+01  
7.374549e+00 3.036462e+00 6.830075e+00 9.941531e+00 1.676489e+01  
7.477346e+00 2.963253e+00 6.642804e+00 9.661575e+00 1.628742e+01  
7.581576e+00 2.891446e+00 6.460090e+00 9.388874e+00 1.582161e+01  
7.687260e+00 2.821025e+00 6.281850e+00 9.123275e+00 1.536879e+01  
7.794416e+00 2.751973e+00 6.108001e+00 8.864610e+00 1.492564e+01  
7.903066e+00 2.684276e+00 5.938460e+00 8.612725e+00 1.449688e+01  
8.013230e+00 2.618499e+00 5.773144e+00 8.367467e+00 1.408210e+01  
8.124930e+00 2.553455e+00 5.611971e+00 8.128685e+00 1.367616e+01  
8.238187e+00 2.489152e+00 5.454859e+00 7.896214e+00 1.328126e+01  
8.353023e+00 2.426710e+00 5.301481e+00 7.669972e+00 1.289727e+01  
8.469460e+00 2.365536e+00 5.152256e+00 7.449709e+00 1.252360e+01  
8.587519e+00 2.305624e+00 5.006851e+00 7.235359e+00 1.216005e+01  
8.707225e+00 2.246983e+00 4.865411e+00 7.026763e+00 1.180664e+01  
8.828599e+00 2.189509e+00 4.727400e+00 6.823782e+00 1.146295e+01  
8.951665e+00 2.133273e+00 4.592971e+00 6.626280e+00 1.112713e+01  
9.076446e+00 2.078230e+00 4.462049e+00 6.434129e+00 1.080328e+01  
9.202967e+00 2.024363e+00 4.334557e+00 6.247270e+00 1.048740e+01  
9.331251e+00 1.971664e+00 4.210420e+00 6.064543e+00 1.018033e+01  
9.461324e+00 1.920599e+00 4.089563e+00 5.888514e+00 9.881838e+00  
9.593209e+00 1.870156e+00 3.971733e+00 5.716458e+00 9.591711e+00  
9.726934e+00 1.820829e+00 3.857221e+00 5.549128e+00 9.309737e+00  
9.862522e+00 1.772103e+00 3.745772e+00 5.386156e+00 9.035705e+00  
1.000000e+01 1.724951e+00 3.637312e+00 5.227909e+00 8.769415e+00  
