1.000000e-02 4.638714e+03 8.442286e+03 1.140370e+04 1.696109e+04  
1.013939e-02 4.665395e+03 8.490612e+03 1.146877e+04 1.705739e+04  
1.028073e-02 4.691712e+03 8.538271e+03 1.153293e+04 1.715233e+04  
1.042404e-02 4.717650e+03 8.585231e+03 1.159614e+04 1.724584e+04  
1.056935e-02 4.743192e+03 8.631464e+03 1.165837e+04 1.733787e+04  
1.071668e-02 4.768319e+03 8.676937e+03 1.171956e+04 1.742835e+04  
1.086606e-02 4.793016e+03 8.721619e+03 1.177968e+04 1.751722e+04  
1.101753e-02 4.817264e+03 8.765477e+03 1.183867e+04 1.760441e+04  
1.117111e-02 4.841046e+03 8.808481e+03 1.189651e+04 1.768987e+04  
1.132683e-02 4.864346e+03 8.850600e+03 1.195315e+04 1.777352e+04  
1.148472e-02 4.887146e+03 8.891803e+03 1.200854e+04 1.785532e+04  
1.164481e-02 4.909431e+03 8.932060e+03 1.206265e+04 1.793519e+04  
1.180713e-02 4.931184e+03 8.971344e+03 1.211544e+04 1.801309e+04  
1.197171e-02 4.952390e+03 9.009623e+03 1.216687e+04 1.808894e+04  
1.213859e-02 4.973031e+03 9.046869e+03 1.221689e+04 1.816270e+04  
1.230780e-02 4.993093e+03 9.083052e+03 1.226547e+04 1.823430e+04  
1.247936e-02 5.012558e+03 9.118141e+03 1.231257e+04 1.830368e+04  
1.265332e-02 5.031405e+03 9.152100e+03 1.235814e+04 1.837077e+04  
1.282970e-02 5.049617e+03 9.184894e+03 1.240213e+04 1.843550e+04  
1.300854e-02 5.067174e+03 9.216489e+03 1.244449e+04 1.849780e+04  
1.318987e-02 5.084057e+03 9.246852e+03 1.248518e+04 1.855760e+04  
1.337373e-02 5.100248e+03 9.275946e+03 1.252415e+04 1.861484e+04  
1.356015e-02 5.115727e+03 9.303739e+03 1.256136e+04 1.866943e+04  
1.374917e-02 5.130477e+03 9.330196e+03 1.259676e+04 1.872132e+04  
1.394083e-02 5.144479e+03 9.355285e+03 1.263030e+04 1.877045e+04  
1.413516e-02 5.157714e+03 9.378972e+03 1.266195e+04 1.881674e+04  
1.433219e-02 5.170166e+03 9.401224e+03 1.269165e+04 1.886013e+04  
1.453198e-02 5.181815e+03 9.422010e+03 1.271936e+04 1.890055e+04  
1.473454e-02 5.192647e+03 9.441301e+03 1.274505e+04 1.893796e+04  
1.493993e-02 5.202643e+03 9.459064e+03 1.276867e+04 1.897227e+04  
1.514819e-02 5.211787e+03 9.475268e+03 1.279018e+04 1.900344e+04  
1.535935e-02 5.220060e+03 9.489881e+03 1.280954e+04 1.903139e+04  
1.557345e-02 5.227444e+03 9.502871e+03 1.282669e+04 1.905607e+04  
1.579053e-02 5.233922e+03 9.514202e+03 1.284161e+04 1.907740e+04  
1.601064e-02 5.239475e+03 9.523844e+03 1.285423e+04 1.909531e+04  
1.623382e-02 5.244087e+03 9.531769e+03 1.286453e+04 1.910977e+04  
1.646012e-02 5.247744e+03 9.537948e+03 1.287247e+04 1.912070e+04  
1.668956e-02 5.250428e+03 9.542351e+03 1.287801e+04 1.912805e+04  
1.692220e-02 5.252123e+03 9.544947e+03 1.288110e+04 1.913176e+04  
1.715809e-02 5.252814e+03 9.545710e+03 1.288171e+04 1.913178e+04  
1.739726e-02 5.252484e+03 9.544611e+03 1.287980e+04 1.912805e+04  
1.763977e-02 5.251120e+03 9.541623e+03 1.287534e+04 1.912051e+04  
1.788566e-02 5.248707e+03 9.536721e+03 1.286828e+04 1.910911e+04  
1.813498e-02 5.245235e+03 9.529887e+03 1.285862e+04 1.909383e+04  
1.838777e-02 5.240691e+03 9.521098e+03 1.284631e+04 1.907461e+04  
1.864409e-02 5.235062e+03 9.510330e+03 1.283133e+04 1.905141e+04  
1.890397e-02 5.228339e+03 9.497564e+03 1.281364e+04 1.902419e+04  
1.916748e-02 5.220510e+03 9.482785e+03 1.279324e+04 1.899293e+04  
1.943467e-02 5.211567e+03 9.465975e+03 1.277009e+04 1.895759e+04  
1.970558e-02 5.201503e+03 9.447121e+03 1.274417e+04 1.891813e+04  
1.998026e-02 5.190313e+03 9.426212e+03 1.271548e+04 1.887454e+04  
2.025878e-02 5.177992e+03 9.403247e+03 1.268401e+04 1.882683e+04  
2.054117e-02 5.164536e+03 9.378211e+03 1.264975e+04 1.877496e+04  
2.082751e-02 5.149938e+03 9.351096e+03 1.261267e+04 1.871892e+04  
2.111783e-02 5.134195e+03 9.321895e+03 1.257278e+04 1.865868e+04  
2.141220e-02 5.117307e+03 9.290612e+03 1.253008e+04 1.859428e+04  
2.171068e-02 5.099273e+03 9.257243e+03 1.248456e+04 1.852569e+04  
2.201331e-02 5.080098e+03 9.221795e+03 1.243623e+04 1.845293e+04  
2.232016e-02 5.059785e+03 9.184277e+03 1.238510e+04 1.837602e+04  
2.263130e-02 5.038341e+03 9.144703e+03 1.233121e+04 1.829500e+04  
2.294676e-02 5.015767e+03 9.103074e+03 1.227454e+04 1.820987e+04  
2.326663e-02 4.992071e+03 9.059403e+03 1.221511e+04 1.812063e+04  
2.359095e-02 4.967261e+03 9.013708e+03 1.215295e+04 1.802735e+04  
2.391980e-02 4.941351e+03 8.966016e+03 1.208811e+04 1.793009e+04  
2.425323e-02 4.914354e+03 8.916349e+03 1.202059e+04 1.782887e+04  
2.459130e-02 4.886288e+03 8.864739e+03 1.195046e+04 1.772375e+04  
2.493409e-02 4.857171e+03 8.811221e+03 1.187775e+04 1.761483e+04  
2.528166e-02 4.827018e+03 8.755825e+03 1.180251e+04 1.750218e+04  
2.563407e-02 4.795848e+03 8.698581e+03 1.172478e+04 1.738582e+04  
2.599140e-02 4.763681e+03 8.639529e+03 1.164462e+04 1.726585e+04  
2.635371e-02 4.730544e+03 8.578719e+03 1.156208e+04 1.714238e+04  
2.672106e-02 4.696465e+03 8.516205e+03 1.147725e+04 1.701552e+04  
2.709354e-02 4.661478e+03 8.452043e+03 1.139021e+04 1.688538e+04  
2.747121e-02 4.625614e+03 8.386291e+03 1.130102e+04 1.675205e+04  
2.785414e-02 4.588901e+03 8.319007e+03 1.120977e+04 1.661570e+04  
2.824241e-02 4.551372e+03 8.250245e+03 1.111653e+04 1.647641e+04  
2.863610e-02 4.513060e+03 8.180067e+03 1.102139e+04 1.633430e+04  
2.903527e-02 4.474004e+03 8.108544e+03 1.092443e+04 1.618951e+04  
2.944000e-02 4.434249e+03 8.035761e+03 1.082579e+04 1.604225e+04  
2.985038e-02 4.393841e+03 7.961803e+03 1.072557e+04 1.589265e+04  
3.026648e-02 4.352830e+03 7.886753e+03 1.062388e+04 1.574089e+04  
3.068838e-02 4.311253e+03 7.810684e+03 1.052082e+04 1.558711e+04  
3.111616e-02 4.269154e+03 7.733680e+03 1.041652e+04 1.543151e+04  
3.154990e-02 4.226577e+03 7.655818e+03 1.031106e+04 1.527422e+04  
3.198969e-02 4.183573e+03 7.577187e+03 1.020457e+04 1.511541e+04  
3.243561e-02 4.140194e+03 7.497885e+03 1.009719e+04 1.495528e+04  
3.288774e-02 4.096503e+03 7.418031e+03 9.989068e+03 1.479410e+04  
3.334618e-02 4.052557e+03 7.337723e+03 9.880348e+03 1.463205e+04  
3.381101e-02 4.008405e+03 7.257050e+03 9.771140e+03 1.446928e+04  
3.428231e-02 3.964094e+03 7.176097e+03 9.661561e+03 1.430598e+04  
3.476019e-02 3.919676e+03 7.094967e+03 9.551761e+03 1.414240e+04  
3.524473e-02 3.875205e+03 7.013749e+03 9.441849e+03 1.397866e+04  
3.573602e-02 3.830739e+03 6.932551e+03 9.331970e+03 1.381499e+04  
3.623416e-02 3.786343e+03 6.851487e+03 9.222279e+03 1.365161e+04  
3.673925e-02 3.742082e+03 6.770685e+03 9.112960e+03 1.348883e+04  
3.725137e-02 3.698008e+03 6.690230e+03 9.004114e+03 1.332677e+04  
3.777064e-02 3.654168e+03 6.610209e+03 8.895860e+03 1.316560e+04  
3.829714e-02 3.610614e+03 6.530715e+03 8.788326e+03 1.300552e+04  
3.883098e-02 3.567400e+03 6.451854e+03 8.681660e+03 1.284678e+04  
3.937226e-02 3.524583e+03 6.373718e+03 8.575979e+03 1.268951e+04  
3.992109e-02 3.482221e+03 6.296415e+03 8.471427e+03 1.253393e+04  
4.047757e-02 3.440378e+03 6.220062e+03 8.368165e+03 1.238030e+04  
4.104181e-02 3.399093e+03 6.144732e+03 8.266297e+03 1.222877e+04  
4.161391e-02 3.358385e+03 6.070454e+03 8.165854e+03 1.207938e+04  
4.219398e-02 3.318275e+03 5.997266e+03 8.066884e+03 1.193219e+04  
4.278214e-02 3.278784e+03 5.925209e+03 7.969451e+03 1.178732e+04  
4.337850e-02 3.239933e+03 5.854322e+03 7.873609e+03 1.164484e+04  
4.398317e-02 3.201741e+03 5.784631e+03 7.779385e+03 1.150479e+04  
4.459628e-02 3.164226e+03 5.716174e+03 7.686828e+03 1.136724e+04  
4.521792e-02 3.127419e+03 5.649006e+03 7.596024e+03 1.123232e+04  
4.584824e-02 3.091359e+03 5.583199e+03 7.507064e+03 1.110018e+04  
4.648734e-02 3.056084e+03 5.518816e+03 7.420030e+03 1.097093e+04  
4.713535e-02 3.021637e+03 5.455934e+03 7.335024e+03 1.084471e+04  
4.779239e-02 2.988063e+03 5.394637e+03 7.252168e+03 1.072173e+04  
4.845859e-02 2.955404e+03 5.335001e+03 7.171561e+03 1.060212e+04  
4.913407e-02 2.923702e+03 5.277095e+03 7.093289e+03 1.048602e+04  
4.981898e-02 2.892941e+03 5.220889e+03 7.017313e+03 1.037335e+04  
5.051342e-02 2.863053e+03 5.166271e+03 6.943492e+03 1.026394e+04  
5.121755e-02 2.833961e+03 5.113091e+03 6.871620e+03 1.015747e+04  
5.193150e-02 2.805575e+03 5.061188e+03 6.801476e+03 1.005361e+04  
5.265540e-02 2.777799e+03 5.010389e+03 6.732827e+03 9.951997e+03  
5.338938e-02 2.750529e+03 4.960517e+03 6.665449e+03 9.852348e+03  
5.413360e-02 2.723683e+03 4.911416e+03 6.599121e+03 9.754309e+03  
5.488820e-02 2.697237e+03 4.863039e+03 6.533780e+03 9.657780e+03  
5.565331e-02 2.671168e+03 4.815348e+03 6.469374e+03 9.562685e+03  
5.642908e-02 2.645455e+03 4.768315e+03 6.405881e+03 9.469034e+03  
5.721568e-02 2.620068e+03 4.721875e+03 6.343201e+03 9.376642e+03  
5.801323e-02 2.594975e+03 4.675970e+03 6.281254e+03 9.285393e+03  
5.882190e-02 2.570112e+03 4.630489e+03 6.219893e+03 9.195071e+03  
5.964185e-02 2.545390e+03 4.585280e+03 6.158929e+03 9.105435e+03  
6.047322e-02 2.520700e+03 4.540140e+03 6.098075e+03 9.016019e+03  
6.131619e-02 2.495930e+03 4.494868e+03 6.037061e+03 8.926422e+03  
6.217090e-02 2.470958e+03 4.449247e+03 5.975599e+03 8.836224e+03  
6.303753e-02 2.445671e+03 4.403090e+03 5.913449e+03 8.745092e+03  
6.391624e-02 2.419993e+03 4.356247e+03 5.850398e+03 8.652678e+03  
6.480720e-02 2.393853e+03 4.308594e+03 5.786278e+03 8.558726e+03  
6.571058e-02 2.367174e+03 4.260000e+03 5.720918e+03 8.462991e+03  
6.662655e-02 2.339875e+03 4.210327e+03 5.654143e+03 8.365228e+03  
6.755528e-02 2.311876e+03 4.159426e+03 5.585738e+03 8.265083e+03  
6.849697e-02 2.283124e+03 4.107203e+03 5.515578e+03 8.162366e+03  
6.945178e-02 2.253568e+03 4.053575e+03 5.443558e+03 8.056926e+03  
7.041990e-02 2.223153e+03 3.998450e+03 5.369558e+03 7.948592e+03  
7.140151e-02 2.191818e+03 3.941715e+03 5.293417e+03 7.837087e+03  
7.239681e-02 2.159544e+03 3.883335e+03 5.215084e+03 7.722331e+03  
7.340598e-02 2.126347e+03 3.823350e+03 5.134625e+03 7.604429e+03  
7.442922e-02 2.092249e+03 3.761801e+03 5.052092e+03 7.483456e+03  
7.546673e-02 2.057271e+03 3.698721e+03 4.967521e+03 7.359436e+03  
7.651869e-02 2.021453e+03 3.634183e+03 4.881008e+03 7.232504e+03  
7.758532e-02 1.984874e+03 3.568338e+03 4.792766e+03 7.102994e+03  
7.866682e-02 1.947624e+03 3.501345e+03 4.703006e+03 6.971207e+03  
7.976339e-02 1.909801e+03 3.433374e+03 4.611946e+03 6.837448e+03  
8.087525e-02 1.871514e+03 3.364618e+03 4.519847e+03 6.702104e+03  
8.200261e-02 1.832886e+03 3.295309e+03 4.427031e+03 6.565675e+03  
8.314568e-02 1.794051e+03 3.225678e+03 4.333799e+03 6.428598e+03  
8.430468e-02 1.755151e+03 3.155974e+03 4.240483e+03 6.291355e+03  
8.547985e-02 1.716333e+03 3.086459e+03 4.147432e+03 6.154473e+03  
8.667139e-02 1.677733e+03 3.017383e+03 4.054997e+03 6.018500e+03  
8.787954e-02 1.639487e+03 2.948979e+03 3.963478e+03 5.883870e+03  
8.910453e-02 1.601740e+03 2.881502e+03 3.873218e+03 5.751093e+03  
9.034660e-02 1.564635e+03 2.815204e+03 3.784553e+03 5.620680e+03  
9.160598e-02 1.528307e+03 2.750332e+03 3.697830e+03 5.493177e+03  
9.288292e-02 1.492888e+03 2.687113e+03 3.613340e+03 5.369011e+03  
9.417766e-02 1.458521e+03 2.625793e+03 3.531416e+03 5.248682e+03  
9.549045e-02 1.425321e+03 2.566575e+03 3.452329e+03 5.132608e+03  
9.682153e-02 1.393398e+03 2.509666e+03 3.376372e+03 5.021260e+03  
9.817117e-02 1.362864e+03 2.455246e+03 3.303775e+03 4.914974e+03  
9.953962e-02 1.333832e+03 2.403516e+03 3.234808e+03 4.814168e+03  
1.009272e-01 1.306357e+03 2.354569e+03 3.169601e+03 4.719051e+03  
1.023340e-01 1.280457e+03 2.308447e+03 3.108218e+03 4.629745e+03  
1.037605e-01 1.256143e+03 2.265154e+03 3.050656e+03 4.546245e+03  
1.052069e-01 1.233417e+03 2.224691e+03 2.996921e+03 4.468569e+03  
1.066734e-01 1.212209e+03 2.186935e+03 2.946848e+03 4.396488e+03  
1.081604e-01 1.192407e+03 2.151693e+03 2.900186e+03 4.329638e+03  
1.096681e-01 1.173882e+03 2.118726e+03 2.856607e+03 4.267521e+03  
1.111968e-01 1.156490e+03 2.087777e+03 2.815766e+03 4.209623e+03  
1.127468e-01 1.140054e+03 2.058537e+03 2.777253e+03 4.155329e+03  
1.143184e-01 1.124378e+03 2.030664e+03 2.740607e+03 4.103948e+03  
1.159120e-01 1.109246e+03 2.003769e+03 2.705300e+03 4.054664e+03  
1.175277e-01 1.094458e+03 1.977498e+03 2.670854e+03 4.006745e+03  
1.191660e-01 1.079830e+03 1.951530e+03 2.636839e+03 3.959530e+03  
1.208271e-01 1.065162e+03 1.925518e+03 2.602784e+03 3.912285e+03  
1.225114e-01 1.050260e+03 1.899113e+03 2.568210e+03 3.864258e+03  
1.242191e-01 1.034984e+03 1.872067e+03 2.532781e+03 3.814912e+03  
1.259506e-01 1.019194e+03 1.844142e+03 2.496172e+03 3.763728e+03  
1.277063e-01 1.002752e+03 1.815094e+03 2.458048e+03 3.710164e+03  
1.294865e-01 9.855821e+02 1.784784e+03 2.418214e+03 3.653891e+03  
1.312915e-01 9.676277e+02 1.753114e+03 2.376531e+03 3.594672e+03  
1.331216e-01 9.488437e+02 1.720010e+03 2.332896e+03 3.532317e+03  
1.349772e-01 9.292567e+02 1.685517e+03 2.287363e+03 3.466891e+03  
1.368587e-01 9.089318e+02 1.649745e+03 2.240078e+03 3.398603e+03  
1.387665e-01 8.879503e+02 1.612838e+03 2.191229e+03 3.327733e+03  
1.407008e-01 8.664586e+02 1.575057e+03 2.141173e+03 3.254822e+03  
1.426621e-01 8.446327e+02 1.536709e+03 2.090321e+03 3.180516e+03  
1.446507e-01 8.226619e+02 1.498122e+03 2.039121e+03 3.105519e+03  
1.466671e-01 8.007407e+02 1.459639e+03 1.988037e+03 3.030560e+03  
1.487115e-01 7.790789e+02 1.421633e+03 1.937577e+03 2.956438e+03  
1.507845e-01 7.578774e+02 1.384450e+03 1.888215e+03 2.883916e+03  
1.528864e-01 7.373169e+02 1.348406e+03 1.840383e+03 2.813686e+03  
1.550175e-01 7.175844e+02 1.313830e+03 1.794528e+03 2.746468e+03  
1.571784e-01 6.988341e+02 1.280994e+03 1.751025e+03 2.682855e+03  
1.593694e-01 6.811878e+02 1.250108e+03 1.710162e+03 2.623331e+03  
1.615909e-01 6.647517e+02 1.221355e+03 1.672194e+03 2.568318e+03  
1.638434e-01 6.495559e+02 1.194789e+03 1.637196e+03 2.517950e+03  
1.661273e-01 6.356109e+02 1.170430e+03 1.605197e+03 2.472276e+03  
1.684430e-01 6.228463e+02 1.148151e+03 1.576029e+03 2.431064e+03  
1.707910e-01 6.111325e+02 1.127722e+03 1.549384e+03 2.393836e+03  
1.731717e-01 6.003110e+02 1.108867e+03 1.524884e+03 2.359997e+03  
1.755856e-01 5.901799e+02 1.091232e+03 1.502045e+03 2.328766e+03  
1.780332e-01 5.805186e+02 1.074428e+03 1.480337e+03 2.299315e+03  
1.805149e-01 5.711283e+02 1.058105e+03 1.459283e+03 2.270869e+03  
1.830312e-01 5.618108e+02 1.041916e+03 1.438399e+03 2.242638e+03  
1.855825e-01 5.523943e+02 1.025559e+03 1.417267e+03 2.213917e+03  
1.881694e-01 5.427174e+02 1.008748e+03 1.395493e+03 2.184072e+03  
1.907924e-01 5.326531e+02 9.912596e+02 1.372764e+03 2.152571e+03  
1.934520e-01 5.221083e+02 9.729284e+02 1.348844e+03 2.118999e+03  
1.961486e-01 5.110388e+02 9.536756e+02 1.323617e+03 2.083139e+03  
1.988828e-01 4.994613e+02 9.335296e+02 1.297122e+03 2.045058e+03  
2.016551e-01 4.874466e+02 9.126133e+02 1.269526e+03 2.005016e+03  
2.044661e-01 4.751337e+02 8.911704e+02 1.241160e+03 1.963539e+03  
2.073162e-01 4.626862e+02 8.694880e+02 1.212422e+03 1.921282e+03  
2.102061e-01 4.502915e+02 8.478960e+02 1.183773e+03 1.879025e+03  
2.131362e-01 4.381308e+02 8.267127e+02 1.155655e+03 1.837505e+03  
2.161073e-01 4.263731e+02 8.062340e+02 1.128475e+03 1.797389e+03  
2.191197e-01 4.151571e+02 7.867042e+02 1.102577e+03 1.759259e+03  
2.221741e-01 4.045932e+02 7.683180e+02 1.078237e+03 1.723597e+03  
2.252711e-01 3.947427e+02 7.511834e+02 1.055608e+03 1.690665e+03  
2.284112e-01 3.856301e+02 7.353412e+02 1.034742e+03 1.660544e+03  
2.315951e-01 3.772185e+02 7.207283e+02 1.015558e+03 1.633121e+03  
2.348235e-01 3.694336e+02 7.072146e+02 9.978808e+02 1.608121e+03  
2.380968e-01 3.621574e+02 6.945928e+02 9.814236e+02 1.585073e+03  
2.414157e-01 3.552542e+02 6.826216e+02 9.658438e+02 1.563382e+03  
2.447809e-01 3.485730e+02 6.710370e+02 9.507790e+02 1.542460e+03  
2.481930e-01 3.419750e+02 6.595949e+02 9.358890e+02 1.521739e+03  
2.516527e-01 3.353320e+02 6.480685e+02 9.208548e+02 1.500673e+03  
2.551606e-01 3.285361e+02 6.362628e+02 9.053928e+02 1.478750e+03  
2.587174e-01 3.215160e+02 6.240548e+02 8.893353e+02 1.455700e+03  
2.623238e-01 3.142521e+02 6.114092e+02 8.726317e+02 1.431434e+03  
2.659804e-01 3.068001e+02 5.984237e+02 8.554172e+02 1.406177e+03  
2.696881e-01 2.992595e+02 5.852691e+02 8.379230e+02 1.380296e+03  
2.734474e-01 2.917498e+02 5.721609e+02 8.204619e+02 1.354353e+03  
2.772591e-01 2.843856e+02 5.593020e+02 8.033202e+02 1.328844e+03  
2.811239e-01 2.772583e+02 5.468530e+02 7.867241e+02 1.304154e+03  
2.850426e-01 2.704384e+02 5.349350e+02 7.708390e+02 1.280552e+03  
2.890160e-01 2.639821e+02 5.236518e+02 7.558205e+02 1.258333e+03  
2.930447e-01 2.579222e+02 5.130617e+02 7.417525e+02 1.237646e+03  
2.971296e-01 2.522525e+02 5.031524e+02 7.286171e+02 1.218460e+03  
3.012714e-01 2.469190e+02 4.938262e+02 7.162732e+02 1.200524e+03  
3.054710e-01 2.418311e+02 4.849270e+02 7.045079e+02 1.183493e+03  
3.097291e-01 2.368903e+02 4.762804e+02 6.930749e+02 1.166945e+03  
3.140465e-01 2.320130e+02 4.677367e+02 6.817595e+02 1.150502e+03  
3.184242e-01 2.271424e+02 4.591934e+02 6.704136e+02 1.133901e+03  
3.228628e-01 2.222409e+02 4.505869e+02 6.589523e+02 1.117011e+03  
3.273634e-01 2.172937e+02 4.418913e+02 6.473383e+02 1.099765e+03  
3.319266e-01 2.123123e+02 4.331238e+02 6.355928e+02 1.082192e+03  
3.365535e-01 2.073384e+02 4.243583e+02 6.238200e+02 1.064473e+03  
3.412449e-01 2.024402e+02 4.157185e+02 6.122009e+02 1.046935e+03  
3.460016e-01 1.976866e+02 4.073270e+02 6.009104e+02 1.029886e+03  
3.508247e-01 1.931181e+02 3.992524e+02 5.900428e+02 1.013480e+03  
3.557150e-01 1.887550e+02 3.915315e+02 5.796520e+02 9.978160e+02  
3.606735e-01 1.845957e+02 3.841643e+02 5.697422e+02 9.829124e+02  
3.657011e-01 1.806219e+02 3.771180e+02 5.602673e+02 9.686905e+02  
3.707988e-01 1.768001e+02 3.703301e+02 5.511343e+02 9.549792e+02  
3.759675e-01 1.730853e+02 3.637223e+02 5.422346e+02 9.415970e+02  
3.812083e-01 1.694324e+02 3.572167e+02 5.334597e+02 9.283623e+02  
3.865221e-01 1.658117e+02 3.507606e+02 5.247346e+02 9.151465e+02  
3.919100e-01 1.622167e+02 3.443386e+02 5.160333e+02 9.018930e+02  
3.973730e-01 1.586520e+02 3.379617e+02 5.073750e+02 8.886464e+02  
4.029122e-01 1.551323e+02 3.316571e+02 4.988006e+02 8.754833e+02  
4.085286e-01 1.516812e+02 3.254674e+02 4.903711e+02 8.625114e+02  
4.142232e-01 1.483330e+02 3.194485e+02 4.821622e+02 8.498526e+02  
4.199973e-01 1.451043e+02 3.136342e+02 4.742266e+02 8.376098e+02  
4.258518e-01 1.419900e+02 3.080161e+02 4.665535e+02 8.257674e+02  
4.317880e-01 1.389805e+02 3.025769e+02 4.591185e+02 8.142838e+02  
4.378069e-01 1.360657e+02 2.972943e+02 4.518856e+02 8.030865e+02  
4.439097e-01 1.332261e+02 2.921386e+02 4.448173e+02 7.921231e+02  
4.500975e-01 1.304389e+02 2.870694e+02 4.378567e+02 7.812966e+02  
4.563716e-01 1.276939e+02 2.820685e+02 4.309776e+02 7.705627e+02  
4.627332e-01 1.249964e+02 2.771415e+02 4.241850e+02 7.599228e+02  
4.691835e-01 1.223525e+02 2.723038e+02 4.175053e+02 7.494338e+02  
4.757236e-01 1.197651e+02 2.675604e+02 4.109460e+02 7.391099e+02  
4.823549e-01 1.172470e+02 2.629332e+02 4.045378e+02 7.290035e+02  
4.890787e-01 1.148059e+02 2.584335e+02 3.982950e+02 7.191343e+02  
4.958962e-01 1.124377e+02 2.540573e+02 3.922150e+02 7.095063e+02  
5.028087e-01 1.101325e+02 2.497873e+02 3.862737e+02 7.000787e+02  
5.098176e-01 1.078844e+02 2.456121e+02 3.804540e+02 6.908211e+02  
5.169242e-01 1.056896e+02 2.415233e+02 3.747431e+02 6.817096e+02  
5.241298e-01 1.035378e+02 2.375058e+02 3.691221e+02 6.727188e+02  
5.314359e-01 1.014295e+02 2.335606e+02 3.635930e+02 6.638528e+02  
5.388438e-01 9.937130e+01 2.296978e+02 3.581691e+02 6.551327e+02  
5.463550e-01 9.736184e+01 2.259146e+02 3.528461e+02 6.465512e+02  
5.539709e-01 9.540410e+01 2.222183e+02 3.476365e+02 6.381337e+02  
5.616930e-01 9.349915e+01 2.186109e+02 3.425431e+02 6.298854e+02  
5.695227e-01 9.164200e+01 2.150821e+02 3.375503e+02 6.217782e+02  
5.774615e-01 8.982955e+01 2.116265e+02 3.326510e+02 6.138008e+02  
5.855110e-01 8.805838e+01 2.082399e+02 3.278406e+02 6.059487e+02  
5.936727e-01 8.632838e+01 2.049221e+02 3.231191e+02 5.982230e+02  
6.019482e-01 8.463595e+01 2.016651e+02 3.184741e+02 5.906013e+02  
6.103390e-01 8.298421e+01 1.984751e+02 3.139152e+02 5.831007e+02  
6.188468e-01 8.137225e+01 1.953518e+02 3.094426e+02 5.757240e+02  
6.274732e-01 7.979881e+01 1.922928e+02 3.050535e+02 5.684667e+02  
6.362198e-01 7.826476e+01 1.892981e+02 3.007464e+02 5.613242e+02  
6.450884e-01 7.676637e+01 1.863622e+02 2.965149e+02 5.542884e+02  
6.540806e-01 7.530257e+01 1.834841e+02 2.923581e+02 5.473590e+02  
6.631981e-01 7.387271e+01 1.806627e+02 2.882746e+02 5.405342e+02  
6.724427e-01 7.247540e+01 1.778938e+02 2.842576e+02 5.338010e+02  
6.818162e-01 7.111021e+01 1.751782e+02 2.803093e+02 5.271652e+02  
6.913204e-01 6.977672e+01 1.725155e+02 2.764295e+02 5.206274e+02  
7.009570e-01 6.847433e+01 1.699048e+02 2.726170e+02 5.141856e+02  
7.107280e-01 6.720194e+01 1.673424e+02 2.688658e+02 5.078285e+02  
7.206351e-01 6.595907e+01 1.648293e+02 2.651781e+02 5.015620e+02  
7.306804e-01 6.474476e+01 1.623638e+02 2.615522e+02 4.953836e+02  
7.408657e-01 6.355790e+01 1.599441e+02 2.579855e+02 4.892891e+02  
7.511929e-01 6.239734e+01 1.575667e+02 2.544723e+02 4.832685e+02  
7.616642e-01 6.126294e+01 1.552330e+02 2.510157e+02 4.773284e+02  
7.722814e-01 6.015404e+01 1.529419e+02 2.476142e+02 4.714666e+02  
7.830465e-01 5.906990e+01 1.506919e+02 2.442657e+02 4.656796e+02  
7.939618e-01 5.800960e+01 1.484806e+02 2.409664e+02 4.599609e+02  
8.050292e-01 5.697290e+01 1.463087e+02 2.377182e+02 4.543144e+02  
8.162509e-01 5.595909e+01 1.441751e+02 2.345194e+02 4.487378e+02  
8.276289e-01 5.496741e+01 1.420782e+02 2.313679e+02 4.432275e+02  
8.391656e-01 5.399714e+01 1.400161e+02 2.282609e+02 4.377790e+02  
8.508632e-01 5.304804e+01 1.379895e+02 2.251998e+02 4.323951e+02  
8.627237e-01 5.211947e+01 1.359973e+02 2.221830e+02 4.270734e+02  
8.747496e-01 5.121076e+01 1.340379e+02 2.192086e+02 4.218107e+02  
8.869432e-01 5.032129e+01 1.321101e+02 2.162747e+02 4.166042e+02  
8.993067e-01 4.945076e+01 1.302141e+02 2.133819e+02 4.114550e+02  
9.118425e-01 4.859862e+01 1.283489e+02 2.105289e+02 4.063613e+02  
9.245531e-01 4.776428e+01 1.265131e+02 2.077139e+02 4.013201e+02  
9.374409e-01 4.694730e+01 1.247061e+02 2.049358e+02 3.963298e+02  
9.505083e-01 4.614740e+01 1.229278e+02 2.021949e+02 3.913909e+02  
9.637579e-01 4.536414e+01 1.211774e+02 1.994901e+02 3.865019e+02  
9.771921e-01 4.459686e+01 1.194535e+02 1.968194e+02 3.816598e+02  
9.908137e-01 4.384512e+01 1.177556e+02 1.941822e+02 3.768635e+02  
1.004625e+00 4.310857e+01 1.160832e+02 1.915783e+02 3.721128e+02  
1.018629e+00 4.238686e+01 1.144360e+02 1.890069e+02 3.674066e+02  
1.032828e+00 4.167941e+01 1.128125e+02 1.864662e+02 3.627422e+02  
1.047225e+00 4.098595e+01 1.112125e+02 1.839559e+02 3.581192e+02  
1.061823e+00 4.030623e+01 1.096358e+02 1.814760e+02 3.535374e+02  
1.076624e+00 3.963992e+01 1.080819e+02 1.790256e+02 3.489957e+02  
1.091632e+00 3.898638e+01 1.065494e+02 1.766031e+02 3.444917e+02  
1.106848e+00 3.834542e+01 1.050382e+02 1.742083e+02 3.400252e+02  
1.122277e+00 3.771679e+01 1.035482e+02 1.718411e+02 3.355959e+02  
1.137921e+00 3.710022e+01 1.020787e+02 1.695008e+02 3.312028e+02  
1.153783e+00 3.649513e+01 1.006287e+02 1.671859e+02 3.268439e+02  
1.169866e+00 3.590144e+01 9.919830e+01 1.648965e+02 3.225195e+02  
1.186174e+00 3.531890e+01 9.778709e+01 1.626324e+02 3.182289e+02  
1.202708e+00 3.474722e+01 9.639463e+01 1.603930e+02 3.139713e+02  
1.219473e+00 3.418579e+01 9.501977e+01 1.581766e+02 3.097450e+02  
1.236472e+00 3.363462e+01 9.366278e+01 1.559840e+02 3.055505e+02  
1.253708e+00 3.309349e+01 9.232330e+01 1.538144e+02 3.013870e+02  
1.271184e+00 3.256214e+01 9.100092e+01 1.516674e+02 2.972540e+02  
1.288904e+00 3.204012e+01 8.969478e+01 1.495420e+02 2.931503e+02  
1.306870e+00 3.152741e+01 8.840508e+01 1.474384e+02 2.890761e+02  
1.325087e+00 3.102378e+01 8.713146e+01 1.453563e+02 2.850310e+02  
1.343558e+00 3.052893e+01 8.587342e+01 1.432951e+02 2.810143e+02  
1.362287e+00 3.004251e+01 8.463036e+01 1.412539e+02 2.770254e+02  
1.381276e+00 2.956447e+01 8.340240e+01 1.392331e+02 2.730644e+02  
1.400531e+00 2.909463e+01 8.218923e+01 1.372322e+02 2.691309e+02  
1.420053e+00 2.865629e+01 8.099043e+01 1.352508e+02 2.652246e+02  
1.439848e+00 2.815378e+01 7.980559e+01 1.332884e+02 2.613451e+02  
1.459919e+00 2.773188e+01 7.863475e+01 1.313451e+02 2.574925e+02  
1.480269e+00 2.729274e+01 7.747763e+01 1.294205e+02 2.536666e+02  
1.500903e+00 2.686077e+01 7.633383e+01 1.275143e+02 2.498671e+02  
1.521825e+00 2.643581e+01 7.520308e+01 1.256261e+02 2.460940e+02  
1.543038e+00 2.601777e+01 7.408533e+01 1.237558e+02 2.423472e+02  
1.564548e+00 2.560647e+01 7.298034e+01 1.219033e+02 2.386267e+02  
1.586357e+00 2.520168e+01 7.188774e+01 1.200682e+02 2.349325e+02  
1.608469e+00 2.480328e+01 7.080740e+01 1.182503e+02 2.312645e+02  
1.630891e+00 2.441120e+01 6.973925e+01 1.164496e+02 2.276230e+02  
1.653624e+00 2.402529e+01 6.868307e+01 1.146658e+02 2.240079e+02  
1.676675e+00 2.364534e+01 6.763858e+01 1.128988e+02 2.204194e+02  
1.700047e+00 2.327125e+01 6.660565e+01 1.111483e+02 2.168576e+02  
1.723745e+00 2.290291e+01 6.558418e+01 1.094142e+02 2.133227e+02  
1.747773e+00 2.254019e+01 6.457388e+01 1.076965e+02 2.098148e+02  
1.772136e+00 2.218290e+01 6.357471e+01 1.059950e+02 2.063342e+02  
1.796838e+00 2.183099e+01 6.258651e+01 1.043094e+02 2.028810e+02  
1.821885e+00 2.148436e+01 6.160917e+01 1.026399e+02 1.994556e+02  
1.847281e+00 2.114290e+01 6.064256e+01 1.009863e+02 1.960582e+02  
1.873032e+00 2.080644e+01 5.968644e+01 9.934834e+01 1.926890e+02  
1.899141e+00 2.047494e+01 5.874079e+01 9.772610e+01 1.893484e+02  
1.925614e+00 2.014829e+01 5.780549e+01 9.611949e+01 1.860367e+02  
1.952456e+00 1.982641e+01 5.688043e+01 9.452844e+01 1.827541e+02  
1.979672e+00 1.950914e+01 5.596542e+01 9.295281e+01 1.795011e+02  
2.007267e+00 1.919644e+01 5.506044e+01 9.139263e+01 1.762779e+02  
2.035248e+00 1.888824e+01 5.416539e+01 8.984784e+01 1.730849e+02  
2.063618e+00 1.858444e+01 5.328017e+01 8.831839e+01 1.699224e+02  
2.092383e+00 1.828490e+01 5.240462e+01 8.680421e+01 1.667908e+02  
2.121550e+00 1.798960e+01 5.153872e+01 8.530530e+01 1.636904e+02  
2.151123e+00 1.769847e+01 5.068239e+01 8.382165e+01 1.606216e+02  
2.181109e+00 1.741142e+01 4.983555e+01 8.235323e+01 1.575847e+02  
2.211512e+00 1.712835e+01 4.899808e+01 8.090000e+01 1.545842e+02  
2.242340e+00 1.684913e+01 4.816995e+01 7.946199e+01 1.516121e+02  
2.273597e+00 1.657390e+01 4.735118e+01 7.803917e+01 1.486730e+02  
2.305289e+00 1.630247e+01 4.654151e+01 7.663156e+01 1.457671e+02  
2.337424e+00 1.603474e+01 4.574095e+01 7.523912e+01 1.428947e+02  
2.370006e+00 1.577070e+01 4.494946e+01 7.386189e+01 1.400562e+02  
2.403043e+00 1.551030e+01 4.416699e+01 7.249987e+01 1.372518e+02  
2.436540e+00 1.525344e+01 4.339347e+01 7.115307e+01 1.344818e+02  
2.470504e+00 1.500007e+01 4.262883e+01 6.982140e+01 1.317426e+02  
2.504942e+00 1.475016e+01 4.187305e+01 6.850507e+01 1.290422e+02  
2.539859e+00 1.450366e+01 4.112608e+01 6.720401e+01 1.263769e+02  
2.575263e+00 1.426050e+01 4.038784e+01 6.591822e+01 1.237470e+02  
2.611161e+00 1.402062e+01 3.965852e+01 6.464773e+01 1.211527e+02  
2.647559e+00 1.378400e+01 3.893766e+01 6.339256e+01 1.185940e+02  
2.684465e+00 1.355058e+01 3.822543e+01 6.215272e+01 1.160712e+02  
2.721885e+00 1.332032e+01 3.752176e+01 6.092824e+01 1.135844e+02  
2.759826e+00 1.309316e+01 3.682663e+01 5.971912e+01 1.111337e+02  
2.798297e+00 1.286907e+01 3.613999e+01 5.852540e+01 1.087192e+02  
2.837304e+00 1.264802e+01 3.546183e+01 5.734708e+01 1.063410e+02  
2.876854e+00 1.242994e+01 3.479208e+01 5.618418e+01 1.039991e+02  
2.916956e+00 1.221481e+01 3.413073e+01 5.503671e+01 1.016935e+02  
2.957617e+00 1.200260e+01 3.347775e+01 5.390467e+01 9.942434e+01  
2.998844e+00 1.179326e+01 3.283309e+01 5.278818e+01 9.719149e+01  
3.040646e+00 1.158675e+01 3.219672e+01 5.168704e+01 9.499495e+01  
3.083031e+00 1.138304e+01 3.156861e+01 5.060137e+01 9.283467e+01  
3.126007e+00 1.118211e+01 3.094874e+01 4.953114e+01 9.071367e+01  
3.169582e+00 1.098391e+01 3.033708e+01 4.847636e+01 8.862566e+01  
3.213764e+00 1.078850e+01 2.973358e+01 4.743702e+01 8.657346e+01  
3.258562e+00 1.059566e+01 2.913823e+01 4.641310e+01 8.455723e+01  
3.303985e+00 1.040546e+01 2.855099e+01 4.540459e+01 8.257672e+01  
3.350041e+00 1.021788e+01 2.797185e+01 4.441147e+01 8.062909e+01  
3.396739e+00 1.003286e+01 2.740075e+01 4.343369e+01 7.871952e+01  
3.444087e+00 9.850397e+00 2.683769e+01 4.247125e+01 7.684510e+01  
3.492096e+00 9.670458e+00 2.628263e+01 4.152409e+01 7.500561e+01  
3.540774e+00 9.493014e+00 2.573554e+01 4.059218e+01 7.320082e+01  
3.590130e+00 9.318031e+00 2.519638e+01 3.967547e+01 7.143045e+01  
3.640175e+00 9.145491e+00 2.466513e+01 3.877390e+01 6.969426e+01  
3.690917e+00 8.975368e+00 2.414177e+01 3.788743e+01 6.799196e+01  
3.742366e+00 8.807634e+00 2.362624e+01 3.701593e+01 6.632325e+01  
3.794533e+00 8.642260e+00 2.311853e+01 3.615945e+01 6.468782e+01  
3.847427e+00 8.479229e+00 2.261861e+01 3.531785e+01 6.308536e+01  
3.901058e+00 8.318514e+00 2.212642e+01 3.449105e+01 6.151553e+01  
3.955436e+00 8.160092e+00 2.164195e+01 3.367898e+01 5.997799e+01  
4.010573e+00 8.003936e+00 2.116515e+01 3.288158e+01 5.847237e+01  
4.066478e+00 7.850029e+00 2.069599e+01 3.209868e+01 5.699832e+01  
4.123163e+00 7.698346e+00 2.023442e+01 3.133021e+01 5.555546e+01  
4.180637e+00 7.548865e+00 1.978042e+01 3.057608e+01 5.414341e+01  
4.238913e+00 7.401563e+00 1.933393e+01 2.983618e+01 5.276176e+01  
4.298001e+00 7.256421e+00 1.889491e+01 2.911039e+01 5.141014e+01  
4.357913e+00 7.113417e+00 1.846332e+01 2.839860e+01 5.008812e+01  
4.418660e+00 6.972529e+00 1.803912e+01 2.770067e+01 4.879530e+01  
4.480254e+00 6.833737e+00 1.762225e+01 2.701649e+01 4.753125e+01  
4.542706e+00 6.697022e+00 1.721267e+01 2.634592e+01 4.629556e+01  
4.606029e+00 6.562363e+00 1.681033e+01 2.568883e+01 4.508780e+01  
4.670234e+00 6.429739e+00 1.641516e+01 2.504508e+01 4.390898e+01  
4.735335e+00 6.299132e+00 1.602698e+01 2.441452e+01 4.275442e+01  
4.801343e+00 6.170523e+00 1.564603e+01 2.379702e+01 4.162774e+01  
4.868271e+00 6.043892e+00 1.527212e+01 2.319241e+01 4.052735e+01  
4.936132e+00 5.919219e+00 1.490531e+01 2.260056e+01 3.945268e+01  
5.004939e+00 5.796487e+00 1.454525e+01 2.202129e+01 3.840332e+01  
5.074705e+00 5.675677e+00 1.419203e+01 2.145446e+01 3.737881e+01  
5.145444e+00 5.556771e+00 1.384560e+01 2.089991e+01 3.637871e+01  
5.217169e+00 5.439749e+00 1.350588e+01 2.035743e+01 3.540258e+01  
5.289893e+00 5.324594e+00 1.317280e+01 1.982692e+01 3.444998e+01  
5.363631e+00 5.211288e+00 1.284632e+01 1.930820e+01 3.352046e+01  
5.438397e+00 5.099814e+00 1.252634e+01 1.880112e+01 3.261359e+01  
5.514206e+00 4.990193e+00 1.221281e+01 1.830545e+01 3.172892e+01  
5.591071e+00 4.882334e+00 1.190566e+01 1.782106e+01 3.086602e+01  
5.669007e+00 4.776201e+00 1.160481e+01 1.734776e+01 3.002447e+01  
5.748030e+00 4.677760e+00 1.131019e+01 1.688537e+01 2.920383e+01  
5.828155e+00 4.569293e+00 1.102172e+01 1.643373e+01 2.840366e+01  
5.909396e+00 4.468437e+00 1.073933e+01 1.599266e+01 2.762356e+01  
5.991770e+00 4.369291e+00 1.046294e+01 1.556198e+01 2.686413e+01  
6.075292e+00 4.271838e+00 1.019248e+01 1.514152e+01 2.612176e+01  
6.159978e+00 4.176060e+00 9.927868e+00 1.473109e+01 2.539941e+01  
6.245845e+00 4.081940e+00 9.669023e+00 1.433053e+01 2.469542e+01  
6.332908e+00 3.989463e+00 9.415868e+00 1.393966e+01 2.400942e+01  
6.421186e+00 3.898610e+00 9.168322e+00 1.355830e+01 2.334105e+01  
6.510694e+00 3.809366e+00 8.926303e+00 1.318627e+01 2.268989e+01  
6.601449e+00 3.721713e+00 8.689465e+00 1.282340e+01 2.205558e+01  
6.693470e+00 3.635636e+00 8.458251e+00 1.246956e+01 2.143773e+01  
6.786773e+00 3.551116e+00 8.232316e+00 1.212440e+01 2.083596e+01  
6.881377e+00 3.468138e+00 8.011587e+00 1.178798e+01 2.024901e+01  
6.977300e+00 3.386686e+00 7.795976e+00 1.146000e+01 1.967833e+01  
7.074559e+00 3.306741e+00 7.585400e+00 1.114032e+01 1.912266e+01  
7.173175e+00 3.228289e+00 7.379776e+00 1.082876e+01 1.858162e+01  
7.273165e+00 3.151311e+00 7.179020e+00 1.052515e+01 1.805488e+01  
7.374549e+00 3.075793e+00 6.983371e+00 1.022933e+01 1.754208e+01  
7.477346e+00 3.001716e+00 6.792108e+00 9.941132e+00 1.704294e+01  
7.581576e+00 2.929064e+00 6.605465e+00 9.660394e+00 1.655710e+01  
7.687260e+00 2.857822e+00 6.423358e+00 9.386955e+00 1.608424e+01  
7.794416e+00 2.787971e+00 6.245705e+00 9.120647e+00 1.562405e+01  
7.903066e+00 2.719495e+00 6.072425e+00 8.861326e+00 1.517622e+01  
8.013230e+00 2.652551e+00 5.903434e+00 8.608829e+00 1.474045e+01  
8.124930e+00 2.586604e+00 5.738651e+00 8.363001e+00 1.431713e+01  
8.238187e+00 2.522155e+00 5.577996e+00 8.123708e+00 1.390458e+01  
8.353023e+00 2.459010e+00 5.421388e+00 7.890751e+00 1.350262e+01  
8.469460e+00 2.397162e+00 5.268745e+00 7.664064e+00 1.311218e+01  
8.587519e+00 2.336586e+00 5.119989e+00 7.443422e+00 1.273238e+01  
8.707225e+00 2.277267e+00 4.975041e+00 7.228712e+00 1.236299e+01  
8.828599e+00 2.219189e+00 4.833822e+00 7.019792e+00 1.200372e+01  
8.951665e+00 2.162335e+00 4.696241e+00 6.816523e+00 1.165366e+01  
9.076446e+00 2.106687e+00 4.562263e+00 6.618767e+00 1.131557e+01  
9.202967e+00 2.052242e+00 4.432152e+00 6.426398e+00 1.098409e+01  
9.331251e+00 1.999121e+00 4.304898e+00 6.239280e+00 1.066282e+01  
9.461324e+00 1.946989e+00 4.181173e+00 6.057236e+00 1.035044e+01  
9.593209e+00 1.895870e+00 4.060724e+00 5.881293e+00 1.004676e+01  
9.726934e+00 1.846005e+00 3.943479e+00 5.708085e+00 9.751532e+00  
9.862522e+00 1.797243e+00 3.829363e+00 5.540635e+00 9.464553e+00  
1.000000e+01 1.749564e+00 3.718307e+00 5.377982e+00 9.185610e+00  
