1.000000e-02 7.740394e+03 1.406364e+04 1.896718e+04 2.812077e+04  
1.013939e-02 7.780805e+03 1.413666e+04 1.906524e+04 2.826512e+04  
1.028073e-02 7.820477e+03 1.420832e+04 1.916147e+04 2.840672e+04  
1.042404e-02 7.859383e+03 1.427858e+04 1.925579e+04 2.854544e+04  
1.056935e-02 7.897491e+03 1.434737e+04 1.934812e+04 2.868120e+04  
1.071668e-02 7.934772e+03 1.441465e+04 1.943840e+04 2.881388e+04  
1.086606e-02 7.971195e+03 1.448035e+04 1.952654e+04 2.894336e+04  
1.101753e-02 8.006730e+03 1.454443e+04 1.961247e+04 2.906953e+04  
1.117111e-02 8.041347e+03 1.460683e+04 1.969612e+04 2.919228e+04  
1.132683e-02 8.075013e+03 1.466748e+04 1.977742e+04 2.931150e+04  
1.148472e-02 8.107700e+03 1.472635e+04 1.985627e+04 2.942708e+04  
1.164481e-02 8.139374e+03 1.478335e+04 1.993261e+04 2.953889e+04  
1.180713e-02 8.170001e+03 1.483844e+04 2.000636e+04 2.964681e+04  
1.197171e-02 8.199546e+03 1.489155e+04 2.007741e+04 2.975072e+04  
1.213859e-02 8.227975e+03 1.494262e+04 2.014570e+04 2.985049e+04  
1.230780e-02 8.255252e+03 1.499158e+04 2.021113e+04 2.994598e+04  
1.247936e-02 8.281343e+03 1.503837e+04 2.027362e+04 3.003708e+04  
1.265332e-02 8.306213e+03 1.508292e+04 2.033308e+04 3.012365e+04  
1.282970e-02 8.329827e+03 1.512518e+04 2.038943e+04 3.020557e+04  
1.300854e-02 8.352149e+03 1.516508e+04 2.044258e+04 3.028270e+04  
1.318987e-02 8.373145e+03 1.520255e+04 2.049244e+04 3.035493e+04  
1.337373e-02 8.392780e+03 1.523753e+04 2.053893e+04 3.042212e+04  
1.356015e-02 8.411019e+03 1.526996e+04 2.058196e+04 3.048415e+04  
1.374917e-02 8.427828e+03 1.529977e+04 2.062145e+04 3.054089e+04  
1.394083e-02 8.443173e+03 1.532691e+04 2.065732e+04 3.059223e+04  
1.413516e-02 8.457020e+03 1.535132e+04 2.068948e+04 3.063803e+04  
1.433219e-02 8.469333e+03 1.537292e+04 2.071785e+04 3.067817e+04  
1.453198e-02 8.480076e+03 1.539165e+04 2.074233e+04 3.071252e+04  
1.473454e-02 8.489214e+03 1.540745e+04 2.076285e+04 3.074094e+04  
1.493993e-02 8.496710e+03 1.542025e+04 2.077930e+04 3.076332e+04  
1.514819e-02 8.502531e+03 1.542999e+04 2.079162e+04 3.077951e+04  
1.535935e-02 8.506642e+03 1.543661e+04 2.079971e+04 3.078941e+04  
1.557345e-02 8.509012e+03 1.544006e+04 2.080350e+04 3.079291e+04  
1.579053e-02 8.509604e+03 1.544026e+04 2.080290e+04 3.078986e+04  
1.601064e-02 8.508386e+03 1.543715e+04 2.079783e+04 3.078015e+04  
1.623382e-02 8.505322e+03 1.543068e+04 2.078821e+04 3.076366e+04  
1.646012e-02 8.500382e+03 1.542078e+04 2.077396e+04 3.074027e+04  
1.668956e-02 8.493533e+03 1.540741e+04 2.075500e+04 3.070988e+04  
1.692220e-02 8.484746e+03 1.539050e+04 2.073126e+04 3.067237e+04  
1.715809e-02 8.473992e+03 1.537000e+04 2.070268e+04 3.062765e+04  
1.739726e-02 8.461243e+03 1.534587e+04 2.066918e+04 3.057562e+04  
1.763977e-02 8.446469e+03 1.531805e+04 2.063070e+04 3.051617e+04  
1.788566e-02 8.429641e+03 1.528649e+04 2.058716e+04 3.044921e+04  
1.813498e-02 8.410735e+03 1.525114e+04 2.053850e+04 3.037464e+04  
1.838777e-02 8.389726e+03 1.521196e+04 2.048467e+04 3.029238e+04  
1.864409e-02 8.366592e+03 1.516891e+04 2.042562e+04 3.020236e+04  
1.890397e-02 8.341313e+03 1.512196e+04 2.036130e+04 3.010451e+04  
1.916748e-02 8.313873e+03 1.507108e+04 2.029167e+04 2.999879e+04  
1.943467e-02 8.284253e+03 1.501624e+04 2.021669e+04 2.988512e+04  
1.970558e-02 8.252440e+03 1.495740e+04 2.013632e+04 2.976345e+04  
1.998026e-02 8.218422e+03 1.489456e+04 2.005054e+04 2.963376e+04  
2.025878e-02 8.182191e+03 1.482769e+04 1.995935e+04 2.949604e+04  
2.054117e-02 8.143744e+03 1.475680e+04 1.986272e+04 2.935026e+04  
2.082751e-02 8.103078e+03 1.468188e+04 1.976065e+04 2.919643e+04  
2.111783e-02 8.060196e+03 1.460293e+04 1.965316e+04 2.903456e+04  
2.141220e-02 8.015092e+03 1.451996e+04 1.954025e+04 2.886466e+04  
2.171068e-02 7.967766e+03 1.443295e+04 1.942190e+04 2.868672e+04  
2.201331e-02 7.918219e+03 1.434192e+04 1.929812e+04 2.850074e+04  
2.232016e-02 7.866460e+03 1.424687e+04 1.916894e+04 2.830678e+04  
2.263130e-02 7.812500e+03 1.414784e+04 1.903440e+04 2.810490e+04  
2.294676e-02 7.756354e+03 1.404485e+04 1.889453e+04 2.789514e+04  
2.326663e-02 7.698043e+03 1.393794e+04 1.874939e+04 2.767760e+04  
2.359095e-02 7.637588e+03 1.382715e+04 1.859903e+04 2.745236e+04  
2.391980e-02 7.575014e+03 1.371254e+04 1.844352e+04 2.721953e+04  
2.425323e-02 7.510351e+03 1.359414e+04 1.828294e+04 2.697922e+04  
2.459130e-02 7.443636e+03 1.347204e+04 1.811738e+04 2.673157e+04  
2.493409e-02 7.374910e+03 1.334632e+04 1.794695e+04 2.647675e+04  
2.528166e-02 7.304225e+03 1.321706e+04 1.777178e+04 2.621496e+04  
2.563407e-02 7.231635e+03 1.308436e+04 1.759200e+04 2.594641e+04  
2.599140e-02 7.157191e+03 1.294833e+04 1.740774e+04 2.567126e+04  
2.635371e-02 7.080940e+03 1.280905e+04 1.721913e+04 2.538974e+04  
2.672106e-02 7.002938e+03 1.266662e+04 1.702631e+04 2.510204e+04  
2.709354e-02 6.923246e+03 1.252115e+04 1.682942e+04 2.480839e+04  
2.747121e-02 6.841937e+03 1.237278e+04 1.662865e+04 2.450905e+04  
2.785414e-02 6.759086e+03 1.222166e+04 1.642420e+04 2.420433e+04  
2.824241e-02 6.674783e+03 1.206793e+04 1.621627e+04 2.389455e+04  
2.863610e-02 6.589107e+03 1.191175e+04 1.600507e+04 2.358000e+04  
2.903527e-02 6.502135e+03 1.175326e+04 1.579079e+04 2.326097e+04  
2.944000e-02 6.413952e+03 1.159262e+04 1.557365e+04 2.293778e+04  
2.985038e-02 6.324651e+03 1.142998e+04 1.535386e+04 2.261077e+04  
3.026648e-02 6.234331e+03 1.126555e+04 1.513169e+04 2.228030e+04  
3.068838e-02 6.143105e+03 1.109951e+04 1.490739e+04 2.194678e+04  
3.111616e-02 6.051092e+03 1.093209e+04 1.468128e+04 2.161067e+04  
3.154990e-02 5.958407e+03 1.076350e+04 1.445362e+04 2.127237e+04  
3.198969e-02 5.865149e+03 1.059392e+04 1.422467e+04 2.093223e+04  
3.243561e-02 5.771419e+03 1.042353e+04 1.399466e+04 2.059062e+04  
3.288774e-02 5.677329e+03 1.025253e+04 1.376388e+04 2.024798e+04  
3.334618e-02 5.582998e+03 1.008114e+04 1.353262e+04 1.990470e+04  
3.381101e-02 5.488555e+03 9.909596e+03 1.330119e+04 1.956126e+04  
3.428231e-02 5.394139e+03 9.738144e+03 1.306992e+04 1.921815e+04  
3.476019e-02 5.299888e+03 9.567041e+03 1.283916e+04 1.887590e+04  
3.524473e-02 5.205918e+03 9.396490e+03 1.260919e+04 1.853489e+04  
3.573602e-02 5.112345e+03 9.226701e+03 1.238028e+04 1.819553e+04  
3.623416e-02 5.019294e+03 9.057899e+03 1.215273e+04 1.785827e+04  
3.673925e-02 4.926897e+03 8.890327e+03 1.192688e+04 1.752361e+04  
3.725137e-02 4.835294e+03 8.724230e+03 1.170305e+04 1.719200e+04  
3.777064e-02 4.744633e+03 8.559878e+03 1.148159e+04 1.686399e+04  
3.829714e-02 4.655065e+03 8.397539e+03 1.126288e+04 1.654010e+04  
3.883098e-02 4.566685e+03 8.237387e+03 1.104715e+04 1.622068e+04  
3.937226e-02 4.479569e+03 8.079554e+03 1.083456e+04 1.590598e+04  
3.992109e-02 4.393796e+03 7.924180e+03 1.062531e+04 1.559627e+04  
4.047757e-02 4.309445e+03 7.771410e+03 1.041959e+04 1.529183e+04  
4.104181e-02 4.226601e+03 7.621396e+03 1.021760e+04 1.499297e+04  
4.161391e-02 4.145349e+03 7.474286e+03 1.001954e+04 1.469997e+04  
4.219398e-02 4.065779e+03 7.330238e+03 9.825620e+03 1.441312e+04  
4.278214e-02 3.987994e+03 7.189441e+03 9.636092e+03 1.413281e+04  
4.337850e-02 3.912113e+03 7.052103e+03 9.451234e+03 1.385944e+04  
4.398317e-02 3.838257e+03 6.918437e+03 9.271327e+03 1.359341e+04  
4.459628e-02 3.766554e+03 6.788670e+03 9.096668e+03 1.333516e+04  
4.521792e-02 3.697136e+03 6.663036e+03 8.927576e+03 1.308514e+04  
4.584824e-02 3.630140e+03 6.541778e+03 8.764370e+03 1.284383e+04  
4.648734e-02 3.565698e+03 6.425125e+03 8.607349e+03 1.261165e+04  
4.713535e-02 3.503846e+03 6.313139e+03 8.456595e+03 1.238871e+04  
4.779239e-02 3.444568e+03 6.205789e+03 8.312068e+03 1.217496e+04  
4.845859e-02 3.387838e+03 6.103024e+03 8.173695e+03 1.197029e+04  
4.913407e-02 3.333621e+03 6.004775e+03 8.041379e+03 1.177455e+04  
4.981898e-02 3.281873e+03 5.910961e+03 7.915009e+03 1.158757e+04  
5.051342e-02 3.232542e+03 5.821489e+03 7.794462e+03 1.140917e+04  
5.121755e-02 3.185583e+03 5.736271e+03 7.679615e+03 1.123916e+04  
5.193150e-02 3.140963e+03 5.655240e+03 7.570376e+03 1.107742e+04  
5.265540e-02 3.098640e+03 5.578320e+03 7.466638e+03 1.092376e+04  
5.338938e-02 3.058565e+03 5.505421e+03 7.368286e+03 1.077804e+04  
5.413360e-02 3.020677e+03 5.436428e+03 7.275157e+03 1.064000e+04  
5.488820e-02 2.984905e+03 5.371209e+03 7.187073e+03 1.050939e+04  
5.565331e-02 2.951173e+03 5.309622e+03 7.103840e+03 1.038590e+04  
5.642908e-02 2.919394e+03 5.251515e+03 7.025261e+03 1.026928e+04  
5.721568e-02 2.889468e+03 5.196700e+03 6.951076e+03 1.015912e+04  
5.801323e-02 2.861284e+03 5.144974e+03 6.881012e+03 1.005502e+04  
5.882190e-02 2.834717e+03 5.096110e+03 6.814767e+03 9.956543e+03  
5.964185e-02 2.809621e+03 5.049853e+03 6.752005e+03 9.863222e+03  
6.047322e-02 2.785827e+03 5.005893e+03 6.692303e+03 9.774420e+03  
6.131619e-02 2.763146e+03 4.963892e+03 6.635215e+03 9.689487e+03  
6.217090e-02 2.741372e+03 4.923485e+03 6.580253e+03 9.607723e+03  
6.303753e-02 2.720281e+03 4.884277e+03 6.526900e+03 9.528389e+03  
6.391624e-02 2.699655e+03 4.845878e+03 6.474629e+03 9.450709e+03  
6.480720e-02 2.679303e+03 4.807949e+03 6.422995e+03 9.374036e+03  
6.571058e-02 2.659021e+03 4.770134e+03 6.371526e+03 9.297696e+03  
6.662655e-02 2.638589e+03 4.732048e+03 6.319717e+03 9.220970e+03  
6.755528e-02 2.617768e+03 4.693269e+03 6.267007e+03 9.143032e+03  
6.849697e-02 2.596340e+03 4.653418e+03 6.212896e+03 9.063158e+03  
6.945178e-02 2.574096e+03 4.612133e+03 6.156908e+03 8.980673e+03  
7.041990e-02 2.550808e+03 4.569021e+03 6.098533e+03 8.894845e+03  
7.140151e-02 2.526232e+03 4.523657e+03 6.037205e+03 8.804840e+03  
7.239681e-02 2.500150e+03 4.475667e+03 5.972434e+03 8.709951e+03  
7.340598e-02 2.472404e+03 4.424787e+03 5.903878e+03 8.609695e+03  
7.442922e-02 2.442833e+03 4.370742e+03 5.831182e+03 8.503556e+03  
7.546673e-02 2.411263e+03 4.313238e+03 5.753954e+03 8.390955e+03  
7.651869e-02 2.377552e+03 4.252035e+03 5.671886e+03 8.271441e+03  
7.758532e-02 2.341650e+03 4.187062e+03 5.584890e+03 8.144900e+03  
7.866682e-02 2.303519e+03 4.118260e+03 5.492894e+03 8.011218e+03  
7.976339e-02 2.263120e+03 4.045572e+03 5.395823e+03 7.870271e+03  
8.087525e-02 2.220461e+03 3.969020e+03 5.293708e+03 7.722102e+03  
8.200261e-02 2.175631e+03 3.888775e+03 5.186786e+03 7.567065e+03  
8.314568e-02 2.128739e+03 3.805031e+03 5.075313e+03 7.405517e+03  
8.430468e-02 2.079908e+03 3.718008e+03 4.959577e+03 7.237862e+03  
8.547985e-02 2.029310e+03 3.628010e+03 4.839982e+03 7.064684e+03  
8.667139e-02 1.977165e+03 3.535434e+03 4.717060e+03 6.886768e+03  
8.787954e-02 1.923715e+03 3.440696e+03 4.591354e+03 6.704885e+03  
8.910453e-02 1.869225e+03 3.344258e+03 4.463473e+03 6.519910e+03  
9.034660e-02 1.813995e+03 3.246643e+03 4.334105e+03 6.332841e+03  
9.160598e-02 1.758356e+03 3.148429e+03 4.204020e+03 6.144813e+03  
9.288292e-02 1.702662e+03 3.050223e+03 4.074009e+03 5.956956e+03  
9.417766e-02 1.647288e+03 2.952673e+03 3.944922e+03 5.770499e+03  
9.549045e-02 1.592584e+03 2.856379e+03 3.817549e+03 5.586587e+03  
9.682153e-02 1.538908e+03 2.761965e+03 3.692715e+03 5.406440e+03  
9.817117e-02 1.486642e+03 2.670080e+03 3.571266e+03 5.231258e+03  
9.953962e-02 1.436172e+03 2.581384e+03 3.454067e+03 5.062297e+03  
1.009272e-01 1.387790e+03 2.496377e+03 3.341771e+03 4.900503e+03  
1.023340e-01 1.341772e+03 2.415537e+03 3.235009e+03 4.746802e+03  
1.037605e-01 1.298410e+03 2.339353e+03 3.134417e+03 4.602095e+03  
1.052069e-01 1.257948e+03 2.268238e+03 3.040530e+03 4.467154e+03  
1.066734e-01 1.220503e+03 2.202388e+03 2.953605e+03 4.342352e+03  
1.081604e-01 1.186180e+03 2.141979e+03 2.873870e+03 4.228026e+03  
1.096681e-01 1.155072e+03 2.087159e+03 2.801511e+03 4.124428e+03  
1.111968e-01 1.127172e+03 2.037902e+03 2.736490e+03 4.031503e+03  
1.127468e-01 1.102402e+03 1.994069e+03 2.678619e+03 3.948984e+03  
1.143184e-01 1.080668e+03 1.955489e+03 2.627675e+03 3.876554e+03  
1.159120e-01 1.061832e+03 1.921910e+03 2.583314e+03 3.813711e+03  
1.175277e-01 1.045688e+03 1.892967e+03 2.545058e+03 3.759765e+03  
1.191660e-01 1.032005e+03 1.868258e+03 2.512376e+03 3.713963e+03  
1.208271e-01 1.020518e+03 1.847314e+03 2.484654e+03 3.675427e+03  
1.225114e-01 1.010899e+03 1.829567e+03 2.461139e+03 3.643064e+03  
1.242191e-01 1.002787e+03 1.814391e+03 2.441011e+03 3.615696e+03  
1.259506e-01 9.957934e+02 1.801118e+03 2.423395e+03 3.592067e+03  
1.277063e-01 9.894970e+02 1.789027e+03 2.407350e+03 3.570815e+03  
1.294865e-01 9.834452e+02 1.777345e+03 2.391855e+03 3.550449e+03  
1.312915e-01 9.771712e+02 1.765277e+03 2.375874e+03 3.529456e+03  
1.331216e-01 9.702487e+02 1.752111e+03 2.358474e+03 3.506474e+03  
1.349772e-01 9.622333e+02 1.737096e+03 2.338672e+03 3.480049e+03  
1.368587e-01 9.527185e+02 1.719550e+03 2.315570e+03 3.448839e+03  
1.387665e-01 9.414219e+02 1.699006e+03 2.288555e+03 3.411918e+03  
1.407008e-01 9.280675e+02 1.675014e+03 2.257039e+03 3.368409e+03  
1.426621e-01 9.124896e+02 1.647302e+03 2.220660e+03 3.317740e+03  
1.446507e-01 8.946525e+02 1.615817e+03 2.179348e+03 3.259776e+03  
1.466671e-01 8.745488e+02 1.580558e+03 2.133096e+03 3.194486e+03  
1.487115e-01 8.523101e+02 1.541759e+03 2.082218e+03 3.122323e+03  
1.507845e-01 8.281330e+02 1.499755e+03 2.027146e+03 3.043904e+03  
1.528864e-01 8.022943e+02 1.455013e+03 1.968494e+03 2.960128e+03  
1.550175e-01 7.751980e+02 1.408216e+03 1.907159e+03 2.872320e+03  
1.571784e-01 7.472976e+02 1.360134e+03 1.844156e+03 2.781996e+03  
1.593694e-01 7.190974e+02 1.311607e+03 1.780582e+03 2.690774e+03  
1.615909e-01 6.911496e+02 1.263561e+03 1.717653e+03 2.600453e+03  
1.638434e-01 6.639866e+02 1.216887e+03 1.656536e+03 2.512764e+03  
1.661273e-01 6.381129e+02 1.172432e+03 1.598344e+03 2.429358e+03  
1.684430e-01 6.139929e+02 1.130967e+03 1.544079e+03 2.351700e+03  
1.707910e-01 5.919459e+02 1.093021e+03 1.494431e+03 2.280805e+03  
1.731717e-01 5.722460e+02 1.059049e+03 1.449995e+03 2.217543e+03  
1.755856e-01 5.549893e+02 1.029209e+03 1.410974e+03 2.162217e+03  
1.780332e-01 5.402012e+02 1.003531e+03 1.377403e+03 2.114872e+03  
1.805149e-01 5.278105e+02 9.818894e+02 1.349115e+03 2.075267e+03  
1.830312e-01 5.176834e+02 9.640523e+02 1.325808e+03 2.042969e+03  
1.855825e-01 5.095989e+02 9.496437e+02 1.306991e+03 2.017273e+03  
1.881694e-01 5.032625e+02 9.381614e+02 1.292006e+03 1.997224e+03  
1.907924e-01 4.983025e+02 9.289787e+02 1.280035e+03 1.981633e+03  
1.934520e-01 4.942788e+02 9.213591e+02 1.270119e+03 1.969098e+03  
1.961486e-01 4.906993e+02 9.144827e+02 1.261186e+03 1.958042e+03  
1.988828e-01 4.870300e+02 9.074592e+02 1.252069e+03 1.946728e+03  
2.016551e-01 4.827735e+02 8.994656e+02 1.241687e+03 1.933540e+03  
2.044661e-01 4.774659e+02 8.897389e+02 1.229039e+03 1.916963e+03  
2.073162e-01 4.707868e+02 8.777542e+02 1.213431e+03 1.895934e+03  
2.102061e-01 4.625113e+02 8.631434e+02 1.194375e+03 1.869692e+03  
2.131362e-01 4.525891e+02 8.458294e+02 1.171764e+03 1.838056e+03  
2.161073e-01 4.410797e+02 8.259181e+02 1.145738e+03 1.801216e+03  
2.191197e-01 4.281872e+02 8.037507e+02 1.116742e+03 1.759837e+03  
2.221741e-01 4.142187e+02 7.798359e+02 1.085446e+03 1.714927e+03  
2.252711e-01 3.995818e+02 7.548485e+02 1.052738e+03 1.667826e+03  
2.284112e-01 3.847329e+02 7.295443e+02 1.019612e+03 1.620040e+03  
2.315951e-01 3.701516e+02 7.047119e+02 9.871059e+02 1.573132e+03  
2.348235e-01 3.562993e+02 6.811087e+02 9.562116e+02 1.528593e+03  
2.380968e-01 3.435707e+02 6.593822e+02 9.277766e+02 1.487691e+03  
2.414157e-01 3.322660e+02 6.400244e+02 9.024437e+02 1.451382e+03  
2.447809e-01 3.225500e+02 6.233004e+02 8.805569e+02 1.420176e+03  
2.481930e-01 3.144723e+02 6.092858e+02 8.622135e+02 1.394217e+03  
2.516527e-01 3.079525e+02 5.978433e+02 8.472327e+02 1.373240e+03  
2.551606e-01 3.027798e+02 5.886236e+02 8.351582e+02 1.356567e+03  
2.587174e-01 2.986436e+02 5.811109e+02 8.253165e+02 1.343205e+03  
2.623238e-01 2.951597e+02 5.746725e+02 8.168802e+02 1.331924e+03  
2.659804e-01 2.919086e+02 5.686203e+02 8.089490e+02 1.321377e+03  
2.696881e-01 2.884828e+02 5.622892e+02 8.006493e+02 1.310244e+03  
2.734474e-01 2.845233e+02 5.550921e+02 7.912095e+02 1.297357e+03  
2.772591e-01 2.797669e+02 5.466013e+02 7.800653e+02 1.281851e+03  
2.811239e-01 2.740645e+02 5.365768e+02 7.668984e+02 1.263233e+03  
2.850426e-01 2.674005e+02 5.249971e+02 7.516787e+02 1.241445e+03  
2.890160e-01 2.599020e+02 5.120712e+02 7.346820e+02 1.216910e+03  
2.930447e-01 2.518216e+02 4.982130e+02 7.164535e+02 1.190459e+03  
2.971296e-01 2.434937e+02 4.839688e+02 6.977126e+02 1.163186e+03  
3.012714e-01 2.352848e+02 4.699356e+02 6.792438e+02 1.136280e+03  
3.054710e-01 2.275352e+02 4.566650e+02 6.617722e+02 1.110844e+03  
3.097291e-01 2.205113e+02 4.445876e+02 6.458610e+02 1.087723e+03  
3.140465e-01 2.143877e+02 4.339842e+02 6.318759e+02 1.067462e+03  
3.184242e-01 2.092181e+02 4.249386e+02 6.199245e+02 1.050217e+03  
3.228628e-01 2.049305e+02 4.173303e+02 6.098492e+02 1.035755e+03  
3.273634e-01 2.013498e+02 4.108730e+02 6.012751e+02 1.023514e+03  
3.319266e-01 1.982255e+02 4.051593e+02 5.936682e+02 1.012689e+03  
3.365535e-01 1.952648e+02 3.997146e+02 5.864071e+02 1.002345e+03  
3.412449e-01 1.921911e+02 3.940919e+02 5.789065e+02 9.916035e+02  
3.460016e-01 1.887757e+02 3.879226e+02 5.706828e+02 9.797313e+02  
3.508247e-01 1.848807e+02 3.809859e+02 5.614446e+02 9.662820e+02  
3.557150e-01 1.804927e+02 3.732618e+02 5.511659e+02 9.512180e+02  
3.606735e-01 1.757091e+02 3.649092e+02 5.400573e+02 9.348641e+02  
3.657011e-01 1.707136e+02 3.562253e+02 5.285096e+02 9.178155e+02  
3.707988e-01 1.657281e+02 3.475673e+02 5.169905e+02 9.007773e+02  
3.759675e-01 1.609645e+02 3.392752e+02 5.059462e+02 8.844252e+02  
3.812083e-01 1.566032e+02 3.316379e+02 4.957545e+02 8.693280e+02  
3.865221e-01 1.527508e+02 3.248241e+02 4.866349e+02 8.558112e+02  
3.919100e-01 1.494135e+02 3.188413e+02 4.785939e+02 8.438760e+02  
3.973730e-01 1.465002e+02 3.135417e+02 4.714391e+02 8.332357e+02  
4.029122e-01 1.438513e+02 3.086692e+02 4.648363e+02 8.233908e+02  
4.085286e-01 1.412920e+02 3.039437e+02 4.584195e+02 8.137938e+02  
4.142232e-01 1.386657e+02 2.991145e+02 4.518599e+02 8.039473e+02  
4.199973e-01 1.358563e+02 2.939976e+02 4.449193e+02 7.935011e+02  
4.258518e-01 1.328208e+02 2.885259e+02 4.375110e+02 7.823295e+02  
4.317880e-01 1.295978e+02 2.827619e+02 4.297176e+02 7.705593e+02  
4.378069e-01 1.262998e+02 2.768844e+02 4.217709e+02 7.585341e+02  
4.439097e-01 1.230581e+02 2.711031e+02 4.139469e+02 7.466733e+02  
4.500975e-01 1.199908e+02 2.656050e+02 4.064888e+02 7.353382e+02  
4.563716e-01 1.171736e+02 2.605088e+02 3.995500e+02 7.247532e+02  
4.627332e-01 1.146340e+02 2.558560e+02 3.931815e+02 7.149861e+02  
4.691835e-01 1.123259e+02 2.515733e+02 3.872894e+02 7.059012e+02  
4.757236e-01 1.101558e+02 2.475123e+02 3.816809e+02 6.972128e+02  
4.823549e-01 1.080260e+02 2.435185e+02 3.761552e+02 6.886242e+02  
4.890787e-01 1.058566e+02 2.394652e+02 3.705473e+02 6.798909e+02  
4.958962e-01 1.036060e+02 2.352886e+02 3.647769e+02 6.709021e+02  
5.028087e-01 1.012803e+02 2.309992e+02 3.588586e+02 6.616818e+02  
5.098176e-01 9.893898e+01 2.266900e+02 3.529125e+02 6.524068e+02  
5.169242e-01 9.665015e+01 2.224677e+02 3.470756e+02 6.432760e+02  
5.241298e-01 9.446991e+01 2.184204e+02 3.414629e+02 6.344595e+02  
5.314359e-01 9.243712e+01 2.146081e+02 3.361511e+02 6.260665e+02  
5.388438e-01 9.054228e+01 2.110146e+02 3.311177e+02 6.180610e+02  
5.463550e-01 8.874135e+01 2.075705e+02 3.262730e+02 6.103115e+02  
5.539709e-01 8.698502e+01 2.041997e+02 3.215205e+02 6.026818e+02  
5.616930e-01 8.523153e+01 2.008374e+02 3.167772e+02 5.950541e+02  
5.695227e-01 8.345771e+01 1.974473e+02 3.119965e+02 5.873614e+02  
5.774615e-01 8.167512e+01 1.940477e+02 3.072022e+02 5.796397e+02  
5.855110e-01 7.991707e+01 1.906909e+02 3.024623e+02 5.719883e+02  
5.936727e-01 7.821342e+01 1.874227e+02 2.978350e+02 5.644898e+02  
6.019482e-01 7.658741e+01 1.842777e+02 2.933631e+02 5.572015e+02  
6.103390e-01 7.504238e+01 1.812608e+02 2.890528e+02 5.501318e+02  
6.188468e-01 7.355566e+01 1.783375e+02 2.848606e+02 5.432205e+02  
6.274732e-01 7.210414e+01 1.754722e+02 2.807415e+02 5.364048e+02  
6.362198e-01 7.066473e+01 1.726288e+02 2.766492e+02 5.296191e+02  
6.450884e-01 6.923638e+01 1.698064e+02 2.725834e+02 5.228655e+02  
6.540806e-01 6.782740e+01 1.670182e+02 2.685612e+02 5.161688e+02  
6.631981e-01 6.645205e+01 1.642856e+02 2.646097e+02 5.095662e+02  
6.724427e-01 6.512517e+01 1.616298e+02 2.607542e+02 5.030900e+02  
6.818162e-01 6.384066e+01 1.590423e+02 2.569846e+02 4.967276e+02  
6.913204e-01 6.259058e+01 1.565111e+02 2.532861e+02 4.904593e+02  
7.009570e-01 6.136739e+01 1.540248e+02 2.496447e+02 4.842662e+02  
7.107280e-01 6.016948e+01 1.515799e+02 2.460549e+02 4.781396e+02  
7.206351e-01 5.899733e+01 1.491780e+02 2.425197e+02 4.720854e+02  
7.306804e-01 5.785151e+01 1.468200e+02 2.390404e+02 4.661053e+02  
7.408657e-01 5.673225e+01 1.445061e+02 2.356171e+02 4.601993e+02  
7.511929e-01 5.563920e+01 1.422347e+02 2.322469e+02 4.543623e+02  
7.616642e-01 5.457182e+01 1.400060e+02 2.289309e+02 4.485974e+02  
7.722814e-01 5.352948e+01 1.378188e+02 2.256679e+02 4.429028e+02  
7.830465e-01 5.251149e+01 1.356721e+02 2.224561e+02 4.372760e+02  
7.939618e-01 5.151707e+01 1.335637e+02 2.192926e+02 4.317124e+02  
8.050292e-01 5.054532e+01 1.314933e+02 2.161775e+02 4.262132e+02  
8.162509e-01 4.959533e+01 1.294594e+02 2.131089e+02 4.207762e+02  
8.276289e-01 4.866654e+01 1.274608e+02 2.100854e+02 4.153990e+02  
8.391656e-01 4.775835e+01 1.254962e+02 2.071050e+02 4.100788e+02  
8.508632e-01 4.687014e+01 1.235653e+02 2.041678e+02 4.048164e+02  
8.627237e-01 4.600142e+01 1.216673e+02 2.012728e+02 3.996107e+02  
8.747496e-01 4.515189e+01 1.198015e+02 1.984188e+02 3.944598e+02  
8.869432e-01 4.432123e+01 1.179670e+02 1.956048e+02 3.893621e+02  
8.993067e-01 4.350908e+01 1.161637e+02 1.928310e+02 3.843186e+02  
9.118425e-01 4.271492e+01 1.143910e+02 1.900964e+02 3.793277e+02  
9.245531e-01 4.193809e+01 1.126473e+02 1.873991e+02 3.743872e+02  
9.374409e-01 4.117787e+01 1.109317e+02 1.847379e+02 3.694952e+02  
9.505083e-01 4.043368e+01 1.092435e+02 1.821124e+02 3.646519e+02  
9.637579e-01 3.970522e+01 1.075824e+02 1.795219e+02 3.598562e+02  
9.771921e-01 3.899218e+01 1.059475e+02 1.769653e+02 3.551066e+02  
9.908137e-01 3.829421e+01 1.043382e+02 1.744420e+02 3.504026e+02  
1.004625e+00 3.761099e+01 1.027544e+02 1.719519e+02 3.457440e+02  
1.018629e+00 3.694214e+01 1.011954e+02 1.694943e+02 3.411300e+02  
1.032828e+00 3.628714e+01 9.966024e+01 1.670676e+02 3.365587e+02  
1.047225e+00 3.564557e+01 9.814831e+01 1.646715e+02 3.320298e+02  
1.061823e+00 3.501713e+01 9.665938e+01 1.623057e+02 3.275429e+02  
1.076624e+00 3.440151e+01 9.519295e+01 1.599695e+02 3.230974e+02  
1.091632e+00 3.379827e+01 9.374803e+01 1.576618e+02 3.186918e+02  
1.106848e+00 3.320714e+01 9.232446e+01 1.553823e+02 3.143260e+02  
1.122277e+00 3.262787e+01 9.092194e+01 1.531309e+02 3.099997e+02  
1.137921e+00 3.206017e+01 8.954001e+01 1.509069e+02 3.057124e+02  
1.153783e+00 3.150362e+01 8.817775e+01 1.487092e+02 3.014626e+02  
1.169866e+00 3.095804e+01 8.683515e+01 1.465379e+02 2.972506e+02  
1.186174e+00 3.042317e+01 8.551188e+01 1.443926e+02 2.930759e+02  
1.202708e+00 2.989874e+01 8.420749e+01 1.422728e+02 2.889381e+02  
1.219473e+00 2.938435e+01 8.292113e+01 1.401775e+02 2.848359e+02  
1.236472e+00 2.887986e+01 8.165288e+01 1.381067e+02 2.807698e+02  
1.253708e+00 2.838504e+01 8.040239e+01 1.360602e+02 2.767392e+02  
1.271184e+00 2.789958e+01 7.916919e+01 1.340375e+02 2.727437e+02  
1.288904e+00 2.742317e+01 7.795263e+01 1.320376e+02 2.687825e+02  
1.306870e+00 2.695569e+01 7.675276e+01 1.300608e+02 2.648557e+02  
1.325087e+00 2.649691e+01 7.556923e+01 1.281066e+02 2.609631e+02  
1.343558e+00 2.604656e+01 7.440163e+01 1.261746e+02 2.571042e+02  
1.362287e+00 2.560440e+01 7.324949e+01 1.242643e+02 2.532786e+02  
1.381276e+00 2.517035e+01 7.211283e+01 1.223757e+02 2.494863e+02  
1.400531e+00 2.474420e+01 7.099135e+01 1.205085e+02 2.457271e+02  
1.420053e+00 2.432573e+01 6.988469e+01 1.186623e+02 2.420007e+02  
1.439848e+00 2.391474e+01 6.879249e+01 1.168366e+02 2.383067e+02  
1.459919e+00 2.351110e+01 6.771469e+01 1.150315e+02 2.346453e+02  
1.480269e+00 2.311459e+01 6.665099e+01 1.132466e+02 2.310162e+02  
1.500903e+00 2.272503e+01 6.560105e+01 1.114816e+02 2.274191e+02  
1.521825e+00 2.234224e+01 6.456463e+01 1.097362e+02 2.238540e+02  
1.543038e+00 2.196612e+01 6.354165e+01 1.080103e+02 2.203208e+02  
1.564548e+00 2.159650e+01 6.253187e+01 1.063037e+02 2.168195e+02  
1.586357e+00 2.123321e+01 6.153498e+01 1.046160e+02 2.133498e+02  
1.608469e+00 2.087610e+01 6.055082e+01 1.029471e+02 2.099117e+02  
1.630891e+00 2.052505e+01 5.957924e+01 1.012969e+02 2.065053e+02  
1.653624e+00 2.017994e+01 5.862007e+01 9.966511e+01 2.031304e+02  
1.676675e+00 1.984059e+01 5.767303e+01 9.805151e+01 1.997871e+02  
1.700047e+00 1.950689e+01 5.673799e+01 9.645596e+01 1.964752e+02  
1.723745e+00 1.917875e+01 5.581484e+01 9.487833e+01 1.931949e+02  
1.747773e+00 1.885603e+01 5.490339e+01 9.331846e+01 1.899461e+02  
1.772136e+00 1.853858e+01 5.400340e+01 9.177610e+01 1.867288e+02  
1.796838e+00 1.822631e+01 5.311477e+01 9.025115e+01 1.835430e+02  
1.821885e+00 1.791910e+01 5.223737e+01 8.874349e+01 1.803889e+02  
1.847281e+00 1.761687e+01 5.137107e+01 8.725297e+01 1.772663e+02  
1.873032e+00 1.731946e+01 5.051564e+01 8.577940e+01 1.741755e+02  
1.899141e+00 1.702681e+01 4.967101e+01 8.432270e+01 1.711163e+02  
1.925614e+00 1.673884e+01 4.883707e+01 8.288276e+01 1.680890e+02  
1.952456e+00 1.645546e+01 4.801369e+01 8.145946e+01 1.650936e+02  
1.979672e+00 1.617650e+01 4.720067e+01 8.005261e+01 1.621300e+02  
2.007267e+00 1.590193e+01 4.639794e+01 7.866215e+01 1.591984e+02  
2.035248e+00 1.563166e+01 4.560540e+01 7.728798e+01 1.562989e+02  
2.063618e+00 1.536561e+01 4.482294e+01 7.592999e+01 1.534316e+02  
2.092383e+00 1.510364e+01 4.405038e+01 7.458804e+01 1.505965e+02  
2.121550e+00 1.484573e+01 4.328767e+01 7.326207e+01 1.477936e+02  
2.151123e+00 1.459180e+01 4.253472e+01 7.195200e+01 1.450232e+02  
2.181109e+00 1.434177e+01 4.179141e+01 7.065771e+01 1.422852e+02  
2.211512e+00 1.409554e+01 4.105761e+01 6.937910e+01 1.395797e+02  
2.242340e+00 1.385308e+01 4.033327e+01 6.811612e+01 1.369068e+02  
2.273597e+00 1.361431e+01 3.961830e+01 6.686868e+01 1.342666e+02  
2.305289e+00 1.337915e+01 3.891258e+01 6.563668e+01 1.316590e+02  
2.337424e+00 1.314752e+01 3.821601e+01 6.442004e+01 1.290843e+02  
2.370006e+00 1.291939e+01 3.752854e+01 6.321871e+01 1.265424e+02  
2.403043e+00 1.269470e+01 3.685008e+01 6.203260e+01 1.240333e+02  
2.436540e+00 1.247337e+01 3.618053e+01 6.086163e+01 1.215572e+02  
2.470504e+00 1.225533e+01 3.551981e+01 5.970574e+01 1.191139e+02  
2.504942e+00 1.204057e+01 3.486785e+01 5.856485e+01 1.167036e+02  
2.539859e+00 1.182901e+01 3.422459e+01 5.743891e+01 1.143263e+02  
2.575263e+00 1.162058e+01 3.358993e+01 5.632784e+01 1.119819e+02  
2.611161e+00 1.141525e+01 3.296379e+01 5.523157e+01 1.096705e+02  
2.647559e+00 1.121297e+01 3.234612e+01 5.415004e+01 1.073920e+02  
2.684465e+00 1.101370e+01 3.173685e+01 5.308319e+01 1.051465e+02  
2.721885e+00 1.081738e+01 3.113589e+01 5.203094e+01 1.029338e+02  
2.759826e+00 1.062396e+01 3.054318e+01 5.099324e+01 1.007539e+02  
2.798297e+00 1.043340e+01 2.995866e+01 4.996636e+01 9.860675e+01  
2.837304e+00 1.024568e+01 2.938227e+01 4.896122e+01 9.649230e+01  
2.876854e+00 1.006071e+01 2.881392e+01 4.796676e+01 9.441045e+01  
2.916956e+00 9.878485e+00 2.825356e+01 4.698459e+01 9.236110e+01  
2.957617e+00 9.698960e+00 2.770114e+01 4.601862e+01 9.034415e+01  
2.998844e+00 9.522096e+00 2.715658e+01 4.506682e+01 8.835949e+01  
3.040646e+00 9.347843e+00 2.661982e+01 4.412909e+01 8.640697e+01  
3.083031e+00 9.176176e+00 2.609080e+01 4.320539e+01 8.448646e+01  
3.126007e+00 9.007058e+00 2.556947e+01 4.229564e+01 8.259782e+01  
3.169582e+00 8.840455e+00 2.505577e+01 4.139976e+01 8.074087e+01  
3.213764e+00 8.676321e+00 2.454962e+01 4.051769e+01 7.891544e+01  
3.258562e+00 8.514635e+00 2.405099e+01 3.964935e+01 7.712135e+01  
3.303985e+00 8.355364e+00 2.355961e+01 3.879466e+01 7.535840e+01  
3.350041e+00 8.198476e+00 2.307584e+01 3.795356e+01 7.362640e+01  
3.396739e+00 8.043931e+00 2.259939e+01 3.712595e+01 7.192493e+01  
3.444087e+00 7.891707e+00 2.213023e+01 3.631177e+01 7.025415e+01  
3.492096e+00 7.741776e+00 2.166830e+01 3.551303e+01 6.861364e+01  
3.540774e+00 7.594107e+00 2.121353e+01 3.472542e+01 6.703169e+01  
3.590130e+00 7.448665e+00 2.076587e+01 3.395098e+01 6.542245e+01  
3.640175e+00 7.305430e+00 2.032527e+01 3.318961e+01 6.387125e+01  
3.690917e+00 7.164374e+00 1.989167e+01 3.244122e+01 6.234904e+01  
3.742366e+00 7.025470e+00 1.946501e+01 3.170571e+01 6.085602e+01  
3.794533e+00 6.888688e+00 1.904524e+01 3.098299e+01 5.939168e+01  
3.847427e+00 6.754005e+00 1.863231e+01 3.027295e+01 5.795575e+01  
3.901058e+00 6.621398e+00 1.822615e+01 2.957550e+01 5.654793e+01  
3.955436e+00 6.490841e+00 1.782672e+01 2.889054e+01 5.516846e+01  
4.010573e+00 6.362307e+00 1.743395e+01 2.821794e+01 5.381600e+01  
4.066478e+00 6.235776e+00 1.704779e+01 2.755762e+01 5.249073e+01  
4.123163e+00 6.111225e+00 1.666819e+01 2.690945e+01 5.119233e+01  
4.180637e+00 5.988627e+00 1.629508e+01 2.627333e+01 4.992047e+01  
4.238913e+00 5.867960e+00 1.592961e+01 2.564913e+01 4.867483e+01  
4.298001e+00 5.749204e+00 1.556813e+01 2.503674e+01 4.745508e+01  
4.357913e+00 5.632337e+00 1.521417e+01 2.443604e+01 4.626089e+01  
4.418660e+00 5.517336e+00 1.486647e+01 2.384691e+01 4.509192e+01  
4.480254e+00 5.404178e+00 1.452479e+01 2.326922e+01 4.394782e+01  
4.542706e+00 5.292845e+00 1.418944e+01 2.270285e+01 4.282825e+01  
4.606029e+00 5.183316e+00 1.386018e+01 2.214768e+01 4.173288e+01  
4.670234e+00 5.075568e+00 1.353694e+01 2.158855e+01 4.066134e+01  
4.735335e+00 4.969581e+00 1.321967e+01 2.106861e+01 3.961221e+01  
4.801343e+00 4.865337e+00 1.290831e+01 2.054627e+01 3.858728e+01  
4.868271e+00 4.762815e+00 1.260280e+01 2.003459e+01 3.758513e+01  
4.936132e+00 4.661995e+00 1.230307e+01 1.953344e+01 3.660542e+01  
5.004939e+00 4.562857e+00 1.200906e+01 1.904270e+01 3.564778e+01  
5.074705e+00 4.465383e+00 1.172071e+01 1.856221e+01 3.471188e+01  
5.145444e+00 4.369555e+00 1.143827e+01 1.809344e+01 3.379735e+01  
5.217169e+00 4.275350e+00 1.116106e+01 1.763303e+01 3.290385e+01  
5.289893e+00 4.182753e+00 1.088930e+01 1.718247e+01 3.203101e+01  
5.363631e+00 4.092023e+00 1.062295e+01 1.674013e+01 3.117849e+01  
5.438397e+00 4.002306e+00 1.036193e+01 1.630888e+01 3.034594e+01  
5.514206e+00 3.914419e+00 1.010618e+01 1.588706e+01 2.953299e+01  
5.591071e+00 3.828065e+00 9.855628e+00 1.547452e+01 2.873932e+01  
5.669007e+00 3.743227e+00 9.610212e+00 1.507112e+01 2.796457e+01  
5.748030e+00 3.659887e+00 9.369864e+00 1.467672e+01 2.720839e+01  
5.828155e+00 3.578027e+00 9.134516e+00 1.429119e+01 2.647044e+01  
5.909396e+00 3.497629e+00 8.904100e+00 1.391437e+01 2.575038e+01  
5.991770e+00 3.418676e+00 8.678548e+00 1.354613e+01 2.504786e+01  
6.075292e+00 3.341150e+00 8.457793e+00 1.318633e+01 2.436398e+01  
6.159978e+00 3.265035e+00 8.241764e+00 1.283482e+01 2.369415e+01  
6.245845e+00 3.190313e+00 8.030387e+00 1.249147e+01 2.304228e+01  
6.332908e+00 3.116968e+00 7.823233e+00 1.215613e+01 2.240663e+01  
6.421186e+00 3.044981e+00 7.621358e+00 1.182867e+01 2.178687e+01  
6.510694e+00 2.974337e+00 7.423552e+00 1.150894e+01 2.118268e+01  
6.601449e+00 2.905019e+00 7.230129e+00 1.119681e+01 2.059375e+01  
6.693470e+00 2.836899e+00 7.041022e+00 1.089214e+01 2.001975e+01  
6.786773e+00 2.770182e+00 6.856160e+00 1.059575e+01 1.946038e+01  
6.881377e+00 2.704740e+00 6.675474e+00 1.030408e+01 1.891532e+01  
6.977300e+00 2.640558e+00 6.498897e+00 1.002098e+01 1.838427e+01  
7.074559e+00 2.577620e+00 6.326360e+00 9.744802e+00 1.786694e+01  
7.173175e+00 2.515910e+00 6.157795e+00 9.475409e+00 1.736301e+01  
7.273165e+00 2.455410e+00 5.993134e+00 9.212669e+00 1.687220e+01  
7.374549e+00 2.396105e+00 5.832308e+00 8.956451e+00 1.639422e+01  
7.477346e+00 2.337979e+00 5.675251e+00 8.706628e+00 1.592878e+01  
7.581576e+00 2.281016e+00 5.521896e+00 8.463069e+00 1.547559e+01  
7.687260e+00 2.225200e+00 5.372177e+00 8.225648e+00 1.503440e+01  
7.794416e+00 2.170516e+00 5.226026e+00 7.994240e+00 1.460491e+01  
7.903066e+00 2.116947e+00 5.083378e+00 7.768720e+00 1.418686e+01  
8.013230e+00 2.064479e+00 4.944169e+00 7.548965e+00 1.377999e+01  
8.124930e+00 2.013095e+00 4.808266e+00 7.334855e+00 1.338403e+01  
8.238187e+00 1.962780e+00 4.675911e+00 7.126268e+00 1.299873e+01  
8.353023e+00 1.913518e+00 4.546627e+00 6.923088e+00 1.262383e+01  
8.469460e+00 1.865295e+00 4.420524e+00 6.725197e+00 1.225928e+01  
8.587519e+00 1.818094e+00 4.297542e+00 6.532553e+00 1.190445e+01  
8.707225e+00 1.771901e+00 4.177618e+00 6.345936e+00 1.155930e+01  
8.828599e+00 1.726700e+00 4.060692e+00 6.162182e+00 1.122358e+01  
8.951665e+00 1.682476e+00 3.946703e+00 5.984309e+00 1.089708e+01  
9.076446e+00 1.639214e+00 3.835590e+00 5.811165e+00 1.057956e+01  
9.202967e+00 1.596901e+00 3.727127e+00 5.642644e+00 1.027065e+01  
9.331251e+00 1.555518e+00 3.621760e+00 5.478584e+00 9.970435e+00  
9.461324e+00 1.515053e+00 3.518926e+00 5.318995e+00 9.678553e+00  
9.593209e+00 1.475490e+00 3.418736e+00 5.163717e+00 9.394790e+00  
9.726934e+00 1.436816e+00 3.314774e+00 5.012648e+00 9.118943e+00  
9.862522e+00 1.399015e+00 3.226068e+00 4.865693e+00 8.850810e+00  
1.000000e+01 1.362072e+00 3.133478e+00 4.722751e+00 8.590192e+00  
