1.000000e-02 6.774058e+03 1.236859e+04 1.675440e+04 2.505964e+04  
1.013939e-02 6.813018e+03 1.243939e+04 1.684997e+04 2.520169e+04  
1.028073e-02 6.851404e+03 1.250913e+04 1.694408e+04 2.534155e+04  
1.042404e-02 6.889189e+03 1.257777e+04 1.703669e+04 2.547911e+04  
1.056935e-02 6.926345e+03 1.264524e+04 1.712771e+04 2.561429e+04  
1.071668e-02 6.962848e+03 1.271151e+04 1.721710e+04 2.574699e+04  
1.086606e-02 6.998670e+03 1.277653e+04 1.730477e+04 2.587709e+04  
1.101753e-02 7.033784e+03 1.284024e+04 1.739066e+04 2.600451e+04  
1.117111e-02 7.068164e+03 1.290260e+04 1.747471e+04 2.612914e+04  
1.132683e-02 7.101783e+03 1.296356e+04 1.755685e+04 2.625088e+04  
1.148472e-02 7.134613e+03 1.302306e+04 1.763701e+04 2.636963e+04  
1.164481e-02 7.166627e+03 1.308107e+04 1.771513e+04 2.648528e+04  
1.180713e-02 7.197795e+03 1.313751e+04 1.779112e+04 2.659774e+04  
1.197171e-02 7.228086e+03 1.319235e+04 1.786491e+04 2.670688e+04  
1.213859e-02 7.257469e+03 1.324551e+04 1.793643e+04 2.681257e+04  
1.230780e-02 7.285911e+03 1.329694e+04 1.800559e+04 2.691471e+04  
1.247936e-02 7.313381e+03 1.334658e+04 1.807231e+04 2.701318e+04  
1.265332e-02 7.339846e+03 1.339438e+04 1.813652e+04 2.710784e+04  
1.282970e-02 7.365273e+03 1.344026e+04 1.819813e+04 2.719859e+04  
1.300854e-02 7.389630e+03 1.348418e+04 1.825706e+04 2.728530e+04  
1.318987e-02 7.412887e+03 1.352608e+04 1.831324e+04 2.736786e+04  
1.337373e-02 7.435011e+03 1.356589e+04 1.836658e+04 2.744615e+04  
1.356015e-02 7.455971e+03 1.360357e+04 1.841701e+04 2.752005e+04  
1.374917e-02 7.475736e+03 1.363905e+04 1.846446e+04 2.758945e+04  
1.394083e-02 7.494276e+03 1.367228e+04 1.850884e+04 2.765423e+04  
1.413516e-02 7.511560e+03 1.370320e+04 1.855008e+04 2.771428e+04  
1.433219e-02 7.527556e+03 1.373176e+04 1.858811e+04 2.776949e+04  
1.453198e-02 7.542231e+03 1.375789e+04 1.862284e+04 2.781973e+04  
1.473454e-02 7.555549e+03 1.378153e+04 1.865417e+04 2.786487e+04  
1.493993e-02 7.567475e+03 1.380261e+04 1.868204e+04 2.790477e+04  
1.514819e-02 7.577976e+03 1.382108e+04 1.870634e+04 2.793932e+04  
1.535935e-02 7.587017e+03 1.383687e+04 1.872700e+04 2.796840e+04  
1.557345e-02 7.594565e+03 1.384992e+04 1.874394e+04 2.799187e+04  
1.579053e-02 7.600586e+03 1.386017e+04 1.875707e+04 2.800961e+04  
1.601064e-02 7.605048e+03 1.386755e+04 1.876631e+04 2.802151e+04  
1.623382e-02 7.607920e+03 1.387203e+04 1.877159e+04 2.802745e+04  
1.646012e-02 7.609170e+03 1.387352e+04 1.877283e+04 2.802732e+04  
1.668956e-02 7.608769e+03 1.387199e+04 1.876996e+04 2.802100e+04  
1.692220e-02 7.606687e+03 1.386738e+04 1.876290e+04 2.800840e+04  
1.715809e-02 7.602896e+03 1.385964e+04 1.875158e+04 2.798940e+04  
1.739726e-02 7.597370e+03 1.384872e+04 1.873595e+04 2.796393e+04  
1.763977e-02 7.590080e+03 1.383456e+04 1.871593e+04 2.793186e+04  
1.788566e-02 7.580995e+03 1.381712e+04 1.869145e+04 2.789309e+04  
1.813498e-02 7.570088e+03 1.379634e+04 1.866243e+04 2.784753e+04  
1.838777e-02 7.557331e+03 1.377218e+04 1.862883e+04 2.779508e+04  
1.864409e-02 7.542700e+03 1.374458e+04 1.859056e+04 2.773564e+04  
1.890397e-02 7.526171e+03 1.371351e+04 1.854758e+04 2.766913e+04  
1.916748e-02 7.507721e+03 1.367893e+04 1.849984e+04 2.759548e+04  
1.943467e-02 7.487331e+03 1.364080e+04 1.844728e+04 2.751462e+04  
1.970558e-02 7.464981e+03 1.359908e+04 1.838986e+04 2.742647e+04  
1.998026e-02 7.440655e+03 1.355375e+04 1.832754e+04 2.733099e+04  
2.025878e-02 7.414338e+03 1.350479e+04 1.826030e+04 2.722813e+04  
2.054117e-02 7.386019e+03 1.345216e+04 1.818809e+04 2.711785e+04  
2.082751e-02 7.355689e+03 1.339586e+04 1.811091e+04 2.700012e+04  
2.111783e-02 7.323344e+03 1.333589e+04 1.802874e+04 2.687493e+04  
2.141220e-02 7.288976e+03 1.327222e+04 1.794157e+04 2.674227e+04  
2.171068e-02 7.252580e+03 1.320485e+04 1.784939e+04 2.660212e+04  
2.201331e-02 7.214151e+03 1.313377e+04 1.775219e+04 2.645447e+04  
2.232016e-02 7.173688e+03 1.305898e+04 1.764997e+04 2.629932e+04  
2.263130e-02 7.131194e+03 1.298049e+04 1.754275e+04 2.613670e+04  
2.294676e-02 7.086676e+03 1.289832e+04 1.743053e+04 2.596664e+04  
2.326663e-02 7.040145e+03 1.281248e+04 1.731336e+04 2.578918e+04  
2.359095e-02 6.991614e+03 1.272299e+04 1.719127e+04 2.560439e+04  
2.391980e-02 6.941097e+03 1.262990e+04 1.706429e+04 2.541232e+04  
2.425323e-02 6.888609e+03 1.253322e+04 1.693247e+04 2.521304e+04  
2.459130e-02 6.834171e+03 1.243299e+04 1.679586e+04 2.500664e+04  
2.493409e-02 6.777810e+03 1.232928e+04 1.665454e+04 2.479322e+04  
2.528166e-02 6.719558e+03 1.222213e+04 1.650858e+04 2.457292e+04  
2.563407e-02 6.659452e+03 1.211161e+04 1.635809e+04 2.434587e+04  
2.599140e-02 6.597534e+03 1.199781e+04 1.620317e+04 2.411225e+04  
2.635371e-02 6.533843e+03 1.188080e+04 1.604392e+04 2.387220e+04  
2.672106e-02 6.468418e+03 1.176065e+04 1.588043e+04 2.362589e+04  
2.709354e-02 6.401306e+03 1.163745e+04 1.571284e+04 2.337349e+04  
2.747121e-02 6.332560e+03 1.151129e+04 1.554128e+04 2.311521e+04  
2.785414e-02 6.262242e+03 1.138229e+04 1.536590e+04 2.285128e+04  
2.824241e-02 6.190418e+03 1.125058e+04 1.518686e+04 2.258196e+04  
2.863610e-02 6.117162e+03 1.111629e+04 1.500436e+04 2.230753e+04  
2.903527e-02 6.042541e+03 1.097954e+04 1.481857e+04 2.202824e+04  
2.944000e-02 5.966619e+03 1.084045e+04 1.462964e+04 2.174435e+04  
2.985038e-02 5.889469e+03 1.069916e+04 1.443776e+04 2.145612e+04  
3.026648e-02 5.811170e+03 1.055581e+04 1.424313e+04 2.116385e+04  
3.068838e-02 5.731808e+03 1.041056e+04 1.404596e+04 2.086786e+04  
3.111616e-02 5.651482e+03 1.026359e+04 1.384649e+04 2.056854e+04  
3.154990e-02 5.570293e+03 1.011509e+04 1.364499e+04 2.026624e+04  
3.198969e-02 5.488338e+03 9.965225e+03 1.344168e+04 1.996134e+04  
3.243561e-02 5.405701e+03 9.814164e+03 1.323679e+04 1.965414e+04  
3.288774e-02 5.322477e+03 9.662073e+03 1.303054e+04 1.934501e+04  
3.334618e-02 5.238764e+03 9.509134e+03 1.282318e+04 1.903430e+04  
3.381101e-02 5.154672e+03 9.355545e+03 1.261497e+04 1.872241e+04  
3.428231e-02 5.070317e+03 9.201519e+03 1.240621e+04 1.840978e+04  
3.476019e-02 4.985827e+03 9.047289e+03 1.219722e+04 1.809688e+04  
3.524473e-02 4.901321e+03 8.893070e+03 1.198827e+04 1.778414e+04  
3.573602e-02 4.816902e+03 8.739050e+03 1.177963e+04 1.747193e+04  
3.623416e-02 4.732677e+03 8.585423e+03 1.157155e+04 1.716064e+04  
3.673925e-02 4.648762e+03 8.432399e+03 1.136433e+04 1.685071e+04  
3.725137e-02 4.565277e+03 8.280198e+03 1.115825e+04 1.654257e+04  
3.777064e-02 4.482355e+03 8.129056e+03 1.095364e+04 1.623667e+04  
3.829714e-02 4.400133e+03 7.979225e+03 1.075083e+04 1.593355e+04  
3.883098e-02 4.318743e+03 7.830941e+03 1.055014e+04 1.563365e+04  
3.937226e-02 4.238267e+03 7.684353e+03 1.035178e+04 1.533728e+04  
3.992109e-02 4.158783e+03 7.539597e+03 1.015591e+04 1.504471e+04  
4.047757e-02 4.080369e+03 7.396820e+03 9.962753e+03 1.475623e+04  
4.104181e-02 4.003109e+03 7.256172e+03 9.772496e+03 1.447214e+04  
4.161391e-02 3.927090e+03 7.117805e+03 9.585346e+03 1.419273e+04  
4.219398e-02 3.852402e+03 6.981882e+03 9.401520e+03 1.391833e+04  
4.278214e-02 3.779139e+03 6.848572e+03 9.221246e+03 1.364927e+04  
4.337850e-02 3.707403e+03 6.718058e+03 9.044767e+03 1.338592e+04  
4.398317e-02 3.637300e+03 6.590528e+03 8.872337e+03 1.312864e+04  
4.459628e-02 3.568942e+03 6.466181e+03 8.704219e+03 1.287781e+04  
4.521792e-02 3.502444e+03 6.345225e+03 8.540693e+03 1.263386e+04  
4.584824e-02 3.437929e+03 6.227876e+03 8.382045e+03 1.239720e+04  
4.648734e-02 3.375521e+03 6.114355e+03 8.228571e+03 1.216825e+04  
4.713535e-02 3.315331e+03 6.004857e+03 8.080528e+03 1.194741e+04  
4.779239e-02 3.257389e+03 5.899435e+03 7.937987e+03 1.173476e+04  
4.845859e-02 3.201702e+03 5.798098e+03 7.800958e+03 1.153033e+04  
4.913407e-02 3.148271e+03 5.700845e+03 7.669435e+03 1.133409e+04  
4.981898e-02 3.097094e+03 5.607665e+03 7.543403e+03 1.114601e+04  
5.051342e-02 3.048160e+03 5.518540e+03 7.422835e+03 1.096607e+04  
5.121755e-02 3.001454e+03 5.433435e+03 7.307680e+03 1.079418e+04  
5.193150e-02 2.956948e+03 5.352299e+03 7.197867e+03 1.063023e+04  
5.265540e-02 2.914608e+03 5.275065e+03 7.093304e+03 1.047407e+04  
5.338938e-02 2.874391e+03 5.201654e+03 6.993885e+03 1.032556e+04  
5.413360e-02 2.836246e+03 5.131967e+03 6.899473e+03 1.018449e+04  
5.488820e-02 2.800109e+03 5.065890e+03 6.809910e+03 1.005061e+04  
5.565331e-02 2.765916e+03 5.003298e+03 6.725027e+03 9.923683e+03  
5.642908e-02 2.733612e+03 4.944095e+03 6.644698e+03 9.803520e+03  
5.721568e-02 2.703143e+03 4.888176e+03 6.568775e+03 9.689895e+03  
5.801323e-02 2.674444e+03 4.835423e+03 6.497096e+03 9.582570e+03  
5.882190e-02 2.647444e+03 4.785700e+03 6.429480e+03 9.481273e+03  
5.964185e-02 2.622056e+03 4.738853e+03 6.365720e+03 9.385711e+03  
6.047322e-02 2.598166e+03 4.694672e+03 6.305530e+03 9.295452e+03  
6.131619e-02 2.575632e+03 4.652899e+03 6.248565e+03 9.209989e+03  
6.217090e-02 2.554296e+03 4.613252e+03 6.194443e+03 9.128766e+03  
6.303753e-02 2.533985e+03 4.575418e+03 6.142754e+03 9.051186e+03  
6.391624e-02 2.514509e+03 4.539057e+03 6.093036e+03 8.976565e+03  
6.480720e-02 2.495683e+03 4.503837e+03 6.044848e+03 8.904261e+03  
6.571058e-02 2.477322e+03 4.469432e+03 5.997755e+03 8.833639e+03  
6.662655e-02 2.459226e+03 4.435486e+03 5.951287e+03 8.764019e+03  
6.755528e-02 2.441177e+03 4.401610e+03 5.904923e+03 8.694634e+03  
6.849697e-02 2.422947e+03 4.367403e+03 5.858131e+03 8.624706e+03  
6.945178e-02 2.404335e+03 4.332512e+03 5.810443e+03 8.553561e+03  
7.041990e-02 2.385135e+03 4.296578e+03 5.761389e+03 8.480514e+03  
7.140151e-02 2.365127e+03 4.259215e+03 5.710452e+03 8.404807e+03  
7.239681e-02 2.344076e+03 4.220013e+03 5.657093e+03 8.325652e+03  
7.340598e-02 2.321786e+03 4.178634e+03 5.600867e+03 8.242408e+03  
7.442922e-02 2.298092e+03 4.134794e+03 5.541404e+03 8.154533e+03  
7.546673e-02 2.272819e+03 4.088193e+03 5.478306e+03 8.061441e+03  
7.651869e-02 2.245784e+03 4.038517e+03 5.411162e+03 7.962528e+03  
7.758532e-02 2.216854e+03 3.985545e+03 5.339684e+03 7.857382e+03  
7.866682e-02 2.185965e+03 3.929172e+03 5.263738e+03 7.745802e+03  
7.976339e-02 2.153054e+03 3.869298e+03 5.183193e+03 7.627587e+03  
8.087525e-02 2.118060e+03 3.805824e+03 5.097925e+03 7.502553e+03  
8.200261e-02 2.080979e+03 3.738757e+03 5.007947e+03 7.370724e+03  
8.314568e-02 2.041862e+03 3.668195e+03 4.913392e+03 7.232287e+03  
8.430468e-02 2.000772e+03 3.594253e+03 4.814416e+03 7.087458e+03  
8.547985e-02 1.957786e+03 3.517076e+03 4.711212e+03 6.936519e+03  
8.667139e-02 1.913041e+03 3.436914e+03 4.604118e+03 6.779969e+03  
8.787954e-02 1.866711e+03 3.354071e+03 4.493536e+03 6.618385e+03  
8.910453e-02 1.818983e+03 3.268882e+03 4.379910e+03 6.452410e+03  
9.034660e-02 1.770073e+03 3.181725e+03 4.263742e+03 6.282779e+03  
9.160598e-02 1.720229e+03 3.093040e+03 4.145618e+03 6.110359e+03  
9.288292e-02 1.669722e+03 3.003298e+03 4.026158e+03 5.936044e+03  
9.417766e-02 1.618848e+03 2.913011e+03 3.906039e+03 5.760825e+03  
9.549045e-02 1.567917e+03 2.822723e+03 3.785978e+03 5.585751e+03  
9.682153e-02 1.517248e+03 2.732987e+03 3.666712e+03 5.411912e+03  
9.817117e-02 1.467179e+03 2.644386e+03 3.549005e+03 5.240414e+03  
9.953962e-02 1.418076e+03 2.557553e+03 3.433689e+03 5.072475e+03  
1.009272e-01 1.370294e+03 2.473101e+03 3.321574e+03 4.909279e+03  
1.023340e-01 1.324128e+03 2.391540e+03 3.213333e+03 4.751818e+03  
1.037605e-01 1.279880e+03 2.313385e+03 3.109640e+03 4.601066e+03  
1.052069e-01 1.237871e+03 2.239187e+03 3.011219e+03 4.458077e+03  
1.066734e-01 1.198350e+03 2.169372e+03 2.918628e+03 4.323668e+03  
1.081604e-01 1.161479e+03 2.104217e+03 2.832232e+03 4.198371e+03  
1.096681e-01 1.127422e+03 2.043995e+03 2.752381e+03 4.082689e+03  
1.111968e-01 1.096325e+03 1.988950e+03 2.679394e+03 3.977081e+03  
1.127468e-01 1.068205e+03 1.939106e+03 2.613298e+03 3.881588e+03  
1.143184e-01 1.043034e+03 1.894403e+03 2.554012e+03 3.796092e+03  
1.159120e-01 1.020769e+03 1.854756e+03 2.501415e+03 3.720413e+03  
1.175277e-01 1.001307e+03 1.819978e+03 2.455256e+03 3.654181e+03  
1.191660e-01 9.844835e+02 1.789773e+03 2.415144e+03 3.596836e+03  
1.208271e-01 9.701109e+02 1.763811e+03 2.380640e+03 3.547741e+03  
1.225114e-01 9.579675e+02 1.741696e+03 2.351217e+03 3.506129e+03  
1.242191e-01 9.477851e+02 1.722957e+03 2.326254e+03 3.471099e+03  
1.259506e-01 9.392672e+02 1.707079e+03 2.305073e+03 3.441673e+03  
1.277063e-01 9.320867e+02 1.693493e+03 2.286923e+03 3.416762e+03  
1.294865e-01 9.258817e+02 1.681571e+03 2.270976e+03 3.395156e+03  
1.312915e-01 9.202584e+02 1.670636e+03 2.256343e+03 3.375555e+03  
1.331216e-01 9.148095e+02 1.659994e+03 2.242112e+03 3.356630e+03  
1.349772e-01 9.091307e+02 1.648954e+03 2.227376e+03 3.337042e+03  
1.368587e-01 9.027917e+02 1.636785e+03 2.211173e+03 3.315360e+03  
1.387665e-01 8.953967e+02 1.622820e+03 2.192625e+03 3.290278e+03  
1.407008e-01 8.866095e+02 1.606499e+03 2.170999e+03 3.260701e+03  
1.426621e-01 8.760862e+02 1.587245e+03 2.145532e+03 3.225473e+03  
1.446507e-01 8.636048e+02 1.564691e+03 2.115739e+03 3.183847e+03  
1.466671e-01 8.490250e+02 1.538610e+03 2.081321e+03 3.135350e+03  
1.487115e-01 8.322461e+02 1.508845e+03 2.042074e+03 3.079666e+03  
1.507845e-01 8.133335e+02 1.475514e+03 1.998149e+03 3.016989e+03  
1.528864e-01 7.924056e+02 1.438824e+03 1.949816e+03 2.947705e+03  
1.550175e-01 7.696727e+02 1.399137e+03 1.897554e+03 2.872516e+03  
1.571784e-01 7.454521e+02 1.356998e+03 1.842083e+03 2.792504e+03  
1.593694e-01 7.201060e+02 1.313017e+03 1.784204e+03 2.708852e+03  
1.615909e-01 6.940826e+02 1.267953e+03 1.724916e+03 2.623052e+03  
1.638434e-01 6.678785e+02 1.222642e+03 1.665321e+03 2.536753e+03  
1.661273e-01 6.419876e+02 1.177918e+03 1.606519e+03 2.451608e+03  
1.684430e-01 6.169101e+02 1.134619e+03 1.549606e+03 2.369238e+03  
1.707910e-01 5.931072e+02 1.093518e+03 1.495596e+03 2.291153e+03  
1.731717e-01 5.709503e+02 1.055236e+03 1.445305e+03 2.218558e+03  
1.755856e-01 5.507730e+02 1.020331e+03 1.399462e+03 2.152538e+03  
1.780332e-01 5.327650e+02 9.891141e+02 1.358469e+03 2.093676e+03  
1.805149e-01 5.170683e+02 9.618170e+02 1.322626e+03 2.042411e+03  
1.830312e-01 5.036941e+02 9.384516e+02 1.291946e+03 1.998765e+03  
1.855825e-01 4.925927e+02 9.189272e+02 1.266310e+03 1.962566e+03  
1.881694e-01 4.836099e+02 9.029744e+02 1.245361e+03 1.933291e+03  
1.907924e-01 4.765272e+02 8.902183e+02 1.228606e+03 1.910223e+03  
1.934520e-01 4.710390e+02 8.801403e+02 1.215369e+03 1.892377e+03  
1.961486e-01 4.667760e+02 8.721169e+02 1.204835e+03 1.878559e+03  
1.988828e-01 4.632988e+02 8.654080e+02 1.196031e+03 1.867334e+03  
2.016551e-01 4.601228e+02 8.592029e+02 1.187897e+03 1.857125e+03  
2.044661e-01 4.567685e+02 8.527041e+02 1.179387e+03 1.846371e+03  
2.073162e-01 4.527644e+02 8.451300e+02 1.169474e+03 1.833523e+03  
2.102061e-01 4.477297e+02 8.358502e+02 1.157323e+03 1.817306e+03  
2.131362e-01 4.413497e+02 8.243479e+02 1.142254e+03 1.796670e+03  
2.161073e-01 4.334491e+02 8.103401e+02 1.123890e+03 1.771030e+03  
2.191197e-01 4.239602e+02 7.937204e+02 1.102089e+03 1.740149e+03  
2.221741e-01 4.129591e+02 7.746194e+02 1.077020e+03 1.704267e+03  
2.252711e-01 4.006514e+02 7.533827e+02 1.049138e+03 1.664069e+03  
2.284112e-01 3.873568e+02 7.305448e+02 1.019150e+03 1.620632e+03  
2.315951e-01 3.734856e+02 7.067859e+02 9.879513e+02 1.575315e+03  
2.348235e-01 3.594959e+02 6.828630e+02 9.565398e+02 1.529631e+03  
2.380968e-01 3.458617e+02 6.595587e+02 9.259444e+02 1.485138e+03  
2.414157e-01 3.330056e+02 6.375707e+02 8.970825e+02 1.443222e+03  
2.447809e-01 3.212812e+02 6.174776e+02 8.707097e+02 1.405014e+03  
2.481930e-01 3.109319e+02 5.996760e+02 8.473428e+02 1.371281e+03  
2.516527e-01 3.021057e+02 5.844043e+02 8.272912e+02 1.342483e+03  
2.551606e-01 2.948422e+02 5.717246e+02 8.106352e+02 1.318739e+03  
2.587174e-01 2.890454e+02 5.614705e+02 7.971545e+02 1.299720e+03  
2.623238e-01 2.845063e+02 5.532931e+02 7.863921e+02 1.284747e+03  
2.659804e-01 2.809107e+02 5.466717e+02 7.776671e+02 1.272807e+03  
2.696881e-01 2.778636e+02 5.409572e+02 7.701316e+02 1.262637e+03  
2.734474e-01 2.749465e+02 5.354605e+02 7.628809e+02 1.252874e+03  
2.772591e-01 2.717654e+02 5.295368e+02 7.550683e+02 1.242236e+03  
2.811239e-01 2.680028e+02 5.226685e+02 7.460125e+02 1.229684e+03  
2.850426e-01 2.634345e+02 5.144933e+02 7.352362e+02 1.214485e+03  
2.890160e-01 2.579387e+02 5.048136e+02 7.224765e+02 1.196229e+03  
2.930447e-01 2.515134e+02 4.936302e+02 7.077340e+02 1.174913e+03  
2.971296e-01 2.442959e+02 4.811703e+02 6.913086e+02 1.150995e+03  
3.012714e-01 2.365466e+02 4.678624e+02 6.737660e+02 1.125339e+03  
3.054710e-01 2.286121e+02 4.542713e+02 6.558492e+02 1.099081e+03  
3.097291e-01 2.208666e+02 4.410059e+02 6.383588e+02 1.073437e+03  
3.140465e-01 2.136382e+02 4.285988e+02 6.219931e+02 1.049465e+03  
3.184242e-01 2.071611e+02 4.174283e+02 6.072464e+02 1.027905e+03  
3.228628e-01 2.015688e+02 4.077069e+02 5.943938e+02 1.009168e+03  
3.273634e-01 1.968901e+02 3.994770e+02 5.834894e+02 9.933302e+02  
3.319266e-01 1.930481e+02 3.926112e+02 5.743651e+02 9.801370e+02  
3.365535e-01 1.898650e+02 3.868187e+02 5.666405e+02 9.690169e+02  
3.412449e-01 1.870781e+02 3.816716e+02 5.597556e+02 9.591292e+02  
3.460016e-01 1.843863e+02 3.766826e+02 5.530726e+02 9.495133e+02  
3.508247e-01 1.815094e+02 3.714002e+02 5.460004e+02 9.392752e+02  
3.557150e-01 1.782468e+02 3.655019e+02 5.381159e+02 9.277735e+02  
3.606735e-01 1.744994e+02 3.588292e+02 5.292109e+02 9.146928e+02  
3.657011e-01 1.702718e+02 3.513920e+02 5.192992e+02 9.000557e+02  
3.707988e-01 1.656711e+02 3.433648e+02 5.086106e+02 8.842131e+02  
3.759675e-01 1.608822e+02 3.350466e+02 4.975381e+02 8.677640e+02  
3.812083e-01 1.561385e+02 3.268121e+02 4.865728e+02 8.514537e+02  
3.865221e-01 1.516660e+02 3.190230e+02 4.761873e+02 8.359936e+02  
3.919100e-01 1.476290e+02 3.119417e+02 4.667231e+02 8.218924e+02  
3.973730e-01 1.440997e+02 3.056806e+02 4.583254e+02 8.093642e+02  
4.029122e-01 1.410617e+02 3.002109e+02 4.509552e+02 7.983475e+02  
4.085286e-01 1.384187e+02 2.953770e+02 4.444087e+02 7.885348e+02  
4.142232e-01 1.360107e+02 2.909225e+02 4.383513e+02 7.794232e+02  
4.199973e-01 1.336516e+02 2.865499e+02 4.323955e+02 7.704352e+02  
4.258518e-01 1.311767e+02 2.819971e+02 4.262001e+02 7.610617e+02  
4.317880e-01 1.284908e+02 2.771141e+02 4.195701e+02 7.510127e+02  
4.378069e-01 1.255771e+02 2.718755e+02 4.124727e+02 7.402403e+02  
4.439097e-01 1.224884e+02 2.663661e+02 4.050200e+02 7.289181e+02  
4.500975e-01 1.193354e+02 2.607621e+02 3.974423e+02 7.173927e+02  
4.563716e-01 1.162612e+02 2.552904e+02 3.900346e+02 7.061041e+02  
4.627332e-01 1.133877e+02 2.501431e+02 3.830452e+02 6.954175e+02  
4.691835e-01 1.107813e+02 2.454230e+02 3.766072e+02 6.855291e+02  
4.757236e-01 1.084408e+02 2.411273e+02 3.707156e+02 6.764287e+02  
4.823549e-01 1.063172e+02 2.371770e+02 3.652674e+02 6.679610e+02  
4.890787e-01 1.043150e+02 2.334216e+02 3.600671e+02 6.598357e+02  
4.958962e-01 1.023257e+02 2.296902e+02 3.548943e+02 6.517316e+02  
5.028087e-01 1.002692e+02 2.258576e+02 3.495878e+02 6.434141e+02  
5.098176e-01 9.812079e+01 2.218859e+02 3.440993e+02 6.348140e+02  
5.169242e-01 9.590405e+01 2.178128e+02 3.384776e+02 6.260047e+02  
5.241298e-01 9.367334e+01 2.137234e+02 3.328340e+02 6.171528e+02  
5.314359e-01 9.150545e+01 2.097376e+02 3.273226e+02 6.084829e+02  
5.388438e-01 8.946476e+01 2.059548e+02 3.220704e+02 6.001773e+02  
5.463550e-01 8.757391e+01 2.024094e+02 3.171207e+02 5.922956e+02  
5.539709e-01 8.581158e+01 1.990673e+02 3.124297e+02 5.847746e+02  
5.616930e-01 8.413591e+01 1.958633e+02 3.079135e+02 5.774924e+02  
5.695227e-01 8.249080e+01 1.927103e+02 3.034602e+02 5.702875e+02  
5.774615e-01 8.083058e+01 1.895379e+02 2.989805e+02 5.630336e+02  
5.855110e-01 7.914503e+01 1.863311e+02 2.944561e+02 5.557079e+02  
5.936727e-01 7.745283e+01 1.831188e+02 2.899244e+02 5.483651e+02  
6.019482e-01 7.578524e+01 1.799489e+02 2.854459e+02 5.410905e+02  
6.103390e-01 7.418026e+01 1.768794e+02 2.810945e+02 5.339885e+02  
6.188468e-01 7.265868e+01 1.739418e+02 2.769097e+02 5.271147e+02  
6.274732e-01 7.121211e+01 1.711227e+02 2.728745e+02 5.204435e+02  
6.362198e-01 6.981999e+01 1.683902e+02 2.689475e+02 5.139154e+02  
6.450884e-01 6.845415e+01 1.657015e+02 2.650752e+02 5.074573e+02  
6.540806e-01 6.709279e+01 1.630238e+02 2.612171e+02 5.010146e+02  
6.631981e-01 6.574061e+01 1.603644e+02 2.573824e+02 4.946011e+02  
6.724427e-01 6.440590e+01 1.577355e+02 2.535859e+02 4.882360e+02  
6.818162e-01 6.311123e+01 1.551713e+02 2.498709e+02 4.819797e+02  
6.913204e-01 6.186136e+01 1.526786e+02 2.462459e+02 4.758437e+02  
7.009570e-01 6.064985e+01 1.502476e+02 2.426985e+02 4.698108e+02  
7.107280e-01 5.946988e+01 1.478675e+02 2.392147e+02 4.638603e+02  
7.206351e-01 5.831642e+01 1.455312e+02 2.357860e+02 4.579828e+02  
7.306804e-01 5.718816e+01 1.432367e+02 2.324102e+02 4.521755e+02  
7.408657e-01 5.608400e+01 1.409821e+02 2.290851e+02 4.464354e+02  
7.511929e-01 5.500298e+01 1.387657e+02 2.258078e+02 4.407573e+02  
7.616642e-01 5.394508e+01 1.365877e+02 2.225793e+02 4.351446e+02  
7.722814e-01 5.291111e+01 1.344493e+02 2.194010e+02 4.295988e+02  
7.830465e-01 5.190192e+01 1.323516e+02 2.162741e+02 4.241214e+02  
7.939618e-01 5.091791e+01 1.302946e+02 2.131982e+02 4.187107e+02  
8.050292e-01 4.995775e+01 1.282768e+02 2.101719e+02 4.133660e+02  
8.162509e-01 4.901983e+01 1.262957e+02 2.071922e+02 4.080836e+02  
8.276289e-01 4.810245e+01 1.243486e+02 2.042558e+02 4.028589e+02  
8.391656e-01 4.720473e+01 1.224340e+02 2.013605e+02 3.976887e+02  
8.508632e-01 4.632645e+01 1.205519e+02 1.985066e+02 3.925744e+02  
8.627237e-01 4.546748e+01 1.187020e+02 1.956938e+02 3.875156e+02  
8.747496e-01 4.462764e+01 1.168838e+02 1.929215e+02 3.825109e+02  
8.869432e-01 4.380663e+01 1.150966e+02 1.901885e+02 3.775588e+02  
8.993067e-01 4.300394e+01 1.133400e+02 1.874946e+02 3.726596e+02  
9.118425e-01 4.221907e+01 1.116131e+02 1.848389e+02 3.678121e+02  
9.245531e-01 4.145150e+01 1.099150e+02 1.822199e+02 3.630142e+02  
9.374409e-01 4.070070e+01 1.082448e+02 1.796366e+02 3.582646e+02  
9.505083e-01 3.996599e+01 1.066017e+02 1.770883e+02 3.535628e+02  
9.637579e-01 3.924671e+01 1.049848e+02 1.745739e+02 3.489076e+02  
9.771921e-01 3.854251e+01 1.033932e+02 1.720922e+02 3.442971e+02  
9.908137e-01 3.785316e+01 1.018267e+02 1.696428e+02 3.397312e+02  
1.004625e+00 3.717836e+01 1.002850e+02 1.672257e+02 3.352097e+02  
1.018629e+00 3.651781e+01 9.876746e+01 1.648401e+02 3.307321e+02  
1.032828e+00 3.587115e+01 9.727340e+01 1.624849e+02 3.262965e+02  
1.047225e+00 3.523794e+01 9.580228e+01 1.601596e+02 3.219026e+02  
1.061823e+00 3.461768e+01 9.435350e+01 1.578637e+02 3.175500e+02  
1.076624e+00 3.401001e+01 9.292649e+01 1.555965e+02 3.132378e+02  
1.091632e+00 3.341468e+01 9.152060e+01 1.533570e+02 3.089647e+02  
1.106848e+00 3.283140e+01 9.013557e+01 1.511451e+02 3.047307e+02  
1.122277e+00 3.225983e+01 8.877101e+01 1.489603e+02 3.005355e+02  
1.137921e+00 3.169971e+01 8.742649e+01 1.468022e+02 2.963785e+02  
1.153783e+00 3.115076e+01 8.610131e+01 1.446698e+02 2.922584e+02  
1.169866e+00 3.061264e+01 8.479522e+01 1.425630e+02 2.881752e+02  
1.186174e+00 3.008503e+01 8.350782e+01 1.404813e+02 2.841286e+02  
1.202708e+00 2.956771e+01 8.223873e+01 1.384242e+02 2.801182e+02  
1.219473e+00 2.906041e+01 8.098731e+01 1.363910e+02 2.761427e+02  
1.236472e+00 2.856286e+01 7.975343e+01 1.343817e+02 2.722025e+02  
1.253708e+00 2.807482e+01 7.853674e+01 1.323957e+02 2.682971e+02  
1.271184e+00 2.759607e+01 7.733689e+01 1.304328e+02 2.644261e+02  
1.288904e+00 2.712636e+01 7.615333e+01 1.284922e+02 2.605887e+02  
1.306870e+00 2.666544e+01 7.498592e+01 1.265740e+02 2.567852e+02  
1.325087e+00 2.621311e+01 7.383438e+01 1.246777e+02 2.530150e+02  
1.343558e+00 2.576915e+01 7.269834e+01 1.228029e+02 2.492779e+02  
1.362287e+00 2.533331e+01 7.157733e+01 1.209491e+02 2.455733e+02  
1.381276e+00 2.490540e+01 7.047126e+01 1.191163e+02 2.419013e+02  
1.400531e+00 2.448527e+01 6.937988e+01 1.173042e+02 2.382617e+02  
1.420053e+00 2.407273e+01 6.830288e+01 1.155124e+02 2.346541e+02  
1.439848e+00 2.366759e+01 6.723994e+01 1.137406e+02 2.310784e+02  
1.459919e+00 2.326970e+01 6.619095e+01 1.119886e+02 2.275343e+02  
1.480269e+00 2.287888e+01 6.515565e+01 1.102563e+02 2.240219e+02  
1.500903e+00 2.249491e+01 6.413370e+01 1.085433e+02 2.205408e+02  
1.521825e+00 2.211761e+01 6.312484e+01 1.068492e+02 2.170908e+02  
1.543038e+00 2.174686e+01 6.212896e+01 1.051739e+02 2.136720e+02  
1.564548e+00 2.138251e+01 6.114587e+01 1.035174e+02 2.102842e+02  
1.586357e+00 2.102439e+01 6.017527e+01 1.018792e+02 2.069273e+02  
1.608469e+00 2.067236e+01 5.921698e+01 1.002591e+02 2.036012e+02  
1.630891e+00 2.032631e+01 5.827090e+01 9.865717e+01 2.003059e+02  
1.653624e+00 1.998610e+01 5.733683e+01 9.707308e+01 1.970414e+02  
1.676675e+00 1.965156e+01 5.641450e+01 9.550658e+01 1.938074e+02  
1.700047e+00 1.932259e+01 5.550379e+01 9.395755e+01 1.906041e+02  
1.723745e+00 1.899907e+01 5.460457e+01 9.242587e+01 1.874315e+02  
1.747773e+00 1.868088e+01 5.371669e+01 9.091137e+01 1.842894e+02  
1.772136e+00 1.836787e+01 5.283989e+01 8.941382e+01 1.811780e+02  
1.796838e+00 1.805995e+01 5.197410e+01 8.793313e+01 1.780665e+02  
1.821885e+00 1.775704e+01 5.111919e+01 8.646919e+01 1.750469e+02  
1.847281e+00 1.745902e+01 5.027503e+01 8.502185e+01 1.720274e+02  
1.873032e+00 1.716575e+01 4.944140e+01 8.359091e+01 1.690385e+02  
1.899141e+00 1.687716e+01 4.861822e+01 8.217630e+01 1.660804e+02  
1.925614e+00 1.659315e+01 4.780538e+01 8.077790e+01 1.631530e+02  
1.952456e+00 1.631361e+01 4.700274e+01 7.939559e+01 1.602565e+02  
1.979672e+00 1.603843e+01 4.621013e+01 7.802920e+01 1.573907e+02  
2.007267e+00 1.576756e+01 4.542749e+01 7.667868e+01 1.545560e+02  
2.035248e+00 1.550091e+01 4.465472e+01 7.534392e+01 1.517522e+02  
2.063618e+00 1.523839e+01 4.389170e+01 7.402483e+01 1.489795e+02  
2.092383e+00 1.497991e+01 4.313828e+01 7.272125e+01 1.462378e+02  
2.121550e+00 1.472542e+01 4.239441e+01 7.143315e+01 1.435274e+02  
2.151123e+00 1.447481e+01 4.165997e+01 7.016042e+01 1.408481e+02  
2.181109e+00 1.422804e+01 4.093488e+01 6.890296e+01 1.382002e+02  
2.211512e+00 1.398500e+01 4.021900e+01 6.766068e+01 1.355837e+02  
2.242340e+00 1.374564e+01 3.951228e+01 6.643352e+01 1.329985e+02  
2.273597e+00 1.350990e+01 3.881463e+01 6.522138e+01 1.304449e+02  
2.305289e+00 1.327771e+01 3.812596e+01 6.402419e+01 1.279227e+02  
2.337424e+00 1.304900e+01 3.744615e+01 6.284186e+01 1.254322e+02  
2.370006e+00 1.282370e+01 3.677515e+01 6.167434e+01 1.229732e+02  
2.403043e+00 1.260178e+01 3.611289e+01 6.052154e+01 1.205460e+02  
2.436540e+00 1.238316e+01 3.545926e+01 5.938339e+01 1.181504e+02  
2.470504e+00 1.216778e+01 3.481407e+01 5.825982e+01 1.157865e+02  
2.504942e+00 1.195558e+01 3.417750e+01 5.715077e+01 1.134554e+02  
2.539859e+00 1.174654e+01 3.354935e+01 5.605617e+01 1.111550e+02  
2.575263e+00 1.154058e+01 3.292955e+01 5.497596e+01 1.088863e+02  
2.611161e+00 1.133766e+01 3.231802e+01 5.391007e+01 1.066494e+02  
2.647559e+00 1.113773e+01 3.171471e+01 5.285843e+01 1.044442e+02  
2.684465e+00 1.094075e+01 3.111954e+01 5.182100e+01 1.022706e+02  
2.721885e+00 1.074668e+01 3.053244e+01 5.079769e+01 1.001288e+02  
2.759826e+00 1.055542e+01 2.995334e+01 4.978845e+01 9.801848e+01  
2.798297e+00 1.036699e+01 2.938219e+01 4.879322e+01 9.593976e+01  
2.837304e+00 1.018133e+01 2.881893e+01 4.781190e+01 9.389251e+01  
2.876854e+00 9.998381e+00 2.826348e+01 4.684448e+01 9.187665e+01  
2.916956e+00 9.818109e+00 2.771578e+01 4.589089e+01 8.989211e+01  
2.957617e+00 9.640498e+00 2.717599e+01 4.495106e+01 8.793877e+01  
2.998844e+00 9.465500e+00 2.664365e+01 4.402493e+01 8.601654e+01  
3.040646e+00 9.293066e+00 2.611888e+01 4.311242e+01 8.412528e+01  
3.083031e+00 9.123168e+00 2.560164e+01 4.221348e+01 8.226485e+01  
3.126007e+00 8.955775e+00 2.509186e+01 4.132805e+01 8.043513e+01  
3.169582e+00 8.790853e+00 2.458949e+01 4.045605e+01 7.863596e+01  
3.213764e+00 8.628354e+00 2.409447e+01 3.959741e+01 7.686716e+01  
3.258562e+00 8.468258e+00 2.360675e+01 3.875207e+01 7.512722e+01  
3.303985e+00 8.310534e+00 2.312627e+01 3.791995e+01 7.341863e+01  
3.350041e+00 8.155150e+00 2.265299e+01 3.710098e+01 7.173987e+01  
3.396739e+00 8.002066e+00 2.218683e+01 3.629509e+01 7.009073e+01  
3.444087e+00 7.851264e+00 2.172775e+01 3.550220e+01 6.847099e+01  
3.492096e+00 7.702714e+00 2.127569e+01 3.472222e+01 6.688044e+01  
3.540774e+00 7.556386e+00 2.083061e+01 3.395509e+01 6.531884e+01  
3.590130e+00 7.412248e+00 2.039218e+01 3.320071e+01 6.378596e+01  
3.640175e+00 7.270279e+00 1.996087e+01 3.245901e+01 6.228154e+01  
3.690917e+00 7.130457e+00 1.953639e+01 3.172989e+01 6.080533e+01  
3.742366e+00 6.992745e+00 1.911866e+01 3.101355e+01 5.935707e+01  
3.794533e+00 6.857118e+00 1.870763e+01 3.030934e+01 5.793648e+01  
3.847427e+00 6.723558e+00 1.830326e+01 2.961743e+01 5.654329e+01  
3.901058e+00 6.592039e+00 1.790550e+01 2.893774e+01 5.517723e+01  
3.955436e+00 6.462536e+00 1.751427e+01 2.827016e+01 5.383798e+01  
4.010573e+00 6.335024e+00 1.712954e+01 2.761459e+01 5.252527e+01  
4.066478e+00 6.209483e+00 1.675126e+01 2.697093e+01 5.123880e+01  
4.123163e+00 6.085889e+00 1.637935e+01 2.633908e+01 4.997825e+01  
4.180637e+00 5.964219e+00 1.601378e+01 2.571891e+01 4.874332e+01  
4.238913e+00 5.844450e+00 1.565449e+01 2.511033e+01 4.753381e+01  
4.298001e+00 5.726562e+00 1.530174e+01 2.451322e+01 4.635055e+01  
4.357913e+00 5.610535e+00 1.495484e+01 2.392747e+01 4.519057e+01  
4.418660e+00 5.496344e+00 1.461405e+01 2.335296e+01 4.405493e+01  
4.480254e+00 5.383971e+00 1.427931e+01 2.278957e+01 4.294330e+01  
4.542706e+00 5.273395e+00 1.395057e+01 2.223718e+01 4.185535e+01  
4.606029e+00 5.164597e+00 1.362777e+01 2.169528e+01 4.079088e+01  
4.670234e+00 5.057555e+00 1.331086e+01 2.116452e+01 3.974930e+01  
4.735335e+00 4.952249e+00 1.299977e+01 2.065316e+01 3.872892e+01  
4.801343e+00 4.848662e+00 1.269444e+01 2.013476e+01 3.773237e+01  
4.868271e+00 4.746771e+00 1.239483e+01 1.963551e+01 3.675769e+01  
4.936132e+00 4.646561e+00 1.210086e+01 1.914650e+01 3.580494e+01  
5.004939e+00 4.548011e+00 1.181248e+01 1.866760e+01 3.487481e+01  
5.074705e+00 4.451103e+00 1.152963e+01 1.819868e+01 3.396423e+01  
5.145444e+00 4.355819e+00 1.125225e+01 1.773962e+01 3.307429e+01  
5.217169e+00 4.262139e+00 1.098027e+01 1.729026e+01 3.220465e+01  
5.289893e+00 4.170046e+00 1.071330e+01 1.685048e+01 3.135498e+01  
5.363631e+00 4.079521e+00 1.045194e+01 1.642056e+01 3.052493e+01  
5.438397e+00 3.990548e+00 1.019580e+01 1.599954e+01 2.971418e+01  
5.514206e+00 3.903106e+00 9.944807e+00 1.558727e+01 2.892237e+01  
5.591071e+00 3.817181e+00 9.698906e+00 1.518445e+01 2.814918e+01  
5.669007e+00 3.732753e+00 9.458030e+00 1.479053e+01 2.739427e+01  
5.748030e+00 3.649807e+00 9.222113e+00 1.440536e+01 2.665732e+01  
5.828155e+00 3.568324e+00 8.991089e+00 1.402882e+01 2.593798e+01  
5.909396e+00 3.488287e+00 8.764894e+00 1.366075e+01 2.523593e+01  
5.991770e+00 3.409680e+00 8.543461e+00 1.330104e+01 2.454957e+01  
6.075292e+00 3.332485e+00 8.326724e+00 1.294953e+01 2.388114e+01  
6.159978e+00 3.256687e+00 8.114616e+00 1.260610e+01 2.323029e+01  
6.245845e+00 3.182267e+00 7.907072e+00 1.227060e+01 2.259417e+01  
6.332908e+00 3.109210e+00 7.704310e+00 1.194290e+01 2.197374e+01  
6.421186e+00 3.037499e+00 7.505686e+00 1.162286e+01 2.136868e+01  
6.510694e+00 2.967119e+00 7.311150e+00 1.131035e+01 2.077868e+01  
6.601449e+00 2.898052e+00 7.121189e+00 1.100524e+01 2.020344e+01  
6.693470e+00 2.830282e+00 6.935458e+00 1.070738e+01 1.964266e+01  
6.786773e+00 2.763794e+00 6.753888e+00 1.041702e+01 1.909603e+01  
6.881377e+00 2.698570e+00 6.576413e+00 1.013290e+01 1.856327e+01  
6.977300e+00 2.634596e+00 6.402966e+00 9.856053e+00 1.804407e+01  
7.074559e+00 2.571855e+00 6.233481e+00 9.585918e+00 1.753814e+01  
7.173175e+00 2.510332e+00 6.067891e+00 9.322388e+00 1.704522e+01  
7.273165e+00 2.450010e+00 5.906129e+00 9.065334e+00 1.656500e+01  
7.374549e+00 2.390875e+00 5.748131e+00 8.814630e+00 1.609722e+01  
7.477346e+00 2.332910e+00 5.593830e+00 8.570150e+00 1.564160e+01  
7.581576e+00 2.276099e+00 5.443161e+00 8.331768e+00 1.519788e+01  
7.687260e+00 2.220428e+00 5.296056e+00 8.099363e+00 1.476584e+01  
7.794416e+00 2.165882e+00 5.152455e+00 7.872812e+00 1.434510e+01  
7.903066e+00 2.112444e+00 5.012292e+00 7.651994e+00 1.393441e+01  
8.013230e+00 2.060052e+00 4.875503e+00 7.436790e+00 1.353692e+01  
8.124930e+00 2.008785e+00 4.742025e+00 7.227083e+00 1.314876e+01  
8.238187e+00 1.958581e+00 4.611796e+00 7.022755e+00 1.277095e+01  
8.353023e+00 1.909425e+00 4.484753e+00 6.823692e+00 1.240327e+01  
8.469460e+00 1.861301e+00 4.360833e+00 6.629780e+00 1.204548e+01  
8.587519e+00 1.814195e+00 4.239975e+00 6.440907e+00 1.169715e+01  
8.707225e+00 1.768092e+00 4.122121e+00 6.256963e+00 1.135877e+01  
8.828599e+00 1.722976e+00 4.007209e+00 6.077835e+00 1.102924e+01  
8.951665e+00 1.678834e+00 3.895179e+00 5.903424e+00 1.070852e+01  
9.076446e+00 1.635649e+00 3.785973e+00 5.733619e+00 1.039673e+01  
9.202967e+00 1.593408e+00 3.679533e+00 5.568316e+00 1.009337e+01  
9.331251e+00 1.552096e+00 3.575802e+00 5.407307e+00 9.798475e+00  
9.461324e+00 1.511697e+00 3.474721e+00 5.250701e+00 9.511716e+00  
9.593209e+00 1.472199e+00 3.376236e+00 5.098294e+00 9.232890e+00  
9.726934e+00 1.433585e+00 3.280291e+00 4.949989e+00 8.961914e+00  
9.862522e+00 1.395842e+00 3.180984e+00 4.805688e+00 8.698363e+00  
1.000000e+01 1.358955e+00 3.095801e+00 4.665299e+00 8.441304e+00  
