1.000000e-02 1.035156e+04 1.876652e+04 2.525988e+04 3.730159e+04  
1.013939e-02 1.040292e+04 1.885905e+04 2.538382e+04 3.748303e+04  
1.028073e-02 1.045320e+04 1.894959e+04 2.550507e+04 3.766047e+04  
1.042404e-02 1.050236e+04 1.903807e+04 2.562353e+04 3.783373e+04  
1.056935e-02 1.055035e+04 1.912442e+04 2.573909e+04 3.800266e+04  
1.071668e-02 1.059713e+04 1.920856e+04 2.585166e+04 3.816712e+04  
1.086606e-02 1.064266e+04 1.929040e+04 2.596111e+04 3.832693e+04  
1.101753e-02 1.068688e+04 1.936987e+04 2.606735e+04 3.848193e+04  
1.117111e-02 1.072977e+04 1.944688e+04 2.617027e+04 3.863197e+04  
1.132683e-02 1.077127e+04 1.952136e+04 2.626975e+04 3.877689e+04  
1.148472e-02 1.081134e+04 1.959323e+04 2.636569e+04 3.891651e+04  
1.164481e-02 1.084993e+04 1.966239e+04 2.645797e+04 3.905067e+04  
1.180713e-02 1.088700e+04 1.972876e+04 2.654648e+04 3.917921e+04  
1.197171e-02 1.092250e+04 1.979227e+04 2.663110e+04 3.930195e+04  
1.213859e-02 1.095639e+04 1.985283e+04 2.671173e+04 3.941872e+04  
1.230780e-02 1.098861e+04 1.991034e+04 2.678824e+04 3.952935e+04  
1.247936e-02 1.101912e+04 1.996474e+04 2.686053e+04 3.963369e+04  
1.265332e-02 1.104787e+04 2.001592e+04 2.692847e+04 3.973156e+04  
1.282970e-02 1.107482e+04 2.006380e+04 2.699194e+04 3.982275e+04  
1.300854e-02 1.109991e+04 2.010829e+04 2.705081e+04 3.990710e+04  
1.318987e-02 1.112308e+04 2.014928e+04 2.710496e+04 3.998440e+04  
1.337373e-02 1.114429e+04 2.018668e+04 2.715425e+04 4.005447e+04  
1.356015e-02 1.116348e+04 2.022040e+04 2.719856e+04 4.011712e+04  
1.374917e-02 1.118059e+04 2.025033e+04 2.723775e+04 4.017215e+04  
1.394083e-02 1.119559e+04 2.027640e+04 2.727171e+04 4.021939e+04  
1.413516e-02 1.120841e+04 2.029850e+04 2.730031e+04 4.025865e+04  
1.433219e-02 1.121901e+04 2.031654e+04 2.732342e+04 4.028974e+04  
1.453198e-02 1.122734e+04 2.033044e+04 2.734092e+04 4.031250e+04  
1.473454e-02 1.123334e+04 2.034010e+04 2.735270e+04 4.032674e+04  
1.493993e-02 1.123697e+04 2.034543e+04 2.735864e+04 4.033229e+04  
1.514819e-02 1.123818e+04 2.034636e+04 2.735861e+04 4.032898e+04  
1.535935e-02 1.123693e+04 2.034280e+04 2.735252e+04 4.031665e+04  
1.557345e-02 1.123317e+04 2.033466e+04 2.734025e+04 4.029514e+04  
1.579053e-02 1.122684e+04 2.032185e+04 2.732167e+04 4.026426e+04  
1.601064e-02 1.121790e+04 2.030428e+04 2.729667e+04 4.022384e+04  
1.623382e-02 1.120631e+04 2.028188e+04 2.726513e+04 4.017372e+04  
1.646012e-02 1.119202e+04 2.025456e+04 2.722696e+04 4.011376e+04  
1.668956e-02 1.117498e+04 2.022225e+04 2.718205e+04 4.004379e+04  
1.692220e-02 1.115515e+04 2.018487e+04 2.713030e+04 3.996366e+04  
1.715809e-02 1.113250e+04 2.014235e+04 2.707160e+04 3.987326e+04  
1.739726e-02 1.110698e+04 2.009460e+04 2.700587e+04 3.977242e+04  
1.763977e-02 1.107855e+04 2.004157e+04 2.693300e+04 3.966101e+04  
1.788566e-02 1.104718e+04 1.998318e+04 2.685291e+04 3.953888e+04  
1.813498e-02 1.101282e+04 1.991937e+04 2.676551e+04 3.940596e+04  
1.838777e-02 1.097544e+04 1.985008e+04 2.667073e+04 3.926211e+04  
1.864409e-02 1.093503e+04 1.977527e+04 2.656850e+04 3.910723e+04  
1.890397e-02 1.089154e+04 1.969488e+04 2.645876e+04 3.894125e+04  
1.916748e-02 1.084495e+04 1.960888e+04 2.634146e+04 3.876409e+04  
1.943467e-02 1.079525e+04 1.951722e+04 2.621654e+04 3.857569e+04  
1.970558e-02 1.074241e+04 1.941987e+04 2.608397e+04 3.837597e+04  
1.998026e-02 1.068642e+04 1.931681e+04 2.594371e+04 3.816490e+04  
2.025878e-02 1.062727e+04 1.920803e+04 2.579576e+04 3.794251e+04  
2.054117e-02 1.056496e+04 1.909353e+04 2.564010e+04 3.770875e+04  
2.082751e-02 1.049948e+04 1.897330e+04 2.547675e+04 3.746364e+04  
2.111783e-02 1.043084e+04 1.884733e+04 2.530568e+04 3.720718e+04  
2.141220e-02 1.035902e+04 1.871563e+04 2.512692e+04 3.693940e+04  
2.171068e-02 1.028403e+04 1.857820e+04 2.494047e+04 3.666030e+04  
2.201331e-02 1.020588e+04 1.843506e+04 2.474635e+04 3.636994e+04  
2.232016e-02 1.012459e+04 1.828625e+04 2.454462e+04 3.606838e+04  
2.263130e-02 1.004018e+04 1.813181e+04 2.433534e+04 3.575578e+04  
2.294676e-02 9.952672e+03 1.797180e+04 2.411859e+04 3.543220e+04  
2.326663e-02 9.862101e+03 1.780626e+04 2.389444e+04 3.509778e+04  
2.359095e-02 9.768500e+03 1.763527e+04 2.366298e+04 3.475266e+04  
2.391980e-02 9.671912e+03 1.745891e+04 2.342435e+04 3.439705e+04  
2.425323e-02 9.572388e+03 1.727728e+04 2.317865e+04 3.403112e+04  
2.459130e-02 9.469986e+03 1.709047e+04 2.292604e+04 3.365509e+04  
2.493409e-02 9.364778e+03 1.689864e+04 2.266670e+04 3.326927e+04  
2.528166e-02 9.256842e+03 1.670191e+04 2.240085e+04 3.287395e+04  
2.563407e-02 9.146247e+03 1.650043e+04 2.212865e+04 3.246939e+04  
2.599140e-02 9.033064e+03 1.629432e+04 2.185027e+04 3.205585e+04  
2.635371e-02 8.917374e+03 1.608373e+04 2.156593e+04 3.163368e+04  
2.672106e-02 8.799270e+03 1.586884e+04 2.127587e+04 3.120322e+04  
2.709354e-02 8.678852e+03 1.564983e+04 2.098033e+04 3.076483e+04  
2.747121e-02 8.556235e+03 1.542691e+04 2.067960e+04 3.031894e+04  
2.785414e-02 8.431545e+03 1.520031e+04 2.037399e+04 2.986603e+04  
2.824241e-02 8.304900e+03 1.497025e+04 2.006381e+04 2.940656e+04  
2.863610e-02 8.176411e+03 1.473693e+04 1.974931e+04 2.894089e+04  
2.903527e-02 8.046199e+03 1.450058e+04 1.943081e+04 2.846950e+04  
2.944000e-02 7.914402e+03 1.426144e+04 1.910864e+04 2.799290e+04  
2.985038e-02 7.781164e+03 1.401978e+04 1.878317e+04 2.751163e+04  
3.026648e-02 7.646648e+03 1.377590e+04 1.845478e+04 2.702623e+04  
3.068838e-02 7.511026e+03 1.353010e+04 1.812389e+04 2.653735e+04  
3.111616e-02 7.374468e+03 1.328270e+04 1.779094e+04 2.604563e+04  
3.154990e-02 7.237115e+03 1.303395e+04 1.745626e+04 2.555155e+04  
3.198969e-02 7.099121e+03 1.278413e+04 1.712022e+04 2.505565e+04  
3.243561e-02 6.960650e+03 1.253354e+04 1.678322e+04 2.455853e+04  
3.288774e-02 6.821881e+03 1.228250e+04 1.644572e+04 2.406087e+04  
3.334618e-02 6.683006e+03 1.203136e+04 1.610815e+04 2.356331e+04  
3.381101e-02 6.544231e+03 1.178049e+04 1.577101e+04 2.306656e+04  
3.428231e-02 6.405757e+03 1.153024e+04 1.543480e+04 2.257134e+04  
3.476019e-02 6.267755e+03 1.128094e+04 1.509993e+04 2.207830e+04  
3.524473e-02 6.130394e+03 1.103288e+04 1.476681e+04 2.158800e+04  
3.573602e-02 5.993859e+03 1.078638e+04 1.443586e+04 2.110105e+04  
3.623416e-02 5.858341e+03 1.054180e+04 1.410755e+04 2.061815e+04  
3.673925e-02 5.724051e+03 1.029952e+04 1.378239e+04 2.014006e+04  
3.725137e-02 5.591204e+03 1.005991e+04 1.346089e+04 1.966748e+04  
3.777064e-02 5.460017e+03 9.823359e+03 1.314355e+04 1.920116e+04  
3.829714e-02 5.330634e+03 9.590129e+03 1.283073e+04 1.874161e+04  
3.883098e-02 5.203178e+03 9.360442e+03 1.252272e+04 1.828927e+04  
3.937226e-02 5.077778e+03 9.134516e+03 1.221981e+04 1.784454e+04  
3.992109e-02 4.954563e+03 8.912587e+03 1.192230e+04 1.740786e+04  
4.047757e-02 4.833673e+03 8.694898e+03 1.163053e+04 1.697972e+04  
4.104181e-02 4.715247e+03 8.481704e+03 1.134484e+04 1.656061e+04  
4.161391e-02 4.599432e+03 8.273255e+03 1.106554e+04 1.615098e+04  
4.219398e-02 4.486378e+03 8.069818e+03 1.079300e+04 1.575134e+04  
4.278214e-02 4.376241e+03 7.871670e+03 1.052758e+04 1.536224e+04  
4.337850e-02 4.269184e+03 7.679098e+03 1.026967e+04 1.498421e+04  
4.398317e-02 4.165372e+03 7.492389e+03 1.001963e+04 1.461779e+04  
4.459628e-02 4.064976e+03 7.311843e+03 9.777860e+03 1.426353e+04  
4.521792e-02 3.968176e+03 7.137779e+03 9.544789e+03 1.392206e+04  
4.584824e-02 3.875140e+03 6.970489e+03 9.320798e+03 1.359392e+04  
4.648734e-02 3.785930e+03 6.810075e+03 9.106014e+03 1.327928e+04  
4.713535e-02 3.700560e+03 6.656558e+03 8.900460e+03 1.297816e+04  
4.779239e-02 3.619037e+03 6.509948e+03 8.704150e+03 1.269058e+04  
4.845859e-02 3.541357e+03 6.370229e+03 8.517056e+03 1.241650e+04  
4.913407e-02 3.467505e+03 6.237367e+03 8.339124e+03 1.215581e+04  
4.981898e-02 3.397458e+03 6.111313e+03 8.170285e+03 1.190840e+04  
5.051342e-02 3.331196e+03 5.992030e+03 8.010490e+03 1.167421e+04  
5.121755e-02 3.268697e+03 5.879472e+03 7.859668e+03 1.145312e+04  
5.193150e-02 3.209932e+03 5.773574e+03 7.717724e+03 1.124496e+04  
5.265540e-02 3.154859e+03 5.674254e+03 7.584545e+03 1.104958e+04  
5.338938e-02 3.103424e+03 5.581417e+03 7.460005e+03 1.086678e+04  
5.413360e-02 3.055559e+03 5.494927e+03 7.343910e+03 1.069628e+04  
5.488820e-02 3.011177e+03 5.414620e+03 7.236038e+03 1.053772e+04  
5.565331e-02 2.970173e+03 5.340304e+03 7.136125e+03 1.039073e+04  
5.642908e-02 2.932430e+03 5.271768e+03 7.043894e+03 1.025491e+04  
5.721568e-02 2.897807e+03 5.208746e+03 6.958981e+03 1.012970e+04  
5.801323e-02 2.866146e+03 5.150953e+03 6.880998e+03 1.001454e+04  
5.882190e-02 2.837279e+03 5.098079e+03 6.809531e+03 9.908826e+03  
5.964185e-02 2.811025e+03 5.049809e+03 6.744164e+03 9.811970e+03  
6.047322e-02 2.787183e+03 5.005767e+03 6.684388e+03 9.723209e+03  
6.131619e-02 2.765529e+03 4.965552e+03 6.629666e+03 9.641764e+03  
6.217090e-02 2.745817e+03 4.928724e+03 6.579414e+03 9.566796e+03  
6.303753e-02 2.727805e+03 4.894858e+03 6.533073e+03 9.497519e+03  
6.391624e-02 2.711259e+03 4.863530e+03 6.490072e+03 9.433085e+03  
6.480720e-02 2.695929e+03 4.834292e+03 6.449816e+03 9.372641e+03  
6.571058e-02 2.681537e+03 4.806658e+03 6.411667e+03 9.315280e+03  
6.662655e-02 2.667787e+03 4.780110e+03 6.374945e+03 9.260043e+03  
6.755528e-02 2.654379e+03 4.754114e+03 6.338940e+03 9.205895e+03  
6.849697e-02 2.641002e+03 4.728127e+03 6.302936e+03 9.151816e+03  
6.945178e-02 2.627320e+03 4.701567e+03 6.266178e+03 9.096741e+03  
7.041990e-02 2.612971e+03 4.673810e+03 6.227849e+03 9.039517e+03  
7.140151e-02 2.597604e+03 4.644245e+03 6.187144e+03 8.978981e+03  
7.239681e-02 2.580905e+03 4.612332e+03 6.143360e+03 8.914136e+03  
7.340598e-02 2.562540e+03 4.577508e+03 6.095770e+03 8.843966e+03  
7.442922e-02 2.542151e+03 4.539163e+03 6.043585e+03 8.767351e+03  
7.546673e-02 2.519408e+03 4.496735e+03 5.986067e+03 8.683229e+03  
7.651869e-02 2.494067e+03 4.449817e+03 5.922693e+03 8.590859e+03  
7.758532e-02 2.465884e+03 4.398008e+03 5.852957e+03 8.489541e+03  
7.866682e-02 2.434596e+03 4.340875e+03 5.776296e+03 8.378472e+03  
7.976339e-02 2.400015e+03 4.278105e+03 5.692308e+03 8.257063e+03  
8.087525e-02 2.362077e+03 4.209607e+03 5.600882e+03 8.125158e+03  
8.200261e-02 2.320730e+03 4.135319e+03 5.501955e+03 7.982689e+03  
8.314568e-02 2.275930e+03 4.055178e+03 5.395448e+03 7.829529e+03  
8.430468e-02 2.227740e+03 3.969307e+03 5.281526e+03 7.665901e+03  
8.547985e-02 2.176310e+03 3.877976e+03 5.160549e+03 7.492316e+03  
8.667139e-02 2.121809e+03 3.781501e+03 5.032944e+03 7.309404e+03  
8.787954e-02 2.064454e+03 3.680256e+03 4.899195e+03 7.117838e+03  
8.910453e-02 2.004571e+03 3.574806e+03 4.760044e+03 6.918665e+03  
9.034660e-02 1.942534e+03 3.465800e+03 4.616338e+03 6.713094e+03  
9.160598e-02 1.878755e+03 3.353954e+03 4.469024e+03 6.502501e+03  
9.288292e-02 1.813674e+03 3.240016e+03 4.319067e+03 6.288239e+03  
9.417766e-02 1.747762e+03 3.124788e+03 4.167513e+03 6.071797e+03  
9.549045e-02 1.681527e+03 3.009136e+03 4.015490e+03 5.854787e+03  
9.682153e-02 1.615521e+03 2.894013e+03 3.864248e+03 5.639013e+03  
9.817117e-02 1.550308e+03 2.780363e+03 3.715005e+03 5.426188e+03  
9.953962e-02 1.486368e+03 2.669005e+03 3.568824e+03 5.217825e+03  
1.009272e-01 1.424189e+03 2.560766e+03 3.426782e+03 5.015459e+03  
1.023340e-01 1.364297e+03 2.456544e+03 3.290052e+03 4.820773e+03  
1.037605e-01 1.307163e+03 2.357133e+03 3.159654e+03 4.635195e+03  
1.052069e-01 1.253127e+03 2.263101e+03 3.036327e+03 4.459771e+03  
1.066734e-01 1.202527e+03 2.175027e+03 2.920818e+03 4.295561e+03  
1.081604e-01 1.155710e+03 2.093498e+03 2.813895e+03 4.143656e+03  
1.096681e-01 1.112877e+03 2.018842e+03 2.715972e+03 4.004623e+03  
1.111968e-01 1.074137e+03 1.951241e+03 2.627278e+03 3.878779e+03  
1.127468e-01 1.039599e+03 1.890872e+03 2.548042e+03 3.766443e+03  
1.143184e-01 1.009310e+03 1.837808e+03 2.478354e+03 3.667740e+03  
1.159120e-01 9.832042e+02 1.791921e+03 2.418035e+03 3.582397e+03  
1.175277e-01 9.611937e+02 1.753045e+03 2.366862e+03 3.510092e+03  
1.191660e-01 9.431470e+02 1.720944e+03 2.324523e+03 3.450385e+03  
1.208271e-01 9.288261e+02 1.695198e+03 2.290465e+03 3.402490e+03  
1.225114e-01 9.179449e+02 1.675299e+03 2.264014e+03 3.365445e+03  
1.242191e-01 9.101753e+02 1.660669e+03 2.244415e+03 3.338185e+03  
1.259506e-01 9.051043e+02 1.650596e+03 2.230740e+03 3.319404e+03  
1.277063e-01 9.022632e+02 1.644269e+03 2.221929e+03 3.307610e+03  
1.294865e-01 9.011395e+02 1.640805e+03 2.216832e+03 3.301171e+03  
1.312915e-01 9.011790e+02 1.639258e+03 2.214221e+03 3.298354e+03  
1.331216e-01 9.017823e+02 1.638619e+03 2.212791e+03 3.297319e+03  
1.349772e-01 9.023279e+02 1.637840e+03 2.211186e+03 3.296133e+03  
1.368587e-01 9.022230e+02 1.635929e+03 2.208120e+03 3.292958e+03  
1.387665e-01 9.008457e+02 1.631855e+03 2.202259e+03 3.285881e+03  
1.407008e-01 8.976319e+02 1.624694e+03 2.192419e+03 3.273197e+03  
1.426621e-01 8.921131e+02 1.613679e+03 2.177603e+03 3.253450e+03  
1.446507e-01 8.838182e+02 1.598043e+03 2.156821e+03 3.225185e+03  
1.466671e-01 8.724294e+02 1.577279e+03 2.129416e+03 3.187426e+03  
1.487115e-01 8.577101e+02 1.551021e+03 2.094921e+03 3.139473e+03  
1.507845e-01 8.395162e+02 1.519043e+03 2.053039e+03 3.080864e+03  
1.528864e-01 8.179566e+02 1.481540e+03 2.004025e+03 3.011938e+03  
1.550175e-01 7.932131e+02 1.438826e+03 1.948285e+03 2.933269e+03  
1.571784e-01 7.657033e+02 1.391607e+03 1.886741e+03 2.846189e+03  
1.593694e-01 7.360000e+02 1.340829e+03 1.820613e+03 2.752458e+03  
1.615909e-01 7.047664e+02 1.287588e+03 1.751324e+03 2.654142e+03  
1.638434e-01 6.727805e+02 1.233170e+03 1.680539e+03 2.553657e+03  
1.661273e-01 6.408542e+02 1.178918e+03 1.610001e+03 2.453528e+03  
1.684430e-01 6.097176e+02 1.126032e+03 1.541255e+03 2.355984e+03  
1.707910e-01 5.800985e+02 1.075710e+03 1.475851e+03 2.263252e+03  
1.731717e-01 5.525403e+02 1.028850e+03 1.414944e+03 2.176987e+03  
1.755856e-01 5.275057e+02 9.862163e+02 1.359521e+03 2.098591e+03  
1.780332e-01 5.053260e+02 9.483509e+02 1.310274e+03 2.029038e+03  
1.805149e-01 4.862330e+02 9.156326e+02 1.267688e+03 1.969008e+03  
1.830312e-01 4.703575e+02 8.882732e+02 1.232029e+03 1.918871e+03  
1.855825e-01 4.577228e+02 8.663044e+02 1.203336e+03 1.878672e+03  
1.881694e-01 4.482364e+02 8.495589e+02 1.181387e+03 1.848098e+03  
1.907924e-01 4.416754e+02 8.376549e+02 1.165687e+03 1.826451e+03  
1.934520e-01 4.376862e+02 8.299951e+02 1.155464e+03 1.812644e+03  
1.961486e-01 4.357712e+02 8.257458e+02 1.149643e+03 1.805164e+03  
1.988828e-01 4.353297e+02 8.239049e+02 1.146934e+03 1.802185e+03  
2.016551e-01 4.356698e+02 8.233283e+02 1.145863e+03 1.801611e+03  
2.044661e-01 4.360940e+02 8.228728e+02 1.144957e+03 1.801329e+03  
2.073162e-01 4.359044e+02 8.214002e+02 1.142750e+03 1.799216e+03  
2.102061e-01 4.344946e+02 8.179268e+02 1.137970e+03 1.793418e+03  
2.131362e-01 4.313251e+02 8.115848e+02 1.129495e+03 1.782275e+03  
2.161073e-01 4.260038e+02 8.017505e+02 1.116515e+03 1.764572e+03  
2.191197e-01 4.182715e+02 7.880149e+02 1.098497e+03 1.739503e+03  
2.221741e-01 4.080798e+02 7.703096e+02 1.075352e+03 1.706914e+03  
2.252711e-01 3.955926e+02 7.489097e+02 1.047435e+03 1.667313e+03  
2.284112e-01 3.811818e+02 7.244256e+02 1.015536e+03 1.621852e+03  
2.315951e-01 3.654247e+02 6.977952e+02 9.808714e+02 1.572325e+03  
2.348235e-01 3.490058e+02 6.701278e+02 9.448789e+02 1.520845e+03  
2.380968e-01 3.326572e+02 6.426086e+02 9.090907e+02 1.469657e+03  
2.414157e-01 3.170465e+02 6.163182e+02 8.748991e+02 1.420780e+03  
2.447809e-01 3.027535e+02 5.921934e+02 8.435099e+02 1.375961e+03  
2.481930e-01 2.902261e+02 5.709564e+02 8.158495e+02 1.336527e+03  
2.516527e-01 2.797657e+02 5.530923e+02 7.925361e+02 1.303350e+03  
2.551606e-01 2.715165e+02 5.388300e+02 7.738571e+02 1.276825e+03  
2.587174e-01 2.654345e+02 5.280907e+02 7.597091e+02 1.256800e+03  
2.623238e-01 2.613042e+02 5.205169e+02 7.496311e+02 1.242618e+03  
2.659804e-01 2.587540e+02 5.154999e+02 7.428405e+02 1.233161e+03  
2.696881e-01 2.572852e+02 5.122271e+02 7.382922e+02 1.226930e+03  
2.734474e-01 2.563301e+02 5.097794e+02 7.348085e+02 1.222241e+03  
2.772591e-01 2.553103e+02 5.072252e+02 7.311913e+02 1.217361e+03  
2.811239e-01 2.536811e+02 5.036923e+02 7.263166e+02 1.210650e+03  
2.850426e-01 2.509760e+02 4.984373e+02 7.192218e+02 1.200681e+03  
2.890160e-01 2.468702e+02 4.909468e+02 7.092454e+02 1.186481e+03  
2.930447e-01 2.412298e+02 4.810132e+02 6.961178e+02 1.167643e+03  
2.971296e-01 2.341462e+02 4.687886e+02 6.800354e+02 1.144451e+03  
3.012714e-01 2.259492e+02 4.548041e+02 6.616837e+02 1.117909e+03  
3.054710e-01 2.171233e+02 4.398365e+02 6.420637e+02 1.089511e+03  
3.097291e-01 2.082085e+02 4.247484e+02 6.223070e+02 1.060891e+03  
3.140465e-01 1.997226e+02 4.103649e+02 6.034575e+02 1.033590e+03  
3.184242e-01 1.921002e+02 3.973770e+02 5.864051e+02 1.008883e+03  
3.228628e-01 1.856429e+02 3.862636e+02 5.717625e+02 9.876507e+02  
3.273634e-01 1.805061e+02 3.772681e+02 5.598375e+02 9.703232e+02  
3.319266e-01 1.766747e+02 3.703607e+02 5.505871e+02 9.568258e+02  
3.365535e-01 1.739487e+02 3.652179e+02 5.435947e+02 9.465554e+02  
3.412449e-01 1.719886e+02 3.612963e+02 5.381673e+02 9.385187e+02  
3.460016e-01 1.703739e+02 3.579257e+02 5.334433e+02 9.314807e+02  
3.508247e-01 1.686761e+02 3.544252e+02 5.285495e+02 9.241733e+02  
3.557150e-01 1.665277e+02 3.502148e+02 5.227423e+02 9.155177e+02  
3.606735e-01 1.636599e+02 3.448735e+02 5.154824e+02 9.047328e+02  
3.657011e-01 1.599533e+02 3.382164e+02 5.065329e+02 8.914742e+02  
3.707988e-01 1.554778e+02 3.303562e+02 4.960381e+02 8.759506e+02  
3.759675e-01 1.504738e+02 3.216756e+02 4.844927e+02 8.588906e+02  
3.812083e-01 1.452880e+02 3.127229e+02 4.726026e+02 8.413269e+02  
3.865221e-01 1.402825e+02 3.040683e+02 4.610984e+02 8.243163e+02  
3.919100e-01 1.357608e+02 2.961862e+02 4.505828e+02 8.087159e+02  
3.973730e-01 1.319285e+02 2.893983e+02 4.414654e+02 7.951091e+02  
4.029122e-01 1.288514e+02 2.838054e+02 4.338723e+02 7.836680e+02  
4.085286e-01 1.264457e+02 2.792724e+02 4.276287e+02 7.741364e+02  
4.142232e-01 1.245028e+02 2.754678e+02 4.223085e+02 7.658970e+02  
4.199973e-01 1.227567e+02 2.719751e+02 4.173834e+02 7.582004e+02  
4.258518e-01 1.209366e+02 2.683712e+02 4.123146e+02 7.502791e+02  
4.317880e-01 1.188153e+02 2.643027e+02 4.066527e+02 7.414926e+02  
4.378069e-01 1.162735e+02 2.595838e+02 4.001593e+02 7.314978e+02  
4.439097e-01 1.133327e+02 2.542521e+02 3.928873e+02 7.203822e+02  
4.500975e-01 1.101418e+02 2.485415e+02 3.851357e+02 7.085783e+02  
4.563716e-01 1.069056e+02 2.427708e+02 3.773110e+02 6.966677e+02  
4.627332e-01 1.038384e+02 2.372705e+02 3.698301e+02 6.852359e+02  
4.691835e-01 1.011072e+02 2.323002e+02 3.630227e+02 6.747494e+02  
4.757236e-01 9.879188e+01 2.279813e+02 3.570403e+02 6.654143e+02  
4.823549e-01 9.684256e+01 2.242342e+02 3.517795e+02 6.570787e+02  
4.890787e-01 9.513565e+01 2.208648e+02 3.469929e+02 6.493894e+02  
4.958962e-01 9.351177e+01 2.176284e+02 3.423732e+02 6.419198e+02  
5.028087e-01 9.181234e+01 2.142809e+02 3.376130e+02 6.342419e+02  
5.098176e-01 8.993106e+01 2.106596e+02 3.325076e+02 6.260721e+02  
5.169242e-01 8.785994e+01 2.067527e+02 3.270430e+02 6.173939e+02  
5.241298e-01 8.567025e+01 2.026722e+02 3.213629e+02 6.084146e+02  
5.314359e-01 8.347921e+01 1.985981e+02 3.156938e+02 5.994503e+02  
5.388438e-01 8.140990e+01 1.947172e+02 3.102690e+02 5.908203e+02  
5.463550e-01 7.954369e+01 1.911521e+02 3.052404e+02 5.827293e+02  
5.539709e-01 7.788864e+01 1.879150e+02 3.006226e+02 5.751953e+02  
5.616930e-01 7.639181e+01 1.849240e+02 2.963126e+02 5.680742e+02  
5.695227e-01 7.496712e+01 1.820469e+02 2.921442e+02 5.611374e+02  
5.774615e-01 7.352091e+01 1.791419e+02 2.879414e+02 5.541471e+02  
5.855110e-01 7.200053e+01 1.761310e+02 2.836089e+02 5.469787e+02  
5.936727e-01 7.041076e+01 1.730223e+02 2.791577e+02 5.396499e+02  
6.019482e-01 6.879552e+01 1.698813e+02 2.746689e+02 5.322706e+02  
6.103390e-01 6.722498e+01 1.668141e+02 2.702739e+02 5.250175e+02  
6.188468e-01 6.575545e+01 1.639051e+02 2.660770e+02 5.180288e+02  
6.274732e-01 6.439982e+01 1.611729e+02 2.621000e+02 5.113310e+02  
6.362198e-01 6.313573e+01 1.585821e+02 2.582977e+02 5.048607e+02  
6.450884e-01 6.191603e+01 1.560626e+02 2.545847e+02 4.985062e+02  
6.540806e-01 6.069093e+01 1.535411e+02 2.508716e+02 4.921521e+02  
6.631981e-01 5.943912e+01 1.509863e+02 2.471210e+02 4.857513e+02  
6.724427e-01 5.818243e+01 1.484297e+02 2.433707e+02 4.793528e+02  
6.818162e-01 5.694968e+01 1.459148e+02 2.396745e+02 4.730276e+02  
6.913204e-01 5.577052e+01 1.434852e+02 2.360852e+02 4.668431e+02  
7.009570e-01 5.465115e+01 1.411496e+02 2.326126e+02 4.608107e+02  
7.107280e-01 5.357527e+01 1.388824e+02 2.292250e+02 4.548876e+02  
7.206351e-01 5.252453e+01 1.366580e+02 2.258919e+02 4.490371e+02  
7.306804e-01 5.148299e+01 1.344531e+02 2.225860e+02 4.432251e+02  
7.408657e-01 5.045262e+01 1.322706e+02 2.193106e+02 4.374566e+02  
7.511929e-01 4.944127e+01 1.301209e+02 2.160775e+02 4.317450e+02  
7.616642e-01 4.845749e+01 1.280172e+02 2.129031e+02 4.261119e+02  
7.722814e-01 4.750516e+01 1.259650e+02 2.097938e+02 4.205644e+02  
7.830465e-01 4.658017e+01 1.239580e+02 2.067418e+02 4.150927e+02  
7.939618e-01 4.567717e+01 1.219877e+02 2.037366e+02 4.096834e+02  
8.050292e-01 4.479109e+01 1.200477e+02 2.007712e+02 4.043291e+02  
8.162509e-01 4.392136e+01 1.181372e+02 1.978447e+02 3.990289e+02  
8.276289e-01 4.307016e+01 1.162588e+02 1.949602e+02 3.937860e+02  
8.391656e-01 4.223982e+01 1.144155e+02 1.921204e+02 3.886034e+02  
8.508632e-01 4.143189e+01 1.126098e+02 1.893289e+02 3.834855e+02  
8.627237e-01 4.064465e+01 1.108391e+02 1.865825e+02 3.784285e+02  
8.747496e-01 3.987551e+01 1.090997e+02 1.838764e+02 3.734265e+02  
8.869432e-01 3.912177e+01 1.073872e+02 1.812059e+02 3.684741e+02  
8.993067e-01 3.838252e+01 1.057011e+02 1.785703e+02 3.635711e+02  
9.118425e-01 3.765864e+01 1.040423e+02 1.759709e+02 3.587187e+02  
9.245531e-01 3.695105e+01 1.024118e+02 1.734085e+02 3.539174e+02  
9.374409e-01 3.626052e+01 1.008104e+02 1.708838e+02 3.491682e+02  
9.505083e-01 3.558657e+01 9.923773e+01 1.683966e+02 3.444706e+02  
9.637579e-01 3.492803e+01 9.769209e+01 1.659449e+02 3.398226e+02  
9.771921e-01 3.428352e+01 9.617121e+01 1.635259e+02 3.352208e+02  
9.908137e-01 3.365214e+01 9.467391e+01 1.611384e+02 3.306641e+02  
1.004625e+00 3.303388e+01 9.320033e+01 1.587826e+02 3.261527e+02  
1.018629e+00 3.242872e+01 9.175033e+01 1.564584e+02 3.216863e+02  
1.032828e+00 3.183646e+01 9.032327e+01 1.541647e+02 3.172639e+02  
1.047225e+00 3.125696e+01 8.891903e+01 1.519014e+02 3.128852e+02  
1.061823e+00 3.068995e+01 8.753732e+01 1.496684e+02 3.085501e+02  
1.076624e+00 3.013503e+01 8.617753e+01 1.474648e+02 3.042576e+02  
1.091632e+00 2.959167e+01 8.483857e+01 1.452894e+02 3.000063e+02  
1.106848e+00 2.905964e+01 8.352032e+01 1.431420e+02 2.957961e+02  
1.122277e+00 2.853866e+01 8.222239e+01 1.410222e+02 2.916267e+02  
1.137921e+00 2.802834e+01 8.094422e+01 1.389294e+02 2.874972e+02  
1.153783e+00 2.752824e+01 7.968487e+01 1.368624e+02 2.834066e+02  
1.169866e+00 2.703828e+01 7.844445e+01 1.348214e+02 2.793550e+02  
1.186174e+00 2.655826e+01 7.722264e+01 1.328060e+02 2.753419e+02  
1.202708e+00 2.608793e+01 7.601905e+01 1.308159e+02 2.713670e+02  
1.219473e+00 2.562691e+01 7.483287e+01 1.288499e+02 2.674293e+02  
1.236472e+00 2.517513e+01 7.366423e+01 1.269083e+02 2.635289e+02  
1.253708e+00 2.473235e+01 7.251273e+01 1.249907e+02 2.596654e+02  
1.271184e+00 2.429828e+01 7.137796e+01 1.230965e+02 2.558383e+02  
1.288904e+00 2.387261e+01 7.025926e+01 1.212251e+02 2.520469e+02  
1.306870e+00 2.345525e+01 6.915666e+01 1.193764e+02 2.482913e+02  
1.325087e+00 2.304594e+01 6.806980e+01 1.175500e+02 2.445710e+02  
1.343558e+00 2.264439e+01 6.699831e+01 1.157456e+02 2.408858e+02  
1.362287e+00 2.225050e+01 6.594173e+01 1.139627e+02 2.372352e+02  
1.381276e+00 2.186416e+01 6.490008e+01 1.122011e+02 2.336191e+02  
1.400531e+00 2.148516e+01 6.387307e+01 1.104607e+02 2.300372e+02  
1.420053e+00 2.111329e+01 6.286033e+01 1.087410e+02 2.264894e+02  
1.439848e+00 2.074832e+01 6.186150e+01 1.070416e+02 2.229751e+02  
1.459919e+00 2.039014e+01 6.087647e+01 1.053624e+02 2.194944e+02  
1.480269e+00 2.003855e+01 5.990497e+01 1.037030e+02 2.160470e+02  
1.500903e+00 1.969337e+01 5.894669e+01 1.020633e+02 2.126326e+02  
1.521825e+00 1.935443e+01 5.800136e+01 1.004428e+02 2.092512e+02  
1.543038e+00 1.902165e+01 5.706891e+01 9.884147e+01 2.059025e+02  
1.564548e+00 1.869489e+01 5.614912e+01 9.725908e+01 2.025864e+02  
1.586357e+00 1.837397e+01 5.524168e+01 9.569530e+01 1.993028e+02  
1.608469e+00 1.805877e+01 5.434642e+01 9.414993e+01 1.960515e+02  
1.630891e+00 1.774918e+01 5.346323e+01 9.262284e+01 1.928324e+02  
1.653624e+00 1.744509e+01 5.259190e+01 9.111381e+01 1.896455e+02  
1.676675e+00 1.714631e+01 5.173216e+01 8.962256e+01 1.864906e+02  
1.700047e+00 1.685273e+01 5.088384e+01 8.814891e+01 1.833675e+02  
1.723745e+00 1.656424e+01 5.004683e+01 8.669272e+01 1.802763e+02  
1.747773e+00 1.628075e+01 4.922096e+01 8.525382e+01 1.772168e+02  
1.772136e+00 1.600208e+01 4.840597e+01 8.383195e+01 1.741890e+02  
1.796838e+00 1.572815e+01 4.760176e+01 8.242697e+01 1.711928e+02  
1.821885e+00 1.545889e+01 4.680821e+01 8.103877e+01 1.682283e+02  
1.847281e+00 1.519420e+01 4.602518e+01 7.966718e+01 1.652952e+02  
1.873032e+00 1.493391e+01 4.525243e+01 7.831197e+01 1.623937e+02  
1.899141e+00 1.467798e+01 4.448990e+01 7.697306e+01 1.595236e+02  
1.925614e+00 1.442634e+01 4.373746e+01 7.565031e+01 1.566850e+02  
1.952456e+00 1.417889e+01 4.299499e+01 7.434358e+01 1.538778e+02  
1.979672e+00 1.393547e+01 4.226225e+01 7.305265e+01 1.511020e+02  
2.007267e+00 1.369604e+01 4.153921e+01 7.177747e+01 1.483576e+02  
2.035248e+00 1.346055e+01 4.082575e+01 7.051789e+01 1.456445e+02  
2.063618e+00 1.322890e+01 4.012139e+01 6.927379e+01 1.429629e+02  
2.092383e+00 1.300096e+01 3.942666e+01 6.804501e+01 1.403125e+02  
2.121550e+00 1.277671e+01 3.874116e+01 6.683147e+01 1.376936e+02  
2.151123e+00 1.255608e+01 3.806479e+01 6.563305e+01 1.351060e+02  
2.181109e+00 1.233898e+01 3.739741e+01 6.444964e+01 1.325497e+02  
2.211512e+00 1.212531e+01 3.673979e+01 6.328109e+01 1.300248e+02  
2.242340e+00 1.191505e+01 3.609007e+01 6.212733e+01 1.275312e+02  
2.273597e+00 1.170813e+01 3.544907e+01 6.098826e+01 1.250689e+02  
2.305289e+00 1.150446e+01 3.481666e+01 5.986376e+01 1.226379e+02  
2.337424e+00 1.130397e+01 3.419273e+01 5.875372e+01 1.202382e+02  
2.370006e+00 1.110664e+01 3.357723e+01 5.765806e+01 1.178698e+02  
2.403043e+00 1.091241e+01 3.297006e+01 5.657670e+01 1.155326e+02  
2.436540e+00 1.072120e+01 3.237113e+01 5.550951e+01 1.132267e+02  
2.470504e+00 1.053294e+01 3.178033e+01 5.445642e+01 1.109519e+02  
2.504942e+00 1.034761e+01 3.119760e+01 5.341733e+01 1.087083e+02  
2.539859e+00 1.016516e+01 3.062287e+01 5.239217e+01 1.064958e+02  
2.575263e+00 9.985506e+00 3.005603e+01 5.138083e+01 1.043144e+02  
2.611161e+00 9.808628e+00 2.949701e+01 5.038323e+01 1.021602e+02  
2.647559e+00 9.634444e+00 2.894574e+01 4.939929e+01 1.000407e+02  
2.684465e+00 9.462951e+00 2.840215e+01 4.842893e+01 9.795208e+01  
2.721885e+00 9.294075e+00 2.786615e+01 4.747207e+01 9.589427e+01  
2.759826e+00 9.127779e+00 2.733767e+01 4.652593e+01 9.386719e+01  
2.798297e+00 8.964029e+00 2.681665e+01 4.559849e+01 9.187075e+01  
2.837304e+00 8.802784e+00 2.630265e+01 4.468162e+01 8.990485e+01  
2.876854e+00 8.643986e+00 2.579633e+01 4.377793e+01 8.796937e+01  
2.916956e+00 8.487606e+00 2.529724e+01 4.288732e+01 8.606421e+01  
2.957617e+00 8.333608e+00 2.480491e+01 4.200974e+01 8.418924e+01  
2.998844e+00 8.181957e+00 2.432013e+01 4.114521e+01 8.234433e+01  
3.040646e+00 8.032603e+00 2.384238e+01 4.029341e+01 8.052933e+01  
3.083031e+00 7.885521e+00 2.337162e+01 3.945440e+01 7.874864e+01  
3.126007e+00 7.740680e+00 2.290779e+01 3.862808e+01 7.699307e+01  
3.169582e+00 7.598049e+00 2.245081e+01 3.781439e+01 7.526694e+01  
3.213764e+00 7.457578e+00 2.200062e+01 3.701323e+01 7.357007e+01  
3.258562e+00 7.319246e+00 2.155716e+01 3.622454e+01 7.190229e+01  
3.303985e+00 7.183025e+00 2.112038e+01 3.544823e+01 7.026340e+01  
3.350041e+00 7.048885e+00 2.069022e+01 3.468422e+01 6.865321e+01  
3.396739e+00 6.916783e+00 2.026661e+01 3.393232e+01 6.707150e+01  
3.444087e+00 6.786703e+00 1.984949e+01 3.319266e+01 6.551807e+01  
3.492096e+00 6.658617e+00 1.943881e+01 3.246505e+01 6.399268e+01  
3.540774e+00 6.532497e+00 1.903487e+01 3.174951e+01 6.249513e+01  
3.590130e+00 6.408307e+00 1.863689e+01 3.104573e+01 6.102515e+01  
3.640175e+00 6.286029e+00 1.824518e+01 3.035375e+01 5.958253e+01  
3.690917e+00 6.165640e+00 1.785969e+01 2.967347e+01 5.816700e+01  
3.742366e+00 6.047130e+00 1.748035e+01 2.900480e+01 5.677831e+01  
3.794533e+00 5.930430e+00 1.710711e+01 2.834711e+01 5.541620e+01  
3.847427e+00 5.815542e+00 1.673992e+01 2.770136e+01 5.408040e+01  
3.901058e+00 5.702445e+00 1.637872e+01 2.706693e+01 5.277064e+01  
3.955436e+00 5.591112e+00 1.602346e+01 2.644375e+01 5.148665e+01  
4.010573e+00 5.481517e+00 1.567408e+01 2.583169e+01 5.022813e+01  
4.066478e+00 5.373644e+00 1.533053e+01 2.523068e+01 4.899481e+01  
4.123163e+00 5.267471e+00 1.499437e+01 2.464061e+01 4.778639e+01  
4.180637e+00 5.162972e+00 1.466041e+01 2.406137e+01 4.659818e+01  
4.238913e+00 5.060127e+00 1.433402e+01 2.349286e+01 4.543872e+01  
4.298001e+00 4.958918e+00 1.401324e+01 2.293498e+01 4.430327e+01  
4.357913e+00 4.859325e+00 1.369803e+01 2.238814e+01 4.319152e+01  
4.418660e+00 4.761325e+00 1.338832e+01 2.185120e+01 4.210315e+01  
4.480254e+00 4.664900e+00 1.308406e+01 2.132482e+01 4.103787e+01  
4.542706e+00 4.570031e+00 1.278547e+01 2.080838e+01 3.999534e+01  
4.606029e+00 4.476700e+00 1.249195e+01 2.030202e+01 3.897527e+01  
4.670234e+00 4.384864e+00 1.220372e+01 1.980563e+01 3.797731e+01  
4.735335e+00 4.294549e+00 1.192073e+01 1.931908e+01 3.700503e+01  
4.801343e+00 4.205716e+00 1.164291e+01 1.884227e+01 3.605030e+01  
4.868271e+00 4.118347e+00 1.137022e+01 1.837508e+01 3.511673e+01  
4.936132e+00 4.032422e+00 1.110260e+01 1.791738e+01 3.420400e+01  
5.004939e+00 3.947926e+00 1.083971e+01 1.746907e+01 3.330817e+01  
5.074705e+00 3.864842e+00 1.058207e+01 1.703003e+01 3.243620e+01  
5.145444e+00 3.783152e+00 1.032933e+01 1.660012e+01 3.158408e+01  
5.217169e+00 3.703130e+00 1.008160e+01 1.617923e+01 3.075150e+01  
5.289893e+00 3.623885e+00 9.838624e+00 1.576688e+01 2.993813e+01  
5.363631e+00 3.546296e+00 9.600265e+00 1.536367e+01 2.914365e+01  
5.438397e+00 3.470015e+00 9.366586e+00 1.496912e+01 2.836773e+01  
5.514206e+00 3.395044e+00 9.137531e+00 1.458309e+01 2.761004e+01  
5.591071e+00 3.321370e+00 8.913043e+00 1.420547e+01 2.687027e+01  
5.669007e+00 3.248956e+00 8.693066e+00 1.383614e+01 2.614809e+01  
5.748030e+00 3.177826e+00 8.477542e+00 1.347497e+01 2.544318e+01  
5.828155e+00 3.107944e+00 8.266413e+00 1.312183e+01 2.475523e+01  
5.909396e+00 3.039296e+00 8.059621e+00 1.277660e+01 2.408682e+01  
5.991770e+00 2.971865e+00 7.857110e+00 1.243916e+01 2.342893e+01  
6.075292e+00 2.905638e+00 7.659002e+00 1.210967e+01 2.278996e+01  
6.159978e+00 2.840598e+00 7.464878e+00 1.178743e+01 2.216670e+01  
6.245845e+00 2.776747e+00 7.274366e+00 1.147260e+01 2.155883e+01  
6.332908e+00 2.714038e+00 7.088883e+00 1.116506e+01 2.096605e+01  
6.421186e+00 2.652473e+00 6.906909e+00 1.086469e+01 2.038806e+01  
6.510694e+00 2.592037e+00 6.728859e+00 1.057137e+01 1.982456e+01  
6.601449e+00 2.532715e+00 6.553700e+00 1.028496e+01 1.927525e+01  
6.693470e+00 2.474494e+00 6.384320e+00 1.000536e+01 1.873984e+01  
6.786773e+00 2.417359e+00 6.217714e+00 9.732212e+00 1.821804e+01  
6.881377e+00 2.361328e+00 6.054806e+00 9.465879e+00 1.770955e+01  
6.977300e+00 2.306323e+00 5.895538e+00 9.205962e+00 1.721411e+01  
7.074559e+00 2.252362e+00 5.739853e+00 8.952366e+00 1.673142e+01  
7.173175e+00 2.199430e+00 5.587691e+00 8.704971e+00 1.626121e+01  
7.273165e+00 2.147508e+00 5.438996e+00 8.463660e+00 1.580320e+01  
7.374549e+00 2.096598e+00 5.293710e+00 8.228316e+00 1.535713e+01  
7.477346e+00 2.046688e+00 5.151777e+00 7.998824e+00 1.492273e+01  
7.581576e+00 1.997744e+00 5.013138e+00 7.775068e+00 1.449974e+01  
7.687260e+00 1.949763e+00 4.877737e+00 7.557189e+00 1.408789e+01  
7.794416e+00 1.902731e+00 4.745518e+00 7.344345e+00 1.368693e+01  
7.903066e+00 1.856637e+00 4.616425e+00 7.137121e+00 1.329661e+01  
8.013230e+00 1.811466e+00 4.490216e+00 6.935184e+00 1.291669e+01  
8.124930e+00 1.767205e+00 4.367393e+00 6.738575e+00 1.254692e+01  
8.238187e+00 1.723842e+00 4.247342e+00 6.546713e+00 1.218706e+01  
8.353023e+00 1.681364e+00 4.130197e+00 6.359992e+00 1.183687e+01  
8.469460e+00 1.639758e+00 4.015901e+00 6.178129e+00 1.149613e+01  
8.587519e+00 1.599011e+00 3.904402e+00 6.001224e+00 1.116460e+01  
8.707225e+00 1.559111e+00 3.795646e+00 5.828450e+00 1.084207e+01  
8.828599e+00 1.520046e+00 3.689580e+00 5.660673e+00 1.052832e+01  
8.951665e+00 1.481802e+00 3.586151e+00 5.497211e+00 1.022312e+01  
9.076446e+00 1.444368e+00 3.485307e+00 5.338243e+00 9.926271e+00  
9.202967e+00 1.407719e+00 3.386997e+00 5.183220e+00 9.637564e+00  
9.331251e+00 1.371880e+00 3.291170e+00 5.032517e+00 9.356795e+00  
9.461324e+00 1.336801e+00 3.197775e+00 4.885873e+00 9.083807e+00  
9.593209e+00 1.302483e+00 3.106763e+00 4.743320e+00 8.818323e+00  
9.726934e+00 1.268914e+00 3.018084e+00 4.604530e+00 8.560192e+00  
9.862522e+00 1.236082e+00 2.931689e+00 4.469495e+00 8.309227e+00  
1.000000e+01 1.203975e+00 2.847530e+00 4.338191e+00 8.065244e+00  
