1.000000e-02 1.571627e+04 2.849100e+04 3.834856e+04 5.662613e+04  
1.013939e-02 1.579405e+04 2.863087e+04 3.853569e+04 5.689941e+04  
1.028073e-02 1.587010e+04 2.876758e+04 3.871853e+04 5.716626e+04  
1.042404e-02 1.594438e+04 2.890102e+04 3.889692e+04 5.742640e+04  
1.056935e-02 1.601679e+04 2.903105e+04 3.907068e+04 5.767962e+04  
1.071668e-02 1.608728e+04 2.915754e+04 3.923963e+04 5.792563e+04  
1.086606e-02 1.615577e+04 2.928037e+04 3.940360e+04 5.816417e+04  
1.101753e-02 1.622219e+04 2.939939e+04 3.956241e+04 5.839496e+04  
1.117111e-02 1.628646e+04 2.951448e+04 3.971589e+04 5.861776e+04  
1.132683e-02 1.634852e+04 2.962551e+04 3.986385e+04 5.883229e+04  
1.148472e-02 1.640828e+04 2.973233e+04 4.000610e+04 5.903827e+04  
1.164481e-02 1.646568e+04 2.983482e+04 4.014245e+04 5.923540e+04  
1.180713e-02 1.652064e+04 2.993282e+04 4.027274e+04 5.942347e+04  
1.197171e-02 1.657308e+04 3.002621e+04 4.039677e+04 5.960215e+04  
1.213859e-02 1.662292e+04 3.011485e+04 4.051433e+04 5.977115e+04  
1.230780e-02 1.667009e+04 3.019858e+04 4.062526e+04 5.993021e+04  
1.247936e-02 1.671452e+04 3.027729e+04 4.072937e+04 6.007909e+04  
1.265332e-02 1.675612e+04 3.035082e+04 4.082645e+04 6.021745e+04  
1.282970e-02 1.679480e+04 3.041901e+04 4.091629e+04 6.034498e+04  
1.300854e-02 1.683049e+04 3.048172e+04 4.099869e+04 6.046138e+04  
1.318987e-02 1.686310e+04 3.053878e+04 4.107346e+04 6.056639e+04  
1.337373e-02 1.689254e+04 3.059005e+04 4.114037e+04 6.065964e+04  
1.356015e-02 1.691873e+04 3.063537e+04 4.119921e+04 6.074083e+04  
1.374917e-02 1.694159e+04 3.067459e+04 4.124978e+04 6.080967e+04  
1.394083e-02 1.696102e+04 3.070755e+04 4.129189e+04 6.086590e+04  
1.413516e-02 1.697695e+04 3.073411e+04 4.132532e+04 6.090914e+04  
1.433219e-02 1.698929e+04 3.075409e+04 4.134984e+04 6.093911e+04  
1.453198e-02 1.699796e+04 3.076736e+04 4.136527e+04 6.095552e+04  
1.473454e-02 1.700287e+04 3.077377e+04 4.137142e+04 6.095810e+04  
1.493993e-02 1.700394e+04 3.077316e+04 4.136807e+04 6.094651e+04  
1.514819e-02 1.700110e+04 3.076539e+04 4.135503e+04 6.092046e+04  
1.535935e-02 1.699425e+04 3.075032e+04 4.133210e+04 6.087971e+04  
1.557345e-02 1.698332e+04 3.072780e+04 4.129911e+04 6.082398e+04  
1.579053e-02 1.696822e+04 3.069766e+04 4.125581e+04 6.075291e+04  
1.601064e-02 1.694887e+04 3.065977e+04 4.120203e+04 6.066623e+04  
1.623382e-02 1.692519e+04 3.061398e+04 4.113758e+04 6.056371e+04  
1.646012e-02 1.689710e+04 3.056017e+04 4.106228e+04 6.044507e+04  
1.668956e-02 1.686453e+04 3.049817e+04 4.097594e+04 6.031002e+04  
1.692220e-02 1.682740e+04 3.042788e+04 4.087838e+04 6.015830e+04  
1.715809e-02 1.678565e+04 3.034917e+04 4.076946e+04 5.998975e+04  
1.739726e-02 1.673920e+04 3.026191e+04 4.064901e+04 5.980410e+04  
1.763977e-02 1.668799e+04 3.016598e+04 4.051685e+04 5.960110e+04  
1.788566e-02 1.663196e+04 3.006127e+04 4.037286e+04 5.938055e+04  
1.813498e-02 1.657104e+04 2.994771e+04 4.021693e+04 5.914236e+04  
1.838777e-02 1.650520e+04 2.982518e+04 4.004891e+04 5.888630e+04  
1.864409e-02 1.643437e+04 2.969360e+04 3.986871e+04 5.861220e+04  
1.890397e-02 1.635851e+04 2.955289e+04 3.967619e+04 5.831991e+04  
1.916748e-02 1.627757e+04 2.940297e+04 3.947130e+04 5.800938e+04  
1.943467e-02 1.619151e+04 2.924376e+04 3.925391e+04 5.768041e+04  
1.970558e-02 1.610029e+04 2.907520e+04 3.902392e+04 5.733288e+04  
1.998026e-02 1.600387e+04 2.889723e+04 3.878129e+04 5.696672e+04  
2.025878e-02 1.590223e+04 2.870983e+04 3.852600e+04 5.658198e+04  
2.054117e-02 1.579536e+04 2.851297e+04 3.825801e+04 5.617854e+04  
2.082751e-02 1.568324e+04 2.830662e+04 3.797727e+04 5.575639e+04  
2.111783e-02 1.556586e+04 2.809077e+04 3.768379e+04 5.531554e+04  
2.141220e-02 1.544323e+04 2.786546e+04 3.737764e+04 5.485616e+04  
2.171068e-02 1.531534e+04 2.763067e+04 3.705879e+04 5.437818e+04  
2.201331e-02 1.518222e+04 2.738646e+04 3.672731e+04 5.388172e+04  
2.232016e-02 1.504389e+04 2.713288e+04 3.638330e+04 5.336695e+04  
2.263130e-02 1.490039e+04 2.687003e+04 3.602691e+04 5.283417e+04  
2.294676e-02 1.475178e+04 2.659798e+04 3.565822e+04 5.228346e+04  
2.326663e-02 1.459808e+04 2.631682e+04 3.527736e+04 5.171503e+04  
2.359095e-02 1.443936e+04 2.602666e+04 3.488450e+04 5.112916e+04  
2.391980e-02 1.427568e+04 2.572764e+04 3.447985e+04 5.052622e+04  
2.425323e-02 1.410712e+04 2.541989e+04 3.406357e+04 4.990643e+04  
2.459130e-02 1.393378e+04 2.510362e+04 3.363594e+04 4.927020e+04  
2.493409e-02 1.375577e+04 2.477902e+04 3.319725e+04 4.861802e+04  
2.528166e-02 1.357321e+04 2.444633e+04 3.274784e+04 4.795041e+04  
2.563407e-02 1.338620e+04 2.410574e+04 3.228794e+04 4.726772e+04  
2.599140e-02 1.319487e+04 2.375749e+04 3.181789e+04 4.657042e+04  
2.635371e-02 1.299936e+04 2.340183e+04 3.133805e+04 4.585913e+04  
2.672106e-02 1.279981e+04 2.303907e+04 3.084883e+04 4.513446e+04  
2.709354e-02 1.259641e+04 2.266950e+04 3.035064e+04 4.439699e+04  
2.747121e-02 1.238934e+04 2.229348e+04 2.984395e+04 4.364744e+04  
2.785414e-02 1.217882e+04 2.191141e+04 2.932933e+04 4.288668e+04  
2.824241e-02 1.196502e+04 2.152364e+04 2.880723e+04 4.211538e+04  
2.863610e-02 1.174815e+04 2.113049e+04 2.827810e+04 4.133420e+04  
2.903527e-02 1.152841e+04 2.073236e+04 2.774247e+04 4.054392e+04  
2.944000e-02 1.130603e+04 2.032970e+04 2.720096e+04 3.974550e+04  
2.985038e-02 1.108128e+04 1.992296e+04 2.665417e+04 3.893980e+04  
3.026648e-02 1.085442e+04 1.951262e+04 2.610276e+04 3.812778e+04  
3.068838e-02 1.062575e+04 1.909923e+04 2.554744e+04 3.731049e+04  
3.111616e-02 1.039555e+04 1.868329e+04 2.498891e+04 3.648900e+04  
3.154990e-02 1.016404e+04 1.826522e+04 2.442774e+04 3.566409e+04  
3.198969e-02 9.931499e+03 1.784550e+04 2.386454e+04 3.483669e+04  
3.243561e-02 9.698217e+03 1.742466e+04 2.330003e+04 3.400780e+04  
3.288774e-02 9.464508e+03 1.700327e+04 2.273500e+04 3.317868e+04  
3.334618e-02 9.230702e+03 1.658191e+04 2.217021e+04 3.235034e+04  
3.381101e-02 8.997157e+03 1.616123e+04 2.160650e+04 3.152402e+04  
3.428231e-02 8.764193e+03 1.574179e+04 2.104464e+04 3.070081e+04  
3.476019e-02 8.532096e+03 1.532413e+04 2.048536e+04 2.988186e+04  
3.524473e-02 8.301159e+03 1.490874e+04 1.992929e+04 2.906801e+04  
3.573602e-02 8.071697e+03 1.449619e+04 1.937719e+04 2.826035e+04  
3.623416e-02 7.844048e+03 1.408708e+04 1.882984e+04 2.746002e+04  
3.673925e-02 7.618572e+03 1.368206e+04 1.828816e+04 2.666838e+04  
3.725137e-02 7.395644e+03 1.328178e+04 1.775296e+04 2.588656e+04  
3.777064e-02 7.175599e+03 1.288683e+04 1.722502e+04 2.511566e+04  
3.829714e-02 6.958676e+03 1.249764e+04 1.670492e+04 2.435653e+04  
3.883098e-02 6.745113e+03 1.211464e+04 1.619324e+04 2.361003e+04  
3.937226e-02 6.535151e+03 1.173823e+04 1.569049e+04 2.287685e+04  
3.992109e-02 6.329048e+03 1.136887e+04 1.519727e+04 2.215782e+04  
4.047757e-02 6.127069e+03 1.100703e+04 1.471421e+04 2.145389e+04  
4.104181e-02 5.929492e+03 1.065320e+04 1.424197e+04 2.076600e+04  
4.161391e-02 5.736586e+03 1.030784e+04 1.378112e+04 2.009493e+04  
4.219398e-02 5.548573e+03 9.971342e+03 1.333218e+04 1.944142e+04  
4.278214e-02 5.365678e+03 9.644100e+03 1.289569e+04 1.880623e+04  
4.337850e-02 5.188126e+03 9.326510e+03 1.247216e+04 1.819012e+04  
4.398317e-02 5.016144e+03 9.018956e+03 1.206208e+04 1.759373e+04  
4.459628e-02 4.849969e+03 8.721849e+03 1.166599e+04 1.701784e+04  
4.521792e-02 4.689842e+03 8.435619e+03 1.128446e+04 1.646327e+04  
4.584824e-02 4.535961e+03 8.160607e+03 1.091793e+04 1.593066e+04  
4.648734e-02 4.388419e+03 7.896958e+03 1.056659e+04 1.542020e+04  
4.713535e-02 4.247287e+03 7.644791e+03 1.023058e+04 1.493209e+04  
4.779239e-02 4.112628e+03 7.404221e+03 9.910052e+03 1.446659e+04  
4.845859e-02 3.984494e+03 7.175323e+03 9.605101e+03 1.402378e+04  
4.913407e-02 3.862920e+03 6.958146e+03 9.315774e+03 1.360370e+04  
4.981898e-02 3.747930e+03 6.752722e+03 9.042103e+03 1.320638e+04  
5.051342e-02 3.639517e+03 6.559042e+03 8.784085e+03 1.283183e+04  
5.121755e-02 3.537648e+03 6.377027e+03 8.541597e+03 1.247984e+04  
5.193150e-02 3.442271e+03 6.206572e+03 8.314484e+03 1.215014e+04  
5.265540e-02 3.353316e+03 6.047540e+03 8.102556e+03 1.184245e+04  
5.338938e-02 3.270693e+03 5.899779e+03 7.905620e+03 1.155652e+04  
5.413360e-02 3.194294e+03 5.763072e+03 7.723365e+03 1.129183e+04  
5.488820e-02 3.124013e+03 5.637217e+03 7.555509e+03 1.104796e+04  
5.565331e-02 3.059725e+03 5.521979e+03 7.401733e+03 1.082443e+04  
5.642908e-02 3.001284e+03 5.417103e+03 7.261707e+03 1.062079e+04  
5.721568e-02 2.948509e+03 5.322242e+03 7.134941e+03 1.043628e+04  
5.801323e-02 2.901201e+03 5.237027e+03 7.020937e+03 1.027014e+04  
5.882190e-02 2.859169e+03 5.161107e+03 6.919221e+03 1.012170e+04  
5.964185e-02 2.822215e+03 5.094134e+03 6.829337e+03 9.990297e+03  
6.047322e-02 2.790106e+03 5.035664e+03 6.750666e+03 9.875001e+03  
6.131619e-02 2.762581e+03 4.985221e+03 6.682571e+03 9.774871e+03  
6.217090e-02 2.739358e+03 4.942293e+03 6.624364e+03 9.688914e+03  
6.303753e-02 2.720183e+03 4.906431e+03 6.575457e+03 9.616298e+03  
6.391624e-02 2.704798e+03 4.877146e+03 6.535175e+03 9.556006e+03  
6.480720e-02 2.692915e+03 4.853918e+03 6.502822e+03 9.507029e+03  
6.571058e-02 2.684217e+03 4.836179e+03 6.477645e+03 9.468289e+03  
6.662655e-02 2.678359e+03 4.823319e+03 6.458840e+03 9.438651e+03  
6.755528e-02 2.674970e+03 4.814657e+03 6.445488e+03 9.416768e+03  
6.849697e-02 2.673646e+03 4.809476e+03 6.436642e+03 9.401285e+03  
6.945178e-02 2.673947e+03 4.807008e+03 6.431293e+03 9.390786e+03  
7.041990e-02 2.675399e+03 4.806420e+03 6.428352e+03 9.383735e+03  
7.140151e-02 2.677503e+03 4.806829e+03 6.426649e+03 9.378450e+03  
7.239681e-02 2.679735e+03 4.807323e+03 6.424992e+03 9.373250e+03  
7.340598e-02 2.681531e+03 4.806940e+03 6.422135e+03 9.366400e+03  
7.442922e-02 2.682285e+03 4.804637e+03 6.416725e+03 9.356002e+03  
7.546673e-02 2.681416e+03 4.799413e+03 6.407452e+03 9.340195e+03  
7.651869e-02 2.678355e+03 4.790305e+03 6.393075e+03 9.317238e+03  
7.758532e-02 2.672499e+03 4.776308e+03 6.372309e+03 9.285355e+03  
7.866682e-02 2.663211e+03 4.756355e+03 6.343778e+03 9.242606e+03  
7.976339e-02 2.649990e+03 4.729604e+03 6.306397e+03 9.187455e+03  
8.087525e-02 2.632400e+03 4.695347e+03 6.259263e+03 9.118634e+03  
8.200261e-02 2.609987e+03 4.652857e+03 6.201466e+03 9.034890e+03  
8.314568e-02 2.582321e+03 4.601431e+03 6.132104e+03 8.934938e+03  
8.430468e-02 2.549185e+03 4.540731e+03 6.050753e+03 8.818161e+03  
8.547985e-02 2.510413e+03 4.470513e+03 5.957112e+03 8.684131e+03  
8.667139e-02 2.465847e+03 4.390563e+03 5.850934e+03 8.532522e+03  
8.787954e-02 2.415495e+03 4.300913e+03 5.732265e+03 8.363364e+03  
8.910453e-02 2.359558e+03 4.201930e+03 5.601589e+03 8.177329e+03  
9.034660e-02 2.298275e+03 4.094042e+03 5.459471e+03 7.975205e+03  
9.160598e-02 2.231919e+03 3.977750e+03 5.306580e+03 7.757960e+03  
9.288292e-02 2.160872e+03 3.853695e+03 5.143739e+03 7.526726e+03  
9.417766e-02 2.085700e+03 3.722842e+03 4.972199e+03 7.283267e+03  
9.549045e-02 2.007038e+03 3.586266e+03 4.793352e+03 7.029554e+03  
9.682153e-02 1.925583e+03 3.445161e+03 4.608758e+03 6.767817e+03  
9.817117e-02 1.842066e+03 3.300735e+03 4.419964e+03 6.500225e+03  
9.953962e-02 1.757264e+03 3.154291e+03 4.228649e+03 6.229162e+03  
1.009272e-01 1.672019e+03 3.007241e+03 4.036642e+03 5.957219e+03  
1.023340e-01 1.587237e+03 2.861115e+03 3.845924e+03 5.687213e+03  
1.037605e-01 1.503730e+03 2.717258e+03 3.658218e+03 5.421569e+03  
1.052069e-01 1.422273e+03 2.576966e+03 3.475200e+03 5.162657e+03  
1.066734e-01 1.343701e+03 2.441647e+03 3.298687e+03 4.913043e+03  
1.081604e-01 1.268814e+03 2.312654e+03 3.130430e+03 4.675196e+03  
1.096681e-01 1.198152e+03 2.190885e+03 2.971583e+03 4.450733e+03  
1.111968e-01 1.132237e+03 2.077225e+03 2.823290e+03 4.241255e+03  
1.127468e-01 1.071604e+03 1.972585e+03 2.686728e+03 4.048414e+03  
1.143184e-01 1.016574e+03 1.877513e+03 2.562610e+03 3.873201e+03  
1.159120e-01 9.673364e+02 1.792329e+03 2.451343e+03 3.716173e+03  
1.175277e-01 9.240805e+02 1.717354e+03 2.353344e+03 3.577904e+03  
1.191660e-01 8.868728e+02 1.652705e+03 2.268761e+03 3.458588e+03  
1.208271e-01 8.556365e+02 1.598246e+03 2.197415e+03 3.357960e+03  
1.225114e-01 8.302624e+02 1.553780e+03 2.139040e+03 3.275635e+03  
1.242191e-01 8.105720e+02 1.518989e+03 2.093217e+03 3.211009e+03  
1.259506e-01 7.962941e+02 1.493395e+03 2.059316e+03 3.163188e+03  
1.277063e-01 7.871130e+02 1.476438e+03 2.036598e+03 3.131127e+03  
1.294865e-01 7.826429e+02 1.467430e+03 2.024160e+03 3.113557e+03  
1.312915e-01 7.824200e+02 1.465554e+03 2.020928e+03 3.108977e+03  
1.331216e-01 7.859307e+02 1.469912e+03 2.025728e+03 3.115741e+03  
1.349772e-01 7.925795e+02 1.479465e+03 2.037208e+03 3.131972e+03  
1.368587e-01 8.016934e+02 1.493048e+03 2.053858e+03 3.155574e+03  
1.387665e-01 8.125381e+02 1.509409e+03 2.074057e+03 3.184293e+03  
1.407008e-01 8.243002e+02 1.527175e+03 2.096039e+03 3.215656e+03  
1.426621e-01 8.360870e+02 1.544852e+03 2.117882e+03 3.246983e+03  
1.446507e-01 8.469630e+02 1.560890e+03 2.137602e+03 3.275480e+03  
1.466671e-01 8.559803e+02 1.573737e+03 2.153210e+03 3.298325e+03  
1.487115e-01 8.621481e+02 1.581788e+03 2.162648e+03 3.312557e+03  
1.507845e-01 8.645913e+02 1.583634e+03 2.164115e+03 3.315578e+03  
1.528864e-01 8.625115e+02 1.578002e+03 2.155979e+03 3.305008e+03  
1.550175e-01 8.552334e+02 1.563826e+03 2.136872e+03 3.278822e+03  
1.571784e-01 8.424634e+02 1.540668e+03 2.106227e+03 3.236117e+03  
1.593694e-01 8.240036e+02 1.508234e+03 2.063672e+03 3.176324e+03  
1.615909e-01 8.001108e+02 1.466969e+03 2.009779e+03 3.100228e+03  
1.638434e-01 7.712876e+02 1.417709e+03 1.945628e+03 3.009362e+03  
1.661273e-01 7.382745e+02 1.361673e+03 1.872781e+03 2.905957e+03  
1.684430e-01 7.020643e+02 1.300478e+03 1.793331e+03 2.793069e+03  
1.707910e-01 6.637365e+02 1.235880e+03 1.709540e+03 2.673980e+03  
1.731717e-01 6.244378e+02 1.169744e+03 1.623807e+03 2.552156e+03  
1.755856e-01 5.853364e+02 1.103970e+03 1.538573e+03 2.431100e+03  
1.780332e-01 5.474554e+02 1.040228e+03 1.455984e+03 2.313911e+03  
1.805149e-01 5.117956e+02 9.801533e+02 1.378140e+03 2.203572e+03  
1.830312e-01 4.791532e+02 9.250570e+02 1.306716e+03 2.102433e+03  
1.855825e-01 4.502498e+02 8.761314e+02 1.243234e+03 2.012606e+03  
1.881694e-01 4.255521e+02 8.341553e+02 1.188692e+03 1.935473e+03  
1.907924e-01 4.054084e+02 7.997111e+02 1.143831e+03 1.872035e+03  
1.934520e-01 3.899119e+02 7.729562e+02 1.108843e+03 1.822518e+03  
1.961486e-01 3.790169e+02 7.538108e+02 1.083618e+03 1.786737e+03  
1.988828e-01 3.724569e+02 7.418233e+02 1.067574e+03 1.763877e+03  
2.016551e-01 3.698414e+02 7.363279e+02 1.059851e+03 1.752737e+03  
2.044661e-01 3.706248e+02 7.363973e+02 1.059251e+03 1.751651e+03  
2.073162e-01 3.741524e+02 7.409270e+02 1.064357e+03 1.758662e+03  
2.102061e-01 3.796475e+02 7.486205e+02 1.073515e+03 1.771489e+03  
2.131362e-01 3.862285e+02 7.580214e+02 1.084863e+03 1.787540e+03  
2.161073e-01 3.929135e+02 7.675241e+02 1.096347e+03 1.803904e+03  
2.191197e-01 3.986632e+02 7.754499e+02 1.105821e+03 1.817526e+03  
2.221741e-01 4.024306e+02 7.801244e+02 1.111147e+03 1.825316e+03  
2.252711e-01 4.033023e+02 7.800988e+02 1.110461e+03 1.824545e+03  
2.284112e-01 4.005823e+02 7.742762e+02 1.102344e+03 1.813078e+03  
2.315951e-01 3.938907e+02 7.620733e+02 1.086046e+03 1.789783e+03  
2.348235e-01 3.832510e+02 7.435492e+02 1.061643e+03 1.754741e+03  
2.380968e-01 3.690208e+02 7.192904e+02 1.029890e+03 1.709043e+03  
2.414157e-01 3.519060e+02 6.904309e+02 9.922437e+02 1.654804e+03  
2.447809e-01 3.328335e+02 6.584606e+02 9.506306e+02 1.594869e+03  
2.481930e-01 3.128836e+02 6.251111e+02 9.072813e+02 1.532503e+03  
2.516527e-01 2.931702e+02 5.921665e+02 8.644846e+02 1.471021e+03  
2.551606e-01 2.747299e+02 5.612866e+02 8.243548e+02 1.413430e+03  
2.587174e-01 2.584395e+02 5.338882e+02 7.887012e+02 1.362295e+03  
2.623238e-01 2.449048e+02 5.109514e+02 7.587642e+02 1.319325e+03  
2.659804e-01 2.344528e+02 4.930063e+02 7.352066e+02 1.285401e+03  
2.696881e-01 2.271587e+02 4.801686e+02 7.181587e+02 1.260645e+03  
2.734474e-01 2.228721e+02 4.721925e+02 7.073055e+02 1.244606e+03  
2.772591e-01 2.212561e+02 4.685206e+02 7.019324e+02 1.236277e+03  
2.811239e-01 2.218031e+02 4.683172e+02 7.009746e+02 1.234179e+03  
2.850426e-01 2.238365e+02 4.704754e+02 7.030208e+02 1.236339e+03  
2.890160e-01 2.265165e+02 4.736448e+02 7.063614e+02 1.240376e+03  
2.930447e-01 2.289061e+02 4.763277e+02 7.090910e+02 1.243590e+03  
2.971296e-01 2.300972e+02 4.770842e+02 7.093712e+02 1.243339e+03  
3.012714e-01 2.293496e+02 4.747478e+02 7.057059e+02 1.237437e+03  
3.054710e-01 2.262061e+02 4.686130e+02 6.971958e+02 1.224574e+03  
3.097291e-01 2.205560e+02 4.585179e+02 6.836337e+02 1.204438e+03  
3.140465e-01 2.126462e+02 4.448614e+02 6.655313e+02 1.177770e+03  
3.184242e-01 2.030401e+02 4.285389e+02 6.440387e+02 1.146249e+03  
3.228628e-01 1.925289e+02 4.108084e+02 6.207739e+02 1.112238e+03  
3.273634e-01 1.820033e+02 3.930784e+02 5.975359e+02 1.078328e+03  
3.319266e-01 1.722974e+02 3.766656e+02 5.759944e+02 1.046882e+03  
3.365535e-01 1.640551e+02 3.625880e+02 5.574333e+02 1.019684e+03  
3.412449e-01 1.576718e+02 3.514729e+02 5.426387e+02 9.978030e+02  
3.460016e-01 1.532781e+02 3.435233e+02 5.318560e+02 9.815426e+02  
3.508247e-01 1.507704e+02 3.385646e+02 5.248536e+02 9.705496e+02  
3.557150e-01 1.498108e+02 3.360529e+02 5.209411e+02 9.638557e+02  
3.606735e-01 1.498694e+02 3.351444e+02 5.190541e+02 9.599853e+02  
3.657011e-01 1.502915e+02 3.348025e+02 5.178843e+02 9.571157e+02  
3.707988e-01 1.503880e+02 3.339407e+02 5.160560e+02 9.533108e+02  
3.759675e-01 1.495497e+02 3.316109e+02 5.123708e+02 9.468796e+02  
3.812083e-01 1.473644e+02 3.271775e+02 5.060261e+02 9.366869e+02  
3.865221e-01 1.437072e+02 3.204543e+02 4.967890e+02 9.224080e+02  
3.919100e-01 1.387752e+02 3.117523e+02 4.850558e+02 9.046135e+02  
3.973730e-01 1.330441e+02 3.018212e+02 4.717838e+02 8.846798e+02  
4.029122e-01 1.271176e+02 2.916051e+02 4.581703e+02 8.643049e+02  
4.085286e-01 1.215893e+02 2.820285e+02 4.453793e+02 8.451124e+02  
4.142232e-01 1.169205e+02 2.738044e+02 4.342983e+02 8.283102e+02  
4.199973e-01 1.133873e+02 2.673621e+02 4.254599e+02 8.146105e+02  
4.258518e-01 1.110295e+02 2.627586e+02 4.189274e+02 8.040752e+02  
4.317880e-01 1.096595e+02 2.596952e+02 4.143217e+02 7.961695e+02  
4.378069e-01 1.089069e+02 2.575883e+02 4.109080e+02 7.898768e+02  
4.439097e-01 1.083094e+02 2.557225e+02 4.077950e+02 7.839810e+02  
4.500975e-01 1.074067e+02 2.533875e+02 4.040957e+02 7.772672e+02  
4.563716e-01 1.058421e+02 2.500370e+02 3.991290e+02 7.688035e+02  
4.627332e-01 1.034678e+02 2.454459e+02 3.926147e+02 7.582102e+02  
4.691835e-01 1.003855e+02 2.397791e+02 3.847667e+02 7.458003e+02  
4.757236e-01 9.689872e+01 2.335068e+02 3.761759e+02 7.323965e+02  
4.823549e-01 9.339753e+01 2.272274e+02 3.675890e+02 7.190212e+02  
4.890787e-01 9.025277e+01 2.215062e+02 3.597043e+02 7.066116e+02  
4.958962e-01 8.771387e+01 2.167245e+02 3.529908e+02 6.957867e+02  
5.028087e-01 8.584416e+01 2.129748e+02 3.475566e+02 6.866733e+02  
5.098176e-01 8.453136e+01 2.100802e+02 3.431784e+02 6.789597e+02  
5.169242e-01 8.353416e+01 2.076688e+02 3.393946e+02 6.720243e+02  
5.241298e-01 8.254305e+01 2.052712e+02 3.356286e+02 6.651029e+02  
5.314359e-01 8.128274e+01 2.024714e+02 3.313700e+02 6.575224e+02  
5.388438e-01 7.961680e+01 1.990652e+02 3.263701e+02 6.489603e+02  
5.463550e-01 7.757051e+01 1.950940e+02 3.206833e+02 6.394989e+02  
5.539709e-01 7.530871e+01 1.908105e+02 3.146236e+02 6.295631e+02  
5.616930e-01 7.307967e+01 1.865891e+02 3.086497e+02 6.197566e+02  
5.695227e-01 7.109692e+01 1.827482e+02 3.031473e+02 6.105755e+02  
5.774615e-01 6.946922e+01 1.794483e+02 2.983079e+02 6.022580e+02  
5.855110e-01 6.818647e+01 1.766721e+02 2.941076e+02 5.947642e+02  
5.936727e-01 6.712009e+01 1.742253e+02 2.903084e+02 5.877826e+02  
6.019482e-01 6.608321e+01 1.718272e+02 2.865703e+02 5.808764e+02  
6.103390e-01 6.491893e+01 1.692463e+02 2.826149e+02 5.736950e+02  
6.188468e-01 6.355132e+01 1.663729e+02 2.783132e+02 5.660817e+02  
6.274732e-01 6.202185e+01 1.632704e+02 2.737436e+02 5.581426e+02  
6.362198e-01 6.044893e+01 1.601134e+02 2.691165e+02 5.501449e+02  
6.450884e-01 5.895217e+01 1.570785e+02 2.646431e+02 5.423529e+02  
6.540806e-01 5.765066e+01 1.543394e+02 2.605288e+02 5.350164e+02  
6.631981e-01 5.654275e+01 1.518916e+02 2.567656e+02 5.281194e+02  
6.724427e-01 5.554441e+01 1.496096e+02 2.532027e+02 5.214723e+02  
6.818162e-01 5.456706e+01 1.473650e+02 2.496885e+02 5.148903e+02  
6.913204e-01 5.351784e+01 1.450241e+02 2.460664e+02 5.081863e+02  
7.009570e-01 5.237575e+01 1.425578e+02 2.423036e+02 5.013253e+02  
7.107280e-01 5.120094e+01 1.400527e+02 2.385024e+02 4.944316e+02  
7.206351e-01 5.006335e+01 1.376104e+02 2.347820e+02 4.876484e+02  
7.306804e-01 4.902496e+01 1.353189e+02 2.312439e+02 4.810931e+02  
7.408657e-01 4.807493e+01 1.331615e+02 2.278677e+02 4.747386e+02  
7.511929e-01 4.717245e+01 1.310785e+02 2.245828e+02 4.685008e+02  
7.616642e-01 4.627447e+01 1.290098e+02 2.213207e+02 4.623013e+02  
7.722814e-01 4.535623e+01 1.269207e+02 2.180420e+02 4.560964e+02  
7.830465e-01 4.443321e+01 1.248333e+02 2.147723e+02 4.499163e+02  
7.939618e-01 4.352664e+01 1.227768e+02 2.115447e+02 4.437985e+02  
8.050292e-01 4.265845e+01 1.207823e+02 2.083946e+02 4.377825e+02  
8.162509e-01 4.183067e+01 1.188521e+02 2.053243e+02 4.318697e+02  
8.276289e-01 4.103092e+01 1.169685e+02 2.023133e+02 4.260369e+02  
8.391656e-01 4.024538e+01 1.151119e+02 1.993394e+02 4.202597e+02  
8.508632e-01 3.946395e+01 1.132692e+02 1.963882e+02 4.145232e+02  
8.627237e-01 3.869080e+01 1.114460e+02 1.934663e+02 4.088348e+02  
8.747496e-01 3.793369e+01 1.096526e+02 1.905849e+02 4.032064e+02  
8.869432e-01 3.720082e+01 1.078999e+02 1.877557e+02 3.976497e+02  
8.993067e-01 3.649471e+01 1.061911e+02 1.849822e+02 3.921684e+02  
9.118425e-01 3.580952e+01 1.045184e+02 1.822555e+02 3.867525e+02  
9.245531e-01 3.513822e+01 1.028718e+02 1.795646e+02 3.813909e+02  
9.374409e-01 3.447444e+01 1.012429e+02 1.768999e+02 3.760744e+02  
9.505083e-01 3.381904e+01 9.963304e+01 1.742649e+02 3.708052e+02  
9.637579e-01 3.317594e+01 9.804743e+01 1.716590e+02 3.655886e+02  
9.771921e-01 3.254914e+01 9.649087e+01 1.691003e+02 3.604292e+02  
9.908137e-01 3.194112e+01 9.496641e+01 1.665794e+02 3.553296e+02  
1.004625e+00 3.134994e+01 9.347152e+01 1.640975e+02 3.502871e+02  
1.018629e+00 3.077267e+01 9.200228e+01 1.616506e+02 3.452973e+02  
1.032828e+00 3.020606e+01 9.055419e+01 1.592338e+02 3.403556e+02  
1.047225e+00 2.964917e+01 8.912614e+01 1.568459e+02 3.354612e+02  
1.061823e+00 2.910276e+01 8.771910e+01 1.544881e+02 3.306149e+02  
1.076624e+00 2.856752e+01 8.633387e+01 1.521609e+02 3.258173e+02  
1.091632e+00 2.804381e+01 8.497050e+01 1.498643e+02 3.210681e+02  
1.106848e+00 2.753164e+01 8.362908e+01 1.475983e+02 3.163672e+02  
1.122277e+00 2.703071e+01 8.230918e+01 1.453625e+02 3.117142e+02  
1.137921e+00 2.654059e+01 8.101016e+01 1.431561e+02 3.071082e+02  
1.153783e+00 2.606066e+01 7.973090e+01 1.409779e+02 3.025482e+02  
1.169866e+00 2.559077e+01 7.847134e+01 1.388277e+02 2.980338e+02  
1.186174e+00 2.513058e+01 7.723098e+01 1.367051e+02 2.935647e+02  
1.202708e+00 2.467969e+01 7.600923e+01 1.346093e+02 2.891402e+02  
1.219473e+00 2.423761e+01 7.480525e+01 1.325395e+02 2.847593e+02  
1.236472e+00 2.380444e+01 7.361923e+01 1.304957e+02 2.804223e+02  
1.253708e+00 2.337999e+01 7.245086e+01 1.284777e+02 2.761286e+02  
1.271184e+00 2.296405e+01 7.129977e+01 1.264850e+02 2.718780e+02  
1.288904e+00 2.255624e+01 7.016532e+01 1.245168e+02 2.676697e+02  
1.306870e+00 2.215656e+01 6.904754e+01 1.225733e+02 2.635038e+02  
1.325087e+00 2.176477e+01 6.794606e+01 1.206539e+02 2.593797e+02  
1.343558e+00 2.138063e+01 6.686051e+01 1.187582e+02 2.552973e+02  
1.362287e+00 2.100384e+01 6.579038e+01 1.168858e+02 2.512559e+02  
1.381276e+00 2.063438e+01 6.473567e+01 1.150365e+02 2.472554e+02  
1.400531e+00 2.027205e+01 6.369605e+01 1.132099e+02 2.432957e+02  
1.420053e+00 1.991665e+01 6.267119e+01 1.114058e+02 2.393764e+02  
1.439848e+00 1.956794e+01 6.166073e+01 1.096237e+02 2.354971e+02  
1.459919e+00 1.922590e+01 6.066461e+01 1.078635e+02 2.316577e+02  
1.480269e+00 1.889035e+01 5.968255e+01 1.061249e+02 2.278580e+02  
1.500903e+00 1.856108e+01 5.871423e+01 1.044075e+02 2.240977e+02  
1.521825e+00 1.823790e+01 5.775935e+01 1.027110e+02 2.203766e+02  
1.543038e+00 1.792072e+01 5.681779e+01 1.010353e+02 2.166945e+02  
1.564548e+00 1.760940e+01 5.588932e+01 9.938003e+01 2.130513e+02  
1.586357e+00 1.730374e+01 5.497362e+01 9.774496e+01 2.094467e+02  
1.608469e+00 1.700359e+01 5.407050e+01 9.612981e+01 2.058806e+02  
1.630891e+00 1.670889e+01 5.317981e+01 9.453441e+01 2.023529e+02  
1.653624e+00 1.641952e+01 5.230139e+01 9.295857e+01 1.988633e+02  
1.676675e+00 1.613530e+01 5.143495e+01 9.140197e+01 1.954118e+02  
1.700047e+00 1.585614e+01 5.058035e+01 8.986445e+01 1.919982e+02  
1.723745e+00 1.558197e+01 4.973745e+01 8.834584e+01 1.886225e+02  
1.747773e+00 1.531268e+01 4.890609e+01 8.684593e+01 1.852844e+02  
1.772136e+00 1.504808e+01 4.808599e+01 8.536446e+01 1.819840e+02  
1.796838e+00 1.478809e+01 4.727703e+01 8.390127e+01 1.787210e+02  
1.821885e+00 1.453264e+01 4.647907e+01 8.245619e+01 1.754920e+02  
1.847281e+00 1.428163e+01 4.569198e+01 8.102905e+01 1.723037e+02  
1.873032e+00 1.403488e+01 4.491549e+01 7.961961e+01 1.691526e+02  
1.899141e+00 1.379235e+01 4.414953e+01 7.822775e+01 1.660387e+02  
1.925614e+00 1.355399e+01 4.339397e+01 7.685330e+01 1.629619e+02  
1.952456e+00 1.331969e+01 4.264867e+01 7.549612e+01 1.599222e+02  
1.979672e+00 1.308929e+01 4.191342e+01 7.415599e+01 1.569194e+02  
2.007267e+00 1.286277e+01 4.118815e+01 7.283279e+01 1.539534e+02  
2.035248e+00 1.264008e+01 4.047274e+01 7.152640e+01 1.510244e+02  
2.063618e+00 1.242111e+01 3.976705e+01 7.023665e+01 1.481321e+02  
2.092383e+00 1.220572e+01 3.907089e+01 6.896336e+01 1.452765e+02  
2.121550e+00 1.199416e+01 3.838422e+01 6.770644e+01 1.424575e+02  
2.151123e+00 1.178586e+01 3.770690e+01 6.646574e+01 1.396752e+02  
2.181109e+00 1.158096e+01 3.703882e+01 6.524113e+01 1.369294e+02  
2.211512e+00 1.137937e+01 3.637982e+01 6.403246e+01 1.342200e+02  
2.242340e+00 1.118107e+01 3.572984e+01 6.283962e+01 1.315471e+02  
2.273597e+00 1.098601e+01 3.508877e+01 6.166250e+01 1.289105e+02  
2.305289e+00 1.079408e+01 3.445650e+01 6.050096e+01 1.263101e+02  
2.337424e+00 1.060522e+01 3.383290e+01 5.935487e+01 1.237459e+02  
2.370006e+00 1.041941e+01 3.321790e+01 5.822414e+01 1.212179e+02  
2.403043e+00 1.023658e+01 3.261142e+01 5.710866e+01 1.187258e+02  
2.436540e+00 1.005666e+01 3.201332e+01 5.600830e+01 1.162697e+02  
2.470504e+00 9.879589e+00 3.142353e+01 5.492295e+01 1.138494e+02  
2.504942e+00 9.705333e+00 3.084340e+01 5.385251e+01 1.114649e+02  
2.539859e+00 9.533834e+00 3.026994e+01 5.279688e+01 1.091159e+02  
2.575263e+00 9.365024e+00 2.970452e+01 5.175594e+01 1.068025e+02  
2.611161e+00 9.198857e+00 2.914704e+01 5.072961e+01 1.045244e+02  
2.647559e+00 9.035308e+00 2.859744e+01 4.971777e+01 1.022816e+02  
2.684465e+00 8.874329e+00 2.805562e+01 4.872034e+01 1.000739e+02  
2.721885e+00 8.715856e+00 2.752150e+01 4.773722e+01 9.790121e+01  
2.759826e+00 8.559854e+00 2.699500e+01 4.676829e+01 9.576327e+01  
2.798297e+00 8.406343e+00 2.647604e+01 4.581009e+01 9.365999e+01  
2.837304e+00 8.255116e+00 2.596456e+01 4.487270e+01 9.159118e+01  
2.876854e+00 8.106280e+00 2.546046e+01 4.394584e+01 8.955665e+01  
2.916956e+00 7.959751e+00 2.496367e+01 4.303281e+01 8.755622e+01  
2.957617e+00 7.815497e+00 2.447414e+01 4.213352e+01 8.558969e+01  
2.998844e+00 7.673480e+00 2.399177e+01 4.124789e+01 8.365686e+01  
3.040646e+00 7.533649e+00 2.351651e+01 4.037581e+01 8.175749e+01  
3.083031e+00 7.395980e+00 2.304693e+01 3.951720e+01 7.989136e+01  
3.126007e+00 7.260442e+00 2.258568e+01 3.867196e+01 7.805826e+01  
3.169582e+00 7.127004e+00 2.213132e+01 3.784002e+01 7.625793e+01  
3.213764e+00 6.995614e+00 2.168378e+01 3.702126e+01 7.449010e+01  
3.258562e+00 6.866256e+00 2.124301e+01 3.621561e+01 7.275454e+01  
3.303985e+00 6.738901e+00 2.080895e+01 3.542297e+01 7.105097e+01  
3.350041e+00 6.613518e+00 2.038152e+01 3.464325e+01 6.937911e+01  
3.396739e+00 6.490062e+00 1.996066e+01 3.387636e+01 6.773867e+01  
3.444087e+00 6.368518e+00 1.954631e+01 3.312219e+01 6.612937e+01  
3.492096e+00 6.248860e+00 1.913842e+01 3.238067e+01 6.455091e+01  
3.540774e+00 6.131059e+00 1.873691e+01 3.165169e+01 6.300298e+01  
3.590130e+00 6.015078e+00 1.834173e+01 3.093515e+01 6.148525e+01  
3.640175e+00 5.900900e+00 1.795283e+01 3.023097e+01 5.999742e+01  
3.690917e+00 5.788502e+00 1.757013e+01 2.953903e+01 5.853916e+01  
3.742366e+00 5.677855e+00 1.719476e+01 2.885925e+01 5.711014e+01  
3.794533e+00 5.568928e+00 1.682430e+01 2.819047e+01 5.571001e+01  
3.847427e+00 5.461672e+00 1.645988e+01 2.753464e+01 5.433842e+01  
3.901058e+00 5.356133e+00 1.610144e+01 2.689067e+01 5.299504e+01  
3.955436e+00 5.252249e+00 1.574893e+01 2.625843e+01 5.167951e+01  
4.010573e+00 5.149995e+00 1.540228e+01 2.563782e+01 5.039147e+01  
4.066478e+00 5.049356e+00 1.506037e+01 2.502873e+01 4.913055e+01  
4.123163e+00 4.950309e+00 1.472532e+01 2.443107e+01 4.789639e+01  
4.180637e+00 4.852829e+00 1.439597e+01 2.384470e+01 4.668862e+01  
4.238913e+00 4.756894e+00 1.407227e+01 2.326953e+01 4.550687e+01  
4.298001e+00 4.662489e+00 1.375416e+01 2.270543e+01 4.435075e+01  
4.357913e+00 4.569593e+00 1.344159e+01 2.215230e+01 4.321990e+01  
4.418660e+00 4.478184e+00 1.313551e+01 2.161125e+01 4.211392e+01  
4.480254e+00 4.388244e+00 1.283385e+01 2.107969e+01 4.103245e+01  
4.542706e+00 4.299755e+00 1.253757e+01 2.055874e+01 3.997509e+01  
4.606029e+00 4.212713e+00 1.224641e+01 2.004826e+01 3.894147e+01  
4.670234e+00 4.127066e+00 1.196071e+01 1.954815e+01 3.793118e+01  
4.735335e+00 4.042814e+00 1.168023e+01 1.905704e+01 3.694385e+01  
4.801343e+00 3.959940e+00 1.140491e+01 1.857728e+01 3.597910e+01  
4.868271e+00 3.878427e+00 1.113470e+01 1.810751e+01 3.503653e+01  
4.936132e+00 3.798255e+00 1.086955e+01 1.764761e+01 3.411577e+01  
5.004939e+00 3.719410e+00 1.060939e+01 1.719743e+01 3.321642e+01  
5.074705e+00 3.641874e+00 1.035330e+01 1.675686e+01 3.233811e+01  
5.145444e+00 3.565628e+00 1.010299e+01 1.632576e+01 3.148045e+01  
5.217169e+00 3.490662e+00 9.857514e+00 1.590512e+01 3.064305e+01  
5.289893e+00 3.417207e+00 9.617649e+00 1.549254e+01 2.982555e+01  
5.363631e+00 3.344495e+00 9.381662e+00 1.508800e+01 2.902757e+01  
5.438397e+00 3.273264e+00 9.150344e+00 1.469348e+01 2.824874e+01  
5.514206e+00 3.203245e+00 8.923638e+00 1.430777e+01 2.748867e+01  
5.591071e+00 3.134424e+00 8.701490e+00 1.393075e+01 2.674700e+01  
5.669007e+00 3.066787e+00 8.483844e+00 1.356226e+01 2.602337e+01  
5.748030e+00 3.000319e+00 8.270642e+00 1.320219e+01 2.531742e+01  
5.828155e+00 2.935003e+00 8.061829e+00 1.285039e+01 2.462878e+01  
5.909396e+00 2.870827e+00 7.857344e+00 1.250674e+01 2.395711e+01  
5.991770e+00 2.807768e+00 7.657138e+00 1.217109e+01 2.330205e+01  
6.075292e+00 2.745827e+00 7.461151e+00 1.184331e+01 2.266519e+01  
6.159978e+00 2.684981e+00 7.269325e+00 1.152327e+01 2.204036e+01  
6.245845e+00 2.625227e+00 7.081603e+00 1.121083e+01 2.143308e+01  
6.332908e+00 2.566533e+00 6.897260e+00 1.090586e+01 2.084105e+01  
6.421186e+00 2.508895e+00 6.718243e+00 1.060823e+01 2.026394e+01  
6.510694e+00 2.452297e+00 6.542490e+00 1.031780e+01 1.970143e+01  
6.601449e+00 2.396727e+00 6.370612e+00 1.003444e+01 1.915319e+01  
6.693470e+00 2.342172e+00 6.202551e+00 9.758012e+00 1.861892e+01  
6.786773e+00 2.288619e+00 6.038249e+00 9.488952e+00 1.809831e+01  
6.881377e+00 2.236054e+00 5.877650e+00 9.225451e+00 1.759104e+01  
6.977300e+00 2.184464e+00 5.720694e+00 8.969054e+00 1.709683e+01  
7.074559e+00 2.133838e+00 5.567326e+00 8.719074e+00 1.661539e+01  
7.173175e+00 2.084161e+00 5.417487e+00 8.475383e+00 1.614641e+01  
7.273165e+00 2.035413e+00 5.271120e+00 8.237854e+00 1.568961e+01  
7.374549e+00 1.987599e+00 5.128168e+00 8.006360e+00 1.524471e+01  
7.477346e+00 1.940706e+00 4.988574e+00 7.780779e+00 1.481140e+01  
7.581576e+00 1.894704e+00 4.852280e+00 7.560984e+00 1.439102e+01  
7.687260e+00 1.849591e+00 4.719230e+00 7.346855e+00 1.397876e+01  
7.794416e+00 1.805353e+00 4.589367e+00 7.138269e+00 1.357883e+01  
7.903066e+00 1.761980e+00 4.462635e+00 6.935109e+00 1.318946e+01  
8.013230e+00 1.719458e+00 4.338978e+00 6.737253e+00 1.281091e+01  
8.124930e+00 1.677777e+00 4.218268e+00 6.544587e+00 1.244162e+01  
8.238187e+00 1.636924e+00 4.100665e+00 6.356994e+00 1.208259e+01  
8.353023e+00 1.596889e+00 3.985900e+00 6.174362e+00 1.173323e+01  
8.469460e+00 1.557658e+00 3.873964e+00 5.996576e+00 1.139284e+01  
8.587519e+00 1.519222e+00 3.764874e+00 5.823494e+00 1.106203e+01  
8.707225e+00 1.481568e+00 3.658506e+00 5.655074e+00 1.074017e+01  
8.828599e+00 1.444763e+00 3.554829e+00 5.491173e+00 1.042729e+01  
8.951665e+00 1.408562e+00 3.453789e+00 5.331685e+00 1.012276e+01  
9.076446e+00 1.373086e+00 3.355335e+00 5.176481e+00 9.826482e+00  
9.202967e+00 1.338450e+00 3.259395e+00 5.025561e+00 9.538280e+00  
9.331251e+00 1.304543e+00 3.165955e+00 4.878650e+00 9.258062e+00  
9.461324e+00 1.271352e+00 3.074943e+00 4.735794e+00 8.985266e+00  
9.593209e+00 1.238865e+00 2.986309e+00 4.596847e+00 8.720629e+00  
9.726934e+00 1.207073e+00 2.900019e+00 4.461716e+00 8.463046e+00  
9.862522e+00 1.175965e+00 2.815990e+00 4.330305e+00 8.212680e+00  
1.000000e+01 1.145531e+00 2.734189e+00 4.202522e+00 7.969337e+00  
