1.000000e-02 4.757870e+03 8.676990e+03 1.174278e+04 1.753440e+04  
1.013939e-02 4.785497e+03 8.727143e+03 1.181044e+04 1.763489e+04  
1.028073e-02 4.812750e+03 8.776608e+03 1.187716e+04 1.773396e+04  
1.042404e-02 4.839615e+03 8.825356e+03 1.194290e+04 1.783156e+04  
1.056935e-02 4.866073e+03 8.873357e+03 1.200762e+04 1.792762e+04  
1.071668e-02 4.892109e+03 8.920581e+03 1.207128e+04 1.802209e+04  
1.086606e-02 4.917705e+03 8.966996e+03 1.213385e+04 1.811490e+04  
1.101753e-02 4.942846e+03 9.012572e+03 1.219527e+04 1.820599e+04  
1.117111e-02 4.967513e+03 9.057277e+03 1.225551e+04 1.829530e+04  
1.132683e-02 4.991688e+03 9.101078e+03 1.231451e+04 1.838276e+04  
1.148472e-02 5.015352e+03 9.143941e+03 1.237224e+04 1.846829e+04  
1.164481e-02 5.038489e+03 9.185832e+03 1.242865e+04 1.855184e+04  
1.180713e-02 5.061078e+03 9.226718e+03 1.248369e+04 1.863333e+04  
1.197171e-02 5.083101e+03 9.266565e+03 1.253732e+04 1.871270e+04  
1.213859e-02 5.104541e+03 9.305338e+03 1.258949e+04 1.878987e+04  
1.230780e-02 5.125377e+03 9.343004e+03 1.264015e+04 1.886478e+04  
1.247936e-02 5.145592e+03 9.379529e+03 1.268927e+04 1.893736e+04  
1.265332e-02 5.165165e+03 9.414875e+03 1.273678e+04 1.900753e+04  
1.282970e-02 5.184077e+03 9.449008e+03 1.278264e+04 1.907522e+04  
1.300854e-02 5.202309e+03 9.481893e+03 1.282680e+04 1.914037e+04  
1.318987e-02 5.219843e+03 9.513496e+03 1.286923e+04 1.920290e+04  
1.337373e-02 5.236658e+03 9.543781e+03 1.290986e+04 1.926275e+04  
1.356015e-02 5.252737e+03 9.572714e+03 1.294866e+04 1.931983e+04  
1.374917e-02 5.268058e+03 9.600258e+03 1.298557e+04 1.937409e+04  
1.394083e-02 5.282601e+03 9.626375e+03 1.302054e+04 1.942544e+04  
1.413516e-02 5.296346e+03 9.651029e+03 1.305353e+04 1.947381e+04  
1.433219e-02 5.309273e+03 9.674182e+03 1.308447e+04 1.951912e+04  
1.453198e-02 5.321361e+03 9.695799e+03 1.311333e+04 1.956130e+04  
1.473454e-02 5.332593e+03 9.715845e+03 1.314006e+04 1.960030e+04  
1.493993e-02 5.342948e+03 9.734284e+03 1.316461e+04 1.963601e+04  
1.514819e-02 5.352407e+03 9.751081e+03 1.318693e+04 1.966839e+04  
1.535935e-02 5.360949e+03 9.766199e+03 1.320697e+04 1.969735e+04  
1.557345e-02 5.368557e+03 9.779606e+03 1.322469e+04 1.972284e+04  
1.579053e-02 5.375212e+03 9.791266e+03 1.324004e+04 1.974477e+04  
1.601064e-02 5.380895e+03 9.801146e+03 1.325298e+04 1.976309e+04  
1.623382e-02 5.385590e+03 9.809217e+03 1.326346e+04 1.977773e+04  
1.646012e-02 5.389280e+03 9.815449e+03 1.327144e+04 1.978864e+04  
1.668956e-02 5.391946e+03 9.819805e+03 1.327688e+04 1.979574e+04  
1.692220e-02 5.393569e+03 9.822253e+03 1.327974e+04 1.979896e+04  
1.715809e-02 5.394132e+03 9.822761e+03 1.327996e+04 1.979825e+04  
1.739726e-02 5.393617e+03 9.821298e+03 1.327751e+04 1.979355e+04  
1.763977e-02 5.392009e+03 9.817833e+03 1.327235e+04 1.978478e+04  
1.788566e-02 5.389290e+03 9.812337e+03 1.326443e+04 1.977189e+04  
1.813498e-02 5.385448e+03 9.804787e+03 1.325373e+04 1.975484e+04  
1.838777e-02 5.380468e+03 9.795156e+03 1.324021e+04 1.973358e+04  
1.864409e-02 5.374334e+03 9.783416e+03 1.322384e+04 1.970804e+04  
1.890397e-02 5.367035e+03 9.769544e+03 1.320457e+04 1.967818e+04  
1.916748e-02 5.358558e+03 9.753522e+03 1.318239e+04 1.964397e+04  
1.943467e-02 5.348894e+03 9.735329e+03 1.315727e+04 1.960537e+04  
1.970558e-02 5.338032e+03 9.714949e+03 1.312919e+04 1.956235e+04  
1.998026e-02 5.325967e+03 9.692369e+03 1.309813e+04 1.951486e+04  
2.025878e-02 5.312691e+03 9.667581e+03 1.306407e+04 1.946293e+04  
2.054117e-02 5.298196e+03 9.640566e+03 1.302701e+04 1.940649e+04  
2.082751e-02 5.282478e+03 9.611317e+03 1.298692e+04 1.934553e+04  
2.111783e-02 5.265531e+03 9.579825e+03 1.294379e+04 1.928004e+04  
2.141220e-02 5.247356e+03 9.546094e+03 1.289763e+04 1.921004e+04  
2.171068e-02 5.227952e+03 9.510121e+03 1.284844e+04 1.913551e+04  
2.201331e-02 5.207323e+03 9.471912e+03 1.279623e+04 1.905646e+04  
2.232016e-02 5.185471e+03 9.431473e+03 1.274099e+04 1.897291e+04  
2.263130e-02 5.162398e+03 9.388810e+03 1.268275e+04 1.888489e+04  
2.294676e-02 5.138106e+03 9.343926e+03 1.262151e+04 1.879239e+04  
2.326663e-02 5.112602e+03 9.296832e+03 1.255727e+04 1.869542e+04  
2.359095e-02 5.085894e+03 9.247545e+03 1.249007e+04 1.859405e+04  
2.391980e-02 5.057995e+03 9.196089e+03 1.241994e+04 1.848832e+04  
2.425323e-02 5.028917e+03 9.142488e+03 1.234692e+04 1.837826e+04  
2.459130e-02 4.998677e+03 9.086771e+03 1.227103e+04 1.826394e+04  
2.493409e-02 4.967290e+03 9.028967e+03 1.219232e+04 1.814543e+04  
2.528166e-02 4.934771e+03 8.969108e+03 1.211084e+04 1.802281e+04  
2.563407e-02 4.901142e+03 8.907227e+03 1.202662e+04 1.789611e+04  
2.599140e-02 4.866424e+03 8.843369e+03 1.193974e+04 1.776544e+04  
2.635371e-02 4.830648e+03 8.777587e+03 1.185026e+04 1.763092e+04  
2.672106e-02 4.793843e+03 8.709941e+03 1.175827e+04 1.749266e+04  
2.709354e-02 4.756043e+03 8.640487e+03 1.166383e+04 1.735078e+04  
2.747121e-02 4.717276e+03 8.569278e+03 1.156703e+04 1.720538e+04  
2.785414e-02 4.677573e+03 8.496374e+03 1.146794e+04 1.705659e+04  
2.824241e-02 4.636968e+03 8.421836e+03 1.136666e+04 1.690455e+04  
2.863610e-02 4.595499e+03 8.345732e+03 1.126326e+04 1.674937e+04  
2.903527e-02 4.553209e+03 8.268142e+03 1.115786e+04 1.659121e+04  
2.944000e-02 4.510147e+03 8.189157e+03 1.105059e+04 1.643029e+04  
2.985038e-02 4.466362e+03 8.108868e+03 1.094156e+04 1.626678e+04  
3.026648e-02 4.421898e+03 8.027351e+03 1.083087e+04 1.610082e+04  
3.068838e-02 4.376797e+03 7.944685e+03 1.071864e+04 1.593257e+04  
3.111616e-02 4.331108e+03 7.860963e+03 1.060500e+04 1.576225e+04  
3.154990e-02 4.284882e+03 7.776276e+03 1.049007e+04 1.559002e+04  
3.198969e-02 4.238177e+03 7.690728e+03 1.037397e+04 1.541608e+04  
3.243561e-02 4.191055e+03 7.604432e+03 1.025688e+04 1.524066e+04  
3.288774e-02 4.143583e+03 7.517515e+03 1.013896e+04 1.506406e+04  
3.334618e-02 4.095814e+03 7.430071e+03 1.002034e+04 1.488643e+04  
3.381101e-02 4.047800e+03 7.342192e+03 9.901135e+03 1.470796e+04  
3.428231e-02 3.999595e+03 7.253979e+03 9.781490e+03 1.452884e+04  
3.476019e-02 3.951260e+03 7.165546e+03 9.661568e+03 1.434935e+04  
3.524473e-02 3.902858e+03 7.077003e+03 9.541504e+03 1.416967e+04  
3.573602e-02 3.854457e+03 6.988474e+03 9.421468e+03 1.399005e+04  
3.623416e-02 3.806130e+03 6.900091e+03 9.301641e+03 1.381076e+04  
3.673925e-02 3.757941e+03 6.811978e+03 9.182194e+03 1.363208e+04  
3.725137e-02 3.709947e+03 6.724230e+03 9.063248e+03 1.345417e+04  
3.777064e-02 3.662207e+03 6.636954e+03 8.944950e+03 1.327724e+04  
3.829714e-02 3.614785e+03 6.550269e+03 8.827459e+03 1.310153e+04  
3.883098e-02 3.567750e+03 6.464303e+03 8.710955e+03 1.292734e+04  
3.937226e-02 3.521173e+03 6.379178e+03 8.595595e+03 1.275487e+04  
3.992109e-02 3.475129e+03 6.295031e+03 8.481564e+03 1.258439e+04  
4.047757e-02 3.429673e+03 6.211963e+03 8.369001e+03 1.241613e+04  
4.104181e-02 3.384835e+03 6.130030e+03 8.257983e+03 1.225020e+04  
4.161391e-02 3.340640e+03 6.049273e+03 8.148560e+03 1.208667e+04  
4.219398e-02 3.297114e+03 5.969739e+03 8.040797e+03 1.192563e+04  
4.278214e-02 3.254287e+03 5.891482e+03 7.934770e+03 1.176720e+04  
4.337850e-02 3.212184e+03 5.814553e+03 7.830546e+03 1.161149e+04  
4.398317e-02 3.170833e+03 5.738994e+03 7.728179e+03 1.145857e+04  
4.459628e-02 3.130270e+03 5.664871e+03 7.627758e+03 1.130856e+04  
4.521792e-02 3.090552e+03 5.592289e+03 7.529428e+03 1.116171e+04  
4.584824e-02 3.051737e+03 5.521354e+03 7.433332e+03 1.101821e+04  
4.648734e-02 3.013887e+03 5.452170e+03 7.339604e+03 1.087825e+04  
4.713535e-02 2.977065e+03 5.384852e+03 7.248399e+03 1.074208e+04  
4.779239e-02 2.941340e+03 5.319527e+03 7.159894e+03 1.060996e+04  
4.845859e-02 2.906778e+03 5.256313e+03 7.074244e+03 1.048212e+04  
4.913407e-02 2.873399e+03 5.195238e+03 6.991483e+03 1.035860e+04  
4.981898e-02 2.841149e+03 5.136205e+03 6.911481e+03 1.023922e+04  
5.051342e-02 2.809965e+03 5.079106e+03 6.834100e+03 1.012378e+04  
5.121755e-02 2.779773e+03 5.023803e+03 6.759149e+03 1.001200e+04  
5.193150e-02 2.750492e+03 4.970147e+03 6.686423e+03 9.903557e+03  
5.265540e-02 2.722030e+03 4.917971e+03 6.615701e+03 9.798130e+03  
5.338938e-02 2.694308e+03 4.867139e+03 6.546807e+03 9.695486e+03  
5.413360e-02 2.667286e+03 4.817576e+03 6.479632e+03 9.595443e+03  
5.488820e-02 2.640932e+03 4.769220e+03 6.414093e+03 9.497874e+03  
5.565331e-02 2.615210e+03 4.722004e+03 6.350100e+03 9.402647e+03  
5.642908e-02 2.590080e+03 4.675866e+03 6.287580e+03 9.309689e+03  
5.721568e-02 2.565492e+03 4.630709e+03 6.226392e+03 9.218762e+03  
5.801323e-02 2.541389e+03 4.586428e+03 6.166396e+03 9.129659e+03  
5.882190e-02 2.517699e+03 4.542893e+03 6.107417e+03 9.042124e+03  
5.964185e-02 2.494342e+03 4.499971e+03 6.049290e+03 8.955945e+03  
6.047322e-02 2.471227e+03 4.457491e+03 5.991772e+03 8.870730e+03  
6.131619e-02 2.448258e+03 4.415278e+03 5.934630e+03 8.786136e+03  
6.217090e-02 2.425331e+03 4.373152e+03 5.877623e+03 8.701810e+03  
6.303753e-02 2.402346e+03 4.330939e+03 5.820530e+03 8.617451e+03  
6.391624e-02 2.379194e+03 4.288437e+03 5.763066e+03 8.532607e+03  
6.480720e-02 2.355757e+03 4.245437e+03 5.704955e+03 8.446865e+03  
6.571058e-02 2.331910e+03 4.201721e+03 5.645905e+03 8.359801e+03  
6.662655e-02 2.307528e+03 4.157071e+03 5.585634e+03 8.271012e+03  
6.755528e-02 2.282519e+03 4.111317e+03 5.523903e+03 8.180113e+03  
6.849697e-02 2.256795e+03 4.064307e+03 5.460509e+03 8.086800e+03  
6.945178e-02 2.230265e+03 4.015885e+03 5.395247e+03 7.990777e+03  
7.041990e-02 2.202831e+03 3.965881e+03 5.327895e+03 7.891719e+03  
7.140151e-02 2.174414e+03 3.914151e+03 5.258252e+03 7.789298e+03  
7.239681e-02 2.144978e+03 3.860633e+03 5.186234e+03 7.683383e+03  
7.340598e-02 2.114488e+03 3.805276e+03 5.111780e+03 7.573894e+03  
7.442922e-02 2.082910e+03 3.748020e+03 5.034811e+03 7.460706e+03  
7.546673e-02 2.050215e+03 3.688816e+03 4.955252e+03 7.343682e+03  
7.651869e-02 2.016437e+03 3.627722e+03 4.873181e+03 7.222933e+03  
7.758532e-02 1.981627e+03 3.564842e+03 4.788749e+03 7.098692e+03  
7.866682e-02 1.945843e+03 3.500280e+03 4.702089e+03 6.971148e+03  
7.976339e-02 1.909151e+03 3.434150e+03 4.613349e+03 6.840500e+03  
8.087525e-02 1.871651e+03 3.366629e+03 4.522768e+03 6.707097e+03  
8.200261e-02 1.833462e+03 3.297943e+03 4.430655e+03 6.571419e+03  
8.314568e-02 1.794712e+03 3.228314e+03 4.337304e+03 6.433888e+03  
8.430468e-02 1.755538e+03 3.157984e+03 4.243036e+03 6.294968e+03  
8.547985e-02 1.716083e+03 3.087203e+03 4.148184e+03 6.155158e+03  
8.667139e-02 1.676496e+03 3.016249e+03 4.053131e+03 6.015050e+03  
8.787954e-02 1.636937e+03 2.945397e+03 3.958238e+03 5.875167e+03  
8.910453e-02 1.597570e+03 2.874934e+03 3.863887e+03 5.736074e+03  
9.034660e-02 1.558551e+03 2.805136e+03 3.770447e+03 5.598324e+03  
9.160598e-02 1.520046e+03 2.736307e+03 3.678337e+03 5.462574e+03  
9.288292e-02 1.482228e+03 2.668741e+03 3.587943e+03 5.329379e+03  
9.417766e-02 1.445255e+03 2.602715e+03 3.499631e+03 5.199292e+03  
9.549045e-02 1.409278e+03 2.538494e+03 3.413760e+03 5.072853e+03  
9.682153e-02 1.374460e+03 2.476375e+03 3.330737e+03 4.950708e+03  
9.817117e-02 1.340969e+03 2.416639e+03 3.250928e+03 4.833384e+03  
9.953962e-02 1.308939e+03 2.359522e+03 3.174652e+03 4.721366e+03  
1.009272e-01 1.278473e+03 2.305202e+03 3.102144e+03 4.615022e+03  
1.023340e-01 1.249674e+03 2.253867e+03 3.033669e+03 4.514773e+03  
1.037605e-01 1.222645e+03 2.205685e+03 2.969439e+03 4.420932e+03  
1.052069e-01 1.197423e+03 2.160717e+03 2.909540e+03 4.333634e+03  
1.066734e-01 1.173986e+03 2.118922e+03 2.853919e+03 4.252818e+03  
1.081604e-01 1.152304e+03 2.080251e+03 2.802515e+03 4.178414e+03  
1.096681e-01 1.132328e+03 2.044606e+03 2.755190e+03 4.110211e+03  
1.111968e-01 1.113939e+03 2.011774e+03 2.711660e+03 4.047792e+03  
1.127468e-01 1.096978e+03 1.981477e+03 2.671556e+03 3.990615e+03  
1.143184e-01 1.081273e+03 1.953409e+03 2.634471e+03 3.938081e+03  
1.159120e-01 1.066627e+03 1.927220e+03 2.599931e+03 3.889468e+03  
1.175277e-01 1.052831e+03 1.902540e+03 2.567438e+03 3.844028e+03  
1.191660e-01 1.039657e+03 1.878970e+03 2.536463e+03 3.800967e+03  
1.208271e-01 1.026865e+03 1.856092e+03 2.506442e+03 3.759427e+03  
1.225114e-01 1.014244e+03 1.833528e+03 2.476864e+03 3.718616e+03  
1.242191e-01 1.001582e+03 1.810910e+03 2.447232e+03 3.677771e+03  
1.259506e-01 9.886589e+02 1.787857e+03 2.417035e+03 3.636102e+03  
1.277063e-01 9.752892e+02 1.764045e+03 2.385833e+03 3.592916e+03  
1.294865e-01 9.613087e+02 1.739182e+03 2.353227e+03 3.547580e+03  
1.312915e-01 9.465469e+02 1.712973e+03 2.318815e+03 3.499448e+03  
1.331216e-01 9.308900e+02 1.685226e+03 2.282336e+03 3.448098e+03  
1.349772e-01 9.142729e+02 1.655825e+03 2.243629e+03 3.393255e+03  
1.368587e-01 8.966334e+02 1.624661e+03 2.202537e+03 3.334647e+03  
1.387665e-01 8.779838e+02 1.591756e+03 2.159087e+03 3.272291e+03  
1.407008e-01 8.584047e+02 1.557257e+03 2.113478e+03 3.206478e+03  
1.426621e-01 8.379872e+02 1.521322e+03 2.065913e+03 3.137509e+03  
1.446507e-01 8.168819e+02 1.484210e+03 2.016742e+03 3.065912e+03  
1.466671e-01 7.952807e+02 1.446258e+03 1.966416e+03 2.992385e+03  
1.487115e-01 7.733956e+02 1.407840e+03 1.915446e+03 2.917723e+03  
1.507845e-01 7.514565e+02 1.369353e+03 1.864364e+03 2.842757e+03  
1.528864e-01 7.297148e+02 1.331232e+03 1.813760e+03 2.768415e+03  
1.550175e-01 7.084198e+02 1.293912e+03 1.764223e+03 2.695623e+03  
1.571784e-01 6.878082e+02 1.257809e+03 1.716319e+03 2.625276e+03  
1.593694e-01 6.681161e+02 1.223328e+03 1.670596e+03 2.558244e+03  
1.615909e-01 6.495232e+02 1.190779e+03 1.627476e+03 2.495199e+03  
1.638434e-01 6.321845e+02 1.160431e+03 1.587323e+03 2.436728e+03  
1.661273e-01 6.162150e+02 1.132486e+03 1.550416e+03 2.383274e+03  
1.684430e-01 6.016465e+02 1.106992e+03 1.516821e+03 2.334963e+03  
1.707910e-01 5.884853e+02 1.083959e+03 1.486554e+03 2.291836e+03  
1.731717e-01 5.766374e+02 1.063221e+03 1.459394e+03 2.253560e+03  
1.755856e-01 5.659670e+02 1.044545e+03 1.435025e+03 2.219648e+03  
1.780332e-01 5.562935e+02 1.027611e+03 1.413019e+03 2.189443e+03  
1.805149e-01 5.474019e+02 1.012044e+03 1.392868e+03 2.162154e+03  
1.830312e-01 5.390670e+02 9.974536e+02 1.374042e+03 2.136941e+03  
1.855825e-01 5.310560e+02 9.834363e+02 1.355993e+03 2.112928e+03  
1.881694e-01 5.231297e+02 9.695737e+02 1.338149e+03 2.089208e+03  
1.907924e-01 5.150631e+02 9.554743e+02 1.319976e+03 2.064913e+03  
1.934520e-01 5.066410e+02 9.407652e+02 1.300958e+03 2.039193e+03  
1.961486e-01 4.976946e+02 9.251531e+02 1.280689e+03 2.011372e+03  
1.988828e-01 4.880863e+02 9.083964e+02 1.258836e+03 1.980894e+03  
2.016551e-01 4.777816e+02 8.904351e+02 1.235309e+03 1.947597e+03  
2.044661e-01 4.667967e+02 8.712975e+02 1.210143e+03 1.911506e+03  
2.073162e-01 4.552375e+02 8.511677e+02 1.183585e+03 1.873013e+03  
2.102061e-01 4.432505e+02 8.302988e+02 1.155983e+03 1.832686e+03  
2.131362e-01 4.310348e+02 8.090369e+02 1.127811e+03 1.791294e+03  
2.161073e-01 4.188048e+02 7.877547e+02 1.099579e+03 1.749661e+03  
2.191197e-01 4.067722e+02 7.668197e+02 1.071793e+03 1.708621e+03  
2.221741e-01 3.951386e+02 7.465811e+02 1.044936e+03 1.668979e+03  
2.252711e-01 3.840875e+02 7.273568e+02 1.019447e+03 1.631457e+03  
2.284112e-01 3.737659e+02 7.094014e+02 9.956741e+02 1.596619e+03  
2.315951e-01 3.642785e+02 6.928960e+02 9.738696e+02 1.564898e+03  
2.348235e-01 3.556528e+02 6.778871e+02 9.541020e+02 1.536420e+03  
2.380968e-01 3.478588e+02 6.643225e+02 9.363017e+02 1.511082e+03  
2.414157e-01 3.407951e+02 6.520252e+02 9.202232e+02 1.488476e+03  
2.447809e-01 3.343218e+02 6.407530e+02 9.055388e+02 1.468083e+03  
2.481930e-01 3.282736e+02 6.302188e+02 8.918553e+02 1.449268e+03  
2.516527e-01 3.224743e+02 6.201167e+02 8.787514e+02 1.431336e+03  
2.551606e-01 3.167435e+02 6.101321e+02 8.657865e+02 1.413538e+03  
2.587174e-01 3.109007e+02 5.999525e+02 8.525318e+02 1.395175e+03  
2.623238e-01 3.048045e+02 5.893315e+02 8.386440e+02 1.375667e+03  
2.659804e-01 2.983645e+02 5.781113e+02 8.239015e+02 1.354636e+03  
2.696881e-01 2.915696e+02 5.662705e+02 8.082660e+02 1.331989e+03  
2.734474e-01 2.844849e+02 5.539238e+02 7.919016e+02 1.308016e+03  
2.772591e-01 2.772310e+02 5.412803e+02 7.750981e+02 1.283204e+03  
2.811239e-01 2.699499e+02 5.285867e+02 7.581978e+02 1.258123e+03  
2.850426e-01 2.627765e+02 5.160755e+02 7.415199e+02 1.233298e+03  
2.890160e-01 2.558326e+02 5.039604e+02 7.253681e+02 1.209260e+03  
2.930447e-01 2.492298e+02 4.924349e+02 7.100124e+02 1.186466e+03  
2.971296e-01 2.430606e+02 4.816587e+02 6.956747e+02 1.165289e+03  
3.012714e-01 2.373706e+02 4.717095e+02 6.824609e+02 1.145901e+03  
3.054710e-01 2.321457e+02 4.625644e+02 6.703458e+02 1.128280e+03  
3.097291e-01 2.273147e+02 4.541001e+02 6.591585e+02 1.112142e+03  
3.140465e-01 2.227618e+02 4.461143e+02 6.486163e+02 1.097009e+03  
3.184242e-01 2.183650e+02 4.383937e+02 6.384205e+02 1.082371e+03  
3.228628e-01 2.140160e+02 4.307529e+02 6.283162e+02 1.067813e+03  
3.273634e-01 2.096322e+02 4.230476e+02 6.181017e+02 1.052992e+03  
3.319266e-01 2.051563e+02 4.151766e+02 6.076326e+02 1.037653e+03  
3.365535e-01 2.005594e+02 4.070893e+02 5.968365e+02 1.021673e+03  
3.412449e-01 1.958586e+02 3.988173e+02 5.857613e+02 1.005142e+03  
3.460016e-01 1.911184e+02 3.904728e+02 5.745641e+02 9.883290e+02  
3.508247e-01 1.864314e+02 3.822146e+02 5.634645e+02 9.716000e+02  
3.557150e-01 1.818877e+02 3.741997e+02 5.526837e+02 9.553347e+02  
3.606735e-01 1.775490e+02 3.665370e+02 5.423771e+02 9.398071e+02  
3.657011e-01 1.734430e+02 3.592741e+02 5.326122e+02 9.251328e+02  
3.707988e-01 1.695764e+02 3.524205e+02 5.233989e+02 9.113204e+02  
3.759675e-01 1.659338e+02 3.459503e+02 5.147035e+02 8.983194e+02  
3.812083e-01 1.624667e+02 3.397805e+02 5.064121e+02 8.859427e+02  
3.865221e-01 1.591090e+02 3.337963e+02 4.983641e+02 8.739193e+02  
3.919100e-01 1.557970e+02 3.278845e+02 4.903972e+02 8.619636e+02  
3.973730e-01 1.524850e+02 3.219676e+02 4.824058e+02 8.499052e+02  
4.029122e-01 1.491616e+02 3.160270e+02 4.743652e+02 8.377069e+02  
4.085286e-01 1.458316e+02 3.100709e+02 4.662873e+02 8.253907e+02  
4.142232e-01 1.425195e+02 3.041387e+02 4.582238e+02 8.130352e+02  
4.199973e-01 1.392647e+02 2.983017e+02 4.502784e+02 8.008282e+02  
4.258518e-01 1.361137e+02 2.926411e+02 4.425661e+02 7.889675e+02  
4.317880e-01 1.330917e+02 2.872003e+02 4.351482e+02 7.775576e+02  
4.378069e-01 1.302016e+02 2.819808e+02 4.280227e+02 7.665850e+02  
4.439097e-01 1.274319e+02 2.769661e+02 4.211707e+02 7.560294e+02  
4.500975e-01 1.247649e+02 2.721257e+02 4.145499e+02 7.458200e+02  
4.563716e-01 1.221690e+02 2.674042e+02 4.080829e+02 7.358259e+02  
4.627332e-01 1.196135e+02 2.627460e+02 4.016887e+02 7.259039e+02  
4.691835e-01 1.170825e+02 2.581270e+02 3.953376e+02 7.160146e+02  
4.757236e-01 1.145794e+02 2.535531e+02 3.890381e+02 7.061739e+02  
4.823549e-01 1.121118e+02 2.490370e+02 3.828079e+02 6.964114e+02  
4.890787e-01 1.096964e+02 2.446051e+02 3.766821e+02 6.867821e+02  
4.958962e-01 1.073490e+02 2.402881e+02 3.707066e+02 6.773706e+02  
5.028087e-01 1.050834e+02 2.361092e+02 3.649140e+02 6.682322e+02  
5.098176e-01 1.028957e+02 2.320610e+02 3.592931e+02 6.593459e+02  
5.169242e-01 1.007736e+02 2.281208e+02 3.538114e+02 6.506553e+02  
5.241298e-01 9.870830e+01 2.242758e+02 3.484531e+02 6.421401e+02  
5.314359e-01 9.668756e+01 2.205051e+02 3.431895e+02 6.337533e+02  
5.388438e-01 9.469958e+01 2.167872e+02 3.379901e+02 6.254430e+02  
5.463550e-01 9.274674e+01 2.131258e+02 3.328596e+02 6.172170e+02  
5.539709e-01 9.083635e+01 2.095353e+02 3.278199e+02 6.091163e+02  
5.616930e-01 8.897190e+01 2.060216e+02 3.228796e+02 6.011553e+02  
5.695227e-01 8.715771e+01 2.025909e+02 3.180459e+02 5.933436e+02  
5.774615e-01 8.539720e+01 1.992488e+02 3.133270e+02 5.856953e+02  
5.855110e-01 8.368522e+01 1.959880e+02 3.087140e+02 5.781987e+02  
5.936727e-01 8.201409e+01 1.927955e+02 3.041890e+02 5.708249e+02  
6.019482e-01 8.038051e+01 1.896641e+02 2.997410e+02 5.635544e+02  
6.103390e-01 7.878204e+01 1.865902e+02 2.953659e+02 5.563821e+02  
6.188468e-01 7.721556e+01 1.835697e+02 2.910590e+02 5.493027e+02  
6.274732e-01 7.568723e+01 1.806130e+02 2.868346e+02 5.423396e+02  
6.362198e-01 7.419619e+01 1.777170e+02 2.826873e+02 5.354820e+02  
6.450884e-01 7.274362e+01 1.748847e+02 2.786222e+02 5.287397e+02  
6.540806e-01 7.132671e+01 1.721120e+02 2.746343e+02 5.221061e+02  
6.631981e-01 6.994397e+01 1.693964e+02 2.707201e+02 5.155759e+02  
6.724427e-01 6.859338e+01 1.667328e+02 2.668717e+02 5.091346e+02  
6.818162e-01 6.727255e+01 1.641187e+02 2.630866e+02 5.027808e+02  
6.913204e-01 6.598133e+01 1.615541e+02 2.593654e+02 4.965159e+02  
7.009570e-01 6.471991e+01 1.590393e+02 2.557085e+02 4.903409e+02  
7.107280e-01 6.348820e+01 1.565725e+02 2.521124e+02 4.842483e+02  
7.206351e-01 6.228587e+01 1.541548e+02 2.485795e+02 4.782441e+02  
7.306804e-01 6.111183e+01 1.517844e+02 2.451079e+02 4.723254e+02  
7.408657e-01 5.996483e+01 1.494592e+02 2.416946e+02 4.664879e+02  
7.511929e-01 5.884344e+01 1.471753e+02 2.383335e+02 4.607207e+02  
7.616642e-01 5.774733e+01 1.449339e+02 2.350271e+02 4.550297e+02  
7.722814e-01 5.667600e+01 1.427339e+02 2.317743e+02 4.494132e+02  
7.830465e-01 5.562885e+01 1.405744e+02 2.285735e+02 4.438685e+02  
7.939618e-01 5.460510e+01 1.384528e+02 2.254211e+02 4.383894e+02  
8.050292e-01 5.360442e+01 1.363701e+02 2.223186e+02 4.329797e+02  
8.162509e-01 5.262613e+01 1.343249e+02 2.192647e+02 4.276370e+02  
8.276289e-01 5.166943e+01 1.323157e+02 2.162570e+02 4.223579e+02  
8.391656e-01 5.073366e+01 1.303408e+02 2.132931e+02 4.171382e+02  
8.508632e-01 4.981855e+01 1.284006e+02 2.103741e+02 4.119804e+02  
8.627237e-01 4.892354e+01 1.264943e+02 2.074988e+02 4.068827e+02  
8.747496e-01 4.804796e+01 1.246204e+02 2.046651e+02 4.018417e+02  
8.869432e-01 4.719128e+01 1.227778e+02 2.018713e+02 3.968550e+02  
8.993067e-01 4.635313e+01 1.209664e+02 1.991180e+02 3.919237e+02  
9.118425e-01 4.553295e+01 1.191853e+02 1.964039e+02 3.870459e+02  
9.245531e-01 4.473011e+01 1.174332e+02 1.937270e+02 3.822187e+02  
9.374409e-01 4.394422e+01 1.157094e+02 1.910863e+02 3.774406e+02  
9.505083e-01 4.317499e+01 1.140138e+02 1.884822e+02 3.727122e+02  
9.637579e-01 4.242192e+01 1.123456e+02 1.859136e+02 3.680319e+02  
9.771921e-01 4.168449e+01 1.107036e+02 1.833786e+02 3.633971e+02  
9.908137e-01 4.096233e+01 1.090873e+02 1.808767e+02 3.588070e+02  
1.004625e+00 4.025509e+01 1.074964e+02 1.784078e+02 3.542615e+02  
1.018629e+00 3.956236e+01 1.059302e+02 1.759709e+02 3.497592e+02  
1.032828e+00 3.888359e+01 1.043876e+02 1.735643e+02 3.452977e+02  
1.047225e+00 3.821852e+01 1.028682e+02 1.711879e+02 3.408768e+02  
1.061823e+00 3.756681e+01 1.013717e+02 1.688413e+02 3.364960e+02  
1.076624e+00 3.692813e+01 9.989764e+01 1.665238e+02 3.321543e+02  
1.091632e+00 3.630200e+01 9.844484e+01 1.642339e+02 3.278496e+02  
1.106848e+00 3.568823e+01 9.701327e+01 1.619716e+02 3.235820e+02  
1.122277e+00 3.508654e+01 9.560259e+01 1.597366e+02 3.193510e+02  
1.137921e+00 3.449667e+01 9.421235e+01 1.575282e+02 3.151557e+02  
1.153783e+00 3.391811e+01 9.284146e+01 1.553451e+02 3.109943e+02  
1.169866e+00 3.335073e+01 9.148998e+01 1.531873e+02 3.068670e+02  
1.186174e+00 3.279425e+01 9.015754e+01 1.510545e+02 3.027731e+02  
1.202708e+00 3.224841e+01 8.884368e+01 1.489462e+02 2.987120e+02  
1.219473e+00 3.171267e+01 8.754734e+01 1.468608e+02 2.946820e+02  
1.236472e+00 3.118693e+01 8.626864e+01 1.447988e+02 2.906835e+02  
1.253708e+00 3.067099e+01 8.500725e+01 1.427596e+02 2.867158e+02  
1.271184e+00 3.016460e+01 8.376280e+01 1.407429e+02 2.827785e+02  
1.288904e+00 2.966738e+01 8.253448e+01 1.387476e+02 2.788704e+02  
1.306870e+00 2.917929e+01 8.132246e+01 1.367739e+02 2.749917e+02  
1.325087e+00 2.870011e+01 8.012639e+01 1.348216e+02 2.711421e+02  
1.343558e+00 2.822957e+01 7.894584e+01 1.328899e+02 2.673210e+02  
1.362287e+00 2.776730e+01 7.778015e+01 1.309783e+02 2.635276e+02  
1.381276e+00 2.731326e+01 7.662941e+01 1.290867e+02 2.597621e+02  
1.400531e+00 2.686726e+01 7.549332e+01 1.272149e+02 2.560241e+02  
1.420053e+00 2.642906e+01 7.437149e+01 1.253625e+02 2.523133e+02  
1.439848e+00 2.599838e+01 7.326347e+01 1.235288e+02 2.486292e+02  
1.459919e+00 2.557517e+01 7.216928e+01 1.217140e+02 2.449720e+02  
1.480269e+00 2.515927e+01 7.108866e+01 1.199177e+02 2.413414e+02  
1.500903e+00 2.475041e+01 7.002121e+01 1.181396e+02 2.377371e+02  
1.521825e+00 2.434840e+01 6.896662e+01 1.163792e+02 2.341590e+02  
1.543038e+00 2.395317e+01 6.792488e+01 1.146366e+02 2.306071e+02  
1.564548e+00 2.356458e+01 6.689575e+01 1.129115e+02 2.270814e+02  
1.586357e+00 2.318239e+01 6.587888e+01 1.112036e+02 2.235817e+02  
1.608469e+00 2.280646e+01 6.487407e+01 1.095126e+02 2.201468e+02  
1.630891e+00 2.243674e+01 6.388127e+01 1.078386e+02 2.166604e+02  
1.653624e+00 2.207306e+01 6.290027e+01 1.061812e+02 2.131897e+02  
1.676675e+00 2.171520e+01 6.193075e+01 1.045401e+02 2.098435e+02  
1.700047e+00 2.136308e+01 6.097259e+01 1.029154e+02 2.064744e+02  
1.723745e+00 2.101661e+01 6.002569e+01 1.013068e+02 2.031315e+02  
1.747773e+00 2.067564e+01 5.908986e+01 9.971413e+01 1.998151e+02  
1.772136e+00 2.033998e+01 5.816482e+01 9.813724e+01 1.965253e+02  
1.796838e+00 2.000957e+01 5.725052e+01 9.657603e+01 1.932621e+02  
1.821885e+00 1.968434e+01 5.634686e+01 9.503041e+01 1.900259e+02  
1.847281e+00 1.936416e+01 5.545367e+01 9.350026e+01 1.868167e+02  
1.873032e+00 1.904886e+01 5.457074e+01 9.198536e+01 1.836349e+02  
1.899141e+00 1.873842e+01 5.370030e+01 9.048570e+01 1.804805e+02  
1.925614e+00 1.843272e+01 5.283188e+01 8.900119e+01 1.773538e+02  
1.952456e+00 1.813168e+01 5.198271e+01 8.753172e+01 1.742552e+02  
1.979672e+00 1.783512e+01 5.113980e+01 8.607714e+01 1.711847e+02  
2.007267e+00 1.754299e+01 5.030663e+01 8.463744e+01 1.681427e+02  
2.035248e+00 1.725526e+01 4.948307e+01 8.321254e+01 1.651294e+02  
2.063618e+00 1.697182e+01 4.866903e+01 8.180237e+01 1.621452e+02  
2.092383e+00 1.669252e+01 4.786434e+01 8.040682e+01 1.591902e+02  
2.121550e+00 1.641735e+01 4.706899e+01 7.902590e+01 1.562647e+02  
2.151123e+00 1.614623e+01 4.628286e+01 7.765955e+01 1.533690e+02  
2.181109e+00 1.587908e+01 4.550588e+01 7.630771e+01 1.505034e+02  
2.211512e+00 1.561578e+01 4.473791e+01 7.497031e+01 1.476682e+02  
2.242340e+00 1.535631e+01 4.397891e+01 7.364735e+01 1.448636e+02  
2.273597e+00 1.510059e+01 4.322781e+01 7.233879e+01 1.420898e+02  
2.305289e+00 1.484856e+01 4.248651e+01 7.104459e+01 1.393472e+02  
2.337424e+00 1.460011e+01 4.175392e+01 6.976472e+01 1.366360e+02  
2.370006e+00 1.435523e+01 4.103001e+01 6.849916e+01 1.339564e+02  
2.403043e+00 1.411386e+01 4.031471e+01 6.724791e+01 1.313087e+02  
2.436540e+00 1.387592e+01 3.960792e+01 6.601093e+01 1.286930e+02  
2.470504e+00 1.364134e+01 3.890960e+01 6.478819e+01 1.261097e+02  
2.504942e+00 1.341009e+01 3.821968e+01 6.357971e+01 1.235588e+02  
2.539859e+00 1.318211e+01 3.753811e+01 6.238546e+01 1.210406e+02  
2.575263e+00 1.295735e+01 3.686482e+01 6.120543e+01 1.185552e+02  
2.611161e+00 1.273573e+01 3.619976e+01 6.003961e+01 1.161029e+02  
2.647559e+00 1.251726e+01 3.554289e+01 5.888800e+01 1.136914e+02  
2.684465e+00 1.230184e+01 3.489414e+01 5.775058e+01 1.113054e+02  
2.721885e+00 1.208945e+01 3.425347e+01 5.662735e+01 1.089528e+02  
2.759826e+00 1.188002e+01 3.362082e+01 5.551831e+01 1.066336e+02  
2.798297e+00 1.167354e+01 3.299615e+01 5.441749e+01 1.043480e+02  
2.837304e+00 1.146996e+01 3.237942e+01 5.334273e+01 1.020960e+02  
2.876854e+00 1.126921e+01 3.177057e+01 5.227618e+01 9.987757e+01  
2.916956e+00 1.107128e+01 3.116956e+01 5.122378e+01 9.769285e+01  
2.957617e+00 1.087612e+01 3.057636e+01 5.018552e+01 9.554180e+01  
2.998844e+00 1.068371e+01 2.999176e+01 4.916137e+01 9.342442e+01  
3.040646e+00 1.049398e+01 2.941402e+01 4.815134e+01 9.134065e+01  
3.083031e+00 1.030691e+01 2.884396e+01 4.715540e+01 8.929047e+01  
3.126007e+00 1.012248e+01 2.828153e+01 4.617355e+01 8.727382e+01  
3.169582e+00 9.940646e+00 2.772671e+01 4.520575e+01 8.528391e+01  
3.213764e+00 9.761358e+00 2.717944e+01 4.425197e+01 8.333412e+01  
3.258562e+00 9.584602e+00 2.663969e+01 4.331221e+01 8.141757e+01  
3.303985e+00 9.410348e+00 2.610743e+01 4.238642e+01 7.953412e+01  
3.350041e+00 9.238564e+00 2.558262e+01 4.147457e+01 7.768363e+01  
3.396739e+00 9.069206e+00 2.506522e+01 4.057662e+01 7.586593e+01  
3.444087e+00 8.902260e+00 2.455518e+01 3.969257e+01 7.408084e+01  
3.492096e+00 8.737697e+00 2.405249e+01 3.882232e+01 7.232818e+01  
3.540774e+00 8.575487e+00 2.355709e+01 3.796584e+01 7.060775e+01  
3.590130e+00 8.415595e+00 2.306836e+01 3.712309e+01 6.891931e+01  
3.640175e+00 8.258004e+00 2.258747e+01 3.629400e+01 6.726265e+01  
3.690917e+00 8.102686e+00 2.211377e+01 3.547853e+01 6.563751e+01  
3.742366e+00 7.949627e+00 2.164722e+01 3.467657e+01 6.404364e+01  
3.794533e+00 7.798774e+00 2.118777e+01 3.388812e+01 6.248077e+01  
3.847427e+00 7.650120e+00 2.073540e+01 3.311308e+01 6.094863e+01  
3.901058e+00 7.503641e+00 2.029006e+01 3.235252e+01 5.944692e+01  
3.955436e+00 7.359311e+00 1.985171e+01 3.160406e+01 5.797534e+01  
4.010573e+00 7.217105e+00 1.942031e+01 3.086877e+01 5.653358e+01  
4.066478e+00 7.077005e+00 1.899582e+01 3.014656e+01 5.512132e+01  
4.123163e+00 6.938987e+00 1.857820e+01 2.943735e+01 5.373824e+01  
4.180637e+00 6.803027e+00 1.816740e+01 2.874104e+01 5.238400e+01  
4.238913e+00 6.669103e+00 1.776338e+01 2.805752e+01 5.105825e+01  
4.298001e+00 6.537198e+00 1.736776e+01 2.738670e+01 4.976498e+01  
4.357913e+00 6.407288e+00 1.697579e+01 2.672848e+01 4.849506e+01  
4.418660e+00 6.279353e+00 1.659181e+01 2.608273e+01 4.725256e+01  
4.480254e+00 6.153372e+00 1.621444e+01 2.544931e+01 4.603712e+01  
4.542706e+00 6.029326e+00 1.584361e+01 2.482719e+01 4.484837e+01  
4.606029e+00 5.907195e+00 1.547927e+01 2.421820e+01 4.368214e+01  
4.670234e+00 5.786959e+00 1.512138e+01 2.362123e+01 4.254572e+01  
4.735335e+00 5.668598e+00 1.476988e+01 2.303614e+01 4.143485e+01  
4.801343e+00 5.552093e+00 1.442472e+01 2.246281e+01 4.034913e+01  
4.868271e+00 5.437403e+00 1.408585e+01 2.190111e+01 3.928819e+01  
4.936132e+00 5.324555e+00 1.375320e+01 2.135091e+01 3.825488e+01  
5.004939e+00 5.213508e+00 1.342672e+01 2.081206e+01 3.724216e+01  
5.074705e+00 5.104243e+00 1.310636e+01 2.028444e+01 3.625303e+01  
5.145444e+00 4.996743e+00 1.279205e+01 1.976885e+01 3.528707e+01  
5.217169e+00 4.890988e+00 1.248321e+01 1.926326e+01 3.432917e+01  
5.289893e+00 4.786961e+00 1.218083e+01 1.876846e+01 3.342312e+01  
5.363631e+00 4.684645e+00 1.188426e+01 1.828433e+01 3.252433e+01  
5.438397e+00 4.584325e+00 1.159356e+01 1.781071e+01 3.164713e+01  
5.514206e+00 4.484886e+00 1.130861e+01 1.734746e+01 3.079113e+01  
5.591071e+00 4.387784e+00 1.102934e+01 1.689442e+01 2.995593e+01  
5.669007e+00 4.292134e+00 1.075568e+01 1.645145e+01 2.914114e+01  
5.748030e+00 4.198109e+00 1.048757e+01 1.601840e+01 2.834637e+01  
5.828155e+00 4.105691e+00 1.022494e+01 1.559512e+01 2.756908e+01  
5.909396e+00 4.014862e+00 9.967716e+00 1.518146e+01 2.681533e+01  
5.991770e+00 3.925607e+00 9.715839e+00 1.477727e+01 2.607828e+01  
6.075292e+00 3.837908e+00 9.469237e+00 1.438239e+01 2.535972e+01  
6.159978e+00 3.751748e+00 9.227839e+00 1.399667e+01 2.465927e+01  
6.245845e+00 3.667111e+00 8.991578e+00 1.361997e+01 2.397654e+01  
6.332908e+00 3.583981e+00 8.760368e+00 1.325213e+01 2.331116e+01  
6.421186e+00 3.502341e+00 8.534170e+00 1.289299e+01 2.266276e+01  
6.510694e+00 3.422196e+00 8.312885e+00 1.254241e+01 2.203099e+01  
6.601449e+00 3.343486e+00 8.096450e+00 1.220023e+01 2.141548e+01  
6.693470e+00 3.266217e+00 7.884793e+00 1.186631e+01 2.081588e+01  
6.786773e+00 3.190373e+00 7.677842e+00 1.153969e+01 2.023184e+01  
6.881377e+00 3.115936e+00 7.475524e+00 1.122262e+01 1.966316e+01  
6.977300e+00 3.042889e+00 7.277768e+00 1.091256e+01 1.910921e+01  
7.074559e+00 2.971221e+00 7.084502e+00 1.061016e+01 1.856978e+01  
7.173175e+00 2.900912e+00 6.895652e+00 1.031527e+01 1.804456e+01  
7.273165e+00 2.831933e+00 6.711147e+00 1.002782e+01 1.753322e+01  
7.374549e+00 2.764133e+00 6.530915e+00 9.747513e+00 1.703543e+01  
7.477346e+00 2.697821e+00 6.354884e+00 9.474278e+00 1.655087e+01  
7.581576e+00 2.632787e+00 6.182981e+00 9.207975e+00 1.607924e+01  
7.687260e+00 2.569032e+00 6.015136e+00 8.948463e+00 1.561960e+01  
7.794416e+00 2.506540e+00 5.851277e+00 8.695601e+00 1.517290e+01  
7.903066e+00 2.445295e+00 5.691333e+00 8.449252e+00 1.473823e+01  
8.013230e+00 2.385280e+00 5.535234e+00 8.209277e+00 1.431529e+01  
8.124930e+00 2.326480e+00 5.382914e+00 7.975541e+00 1.390380e+01  
8.238187e+00 2.268877e+00 5.234367e+00 7.747910e+00 1.350346e+01  
8.353023e+00 2.212457e+00 5.089381e+00 7.526253e+00 1.311402e+01  
8.469460e+00 2.157203e+00 4.947962e+00 7.310436e+00 1.273520e+01  
8.587519e+00 2.103099e+00 4.810041e+00 7.100332e+00 1.236703e+01  
8.707225e+00 2.050129e+00 4.675549e+00 6.894942e+00 1.200865e+01  
8.828599e+00 1.998277e+00 4.544422e+00 6.695868e+00 1.166012e+01  
8.951665e+00 1.947545e+00 4.416590e+00 6.502060e+00 1.132092e+01  
9.076446e+00 1.897861e+00 4.291989e+00 6.313566e+00 1.099134e+01  
9.202967e+00 1.849265e+00 4.170554e+00 6.130193e+00 1.067088e+01  
9.331251e+00 1.801716e+00 4.052218e+00 5.951765e+00 1.035931e+01  
9.461324e+00 1.755219e+00 3.936924e+00 5.778194e+00 1.005638e+01  
9.593209e+00 1.709736e+00 3.824597e+00 5.609366e+00 9.761890e+00  
9.726934e+00 1.665259e+00 3.714980e+00 5.445167e+00 9.475614e+00  
9.862522e+00 1.621771e+00 3.608610e+00 5.285462e+00 9.197339e+00  
1.000000e+01 1.579257e+00 3.504829e+00 5.130190e+00 8.926857e+00  
