1.000000e-02 3.453759e+03 6.271647e+03 8.455249e+03 1.252948e+04  
1.013939e-02 3.474024e+03 6.308284e+03 8.504493e+03 1.260209e+04  
1.028073e-02 3.494058e+03 6.344499e+03 8.553164e+03 1.267385e+04  
1.042404e-02 3.513853e+03 6.380274e+03 8.601236e+03 1.274471e+04  
1.056935e-02 3.533398e+03 6.415592e+03 8.648688e+03 1.281464e+04  
1.071668e-02 3.552684e+03 6.450433e+03 8.695495e+03 1.288360e+04  
1.086606e-02 3.571702e+03 6.484782e+03 8.741631e+03 1.295156e+04  
1.101753e-02 3.590440e+03 6.518619e+03 8.787074e+03 1.301849e+04  
1.117111e-02 3.608890e+03 6.551928e+03 8.831801e+03 1.308434e+04  
1.132683e-02 3.627042e+03 6.584691e+03 8.875786e+03 1.314908e+04  
1.148472e-02 3.644886e+03 6.616889e+03 8.919006e+03 1.321268e+04  
1.164481e-02 3.662413e+03 6.648504e+03 8.961435e+03 1.327510e+04  
1.180713e-02 3.679611e+03 6.679520e+03 9.003052e+03 1.333630e+04  
1.197171e-02 3.696473e+03 6.709919e+03 9.043832e+03 1.339626e+04  
1.213859e-02 3.712989e+03 6.739683e+03 9.083753e+03 1.345493e+04  
1.230780e-02 3.729149e+03 6.768798e+03 9.122792e+03 1.351228e+04  
1.247936e-02 3.744944e+03 6.797243e+03 9.160925e+03 1.356828e+04  
1.265332e-02 3.760362e+03 6.824998e+03 9.198123e+03 1.362289e+04  
1.282970e-02 3.775393e+03 6.852045e+03 9.234360e+03 1.367606e+04  
1.300854e-02 3.790026e+03 6.878363e+03 9.269611e+03 1.372776e+04  
1.318987e-02 3.804251e+03 6.903936e+03 9.303852e+03 1.377796e+04  
1.337373e-02 3.818058e+03 6.928744e+03 9.337057e+03 1.382661e+04  
1.356015e-02 3.831437e+03 6.952769e+03 9.369202e+03 1.387367e+04  
1.374917e-02 3.844377e+03 6.975992e+03 9.400261e+03 1.391912e+04  
1.394083e-02 3.856869e+03 6.998394e+03 9.430209e+03 1.396292e+04  
1.413516e-02 3.868901e+03 7.019957e+03 9.459020e+03 1.400502e+04  
1.433219e-02 3.880463e+03 7.040661e+03 9.486669e+03 1.404538e+04  
1.453198e-02 3.891547e+03 7.060489e+03 9.513132e+03 1.408399e+04  
1.473454e-02 3.902142e+03 7.079426e+03 9.538389e+03 1.412079e+04  
1.493993e-02 3.912239e+03 7.097453e+03 9.562414e+03 1.415576e+04  
1.514819e-02 3.921830e+03 7.114553e+03 9.585186e+03 1.418886e+04  
1.535935e-02 3.930903e+03 7.130709e+03 9.606680e+03 1.422006e+04  
1.557345e-02 3.939450e+03 7.145903e+03 9.626872e+03 1.424933e+04  
1.579053e-02 3.947460e+03 7.160116e+03 9.645739e+03 1.427662e+04  
1.601064e-02 3.954924e+03 7.173334e+03 9.663257e+03 1.430190e+04  
1.623382e-02 3.961835e+03 7.185540e+03 9.679408e+03 1.432515e+04  
1.646012e-02 3.968184e+03 7.196721e+03 9.694173e+03 1.434634e+04  
1.668956e-02 3.973964e+03 7.206863e+03 9.707531e+03 1.436544e+04  
1.692220e-02 3.979164e+03 7.215947e+03 9.719460e+03 1.438241e+04  
1.715809e-02 3.983778e+03 7.223960e+03 9.729941e+03 1.439722e+04  
1.739726e-02 3.987796e+03 7.230887e+03 9.738954e+03 1.440986e+04  
1.763977e-02 3.991212e+03 7.236714e+03 9.746479e+03 1.442028e+04  
1.788566e-02 3.994018e+03 7.241429e+03 9.752501e+03 1.442847e+04  
1.813498e-02 3.996209e+03 7.245023e+03 9.757009e+03 1.443441e+04  
1.838777e-02 3.997780e+03 7.247485e+03 9.759986e+03 1.443807e+04  
1.864409e-02 3.998723e+03 7.248802e+03 9.761416e+03 1.443944e+04  
1.890397e-02 3.999032e+03 7.248961e+03 9.761281e+03 1.443848e+04  
1.916748e-02 3.998700e+03 7.247954e+03 9.759571e+03 1.443518e+04  
1.943467e-02 3.997723e+03 7.245769e+03 9.756270e+03 1.442953e+04  
1.970558e-02 3.996096e+03 7.242400e+03 9.751369e+03 1.442149e+04  
1.998026e-02 3.993817e+03 7.237841e+03 9.744859e+03 1.441107e+04  
2.025878e-02 3.990882e+03 7.232089e+03 9.736741e+03 1.439826e+04  
2.054117e-02 3.987289e+03 7.225136e+03 9.726999e+03 1.438304e+04  
2.082751e-02 3.983033e+03 7.216976e+03 9.715627e+03 1.436541e+04  
2.111783e-02 3.978113e+03 7.207604e+03 9.702618e+03 1.434534e+04  
2.141220e-02 3.972526e+03 7.197020e+03 9.687974e+03 1.432285e+04  
2.171068e-02 3.966273e+03 7.185222e+03 9.671691e+03 1.429793e+04  
2.201331e-02 3.959355e+03 7.172213e+03 9.653772e+03 1.427059e+04  
2.232016e-02 3.951775e+03 7.157997e+03 9.634225e+03 1.424083e+04  
2.263130e-02 3.943533e+03 7.142577e+03 9.613054e+03 1.420867e+04  
2.294676e-02 3.934629e+03 7.125951e+03 9.590254e+03 1.417409e+04  
2.326663e-02 3.925062e+03 7.108120e+03 9.565828e+03 1.413710e+04  
2.359095e-02 3.914837e+03 7.089089e+03 9.539783e+03 1.409772e+04  
2.391980e-02 3.903956e+03 7.068867e+03 9.512133e+03 1.405596e+04  
2.425323e-02 3.892426e+03 7.047462e+03 9.482886e+03 1.401183e+04  
2.459130e-02 3.880252e+03 7.024886e+03 9.452059e+03 1.396537e+04  
2.493409e-02 3.867441e+03 7.001152e+03 9.419671e+03 1.391660e+04  
2.528166e-02 3.853999e+03 6.976270e+03 9.385736e+03 1.386554e+04  
2.563407e-02 3.839931e+03 6.950251e+03 9.350267e+03 1.381221e+04  
2.599140e-02 3.825246e+03 6.923109e+03 9.313284e+03 1.375664e+04  
2.635371e-02 3.809955e+03 6.894867e+03 9.274818e+03 1.369887e+04  
2.672106e-02 3.794071e+03 6.865545e+03 9.234899e+03 1.363897e+04  
2.709354e-02 3.777606e+03 6.835169e+03 9.193558e+03 1.357696e+04  
2.747121e-02 3.760573e+03 6.803762e+03 9.150826e+03 1.351289e+04  
2.785414e-02 3.742982e+03 6.771339e+03 9.106729e+03 1.344681e+04  
2.824241e-02 3.724841e+03 6.737920e+03 9.061289e+03 1.337875e+04  
2.863610e-02 3.706163e+03 6.703524e+03 9.014533e+03 1.330875e+04  
2.903527e-02 3.686960e+03 6.668176e+03 8.966494e+03 1.323685e+04  
2.944000e-02 3.667249e+03 6.631906e+03 8.917216e+03 1.316313e+04  
2.985038e-02 3.647046e+03 6.594745e+03 8.866740e+03 1.308764e+04  
3.026648e-02 3.626370e+03 6.556723e+03 8.815104e+03 1.301045e+04  
3.068838e-02 3.605232e+03 6.517866e+03 8.762343e+03 1.293159e+04  
3.111616e-02 3.583648e+03 6.478201e+03 8.708498e+03 1.285115e+04  
3.154990e-02 3.561635e+03 6.437757e+03 8.653606e+03 1.276916e+04  
3.198969e-02 3.539210e+03 6.396566e+03 8.597709e+03 1.268569e+04  
3.243561e-02 3.516393e+03 6.354667e+03 8.540858e+03 1.260083e+04  
3.288774e-02 3.493208e+03 6.312102e+03 8.483117e+03 1.251466e+04  
3.334618e-02 3.469677e+03 6.268911e+03 8.424534e+03 1.242726e+04  
3.381101e-02 3.445815e+03 6.225121e+03 8.365147e+03 1.233867e+04  
3.428231e-02 3.421638e+03 6.180760e+03 8.304991e+03 1.224896e+04  
3.476019e-02 3.397162e+03 6.135862e+03 8.244121e+03 1.215821e+04  
3.524473e-02 3.372406e+03 6.090458e+03 8.182571e+03 1.206647e+04  
3.573602e-02 3.347390e+03 6.044584e+03 8.120390e+03 1.197381e+04  
3.623416e-02 3.322136e+03 5.998281e+03 8.057634e+03 1.188031e+04  
3.673925e-02 3.296667e+03 5.951594e+03 7.994369e+03 1.178608e+04  
3.725137e-02 3.270999e+03 5.904547e+03 7.930623e+03 1.169115e+04  
3.777064e-02 3.245146e+03 5.857165e+03 7.866429e+03 1.159557e+04  
3.829714e-02 3.219121e+03 5.809478e+03 7.801827e+03 1.149941e+04  
3.883098e-02 3.192943e+03 5.761517e+03 7.736865e+03 1.140274e+04  
3.937226e-02 3.166627e+03 5.713309e+03 7.671576e+03 1.130560e+04  
3.992109e-02 3.140192e+03 5.664890e+03 7.606005e+03 1.120806e+04  
4.047757e-02 3.113659e+03 5.616296e+03 7.540205e+03 1.111020e+04  
4.104181e-02 3.087039e+03 5.567550e+03 7.474208e+03 1.101208e+04  
4.161391e-02 3.060337e+03 5.518659e+03 7.408021e+03 1.091369e+04  
4.219398e-02 3.033560e+03 5.469636e+03 7.341662e+03 1.081507e+04  
4.278214e-02 3.006714e+03 5.420495e+03 7.275151e+03 1.071625e+04  
4.337850e-02 2.979808e+03 5.371251e+03 7.208511e+03 1.061726e+04  
4.398317e-02 2.952848e+03 5.321914e+03 7.141751e+03 1.051812e+04  
4.459628e-02 2.925842e+03 5.272497e+03 7.074890e+03 1.041885e+04  
4.521792e-02 2.898797e+03 5.223018e+03 7.007956e+03 1.031950e+04  
4.584824e-02 2.871722e+03 5.173492e+03 6.940968e+03 1.022011e+04  
4.648734e-02 2.844624e+03 5.123931e+03 6.873939e+03 1.012068e+04  
4.713535e-02 2.817512e+03 5.074350e+03 6.806891e+03 1.002124e+04  
4.779239e-02 2.790395e+03 5.024770e+03 6.739856e+03 9.921857e+03  
4.845859e-02 2.763282e+03 4.975205e+03 6.672852e+03 9.822555e+03  
4.913407e-02 2.736183e+03 4.925670e+03 6.605897e+03 9.723351e+03  
4.981898e-02 2.709095e+03 4.876165e+03 6.538991e+03 9.624246e+03  
5.051342e-02 2.682004e+03 4.826664e+03 6.472104e+03 9.525213e+03  
5.121755e-02 2.654886e+03 4.777127e+03 6.405180e+03 9.426159e+03  
5.193150e-02 2.627720e+03 4.727511e+03 6.338160e+03 9.326992e+03  
5.265540e-02 2.600480e+03 4.677771e+03 6.270985e+03 9.227626e+03  
5.338938e-02 2.573138e+03 4.627864e+03 6.203603e+03 9.128004e+03  
5.413360e-02 2.545665e+03 4.577733e+03 6.135933e+03 9.027989e+03  
5.488820e-02 2.518038e+03 4.527337e+03 6.067919e+03 8.927498e+03  
5.565331e-02 2.490260e+03 4.476683e+03 5.999571e+03 8.826546e+03  
5.642908e-02 2.462342e+03 4.425796e+03 5.930930e+03 8.725214e+03  
5.721568e-02 2.434291e+03 4.374685e+03 5.862004e+03 8.623493e+03  
5.801323e-02 2.406118e+03 4.323369e+03 5.792815e+03 8.521418e+03  
5.882190e-02 2.377832e+03 4.271867e+03 5.723391e+03 8.419031e+03  
5.964185e-02 2.349447e+03 4.220208e+03 5.653779e+03 8.316420e+03  
6.047322e-02 2.320966e+03 4.168395e+03 5.583976e+03 8.213559e+03  
6.131619e-02 2.292385e+03 4.116421e+03 5.513970e+03 8.110433e+03  
6.217090e-02 2.263698e+03 4.064274e+03 5.443751e+03 8.007029e+03  
6.303753e-02 2.234898e+03 4.011949e+03 5.373316e+03 7.903357e+03  
6.391624e-02 2.205975e+03 3.959424e+03 5.302628e+03 7.799345e+03  
6.480720e-02 2.176919e+03 3.906683e+03 5.231666e+03 7.694960e+03  
6.571058e-02 2.147725e+03 3.853717e+03 5.160423e+03 7.590196e+03  
6.662655e-02 2.118402e+03 3.800548e+03 5.088933e+03 7.485113e+03  
6.755528e-02 2.088965e+03 3.747198e+03 5.017216e+03 7.379725e+03  
6.849697e-02 2.059430e+03 3.693696e+03 4.945311e+03 7.274088e+03  
6.945178e-02 2.029813e+03 3.640075e+03 4.873269e+03 7.168285e+03  
7.041990e-02 2.000133e+03 3.586371e+03 4.801139e+03 7.062394e+03  
7.140151e-02 1.970414e+03 3.532621e+03 4.728967e+03 6.956466e+03  
7.239681e-02 1.940692e+03 3.478894e+03 4.656842e+03 6.850635e+03  
7.340598e-02 1.911012e+03 3.425269e+03 4.584878e+03 6.745077e+03  
7.442922e-02 1.881416e+03 3.371827e+03 4.513182e+03 6.639955e+03  
7.546673e-02 1.851953e+03 3.318650e+03 4.441858e+03 6.535409e+03  
7.651869e-02 1.822673e+03 3.265823e+03 4.371024e+03 6.431613e+03  
7.758532e-02 1.793616e+03 3.213427e+03 4.300791e+03 6.328747e+03  
7.866682e-02 1.764819e+03 3.161526e+03 4.231244e+03 6.226933e+03  
7.976339e-02 1.736323e+03 3.110187e+03 4.162470e+03 6.126291e+03  
8.087525e-02 1.708169e+03 3.059485e+03 4.094568e+03 6.026968e+03  
8.200261e-02 1.680398e+03 3.009498e+03 4.027651e+03 5.929151e+03  
8.314568e-02 1.653024e+03 2.960247e+03 3.961743e+03 5.832865e+03  
8.430468e-02 1.626050e+03 2.911734e+03 3.896843e+03 5.738102e+03  
8.547985e-02 1.599477e+03 2.863962e+03 3.832955e+03 5.644871e+03  
8.667139e-02 1.573308e+03 2.816942e+03 3.770102e+03 5.553222e+03  
8.787954e-02 1.547540e+03 2.770665e+03 3.708266e+03 5.463118e+03  
8.910453e-02 1.522172e+03 2.725124e+03 3.647437e+03 5.374537e+03  
9.034660e-02 1.497200e+03 2.680312e+03 3.587604e+03 5.287465e+03  
9.160598e-02 1.472618e+03 2.636229e+03 3.528777e+03 5.201936e+03  
9.288292e-02 1.448420e+03 2.592855e+03 3.470919e+03 5.117880e+03  
9.417766e-02 1.424607e+03 2.550191e+03 3.414033e+03 5.035296e+03  
9.549045e-02 1.401184e+03 2.508245e+03 3.358129e+03 4.954202e+03  
9.682153e-02 1.378157e+03 2.467035e+03 3.303240e+03 4.874670e+03  
9.817117e-02 1.355525e+03 2.426553e+03 3.249345e+03 4.796647e+03  
9.953962e-02 1.333275e+03 2.386774e+03 3.196413e+03 4.720087e+03  
1.009272e-01 1.311386e+03 2.347660e+03 3.144392e+03 4.644914e+03  
1.023340e-01 1.289831e+03 2.309172e+03 3.093237e+03 4.571078e+03  
1.037605e-01 1.268578e+03 2.271245e+03 3.042851e+03 4.498413e+03  
1.052069e-01 1.247580e+03 2.233794e+03 2.993122e+03 4.426747e+03  
1.066734e-01 1.226779e+03 2.196720e+03 2.943917e+03 4.355880e+03  
1.081604e-01 1.206113e+03 2.159916e+03 2.895095e+03 4.285613e+03  
1.096681e-01 1.185520e+03 2.123268e+03 2.846498e+03 4.215679e+03  
1.111968e-01 1.164969e+03 2.086722e+03 2.798048e+03 4.145962e+03  
1.127468e-01 1.144435e+03 2.050233e+03 2.749689e+03 4.076375e+03  
1.143184e-01 1.123889e+03 2.013756e+03 2.701361e+03 4.006829e+03  
1.159120e-01 1.103331e+03 1.977282e+03 2.653047e+03 3.937280e+03  
1.175277e-01 1.082789e+03 1.940864e+03 2.604814e+03 3.867825e+03  
1.191660e-01 1.062295e+03 1.904559e+03 2.556744e+03 3.798596e+03  
1.208271e-01 1.041883e+03 1.868428e+03 2.508918e+03 3.729714e+03  
1.225114e-01 1.021589e+03 1.832529e+03 2.461409e+03 3.661276e+03  
1.242191e-01 1.001452e+03 1.796931e+03 2.414309e+03 3.593423e+03  
1.259506e-01 9.815154e+02 1.761715e+03 2.367731e+03 3.526335e+03  
1.277063e-01 9.618254e+02 1.726959e+03 2.321779e+03 3.460169e+03  
1.294865e-01 9.424186e+02 1.692724e+03 2.276531e+03 3.395038e+03  
1.312915e-01 9.233227e+02 1.659059e+03 2.232053e+03 3.331040e+03  
1.331216e-01 9.045675e+02 1.626018e+03 2.188424e+03 3.268312e+03  
1.349772e-01 8.861812e+02 1.593650e+03 2.145705e+03 3.206943e+03  
1.368587e-01 8.681827e+02 1.561984e+03 2.103934e+03 3.146985e+03  
1.387665e-01 8.505855e+02 1.531043e+03 2.063141e+03 3.088490e+03  
1.407008e-01 8.334044e+02 1.500857e+03 2.023374e+03 3.031541e+03  
1.426621e-01 8.166446e+02 1.471431e+03 1.984634e+03 2.976138e+03  
1.446507e-01 8.002904e+02 1.442736e+03 1.946880e+03 2.922212e+03  
1.466671e-01 7.843212e+02 1.414733e+03 1.910061e+03 2.869686e+03  
1.487115e-01 7.687156e+02 1.387390e+03 1.874138e+03 2.818512e+03  
1.507845e-01 7.534517e+02 1.360664e+03 1.839046e+03 2.768579e+03  
1.528864e-01 7.385087e+02 1.334516e+03 1.804732e+03 2.719803e+03  
1.550175e-01 7.238638e+02 1.308905e+03 1.771140e+03 2.672096e+03  
1.571784e-01 7.094953e+02 1.283799e+03 1.738232e+03 2.625407e+03  
1.593694e-01 6.953776e+02 1.259145e+03 1.705929e+03 2.579606e+03  
1.615909e-01 6.814839e+02 1.234897e+03 1.674167e+03 2.534586e+03  
1.638434e-01 6.677857e+02 1.211003e+03 1.642877e+03 2.490237e+03  
1.661273e-01 6.542538e+02 1.187416e+03 1.611997e+03 2.446467e+03  
1.684430e-01 6.408528e+02 1.164069e+03 1.581429e+03 2.403110e+03  
1.707910e-01 6.275690e+02 1.140937e+03 1.551138e+03 2.360107e+03  
1.731717e-01 6.144157e+02 1.118042e+03 1.521155e+03 2.317508e+03  
1.755856e-01 6.014091e+02 1.095417e+03 1.491525e+03 2.275385e+03  
1.780332e-01 5.885676e+02 1.073089e+03 1.462282e+03 2.233786e+03  
1.805149e-01 5.759154e+02 1.051099e+03 1.433483e+03 2.192803e+03  
1.830312e-01 5.634772e+02 1.029491e+03 1.405187e+03 2.152533e+03  
1.855825e-01 5.512665e+02 1.008291e+03 1.377433e+03 2.113035e+03  
1.881694e-01 5.392897e+02 9.875065e+02 1.350225e+03 2.074321e+03  
1.907924e-01 5.275563e+02 9.671525e+02 1.323587e+03 2.036426e+03  
1.934520e-01 5.160807e+02 9.472560e+02 1.297556e+03 1.999412e+03  
1.961486e-01 5.048771e+02 9.278425e+02 1.272168e+03 1.963339e+03  
1.988828e-01 4.939495e+02 9.089156e+02 1.247426e+03 1.928214e+03  
2.016551e-01 4.832958e+02 8.904712e+02 1.223325e+03 1.894032e+03  
2.044661e-01 4.729083e+02 8.724971e+02 1.199849e+03 1.860766e+03  
2.073162e-01 4.627624e+02 8.549500e+02 1.176938e+03 1.828320e+03  
2.102061e-01 4.528297e+02 8.377769e+02 1.154518e+03 1.796576e+03  
2.131362e-01 4.430937e+02 8.209487e+02 1.132550e+03 1.765468e+03  
2.161073e-01 4.335440e+02 8.044486e+02 1.111009e+03 1.734956e+03  
2.191197e-01 4.241708e+02 7.882580e+02 1.089871e+03 1.704999e+03  
2.221741e-01 4.149665e+02 7.723620e+02 1.069113e+03 1.675564e+03  
2.252711e-01 4.059240e+02 7.567475e+02 1.048718e+03 1.646622e+03  
2.284112e-01 3.970378e+02 7.414064e+02 1.028675e+03 1.618148e+03  
2.315951e-01 3.883029e+02 7.263285e+02 1.008968e+03 1.590123e+03  
2.348235e-01 3.797257e+02 7.115235e+02 9.896117e+02 1.562574e+03  
2.380968e-01 3.713163e+02 6.970091e+02 9.706310e+02 1.535540e+03  
2.414157e-01 3.630896e+02 6.828133e+02 9.520639e+02 1.509081e+03  
2.447809e-01 3.550557e+02 6.689519e+02 9.339336e+02 1.483242e+03  
2.481930e-01 3.472029e+02 6.554038e+02 9.162112e+02 1.457979e+03  
2.516527e-01 3.395148e+02 6.421396e+02 8.988559e+02 1.433224e+03  
2.551606e-01 3.319924e+02 6.291626e+02 8.818707e+02 1.408975e+03  
2.587174e-01 3.246397e+02 6.164780e+02 8.652647e+02 1.385256e+03  
2.623238e-01 3.174619e+02 6.040951e+02 8.490518e+02 1.362095e+03  
2.659804e-01 3.104603e+02 5.920156e+02 8.332348e+02 1.339497e+03  
2.696881e-01 3.036224e+02 5.802185e+02 8.177817e+02 1.317399e+03  
2.734474e-01 2.969296e+02 5.686696e+02 8.026476e+02 1.295738e+03  
2.772591e-01 2.903652e+02 5.573393e+02 7.877913e+02 1.274446e+03  
2.811239e-01 2.839275e+02 5.462246e+02 7.732083e+02 1.253514e+03  
2.850426e-01 2.776315e+02 5.353520e+02 7.589340e+02 1.232995e+03  
2.890160e-01 2.714796e+02 5.247253e+02 7.449769e+02 1.212916e+03  
2.930447e-01 2.654675e+02 5.143372e+02 7.313271e+02 1.193263e+03  
2.971296e-01 2.595865e+02 5.041718e+02 7.179618e+02 1.173994e+03  
3.012714e-01 2.538316e+02 4.942201e+02 7.048668e+02 1.155080e+03  
3.054710e-01 2.482036e+02 4.844839e+02 6.920479e+02 1.136544e+03  
3.097291e-01 2.427088e+02 4.749739e+02 6.795207e+02 1.118413e+03  
3.140465e-01 2.373504e+02 4.656961e+02 6.672928e+02 1.100698e+03  
3.184242e-01 2.321179e+02 4.566310e+02 6.553360e+02 1.083348e+03  
3.228628e-01 2.270005e+02 4.477604e+02 6.436274e+02 1.066334e+03  
3.273634e-01 2.219941e+02 4.390770e+02 6.321572e+02 1.049642e+03  
3.319266e-01 2.171031e+02 4.305879e+02 6.209340e+02 1.033282e+03  
3.365535e-01 2.123299e+02 4.222972e+02 6.099639e+02 1.017264e+03  
3.412449e-01 2.076703e+02 4.141984e+02 5.992404e+02 1.001587e+03  
3.460016e-01 2.031126e+02 4.062707e+02 5.887344e+02 9.862029e+02  
3.508247e-01 1.986555e+02 3.985108e+02 5.784393e+02 9.710939e+02  
3.557150e-01 1.943036e+02 3.909275e+02 5.683686e+02 9.562865e+02  
3.606735e-01 1.900578e+02 3.835227e+02 5.585275e+02 9.417984e+02  
3.657011e-01 1.859139e+02 3.762891e+02 5.489062e+02 9.276140e+02  
3.707988e-01 1.818655e+02 3.692146e+02 5.394850e+02 9.136916e+02  
3.759675e-01 1.779090e+02 3.622929e+02 5.302568e+02 9.000256e+02  
3.812083e-01 1.740489e+02 3.555332e+02 5.212368e+02 8.866485e+02  
3.865221e-01 1.702823e+02 3.489301e+02 5.124177e+02 8.735495e+02  
3.919100e-01 1.666037e+02 3.424726e+02 5.037810e+02 8.606878e+02  
3.973730e-01 1.630098e+02 3.361559e+02 4.953228e+02 8.480656e+02  
4.029122e-01 1.595015e+02 3.299821e+02 4.870475e+02 8.356955e+02  
4.085286e-01 1.560791e+02 3.239522e+02 4.789570e+02 8.235819e+02  
4.142232e-01 1.527388e+02 3.180572e+02 4.710353e+02 8.116881e+02  
4.199973e-01 1.494752e+02 3.122894e+02 4.632752e+02 8.000123e+02  
4.258518e-01 1.462896e+02 3.066517e+02 4.556814e+02 7.885662e+02  
4.317880e-01 1.431835e+02 3.011467e+02 4.482584e+02 7.773587e+02  
4.378069e-01 1.401518e+02 2.957631e+02 4.409867e+02 7.663461e+02  
4.439097e-01 1.371912e+02 2.904978e+02 4.338659e+02 7.555405e+02  
4.500975e-01 1.343011e+02 2.853495e+02 4.268948e+02 7.449418e+02  
4.563716e-01 1.314832e+02 2.803212e+02 4.200779e+02 7.345578e+02  
4.627332e-01 1.287317e+02 2.754008e+02 4.133949e+02 7.243458e+02  
4.691835e-01 1.260452e+02 2.705884e+02 4.068500e+02 7.143248e+02  
4.757236e-01 1.234236e+02 2.658835e+02 4.004431e+02 7.044956e+02  
4.823549e-01 1.208666e+02 2.612855e+02 3.941729e+02 6.948551e+02  
4.890787e-01 1.183696e+02 2.567848e+02 3.880237e+02 6.853718e+02  
4.958962e-01 1.159312e+02 2.523810e+02 3.819985e+02 6.760601e+02  
5.028087e-01 1.135534e+02 2.480780e+02 3.761032e+02 6.669310e+02  
5.098176e-01 1.112330e+02 2.438692e+02 3.703277e+02 6.579658e+02  
5.169242e-01 1.089655e+02 2.397458e+02 3.646584e+02 6.491388e+02  
5.241298e-01 1.067541e+02 2.357154e+02 3.591090e+02 6.404807e+02  
5.314359e-01 1.045963e+02 2.317740e+02 3.536738e+02 6.319828e+02  
5.388438e-01 1.024882e+02 2.279133e+02 3.483407e+02 6.236221e+02  
5.463550e-01 1.004304e+02 2.241344e+02 3.431104e+02 6.153996e+02  
5.539709e-01 9.842314e+01 2.204391e+02 3.379879e+02 6.073291e+02  
5.616930e-01 9.646135e+01 2.168187e+02 3.329610e+02 5.993911e+02  
5.695227e-01 9.454733e+01 2.132760e+02 3.280328e+02 5.915878e+02  
5.774615e-01 9.267943e+01 2.098085e+02 3.231997e+02 5.839145e+02  
5.855110e-01 9.085416e+01 2.064111e+02 3.184565e+02 5.763666e+02  
5.936727e-01 8.907353e+01 2.030875e+02 3.138085e+02 5.689534e+02  
6.019482e-01 8.733468e+01 1.998315e+02 3.092456e+02 5.616552e+02  
6.103390e-01 8.563578e+01 1.966403e+02 3.047649e+02 5.544694e+02  
6.188468e-01 8.397773e+01 1.935167e+02 3.003713e+02 5.474069e+02  
6.274732e-01 8.235858e+01 1.904572e+02 2.960601e+02 5.404606e+02  
6.362198e-01 8.077721e+01 1.874584e+02 2.918254e+02 5.336176e+02  
6.450884e-01 7.923375e+01 1.845216e+02 2.876700e+02 5.268854e+02  
6.540806e-01 7.772568e+01 1.816431e+02 2.835895e+02 5.202587e+02  
6.631981e-01 7.625238e+01 1.788219e+02 2.795827e+02 5.137358e+02  
6.724427e-01 7.481363e+01 1.760560e+02 2.756455e+02 5.073073e+02  
6.818162e-01 7.340848e+01 1.733452e+02 2.717790e+02 5.009779e+02  
6.913204e-01 7.203585e+01 1.706880e+02 2.679815e+02 4.947461e+02  
7.009570e-01 7.069460e+01 1.680824e+02 2.642505e+02 4.886081e+02  
7.107280e-01 6.938398e+01 1.655257e+02 2.605807e+02 4.825527e+02  
7.206351e-01 6.810332e+01 1.630181e+02 2.569742e+02 4.765866e+02  
7.306804e-01 6.685184e+01 1.605587e+02 2.534297e+02 4.707080e+02  
7.408657e-01 6.562872e+01 1.581460e+02 2.499452e+02 4.649140e+02  
7.511929e-01 6.443320e+01 1.557771e+02 2.465158e+02 4.591945e+02  
7.616642e-01 6.326450e+01 1.534524e+02 2.431434e+02 4.535555e+02  
7.722814e-01 6.212173e+01 1.511704e+02 2.398260e+02 4.479940e+02  
7.830465e-01 6.100423e+01 1.489299e+02 2.365617e+02 4.425068e+02  
7.939618e-01 5.991135e+01 1.467287e+02 2.333471e+02 4.370873e+02  
8.050292e-01 5.884257e+01 1.445672e+02 2.301836e+02 4.317398e+02  
8.162509e-01 5.779720e+01 1.424444e+02 2.270699e+02 4.264623e+02  
8.276289e-01 5.677469e+01 1.403589e+02 2.240041e+02 4.212515e+02  
8.391656e-01 5.577439e+01 1.383091e+02 2.209835e+02 4.161025e+02  
8.508632e-01 5.479575e+01 1.362950e+02 2.180090e+02 4.110182e+02  
8.627237e-01 5.383818e+01 1.343158e+02 2.150793e+02 4.059965e+02  
8.747496e-01 5.290117e+01 1.323701e+02 2.121925e+02 4.010341e+02  
8.869432e-01 5.198412e+01 1.304566e+02 2.093467e+02 3.961280e+02  
8.993067e-01 5.108654e+01 1.285753e+02 2.065424e+02 3.912796e+02  
9.118425e-01 5.020795e+01 1.267255e+02 2.037786e+02 3.864874e+02  
9.245531e-01 4.934781e+01 1.249056e+02 2.010532e+02 3.817478e+02  
9.374409e-01 4.850554e+01 1.231149e+02 1.983649e+02 3.770589e+02  
9.505083e-01 4.768072e+01 1.213531e+02 1.957139e+02 3.724214e+02  
9.637579e-01 4.687292e+01 1.196194e+02 1.930991e+02 3.678339e+02  
9.771921e-01 4.608156e+01 1.179126e+02 1.905187e+02 3.632929e+02  
9.908137e-01 4.530616e+01 1.162319e+02 1.879717e+02 3.587975e+02  
1.004625e+00 4.454638e+01 1.145772e+02 1.854582e+02 3.543478e+02  
1.018629e+00 4.380186e+01 1.129479e+02 1.829774e+02 3.499426e+02  
1.032828e+00 4.307207e+01 1.113426e+02 1.805274e+02 3.455788e+02  
1.047225e+00 4.235665e+01 1.097611e+02 1.781079e+02 3.412561e+02  
1.061823e+00 4.165534e+01 1.082032e+02 1.757188e+02 3.369745e+02  
1.076624e+00 4.096779e+01 1.066682e+02 1.733594e+02 3.327328e+02  
1.091632e+00 4.029347e+01 1.051549e+02 1.710278e+02 3.285281e+02  
1.106848e+00 3.963214e+01 1.036633e+02 1.687240e+02 3.243607e+02  
1.122277e+00 3.898353e+01 1.021930e+02 1.664479e+02 3.202300e+02  
1.137921e+00 3.834729e+01 1.007435e+02 1.641987e+02 3.161351e+02  
1.153783e+00 3.772291e+01 9.931359e+01 1.619746e+02 3.120734e+02  
1.169866e+00 3.711022e+01 9.790337e+01 1.597760e+02 3.080453e+02  
1.186174e+00 3.650896e+01 9.651247e+01 1.576024e+02 3.040503e+02  
1.202708e+00 3.591881e+01 9.514040e+01 1.554533e+02 3.000874e+02  
1.219473e+00 3.533928e+01 9.378603e+01 1.533271e+02 2.961545e+02  
1.236472e+00 3.477032e+01 9.244966e+01 1.512242e+02 2.922523e+02  
1.253708e+00 3.421166e+01 9.113089e+01 1.491443e+02 2.883801e+02  
1.271184e+00 3.366302e+01 8.982924e+01 1.470866e+02 2.845369e+02  
1.288904e+00 3.312401e+01 8.854387e+01 1.450502e+02 2.807215e+02  
1.306870e+00 3.259455e+01 8.727497e+01 1.430352e+02 2.769342e+02  
1.325087e+00 3.207440e+01 8.602214e+01 1.410424e+02 2.731743e+02  
1.343558e+00 3.156325e+01 8.478490e+01 1.390690e+02 2.694411e+02  
1.362287e+00 3.106083e+01 8.356267e+01 1.371152e+02 2.657338e+02  
1.381276e+00 3.056705e+01 8.235555e+01 1.351814e+02 2.621146e+02  
1.400531e+00 3.008170e+01 8.116319e+01 1.332670e+02 2.583968e+02  
1.420053e+00 2.960450e+01 7.998516e+01 1.313716e+02 2.547661e+02  
1.439848e+00 2.913524e+01 7.882106e+01 1.294946e+02 2.511599e+02  
1.459919e+00 2.867380e+01 7.767085e+01 1.276361e+02 2.475782e+02  
1.480269e+00 2.821997e+01 7.653424e+01 1.257958e+02 2.440207e+02  
1.500903e+00 2.777352e+01 7.541084e+01 1.239731e+02 2.404871e+02  
1.521825e+00 2.733426e+01 7.430036e+01 1.221677e+02 2.369771e+02  
1.543038e+00 2.690210e+01 7.320276e+01 1.203796e+02 2.334907e+02  
1.564548e+00 2.647686e+01 7.211778e+01 1.186086e+02 2.300278e+02  
1.586357e+00 2.605834e+01 7.104509e+01 1.168543e+02 2.265881e+02  
1.608469e+00 2.564639e+01 6.998451e+01 1.151164e+02 2.231717e+02  
1.630891e+00 2.524093e+01 6.893596e+01 1.133950e+02 2.197785e+02  
1.653624e+00 2.484180e+01 6.789922e+01 1.116897e+02 2.164086e+02  
1.676675e+00 2.444879e+01 6.687398e+01 1.100002e+02 2.130619e+02  
1.700047e+00 2.406180e+01 6.586011e+01 1.083265e+02 2.097384e+02  
1.723745e+00 2.368069e+01 6.485750e+01 1.066684e+02 2.064384e+02  
1.747773e+00 2.330537e+01 6.387062e+01 1.050258e+02 2.031618e+02  
1.772136e+00 2.293564e+01 6.287970e+01 1.033984e+02 1.999088e+02  
1.796838e+00 2.257142e+01 6.191534e+01 1.017862e+02 1.966796e+02  
1.821885e+00 2.221262e+01 6.095604e+01 1.001891e+02 1.934743e+02  
1.847281e+00 2.185914e+01 6.000726e+01 9.860686e+01 1.902933e+02  
1.873032e+00 2.151079e+01 5.906874e+01 9.703942e+01 1.871365e+02  
1.899141e+00 2.116752e+01 5.814044e+01 9.548670e+01 1.840044e+02  
1.925614e+00 2.082924e+01 5.722226e+01 9.394864e+01 1.808971e+02  
1.952456e+00 2.049585e+01 5.631410e+01 9.242516e+01 1.778150e+02  
1.979672e+00 2.016717e+01 5.541573e+01 9.091611e+01 1.747583e+02  
2.007267e+00 1.984321e+01 5.452715e+01 8.942149e+01 1.717273e+02  
2.035248e+00 1.952387e+01 5.364826e+01 8.794126e+01 1.687224e+02  
2.063618e+00 1.920906e+01 5.277895e+01 8.647535e+01 1.657438e+02  
2.092383e+00 1.889862e+01 5.191906e+01 8.502212e+01 1.627919e+02  
2.121550e+00 1.859254e+01 5.106857e+01 8.358465e+01 1.598670e+02  
2.151123e+00 1.829074e+01 5.022742e+01 8.216141e+01 1.569695e+02  
2.181109e+00 1.799314e+01 4.939429e+01 8.075234e+01 1.540997e+02  
2.211512e+00 1.769961e+01 4.857144e+01 7.935740e+01 1.512579e+02  
2.242340e+00 1.741014e+01 4.775769e+01 7.797662e+01 1.484444e+02  
2.273597e+00 1.712466e+01 4.695296e+01 7.660999e+01 1.456597e+02  
2.305289e+00 1.684309e+01 4.615717e+01 7.525749e+01 1.429041e+02  
2.337424e+00 1.656534e+01 4.537023e+01 7.391900e+01 1.401778e+02  
2.370006e+00 1.629138e+01 4.459212e+01 7.259476e+01 1.374812e+02  
2.403043e+00 1.602115e+01 4.382278e+01 7.128467e+01 1.348146e+02  
2.436540e+00 1.575458e+01 4.306214e+01 6.998873e+01 1.321783e+02  
2.470504e+00 1.549159e+01 4.231014e+01 6.870695e+01 1.295726e+02  
2.504942e+00 1.523216e+01 4.156675e+01 6.743936e+01 1.269978e+02  
2.539859e+00 1.497613e+01 4.083192e+01 6.618599e+01 1.244541e+02  
2.575263e+00 1.472374e+01 4.010559e+01 6.494683e+01 1.219418e+02  
2.611161e+00 1.447464e+01 3.938773e+01 6.372192e+01 1.194611e+02  
2.647559e+00 1.422889e+01 3.867830e+01 6.251138e+01 1.170122e+02  
2.684465e+00 1.398644e+01 3.797726e+01 6.131503e+01 1.145954e+02  
2.721885e+00 1.374723e+01 3.728456e+01 6.013300e+01 1.122109e+02  
2.759826e+00 1.351123e+01 3.660018e+01 5.896531e+01 1.098587e+02  
2.798297e+00 1.327841e+01 3.592407e+01 5.781199e+01 1.075390e+02  
2.837304e+00 1.304876e+01 3.525766e+01 5.667305e+01 1.052520e+02  
2.876854e+00 1.282213e+01 3.459802e+01 5.554853e+01 1.029978e+02  
2.916956e+00 1.259855e+01 3.394657e+01 5.443843e+01 1.007764e+02  
2.957617e+00 1.237798e+01 3.330328e+01 5.334278e+01 9.858803e+01  
2.998844e+00 1.216037e+01 3.266811e+01 5.226380e+01 9.643260e+01  
3.040646e+00 1.194570e+01 3.204104e+01 5.119710e+01 9.431018e+01  
3.083031e+00 1.173392e+01 3.142203e+01 5.014488e+01 9.222080e+01  
3.126007e+00 1.152500e+01 3.081107e+01 4.910716e+01 9.016443e+01  
3.169582e+00 1.131892e+01 3.020813e+01 4.808394e+01 8.814107e+01  
3.213764e+00 1.111563e+01 2.961317e+01 4.707521e+01 8.615064e+01  
3.258562e+00 1.091511e+01 2.902622e+01 4.608098e+01 8.419311e+01  
3.303985e+00 1.071733e+01 2.844560e+01 4.509894e+01 8.226838e+01  
3.350041e+00 1.052226e+01 2.787445e+01 4.413365e+01 8.037636e+01  
3.396739e+00 1.032986e+01 2.731119e+01 4.318283e+01 7.851692e+01  
3.444087e+00 1.014011e+01 2.675579e+01 4.224644e+01 7.668994e+01  
3.492096e+00 9.952982e+00 2.620823e+01 4.132446e+01 7.489526e+01  
3.540774e+00 9.768450e+00 2.566853e+01 4.041687e+01 7.313273e+01  
3.590130e+00 9.586434e+00 2.513656e+01 3.952361e+01 7.140214e+01  
3.640175e+00 9.407008e+00 2.461234e+01 3.864466e+01 6.970332e+01  
3.690917e+00 9.230100e+00 2.409585e+01 3.777997e+01 6.803606e+01  
3.742366e+00 9.055684e+00 2.358705e+01 3.692948e+01 6.640012e+01  
3.794533e+00 8.883730e+00 2.308591e+01 3.609313e+01 6.479527e+01  
3.847427e+00 8.714219e+00 2.259241e+01 3.527087e+01 6.322125e+01  
3.901058e+00 8.547129e+00 2.210651e+01 3.446263e+01 6.167782e+01  
3.955436e+00 8.382434e+00 2.162817e+01 3.366833e+01 6.016469e+01  
4.010573e+00 8.220110e+00 2.115737e+01 3.288790e+01 5.868158e+01  
4.066478e+00 8.060137e+00 2.069406e+01 3.212126e+01 5.722819e+01  
4.123163e+00 7.902494e+00 2.023821e+01 3.136831e+01 5.580422e+01  
4.180637e+00 7.747157e+00 1.978978e+01 3.062897e+01 5.440936e+01  
4.238913e+00 7.594103e+00 1.935031e+01 2.990314e+01 5.304328e+01  
4.298001e+00 7.443314e+00 1.891500e+01 2.919071e+01 5.170565e+01  
4.357913e+00 7.294769e+00 1.848857e+01 2.849159e+01 5.039613e+01  
4.418660e+00 7.148446e+00 1.806938e+01 2.780565e+01 4.911439e+01  
4.480254e+00 7.004324e+00 1.765891e+01 2.713280e+01 4.786006e+01  
4.542706e+00 6.862384e+00 1.725407e+01 2.647289e+01 4.663279e+01  
4.606029e+00 6.722608e+00 1.685632e+01 2.582583e+01 4.543222e+01  
4.670234e+00 6.584973e+00 1.646563e+01 2.519147e+01 4.425694e+01  
4.735335e+00 6.449460e+00 1.608193e+01 2.456970e+01 4.310867e+01  
4.801343e+00 6.316075e+00 1.570516e+01 2.396037e+01 4.198597e+01  
4.868271e+00 6.184750e+00 1.533528e+01 2.336336e+01 4.088848e+01  
4.936132e+00 6.055490e+00 1.497223e+01 2.277852e+01 3.981580e+01  
5.004939e+00 5.928276e+00 1.461594e+01 2.220571e+01 3.876755e+01  
5.074705e+00 5.803091e+00 1.426635e+01 2.164672e+01 3.774336e+01  
5.145444e+00 5.679915e+00 1.392339e+01 2.109751e+01 3.674283e+01  
5.217169e+00 5.558728e+00 1.358564e+01 2.055990e+01 3.576556e+01  
5.289893e+00 5.439514e+00 1.325579e+01 2.003374e+01 3.481118e+01  
5.363631e+00 5.322253e+00 1.293238e+01 1.951886e+01 3.387929e+01  
5.438397e+00 5.206759e+00 1.261535e+01 1.901513e+01 3.296950e+01  
5.514206e+00 5.093506e+00 1.230461e+01 1.852238e+01 3.208142e+01  
5.591071e+00 4.981998e+00 1.200011e+01 1.804046e+01 3.121446e+01  
5.669007e+00 4.872371e+00 1.170178e+01 1.756921e+01 3.036863e+01  
5.748030e+00 4.764607e+00 1.140953e+01 1.710847e+01 2.954335e+01  
5.828155e+00 4.658700e+00 1.112329e+01 1.665808e+01 2.873945e+01  
5.909396e+00 4.554608e+00 1.084299e+01 1.621788e+01 2.795287e+01  
5.991770e+00 4.452324e+00 1.056855e+01 1.578772e+01 2.718693e+01  
6.075292e+00 4.351832e+00 1.030110e+01 1.536743e+01 2.643999e+01  
6.159978e+00 4.253113e+00 1.003814e+01 1.495685e+01 2.571170e+01  
6.245845e+00 4.156149e+00 9.779668e+00 1.455582e+01 2.500167e+01  
6.332908e+00 4.060923e+00 9.527914e+00 1.416418e+01 2.430953e+01  
6.421186e+00 3.967416e+00 9.281635e+00 1.378177e+01 2.363493e+01  
6.510694e+00 3.875610e+00 9.040750e+00 1.340842e+01 2.297749e+01  
6.601449e+00 3.785490e+00 8.805180e+00 1.304399e+01 2.233685e+01  
6.693470e+00 3.697031e+00 8.574845e+00 1.268699e+01 2.171267e+01  
6.786773e+00 3.610221e+00 8.349664e+00 1.234119e+01 2.110457e+01  
6.881377e+00 3.525041e+00 8.129557e+00 1.200252e+01 2.051223e+01  
6.977300e+00 3.441471e+00 7.914444e+00 1.167212e+01 1.993529e+01  
7.074559e+00 3.359495e+00 7.704244e+00 1.134984e+01 1.937341e+01  
7.173175e+00 3.279075e+00 7.498876e+00 1.103552e+01 1.882627e+01  
7.273165e+00 3.200239e+00 7.298260e+00 1.072900e+01 1.829351e+01  
7.374549e+00 3.122931e+00 7.102747e+00 1.043014e+01 1.777483e+01  
7.477346e+00 3.047125e+00 6.911386e+00 1.013878e+01 1.726990e+01  
7.581576e+00 2.972839e+00 6.724537e+00 9.854773e+00 1.677840e+01  
7.687260e+00 2.900034e+00 6.542119e+00 9.577966e+00 1.630089e+01  
7.794416e+00 2.828694e+00 6.364053e+00 9.308213e+00 1.583445e+01  
7.903066e+00 2.758798e+00 6.190261e+00 9.045369e+00 1.538139e+01  
8.013230e+00 2.690330e+00 6.020602e+00 8.789287e+00 1.494054e+01  
8.124930e+00 2.623269e+00 5.855183e+00 8.539826e+00 1.451161e+01  
8.238187e+00 2.557597e+00 5.693742e+00 8.296844e+00 1.409431e+01  
8.353023e+00 2.493296e+00 5.536264e+00 8.060201e+00 1.368837e+01  
8.469460e+00 2.430345e+00 5.382672e+00 7.829760e+00 1.329350e+01  
8.587519e+00 2.368727e+00 5.232891e+00 7.604665e+00 1.290943e+01  
8.707225e+00 2.308423e+00 5.086844e+00 7.386946e+00 1.253589e+01  
8.828599e+00 2.249414e+00 4.944458e+00 7.174299e+00 1.217263e+01  
8.951665e+00 2.191679e+00 4.805660e+00 6.967319e+00 1.181938e+01  
9.076446e+00 2.135187e+00 4.670377e+00 6.765871e+00 1.147590e+01  
9.202967e+00 2.079962e+00 4.538535e+00 6.569843e+00 1.114193e+01  
9.331251e+00 2.025941e+00 4.410065e+00 6.379102e+00 1.081725e+01  
9.461324e+00 1.973120e+00 4.284894e+00 6.193525e+00 1.050160e+01  
9.593209e+00 1.921479e+00 4.162759e+00 6.012990e+00 1.019476e+01  
9.726934e+00 1.871001e+00 4.037303e+00 5.837380e+00 9.896500e+00  
9.862522e+00 1.821665e+00 3.928296e+00 5.666575e+00 9.606599e+00  
1.000000e+01 1.773454e+00 3.815637e+00 5.500462e+00 9.324839e+00  
